Thumb: 32.9554 91.7207 1121.92
Index: -64.5745 28.1944 1098.23
Middle: -101.42 40.8207 1097.63
Ring: -124.543 62.0639 1082.41
Little: -141.773 103.039 1080.87
Thumb: 13.5638 78.3027 1106.57
Index: -79.0102 31.2399 1086.84
Middle: -103.179 46.8578 1112.39
Ring: -119.751 58.5751 1085.61
Little: -128.023 97.7321 1093.05
Thumb: 25.7633 84.2468 1108.1
Index: -75.0271 26.4243 1094.77
Middle: -100.042 39.1079 1117.95
Ring: -78.9884 118.651 1156.97
Little: -118.147 80.6332 1094.86
Thumb: 25.6131 83.868 1108.01
Index: -76.4088 26.2639 1091.89
Middle: -98.2025 46.2107 1123.94
Ring: -84.6549 112.747 1157.81
Little: -119.538 81.02 1097.13
Thumb: 25.4714 83.2429 1104.86
Index: -80.7833 28.965 1088.9
Middle: -102.012 46.7651 1107.08
Ring: -85.8994 110.089 1157.1
Little: -122.432 84.4094 1095.58
Thumb: 16.3592 85.4314 1103.74
Index: -81.22 31.7765 1085.07
Middle: -104.502 46.0438 1096.55
Ring: -85.6717 108.419 1157.04
Little: -119.053 85.7441 1093.21
Thumb: 23.5406 85.3853 1108.3
Index: -85.6888 31.2719 1102.07
Middle: -108.135 42.0503 1098.91
Ring: -84.8279 113.833 1162.1
Little: -124.238 86.981 1103.39
Thumb: 5.40975 79.1736 1107.78
Index: -91.3527 29.7778 1097.67
Middle: -108.925 38.8745 1097.04
Ring: -85.1465 108.327 1161.72
Little: -119.419 108.175 1130.82
Thumb: 7.29075 100.21 1102.7
Index: -80.4874 44.8689 1080.77
Middle: -77.638 53.1152 1098.04
Ring: -71.6261 107.897 1158.69
Little: -108.093 100.407 1128.52
Thumb: -3.80502 79.1172 1119.38
Index: -103.362 55.2678 1119.34
Middle: -104.699 64.4331 1120.25
Ring: -78.3924 128.669 1164.11
Little: -114.72 127.773 1140.62
Thumb: -5.07878 80.1956 1113.79
Index: -95.1559 44.503 1109.74
Middle: -109.581 58.26 1116.2
Ring: -77.5298 119.772 1160.95
Little: -110.743 125.773 1140.06
Thumb: -8.77917 75.372 1109.1
Index: -101.422 43.9102 1093.7
Middle: -124.303 52.488 1102.81
Ring: -75.2135 121.4 1159.1
Little: -111.386 124.556 1137.82
Thumb: -7.71291 78.9522 1111.87
Index: -96.9368 45.335 1091.94
Middle: -115.869 50.0488 1100.6
Ring: -74.1052 124.205 1159.1
Little: -107.583 131.03 1137.06
Thumb: -11.4167 79.2238 1109.08
Index: -91.9687 42.6282 1097.67
Middle: -115.532 50.0747 1106.12
Ring: -69.1003 122.077 1159.05
Little: -102.71 133.504 1136.06
Thumb: -13.1287 82.3306 1110.67
Index: -87.0439 40.7952 1104.31
Middle: -112.812 50.061 1111.42
Ring: -69.4873 114.369 1162.15
Little: -98.9215 136.413 1135.17
Thumb: -5.25168 91.5976 1116
Index: -88.5675 41.0584 1099.03
Middle: -102.766 39.2963 1101.77
Ring: -67.5474 119.328 1157.79
Little: -97.7173 139.84 1127.92
Thumb: 2.96654 92.9154 1114.9
Index: -78.2272 36.1243 1096.94
Middle: -95.8475 36.8951 1103.61
Ring: -79.5513 85.6551 1152.42
Little: -96.7644 127.979 1130.32
Thumb: 0.716625 91.1967 1113.76
Index: -70.4101 27.8397 1095.98
Middle: -91.3824 37.5862 1111.37
Ring: -97.3889 64.9714 1137.63
Little: -93.7751 121.595 1123.91
Thumb: 13.4432 97.741 1109.73
Index: -55.3181 33.7867 1104.83
Middle: -76.5342 31.7752 1104.03
Ring: -64.7165 86.7344 1149.79
Little: -84.0165 124.608 1126.5
Thumb: 21.8338 95.0692 1105.14
Index: -44.5871 28.8903 1101.72
Middle: -66.7484 27.389 1102.58
Ring: -55.2305 90.8033 1149.25
Little: -81.3916 119.17 1125.18
Thumb: 22.4181 102.337 1103.63
Index: -32.6464 30.5689 1098.06
Middle: -53.798 27.5561 1099.37
Ring: -46.4319 85.376 1149.46
Little: -71.6601 115.325 1125.54
Thumb: 42.8505 106.763 1111.57
Index: -30.8771 34.1458 1103.32
Middle: -48.5099 29.3255 1105.71
Ring: -48.2083 60.4654 1139.46
Little: -64.415 113.374 1129.89
Thumb: 43.9005 99.4539 1113.69
Index: -32.7073 30.736 1100.15
Middle: -39.9052 28.2503 1108.62
Ring: -45.812 54.6378 1136.15
Little: -59.2375 106.858 1130.16
Thumb: 61.7535 100.785 1124.29
Index: -28.6802 31.7363 1097.1
Middle: -36.8346 29.9926 1104.66
Ring: -51.1055 36.408 1105.28
Little: -52.9864 106.661 1125.66
Thumb: 70.1667 98.2115 1120.68
Index: -21.0402 24.0897 1099.98
Middle: -27.792 23.5582 1111.72
Ring: -45.6016 28.8932 1110.51
Little: -49.6683 96.89 1126.42
Thumb: 76.6046 96.7757 1112.32
Index: -9.7087 22.2912 1100.09
Middle: -19.8184 20.5306 1107.68
Ring: -40.7051 24.9608 1103.01
Little: -39.9969 91.8871 1123.26
Thumb: 79.8447 88.8864 1116.62
Index: -4.13634 20.4289 1098.81
Middle: -13.8916 19.7733 1108.1
Ring: -36.2073 24.5669 1102.47
Little: -34.5433 92.9535 1115.52
Thumb: 82.3288 89.8038 1112.22
Index: 6.74665 24.731 1103.05
Middle: -5.1503 22.1676 1104.96
Ring: -26.444 27.7525 1105.59
Little: -28.5074 92.1231 1120.05
Thumb: 58.8883 116.294 1106.13
Index: 24.8595 22.9742 1113.13
Middle: 11.1067 20.5979 1120.48
Ring: -10.8634 16.8611 1099.87
Little: -20.5484 81.4593 1115.79
Thumb: 105.194 111.504 1110.76
Index: 35.7893 19.6481 1107.14
Middle: 8.19811 17.3216 1107.78
Ring: -3.61843 14.8667 1098.23
Little: -16.7829 82.29 1111.17
Thumb: 137.225 126.75 1105.28
Index: 41.8345 16.0319 1095.45
Middle: 15.3271 12.5776 1098.38
Ring: 1.16845 13.5334 1100.96
Little: -7.81954 78.336 1116.53
Thumb: 117.908 110.207 1113.33
Index: 47.4749 22.1742 1111.15
Middle: 20.1835 6.14489 1100.5
Ring: 5.96136 13.1391 1109.1
Little: -4.66992 74.4844 1120.11
Thumb: 115.66 104.398 1111.31
Index: 60.6906 14.4913 1100.85
Middle: 22.4789 -2.40835 1076.8
Ring: 13.9694 16.5941 1108.73
Little: 2.82526 74.5537 1114.69
Thumb: 128.38 103.194 1111.53
Index: 72.9771 28.0205 1114.57
Middle: 27.141 -2.22241 1081.03
Ring: 20.2782 14.3726 1105.2
Little: 9.65714 71.985 1118.67
Thumb: 150.46 101.942 1117.99
Index: 78.2702 31.1426 1118.96
Middle: 33.3805 -0.481499 1085.45
Ring: 21.8094 18.3972 1106.44
Little: 14.42 73.5427 1120.66
Thumb: 143.035 101.022 1113.58
Index: 83.375 35.7212 1111.56
Middle: 41.4661 7.7756 1081.61
Ring: 27.1631 26.9077 1104.23
Little: 20.0279 76.1671 1117.23
Thumb: 147.75 98.8629 1111.29
Index: 90.7474 51.3608 1134.5
Middle: 45.8078 3.30551 1083.18
Ring: 30.8731 24.6408 1110.4
Little: 19.3219 74.2882 1119.38
Thumb: 154.279 97.7525 1106.12
Index: 90.7349 45.5071 1138.1
Middle: 50.3417 -2.74259 1089.01
Ring: 32.2083 18.3696 1111.39
Little: 18.5614 71.4246 1121.58
Thumb: 158.135 99.8407 1105.91
Index: 89.501 33.6387 1122.59
Middle: 53.8106 1.16219 1079.33
Ring: 36.8234 20.114 1101.47
Little: 22.5349 69.1899 1107.55
Thumb: 164.776 94.4737 1105.93
Index: 93.9498 28.1231 1129.35
Middle: 53.7442 -4.0801 1086.27
Ring: 43.4086 16.6308 1114.29
Little: 30.3971 56.2674 1106.88
Thumb: 164.149 97.7127 1108.27
Index: 96.017 40.4574 1134.38
Middle: 56.0447 -1.44487 1085.92
Ring: 45.3932 26.6627 1121.36
Little: 29.3337 63.4947 1112.45
Thumb: 186.29 102.887 1115.54
Index: 95.1372 47.2813 1135.75
Middle: 52.9483 5.75521 1100.01
Ring: 37.1058 24.4524 1111.43
Little: 34.9434 41.9325 1084.15
Thumb: 167.391 92.534 1114.6
Index: 96.4232 36.0511 1125.82
Middle: 54.8345 3.55652 1098.25
Ring: 44.8737 40.3885 1120.5
Little: 34.9957 40.1873 1085.32
Thumb: 167.69 94.6719 1116.02
Index: 96.93 47.4654 1135.31
Middle: 52.3778 8.19812 1096.11
Ring: 40.2043 37.9078 1122.47
Little: 34.7881 45.8557 1087.27
Thumb: 177.613 100.95 1121.28
Index: 88.8558 49.2979 1140.53
Middle: 44.1848 8.76215 1099.72
Ring: 29.4801 32.8675 1122.89
Little: 29.0918 45.3042 1087.19
Thumb: 181.542 97.8351 1118.57
Index: 85.3885 44.3615 1136.9
Middle: 41.8882 7.24863 1095.07
Ring: 29.8309 38.9961 1125.82
Little: 26.5869 45.3139 1080.55
Thumb: 176.642 95.8176 1113.72
Index: 79.318 42.5394 1137.1
Middle: 38.1766 9.41892 1104.8
Ring: 26.7497 43.899 1129.46
Little: 21.2157 43.7712 1082.16
Thumb: 171.968 92.0151 1116.09
Index: 78.9255 51.1597 1137.35
Middle: 31.8416 13.0646 1105.48
Ring: 29.2839 63.5972 1127.84
Little: 17.0862 47.6842 1080.76
Thumb: 149.832 92.0407 1120.14
Index: 77.1437 51.8238 1138.67
Middle: 28.5363 15.6597 1103.78
Ring: 30.7742 72.0322 1123.19
Little: 13.2944 50.1922 1087.58
Thumb: 141.93 88.8278 1116.31
Index: 75.047 60.4787 1139.46
Middle: 22.9309 21.8208 1112
Ring: 25.0095 74.5851 1126.12
Little: 7.57321 53.7401 1083.23
Thumb: 133.2 85.6315 1125.09
Index: 65.2205 60.4248 1138.53
Middle: 12.6185 25.9978 1111.35
Ring: 16.8687 76.2721 1124.2
Little: 3.36519 57.0517 1080.04
Thumb: 129.117 89.8873 1124.68
Index: 55.0648 55.4583 1137.64
Middle: 7.79111 28.2483 1105.99
Ring: 11.7958 77.7746 1122.69
Little: -1.2149 61.5272 1084.17
Thumb: 119.879 95.3875 1128.07
Index: 48.5923 57.108 1144.76
Middle: 0.785048 29.661 1119.03
Ring: 7.42057 82.6135 1130.68
Little: -9.24034 58.1567 1097.34
Thumb: 113.864 97.8265 1128.43
Index: 40.8526 56.1874 1142.84
Middle: -6.07693 19.5466 1101.64
Ring: 3.43263 88.8926 1130.23
Little: -14.4813 58.5454 1094.9
Thumb: 99.0362 92.3444 1133.89
Index: 31.0631 50.963 1137.31
Middle: -12.9676 24.4499 1092.48
Ring: -2.89297 91.0048 1130.22
Little: -17.8548 62.8143 1093.41
Thumb: 93.32 94.8736 1136.3
Index: 29.9415 57.0398 1147.29
Middle: -20.8471 26.5343 1094.54
Ring: -4.50183 93.2819 1137.04
Little: -22.9251 65.5362 1102.73
Thumb: 87.4715 95.1502 1134.22
Index: 21.2072 59.6319 1145.42
Middle: -27.6928 26.6121 1095.81
Ring: -10.1923 92.007 1138.91
Little: -30.9005 65.845 1105.3
Thumb: 87.2844 98.546 1127.18
Index: 34.4031 75.5932 1135.08
Middle: -33.3073 23.2344 1098.54
Ring: -11.2344 92.2921 1144.4
Little: -36.0932 61.984 1111.47
Thumb: 81.8146 104.674 1134.89
Index: 8.31041 57.3449 1158.11
Middle: -35.7285 17.6141 1107.84
Ring: -28.1133 85.4142 1147.6
Little: -40.7215 52.4003 1109.71
Thumb: 61.7853 97.7555 1152.68
Index: -17.0532 50.2719 1152.87
Middle: -41.6842 27.0352 1124.16
Ring: -40.1949 104.641 1146.69
Little: -49.7201 62.7043 1098.44
Thumb: 39.4949 114.949 1180.84
Index: -43.4965 71.4648 1156.11
Middle: -39.0692 31.3745 1115.21
Ring: -51.1108 134.13 1128.32
Little: -36.2835 68.2733 1079.2
Thumb: 13.3817 136.796 1188.45
Index: -52.4257 94.145 1128.7
Middle: -42.4663 66.6054 1065.61
Ring: -57.6315 87.6872 1089.56
Little: -31.2253 87.233 1052
Thumb: 6.9991 126.816 1199.39
Index: -57.8221 83.3845 1134.85
Middle: -47.1876 54.6629 1075.2
Ring: -60.4415 76.0537 1095.07
Little: -33.5107 74.2773 1056.44
Thumb: -16.7244 132.052 1204.77
Index: -71.7249 90.3679 1138.07
Middle: -56.6752 51.6023 1080.68
Ring: -60.9671 59.9916 1085.07
Little: -42.1529 70.5009 1065.68
Thumb: -9.26815 154.82 1222.02
Index: -81.5198 78.9987 1148.9
Middle: -69.5497 42.3039 1116.64
Ring: -54.0694 30.8382 1109.69
Little: -51.343 54.4321 1081.75
Thumb: -66.0393 158.883 1186.56
Index: -86.0847 77.4582 1145.79
Middle: -74.7415 41.3756 1116.48
Ring: -55.0943 27.1453 1108.4
Little: -56.231 53.9525 1080.69
Thumb: -70.1393 164.456 1180.68
Index: -84.5324 80.8879 1153.83
Middle: -78.9881 48.5976 1117.75
Ring: -58.2502 30.1499 1114.61
Little: -53.68 50.025 1080.9
Thumb: -51.8324 153.069 1152.9
Index: -75.1393 95.9513 1160.38
Middle: -75.3537 67.985 1134.22
Ring: -58.4267 40.6793 1119.5
Little: -48.7392 62.7903 1104.27
Thumb: 54.1485 109.661 1115.65
Index: 15.0794 53.7014 1139.16
Middle: 27.9925 109.218 1153.86
Ring: -47.4338 31.8662 1121.67
Little: -42.3573 71.7965 1138.15
Thumb: 64.8759 122.255 1129.86
Index: 46.2675 107.542 1144.22
Middle: 17.813 120.042 1145.26
Ring: -61.2477 34.7346 1127.42
Little: -44.7562 59.1567 1125.94
Thumb: 68.4884 125.069 1132.48
Index: 42.9546 109.266 1142.25
Middle: 13.3903 119.204 1140.55
Ring: -73.3604 35.1063 1121.67
Little: -49.6561 53.0349 1118.78
Thumb: 60.804 129.118 1139.8
Index: 40.1213 110.329 1144.2
Middle: 13.464 123.257 1145.15
Ring: -44.9344 28.2095 1117.16
Little: -49.9119 56.6429 1123.31
Thumb: 46.341 134.621 1149.03
Index: 31.6861 119.22 1146.5
Middle: 2.44365 129.161 1143.52
Ring: -44.2301 29.8275 1119.01
Little: -55.4708 57.6328 1123.78
Thumb: 45.9895 143.831 1143.36
Index: 30.5085 136.973 1127.13
Middle: -7.97 117.547 1152.51
Ring: -48.4483 43.5457 1140.99
Little: -65.0462 64.1443 1126.26
Thumb: 38.8242 135.855 1146.62
Index: 31.1145 132.601 1139.17
Middle: -10.5454 106.27 1171.12
Ring: -46.326 51.1162 1151.38
Little: -66.3832 59.5037 1126.45
Thumb: 36.8244 135.524 1147.55
Index: 26.9402 131.118 1134.18
Middle: -37.276 67.1215 1168.22
Ring: -43.7169 68.5913 1150.3
Little: -69.2449 57.851 1121.35
Thumb: 32.9215 136.076 1146.15
Index: 28.4128 133.76 1136.62
Middle: -53.5305 39.5639 1151.76
Ring: -55.5617 75.4675 1155.88
Little: -60.7725 56.3709 1128.89
Thumb: 54.2075 135.143 1090.81
Index: 9.84884 113.621 1147.37
Middle: -78.6853 55.7681 1142.09
Ring: -36.966 134.394 1147.95
Little: -111.073 71.3863 1127.8
Thumb: 56.2419 138.641 1097.4
Index: -1.415 111.838 1156.9
Middle: -80.9089 65.0563 1149.21
Ring: -37.3785 148.518 1143.89
Little: -112.639 77.4082 1121.73
Thumb: 49.7066 127.342 1096.88
Index: -16.6521 83.9592 1169.21
Middle: -78.0656 54.6848 1138.66
Ring: -45.6645 130.325 1134.66
Little: -119.49 73.886 1114.47
Thumb: 35.6777 126.011 1112.15
Index: -40.9617 70.6361 1165.89
Middle: -87.9049 49.5906 1124.16
Ring: -70.4837 103.404 1130.71
Little: -121.798 76.3313 1102.37
Thumb: 43.4324 120.103 1113.05
Index: -39.8443 71.8682 1165.51
Middle: -87.2048 49.5772 1122.82
Ring: -69.6964 103.78 1129.7
Little: -120.52 75.7189 1100.19
Thumb: 37.2452 127.47 1115.55
Index: -34.0999 83.1845 1165.58
Middle: -86.0644 55.6472 1122.8
Ring: -72.6455 101.31 1126.2
Little: -117.932 76.8535 1097.76
Thumb: 28.8455 117.976 1110.72
Index: -35.8605 83.7312 1161.6
Middle: -92.8819 45.4371 1113.35
Ring: -76.4967 96.3038 1124.02
Little: -119.373 73.3304 1095.87
Thumb: 32.2201 113.287 1111.45
Index: -31.8236 81.1718 1159.23
Middle: -92.587 44.1237 1110.47
Ring: -75.9133 94.2182 1122.96
Little: -118.218 72.3873 1095.97
Thumb: 31.5728 119.263 1106.96
Index: -33.8955 85.1944 1159.39
Middle: -91.141 47.6276 1107.92
Ring: -75.6882 98.7371 1122.05
Little: -117.862 75.5739 1092.39
Thumb: 29.5469 119.568 1103.5
Index: -33.384 81.7667 1156.64
Middle: -90.8001 46.662 1107.5
Ring: -71.7499 100.374 1118.19
Little: -114.376 74.3495 1094.45
Thumb: 29.8208 115.912 1099.62
Index: -31.2021 80.8781 1153.63
Middle: -91.3389 45.7893 1104.8
Ring: -73.2607 96.3287 1118.07
Little: -117.282 74.9313 1092.04
Thumb: 42.9083 112.414 1092.17
Index: -28.5256 84.0543 1151.93
Middle: -91.8988 45.868 1104.21
Ring: -70.6728 98.6256 1115.55
Little: -116.728 75.5197 1090.57
Thumb: 51.3566 118.886 1088.06
Index: -42.2405 58.7678 1115.82
Middle: -84.9864 49.4695 1111.2
Ring: -66.5628 102.618 1116.06
Little: -108.644 75.8603 1095.65
Thumb: 49.0199 114.785 1094.21
Index: -40.4577 56.9278 1112.41
Middle: -80.7236 48.6559 1112.93
Ring: -64.101 102.79 1114.14
Little: -110.994 76.762 1094.61
Thumb: 51.0046 118.419 1100.4
Index: -38.4732 58.9695 1115.3
Middle: -78.0306 51.4057 1118.86
Ring: -62.1131 104.547 1114.94
Little: -108.94 76.4012 1091.3
Thumb: 53.9086 121.77 1110.17
Index: -36.3927 57.4513 1118.18
Middle: -75.8206 49.9104 1122.91
Ring: -59.3433 102.875 1118.86
Little: -105.829 73.5014 1096.88
Thumb: 57.419 125.054 1107.18
Index: -32.1805 55.871 1119.75
Middle: -70.183 47.2865 1127.46
Ring: -56.8238 99.859 1121.62
Little: -102.597 69.2708 1102.82
Thumb: 61.9738 130.284 1110.38
Index: -28.2756 56.6507 1120.79
Middle: -67.3223 49.2176 1128.26
Ring: -53.9123 100.46 1121.83
Little: -97.5792 68.4909 1102.16
Thumb: 73.6843 138.23 1102.07
Index: -22.5614 61.4108 1123.98
Middle: -63.183 49.9541 1133.44
Ring: -52.9687 101.976 1125.15
Little: -94.3685 67.5158 1108.11
Thumb: 73.2565 148.22 1107.78
Index: -16.0224 59.6109 1121.79
Middle: -53.8653 40.9633 1126.51
Ring: -49.0037 98.409 1119.33
Little: -90.5502 61.8772 1103.94
Thumb: 78.4046 153.385 1104.52
Index: -10.0162 58.911 1124.61
Middle: -50.4073 33.1157 1117.32
Ring: -44.6657 96.6327 1122.14
Little: -83.2977 58.8989 1111.02
Thumb: 90.6728 148.407 1109.98
Index: -4.85093 58.2309 1130.85
Middle: -49.372 34.0669 1120.19
Ring: -33.0528 107.146 1133.17
Little: -81.0039 61.0094 1116.37
Thumb: 85.5713 131.087 1118.16
Index: -0.928659 48.0047 1127.9
Middle: -40.0774 33.5089 1123.87
Ring: -21.3621 114.229 1137.26
Little: -73.7693 59.2367 1116.36
Thumb: 88.0805 126.628 1123.4
Index: 9.47238 53.6531 1127.82
Middle: -33.3615 31.6404 1121.59
Ring: -14.7956 112.789 1138.19
Little: -67.6624 57.5565 1112.94
Thumb: 93.6991 130.281 1122.06
Index: 13.8268 54.5216 1126.42
Middle: -28.4486 30.9418 1125.69
Ring: -16.149 103.041 1138.69
Little: -57.9867 53.0126 1112.09
Thumb: 101.372 117.768 1124.89
Index: 21.3731 52.954 1130.28
Middle: -20.4468 28.492 1124.77
Ring: -9.68245 98.2953 1144.58
Little: -53.9426 53.5669 1117.43
Thumb: 111.816 133.178 1121.28
Index: 29.1676 57.2976 1134.51
Middle: -12.5018 30.2558 1131.28
Ring: -6.66607 93.8746 1147.53
Little: -45.9956 49.1903 1116.84
Thumb: 131.972 146.287 1114.92
Index: 36.8393 58.0326 1132.26
Middle: -3.25245 33.9903 1132.79
Ring: 0.434821 94.7204 1146.74
Little: -37.7828 50.6607 1117.45
Thumb: 138.826 153.61 1103.72
Index: 41.0218 47.9295 1128.84
Middle: 4.53597 32.3383 1132.07
Ring: 6.09371 91.0357 1148.61
Little: -34.2358 42.329 1113.1
Thumb: 110.146 247.828 1080.78
Index: 79.7501 73.9324 1122.03
Middle: 52.2874 45.1638 1123.64
Ring: 32.2469 113.404 1140.19
Little: 12.3166 42.5798 1116.55
Thumb: 146.742 210.118 1074.82
Index: 79.8935 104.026 1162.16
Middle: 24.452 39.623 1129.92
Ring: 28.2733 109.487 1144.9
Little: -12.4115 50.7602 1124.63
Thumb: 150.711 208.755 1072.74
Index: 92.6911 131.826 1160.15
Middle: 31.0086 36.4531 1130.68
Ring: 34.1106 111.006 1146.98
Little: -1.9538 50.0814 1126.63
Thumb: 155.335 209.726 1078.72
Index: 93.0331 134.735 1160.76
Middle: 34.3543 37.1496 1131.57
Ring: 35.2567 111.358 1145.58
Little: 4.32747 49.2223 1123.32
Thumb: 167.175 200.237 1079.43
Index: 89.8758 107.83 1183.86
Middle: 33.9792 29.6219 1135.05
Ring: 41.8189 114.683 1144.85
Little: 13.6705 50.6301 1128.22
Thumb: 154.136 227.071 1084.73
Index: 106.214 141.014 1175.98
Middle: 76.0201 43.7847 1123.97
Ring: 57.1224 110.183 1144.96
Little: 55.7576 52.409 1113.93
Thumb: 157.185 216.345 1080.37
Index: 111.778 138.926 1177.05
Middle: 81.3541 40.9527 1128.48
Ring: 61.417 106.088 1149.35
Little: 64.3572 51.9626 1114.64
Thumb: 165.623 211.304 1073.45
Index: 121.317 138.783 1172.63
Middle: 83.9305 40.7236 1124.91
Ring: 67.2532 109.322 1148.69
Little: 62.7914 51.7047 1111.38
Thumb: 180.419 190.827 1104.81
Index: 130.163 135.868 1167.4
Middle: 78.4442 37.1575 1132.41
Ring: 72.2678 103.794 1152.47
Little: 57.5976 47.9429 1120.39
Thumb: 177.335 161.078 1094.31
Index: 135.322 132.933 1161.84
Middle: 76.5205 36.7531 1135.3
Ring: 74.8075 105.508 1150.83
Little: 58.2387 49.154 1128.9
Thumb: 125.653 94.4102 1082.75
Index: 135.91 137.999 1149.88
Middle: 69.4491 34.3771 1137.06
Ring: 74.1895 107.271 1154.31
Little: 53.6367 49.3515 1132.27
Thumb: 148.123 125.942 1099.81
Index: 157.198 155.532 1152.59
Middle: 143.841 69.9601 1140.96
Ring: 106.428 115.837 1144.57
Little: 109.146 72.1946 1144.3
Thumb: 118.81 160.615 1025.54
Index: 168.873 151.175 1135.96
Middle: 152.683 68.0324 1103.72
Ring: 109.968 134.232 1139.43
Little: 101.052 98.0292 1144.82
Thumb: 123.055 262.875 1046.97
Index: 170.698 155.08 1137.58
Middle: 150.971 63.7982 1093.49
Ring: 98.4051 129.36 1129.77
Little: 103.6 92.4181 1144.45
Thumb: 122.485 261.711 1038.11
Index: 169.948 160.587 1130.03
Middle: 144.362 64.7282 1090.2
Ring: 96.6213 135.45 1129.03
Little: 101.169 100.328 1148.2
Thumb: 131.337 243.904 1023.87
Index: 171.659 151.354 1129.6
Middle: 155.818 88.2138 1139.54
Ring: 95.8716 135.468 1135.07
Little: 96.4216 102.039 1157.45
Thumb: 125.388 232.269 1015.44
Index: 171.242 154.482 1123.77
Middle: 155.924 87.3784 1131.82
Ring: 97.9083 139.803 1133.53
Little: 100.192 103.321 1155.39
Thumb: 108.8 236.663 1009.54
Index: 172.056 154.305 1116.72
Middle: 158.777 95.8029 1133.23
Ring: 98.9765 140.372 1134.95
Little: 101.864 105.058 1154.81
Thumb: 103.505 245.626 1014.72
Index: 162.543 165.501 1101.77
Middle: 159.403 95.437 1124.93
Ring: 104.95 142.035 1135.05
Little: 107.109 104.619 1147.91
Thumb: 103.979 239.823 1011.98
Index: 165.53 137.099 1103.83
Middle: 155.507 91.2318 1124.86
Ring: 102.289 140.846 1134.17
Little: 106.054 104.049 1150.03
Thumb: 103.616 248.982 1018.87
Index: 168.513 138.705 1104.61
Middle: 152.166 99.7947 1121.99
Ring: 101.579 141.677 1134.79
Little: 93.0412 111.122 1147.95
Thumb: 103.115 241.693 1017.7
Index: 167.397 142.985 1100.18
Middle: 153.053 104.304 1117.78
Ring: 130.848 137.212 1144.62
Little: 88.456 108.301 1142.04
Thumb: 104.61 214.872 1014.63
Index: 165.459 134.19 1101.33
Middle: 154.15 97.8173 1118.09
Ring: 139.986 124.401 1148.56
Little: 85.1835 101.456 1143.69
Thumb: 120.187 212.277 1019.25
Index: 163.917 135.342 1103.95
Middle: 157.665 125.027 1133.2
Ring: 135.241 128.4 1154.32
Little: 82.1852 100.971 1141.85
Thumb: 123.327 211.356 1018.38
Index: 162.806 124.911 1106.27
Middle: 125.06 148.777 1129.28
Ring: 132.678 122.602 1155.72
Little: 76.8517 100.106 1144.08
Thumb: 100.606 204.566 1007.29
Index: 157.792 117.284 1103.06
Middle: 148.568 123.026 1134
Ring: 132.328 126.109 1156.94
Little: 76.1672 99.8589 1151.27
Thumb: 99.0949 205.157 1012.08
Index: 155.115 129.949 1103.92
Middle: 153.426 125.845 1137.71
Ring: 130.114 129.181 1159.6
Little: 77.3803 98.0678 1151.24
Thumb: 101.163 200.746 1011.9
Index: 154.052 125.41 1107.12
Middle: 150.199 122.016 1141.96
Ring: 125.218 127.772 1162.42
Little: 74.1425 95.84 1151.92
Thumb: 98.4014 211.298 1014.49
Index: 155.955 120.683 1108.34
Middle: 153.725 100.468 1139.23
Ring: 125.522 126.572 1164.28
Little: 81.2013 92.1713 1153.5
Thumb: 104.66 208.971 1019.1
Index: 162.652 117.421 1116.75
Middle: 154.799 118.423 1148.71
Ring: 128.454 120.814 1168.2
Little: 77.1632 91.5765 1151.74
Thumb: 99.0834 216.558 1023.51
Index: 158.911 119.68 1116.07
Middle: 151.915 121.821 1149.87
Ring: 126.53 118.506 1169.01
Little: 74.6101 89.8577 1153.3
Thumb: 102.309 219.366 1027.95
Index: 157.583 128.08 1122.59
Middle: 148.949 125.552 1157.4
Ring: 121.035 122.06 1174.41
Little: 72.3674 91.882 1155.86
Thumb: 102.199 216.857 1028.33
Index: 157.319 128.331 1126.12
Middle: 147.199 125.684 1162.1
Ring: 120.762 121.516 1177.48
Little: 72.3508 90.1184 1157.13
Thumb: 111.359 216.099 1029.01
Index: 155.317 127.845 1129.24
Middle: 143.385 123.935 1165.2
Ring: 101.456 129.806 1174.16
Little: 66.6941 91.808 1156.58
Thumb: 118.522 156.892 1035.2
Index: 156.74 121.715 1127.08
Middle: 142.816 122.106 1161.23
Ring: 107.001 129.382 1175.58
Little: 66.6276 89.9717 1158.92
Thumb: 116.364 151.015 1037.21
Index: 153.805 117.111 1130
Middle: 138.386 121.417 1164.64
Ring: 103.949 129.329 1176.91
Little: 63.3537 89.9821 1160.84
Thumb: 116.946 149.281 1035.05
Index: 154.914 122.753 1127.6
Middle: 139.371 126.5 1163.55
Ring: 105.067 134.522 1175.02
Little: 63.956 94.2198 1160.15
Thumb: 112.98 129.378 1043.71
Index: 137.316 75.2102 1150.76
Middle: 121.928 119.94 1171.04
Ring: 97.6958 114.018 1181.94
Little: 51.776 82.1609 1160.65
Thumb: 127.466 127.078 1070.97
Index: 136.429 74.5176 1145.36
Middle: 120.673 113.648 1166.32
Ring: 95.9271 113.882 1179.38
Little: 53.4901 78.3539 1158.39
Thumb: 123.671 111.421 1098.79
Index: 123.964 60.7466 1149.03
Middle: 115.184 117.585 1160.81
Ring: 90.5675 114.289 1180.15
Little: 46.2367 78.4015 1166.27
Thumb: 123.105 117.697 1097.56
Index: 122.357 63.3456 1148.44
Middle: 109.7 123.536 1160.09
Ring: 85.922 113.579 1179.83
Little: 43.6534 75.9737 1162.23
Thumb: 115.091 114.955 1091.69
Index: 124.182 66.7486 1139.33
Middle: 102.018 118.882 1155.41
Ring: 75.0391 105.907 1169.74
Little: 42.0875 67.2265 1152.69
Thumb: 113.157 118.981 1084.17
Index: 125.877 70.2833 1138.85
Middle: 94.7773 121.116 1151.32
Ring: 75.0025 108.574 1170.27
Little: 44.256 67.9974 1154.99
Thumb: 115.502 111.595 1070.51
Index: 125.673 73.1914 1138.56
Middle: 91.4471 122.961 1151.18
Ring: 75.1563 112.349 1171.34
Little: 43.8076 70.4441 1160.24
Thumb: 115.27 109.911 1066.03
Index: 121.295 71.0202 1137.05
Middle: 91.2015 119.494 1150.16
Ring: 74.4617 109.43 1169.24
Little: 39.2155 70.385 1159.11
Thumb: 40.8158 234.68 1131.95
Index: 94.1563 184.697 1157.47
Middle: 95.0231 144.403 1146.04
Ring: 99.1327 122.41 1137.81
Little: 110.535 113.604 1085.29
Thumb: 73.7128 189.346 1105.87
Index: 91.9888 181.149 1153.38
Middle: 89.5995 140.795 1143.05
Ring: 124.617 142.102 1110.3
Little: 108.235 110.566 1081.96
Thumb: 69.3652 164.961 1091.03
Index: 108.724 174.272 1138.68
Middle: 90.3604 136.276 1138.65
Ring: 127.539 136.7 1091.81
Little: 102.706 98.6597 1080.68
Thumb: 66.7638 171.639 1085.98
Index: 97.3718 178.24 1139.63
Middle: 100.817 145.048 1131.35
Ring: 125.278 134.169 1094.05
Little: 96.6925 97.1729 1083.45
Thumb: 66.4832 168.732 1092.59
Index: 107.692 173.97 1132.18
Middle: 105.431 143.044 1131.1
Ring: 123.528 129.573 1093.12
Little: 94.2931 94.3532 1082.17
Thumb: 65.6912 165.585 1086.96
Index: 109.376 176.887 1127.53
Middle: 99.0396 144.268 1136.49
Ring: 117.062 129.918 1105.7
Little: 94.4956 94.7041 1085.1
Thumb: 61.3962 159.308 1095.87
Index: 83.8839 186.08 1147.34
Middle: 85.0094 149.583 1144.65
Ring: 110.707 154.725 1104.99
Little: 97.4976 123.937 1075.33
Thumb: 57.8553 165.995 1097.63
Index: 75.935 188.199 1149.94
Middle: 82.3741 152.5 1143.79
Ring: 109.992 170.479 1096.37
Little: 94.702 132.82 1073.73
Thumb: 60.1737 174.427 1084.87
Index: 100.273 185.928 1129.14
Middle: 85.613 150.032 1139.57
Ring: 111.709 160.562 1075.18
Little: 91.7421 111.224 1079.5
Thumb: 53.7053 178.053 1088.68
Index: 94.7733 191.081 1130.44
Middle: 93.3734 154.234 1141.54
Ring: 110.203 168.623 1078.93
Little: 95.2088 119.474 1078.57
Thumb: 52.2604 182.018 1086.66
Index: 95.0928 194.035 1126.19
Middle: 94.9297 154.114 1141.24
Ring: 106.787 167.644 1080.72
Little: 93.2669 121.702 1076
Thumb: 50.3994 197.701 1081.55
Index: 93.7327 196.002 1122.51
Middle: 96.7105 155.069 1138.61
Ring: 106.075 162.32 1083.27
Little: 91.9684 119.002 1075.53
Thumb: 50.8846 194.636 1087.81
Index: 91.4147 197.125 1128.85
Middle: 91.5078 155.276 1143.6
Ring: 98.9411 168.92 1086.13
Little: 87.2892 125.432 1077.33
Thumb: 47.9509 199.733 1089.77
Index: 98.5648 206.983 1121.53
Middle: 90.2518 153.605 1143.47
Ring: 97.6581 171.835 1090.6
Little: 87.5116 130.803 1074.71
Thumb: 48.5158 201.594 1095.79
Index: 98.4508 203.519 1122.12
Middle: 93.6063 154.139 1138.83
Ring: 75.9013 124.383 1118.96
Little: 87.2278 127.755 1073.57
Thumb: 45.276 209.042 1095.07
Index: 92.7075 209.12 1134.5
Middle: 96.8394 161.576 1138.85
Ring: 73.363 125.828 1116.51
Little: 89.4657 135.691 1072.36
Thumb: 40.7476 207.003 1094.14
Index: 90.6359 210.444 1132.27
Middle: 96.9349 163.455 1136.22
Ring: 95.5449 180.752 1086.55
Little: 87.8102 137.258 1070.04
Thumb: 37.3092 209.868 1088.01
Index: 97.9738 210.785 1121.75
Middle: 99.1559 157.689 1130.32
Ring: 97.6468 164.735 1090.34
Little: 85.3994 130.527 1067.06
Thumb: 76.9879 208.332 1080.44
Index: 113.437 208.528 1111.44
Middle: 98.0039 154.056 1132.45
Ring: 110.238 155.248 1092.52
Little: 116.06 131.118 1072.39
Thumb: 45.5236 237.609 1087.87
Index: 105.596 212.357 1113.21
Middle: 94.4807 159.319 1131.16
Ring: 105.098 159.076 1093.67
Little: 92.998 120.607 1078.5
Thumb: 44.3089 239.009 1087.23
Index: 109.498 215.044 1107.28
Middle: 95.9164 160.796 1130.15
Ring: 114.15 165.71 1092.79
Little: 97.5668 122.717 1079.91
Thumb: 46.4785 238.01 1085.55
Index: 109.433 215.916 1104.27
Middle: 88.7065 156.763 1128.38
Ring: 109.18 160.094 1093.96
Little: 100.26 125.053 1078.01
Thumb: 31.0854 243.619 1088.71
Index: 107.274 224.571 1110.63
Middle: 93.9314 163.395 1133.49
Ring: 111.179 170.809 1096.02
Little: 100.084 142.684 1061.65
Thumb: 50.9902 235.411 1077.76
Index: 114.606 207.253 1110.43
Middle: 119.377 176.512 1112.15
Ring: 115.704 153.081 1106.29
Little: 96.7983 122.108 1066.59
Thumb: 47.7455 234.93 1084.62
Index: 105.873 218.654 1115.24
Middle: 104.74 179.633 1131.14
Ring: 111.058 162.809 1116.92
Little: 98.7212 130.299 1075.96
Thumb: 48.5242 234.139 1088.76
Index: 103.009 223.423 1122.37
Middle: 98.4868 182.199 1140.12
Ring: 106.841 166.007 1126.72
Little: 100.163 134.765 1084.98
Thumb: 67.8429 214.834 1097.37
Index: 97.8523 228.634 1128.71
Middle: 89.883 185.179 1156.41
Ring: 103.265 171.707 1135.79
Little: 98.8064 134.969 1098.12
Thumb: 56.0547 217.764 1096.77
Index: 78.161 235.984 1140.27
Middle: 73.5129 183.84 1170.18
Ring: 105.823 197.041 1120.71
Little: 100.438 149.996 1101.32
Thumb: 29.4363 226.096 1073.27
Index: 69.9299 221.623 1159.98
Middle: 73.3159 178.738 1176.82
Ring: 104.17 194.273 1128.12
Little: 101.198 150.578 1106.36
Thumb: 2.33464 218.006 1115.76
Index: 31.9547 225.867 1172
Middle: 52.2332 187.663 1185.61
Ring: 63.6665 227.184 1136.33
Little: 86.7233 190.667 1113.76
Thumb: -7.45767 217.407 1124.42
Index: 24.4029 221.227 1178.02
Middle: 47.4107 187.489 1190.27
Ring: 56.8785 224.381 1146.98
Little: 86.1879 152.836 1129.27
Thumb: -14.5753 213.916 1125.76
Index: 18.1334 220.429 1178.91
Middle: 40.8979 202.988 1191.63
Ring: 50.4618 217.102 1154.7
Little: 81.8083 154.658 1130.54
Thumb: -6.21884 206.942 1128.79
Index: 17.9099 221.052 1179.66
Middle: 36.4742 200.977 1195.11
Ring: 43.4757 227.205 1146.67
Little: 82.1121 152.339 1141.53
Thumb: 7.40236 199.361 1129.05
Index: 17.6448 216.06 1180.86
Middle: 35.2385 201.547 1194.79
Ring: 47.8516 213.722 1158.41
Little: 81.5372 145.248 1143.13
Thumb: 8.46102 195.203 1131.5
Index: 20.0268 207.973 1187.5
Middle: 37.2803 197.473 1198.18
Ring: 51.7305 208.118 1164.05
Little: 82.527 139.584 1141.56
Thumb: 1.44352 198.166 1113.09
Index: 20.2978 211.387 1183.78
Middle: 33.4664 186.977 1199.78
Ring: 50.3989 191.126 1170.88
Little: 79.0474 137.673 1141.99
Thumb: -3.71687 188.06 1114.37
Index: 12.6533 198.583 1186.71
Middle: 28.8339 175.164 1201.04
Ring: 45.4544 169.306 1157.37
Little: 77.961 133.396 1146.68
Thumb: -4.84208 184.871 1116.73
Index: 9.25397 197.091 1183.5
Middle: 25.0763 176.291 1197.92
Ring: 41.8572 163.381 1148.94
Little: 74.7206 131.613 1144.65
Thumb: -3.46254 182.286 1116.51
Index: 6.99607 192.093 1183.82
Middle: 26.7029 175.117 1196.81
Ring: 41.469 157.786 1148.27
Little: 74.0056 129.236 1145.7
Thumb: -0.676731 183.129 1121.28
Index: 7.21876 192.492 1182.92
Middle: 26.6732 172.119 1195.48
Ring: 41.0506 162.514 1145.93
Little: 72.3569 131.701 1143.83
Thumb: 1.48582 173.393 1137.66
Index: -6.85677 181.039 1182.57
Middle: 18.948 168.77 1193.98
Ring: 37.5936 158.166 1144.92
Little: 69.9273 129.048 1141.47
Thumb: -5.64832 172.713 1138.63
Index: -8.97291 175.104 1182.61
Middle: 16.9357 164.631 1193.59
Ring: 34.5166 162.442 1147.92
Little: 66.7915 137.392 1142.34
Thumb: -4.64281 172.45 1142.83
Index: -3.01179 175.7 1183.49
Middle: 20.6545 158.989 1193.53
Ring: 37.6047 167.239 1154.02
Little: 69.0683 131.135 1138.6
Thumb: -10.7327 178.242 1144.78
Index: 15.7712 195.842 1175.86
Middle: 23.9524 156.928 1193.53
Ring: 40.5478 167.555 1153.57
Little: 69.5887 135.143 1138.99
Thumb: -4.92707 182.147 1142.07
Index: 11.4047 184.712 1172.14
Middle: 37.3087 167.138 1191.26
Ring: 46.3466 169.034 1151.83
Little: 74.9217 142.628 1152.4
Thumb: -11.0314 182.194 1133.76
Index: 4.62626 189.375 1156.43
Middle: 13.7041 148.716 1177.51
Ring: 40.3045 173.274 1147.18
Little: 70.4918 143.518 1150.38
Thumb: -15.6139 180.613 1133.24
Index: 0.630841 186.603 1157.64
Middle: 43.705 214.59 1151.99
Ring: 36.3155 168.828 1144.5
Little: 67.7456 143.572 1148.82
Thumb: -17.7558 182.411 1130
Index: 12.7099 205.507 1138.69
Middle: 36.9483 198.261 1162.98
Ring: 36.7317 167.512 1140.08
Little: 66.4839 141.155 1145.37
Thumb: -20.3107 183.422 1134.74
Index: 5.03701 196.276 1148.75
Middle: 35.8632 195.417 1162.69
Ring: 35.8603 169.728 1136.73
Little: 66.0602 145.098 1139.94
Thumb: -0.2717 188.55 1108.19
Index: 0.671646 198.694 1140.18
Middle: 35.8206 202.931 1151.4
Ring: 34.6573 172.473 1131.28
Little: 64.5223 151.147 1140.35
Thumb: 65.5201 124.052 1108.2
Index: 87.6663 130.876 1129.62
Middle: 86.4382 103.574 1153.54
Ring: 42.2177 101.52 1115.44
Little: 35.222 68.2445 1140.57
Thumb: 74.4962 134.617 1095.3
Index: 88.059 128.315 1122.33
Middle: 104.5 88.8906 1129.17
Ring: 36.3778 101.792 1113.17
Little: 30.8575 66.666 1134.98
Thumb: 69.423 129.708 1103.17
Index: 85.034 129.555 1128.55
Middle: 102.222 90.8604 1137.73
Ring: 31.3035 100.61 1116.78
Little: 21.5303 68.1332 1138.46
Thumb: 70.9381 128.186 1101.25
Index: 84.8789 123.689 1126.19
Middle: 108.019 82.7467 1127.26
Ring: 31.4672 100.07 1114.73
Little: 27.2653 67.4871 1137.35
Thumb: 71.7545 142.038 1095.79
Index: 97.2954 118.171 1118.77
Middle: 101.114 85.9378 1130.7
Ring: 33.3178 103.176 1112.27
Little: 28.2742 70.1384 1136.54
Thumb: 72.1104 142.716 1098.02
Index: 80.2633 130.254 1127.6
Middle: 99.0722 83.2827 1133.3
Ring: 45.9253 102.033 1111.18
Little: 25.5512 69.1685 1136.88
Thumb: 72.1469 144.066 1097.59
Index: 80.7964 132.017 1127.61
Middle: 95.1646 89.2679 1142.33
Ring: 45.1031 103.362 1113.14
Little: 24.0485 70.7445 1139.66
Thumb: 72.0616 133.728 1100.45
Index: 82.8069 120.529 1127.04
Middle: 43.991 123.185 1174.67
Ring: 41.3212 99.1202 1117.5
Little: 11.7796 69.5529 1144.3
Thumb: 73.9563 137.837 1098.76
Index: 80.7515 124.723 1135.45
Middle: 65.2902 104.845 1176.2
Ring: 50.2452 101.138 1120.35
Little: 11.4781 73.0528 1151.98
Thumb: 72.9778 142.444 1105.08
Index: 81.3547 129.465 1141.8
Middle: 44.1975 128.737 1181.29
Ring: 49.545 103.633 1127.53
Little: 18.1964 72.6295 1157.06
Thumb: 56.986 113.948 1128.01
Index: 84.5965 128.405 1140.37
Middle: 64.5659 117.973 1184.78
Ring: 51.1308 101.72 1130.98
Little: 27.2098 73.2209 1163.31
Thumb: -2.20953 189.067 1137.04
Index: 0.70791 202.563 1152.35
Middle: 23.153 185.351 1189.03
Ring: 29.6741 174.949 1146.17
Little: 62.1993 134.598 1155.84
Thumb: 5.33723 189.327 1142.1
Index: 5.20701 203.612 1159.14
Middle: 34.4716 188.892 1190.82
Ring: 32.323 225.844 1137.53
Little: 66.2355 134.875 1155.9
Thumb: 18.9463 192.14 1141.79
Index: 4.88639 202.298 1157.3
Middle: 39.5955 192.331 1188.55
Ring: 40.3433 210.455 1153.36
Little: 75.8127 145.951 1154.05
Thumb: 20.8493 195.521 1145.93
Index: 10.0616 204.365 1158.05
Middle: 37.0395 184.746 1188.67
Ring: 45.0059 229.081 1147.39
Little: 79.2658 147.37 1154.86
Thumb: 21.6043 201.173 1145.39
Index: 14.9088 203.812 1173.2
Middle: 40.3073 184.384 1190.53
Ring: 60.3644 225.114 1147.41
Little: 84.7481 148.768 1155.48
Thumb: 18.6592 208.145 1144.88
Index: 20.6501 207.948 1173.88
Middle: 45.6479 187.782 1191.22
Ring: 66.862 233.2 1140.3
Little: 91.3436 153.833 1154.12
Thumb: 28.5164 211.82 1151.8
Index: 33.4634 213.102 1175.54
Middle: 54.4889 189.795 1192.41
Ring: 80.4106 229.461 1141.44
Little: 96.9947 168.225 1153.31
Thumb: 20.8909 211.817 1160.66
Index: 28.2547 210.697 1178.23
Middle: 57.6428 192.282 1195.78
Ring: 72.008 235.756 1144.13
Little: 97.7995 160.079 1154.36
Thumb: 16.3299 210.913 1155.29
Index: 33.654 208.138 1178.71
Middle: 61.671 187.197 1196.96
Ring: 72.978 232.95 1150.81
Little: 102.01 153.873 1152.01
Thumb: 25.3812 214.126 1155.49
Index: 41.7993 210.812 1180.22
Middle: 86.3804 219.193 1162.92
Ring: 79.1817 235.609 1150.06
Little: 109.317 167.219 1150.09
Thumb: 7.43869 125.415 1263.62
Index: 44.4206 216.158 1176.6
Middle: 87.2941 228.071 1146.55
Ring: 80.2879 240.673 1143.92
Little: 110.864 174.158 1145.49
Thumb: -49.2544 178.01 1211.29
Index: 39.0992 201.008 1184.46
Middle: 100.797 226.459 1144.05
Ring: 90.0001 240.421 1140.71
Little: 120.929 170.703 1147.08
Thumb: -21.5085 179.372 1223.11
Index: 43.472 197.767 1182.82
Middle: 101.072 222.807 1147.41
Ring: 92.3422 238.27 1142.75
Little: 123.741 181.067 1140.6
Thumb: -5.78973 180.143 1225.35
Index: 49.5032 193.81 1181.9
Middle: 103.252 217.051 1142.63
Ring: 100.205 222.253 1144.39
Little: 124.703 175.641 1131.31
Thumb: -2.70166 173.925 1226.56
Index: 76.3335 208.131 1177.04
Middle: 101.455 214.456 1140.09
Ring: 105.694 215.684 1141.91
Little: 126.766 168.48 1125.03
Thumb: 2.88881 152.992 1231.78
Index: 78.2154 235.966 1136.39
Middle: 97.5927 214.009 1131.14
Ring: 109.784 149.335 1146.73
Little: 125.772 166.07 1121.39
Thumb: 2.67877 161.533 1226.78
Index: 79.6503 241.275 1132.25
Middle: 99.4689 216.683 1131.35
Ring: 110.799 152.925 1150.41
Little: 126.07 167.381 1123.6
Thumb: 4.65081 152.873 1225.11
Index: 71.278 241.976 1131.55
Middle: 92.6833 214.437 1132.48
Ring: 110.309 153.155 1147.52
Little: 123.838 157.063 1119
Thumb: 13.6305 150.115 1223.18
Index: 81.3175 229.184 1134.43
Middle: 98.2802 201.307 1133.1
Ring: 114.615 145.985 1145.97
Little: 126.048 153.63 1115.81
Thumb: 11.3166 167.389 1213.82
Index: 91.3977 221.83 1120.83
Middle: 106.873 197.611 1120.16
Ring: 114.368 145.428 1148.74
Little: 127.119 147.9 1111.17
Thumb: 14.4501 163.303 1217.43
Index: 92.7316 220.986 1124
Middle: 108.031 199.7 1119.03
Ring: 118.378 150.355 1148.94
Little: 127.884 159.552 1106.25
Thumb: 10.8552 160.645 1215.13
Index: 89.7903 214.578 1129.58
Middle: 109.333 199.084 1116.85
Ring: 120.216 150.646 1145.82
Little: 130.274 165.264 1101.36
Thumb: 10.8977 162.963 1216.4
Index: 78.2997 202.226 1135.72
Middle: 104.638 194.188 1116.68
Ring: 118.744 150.744 1146.34
Little: 128.726 172.72 1093.76
Thumb: -0.580929 133.595 1230.15
Index: 88.0909 203.325 1132.79
Middle: 112.124 185.494 1122.11
Ring: 109.914 145.821 1159.55
Little: 132.259 166.469 1099.33
Thumb: 28.4864 165.711 1218.44
Index: 81.2853 205.234 1134.15
Middle: 107.952 192.97 1117.56
Ring: 110.025 149.775 1153.67
Little: 123.897 177.258 1094.66
Thumb: 4.14437 144.228 1222.4
Index: 82.9284 216.461 1127.35
Middle: 102.003 201.525 1115.2
Ring: 102.39 148.737 1150.71
Little: 120.401 177.661 1095.33
Thumb: -10.7201 140.754 1212.44
Index: 75.3482 212.242 1129.97
Middle: 99.0941 198.82 1121.68
Ring: 98.9976 147.085 1150.29
Little: 118.536 181.419 1096.94
Thumb: -4.11694 147.153 1220.2
Index: 79.1105 207.614 1125.71
Middle: 102.59 197.369 1108.5
Ring: 105.78 145.532 1148.36
Little: 121.732 154.125 1101.26
Thumb: -5.10014 149.443 1221.86
Index: 70.3302 203.272 1123.71
Middle: 99.0064 197.387 1107.8
Ring: 109.933 150.107 1147.18
Little: 120.1 155.691 1098.06
Thumb: -1.13805 75.2794 1226.43
Index: 73.2582 201.794 1126.59
Middle: 102.077 193.667 1110.01
Ring: 108.579 143.994 1149.09
Little: 119.931 151.19 1100.4
Thumb: -8.47538 145.492 1224.08
Index: 70.6067 203.017 1128.34
Middle: 100.505 198.567 1107.31
Ring: 109.356 147.648 1146.86
Little: 116.701 145.289 1102.31
Thumb: -8.96244 147.029 1223.38
Index: 69.6951 200.939 1130.58
Middle: 100.375 194.912 1107.7
Ring: 106.92 145.808 1148.17
Little: 117.099 145.286 1102.18
Thumb: -9.70087 134.472 1229.86
Index: 82.1577 200.149 1121.66
Middle: 111.941 192.352 1093.26
Ring: 112.06 144.711 1144.41
Little: 119.354 144.656 1098.71
Thumb: -7.4043 156.803 1222
Index: 95.1925 211.448 1109.04
Middle: 107.345 201.737 1099.36
Ring: 113.523 145.238 1144.92
Little: 120.396 150.159 1097.67
Thumb: -4.41203 155.291 1224.03
Index: 82.9886 205.378 1121.96
Middle: 98.4978 209.241 1106.21
Ring: 121.198 152.058 1138.58
Little: 117.707 160.69 1091.15
Thumb: -10.1425 148.617 1225.58
Index: 82.9354 223.021 1105.33
Middle: 89.4151 211.146 1115.81
Ring: 117.093 156.569 1142.43
Little: 113.974 164.757 1097.15
Thumb: -5.59226 150.682 1227.92
Index: 78.2644 226.045 1097.52
Middle: 85.7696 206.581 1120.67
Ring: 117.243 157.802 1140.2
Little: 111.666 167.762 1093.76
Thumb: -9.10297 150.001 1225.48
Index: 88.2089 217.428 1109.16
Middle: 95.8048 203.314 1121.14
Ring: 119.127 149.635 1142.4
Little: 116.658 160.375 1095.59
Thumb: -10.1136 151.227 1225.31
Index: 87.9005 220.231 1109.56
Middle: 93.7876 202.823 1122.06
Ring: 117.382 148.571 1143.41
Little: 118.199 162.072 1093.97
Thumb: -9.88032 156.595 1225.41
Index: 86.0937 212.463 1111.85
Middle: 96.8666 201.218 1117.29
Ring: 120.012 150.885 1139.86
Little: 118.017 146.469 1098.96
Thumb: -11.7478 157.344 1223.54
Index: 91.8085 215.782 1112.85
Middle: 98.4919 205.863 1118.09
Ring: 121.171 151.369 1143.01
Little: 119.015 137.832 1104.44
Thumb: -11.904 153.48 1224.46
Index: 89.6155 217.194 1114.55
Middle: 96.3563 207.86 1118.72
Ring: 120.456 151.939 1143.94
Little: 119.299 139.897 1104.98
Thumb: -12.0276 153.074 1223.51
Index: 91.7357 213.449 1124.14
Middle: 98.5096 208.058 1125.57
Ring: 117.465 142.396 1147.14
Little: 119.725 134.052 1108.6
Thumb: 11.369 145.807 1228.4
Index: 91.7881 212.633 1122.16
Middle: 100.144 212.581 1121.82
Ring: 121.443 142.254 1138.27
Little: 126.484 143.291 1101.89
Thumb: 7.14231 154.385 1226.22
Index: 94.8173 213.682 1120.31
Middle: 108.717 209.638 1116.87
Ring: 124.215 138.96 1132.98
Little: 127.871 142.763 1095.95
Thumb: 11.9519 147.182 1229.37
Index: 94.6958 216.53 1121.54
Middle: 107.346 211.878 1117.17
Ring: 123.155 137.493 1130.44
Little: 127.037 159.951 1090.35
Thumb: 12.1375 146.71 1226.83
Index: 93.9413 209.917 1124.18
Middle: 111.827 207.219 1112.62
Ring: 125.109 137.048 1128.31
Little: 127.882 156.193 1088.75
Thumb: 9.22396 143.065 1233
Index: 89.2251 203.616 1130.65
Middle: 110.844 209.005 1111.64
Ring: 123.149 131.873 1123.99
Little: 126.284 153.984 1087.66
Thumb: 28.877 52.296 1217.29
Index: 87.9574 206.267 1134.69
Middle: 107.9 224.264 1111.98
Ring: 123.945 136.836 1109.86
Little: 122.919 166.914 1078.52
Thumb: 28.239 114.472 1230.97
Index: 91.3159 207.407 1133.72
Middle: 109.529 235.122 1110.36
Ring: 127.937 140.522 1109.66
Little: 125.513 169.64 1079.4
Thumb: 25.5366 120.897 1231.08
Index: 90.7758 210.933 1132.73
Middle: 107.822 239.371 1103.92
Ring: 127.881 140.588 1111.09
Little: 125.729 170.305 1078.81
Thumb: 29.8998 117.455 1226.49
Index: 90.4314 212.406 1134.37
Middle: 106.891 243.222 1103.14
Ring: 91.7648 136.301 1091.2
Little: 124.744 157.718 1072.48
Thumb: 38.9122 114.61 1229.38
Index: 90.7541 214.2 1135.89
Middle: 103.173 244.114 1104.47
Ring: 98.1285 136.417 1091.73
Little: 122.6 161.246 1070.25
Thumb: 47.5518 112.799 1229.56
Index: 96.7325 234.722 1128.47
Middle: 113.51 238.586 1104.85
Ring: 103.084 137.094 1089.55
Little: 120.928 164.11 1065.84
Thumb: 49.9162 74.7085 1218.66
Index: 93.9416 229.085 1133.28
Middle: 116.603 232.007 1109.78
Ring: 103.842 139.958 1090.57
Little: 119.315 173.25 1065.51
Thumb: 50.9732 101.39 1229.95
Index: 102.396 221.664 1137.01
Middle: 118.999 228.307 1109.01
Ring: 103.684 139.173 1091.86
Little: 111.685 187.146 1068.67
Thumb: 175.973 85.6248 1156.08
Index: 137.766 203.712 1039.6
Middle: 129.532 215.648 1021.59
Ring: 100.558 121.353 1015.5
Little: 80.2774 166.541 1004.07
Thumb: 176.238 67.4282 1139.97
Index: 135.641 214.31 1052.73
Middle: 129.621 228.21 1048.09
Ring: 98.5484 133.052 1012.79
Little: 79.4794 184.4 1014.04
Thumb: 181.644 64.0257 1132.42
Index: 133.902 214.852 1052.2
Middle: 130.781 220.567 1041.58
Ring: 93.5085 131.862 1010.25
Little: 75.9013 181.846 1014.74
Thumb: 169.948 47.813 1133.11
Index: 139.63 213.87 1073.88
Middle: 127.875 226.401 1051.73
Ring: 93.875 134.491 1014.25
Little: 82.3372 187.89 1023.45
Thumb: 149.525 65.8365 1153.37
Index: 110.459 221.929 1074.63
Middle: 104.809 234.049 1058.24
Ring: 92.1936 140.184 1019.99
Little: 77.3689 192.873 1023.67
Thumb: 137.239 64.2728 1144.09
Index: 106.965 216.783 1071.9
Middle: 96.5608 242.642 1064.5
Ring: 77.5673 143.199 1017.38
Little: 68.1546 198.526 1026.45
Thumb: 117.246 136.131 1157.9
Index: 111.655 214.813 1067.77
Middle: 96.3644 247.503 1069.28
Ring: 90.6945 188.994 1020.86
Little: 42.6267 176.486 1018.58
Thumb: 120.796 126.99 1160.15
Index: 108.962 212.67 1057.65
Middle: 90.9671 241.465 1060.95
Ring: 71.261 166.227 1011.66
Little: 32.3332 173.355 1023.07
Thumb: 122.223 124.877 1157
Index: 110.74 213.958 1058.6
Middle: 85.4111 246.015 1061.67
Ring: 71.0551 168.318 1010
Little: 32.8231 175.406 1021.15
Thumb: 123.696 124.885 1152.85
Index: 115.013 215.671 1063.17
Middle: 114.056 238.884 1071.48
Ring: 99.7714 204.752 1028.68
Little: 29.885 172.207 1022.29
Thumb: 125.39 124.143 1147.96
Index: 114.265 208.246 1058.37
Middle: 116.86 236.738 1069.05
Ring: 109.564 222.717 1054.84
Little: 29.2941 173.577 1022.06
Thumb: 132.855 120.931 1142.01
Index: 121.093 189.548 1044.49
Middle: 113.231 241.016 1074.8
Ring: 106.81 225.929 1057.28
Little: 31.3655 174.705 1021.3
Thumb: 136.728 122.826 1118.01
Index: 115.501 198.551 1049.54
Middle: 117.773 234.596 1073.8
Ring: 102.03 217.634 1048.5
Little: 24.5544 172.433 1022.12
Thumb: 127.709 131.075 1119.63
Index: 114.141 199.413 1053.51
Middle: 111.846 234.986 1066.23
Ring: 105.546 218.674 1049.86
Little: 20.7296 172.066 1021.54
Thumb: 136.238 127.4 1109.38
Index: 109.381 208.573 1050.9
Middle: 105.236 228.249 1053.63
Ring: 98.145 219.802 1036.14
Little: 19.1598 177.766 1019.98
Thumb: 134.326 132.186 1104.16
Index: 101.17 214.129 1050.87
Middle: 99.3585 236.687 1056.23
Ring: 90.8098 227.385 1041.86
Little: 13.76 179.694 1020.59
Thumb: 131.164 137.941 1097.48
Index: 91.815 214.051 1041.63
Middle: 91.858 233.309 1041.1
Ring: 80.3101 223.578 1025.43
Little: 5.06519 173.332 1016.54
Thumb: 124.377 144.697 1091.91
Index: 95.5741 207.598 1046.91
Middle: 103.066 222.508 1042.14
Ring: 87.1533 226.745 1036.7
Little: 10.0173 181.364 1017.19
Thumb: 124.428 150.653 1087.25
Index: 96.1498 200.628 1037.12
Middle: 97.4427 202.759 1020.48
Ring: 91.0783 225.275 1028.21
Little: 7.58999 181.841 1021.19
Thumb: 123.179 136.935 1089.85
Index: 98.3318 196.17 1033.61
Middle: 99.8918 199.37 1025.05
Ring: 93.0006 220.375 1021.08
Little: 5.18538 181.154 1035.89
Thumb: 121.092 138.436 1087.68
Index: 98.3072 191.202 1024.12
Middle: 88.4928 198.952 1024.21
Ring: 86.997 224.333 1021.89
Little: 3.04364 183.975 1029.76
Thumb: 120.961 141.706 1083.48
Index: 100.164 188.372 1016.87
Middle: 91.0051 199.298 1019.32
Ring: 88.1869 223.361 1016.75
Little: 3.57413 181.833 1024.01
Thumb: 121.741 141.514 1084.62
Index: 94.7919 193.873 1016.76
Middle: 90.124 206.493 1018.77
Ring: 81.6194 227.297 1015.86
Little: 0.59372 182.061 1021.72
Thumb: 121.697 136.305 1084.45
Index: 96.5058 189.263 1014.35
Middle: 86.9664 207.793 1015.42
Ring: 78.2967 224.78 1011.47
Little: 0.964327 180.712 1019.86
Thumb: 122.391 134.794 1082.82
Index: 103.008 220.465 1034.35
Middle: 83.5144 203.11 1014.66
Ring: 76.819 219.388 1003.38
Little: 0.616815 181.854 1019.85
Thumb: 122.074 137.725 1083.37
Index: 89.1401 227.996 1040.17
Middle: 82.8824 198.565 1017.46
Ring: 74.5215 219.394 1002.72
Little: 4.78126 183.824 1014.35
Thumb: 123.716 138.906 1083.06
Index: 86.9611 229.992 1040.57
Middle: 83.6787 199.557 1019.17
Ring: 59.2703 195.397 985.548
Little: 4.97899 181.164 1010.75
Thumb: 124.195 136.706 1083.07
Index: 91.1681 225.712 1036.55
Middle: 86.1815 199.156 1018.58
Ring: 70.884 209.656 994.406
Little: 8.51344 184.584 1011.16
Thumb: 123.73 138.257 1093.12
Index: 82.1571 239.701 1048.8
Middle: 79.1626 204.965 1012.2
Ring: 55.8529 194.335 985.834
Little: 4.94713 182.029 1008.83
Thumb: 125.771 131.706 1093.69
Index: 82.773 238.476 1047.94
Middle: 79.2746 202.944 1013
Ring: 50.6721 186.786 989.437
Little: 7.27012 183.68 1005.84
Thumb: 126.847 131.633 1093.47
Index: 80.294 241.35 1061.28
Middle: 79.2157 202.107 1012.37
Ring: 51.2986 186.377 989.384
Little: 9.57936 184.75 1006.21
Thumb: 126.162 130.746 1096.25
Index: 88.9504 241.748 1068.83
Middle: 79.0496 201.993 1016.08
Ring: 52.1339 187.882 992.246
Little: 16.278 193.427 1009.38
Thumb: 126.946 131.254 1097.97
Index: 87.323 237.35 1054.13
Middle: 77.1863 202.452 1019.23
Ring: 51.0892 189.703 996.91
Little: 20.7677 201.063 1018.34
Thumb: 127.552 135.344 1098.18
Index: 83.1659 240.004 1074.71
Middle: 81.8152 199.806 1026.23
Ring: 56.434 185.867 1000.92
Little: 28.3308 202.557 1023.46
Thumb: 119.864 143.802 1111.29
Index: 88.5111 235.932 1061.69
Middle: 81.9917 194.689 1014.72
Ring: 60.0362 190.374 1001.23
Little: 37.4063 212.434 1033.46
Thumb: 124.656 138.835 1099.47
Index: 89.2689 233.517 1057.07
Middle: 79.6288 189.515 1015.6
Ring: 61.1729 186.842 1000.24
Little: 41.2573 214.337 1034.31
Thumb: 126.639 135.164 1098.21
Index: 88.3297 233.816 1081.44
Middle: 80.6461 187.597 1020.24
Ring: 47.657 175.82 1010.37
Little: 38.9966 211.769 1039.9
Thumb: 124.604 141.23 1099.98
Index: 79.7236 236.91 1075.1
Middle: 75.644 186.38 1019.39
Ring: 44.7112 172.484 1008.46
Little: 33.313 209.975 1035.52
Thumb: 125.37 138.475 1109.22
Index: 81.5858 236.426 1086.64
Middle: 80.6203 189.224 1028.74
Ring: 42.8592 168.139 1016.03
Little: 37.5966 213.397 1047.51
Thumb: 125.016 140.67 1118.57
Index: 83.9734 239.614 1091.52
Middle: 76.9356 196.168 1032.29
Ring: 53.1182 173.619 1018.97
Little: 42.5154 215.914 1049.93
Thumb: 120.687 131.037 1135.77
Index: 86.1601 234.076 1096.84
Middle: 87.6829 186.734 1040.59
Ring: 58.9474 169.122 1028.68
Little: 50.3115 214.782 1055.59
Thumb: 118.821 137.654 1139.24
Index: 90.4554 234.749 1100.96
Middle: 87.2909 192.751 1043.84
Ring: 66.8317 179.563 1030.22
Little: 50.7606 214.483 1056.46
Thumb: 119.234 142.267 1139.51
Index: 88.6343 235.155 1104
Middle: 86.6187 190.715 1046.11
Ring: 67.833 182.814 1034.94
Little: 47.9307 213.968 1057.41
Thumb: 124.321 148.36 1125.14
Index: 97.9809 224.081 1063.07
Middle: 71.5312 219.686 1048.17
Ring: 52.4436 171.748 1032.54
Little: 53.2011 223.224 1072.34
Thumb: 120.359 152.504 1132.6
Index: 95.3286 228.101 1077.34
Middle: 71.521 220.685 1059.66
Ring: 50.384 170.669 1044.86
Little: 42.2124 210.762 1059.33
Thumb: 112.225 153.912 1146.09
Index: 96.0879 229.268 1082.37
Middle: 75.9992 222.253 1059.8
Ring: 57.9308 169.856 1045.87
Little: 47.9557 214.996 1060.4
Thumb: 106.128 164.413 1163.65
Index: 103.286 231.485 1095.15
Middle: 109.468 192.958 1058.14
Ring: 79.9529 145.024 1052.21
Little: 65.1479 207.926 1064.92
Thumb: 113.822 183.859 1155.69
Index: 104.285 246.789 1083.06
Middle: 117.162 179.452 1046.65
Ring: 99.4333 163.704 1033.35
Little: 66.9174 220.823 1058.18
Thumb: 149.805 164.674 1143.3
Index: 116.754 243.044 1071.41
Middle: 115.46 188.681 1035.47
Ring: 98.2558 177.156 1024.11
Little: 73.3038 230.476 1061.68
Thumb: 156.617 187.738 1072.21
Index: 84.0782 246.233 1038.95
Middle: 73.4036 186.261 1019.21
Ring: 46.1836 197.836 1015.44
Little: 45.3239 239.7 1080.49
Thumb: 145.178 175.43 1040.05
Index: 70.4671 251.856 1044.93
Middle: 46.173 194.392 1024.69
Ring: 19.8796 208.342 1030.76
Little: 38.3623 245.412 1101.11
Thumb: 145.227 154.216 1018.94
Index: 67.9979 238.983 1032.31
Middle: 44.4746 178.43 1024.57
Ring: 15.882 196.799 1026.1
Little: 37.0541 238.55 1094.92
Thumb: 120.242 187.111 1025.87
Index: 47.5682 241.292 1033.49
Middle: 37.9533 182.977 1034.05
Ring: 3.20218 194.607 1031.83
Little: 18.4257 235.728 1096.17
Thumb: 101.54 188.959 1050.16
Index: 41.5107 241.984 1039.88
Middle: 32.6491 182.595 1040.33
Ring: -2.52841 194.505 1038.75
Little: 3.41582 226.093 1090.45
Thumb: 80.6785 191.196 1051.52
Index: 29.9653 243.526 1049.23
Middle: 24.7268 197.331 1059.74
Ring: -16.3196 209.662 1051.87
Little: -5.61597 231.494 1103.59
Thumb: 93.0581 185.484 1041.39
Index: 43.0493 246.368 1069.96
Middle: 24.8292 194.626 1063.63
Ring: -13.4692 228.438 1059.25
Little: 11.1485 234.067 1118.64
Thumb: 109.721 173.122 1069.67
Index: 54.231 242.804 1070.26
Middle: 31.8909 194.378 1065.63
Ring: -1.6527 234.658 1055.9
Little: 12.1564 230.361 1103.97
Thumb: 113.735 160.893 1064.47
Index: 63.7087 238.286 1068.22
Middle: 36.6341 191.111 1065
Ring: 7.11881 229.24 1043.91
Little: 15.4795 230.508 1099.71
Thumb: 94.0218 177.032 1066.74
Index: 41.685 238.569 1062.22
Middle: 18.9924 192.501 1057.94
Ring: -7.10612 199.232 1046.6
Little: -14.4909 211.019 1092.61
Thumb: 102.063 167.57 1062.36
Index: 39.0803 244.404 1058.38
Middle: 13.468 219.867 1058.52
Ring: -9.92848 172.688 1041.55
Little: -23.4304 214.413 1088.43
Thumb: 115.698 118.622 1042.06
Index: 32.8318 240.896 1060.89
Middle: 10.1025 218.599 1057.39
Ring: -10.8255 166.696 1033.97
Little: -22.3778 206 1081.56
Thumb: 111.515 111.979 1046.17
Index: 37.915 237.569 1056.52
Middle: 16.1177 203.33 1057.36
Ring: -9.63593 186.467 1030.3
Little: -21.2017 208.393 1075.86
Thumb: 94.7457 105.803 1029.34
Index: 0.176838 195.231 1059.98
Middle: 21.7013 187.055 1049.53
Ring: -3.25882 196.97 1030.82
Little: -12.2188 206.269 1077.46
Thumb: 106.255 115.271 1042.37
Index: 36.6307 234.544 1048.61
Middle: 22.0473 172.786 1053.16
Ring: -8.94064 191.914 1027.98
Little: -19.638 207.796 1070.08
Thumb: 111.145 116.324 1046.51
Index: 31.1285 223.634 1034.5
Middle: 24.4418 159.238 1060.68
Ring: -12.1146 191.876 1028.86
Little: -21.5758 204.689 1070.28
Thumb: 114.779 100.976 1045.66
Index: 31.5352 219.685 1027.95
Middle: 24.097 159.427 1058.5
Ring: -11.6046 191.233 1027.95
Little: -19.7694 203.519 1068.11
Thumb: 113.06 101.786 1045.91
Index: 35.9126 218.143 1025.62
Middle: 22.7812 168.195 1053.62
Ring: -7.82844 187.832 1027.28
Little: -16.884 205.707 1065.68
Thumb: 118.882 104.815 1055.59
Index: 31.3224 218.193 1024.76
Middle: 12.3125 178.513 1024.89
Ring: -11.0282 191.396 1028.5
Little: -20.3962 206.663 1061.34
Thumb: 104.019 120.125 1055.45
Index: 38.2846 222.758 1031.37
Middle: 19.5305 174.091 1027.07
Ring: -3.2156 193.099 1024.15
Little: -17.8942 202.619 1063.56
Thumb: 101.471 120.896 1049.61
Index: 43.8218 162.68 1001.82
Middle: 14.6801 179.486 1025.74
Ring: -7.13892 191.8 1023.75
Little: -20.0902 201.602 1063
Thumb: 98.64 109.371 1047.63
Index: 53.3815 152.788 1003.71
Middle: 25.2711 186.672 1017.12
Ring: 7.63184 199.493 1023.34
Little: -6.57155 207.022 1063.42
Thumb: 98.2221 112.459 1050.68
Index: 52.6986 157.986 1003.89
Middle: 23.7991 192.195 1014.96
Ring: 4.29377 195.002 1021.32
Little: -11.0541 205.851 1059.99
Thumb: 96.033 111.155 1049.77
Index: 51.0048 158.678 1002.78
Middle: 23.0998 197.433 1014.69
Ring: 5.57427 196.493 1022.66
Little: -13.5674 202.15 1059.47
Thumb: 97.04 114.496 1050.52
Index: 50.8309 158.336 1003.88
Middle: 19.0797 196.632 1015.43
Ring: 4.88079 196.593 1023.99
Little: -11.1495 206.78 1062.85
Thumb: 96.3548 116.151 1049.31
Index: 51.1387 157.475 1004.38
Middle: 19.8594 183.869 1013.91
Ring: 4.86152 198.252 1024.44
Little: -12.3521 205.179 1063.7
Thumb: 99.1632 111.77 1047.27
Index: 49.4101 155.49 1003.05
Middle: 17.5316 190.266 1011.46
Ring: 3.95551 197.148 1023.96
Little: -14.0374 201.914 1064.92
Thumb: 102.019 115.271 1048.23
Index: 46.9949 157.467 1002.77
Middle: 14.0553 186.158 1010.67
Ring: -0.795192 194.597 1023.83
Little: -18.7904 199.512 1065.84
Thumb: 103.344 114.831 1054.78
Index: 50.129 159.122 1005.92
Middle: 18.271 185.322 1011.86
Ring: 2.24126 193.054 1023.43
Little: -15.8787 204.307 1057.61
Thumb: 86.0087 51.8956 1044.35
Index: 47.1475 160.748 1005.07
Middle: 14.537 194.04 1014.27
Ring: -1.07687 195.282 1023.97
Little: -18.1201 205.959 1057.5
Thumb: 103.332 115.888 1051.79
Index: 46.8667 160.132 1005.86
Middle: 9.73535 227.617 1040.78
Ring: -1.34214 198.43 1020.38
Little: -14.5029 207.359 1058.62
Thumb: 91.2786 61.2431 1038.12
Index: 47.0868 159.141 1004.87
Middle: 8.94921 223.877 1036.8
Ring: -1.13263 197.121 1019.12
Little: -16.2214 203.641 1058.33
Thumb: 101.775 117.748 1048.47
Index: 46.8168 158.346 1004.22
Middle: 12.5733 201.063 1045.59
Ring: -0.238479 211.005 1015.41
Little: -16.5788 203.275 1057.29
Thumb: 108.998 112.073 1056.09
Index: 49.1592 160.814 1005.44
Middle: 11.2241 217.065 1040.5
Ring: 3.69591 209.484 1014.19
Little: -14.6809 205.98 1056.72
Thumb: 112.332 116.161 1054.28
Index: 43.8419 166.228 1004.76
Middle: 6.22935 209.269 1040.01
Ring: -1.84938 208.115 1015.42
Little: -18.9671 206.157 1059.67
Thumb: 115.207 122.006 1058.81
Index: 46.7505 167.368 1005.62
Middle: 7.06455 207.24 1037.44
Ring: -3.0164 202.661 1012.97
Little: -17.1845 210.076 1058.52
Thumb: 117.503 120.757 1061.4
Index: 50.3325 162.054 1006.32
Middle: 9.40052 214.328 1042.16
Ring: 3.61398 214.555 1016.01
Little: -11.6257 215.424 1059.2
Thumb: 117.178 119.563 1064.5
Index: 48.4024 164.927 1005.17
Middle: 9.61233 215.495 1041.89
Ring: 3.75068 208.715 1013.22
Little: -9.12228 219.642 1060.82
Thumb: 117.638 130.777 1071.76
Index: 44.3218 167.208 1004.21
Middle: 6.66857 199.407 1042.61
Ring: -12.447 220.138 1019.75
Little: -20.8207 210.684 1058.7
Thumb: 122.121 125.759 1073.71
Index: 51.9356 168.992 1005.51
Middle: 16.639 200.068 1044.95
Ring: -1.40192 230.394 1025.45
Little: -13.4679 209.296 1058.22
Thumb: 128.744 112.554 1079.26
Index: 62.4767 165.359 1005.15
Middle: 26.4193 206.497 1042.91
Ring: 17.8001 214.899 1014.54
Little: -6.30667 205.709 1056.74
Thumb: 133.425 122.699 1071.9
Index: 61.6178 170.387 1004.15
Middle: 26.672 203.243 1048.66
Ring: 26.8535 218.355 1017.49
Little: -7.07809 202.679 1059.52
Thumb: 139.554 129.255 1084.46
Index: 74.3486 172.905 1009.67
Middle: 36.7109 205.288 1054.18
Ring: 36.9912 218.901 1018.53
Little: -1.49638 203.909 1056.05
