Thumb: 32.9554 91.7207 1121.92
Index: -64.5745 28.1944 1098.23
Middle: -101.42 40.8207 1097.63
Ring: -124.543 62.0639 1082.41
Little: -141.773 103.039 1080.87
Thumb: 42.4299 90.0874 1100.96
Index: -67.6063 29.3372 1090.58
Middle: -99.3875 42.3589 1102.89
Ring: -124.332 62.3362 1083.4
Little: -133.873 94.3827 1081.06
Thumb: 27.0338 88.5963 1101.77
Index: -72.1111 35.6621 1088.31
Middle: -101.95 45.5488 1096.64
Ring: -122.287 63.2331 1077.02
Little: -136.552 98.7875 1076.02
Thumb: 14.9783 88.1522 1106.47
Index: -77.9218 36.8418 1103.27
Middle: -108.94 48.3327 1109.97
Ring: -125.77 61.526 1090.47
Little: -140.2 97.2986 1089.24
Thumb: 11.9925 87.7154 1106.19
Index: -82.5143 35.7917 1099.14
Middle: -111.729 45.0436 1104.97
Ring: -128.142 60.7718 1090.48
Little: -142.323 94.3477 1085.71
Thumb: 9.84924 83.5181 1104.6
Index: -83.8016 32.093 1093.69
Middle: -112.522 42.2885 1100.01
Ring: -129.788 57.402 1072.43
Little: -141.625 93.3838 1080.61
Thumb: 5.21025 89.7608 1109.93
Index: -84.5467 33.5756 1112.95
Middle: -117.607 34.3978 1094.68
Ring: -131.682 51.6781 1094.49
Little: -142.148 89.0379 1100.67
Thumb: 1.50038 83.4873 1105.95
Index: -86.4121 31.7889 1118.98
Middle: -124.146 35.3039 1109.67
Ring: -136.374 51.2939 1107.16
Little: -146.848 87.1125 1104.78
Thumb: 3.27081 88.9716 1104.18
Index: -96.9978 36.8523 1107.86
Middle: -120.729 41.3396 1114.43
Ring: -132.077 51.393 1105.53
Little: -141.674 91.9621 1109.44
Thumb: 0.577828 89.5302 1106.49
Index: -99.3896 38.5191 1111.52
Middle: -125.748 39.8869 1105.67
Ring: -134.899 52.0654 1104.87
Little: -139.396 93.7451 1114.3
Thumb: -14.2661 93.98 1108.98
Index: -100.905 37.8538 1109.89
Middle: -125.519 40.6774 1109.3
Ring: -135.434 54.2907 1107.67
Little: -140.986 93.5975 1112
Thumb: -11.1411 91.1276 1108.83
Index: -101.832 39.9793 1110.36
Middle: -123.279 39.68 1110.82
Ring: -133.325 52.7586 1107.81
Little: -139.883 94.0714 1113.21
Thumb: -12.7657 90.1476 1107.19
Index: -104.506 37.2522 1091.88
Middle: -122.445 41.0036 1111.5
Ring: -131.04 54.845 1109.31
Little: -137.159 97.7473 1114.34
Thumb: -10.2552 89.6703 1107.41
Index: -101.172 36.5803 1090.53
Middle: -121.452 37.5719 1098.14
Ring: -124.405 56.2339 1113.65
Little: -141.25 86.6134 1104.73
Thumb: -10.3301 93.5421 1104.17
Index: -93.5706 34.9921 1100.62
Middle: -112.013 32.3645 1104.26
Ring: -116.736 51.2206 1117.79
Little: -137.535 77.564 1101.18
Thumb: -10.0612 96.2438 1106.28
Index: -85.4741 31.8294 1099.49
Middle: -102.231 31.08 1103.76
Ring: -112.084 50.1851 1108.35
Little: -122.351 75.6149 1101.31
Thumb: -0.934309 103.225 1109.22
Index: -74.1167 32.2123 1098.44
Middle: -98.4376 27.3087 1095.47
Ring: -97.1762 38.385 1103.62
Little: -106.503 66.8688 1099.84
Thumb: 6.14278 106.022 1102.97
Index: -62.4108 32.2912 1096.31
Middle: -92.2788 27.1049 1094
Ring: -81.4415 32.6638 1100.34
Little: -91.5345 59.98 1098.43
Thumb: 12.3074 105.617 1104.74
Index: -54.5973 33.3577 1096.03
Middle: -78.9013 21.4106 1086.49
Ring: -75.8745 32.8252 1098.15
Little: -83.2944 58.8654 1095.95
Thumb: 22.8538 98.8338 1100.56
Index: -49.1533 30.087 1094.07
Middle: -66.7829 17.8068 1093.49
Ring: -61.6377 54.723 1118.2
Little: -77.7199 55.2651 1090.58
Thumb: 33.4713 97.3899 1101.81
Index: -40.5972 31.0674 1098.18
Middle: -58.1257 16.662 1090.12
Ring: -55.2059 60.5468 1120.23
Little: -70.5291 54.6399 1085.66
Thumb: 41.1675 100.506 1106
Index: -31.054 29.8027 1100.15
Middle: -51.9159 17.4664 1093.56
Ring: -49.7113 60.6274 1121.77
Little: -63.9997 55.6773 1089.31
Thumb: 38.1943 100.43 1105.4
Index: -21.6277 31.2526 1103.62
Middle: -48.1973 22.6667 1104.44
Ring: -39.909 59.3491 1122.57
Little: -54.002 54.0275 1096.9
Thumb: 54.9883 98.4759 1090.71
Index: -20.3368 24.6191 1095.89
Middle: -42.8452 17.3926 1102.2
Ring: -34.4343 56.2838 1123.84
Little: -49.7001 52.4436 1100.63
Thumb: 61.1033 97.8099 1092.09
Index: -6.66428 27.5011 1108.1
Middle: -35.5373 15.9463 1104.74
Ring: -29.6071 50.5434 1121.76
Little: -42.6694 49.8189 1100.23
Thumb: 70.2887 98.5164 1099.99
Index: -4.12965 26.3557 1109.99
Middle: -31.0071 11.3333 1097.02
Ring: -21.0441 57.4485 1129.59
Little: -37.9371 45.6233 1093.86
Thumb: 78.583 99.3942 1107.18
Index: 11.1353 21.022 1111.64
Middle: -26.0753 9.49212 1099.34
Ring: -9.6487 44.502 1127.85
Little: -25.832 38.6092 1095
Thumb: 91.1025 101.789 1099.69
Index: 16.0868 17.6407 1105.84
Middle: -13.7269 5.99948 1099.51
Ring: -3.77162 50.4815 1124.4
Little: -18.5743 35.2313 1094.56
Thumb: 100.561 105.843 1101.16
Index: 29.0654 21.9067 1105.35
Middle: -4.44597 5.36954 1092.68
Ring: 3.70156 41.6634 1121.14
Little: -8.76784 33.88 1089.96
Thumb: 102.778 98.4198 1096.68
Index: 36.8594 21.604 1103.83
Middle: 9.19813 7.30459 1102
Ring: 11.3955 38.6874 1121.21
Little: -0.637289 35.2998 1092.17
Thumb: 100.817 95.3354 1106.35
Index: 45.3098 37.2421 1117.16
Middle: 16.7803 8.39637 1106.51
Ring: 9.15481 35.777 1121.67
Little: -1.50343 37.3579 1092.95
Thumb: 117.554 103.437 1100.09
Index: 60.0267 31.0049 1117.57
Middle: 16.8693 5.37249 1107.6
Ring: 20.2816 39.6646 1130.54
Little: 13.8692 25.9371 1085.32
Thumb: 122.746 104.693 1097.19
Index: 62.5582 23.3278 1111.93
Middle: 20.8819 3.21787 1099.55
Ring: 33.8379 31.5619 1127.7
Little: 19.0258 25.478 1092.11
Thumb: 133.154 106.119 1103.14
Index: 68.2098 28.3166 1115.76
Middle: 26.7079 3.23776 1099.15
Ring: 35.1832 34.3609 1127.44
Little: 22.4056 25.1533 1087.09
Thumb: 138.003 102.978 1101.65
Index: 80.4985 46.9673 1131.6
Middle: 31.8021 15.5033 1110.8
Ring: 24.7255 30.4774 1121.59
Little: 22.7142 29.6228 1087.52
Thumb: 144.115 102.768 1099.94
Index: 88.7621 49.9491 1131.55
Middle: 38.8866 15.446 1111.8
Ring: 31.0486 29.8339 1123.72
Little: 31.2582 29.9353 1089.12
Thumb: 148.21 103.479 1104.14
Index: 87.7449 49.2849 1132.32
Middle: 39.5806 15.5653 1109.98
Ring: 30.0966 30.228 1122.06
Little: 32.7832 30.4161 1088.28
Thumb: 154.634 107.13 1104.58
Index: 94.7314 55.8739 1127.89
Middle: 51.0059 15.6957 1117.14
Ring: 34.523 24.2644 1116.96
Little: 34.9765 28.717 1085.94
Thumb: 163.325 106.913 1102.36
Index: 97.2652 52.3913 1129.61
Middle: 54.2057 16.6408 1116.49
Ring: 35.1103 25.2741 1118.84
Little: 37.5235 29.1689 1087.83
Thumb: 162.951 112.935 1105.52
Index: 86.6062 8.58572 1093.02
Middle: 58.3254 15.2401 1116.47
Ring: 43.5783 37.6998 1135.17
Little: 42.4292 28.6795 1085.95
Thumb: 165.3 109.038 1110.74
Index: 92.2903 32.7226 1122.6
Middle: 56.223 19.4848 1119.73
Ring: 41.8035 44.9911 1138.18
Little: 40.9384 32.462 1089.7
Thumb: 164.994 108.249 1107.35
Index: 90.4114 28.941 1124.77
Middle: 52.619 9.3189 1110.19
Ring: 42.4203 45.5234 1141.04
Little: 37.7242 30.2064 1091.35
Thumb: 165.845 105.192 1106.72
Index: 88.1638 25.0234 1119.71
Middle: 51.4481 5.53058 1104.72
Ring: 49.378 62.8069 1149.53
Little: 34.3156 29.6835 1088.79
Thumb: 165.256 103.593 1111.62
Index: 93.1761 44.0085 1121.24
Middle: 48.4187 11.2862 1108.74
Ring: 47.2878 65.79 1148.1
Little: 28.2886 35.64 1083.62
Thumb: 164.058 100.689 1112.61
Index: 87.174 42.5652 1121.47
Middle: 41.9586 11.6324 1098.02
Ring: 42.8326 68.4914 1147.92
Little: 24.5356 38.9538 1081.67
Thumb: 165.821 99.49 1107.44
Index: 85.562 42.959 1123.52
Middle: 38.0518 9.42481 1092.9
Ring: 50.1549 81.7894 1156.87
Little: 22.003 43.6347 1093.5
Thumb: 162.545 103.176 1115.79
Index: 82.4143 44.3415 1122.07
Middle: 37.7682 10.1687 1089.95
Ring: 47.2975 85.7853 1156.51
Little: 20.7697 49.5932 1095.34
Thumb: 155.225 96.9157 1115.59
Index: 76.4926 44.6882 1121.41
Middle: 29.4254 14.039 1090.37
Ring: 41.4939 83.0637 1157.63
Little: 15.1973 53.6162 1095.6
Thumb: 147.657 96.0012 1115.68
Index: 71.1555 45.9648 1122.83
Middle: 23.7355 15.0487 1092.97
Ring: 40.3943 87.2105 1160.45
Little: 8.03276 55.6201 1098.23
Thumb: 145.481 90.6285 1114.51
Index: 79.8861 64.5651 1136.68
Middle: 15.204 17.1383 1088.96
Ring: 37.2744 89.5026 1157.11
Little: 2.9957 57.1593 1093.32
Thumb: 134.924 90.5174 1113.75
Index: 68.1896 56.4415 1130.86
Middle: 8.31807 21.7406 1093.49
Ring: 34.0515 88.4136 1157.97
Little: 3.34558 61.9687 1096.52
Thumb: 125.263 94.5281 1123.08
Index: 65.0345 63.6715 1138.19
Middle: 2.50114 20.9091 1089.52
Ring: 22.4883 89.3163 1154.05
Little: -0.718298 58.2765 1086.56
Thumb: 117.542 92.6932 1126.2
Index: 54.9825 68.3106 1148.06
Middle: -3.50707 18.8465 1092.54
Ring: 11.9129 96.0189 1155.42
Little: -5.44711 58.2293 1091.91
Thumb: 103.232 95.8464 1125.84
Index: 42.0431 59.8802 1140.5
Middle: -7.68772 23.0831 1097.09
Ring: 7.90602 96.7617 1156.73
Little: -11.5379 62.4535 1091.52
Thumb: 95.4883 96.6734 1123.58
Index: 36.0428 54.9873 1138.23
Middle: -16.7226 21.0873 1102.97
Ring: 5.17156 96.1179 1162.53
Little: -19.8959 60.5605 1100.77
Thumb: 89.107 98.1666 1126.63
Index: 38.1363 62.1644 1133.68
Middle: -22.9935 24.5582 1103.14
Ring: 0.087913 100.273 1162.5
Little: -24.0822 60.8646 1098.09
Thumb: 86.2125 95.1662 1129.07
Index: 34.6291 66.5437 1133.05
Middle: -26.5036 21.1882 1105.73
Ring: -4.50044 105.616 1175.61
Little: -31.5324 64.1271 1106.78
Thumb: 83.2709 96.4996 1133.08
Index: 31.2563 72.7424 1133.74
Middle: -32.6855 25.9521 1100.73
Ring: -12.6055 111.479 1170.61
Little: -37.0952 72.2651 1106.71
Thumb: 72.6582 102.044 1141.5
Index: 25.5612 80.5677 1140.81
Middle: -35.5749 20.9752 1103.47
Ring: -27.0805 108.224 1174.76
Little: -44.2171 67.3354 1109.58
Thumb: 65.9767 101.849 1160.11
Index: 14.2606 84.4661 1147.25
Middle: -37.0613 22.9395 1102.84
Ring: -45.5616 106.594 1169.64
Little: -50.1396 73.8124 1104.87
Thumb: 22.3926 113.009 1189.12
Index: -15.348 95.0347 1155.25
Middle: -48.826 27.5713 1104.12
Ring: -75.7886 119.366 1137.35
Little: -47.8421 70.4755 1083.84
Thumb: 14.1535 117.426 1208.79
Index: -32.2715 97.008 1155.16
Middle: -49.8739 25.5048 1106.46
Ring: -51.0436 35.4603 1095.5
Little: -41.1699 69.8208 1078.73
Thumb: 6.7858 118.649 1206.94
Index: -24.8834 95.5794 1143.73
Middle: -46.016 30.9996 1094.87
Ring: -48.9344 43.4671 1083.7
Little: -37.435 79.8592 1069.51
Thumb: -2.5416 120.539 1190.72
Index: -28.1752 97.9778 1145.78
Middle: -52.5496 33.0771 1098.37
Ring: -53.7741 44.6676 1085.64
Little: -42.4126 80.5817 1071.31
Thumb: -54.3213 137.503 1116.18
Index: -45.0853 98.1945 1144.52
Middle: -54.584 29.2503 1103.52
Ring: -60.7571 45.2791 1086.95
Little: -46.1417 79.1379 1069.32
Thumb: -44.5383 146.52 1085.06
Index: -47.7379 100.032 1145.74
Middle: -56.0586 30.7277 1107.91
Ring: -63.9986 48.5545 1089.75
Little: -45.6213 79.5973 1070.99
Thumb: -81.1949 139.345 1098.2
Index: -79.678 98.4833 1121.11
Middle: -61.9324 28.6836 1092.78
Ring: -57.0445 41.378 1077.4
Little: -37.3181 70.726 1064.24
Thumb: -83.2291 136.278 1076.4
Index: -76.6097 102.95 1116.83
Middle: -63.0136 28.7559 1113.52
Ring: -63.0301 38.3258 1092.92
Little: -39.0711 61.5639 1078.87
Thumb: -91.2112 146.519 1063.85
Index: -77.5505 103.64 1106.43
Middle: -92.9226 43.2488 1073.65
Ring: -73.0964 60.6108 1084.85
Little: -51.7485 64.0436 1061.06
Thumb: -91.5478 152.367 1056.85
Index: -91.1792 83.9474 1088.98
Middle: -98.1464 55.9076 1054.93
Ring: -75.4558 58.7373 1082.67
Little: -50.9984 63.7281 1060.95
Thumb: -61.3942 109.361 1061.62
Index: -99.1008 66.9685 1093.05
Middle: -103.483 57.9638 1053.17
Ring: -77.8369 48.4954 1093.24
Little: -52.9778 56.8357 1066.01
Thumb: -94.7134 112.532 1111.85
Index: -100.852 72.2679 1086.35
Middle: -92.2786 75.1632 1041.92
Ring: -76.517 53.7977 1089.32
Little: -49.709 61.1098 1065.79
Thumb: -130.053 168.577 1105.67
Index: -97.656 73.4128 1083.01
Middle: -85.4157 86.9397 1038.77
Ring: -73.672 55.7079 1088.12
Little: -45.7338 64.2416 1066.26
Thumb: -128.157 187.609 1115.33
Index: -101.291 79.3307 1082.59
Middle: -86.8519 89.9843 1040.38
Ring: -78.4253 59.2454 1088.27
Little: -48.7372 60.4401 1080.02
Thumb: -124.262 191.969 1106.77
Index: -97.749 78.0351 1081.44
Middle: -81.6631 79.1856 1036.77
Ring: -75.7712 59.599 1086.99
Little: -44.8686 59.4179 1079.47
Thumb: -127.484 194.898 1114.5
Index: -104.198 75.7514 1085.2
Middle: -84.1824 99.1892 1033.83
Ring: -81.4859 58.598 1086.65
Little: -49.8695 57.409 1079.08
Thumb: -130.655 193.922 1103.5
Index: -104.844 78.9154 1077.56
Middle: -74.5391 108.533 1045.28
Ring: -83.7439 58.573 1088.31
Little: -50.2573 56.4282 1084.24
Thumb: -129.317 192.933 1090.51
Index: -99.8921 74.2641 1078.72
Middle: -75.385 80.7488 1032.94
Ring: -84.6056 60.9443 1085.38
Little: -48.0468 56.2813 1085.59
Thumb: -123.758 188.479 1079.62
Index: -99.8667 71.7851 1079.15
Middle: -72.6646 79.5333 1035.05
Ring: -81.4203 60.8545 1086.22
Little: -46.8016 57.4001 1087.16
Thumb: -123.618 184.111 1073.03
Index: -92.012 70.815 1070.14
Middle: -70.8046 81.8439 1028.26
Ring: -84.2518 61.0598 1080.62
Little: -48.6275 55.916 1084.47
Thumb: -128.223 186.689 1068.95
Index: -91.7585 71.5068 1068.05
Middle: -70.9538 81.1516 1025.85
Ring: -82.4162 62.6291 1070.07
Little: -49.6029 55.7556 1086.84
Thumb: -130.047 185.831 1061.82
Index: -92.0968 121.623 1025.41
Middle: -68.8873 72.9534 1020.42
Ring: -83.0044 54.4644 1073.26
Little: -49.103 53.9064 1082.98
Thumb: -127.371 189.31 1058.4
Index: -88.9481 119.899 1019.24
Middle: -69.2758 59.0231 1019.23
Ring: -82.8499 55.5468 1071.42
Little: -50.4551 54.7598 1083.63
Thumb: -127.434 190.68 1060.03
Index: -88.5513 126.232 1016.94
Middle: -68.8607 59.314 1017.78
Ring: -81.8118 56.6015 1069.18
Little: -50.5229 55.2598 1082.54
Thumb: -127.595 187.714 1056.83
Index: -87.8118 120.3 1015.02
Middle: -59.1884 97.2586 995.82
Ring: -80.8325 53.1299 1068.14
Little: -50.916 50.6269 1082.2
Thumb: -123.235 193.508 1054.45
Index: -84.9937 124.929 1012.06
Middle: -57.0504 99.6767 993.025
Ring: -80.1598 57.532 1066.11
Little: -49.2748 55.0606 1077.04
Thumb: -123.187 193.36 1052.4
Index: -83.2407 121.915 1002.83
Middle: -54.8849 106.635 990.643
Ring: -78.9787 56.2508 1065.02
Little: -47.9764 53.7127 1075.5
Thumb: -124.155 190.703 1050.31
Index: -88.0168 106.249 1016.66
Middle: -61.2362 93.6387 990.047
Ring: -80.5836 59.5667 1062.83
Little: -44.2175 57.8267 1064.76
Thumb: -124.729 191.321 1051.97
Index: -88.8319 106.192 1019.85
Middle: -63.2329 89.6976 993.066
Ring: -81.6666 59.5191 1066.29
Little: -40.8508 59.3464 1063.32
Thumb: -124.772 192.183 1051.67
Index: -86.5581 106.859 1017.54
Middle: -64.357 95.1906 990.09
Ring: -79.7132 58.2836 1061.74
Little: -44.9914 56.0308 1070.03
Thumb: -124.914 188.981 1053.45
Index: -87.9562 96.9185 1013.37
Middle: -65.8599 93.2672 992.554
Ring: -76.5139 58.724 1065
Little: -43.0606 56.1213 1071.44
Thumb: -124.543 191.254 1053.06
Index: -86.6812 99.204 1010.99
Middle: -63.2439 96.4529 992.133
Ring: -71.5878 58.5777 1065.37
Little: -41.2987 58.7136 1072.55
Thumb: -124.158 192.165 1054.29
Index: -91.0176 90.5158 1021.63
Middle: -59.1585 106.567 994.661
Ring: -67.9071 60.3496 1071.59
Little: -41.4786 59.7959 1080.24
Thumb: -127.45 198.673 1068.38
Index: -85.3951 98.4796 1016.98
Middle: -58.8891 100.649 995.036
Ring: -66.0119 47.9579 1071.1
Little: -37.3347 56.3419 1080.73
Thumb: -127.489 179.962 1064.24
Index: -83.4242 90.4151 1022.13
Middle: -58.1736 96.837 997.848
Ring: -62.0866 47.0606 1076.82
Little: -31.6414 57.1439 1081.77
Thumb: -126.924 176.895 1068.26
Index: -81.3876 85.6812 1026.15
Middle: -56.6582 94.2731 1000.02
Ring: -60.8615 46.6993 1083.43
Little: -28.7626 56.8243 1081.98
Thumb: -126.432 171.09 1069.97
Index: -77.4847 85.7782 1023.83
Middle: -52.6855 96.8633 998.22
Ring: -53.6884 43.5812 1080.96
Little: -21.9241 57.5299 1076.68
Thumb: -124.221 171.223 1081.12
Index: -77.4803 101.722 1022.42
Middle: -48.2239 100.214 1001.89
Ring: -51.4724 41.7204 1080.47
Little: -17.3431 51.8246 1083.1
Thumb: -114.834 165.616 1075.17
Index: -66.4397 104.333 1023.58
Middle: -37.8539 92.58 1002.19
Ring: -47.4925 43.2495 1080.92
Little: -8.12804 51.9291 1081.82
Thumb: -110.38 162.227 1070.34
Index: -59.9208 123.858 1044.69
Middle: -25.827 90.6955 1003.84
Ring: -39.8165 40.268 1081.66
Little: -0.875749 50.617 1086.53
Thumb: -107.916 158.319 1072.2
Index: -53.0718 122.145 1051.84
Middle: -19.9162 89.978 1003.84
Ring: -32.0795 37.7031 1082.21
Little: 6.07595 49.3611 1085.28
Thumb: -103.513 154.332 1075.38
Index: -47.8922 118.804 1055.61
Middle: -21.041 84.2366 1007.52
Ring: -26.9892 37.1917 1087.56
Little: 13.1341 48.8354 1087.02
Thumb: -95.9156 153.316 1070.84
Index: -39.2478 113.98 1051.83
Middle: -7.82147 95.0733 1006.25
Ring: -18.0891 35.9856 1086.23
Little: 22.0757 47.4557 1088.6
Thumb: -78.7237 215.846 1077.41
Index: -44.5697 130.729 1054.35
Middle: -22.3688 104.615 1007.04
Ring: -53.8837 56.2754 1083.32
Little: -14.7322 48.6804 1088.77
Thumb: -81.7853 150.478 1070.02
Index: -26.8948 107.623 1057.81
Middle: 2.54035 80.2224 1006.97
Ring: 3.17082 26.0375 1082.12
Little: 30.7101 34.4306 1087.32
Thumb: -86.1597 149.814 1080.14
Index: -23.9363 104.322 1056.3
Middle: 4.74854 73.7574 1009.38
Ring: 4.76951 29.9148 1085.76
Little: 40.0061 37.1884 1088.86
Thumb: -77.0627 149.229 1071.68
Index: -18.0441 109.87 1058.97
Middle: 9.98401 78.7191 1009.35
Ring: 10.2282 32.6688 1086.9
Little: 42.8321 37.4639 1091.4
Thumb: -76.3625 142.556 1083.99
Index: -13.5509 98.0527 1056.54
Middle: 17.8646 70.3037 1009.45
Ring: 17.3417 24.3781 1087.67
Little: 51.7938 33.9315 1092.11
Thumb: -75.9596 132.675 1087.08
Index: -10.1015 97.4722 1053.31
Middle: 22.3066 76.5099 1004.85
Ring: 27.6628 27.3158 1080.14
Little: 62.9862 39.6701 1084.94
Thumb: -71.3044 140.675 1085.71
Index: 1.69347 93.114 1038.28
Middle: 35.2442 77.9228 1005.85
Ring: 35.245 30.332 1082.51
Little: 71.4093 43.7122 1087.23
Thumb: -63.1123 139.031 1085.3
Index: 3.09797 97.6119 1040.88
Middle: 40.6113 86.9987 1007.57
Ring: 40.1802 34.5951 1081.99
Little: 75.5146 44.8409 1088.99
Thumb: -57.2972 143.795 1088.64
Index: 10.6807 97.468 1040.38
Middle: 46.7892 82.9907 1007.19
Ring: 45.0496 35.6626 1082.22
Little: 80.3998 44.8139 1088.6
Thumb: -47.9638 148.285 1095.09
Index: 15.3503 87.9869 1035.81
Middle: 46.3369 84.7526 1007.6
Ring: 43.7868 37.3941 1078.17
Little: 79.2228 42.5696 1090.04
Thumb: -46.2382 148.019 1099.2
Index: 14.6787 78.3611 1034.42
Middle: 45.3263 86.4952 1007.84
Ring: 42.6851 35.179 1084.73
Little: 79.5673 41.7514 1089.09
Thumb: -40.4737 151.269 1109.57
Index: 11.2517 80.5773 1042.75
Middle: 37.1739 83.8217 1013.6
Ring: 43.5535 39.1867 1087.58
Little: 80.0819 42.591 1090.98
Thumb: -30.4857 153.906 1115.16
Index: 10.3493 83.3676 1048.76
Middle: 26.641 71.4764 1022.12
Ring: 43.5396 40.0925 1089.14
Little: 79.0063 46.7342 1063.33
Thumb: -25.8678 157.691 1124.35
Index: 12.1817 84.676 1049.45
Middle: 28.8992 74.224 1022.09
Ring: 45.4557 40.33 1088.53
Little: 94.4006 69.7022 1055.02
Thumb: -19.1808 162.974 1138.16
Index: -1.79017 97.5124 1067
Middle: 8.26985 85.7854 1039.02
Ring: 35.3054 53.2612 1095.69
Little: 73.0256 68.4211 1057.16
Thumb: -4.82795 173.791 1150.86
Index: 28.929 52.8116 1095.85
Middle: 10.2343 88.7483 1036.04
Ring: 36.3866 51.8127 1083.91
Little: 76.362 71.1427 1048.13
Thumb: -6.33247 167.436 1147.78
Index: 26.406 57.2853 1101.51
Middle: -0.533821 99.8852 1046.64
Ring: 30.5001 58.0111 1085.58
Little: 65.8268 72.2423 1057.23
Thumb: -0.824873 175.748 1161.05
Index: 31.4557 62.7179 1097.66
Middle: -1.08618 84.444 1056.26
Ring: 35.3048 58.6355 1085.14
Little: 65.1194 76.8125 1053.39
Thumb: 8.79347 177.406 1172.79
Index: 31.9878 76.7067 1099.73
Middle: -3.58196 110.365 1054.44
Ring: 37.6513 67.6831 1082.52
Little: 62.6023 89.3657 1050.43
Thumb: 1.10155 169.594 1166.09
Index: 27.3592 78.7328 1097.25
Middle: 23.9527 55.5304 1055.17
Ring: 28.7607 64.5586 1077.3
Little: 65.4631 84.7856 1046.59
Thumb: 14.3001 172.902 1175.18
Index: 23.7202 95.452 1109.37
Middle: 27.9444 47.4598 1074.37
Ring: 24.0168 59.213 1092.62
Little: 63.7141 115.899 1028.83
Thumb: 24.0243 174.143 1178.63
Index: 25.4745 91.6478 1110.85
Middle: 30.1653 41.5224 1081.52
Ring: 22.341 62.3122 1096.17
Little: 58.2933 111.888 1031.49
Thumb: 33.4343 177.421 1175.78
Index: 26.2401 93.5111 1107.12
Middle: 30.0702 43.8169 1079.15
Ring: 26.3083 64.5073 1096.04
Little: 54.0088 114.325 1026.45
Thumb: 34.4191 171.826 1179.07
Index: 31.4028 60.4844 1105.32
Middle: 32.0143 37.3006 1096.03
Ring: 24.0262 63.3199 1098.42
Little: 53.0961 116.05 1029.09
Thumb: 40.8761 171.856 1183.64
Index: 31.7955 65.9854 1106.79
Middle: 31.9919 40.379 1089.37
Ring: 28.7198 63.0201 1099.71
Little: 50.8531 115.764 1030.74
Thumb: 42.7066 174.357 1189.16
Index: 29.4784 67.0964 1111.52
Middle: 27.5623 41.8934 1094.28
Ring: 29.8232 57.8395 1108.66
Little: 50.4031 116.028 1034.97
Thumb: 48.5005 174.735 1192.84
Index: 26.1342 67.2201 1113.83
Middle: 10.4011 60.3901 1096.06
Ring: 23.6278 59.7205 1108.35
Little: 50.8171 116.729 1035.32
Thumb: 43.0476 176.349 1201.77
Index: 27.629 67.074 1117.21
Middle: 15.3907 60.3429 1101.03
Ring: 20.2015 61.7594 1106.71
Little: 70.3006 119.308 1047.13
Thumb: 43.2483 173.759 1206.36
Index: 29.6216 62.0506 1119.94
Middle: 17.8197 54.5462 1114.24
Ring: 21.0627 58.9501 1112.77
Little: 69.1988 112.786 1054.94
Thumb: 40.1677 170.589 1205.56
Index: 25.9186 65.5694 1121.45
Middle: 14.0256 58.5734 1124
Ring: 18.8955 59.9016 1112.1
Little: 74.0708 118.279 1054.04
Thumb: 37.4481 162.298 1199.19
Index: 31.8706 60.9104 1117.24
Middle: 31.3852 47.4123 1125.32
Ring: 24.2586 57.3854 1107.86
Little: 75.0838 119.293 1049.03
Thumb: 41.5158 166.384 1194.24
Index: 26.4649 65.5406 1114.2
Middle: 34.227 47.117 1129.29
Ring: 19.318 62.8944 1107.88
Little: 70.4477 119.555 1045.27
Thumb: 39.2888 167.927 1193.64
Index: 26.3745 65.2849 1112.81
Middle: 30.8766 48.2942 1126.7
Ring: 19.3778 61.201 1103.22
Little: 72.0082 120.259 1044.87
Thumb: 32.1777 163.051 1184.45
Index: 20.6398 64.2406 1119.2
Middle: 25.086 45.4514 1136.51
Ring: 12.0763 61.3826 1112.25
Little: 72.6508 108.276 1048.02
Thumb: 27.418 162.282 1183.77
Index: 19.0234 67.4734 1121.12
Middle: 24.6028 46.4181 1135.86
Ring: 13.0505 62.724 1113.49
Little: 67.4042 106.256 1052.63
Thumb: 21.6364 157.722 1183.51
Index: 13.943 66.2594 1112.55
Middle: 18.4253 43.9214 1125.92
Ring: 10.2412 61.4227 1105.87
Little: 65.5793 107.837 1050.25
Thumb: 13.657 150.426 1179.27
Index: 8.48307 68.797 1111.54
Middle: 14.2918 45.6137 1128.52
Ring: 5.8833 62.6861 1104.32
Little: 61.2914 105.741 1051.45
Thumb: 6.51259 148.206 1178.16
Index: 10.4162 64.138 1111.36
Middle: 16.5577 41.4554 1132.28
Ring: 7.85326 57.1691 1106.11
Little: 65.1649 102.906 1054.52
Thumb: 2.20045 142.987 1178.43
Index: 11.2575 60.1789 1111.01
Middle: 16.945 38.6835 1130.36
Ring: 10.3979 51.3015 1107.86
Little: 65.4567 101.495 1055.83
Thumb: -3.55225 140.488 1171.3
Index: 12.2621 52.1805 1108.78
Middle: 9.84805 39.0335 1137.05
Ring: 9.23055 45.7121 1102.13
Little: 67.3743 95.6539 1052.42
Thumb: -9.74751 127.068 1161.7
Index: 5.23798 51.1698 1110.51
Middle: 5.06872 38.5948 1133.31
Ring: 9.4807 39.4917 1108.34
Little: 60.7905 99.0473 1048.83
Thumb: -7.89064 135.874 1167.79
Index: 6.73352 49.7455 1105.93
Middle: -1.83359 40.5184 1127.91
Ring: 11.0371 36.3471 1110.04
Little: 58.2102 95.9664 1047
Thumb: -10.2108 132.719 1165.69
Index: 4.76892 51.5886 1103.97
Middle: -8.56675 46.521 1118.12
Ring: 10.723 37.3331 1109.1
Little: 59.3655 97.8496 1047.67
Thumb: -13.0321 128.995 1162.94
Index: 16.8249 37.2176 1105.08
Middle: -6.81461 44.2582 1115.8
Ring: 8.96321 37.4869 1102.32
Little: 57.1112 100.627 1043.95
Thumb: -17.3362 121.805 1151.23
Index: 17.4832 33.9974 1109.77
Middle: -10.5248 46.8327 1107.32
Ring: 9.554 37.0746 1100.36
Little: 56.8138 100.712 1040.39
Thumb: -18.1452 122.335 1147.13
Index: 11.4387 34.6426 1110.17
Middle: -14.635 50.3018 1102.99
Ring: 5.75262 37.3045 1099.38
Little: 55.3575 98.0276 1038.75
Thumb: -18.1782 122.988 1147.85
Index: 5.95891 37.1618 1108
Middle: -16.127 52.8406 1101.87
Ring: 0.918807 40.1809 1097.85
Little: 47.4259 98.4265 1035.56
Thumb: -18.413 117.753 1141.6
Index: 3.81099 40.761 1114.73
Middle: -20.6858 59.4514 1106.1
Ring: 4.65133 40.2535 1111.95
Little: 42.6398 98.8167 1037.69
Thumb: -19.6846 128.518 1143.96
Index: -15.6921 49.4929 1117.96
Middle: -31.0934 64.4482 1113.74
Ring: -6.8664 44.489 1120.97
Little: 32.0785 91.1935 1036.91
Thumb: -23.9215 116.763 1140.64
Index: -19.1934 45.8937 1130.75
Middle: -43.9715 61.7781 1122.73
Ring: -19.5245 45.6802 1128.18
Little: 25.3439 86.8126 1043.42
Thumb: -27.0628 119.837 1139.91
Index: -24.3351 49.3193 1133.78
Middle: -49.7408 65.759 1124.78
Ring: -26.977 49.9537 1127.79
Little: 13.9188 84.787 1040.24
Thumb: -26.104 121.949 1136.97
Index: -27.039 51.8432 1130.66
Middle: -51.3054 68.4395 1122.18
Ring: -29.7789 52.6842 1123.79
Little: 11.3833 85.325 1035.44
Thumb: -29.6695 120.108 1132.74
Index: -29.6785 50.8301 1129.75
Middle: -55.5494 66.1977 1121.01
Ring: -32.1034 51.6809 1123.01
Little: 23.7687 90.5447 1029.81
Thumb: -34.7332 119.451 1129.13
Index: -42.5452 56.1971 1129.21
Middle: -64.0895 71.5179 1121.49
Ring: -41.6607 56.3438 1121.77
Little: 17.081 87.4545 1029.61
Thumb: -33.2981 123.419 1138.35
Index: -36.1331 54.1906 1125.96
Middle: -60.3033 69.9571 1123.61
Ring: -37.1826 54.1726 1125.17
Little: 13.7555 92.1208 1030.01
Thumb: -35.2085 122.541 1133.7
Index: -40.6956 54.5676 1121.35
Middle: -63.6502 72.1429 1116.54
Ring: -38.6448 56.0133 1119.49
Little: 11.9689 91.1903 1027.36
Thumb: -36.2532 120.998 1133.7
Index: -41.3665 54.1607 1121.76
Middle: -64.7502 71.4824 1117.76
Ring: -40.009 60.1822 1111.75
Little: 14.5639 92.0411 1030.35
Thumb: -37.9581 120.611 1133.46
Index: -42.5179 54.1534 1119.86
Middle: -65.416 68.7443 1115.95
Ring: -41.5872 56.6343 1112.08
Little: 11.2091 94.9213 1025.51
Thumb: -41.6151 124.593 1135.93
Index: -43.6434 53.4983 1120.12
Middle: -68.8228 69.8336 1117.65
Ring: -42.7944 54.8853 1118.89
Little: 7.13867 94.2339 1025.87
Thumb: -43.961 120.096 1134.07
Index: -46.9451 54.4515 1120.08
Middle: -70.8204 65.2113 1123.45
Ring: -39.2011 60.6999 1112.52
Little: 8.05071 89.4888 1029.68
Thumb: -44.776 122.979 1138.66
Index: -46.1787 53.3933 1118.81
Middle: -70.3391 64.0161 1119.61
Ring: -38.0109 60.3895 1111.61
Little: 9.21994 90.8452 1030.18
Thumb: -35.234 147.578 1162.74
Index: -43.1702 47.7369 1110.21
Middle: -61.3653 66.4059 1107.29
Ring: -33.8451 54.3991 1106.77
Little: 4.26379 96.5337 1023.1
Thumb: -42.285 142.273 1158.18
Index: -35.6021 41.1652 1098.56
Middle: -50.1338 65.5082 1091.37
Ring: -25.1849 47.4533 1098.56
Little: 8.71963 98.1459 1018.77
Thumb: -28.5979 141.897 1164.95
Index: -32.0964 42.1183 1105.79
Middle: -46.2501 65.5634 1096.56
Ring: -26.1083 50.3964 1096.44
Little: 9.33609 100.584 1018.71
Thumb: -44.0172 138.297 1150.17
Index: -34.4973 47.0236 1108.42
Middle: -44.9714 63.9816 1099.19
Ring: -26.1715 51.2489 1098.75
Little: 3.15332 101.573 1018.35
Thumb: -49.8508 145.27 1142.83
Index: -34.4962 51.0615 1100.04
Middle: -42.2787 61.0742 1090.97
Ring: -26.6102 52.3504 1090.82
Little: 7.51977 101.204 1015.52
Thumb: -53.9865 141.979 1143.67
Index: -37.0229 50.2083 1100.52
Middle: -40.5055 57.3361 1086.07
Ring: -31.3945 41.3311 1096.81
Little: 16.0401 96.8762 1024.81
Thumb: -51.3037 148.604 1152.53
Index: -35.4613 48.5587 1096
Middle: -30.2514 69.6499 1077.8
Ring: -27.3815 49.8122 1091.48
Little: 18.9489 98.5602 1025.63
Thumb: -50.3384 156.494 1148.74
Index: -33.2214 40.3599 1094.02
Middle: -28.7148 57.6811 1065.78
Ring: -27.1931 44.4032 1087.51
Little: 13.6412 93.7979 1024.71
Thumb: -51.1883 156.239 1147.79
Index: -23.7294 35.2988 1097.94
Middle: -28.4618 53.0152 1064
Ring: -27.4232 43.7413 1086.12
Little: 15.1835 92.7827 1025.1
Thumb: -55.8189 163.529 1147.34
Index: -20.6934 36.1638 1102.14
Middle: -26.4033 57.5822 1067.39
Ring: -21.0302 41.7308 1082.77
Little: 17.0229 93.9053 1028.38
Thumb: -64.1968 155.233 1143.61
Index: -10.709 34.2142 1104.26
Middle: -22.0679 57.4148 1069.77
Ring: -11.8408 38.7257 1077.98
Little: 20.8311 95.4777 1029.52
Thumb: -68.5334 156.871 1139.6
Index: -18.1684 41.8974 1101.25
Middle: -21.3667 55.7799 1066.13
Ring: -15.0322 43.024 1070.51
Little: 23.055 91.0803 1033.94
Thumb: -69.4569 161.323 1132.39
Index: -26.919 51.4885 1100.27
Middle: -23.1627 57.3229 1068.27
Ring: -13.0487 43.0661 1079.18
Little: 26.6222 86.4383 1040.36
Thumb: -81.3163 161.494 1123.04
Index: -35.8518 49.4302 1085.34
Middle: -15.7475 54.2355 1064.29
Ring: -7.54656 40.8849 1079.12
Little: 27.2102 80.198 1040.91
Thumb: -83.6588 164.934 1120.44
Index: -36.9211 62.7601 1078.41
Middle: -10.722 56.0008 1069.54
Ring: 9.87624 41.9128 1077.25
Little: 30.7009 82.2124 1044.56
Thumb: -82.5441 168.184 1116.38
Index: -38.6225 60.8838 1079.2
Middle: -16.7728 65.4101 1058.38
Ring: 11.7008 42.7213 1070.86
Little: 30.7286 81.7906 1043.78
Thumb: -83.0779 167.989 1110.86
Index: -36.7926 59.4321 1078.63
Middle: -17.9614 67.2822 1043.6
Ring: 13.9754 39.8405 1075.42
Little: 36.4296 80.3544 1049.62
Thumb: -81.2026 164.063 1093.87
Index: -40.5991 62.4577 1093.3
Middle: -21.0512 72.8169 1051.78
Ring: 4.01871 65.6273 1064.6
Little: 33.9965 79.3237 1060.01
Thumb: -78.6538 159.647 1089.15
Index: -42.4559 62.2954 1086.18
Middle: -18.7557 76.4599 1044.88
Ring: 1.42258 49.7628 1062.92
Little: 38.1244 78.8194 1060.18
Thumb: -75.8892 160.197 1089.29
Index: -41.7558 61.395 1089.99
Middle: -17.9385 78.1906 1046.14
Ring: 5.90445 91.562 1044.11
Little: 39.142 77.3508 1063
Thumb: -69.4178 156.061 1091.19
Index: -45.4188 54.6826 1086.47
Middle: -16.5384 99.4557 1049.27
Ring: 2.95867 90.4691 1047.07
Little: 39.6459 78.9683 1057.98
Thumb: -73.0532 145.307 1086.42
Index: -49.3288 47.1319 1091.69
Middle: -18.5026 92.0731 1045.23
Ring: 1.02646 84.2966 1043.75
Little: 32.7586 70.4436 1055.85
Thumb: -70.767 139.173 1097.44
Index: -50.5924 44.5076 1101.27
Middle: -14.9717 107.414 1043.72
Ring: 4.76122 97.1963 1045.35
Little: 32.0565 69.9166 1055.39
Thumb: -74.8261 130.7 1099.18
Index: -49.0938 36.9165 1094.29
Middle: -16.8032 103.911 1041.26
Ring: 11.5289 103.203 1044.82
Little: 33.4045 72.0939 1049.7
Thumb: -73.7541 128.19 1094.37
Index: -53.7211 36.1586 1091.89
Middle: -15.9988 105.316 1041.12
Ring: 11.2273 100.239 1041.96
Little: 30.0009 67.7144 1043.64
Thumb: -73.35 122.999 1088.98
Index: -54.1384 33.5675 1077.38
Middle: -8.67843 112.011 1045.02
Ring: 10.5142 96.059 1037.23
Little: 32.2128 65.6639 1039.07
Thumb: -71.5914 113.788 1088.14
Index: -52.7547 35.1596 1064.16
Middle: -8.75698 108.723 1048.55
Ring: 15.7186 100.6 1043.81
Little: 36.1121 67.8207 1038.21
Thumb: -31.4469 75.9283 1087.11
Index: -53.126 39.9714 1057.91
Middle: -18.6814 85.2459 1017.67
Ring: 14.8183 97.8471 1042.33
Little: 36.9035 67.7104 1036
Thumb: -19.7287 75.6162 1077.39
Index: -53.9529 42.6914 1051.99
Middle: -12.8267 97.5915 1057.11
Ring: -8.86582 51.6739 1048.8
Little: 36.0031 73.8658 1033.37
Thumb: -38.5432 78.5798 1090.08
Index: -56.9889 43.0651 1055.73
Middle: -17.1536 97.5959 1056.8
Ring: -16.61 49.7656 1053.75
Little: 15.5142 58.2936 1034.21
Thumb: -42.4496 79.4269 1098.38
Index: -56.2263 47.2611 1048.58
Middle: -17.1047 89.4757 1051.98
Ring: -19.3469 49.2199 1050.81
Little: 9.62171 46.0766 1039.33
Thumb: -46.9322 80.1457 1098.88
Index: -57.234 50.7757 1041.4
Middle: -18.498 91.2997 1047.93
Ring: -23.1846 47.6108 1044.37
Little: 8.70658 48.8194 1034.52
Thumb: -59.1816 206.571 1075.72
Index: -81.8418 57.2827 1075.13
Middle: -29.8511 103.609 1044.05
Ring: -55.3919 63.4221 1048.32
Little: -21.0759 52.1678 1032.75
Thumb: -61.6697 216.785 1076.81
Index: -83.8358 54.4077 1074.54
Middle: -33.816 112.409 1032.27
Ring: -62.1134 67.5046 1048.99
Little: -23.1191 55.2982 1030.84
Thumb: -64.4376 210.657 1088.4
Index: -78.8994 53.5109 1065.93
Middle: -32.7774 121.389 1018.29
Ring: -45.9121 78.245 1029.72
Little: -38.454 42.1964 1050.01
Thumb: -62.3622 209.93 1091.98
Index: -78.8664 48.5853 1067.39
Middle: -36.1072 121.051 1016.33
Ring: -43.8937 81.7684 1024.24
Little: -32.8663 46.2876 1041.73
Thumb: -67.9742 212.602 1084.35
Index: -82.0286 43.5597 1070.8
Middle: -37.1106 115.61 1025.7
Ring: -48.8208 77.8997 1023.92
Little: -30.187 46.7893 1040.29
Thumb: -56.5873 224.977 1093.24
Index: -84.9133 45.3619 1070.91
Middle: -36.8529 116.488 1026.96
Ring: -52.6256 81.8362 1024.85
Little: -36.0806 48.8042 1037.37
Thumb: -55.1653 228.528 1089.66
Index: -85.5845 48.7025 1063.89
Middle: -21.4715 119.069 1037.41
Ring: -51.9078 81.9275 1021.68
Little: -38.6219 46.8596 1037.92
Thumb: -62.5443 224.996 1075.59
Index: -82.9977 43.3688 1064.08
Middle: -33.2913 126.04 1039.63
Ring: -50.4831 76.8077 1018.22
Little: -35.8008 42.6445 1039.9
Thumb: -60.3069 226.032 1073.27
Index: -83.7903 51.1652 1062.89
Middle: -33.9516 126.8 1039.54
Ring: -48.7461 80.5833 1018.23
Little: -33.755 46.8389 1037.69
Thumb: -61.2138 225.98 1075.95
Index: -82.307 50.7952 1060.49
Middle: -31.001 129.399 1042
Ring: -45.7327 80.9328 1016.87
Little: -33.1439 46.2835 1035.81
Thumb: -65.4427 222.274 1073.27
Index: -83.0992 48.805 1060.8
Middle: -31.0202 125.855 1045.61
Ring: -49.3474 77.347 1019.18
Little: -34.3956 44.5012 1035.32
Thumb: -78.4493 224.567 1057.62
Index: -54.6898 69.7012 1074.01
Middle: -13.871 149.096 1046.17
Ring: -58.7888 69.6574 1057.32
Little: 0.110655 74.2528 1050.19
Thumb: -70.6187 230.844 1067.49
Index: -58.201 70.4461 1073.18
Middle: -18.2715 144.029 1010.42
Ring: -51.2908 61.3485 1058.06
Little: -2.35666 74.3215 1052.12
Thumb: -66.8762 232.991 1078.89
Index: -63.1549 69.2535 1076.86
Middle: -18.2617 151.146 1021.4
Ring: -58.1005 61.9418 1059.71
Little: -22.1362 64.2703 1061.52
Thumb: -13.0774 13.052 1103.18
Index: 122.736 133.917 1068.75
Middle: 47.5688 126.567 1008.77
Ring: 120.805 144.502 1056.48
Little: 97.1394 168.896 1063.93
Thumb: -12.3676 -3.29619 1121.3
Index: 113.086 144.822 1066.04
Middle: 65.5269 140.697 1006.82
Ring: 109.94 145.57 1055.34
Little: 72.6073 177.085 1060.18
Thumb: -13.9024 -2.83425 1109.59
Index: 97.2458 133.94 1043.86
Middle: 65.2836 146.458 1014.11
Ring: 106.436 142.702 1058.14
Little: 73.2513 174.661 1070.69
Thumb: -23.2221 -1.15183 1120.68
Index: 85.9513 120.062 1046.17
Middle: 76.336 143.277 1022.14
Ring: 114.88 143.433 1073.62
Little: 74.9553 176.093 1073.38
Thumb: -50.3884 -2.94303 1130.43
Index: 79.1301 134.04 1055.09
Middle: 87.3387 170.768 1043.18
Ring: 100.625 155.157 1069.13
Little: 11.6421 180.382 1050.05
Thumb: 4.79539 3.84537 1141.38
Index: 81.7062 134.445 1058.14
Middle: 94.0318 176.863 1050.1
Ring: 101.475 158.613 1063.64
Little: 13.2877 181.643 1054.6
Thumb: -14.0534 12.1837 1154.12
Index: 87.4149 120.27 1058.12
Middle: 108.634 159.117 1049.69
Ring: 115.748 140.691 1070.96
Little: 31.1003 179.131 1051.93
Thumb: -27.3386 40.4487 1181.37
Index: 83.1814 78.9195 1060.24
Middle: 126.405 105.062 1053.02
Ring: 106.17 89.5492 1066.29
Little: 79.5815 137.567 1050.5
Thumb: -19.5713 28.2681 1170.63
Index: 84.8625 119.215 1073.48
Middle: 118.584 111.837 1054.82
Ring: 105.383 95.9725 1074.1
Little: 62.1499 141.485 1051.56
Thumb: -17.0252 38.0834 1179.53
Index: 111.842 128.099 1069.47
Middle: 80.4672 135.937 1032.68
Ring: 114.632 137.145 1066.05
Little: 52.3926 173.407 1050.64
Thumb: -14.0142 45.0239 1200.09
Index: 116.493 137.62 1073.14
Middle: 73.6589 138.608 1035.55
Ring: 113.638 142.076 1068.37
Little: 51.6899 176.711 1053.6
Thumb: -5.23839 37.8924 1192.38
Index: 118.271 140.989 1071.99
Middle: 77.4255 144.14 1034.95
Ring: 119.249 146.124 1068.97
Little: 54.0901 177.927 1054.04
Thumb: 3.52183 29.7882 1191.53
Index: 114.529 147.667 1068.04
Middle: 73.3088 152.079 1035.1
Ring: 112.709 152.666 1063.03
Little: 47.2903 181.92 1057.15
Thumb: 1.95257 32.8124 1195.2
Index: 115.305 143.707 1069.13
Middle: 70.6324 145.036 1036.22
Ring: 113.421 149.943 1062.6
Little: 47.9338 179.242 1056.55
Thumb: 6.34951 35.1922 1191.74
Index: 125.578 144.609 1066.79
Middle: 57.7296 127.041 1032.43
Ring: 124.021 144.79 1062.64
Little: 55.3533 177.055 1050.49
Thumb: 18.1305 25.3929 1169.44
Index: 126.028 150.318 1049.88
Middle: 65.6694 141.128 1023.94
Ring: 124.911 151.528 1051.35
Little: 63.4295 186.109 1048.83
Thumb: 26.4885 22.0453 1164.16
Index: 119.848 150.438 1042.08
Middle: 62.8505 140.32 1019.71
Ring: 122.39 154.394 1043.93
Little: 42.0101 189.581 1061.86
Thumb: 33.8002 18.3599 1155.16
Index: 115.294 153.968 1035.84
Middle: 61.9327 147.392 1013.16
Ring: 121.659 159.405 1039.17
Little: 39.3252 192.166 1068.41
Thumb: 32.8978 8.55544 1146.72
Index: 115.782 150.027 1037.89
Middle: 63.5979 150.89 1011.03
Ring: 128.29 156.738 1043.1
Little: 36.3948 190.939 1074.63
Thumb: 134.068 60.3756 1084.4
Index: 78.1041 233.158 1046.63
Middle: 32.1647 190.368 1022.22
Ring: 72.9603 241.967 1053.7
Little: -0.753868 188.92 1090.91
Thumb: 137.834 89.4695 1094.67
Index: 92.3063 220.592 1039.15
Middle: 35.9964 185.435 1020.72
Ring: 46.056 209.118 1023.21
Little: 9.42904 191.603 1088.2
Thumb: 137.213 83.7534 1072.29
Index: 105.479 203.02 1030.32
Middle: 47.9305 182.064 1009.07
Ring: 80.2942 202.81 1018.02
Little: 16.8174 190.369 1077.97
Thumb: 141.951 91.5467 1079.36
Index: 93.4477 205.022 1022.39
Middle: 41.87 185.996 1010.44
Ring: 65.0748 203.228 1020.06
Little: 18.9349 188.666 1084.9
Thumb: 137.393 71.6183 1073.69
Index: 93.5553 199.053 1022.96
Middle: 45.3834 186.777 1010.08
Ring: 55.5907 192.64 1016.91
Little: 16.126 185.504 1076.5
Thumb: 134.438 61.8091 1073.4
Index: 94.8547 198.188 1024.15
Middle: 45.8407 186.41 1011.13
Ring: 55.1548 191.301 1016.82
Little: 16.6558 186.963 1070.82
Thumb: 126.281 51.5134 1073.3
Index: 96.6406 192.09 1022.48
Middle: 43.9802 179.485 1012.6
Ring: 55.8197 188.499 1017.58
Little: 22.6998 189.959 1071.99
Thumb: 124.919 84.5547 1059.49
Index: 108.869 198.627 1042.77
Middle: 35.5529 180.802 1015.96
Ring: 35.0161 184.437 1027.42
Little: 18.7177 188.566 1079.01
Thumb: 128.893 72.3828 1065.62
Index: 105.073 198.537 1040.06
Middle: 36.4084 177.212 1015.06
Ring: 31.3831 180.708 1024.64
Little: 33.4025 195.708 1067.11
Thumb: 122.695 66.2021 1066.53
Index: 108.636 192.5 1038.69
Middle: 37.0195 175.636 1014.03
Ring: 31.9355 180.7 1024.13
Little: 35.2007 195.42 1066.22
Thumb: 118.69 63.7001 1064.91
Index: 105.515 189.939 1034.51
Middle: 35.6535 174.501 1014.7
Ring: 31.3727 181.133 1024.37
Little: 36.4979 195.608 1066.35
Thumb: 119.355 67.7358 1068.24
Index: 102.65 194.119 1040.7
Middle: 32.8673 175.228 1016.49
Ring: 30.2916 169.888 1051.07
Little: 31.6044 195.747 1068.12
Thumb: 116.562 76.1775 1063.23
Index: 102.482 196.262 1047.51
Middle: 23.5679 165.777 1014.89
Ring: 19.7357 165.16 1053.7
Little: 30.4791 196.08 1070.3
Thumb: 116.21 70.9289 1062.97
Index: 99.7363 195.619 1045.92
Middle: 28.0437 176.562 1015.97
Ring: 21.3079 168.111 1050.57
Little: 45.4835 203.954 1059.72
Thumb: 115.844 66.5784 1066.16
Index: 103.472 192.131 1043.35
Middle: 22.7884 169.4 1014.36
Ring: 22.6448 169.264 1049.3
Little: 58.6945 204.03 1061.7
Thumb: 119.75 65.7596 1074.65
Index: 101.106 192.861 1042.47
Middle: 24.0795 167.061 1013.45
Ring: 21.9139 167.106 1047.58
Little: 51.6013 202.595 1058.52
Thumb: 118.35 67.8719 1069.36
Index: 93.1724 190.579 1038.21
Middle: 22.1292 167.032 1015
Ring: 19.5428 165.295 1049.23
Little: 49.2257 201.558 1061.24
Thumb: 120.717 74.824 1074.27
Index: 100.366 190.931 1040.69
Middle: 19.1908 161.11 1014.08
Ring: 19.8698 167.303 1041.87
Little: 64.5993 202.341 1061.29
Thumb: 121.382 80.3333 1073.4
Index: 101.288 192.66 1041.69
Middle: 19.4632 163.059 1014.97
Ring: 20.0405 166.849 1046.12
Little: 33.3541 194.319 1068.06
Thumb: 115.477 98.4415 1080.39
Index: 108.658 186.402 1040.98
Middle: 23.0372 157.068 1019.44
Ring: 33.9677 184.46 1031.28
Little: 42.8441 191.594 1078.88
Thumb: 48.0816 140.101 1086.56
Index: 110.675 187.375 1043.02
Middle: 24.1933 154.517 1020.85
Ring: 36.0806 185.841 1030.01
Little: 43.3954 195.207 1079.27
Thumb: 47.3434 138.079 1086.77
Index: 109.103 185.265 1043.21
Middle: 30.2777 175.383 1014.79
Ring: 31.8975 184.488 1033.35
Little: 46.3517 196.797 1078.12
Thumb: 47.118 138.264 1087.99
Index: 108.878 183.26 1042.99
Middle: 30.0224 176.336 1017.85
Ring: 34.0179 186.25 1034.23
Little: 47.601 196.504 1081.45
Thumb: 51.4705 138.449 1087.24
Index: 110.907 178.392 1040.8
Middle: 32.8022 172.065 1016.8
Ring: 35.5357 180.615 1033.28
Little: 50.6661 195.386 1079.4
Thumb: 57.2832 160.05 1081.14
Index: 54.6445 237.174 1056
Middle: -1.87052 180.663 1025.57
Ring: 3.85688 187.598 1049.9
Little: 12.1736 188.524 1093.48
Thumb: 52.892 161.61 1083.87
Index: 29.5226 235.14 1048.58
Middle: -7.32135 200.502 1041.83
Ring: 0.76059 196.04 1059.3
Little: 10.7205 200.956 1098.13
Thumb: 53.1456 150.433 1084.7
Index: 32.876 212.133 1033.34
Middle: 0.923039 202.86 1040.11
Ring: 6.26671 198.916 1052.02
Little: 20.872 207.748 1094.73
Thumb: 61.3617 153.004 1073.88
Index: 22.1142 210.985 1023.29
Middle: -7.291 213.743 1044.36
Ring: 6.37422 211.422 1054.58
Little: 19.6582 206.444 1090.85
Thumb: 55.4481 136.14 1070.29
Index: 18.3859 210.924 1024.68
Middle: -9.35085 215.127 1048.14
Ring: 5.0223 214.305 1055.9
Little: 22.618 213.223 1091.86
Thumb: 55.0589 140.011 1069.03
Index: 14.7524 216.742 1025.37
Middle: -10.2658 215.545 1046.17
Ring: 5.42503 216.03 1056.2
Little: 22.921 214.277 1090.14
Thumb: 53.1124 139.623 1073.21
Index: 58.1338 197.263 1001.02
Middle: 33.3808 198.343 1016.13
Ring: 53.17 220.8 1031.02
Little: 55.1287 220.919 1069.01
Thumb: 55.3393 145.113 1067.09
Index: 48.8036 186.716 997.432
Middle: 39.7585 192.131 1014.58
Ring: 39.328 211.587 1020.15
Little: 53.6637 216.13 1062.15
Thumb: 58.1039 144.821 1069.06
Index: 70.5262 220.52 1016.85
Middle: 43.2788 192.948 1016.06
Ring: 42.3332 211.233 1022.07
Little: 52.6177 215.19 1064.11
Thumb: 58.3389 151.176 1066.41
Index: 44.8035 221.167 1010.48
Middle: 26.3194 194.555 1018.81
Ring: 24.2122 215.016 1025.66
Little: 40.923 217.078 1066.62
Thumb: 64.4312 151.782 1058.13
Index: 54.6224 218.893 998.709
Middle: 50.2578 181.014 1020.35
Ring: 26.4078 206.863 1016.8
Little: 40.9896 211.385 1058.23
Thumb: 80.2332 157.265 1050.46
Index: 83.139 216.831 978.671
Middle: 73.133 168.876 1010.92
Ring: 54.5429 201.997 995.643
Little: 45.6085 204.518 1036.98
Thumb: 85.6364 153.291 1052.7
Index: 104.257 216.863 983.336
Middle: 86.9345 162.969 1013.9
Ring: 72.0941 196.093 995.438
Little: 52.9282 196.126 1034.36
Thumb: 90.7598 160.983 1054.07
Index: 108.994 221.065 987.532
Middle: 89.1114 162.064 1013.88
Ring: 75.34 195.457 994.304
Little: 53.1451 194.209 1031.92
Thumb: 92.1185 170.434 1065.67
Index: 110.125 216.318 997.578
Middle: 96.3295 192.735 1007.47
Ring: 76.9859 200.024 997.941
Little: 59.8828 202.331 1029.44
Thumb: 92.5126 166.533 1089.49
Index: 147.663 180.652 1020.95
Middle: 112.449 192.637 1038.72
Ring: 102.238 195.351 1021.84
Little: 72.8572 200.964 1045
Thumb: 86.4809 163.244 1069.86
Index: 143.563 190.252 1022.2
Middle: 112.304 200.796 1037.36
Ring: 102.609 209.849 1021.87
Little: 73.15 202.262 1044.53
Thumb: 81.1364 164.084 1083.84
Index: 150.592 189.578 1047.38
Middle: 113.334 199.984 1058.68
Ring: 104.359 219.832 1037.95
Little: 75.7873 216.66 1056.38
Thumb: 78.0233 167.139 1091.98
Index: 149.188 187.861 1039.3
Middle: 109.748 199.138 1049.59
Ring: 102.77 216.391 1024.97
Little: 77.2906 211.993 1050.91
Thumb: 103.419 102.216 1119.2
Index: 166.448 121.303 1087.37
Middle: 147.325 149.131 1095.1
Ring: 159.426 185.035 1105.14
Little: 127.759 181.629 1100.54
Thumb: 68.5112 64.2411 1103.43
Index: 140.028 80.7733 1061.57
Middle: 143.814 110.37 1089.44
Ring: 161.232 127.227 1098.77
Little: 138.365 140.098 1110.37
Thumb: 64.2142 64.8415 1097.48
Index: 134.386 81.9143 1053.79
Middle: 148.899 114.65 1084.12
Ring: 159.841 123.524 1085.37
Little: 141.335 139.494 1094.76
Thumb: 56.1027 56.9476 1086.67
Index: 127.131 83.3967 1046.26
Middle: 160.236 122.232 1113.08
Ring: 158.24 127.029 1083.9
Little: 138.939 139.381 1101.91
Thumb: 11.6199 29.2661 1084.58
Index: 125.719 82.04 1043.71
Middle: 151.214 113.124 1107.44
Ring: 158.795 121.556 1086.7
Little: 140.469 133.012 1105.05
Thumb: 13.6967 32.6359 1080.44
Index: 98.792 79.2185 1025.98
Middle: 150.653 108.224 1107.12
Ring: 157.122 117.048 1085.1
Little: 139.515 129.129 1102.44
Thumb: 4.76287 28.5603 1083.84
Index: 84.1722 67.2718 1023.47
Middle: 150.746 99.6904 1101.04
Ring: 151.836 98.4039 1080.14
Little: 136.972 119.062 1092.43
Thumb: 9.18814 29.5126 1079.7
Index: 65.3398 73.0952 1021.17
Middle: 151.499 104.711 1098.9
Ring: 154.356 104.341 1098.2
Little: 137.316 124.869 1090.93
Thumb: 12.4144 31.2828 1076.1
Index: 66.141 77.3383 1017.33
Middle: 152.562 106.546 1095.11
Ring: 152.135 104.698 1089.06
Little: 139.992 123.328 1091.34
Thumb: 10.9975 33.3043 1078.07
Index: 62.7648 79.2818 1016.37
Middle: 150.366 110.57 1085.25
Ring: 152.167 107.037 1088.17
Little: 141.299 126.944 1087.31
Thumb: 10.1837 32.299 1076.91
Index: 69.8828 78.1309 1009.8
Middle: 154.26 111.386 1083.36
Ring: 153.083 108.604 1080.98
Little: 140.948 129.958 1078.31
Thumb: 14.7885 38.5974 1071.97
Index: 64.4708 77.838 1004.43
Middle: 146.007 102.628 1071.28
Ring: 147.263 98.5641 1072.31
Little: 135.737 122.255 1071.2
Thumb: 14.3284 39.8055 1069.99
Index: 62.3146 79.9917 1000.98
Middle: 146.307 104.339 1065.3
Ring: 147.497 100.788 1066.37
Little: 137.038 121.634 1068.44
Thumb: 16.2756 46.3455 1066.07
Index: 63.8296 84.1897 996.935
Middle: 112.441 109.124 1013.19
Ring: 146.054 99.571 1062.45
Little: 136.12 122.083 1064.2
Thumb: 17.2987 48.6474 1059.82
Index: 61.3959 83.9431 994.417
Middle: 108.895 107.694 1014.16
Ring: 144.786 98.8725 1060.35
Little: 138.347 113.535 1077.82
Thumb: 18.7452 49.0377 1057.74
Index: 62.8587 86.7056 990.371
Middle: 112.351 111.092 1015.58
Ring: 138.055 105.456 1057.38
Little: 137.324 116.596 1074.79
Thumb: 15.0264 53.7486 1054.67
Index: 59.326 89.4935 988.544
Middle: 105.926 111.186 1012.42
Ring: 136.866 102.915 1051.34
Little: 136.446 114.318 1074.3
Thumb: 17.3386 53.722 1053.46
Index: 58.7152 91.0267 986.171
Middle: 106.233 114.225 1009.64
Ring: 135.013 106.915 1048.05
Little: 136.266 118.004 1071.58
Thumb: 19.0014 53.8122 1046.67
Index: 60.061 93.2926 982.368
Middle: 116.726 115.677 1007.39
Ring: 133.79 108.194 1044.43
Little: 134.971 117.04 1069.86
Thumb: 14.3406 53.9169 1047.25
Index: 60.0893 95.1531 982.235
Middle: 87.7351 120.292 994.842
Ring: 132.324 110.537 1040.65
Little: 134.368 117.751 1073.88
Thumb: 14.4087 53.2702 1045.89
Index: 62.8598 92.8903 981.484
Middle: 66.2344 120.035 992.942
Ring: 132.822 111.953 1038.86
Little: 133.876 117.425 1074.68
Thumb: 11.6329 53.5119 1040.82
Index: 66.5201 92.8223 980.598
Middle: 67.5585 119.966 993.246
Ring: 131.184 121.114 1037.79
Little: 133.739 117.261 1075.31
Thumb: 11.4601 51.721 1043.15
Index: 62.7205 91.9365 980.318
Middle: 63.4484 119.271 992.643
Ring: 130.375 124.857 1031.38
Little: 135.312 119.185 1071.19
Thumb: 8.79293 45.909 1039.08
Index: 59.5574 88.5307 980.466
Middle: 64.5856 116.051 988.35
Ring: 132.625 126.575 1035.2
Little: 134.414 116.539 1072
Thumb: 10.7864 48.3134 1046.75
Index: 59.4836 86.6781 983.217
Middle: 64.1108 114.496 992.265
Ring: 131.222 124.57 1037.53
Little: 132.476 118.186 1074.16
Thumb: 8.65879 49.7439 1050.46
Index: 50.083 88.1237 986.277
Middle: 68.4193 114.569 993.672
Ring: 134.399 112.307 1037.48
Little: 135.824 111.489 1075.19
Thumb: 47.7621 56.5638 1052.96
Index: 63.9859 88.1397 985.116
Middle: 67.7021 117.221 989.676
Ring: 136.457 128.449 1038.6
Little: 129.317 136.717 1063.3
Thumb: 50.1456 60.351 1052.68
Index: 65.1854 89.3318 987.444
Middle: 69.9579 118.177 994.597
Ring: 141.459 122.179 1043.07
Little: 131.615 130.21 1066.61
Thumb: 65.2494 90.8489 1054.49
Index: 64.5326 92.5781 984.851
Middle: 71.3995 120.4 993.394
Ring: 141.016 121.357 1049.79
Little: 127.099 127.918 1068.46
Thumb: 65.2116 87.1627 1056.81
Index: 68.9949 89.7789 989.177
Middle: 76.9359 117.849 996.327
Ring: 141.958 122.295 1051.46
Little: 130.917 124.893 1077.74
Thumb: 67.8912 90.7646 1057.87
Index: 64.2727 86.5942 992.504
Middle: 70.3929 114.403 1002.39
Ring: 143.526 118.499 1057.64
Little: 133.053 122.37 1076.13
Thumb: 67.7365 86.7169 1058.79
Index: 61.4941 86.775 995.714
Middle: 73.7336 114.332 998.14
Ring: 144.316 117.555 1054.16
Little: 135.964 117.622 1078.96
Thumb: 70.2037 92.1 1060.19
Index: 65.5849 88.7128 996.531
Middle: 75.4007 116.26 1004.34
Ring: 147.706 122.21 1060.99
Little: 135.508 120.995 1081.56
Thumb: 71.0227 87.7116 1064.07
Index: 64.0859 79.9602 1002.88
Middle: 74.2603 108.418 1009.05
Ring: 147.075 122.305 1061.79
Little: 139.15 124.857 1084.81
Thumb: 65.647 92.3559 1064.52
Index: 64.8403 80.237 1013.38
Middle: 49.2274 111.167 1029.98
Ring: 101.047 126.225 1031.85
Little: 135.84 122.736 1091.57
Thumb: 35.1405 62.0383 1071.37
Index: 54.9758 79.18 1014.86
Middle: 48.682 108.234 1030.4
Ring: 107.662 122.255 1030.69
Little: 137.018 115.072 1093.64
Thumb: 26.36 57.0231 1071.5
Index: 75.0591 77.0888 1020.19
Middle: 56.4858 107.081 1035.03
Ring: 102.112 123.618 1037.6
Little: 135.664 116.099 1110.93
Thumb: -25.3102 34.2159 1086.54
Index: 72.4457 78.501 1022.71
Middle: 63.8039 106.845 1033.1
Ring: 97.3146 125.991 1035.12
Little: 137.052 114.522 1120.37
Thumb: -20.2636 39.0423 1095.57
Index: 67.1377 81.542 1024.06
Middle: 68.5749 109.851 1023.98
Ring: 94.08 127.456 1036.04
Little: 137.722 112.716 1109.39
Thumb: -13.9604 37.5827 1115.86
Index: 65.1982 84.6294 1026.29
Middle: 59.1244 113.007 1028.25
Ring: 84.5125 132.696 1037.65
Little: 146.886 129.989 1106.01
Thumb: -12.3813 40.4218 1114.3
Index: 61.3943 83.0404 1030.2
Middle: 70.2397 110.467 1026.56
Ring: 86.817 127.818 1049.97
Little: 149.97 128.865 1122.22
Thumb: -19.7492 38.394 1112.14
Index: 62.1483 77.4468 1033.99
Middle: 64.14 105.618 1033.76
Ring: 89.0123 122.703 1052.84
Little: 144.255 127.162 1130.03
Thumb: 4.90259 27.8788 1102.77
Index: 115.378 77.6345 1055.91
Middle: 94.8908 104.889 1043.38
Ring: 116.203 126.593 1070.09
Little: 137.631 148.721 1136.68
Thumb: 4.26046 29.3814 1105.41
Index: 124.394 72.5007 1080.7
Middle: 106.54 98.0989 1062.01
Ring: 141.494 125.25 1107.51
Little: 128.417 155.078 1148.67
Thumb: 0.218838 27.3836 1107.06
Index: 122.897 69.5749 1112.49
Middle: 108.398 90.7153 1084.15
Ring: 130.363 125.921 1127.7
Little: 115.188 164.463 1160.01
Thumb: 10.8865 50.1455 1103.83
Index: 72.7317 145.663 1209.66
Middle: 105.682 127.682 1101.48
Ring: 125.812 174.797 1160.54
Little: 82.7161 206.944 1175.52
Thumb: 7.79897 49.5834 1112.27
Index: 63.8474 147.408 1215.59
Middle: 99.8161 126.16 1108.25
Ring: 119.059 174.183 1164.49
Little: 76.6611 207.129 1178.3
Thumb: 0.887907 37.0115 1095.02
Index: -3.27314 147.912 1209.07
Middle: 79.7071 111.18 1137.68
Ring: 66.0839 167.714 1197.23
Little: 38.9105 195.345 1169.66
Thumb: -1.25751 36.4125 1095.7
Index: -9.78531 149.788 1208.51
Middle: 80.1729 115.616 1144.98
Ring: 50.2833 168.6 1207.23
Little: 35.1651 195.374 1166.88
Thumb: -5.31652 39.0225 1089.02
Index: -13.8809 148.036 1201.84
Middle: 76.3778 110.348 1144.74
Ring: 44.9832 162.811 1205.5
Little: 33.7237 193.986 1162.98
Thumb: -11.1424 44.1139 1110.83
Index: -20.5028 168.087 1197.79
Middle: 75.1707 117.23 1165.96
Ring: 34.4508 193.176 1205.68
Little: 34.3743 204.773 1154.98
Thumb: -0.282152 32.0867 1081.88
Index: -32.1926 162.86 1188.15
Middle: 68.6496 116.779 1177.88
Ring: 20.5786 190.758 1205.2
Little: 33.5639 199.671 1155.32
Thumb: -1.81748 33.99 1083.21
Index: -44.0138 167.448 1176.92
Middle: -9.56629 186.653 1200.58
Ring: 10.6568 194.667 1201.42
Little: 30.9595 201.148 1155.45
Thumb: -1.85927 52.797 1107.53
Index: -9.09117 131.524 1200.02
Middle: -19.7373 174.966 1200.97
Ring: -6.13267 189.565 1199.21
Little: 21.798 193.966 1157.01
Thumb: -6.46687 49.9675 1108.07
Index: -11.4791 134.914 1199.07
Middle: -6.53239 169.377 1203.53
Ring: -9.51402 195.786 1193.24
Little: 22.2536 195.087 1154.7
Thumb: -2.76595 43.5174 1107.07
Index: -15.596 115.787 1201.2
Middle: -12.468 148.175 1210.03
Ring: -16.2828 170.755 1199.19
Little: -4.24359 185.212 1155.89
Thumb: -8.56644 43.6664 1109.51
Index: -21.1965 110.29 1195.69
Middle: -47.9051 160.391 1194.39
Ring: -54.7427 186.425 1177.89
Little: -19.7449 190.297 1144.2
Thumb: -7.32679 49.9837 1108.84
Index: -11.9187 105.47 1190.38
Middle: -20.8735 143.062 1173.21
Ring: -60.9389 192.76 1168.59
Little: -24.2371 196.019 1138.34
Thumb: -10.7687 48.2753 1111.6
Index: -26.0524 116.184 1190.62
Middle: -27.3473 149.25 1164.53
Ring: -49.7218 190.892 1174.95
Little: -24.5424 201.338 1134.6
Thumb: -12.5077 48.5121 1110.58
Index: -26.8162 117.195 1190.36
Middle: -23.6687 146.989 1159.54
Ring: -48.7701 191.605 1175.43
Little: -22.6707 202.221 1133.79
Thumb: 118.961 119.147 1112.31
Index: 59.2229 84.1425 1175.96
Middle: 35.6323 106.147 1160.87
Ring: -3.16902 77.1339 1184.77
Little: -36.0107 89.7125 1145.5
Thumb: 116.425 123.425 1119.69
Index: 64.2664 96.1079 1176.76
Middle: 30.2779 101.316 1164.56
Ring: -3.63111 79.5905 1187.37
Little: -36.9218 88.9169 1147.08
Thumb: 112.703 114.278 1118
Index: 3.08023 29.106 1114.02
Middle: 29.2493 97.7835 1165.02
Ring: -4.1837 76.6304 1185.44
Little: -36.1057 89.574 1145.87
Thumb: 112.061 110.437 1117.45
Index: 0.939878 26.7096 1113.03
Middle: 25.4041 90.7497 1163.83
Ring: -0.0532866 83.0847 1183.31
Little: -37.3172 87.5107 1144.45
Thumb: 109.391 111.548 1122.92
Index: 2.03424 26.3648 1109.52
Middle: 22.1375 90.6789 1164.9
Ring: -4.25542 82.3723 1182.01
Little: -40.1569 81.5397 1144.27
Thumb: 109.748 120.015 1126.73
Index: 2.59626 26.6668 1113.74
Middle: 15.3794 90.0136 1165.13
Ring: -7.90152 84.2213 1182.15
Little: -44.0683 78.359 1145.08
Thumb: 111.469 118.445 1121.84
Index: 6.41857 32.1382 1122.3
Middle: 13.8137 83.4457 1167.47
Ring: -3.13385 86.811 1181.73
Little: -42.3225 78.8311 1145.35
Thumb: 110.337 116.963 1125.13
Index: 3.56574 34.2728 1125
Middle: 0.481892 74.3413 1170.28
Ring: -10.2487 88.1721 1180.94
Little: -47.6363 80.1775 1142.66
Thumb: 112.24 107.906 1114.77
Index: 4.42831 31.1346 1123.11
Middle: -20.7387 42.4036 1136.52
Ring: -10.2109 76.5642 1179.8
Little: -55.718 62.1985 1135.3
Thumb: 105.971 107.328 1112.9
Index: 5.42774 33.9377 1124.2
Middle: -21.1646 40.9263 1133.31
Ring: -4.60208 81.4791 1180.84
Little: -51.2378 62.1528 1134.88
Thumb: 108.298 107.031 1110.7
Index: 2.84592 34.2097 1125.3
Middle: -26.5847 36.774 1134.78
Ring: -7.19005 87.3024 1181.84
Little: -53.2443 66.574 1137.66
Thumb: 108.303 105.467 1114.06
Index: 2.1601 32.9255 1126.36
Middle: -26.5602 37.541 1134.95
Ring: -10.3777 86.768 1181.74
Little: -53.7241 65.7633 1137.36
Thumb: 109.534 104.942 1111.2
Index: 2.62391 32.5159 1127.57
Middle: -28.0128 32.5357 1134.32
Ring: -10.3356 88.4602 1182.89
Little: -56.3726 61.3685 1135.47
Thumb: 116.379 108.865 1101.83
Index: 7.18917 30.8702 1125.86
Middle: -25.4433 31.1829 1133.72
Ring: -4.03193 91.3586 1184.45
Little: -56.917 59.8123 1135.29
Thumb: 116.311 114.341 1115.95
Index: 10.1853 34.2628 1130.86
Middle: -20.4073 32.9226 1136.52
Ring: -8.04207 95.3494 1182.79
Little: -54.8119 59.216 1132.97
Thumb: 111.496 101.672 1102.11
Index: 17.8292 49.3379 1161.62
Middle: -20.5322 40.3424 1138.54
Ring: -3.33145 96.1364 1181.86
Little: -35.9437 97.2969 1164.04
Thumb: 122.777 116.987 1102.81
Index: 24.0738 54.0941 1166.4
Middle: -21.1255 35.339 1137.23
Ring: -1.74007 96.5221 1180.78
Little: -38.8223 92.3704 1162.82
Thumb: 123.28 118.146 1107.36
Index: 23.1759 57.2198 1166.45
Middle: -21.9563 38.6684 1138.05
Ring: -10.0094 81.6189 1181.92
Little: -51.4318 66.2636 1138.14
Thumb: 123.231 123.695 1107.98
Index: 7.96273 31.2055 1125.9
Middle: -16.5192 36.7767 1136.07
Ring: -5.46012 89.5498 1181.15
Little: -47.4933 63.3171 1138.66
Thumb: 122.462 123.672 1113.12
Index: 6.74357 33.459 1122.69
Middle: -17.7902 40.4214 1134.49
Ring: -4.83804 92.4752 1179.55
Little: -47.66 67.0659 1137.21
Thumb: 114.401 121.142 1132.29
Index: 8.14884 33.8482 1125.29
Middle: -15.7882 40.6652 1136.9
Ring: -4.35526 92.8881 1181.55
Little: -48.0583 67.2818 1139.18
Thumb: 111.241 122.455 1137.14
Index: 9.56678 37.5029 1126.76
Middle: -14.5429 43.4548 1137.08
Ring: -5.36494 95.6257 1182.24
Little: -48.2791 70.4503 1139.24
Thumb: 110.476 117.459 1133.29
Index: 11.6425 36.9965 1127.97
Middle: -14.2963 44.1203 1137.8
Ring: -0.738483 100.497 1183.32
Little: -50.2949 65.0004 1135.12
Thumb: 113.29 111.837 1130.55
Index: 11.2995 37.0835 1126.81
Middle: -14.8048 45.5448 1136.75
Ring: -1.97761 99.0423 1182.25
Little: -49.204 68.9128 1134.55
Thumb: 116.692 114.244 1131.36
Index: 15.5198 35.6775 1122.81
Middle: -9.11403 44.5029 1139.24
Ring: 4.43199 102.106 1180.71
Little: -44.7279 66.2831 1134.04
Thumb: 125.02 119.867 1086.51
Index: 19.2005 33.09 1118.64
Middle: 34.0758 111.702 1171.33
Ring: 11.503 115.26 1168.67
Little: -48.1375 58.6808 1126.88
Thumb: 13.8028 274.406 1090.51
Index: 129.549 136.007 1134.76
Middle: 63.1319 152.26 1187.34
Ring: 39.8768 136.245 1164.33
Little: 109.898 77.1032 1117.67
Thumb: 27.9201 268.75 1086.97
Index: 138.392 146.145 1124.76
Middle: 68.6961 160.131 1187.31
Ring: 49.0004 140.303 1169.99
Little: 117.408 84.7137 1123.82
