Thumb: 32.9554 91.7207 1121.92
Index: -64.5745 28.1944 1098.23
Middle: -101.42 40.8207 1097.63
Ring: -124.543 62.0639 1082.41
Little: -141.773 103.039 1080.87
Thumb: 39.6307 88.5767 1107.84
Index: -99.2914 51.0632 1075.54
Middle: -130.103 64.8531 1085.98
Ring: -131.476 66.3827 1084.23
Little: -142.14 100.559 1079.86
Thumb: 30.6505 89.4612 1109.37
Index: -102.705 51.0949 1077.88
Middle: -132.568 65.4887 1088.64
Ring: -133.375 68.2131 1086.38
Little: -145.863 100.374 1080.55
Thumb: 26.2346 84.055 1106.35
Index: -106.395 50.7104 1087.91
Middle: -133.974 66.9916 1096.71
Ring: -80.6981 120.84 1157.66
Little: -150.486 100.619 1083.95
Thumb: 23.0374 82.7692 1106.5
Index: -107.667 49.302 1088.64
Middle: -134.032 66.1411 1100.11
Ring: -79.2598 119.686 1160.46
Little: -153.233 99.1022 1081.59
Thumb: 13.5363 82.25 1103.86
Index: -109.377 47.3385 1086.07
Middle: -134.137 64.7459 1101.64
Ring: -79.9441 120.845 1160.68
Little: -150.738 95.6895 1088.32
Thumb: 7.75705 81.4609 1102.42
Index: -110.176 45.9592 1086.29
Middle: -132.382 64.0051 1104.81
Ring: -85.7757 113.241 1162.57
Little: -150.582 93.1113 1091.71
Thumb: 3.82276 81.8434 1101.78
Index: -109.943 45.687 1087.93
Middle: -130.949 63.6255 1105.8
Ring: -87.3481 113.074 1162.24
Little: -149.556 92.11 1093.15
Thumb: 0.604524 80.5518 1094.73
Index: -110.877 45.8679 1090.08
Middle: -129.199 63.3567 1109.48
Ring: -85.9586 113.489 1163.44
Little: -148.768 91.3429 1096.54
Thumb: -2.68354 80.7421 1095.66
Index: -112.326 45.8205 1086.48
Middle: -129.275 63.5129 1110.81
Ring: -80.6564 116.426 1163.36
Little: -147.707 91.1799 1098.22
Thumb: -8.32695 78.7666 1094.37
Index: -114.975 48.313 1086.37
Middle: -129.958 62.7715 1113.5
Ring: -82.0234 116.823 1163.73
Little: -147.277 93.1503 1099.19
Thumb: -9.20441 77.7755 1092.59
Index: -114.793 48.7751 1085.09
Middle: -129.299 62.3812 1114.31
Ring: -79.8787 116.289 1164.13
Little: -145.872 92.8849 1099.18
Thumb: -10.1779 78.9724 1095.32
Index: -113.473 47.5042 1085.95
Middle: -126.359 44.0824 1106.92
Ring: -131.716 54.8918 1103.53
Little: -144.651 91.961 1099.37
Thumb: -8.13206 83.4259 1086.07
Index: -89.53 40.614 1102.27
Middle: -116.248 42.3736 1101.11
Ring: -119.387 57.8761 1107.59
Little: -137.533 90.1395 1099.73
Thumb: -4.59265 90.3172 1085.38
Index: -83.1181 38.3523 1096.15
Middle: -107.233 40.7035 1100.81
Ring: -113.198 59.1441 1108.94
Little: -129.571 89.352 1103.2
Thumb: -0.434902 91.5256 1083.94
Index: -77.4331 35.6726 1096.74
Middle: -98.9822 41.5489 1102.32
Ring: -106.835 58.7282 1105.56
Little: -123.587 86.7886 1099.11
Thumb: 4.80875 92.6545 1083.61
Index: -70.2122 34.0776 1097.27
Middle: -92.3554 37.7782 1101.31
Ring: -99.1102 55.9414 1109.55
Little: -114.695 80.8544 1101.47
Thumb: 10.4132 90.5418 1082.88
Index: -61.8318 29.5642 1099.19
Middle: -85.3481 33.0011 1103.58
Ring: -91.7744 51.8358 1111.24
Little: -106.472 79.2582 1105.42
Thumb: 17.142 90.7632 1082.07
Index: -53.691 29.0413 1099.71
Middle: -73.8312 31.1991 1103.63
Ring: -85.3813 49.4267 1110.59
Little: -100.199 75.0995 1102.66
Thumb: 25.0301 93.3263 1082.68
Index: -41.5389 32.4311 1102.09
Middle: -63.7386 31.421 1104.38
Ring: -79.4224 46.2743 1107.18
Little: -90.7845 73.5195 1104.21
Thumb: 32.9408 96.3569 1085.15
Index: -32.1428 34.0276 1103.22
Middle: -55.018 29.3437 1102.05
Ring: -71.1072 43.4886 1104.69
Little: -83.6215 70.7436 1100.21
Thumb: 42.3492 96.8607 1084.85
Index: -23.5465 31.9319 1099.83
Middle: -49.5993 27.0329 1098.44
Ring: -63.4116 43.6226 1104.54
Little: -76.9 70.1173 1095.91
Thumb: 48.9393 94.3223 1087.62
Index: -18.0287 31.8166 1102.64
Middle: -43.7597 25.2477 1098.99
Ring: -57.5534 40.4876 1105.35
Little: -70.2408 67.9263 1098.16
Thumb: 54.6441 91.7184 1090.13
Index: -11.9264 31.5589 1103.64
Middle: -38.415 23.2661 1101.09
Ring: -50.3416 40.0746 1108.24
Little: -64.4558 65.6518 1098.68
Thumb: 60.622 91.2356 1088.12
Index: -5.19445 28.6312 1101.16
Middle: -31.1822 21.5453 1101.32
Ring: -44.5998 35.1762 1106.37
Little: -59.5973 59.4422 1095.26
Thumb: 67.7466 87.6487 1088.05
Index: 1.25473 25.0488 1107.82
Middle: -24.0774 18.5326 1100.39
Ring: -39.1248 31.2302 1102.06
Little: -52.1163 57.3991 1095.89
Thumb: 73.9637 86.318 1085.73
Index: 11.3956 23.2327 1105.71
Middle: -16.8066 15.1171 1101.68
Ring: -31.2671 29.8158 1103.11
Little: -46.9009 52.8863 1093.33
Thumb: 85.5343 91.7554 1092.89
Index: 20.7967 21.5716 1105.32
Middle: -8.91297 13.1601 1097.18
Ring: -24.5008 30.4793 1103.26
Little: -42.364 53.4823 1094.8
Thumb: 90.69 93.1406 1094.89
Index: 31.8 18.7989 1103.75
Middle: -2.14375 9.80849 1093.15
Ring: -18.0702 28.3801 1102.3
Little: -37.4885 53.9206 1099.08
Thumb: 98.7025 90.1325 1099.25
Index: 39.2288 15.0691 1105.1
Middle: 4.62728 7.18454 1102.43
Ring: -12.22 25.0099 1106.32
Little: -32.9786 49.1763 1104.46
Thumb: 111.192 86.213 1099.3
Index: 47.0545 14.9767 1104.26
Middle: 12.86 6.14099 1096.76
Ring: -4.24843 25.894 1106.11
Little: -26.9942 47.5384 1103.07
Thumb: 122.299 86.0848 1100.85
Index: 55.6053 10.3992 1104.12
Middle: 20.5328 -0.392694 1096.74
Ring: 3.84547 19.907 1106.36
Little: -19.5953 47.1129 1101.47
Thumb: 131.129 88.7304 1108.74
Index: 60.616 10.2041 1106.98
Middle: 24.6567 -0.477886 1092.98
Ring: 10.6828 27.3734 1105.28
Little: -13.8229 47.2581 1099.78
Thumb: 135.384 89.8994 1110.32
Index: 66.918 9.91943 1107.09
Middle: 30.7293 -1.53135 1091.17
Ring: 16.9696 28.3382 1102.42
Little: -7.52679 53.5141 1102.55
Thumb: 139.709 90.1653 1111.48
Index: 71.0453 7.77654 1102.95
Middle: 35.5964 -0.19553 1087.18
Ring: 23.3965 32.7051 1102.25
Little: -1.91839 60.3137 1102.71
Thumb: 143.239 91.9697 1110.9
Index: 76.7231 9.49188 1103.96
Middle: 40.6235 -1.33628 1081.05
Ring: 28.6132 32.3736 1101.8
Little: -0.858231 45.8908 1098.19
Thumb: 148.159 95.1566 1109.11
Index: 81.5052 10.1133 1102.55
Middle: 46.3141 -2.10906 1082.39
Ring: 32.1619 29.0152 1098.31
Little: 3.82097 47.3112 1099.1
Thumb: 152.987 96.1104 1110.25
Index: 85.2342 11.7264 1105.79
Middle: 49.5183 -0.907242 1081.37
Ring: 34.8748 28.317 1098.44
Little: 7.99247 50.5044 1102.6
Thumb: 159.043 98.2116 1113.09
Index: 88.092 13.4742 1107.05
Middle: 52.6247 -0.979912 1079.73
Ring: 37.8704 28.8392 1098.46
Little: 11.4842 54.9776 1108.07
Thumb: 164.259 97.3976 1114.29
Index: 89.2898 11.8378 1106.42
Middle: 54.3213 -1.23444 1084.32
Ring: 55.3285 88.3584 1153.51
Little: 13.4131 55.3141 1109.89
Thumb: 164.946 98.8966 1112.22
Index: 90.3962 10.3815 1105.06
Middle: 56.4203 -0.973488 1084.87
Ring: 55.3591 88.5011 1149.98
Little: 16.8788 65.1145 1114.69
Thumb: 165.696 96.9914 1112.48
Index: 91.2146 9.09455 1104.89
Middle: 56.9057 -2.76475 1083.6
Ring: 57.875 93.0735 1149.32
Little: 22.7058 83.5803 1132.86
Thumb: 165.593 97.4914 1112.31
Index: 89.4121 9.10117 1104.53
Middle: 55.152 -0.823193 1083.19
Ring: 54.0601 79.4778 1163.04
Little: 22.2949 85.0223 1133.59
Thumb: 166.12 96.1436 1113.15
Index: 90.2152 24.3642 1110.94
Middle: 51.5276 0.930862 1084.47
Ring: 51.6755 79.1671 1163.1
Little: 21.2464 88.1661 1134.05
Thumb: 163.845 94.6755 1113.44
Index: 85.1413 25.5214 1108.85
Middle: 46.4871 4.7998 1084.15
Ring: 49.1035 86.8685 1162.64
Little: 18.8195 94.0179 1132.77
Thumb: 160.775 94.1973 1114.71
Index: 82.0539 25.0395 1105.05
Middle: 43.4232 6.22043 1083.03
Ring: 45.506 82.0953 1162.01
Little: 16.3319 93.2781 1134.56
Thumb: 154.303 92.2898 1115.27
Index: 77.2071 26.4276 1108.63
Middle: 37.4631 8.62187 1081.17
Ring: 49.1999 99.0384 1164.1
Little: 14.4411 96.9632 1138.03
Thumb: 150.828 91.1449 1117.32
Index: 71.6734 26.6922 1106.43
Middle: 32.2577 10.2251 1080.01
Ring: 42.9297 97.139 1163.74
Little: 9.95874 98.6252 1135.58
Thumb: 145.291 92.1799 1119.06
Index: 67.4121 30.5131 1110.4
Middle: 27.2727 12.5806 1081.63
Ring: 40.4329 103.334 1160.29
Little: 4.71316 98.2458 1136.26
Thumb: 140.991 91.4747 1119.54
Index: 60.36 30.5606 1108.68
Middle: 20.4823 14.7493 1078.67
Ring: 37.3325 109.059 1157.93
Little: -0.606342 100.3 1135.28
Thumb: 134.323 91.842 1122.2
Index: 70.2581 66.2964 1110.32
Middle: 14.1481 15.9498 1081.49
Ring: 24.912 104.295 1158.16
Little: -5.96693 108.482 1134.24
Thumb: 124.6 94.4603 1123.2
Index: 62.7489 64.7811 1107.63
Middle: 6.86666 16.8324 1080.43
Ring: 19.2282 104.655 1156.16
Little: -13.2117 106.326 1135.11
Thumb: 113.977 93.9294 1128.21
Index: 54.1193 63.4344 1109.69
Middle: -1.36387 15.0367 1079.7
Ring: 9.63241 105.889 1155.24
Little: -24.1114 101.93 1132.84
Thumb: 105.058 94.6379 1128.33
Index: 49.0393 64.987 1111.69
Middle: -7.49551 18.1632 1081.81
Ring: -5.71602 88.7059 1159.66
Little: -28.3057 107.305 1135.28
Thumb: 97.8941 94.772 1127.82
Index: 43.7834 65.9205 1115.92
Middle: -15.789 19.398 1085.61
Ring: -19.1916 76.3179 1158.73
Little: -33.7137 107.703 1137.07
Thumb: 95.3382 95.9197 1128.51
Index: 38.0221 66.3535 1116.45
Middle: -22.748 20.689 1090.84
Ring: -22.5951 78.2259 1162.84
Little: -39.8352 105.914 1140.76
Thumb: 90.2533 97.1674 1132.05
Index: 32.446 66.8028 1121.83
Middle: -26.7263 20.1986 1092.02
Ring: -20.4649 91.4182 1167.55
Little: -36.8638 121.269 1146.02
Thumb: 86.2249 97.9659 1131.45
Index: 15.5339 48.9169 1127.81
Middle: -31.5462 19.3524 1095.12
Ring: -24.4596 96.0764 1169.5
Little: -43.2999 121.795 1147.1
Thumb: 82.4126 99.0844 1139.18
Index: -4.0539 29.3769 1135.84
Middle: -34.8428 17.3198 1094.13
Ring: -41.8117 87.8407 1170.49
Little: -57.1023 114.115 1144.55
Thumb: 68.8659 100.826 1158.14
Index: -21.5671 31.6599 1141.49
Middle: -38.1221 16.1929 1094.14
Ring: -67.7142 54.3301 1137.24
Little: -76.4449 101.581 1129.07
Thumb: 27.9652 112.132 1201.54
Index: -42.0657 110.444 1183.95
Middle: -42.3934 9.17967 1100.57
Ring: -77.646 49.9247 1111.51
Little: -84.2435 91.0609 1094.23
Thumb: 68.3133 169.745 1204.88
Index: -73.4446 97.0157 1161.98
Middle: -57.1316 37.1782 1114.2
Ring: -64.6674 30.2395 1095.52
Little: -75.9016 91.2061 1084.28
Thumb: 58.7153 176.756 1209.24
Index: -60.1786 39.1441 1132.25
Middle: -61.2883 43.4349 1114.38
Ring: -47.8232 19.3275 1110.13
Little: -50.8115 45.7405 1077
Thumb: 52.9888 183.41 1212.69
Index: -62.6871 41.3498 1141.05
Middle: -67.0452 37.2689 1114.89
Ring: -51.8419 25.6575 1111.04
Little: -51.5909 49.5746 1076.37
Thumb: -50.0078 154.828 1198.06
Index: -67.3945 44.4175 1146.26
Middle: -70.6276 33.0937 1114.45
Ring: -57.0894 29.0959 1114.16
Little: -55.8851 51.0721 1078.69
Thumb: -67.3818 157.225 1190.75
Index: -72.6477 52.7829 1152.82
Middle: -74.1656 42.0162 1137.32
Ring: -59.11 35.2829 1114.8
Little: -50.9088 54.4062 1081.08
Thumb: -75.1096 161.483 1183.65
Index: -79.0787 58.2703 1148.36
Middle: -81.1984 47.6231 1137.34
Ring: -59.5936 34.1371 1115.68
Little: -49.5716 51.8911 1081.81
Thumb: -83.0732 168.231 1176.85
Index: -84.2092 63.6244 1145.73
Middle: -81.1117 52.2776 1122.45
Ring: -58.5095 40.1949 1106.72
Little: -40.4877 56.0759 1075.98
Thumb: -130.642 156.336 1180.1
Index: -59.7044 38.2495 1106.43
Middle: -60.5594 39.7491 1082.99
Ring: -49.0328 42.8544 1081.2
Little: -25.899 68.0525 1066.67
Thumb: -140.298 160.536 1164.37
Index: -62.3278 37.4246 1110.73
Middle: -53.4712 39.0941 1082.88
Ring: -43.0222 43.8036 1081.57
Little: -20.5627 69.0427 1069.65
Thumb: -117.88 167.956 1141.55
Index: -59.3495 37.2928 1108.46
Middle: -75.0351 24.7888 1103.97
Ring: -58.5493 35.6865 1083.38
Little: -37.8298 50.6777 1075.56
Thumb: -122.909 170.963 1131.67
Index: -62.4229 39.916 1106.21
Middle: -77.0201 27.5228 1106.28
Ring: -58.2363 38.4407 1086
Little: -37.6636 52.6036 1076.03
Thumb: -128.736 173.761 1125.56
Index: -98.418 79.1429 1051.12
Middle: -77.8039 27.9444 1105.08
Ring: -54.9346 48.2531 1082.99
Little: -36.3056 53.4044 1076.26
Thumb: -132.74 175.417 1118.19
Index: -97.1803 82.644 1045.2
Middle: -79.4038 27.9349 1103.48
Ring: -54.9278 54.9569 1076.96
Little: -35.3907 52.5357 1077.31
Thumb: -133.761 176.002 1110.97
Index: -98.2031 78.0675 1046.74
Middle: -81.6306 28.8982 1106.49
Ring: -56.3401 50.33 1083.73
Little: -35.4047 51.1307 1076.8
Thumb: -135.181 175.114 1103.44
Index: -102.996 79.0297 1044.82
Middle: -82.8147 28.805 1102.62
Ring: -55.8289 50.3707 1082.27
Little: -23.0868 58.6797 1064.96
Thumb: -137.045 175.041 1096.34
Index: -101.626 81.1411 1040.29
Middle: -84.2841 28.9288 1101.57
Ring: -56.278 50.9157 1081.17
Little: -22.0618 57.4695 1068.95
Thumb: -137.183 175.971 1090.55
Index: -104.56 82.2399 1039.13
Middle: -84.7667 30.074 1103.49
Ring: -56.69 49.8549 1083.98
Little: -21.3912 56.3612 1073.33
Thumb: -137.24 176.718 1084.91
Index: -101.825 88.5564 1031.83
Middle: -86.1473 30.558 1101.17
Ring: -56.9539 50.2134 1082.15
Little: -20.9996 56.5309 1073.69
Thumb: -138.179 178.55 1080.3
Index: -100.314 85.1328 1030.99
Middle: -86.0225 32.2432 1098.96
Ring: -56.6282 50.9195 1081.94
Little: -18.4 62.4259 1074.85
Thumb: -137.792 179.791 1072.59
Index: -100.252 90.9208 1023.62
Middle: -87.3768 32.6311 1093.98
Ring: -57.2278 51.0781 1078.75
Little: -18.9687 61.6438 1074.34
Thumb: -137.497 180.283 1066.76
Index: -97.083 91.5392 1018.7
Middle: -87.6399 32.8075 1092.93
Ring: -56.9168 51.0593 1075.98
Little: -20.374 57.589 1073.87
Thumb: -138.443 182.492 1065.17
Index: -91.8612 102.426 1017.59
Middle: -88.0115 32.9736 1089.64
Ring: -57.2044 50.7425 1073.95
Little: -20.3129 57.3758 1073.03
Thumb: -138.348 182.744 1062.37
Index: -90.1612 103.523 1013.9
Middle: -87.3739 32.7251 1086.31
Ring: -56.3792 50.573 1071.65
Little: -19.0363 58.4959 1069.65
Thumb: -138.871 184.179 1060.16
Index: -87.9314 103.097 1011.57
Middle: -86.2025 32.8007 1085.48
Ring: -55.1051 50.8253 1070.48
Little: -7.37359 85.4291 1069.61
Thumb: -138.018 182.533 1057.41
Index: -88.5028 100.586 1008.67
Middle: -85.9943 32.6417 1082.34
Ring: -54.6533 50.9983 1066.82
Little: -7.13971 85.5392 1067.76
Thumb: -138.32 182.427 1057.31
Index: -90.0032 97.4589 1004.82
Middle: -86.0016 32.1924 1080.67
Ring: -54.9095 50.4406 1066.6
Little: -7.26583 85.0714 1066.23
Thumb: -137.023 182.536 1056.53
Index: -89.4989 96.3283 1004.11
Middle: -86.8224 31.565 1079.52
Ring: -55.5259 49.2563 1066.05
Little: -7.33243 83.158 1065.02
Thumb: -133.776 185.07 1056.03
Index: -87.8268 99.4178 1003.17
Middle: -86.8052 32.7387 1078.76
Ring: -55.1377 49.7851 1065.4
Little: -6.38015 82.6939 1064.58
Thumb: -133.408 184.772 1057.26
Index: -88.2195 93.5055 1004.56
Middle: -83.5712 32.728 1080.65
Ring: -52.4195 50.0686 1065.89
Little: -4.48387 83.644 1063.96
Thumb: -133.715 184.216 1060.6
Index: -89.1089 93.3341 1006.68
Middle: -81.5995 32.4804 1082.4
Ring: -28.8971 105.79 1012.91
Little: -3.63309 84.3448 1063.94
Thumb: -134.548 181.463 1061.47
Index: -86.6536 94.7016 1006.31
Middle: -78.3082 31.5096 1087.24
Ring: -28.0439 105.055 1013.18
Little: -1.86617 85.0567 1064.72
Thumb: -134.452 180.853 1064.49
Index: -85.0915 90.8964 1009.02
Middle: -74.9387 31.169 1092.72
Ring: -25.99 104.437 1015.84
Little: 5.62278 100.433 1055.41
Thumb: -136.921 177.633 1067.51
Index: -84.1196 89.9884 1011.44
Middle: -71.0477 29.803 1095.81
Ring: -24.4928 106.718 1017.04
Little: 6.23532 98.7351 1040.36
Thumb: -134.762 175.712 1071.07
Index: -83.1344 89.5471 1014.8
Middle: -67.9157 30.041 1100.83
Ring: -24.0698 104.747 1017.36
Little: 8.0697 99.735 1041.89
Thumb: -135.014 172.909 1073.17
Index: -80.9973 82.5716 1018.41
Middle: -61.6608 28.6294 1103.86
Ring: -22.1676 103.813 1013.94
Little: 10.5463 100.756 1043.42
Thumb: -133.933 170.61 1077.04
Index: -80.0415 76.7103 1022.67
Middle: -56.3303 26.4343 1105.06
Ring: -20.0822 102.507 1016.92
Little: 13.5246 100.457 1043.12
Thumb: -129.249 167.961 1079.34
Index: -74.3315 81.4884 1024.53
Middle: -51.6636 24.8113 1104.9
Ring: -15.7669 103.754 1023.67
Little: 14.0518 91.001 1027.97
Thumb: -121.107 167.468 1082.9
Index: -67.1236 75.386 1024.89
Middle: -46.5713 21.1968 1101.9
Ring: -11.6056 95.9294 1010.55
Little: 20.8463 90.3979 1029.92
Thumb: -115.662 163.529 1087.88
Index: -66.5394 65.3321 1032.28
Middle: -39.0442 18.5424 1100.96
Ring: -9.15295 92.9793 1011.85
Little: 25.6405 90.5514 1030.4
Thumb: -110.772 159.634 1087.27
Index: -55.8882 66.5625 1028.74
Middle: -31.7748 15.2737 1102.79
Ring: -0.425563 89.6773 1013.13
Little: 32.4264 85.4966 1032.62
Thumb: -109.039 152.222 1087.24
Index: -47.8117 76.2053 1026.27
Middle: -23.3495 12.087 1103.84
Ring: 5.79864 84.8377 1014.38
Little: 39.141 85.5624 1034.1
Thumb: -100.304 150.217 1088.92
Index: -41.9233 74.0343 1026.41
Middle: -16.679 11.232 1108.43
Ring: 11.8035 83.89 1014.67
Little: 45.1822 83.7052 1033.86
Thumb: -96.3977 147.34 1087.94
Index: -34.5438 74.7004 1026.1
Middle: -7.91441 10.4708 1107.53
Ring: 19.4394 85.4844 1014.63
Little: 52.2828 84.6554 1034.49
Thumb: -89.7586 145.455 1088.15
Index: -28.3127 68.896 1026.77
Middle: -0.939854 9.54588 1108.13
Ring: 25.6167 81.875 1014.78
Little: 60.1351 86.6042 1033.89
Thumb: -87.0893 141.681 1087.21
Index: -21.5414 61.7032 1025.2
Middle: 6.04966 8.70351 1106.08
Ring: 32.2657 81.6736 1013.41
Little: 64.3355 83.1513 1034.18
Thumb: -84.5815 144.506 1090.02
Index: -14.1069 62.3326 1023.56
Middle: 14.9129 8.32226 1106.6
Ring: 39.0331 80.9768 1012.89
Little: 70.4272 81.3863 1034.04
Thumb: -82.0983 144.29 1089.57
Index: -7.94062 58.0599 1026.65
Middle: 23.2949 9.7649 1107.31
Ring: 44.3883 86.1352 1012.83
Little: 77.7726 90.2653 1033.19
Thumb: -76.5563 142.625 1091.79
Index: -1.77572 59.2717 1026.14
Middle: 29.0592 9.26325 1104.04
Ring: 51.13 86.6044 1013.49
Little: 83.2421 88.2198 1033.99
Thumb: -71.6792 143.02 1095.34
Index: 2.37448 74.0684 1023.37
Middle: 35.123 8.84959 1102.6
Ring: 54.7385 84.9237 1013.33
Little: 88.2029 90.1394 1032.77
Thumb: -66.571 144.094 1093.41
Index: 10.8049 71.1862 1024.69
Middle: 40.0121 8.94607 1105.65
Ring: 63.4443 84.716 1015.22
Little: 95.8926 89.1891 1035.42
Thumb: -60.0705 147.595 1093.85
Index: 17.8616 70.6159 1023.54
Middle: 46.6248 9.13191 1106.44
Ring: 70.5796 85.8436 1014.21
Little: 101.227 85.2668 1035.78
Thumb: -55.7727 147.936 1096.83
Index: 19.4033 72.8553 1023.91
Middle: 48.6373 8.17644 1108.38
Ring: 72.9171 86.9379 1014.06
Little: 103.904 84.8736 1034.45
Thumb: -53.1715 152.02 1104.18
Index: 16.7192 72.3547 1028.79
Middle: 48.6637 7.09073 1112.09
Ring: 68.8357 81.0044 1015.7
Little: 102.652 84.6367 1034.25
Thumb: -49.0809 152.861 1111.35
Index: 11.9167 61.9515 1035.33
Middle: 46.0296 8.93331 1114.73
Ring: 65.0097 81.6138 1017.28
Little: 99.6708 83.3514 1034.4
Thumb: -44.4312 153.825 1124.95
Index: 9.14097 54.512 1044.5
Middle: 37.6508 7.95299 1112.32
Ring: 59.2389 80.1354 1019.36
Little: 96.7955 84.4387 1032.44
Thumb: -40.4887 160.548 1136.01
Index: 3.74452 50.8669 1057.49
Middle: 32.6342 12.5767 1121.2
Ring: 50.5352 18.8173 1098.81
Little: 85.773 81.9559 1030.52
Thumb: -30.903 160.771 1143.19
Index: 0.563823 50.9895 1080.43
Middle: 28.5543 22.7102 1116.68
Ring: 46.2717 26.3705 1098.28
Little: 77.8303 71.3718 1051.96
Thumb: -22.8069 166.743 1154.09
Index: 8.38318 55.1956 1079.46
Middle: 27.2667 27.0265 1123.94
Ring: 39.3831 32.4912 1100.49
Little: 70.183 79.345 1047.44
Thumb: -17.7392 167.071 1159.68
Index: 34.8874 46.2477 1116.11
Middle: 28.822 29.0227 1125.28
Ring: 35.5106 36.3243 1099.27
Little: 69.3259 96.338 1039.05
Thumb: -9.53285 167.952 1164.45
Index: 36.1392 49.0203 1117.07
Middle: 34.6271 30.1085 1127.93
Ring: 33.6108 39.1256 1100.94
Little: 59.9125 101.351 1033.11
Thumb: -5.31991 167.38 1169.36
Index: 34.2177 55.4412 1116.09
Middle: 34.7462 31.7602 1130.98
Ring: 33.9182 39.6039 1102.33
Little: 57.4727 105.675 1032.43
Thumb: 1.32104 167.889 1174.41
Index: 37.5158 56.3044 1114.23
Middle: 37.2344 35.8969 1132.01
Ring: 33.6059 44.2432 1106.75
Little: 45.5174 92.264 1042.04
Thumb: 14.9903 171.988 1182.1
Index: 39.2453 55.7262 1113.48
Middle: 39.2276 36.1239 1131.26
Ring: 34.4355 44.3592 1106.81
Little: 44.1319 96.3404 1038.5
Thumb: 24.2449 172.259 1186.24
Index: 38.4664 58.2794 1111.85
Middle: 38.5998 38.9397 1132.45
Ring: 34.2072 47.1102 1107.06
Little: 54.3043 106.549 1036.67
Thumb: 34.2358 174.811 1187.35
Index: 36.0939 58.7956 1109.4
Middle: 37.5 41.0422 1130.88
Ring: 33.4687 49.4533 1108.24
Little: 52.2444 116.39 1028.88
Thumb: 39.9012 172.753 1186.82
Index: 35.7354 58.5388 1109.39
Middle: 37.7676 40.0464 1131.97
Ring: 23.6278 55.7771 1102.56
Little: 53.768 117.912 1027.47
Thumb: 44.0374 172.479 1188.22
Index: 35.4481 60.5251 1108.84
Middle: 37.8767 40.9477 1133.01
Ring: 22.9661 57.2311 1105.59
Little: 58.1411 115.634 1032.94
Thumb: 45.469 170.833 1188.31
Index: 34.9705 58.5634 1111.69
Middle: 37.7766 41.1493 1131.9
Ring: 23.132 57.7296 1106.26
Little: 67.0222 110.808 1039.69
Thumb: 47.983 170.444 1190.69
Index: 32.463 60.1065 1108.97
Middle: 39.4716 41.9398 1131.67
Ring: 23.7632 58.6111 1108
Little: 66.3022 113.041 1040.85
Thumb: 48.6777 169.159 1192.4
Index: 30.9388 60.5445 1110.74
Middle: 39.3946 42.1211 1135.16
Ring: 22.7878 58.6651 1110.03
Little: 65.9916 111.821 1043.16
Thumb: 46.3534 166.31 1193.34
Index: 29.7056 60.8027 1111.43
Middle: 39.8255 41.354 1135.87
Ring: 22.5427 58.4673 1110.59
Little: 66.3667 112.162 1044.78
Thumb: 42.9531 164.239 1193.04
Index: 29.6812 61.3763 1115.18
Middle: 37.4127 42.1625 1135.62
Ring: 21.6785 58.5123 1112.71
Little: 65.4027 111.248 1046.98
Thumb: 40.169 162.315 1192.07
Index: 26.3718 63.3063 1113.08
Middle: 36.1085 42.2841 1136.73
Ring: 20.4649 58.1603 1110.74
Little: 64.9449 110.269 1046.83
Thumb: 35.7134 159.765 1193.14
Index: 25.394 65.1247 1114.28
Middle: 33.0611 42.1212 1137.95
Ring: 18.2643 58.4813 1110.46
Little: 65.1791 109.573 1049.39
Thumb: 30.8948 157.771 1190.93
Index: 20.0405 64.9374 1116.69
Middle: 28.3522 40.5587 1137.19
Ring: 12.944 59.8078 1107.77
Little: 63.7511 106.87 1049.29
Thumb: 27.9387 155.571 1188.72
Index: 17.4738 66.099 1116.22
Middle: 25.4693 41.5391 1137.43
Ring: 10.4201 60.0546 1105.42
Little: 64.3036 105.679 1049.01
Thumb: 21.9419 153.607 1183.4
Index: 16.0691 65.5044 1112.08
Middle: 23.2308 42.6229 1139.09
Ring: 9.12588 60.2858 1104.33
Little: 64.5533 104.468 1048.75
Thumb: 16.7357 149.601 1180.02
Index: 15.3308 60.5417 1111.6
Middle: 19.646 41.3756 1138.75
Ring: 6.36864 59.9315 1103.58
Little: 64.5328 104.921 1048.47
Thumb: 10.0832 147.425 1175.1
Index: 11.2608 62.5048 1112.63
Middle: 17.5219 41.867 1141.16
Ring: 3.33429 61.6659 1104.1
Little: 61.4854 104.331 1049.78
Thumb: 4.33561 144.04 1169.45
Index: 11.3835 61.7657 1114.73
Middle: 18.392 40.9817 1143.97
Ring: 2.75746 60.9452 1105.01
Little: 60.442 102.734 1050.82
Thumb: -2.11184 139.466 1170.03
Index: 9.8311 60.7491 1113.68
Middle: 15.3838 39.2508 1145.74
Ring: 2.8841 53.4222 1106.33
Little: 58.8898 101.204 1051.85
Thumb: -6.83915 135.251 1167.36
Index: 13.0771 55.3765 1115.17
Middle: 12.7355 38.8672 1145.13
Ring: 6.28099 46.236 1110.06
Little: 57.8338 99.1948 1051.14
Thumb: -13.9055 128.917 1161.91
Index: 15.0766 48.743 1117.63
Middle: 2.71531 41.836 1138.67
Ring: 9.09903 39.402 1116.06
Little: 55.1672 95.4332 1053.27
Thumb: -17.4087 125.324 1159.67
Index: 14.4345 51.4597 1117.44
Middle: -1.02064 43.7035 1133.19
Ring: 9.98181 38.0751 1115.34
Little: 52.9111 95.5759 1051.43
Thumb: -17.2307 121.587 1153.6
Index: 17.9233 36.6612 1115.45
Middle: -4.59255 43.9907 1131.27
Ring: 7.20949 37.6015 1114.13
Little: 48.4724 94.5351 1047.82
Thumb: -15.9526 119.316 1147.6
Index: 17.4571 36.276 1110.88
Middle: -6.4939 44.5734 1125.95
Ring: 6.90691 37.3916 1109.99
Little: 47.9527 95.3427 1041.97
Thumb: -16.0017 116.208 1144.57
Index: 15.0506 36.7356 1110.71
Middle: -9.89741 43.6308 1126.06
Ring: 5.2561 38.0231 1109.79
Little: 47.1804 95.2022 1040.97
Thumb: -18.4771 114.821 1142.92
Index: 11.2685 37.4659 1110.61
Middle: -12.9056 43.4721 1126.75
Ring: 1.74078 38.871 1109.34
Little: 45.3854 94.7545 1042.3
Thumb: -20.4536 115.724 1139.67
Index: 7.39499 39.2707 1112.4
Middle: -19.4806 50.0513 1122.94
Ring: -2.26205 41.0371 1110.4
Little: 44.4952 94.407 1042.09
Thumb: -22.3475 117.099 1140.26
Index: 2.16514 41.6502 1112.71
Middle: -23.7644 59.2516 1114
Ring: -6.53313 43.1677 1109.05
Little: 45.9025 92.5594 1043.58
Thumb: -21.0954 119.15 1137.65
Index: -2.43014 47.8818 1124.51
Middle: -26.3472 68.1975 1119.72
Ring: -13.2746 49.4176 1117.06
Little: 46.4989 88.5959 1046.61
Thumb: -22.9997 117.639 1136.05
Index: -9.59835 49.6578 1126.03
Middle: -25.9661 76.2266 1116.95
Ring: -19.377 51.1115 1119.79
Little: 40.6352 86.5296 1047.24
Thumb: -26.9278 117.139 1134.59
Index: -17.9531 53.8932 1124.94
Middle: -26.3407 80.405 1115.05
Ring: -26.3757 52.195 1119.71
Little: 35.7015 84.451 1047.42
Thumb: -28.5817 115.567 1133.81
Index: -22.0558 55.1201 1125.54
Middle: -29.6661 80.9514 1114.81
Ring: -31.0043 55.2939 1114.76
Little: 32.6742 84.6288 1047.6
Thumb: -29.5271 116.522 1131.03
Index: -26.0806 58.9563 1124.54
Middle: -31.7593 83.9709 1113.37
Ring: -33.5571 57.4427 1114.82
Little: 31.2581 86.262 1046.99
Thumb: -32.2406 116.092 1128.97
Index: -29.5082 59.3845 1125.16
Middle: -34.9022 85.7141 1114.59
Ring: -37.5779 60.1569 1115.04
Little: 28.7407 84.6105 1049.52
Thumb: -36.7378 114.161 1130.31
Index: -48.7793 78.1079 1109.5
Middle: -39.3437 88.7507 1106.52
Ring: -41.9551 59.4164 1113.39
Little: 27.0187 84.0528 1052.06
Thumb: -39.9827 113.42 1134.72
Index: -49.9864 76.6599 1109.77
Middle: -43.9731 85.393 1108.94
Ring: -44.8542 55.5085 1118.91
Little: 27.5909 84.4764 1056.27
Thumb: -40.4499 112.949 1132.38
Index: -51.7008 78.8068 1108.08
Middle: -45.3657 85.1861 1109.06
Ring: -45.115 56.2237 1118.2
Little: 26.1985 84.6825 1054.62
Thumb: -42.7739 112.699 1128.99
Index: -39.5438 66.3636 1121.55
Middle: -42.9912 91.2442 1099.97
Ring: -46.0863 56.4613 1117.18
Little: 24.0874 85.0088 1052.7
Thumb: -45.6921 114.063 1132.66
Index: -41.492 64.9606 1119.55
Middle: -47.0547 89.3546 1096.83
Ring: -47.9001 53.9493 1115.82
Little: 23.0052 85.2524 1052.28
Thumb: -47.9785 115.109 1136.08
Index: -40.7934 61.2955 1120.01
Middle: -64.2143 83.52 1091.1
Ring: -48.6447 52.3098 1113.57
Little: 20.703 85.5547 1050.87
Thumb: -50.2796 118.797 1141.41
Index: -39.7686 59.3195 1117.78
Middle: -63.362 81.299 1091.53
Ring: -46.8041 49.7786 1111.35
Little: 20.2305 86.8498 1048.98
Thumb: -50.0596 122.819 1142.66
Index: -35.2329 59.6714 1110.46
Middle: -57.9062 75.3036 1092.79
Ring: -40.9008 49.4152 1099.61
Little: 21.3073 92.3622 1042.07
Thumb: -48.1041 130.582 1146.59
Index: -30.8626 55.497 1108.16
Middle: -44.6215 74.9659 1095.41
Ring: -39.1328 56.3407 1088.23
Little: 23.3841 92.0511 1038.65
Thumb: -48.9902 133.982 1147.6
Index: -31.2191 56.1886 1108.36
Middle: -44.2747 72.3642 1099.16
Ring: -38.2491 57.9417 1089.32
Little: 23.2397 92.2025 1038.98
Thumb: -51.7879 136.253 1145.86
Index: -28.2637 38.8969 1108.37
Middle: -39.2404 64.5404 1091.06
Ring: -38.0898 56.532 1087.21
Little: 21.7209 90.0544 1036.88
Thumb: -52.1507 140.954 1149.49
Index: -30.6013 51.0316 1104.91
Middle: -33.8206 56.6831 1096.31
Ring: -36.5441 57.1793 1084.59
Little: 22.1672 91.4193 1035.3
Thumb: -53.2193 143.291 1148.81
Index: -29.5275 48.5037 1103.84
Middle: -32.8769 51.8136 1093.54
Ring: -36.1027 53.966 1082.52
Little: 21.7512 89.6139 1034.37
Thumb: -51.2069 146.958 1148.18
Index: -27.3964 46.1978 1100.59
Middle: -31.9925 50.5616 1090.55
Ring: -35.5076 49.6449 1081.35
Little: 20.3317 89.0952 1029.42
Thumb: -52.9756 147.057 1146.81
Index: -22.5298 39.6466 1099.14
Middle: -28.8041 49.6646 1083.75
Ring: -32.6756 45.3696 1078.24
Little: 18.7842 89.109 1029.07
Thumb: -54.043 150.314 1147.77
Index: -22.4819 41.2196 1098.42
Middle: -26.7973 50.781 1081.86
Ring: -29.4503 41.1415 1076.94
Little: 19.4729 89.8478 1028.43
Thumb: -56.9954 150.203 1146.96
Index: -25.9457 47.4599 1103.58
Middle: -21.8337 58.1143 1074.99
Ring: -23.1605 35.7231 1074.47
Little: 20.2629 92.3366 1027.13
Thumb: -61.8599 152.897 1143.96
Index: -25.7981 40.1045 1107.98
Middle: -27.505 51.9306 1083.15
Ring: -15.0675 28.5579 1072.8
Little: 24.0862 91.7934 1031.25
Thumb: -64.9435 154.146 1137.6
Index: -32.4766 46.6743 1118.57
Middle: -16.0754 37.5532 1094.47
Ring: -6.7732 28.0262 1076.39
Little: 26.7816 93.4939 1036.59
Thumb: -71.6773 158.014 1127.16
Index: -38.0919 45.5526 1116.38
Middle: -15.1477 35.072 1099.11
Ring: -3.93959 29.3654 1079.74
Little: 36.6053 89.8922 1045.16
Thumb: -76.5401 160.725 1119.78
Index: -43.3066 47.6453 1106.97
Middle: -13.7294 32.2367 1102.34
Ring: 1.52703 25.9409 1087.84
Little: 42.8978 89.1025 1053.61
Thumb: -85.6627 162.255 1112.86
Index: -46.2078 49.9294 1091
Middle: -11.867 31.5335 1099.88
Ring: 7.39071 26.2121 1091.45
Little: 48.2 94.7939 1060.66
Thumb: -89.218 164.358 1105.39
Index: -46.3851 53.0023 1083.18
Middle: -11.4185 33.9873 1100.52
Ring: 7.75524 33.4784 1087.77
Little: 51.5327 96.5095 1068.83
Thumb: -89.6982 165.676 1110.7
Index: -47.1794 55.6937 1076.79
Middle: -10.854 35.7684 1104.08
Ring: 7.78335 39.1365 1087.07
Little: 50.2746 94.2337 1073.23
Thumb: -90.9468 162.233 1102
Index: -46.5738 63.4022 1065.12
Middle: -11.4629 34.9185 1104.21
Ring: 11.1282 54.1116 1088.65
Little: 43.3111 86.2458 1064.57
Thumb: -90.0771 157.241 1100.81
Index: -47.1678 63.1808 1064.17
Middle: -10.807 34.3326 1105.96
Ring: 11.4767 53.3805 1089.98
Little: 42.1807 84.3897 1062.85
Thumb: -89.0069 156.184 1096
Index: -44.8202 67.3087 1058.15
Middle: -13.3944 30.7416 1105.33
Ring: 14.8976 76.5716 1092.02
Little: 48.4583 88.7229 1072.08
Thumb: -87.9183 149.718 1090.31
Index: -43.3194 67.4468 1051.85
Middle: -12.9926 27.4189 1099.61
Ring: 16.011 74.169 1089.54
Little: 47.5683 85.863 1059.22
Thumb: -87.6264 144.035 1087.88
Index: -42.7734 62.3882 1048.32
Middle: -13.3622 28.062 1095.12
Ring: 14.9944 70.4042 1085.36
Little: 46.3959 81.4089 1057.03
Thumb: -81.18 134.496 1069.82
Index: -41.6859 66.8593 1039.79
Middle: -13.7593 28.9182 1086.32
Ring: 15.4712 68.092 1084.56
Little: 47.2531 78.1119 1053.88
Thumb: -82.7524 132.243 1063.66
Index: -39.9614 72.3122 1038.26
Middle: -14.024 24.8653 1076.58
Ring: 15.1356 62.3411 1081.59
Little: 46.9385 73.0492 1049.92
Thumb: -75.8176 131.395 1057.23
Index: -38.2853 75.3847 1034.47
Middle: -14.2098 25.3593 1072.14
Ring: 15.0753 62.2348 1078.74
Little: 47.7221 73.0888 1048.26
Thumb: -68.2368 124.494 1048.68
Index: -40.4349 71.1486 1030.72
Middle: -15.8993 25.4487 1066.38
Ring: 13.804 62.1103 1074.7
Little: 44.2875 70.7857 1037.44
Thumb: -37.4584 102.109 1033.17
Index: -38.8377 73.5554 1029.03
Middle: -14.3247 28.3941 1058.24
Ring: 13.9225 61.8968 1074.2
Little: 44.9878 71.3826 1036.76
Thumb: -35.177 103.994 1028.7
Index: -41.699 58.4843 1032.12
Middle: -14.8231 29.7393 1055.63
Ring: 13.3363 64.007 1071.87
Little: 44.5228 72.3873 1036.59
Thumb: -37.6189 102.381 1027.22
Index: -46.5638 39.3572 1043.58
Middle: -17.5634 28.1435 1053.09
Ring: 12.067 63.6728 1068.39
Little: 46.068 72.9939 1035.36
Thumb: -37.2853 100.729 1026.84
Index: -49.2123 40.1165 1041.4
Middle: -18.618 37.0544 1046.27
Ring: 12.4086 80.4939 1060.51
Little: 40.8779 72.1756 1029.54
Thumb: -35.6422 100.435 1026.6
Index: -44.1644 69.9398 1051.04
Middle: -19.7877 35.3256 1047.52
Ring: 11.954 80.8543 1061.2
Little: 40.8375 73.0423 1029.25
Thumb: -36.6363 97.1143 1026.63
Index: -46.0384 69.7354 1049.25
Middle: -17.426 56.6347 1049.79
Ring: 10.697 82.2101 1060.12
Little: 38.6958 71.3203 1027.87
Thumb: -40.383 98.4667 1024.28
Index: -48.1134 72.0563 1044
Middle: -20.1706 53.8129 1043.77
Ring: 7.82416 79.4956 1052.46
Little: 34.8702 74.5959 1019.19
Thumb: -41.1002 97.572 1021.54
Index: -45.0851 86.1153 1049.45
Middle: -19.1753 53.9107 1041.64
Ring: 7.28595 79.4478 1050.2
Little: 35.7928 75.6969 1018.95
Thumb: -38.6281 96.5246 1017.65
Index: -46.1683 87.5079 1047.84
Middle: -19.6131 55.7878 1040.86
Ring: 4.92714 64.7125 1053.21
Little: 34.3896 76.1577 1016.34
Thumb: -44.1587 99.0423 1018.2
Index: -48.8206 86.3236 1054.12
Middle: -25.7436 35.9839 1036.08
Ring: 1.92777 63.9292 1051.33
Little: 30.3211 80.7312 1011.93
Thumb: -45.075 98.1875 1016.06
Index: -49.7779 87.3476 1054.55
Middle: -24.6574 55.5703 1039.4
Ring: 0.317611 62.9359 1051.06
Little: 29.3813 79.4124 1011.14
Thumb: -43.0343 99.5087 1015.5
Index: -49.3458 89.8341 1054.17
Middle: -24.7157 57.5251 1038.61
Ring: 0.524046 65.0449 1050.88
Little: 26.5792 75.8108 1011.2
Thumb: -45.1783 99.3547 1013.92
Index: -49.6593 87.5598 1052.54
Middle: -24.6782 56.754 1037.51
Ring: 0.488555 62.4051 1050.9
Little: 26.3796 75.6337 1009.26
Thumb: -45.9247 100.871 1011.69
Index: -50.5123 87.9689 1050.75
Middle: -25.1933 56.9288 1037.33
Ring: -0.337947 62.9588 1050.16
Little: 25.8902 75.6374 1008.63
Thumb: -44.3809 101.622 1005.89
Index: -50.3287 86.2682 1049.33
Middle: -23.947 57.2163 1036.09
Ring: 0.562135 62.6692 1048.62
Little: 27.6404 77.6445 1006.88
Thumb: -44.503 101.699 1005.78
Index: -50.502 86.0387 1049.33
Middle: -24.1086 57.2452 1035.71
Ring: 0.321675 62.6382 1048.43
Little: 25.6276 74.6502 1006.9
Thumb: -47.3935 100.81 1007.59
Index: -51.396 88.7206 1049.54
Middle: -25.369 57.2192 1036.91
Ring: -0.742317 62.7385 1049.33
Little: 26.8919 78.258 1007.36
Thumb: -46.7781 100.82 1008.95
Index: -53.2442 88.171 1051.86
Middle: -26.5335 58.3159 1046.2
Ring: -2.90184 63.1273 1050.83
Little: 24.3839 78.1 1008.17
Thumb: -50.3752 101.527 1015.51
Index: -54.8734 89.5954 1056.89
Middle: -29.0488 57.563 1049.03
Ring: -5.3864 62.9762 1052.87
Little: 20.5818 78.7092 1009.15
Thumb: -72.6922 107.85 1030.79
Index: -53.1128 89.4726 1060.26
Middle: -27.9819 56.556 1057.34
Ring: -4.80842 62.1814 1061.61
Little: 24.9461 74.329 1018.52
Thumb: -80.3773 110.456 1042.97
Index: -53.4246 87.7724 1069.03
Middle: -28.2452 56.2012 1067.3
Ring: -6.10053 61.3466 1070.29
Little: 24.1728 71.2122 1027.04
Thumb: -86.4739 112.739 1057.31
Index: -56.3168 78.1331 1084.87
Middle: -31.4489 55.3852 1078.8
Ring: -8.72985 61.398 1082.55
Little: 22.6223 70.4018 1037.95
Thumb: -87.7306 119.614 1073.91
Index: -57.6023 79.9372 1100.64
Middle: -48.7138 33.7385 1080.43
Ring: -33.971 24.5758 1086.42
Little: 13.1239 70.704 1041
Thumb: -83.0814 118.379 1087.35
Index: -65.714 64.7366 1106.22
Middle: -51.2226 51.1797 1096.74
Ring: -43.081 22.649 1104.85
Little: 3.62036 72.736 1044.77
Thumb: -84.039 122.783 1100.75
Index: -61.7694 67.1047 1117.65
Middle: -52.6815 54.4753 1110.32
Ring: -44.1135 27.8854 1120.46
Little: 13.0006 80.5974 1054.31
Thumb: -78.352 130.586 1108.91
Index: -59.9767 67.7382 1137.51
Middle: -54.0231 44.1394 1128.1
Ring: -40.9023 32.5426 1137.38
Little: 12.1589 83.675 1058.45
Thumb: -76.7156 138.346 1117.74
Index: -58.1312 71.3596 1147.72
Middle: -49.2822 46.8068 1140.2
Ring: -34.789 36.0572 1151.34
Little: 12.6508 84.9795 1061.41
Thumb: -72.9384 144.214 1122.19
Index: -53.8355 78.0744 1153.77
Middle: -40.7061 50.0116 1151.19
Ring: -29.494 41.8156 1157.22
Little: 12.5903 82.315 1065.67
Thumb: -70.0186 150.586 1127.51
Index: -50.7413 81.948 1162.26
Middle: -38.1971 54.1665 1158.08
Ring: -23.1121 44.2918 1167.32
Little: 12.3812 84.8957 1069.89
Thumb: -65.2512 153.032 1134.73
Index: -45.5612 90.2102 1157.87
Middle: -31.8611 57.2033 1161.62
Ring: -14.2041 47.0425 1172.56
Little: 16.3361 85.7026 1072.08
Thumb: -60.4351 156.058 1138.21
Index: -43.5376 85.2527 1162.1
Middle: -26.0631 59.2978 1163.7
Ring: -10.8761 50.1795 1172.12
Little: 27.7539 92.7877 1073.5
Thumb: -56.4497 156.595 1139.34
Index: -39.8818 85.6784 1161.64
Middle: -21.9785 57.94 1162.04
Ring: -5.77754 50.0642 1171.36
Little: 36.3454 93.9566 1075.31
Thumb: -54.2627 155.984 1137.2
Index: -36.3415 85.0958 1160.36
Middle: -18.1623 57.4197 1156.37
Ring: -3.45519 49.5748 1165.52
Little: 40.4023 94.9176 1075.05
Thumb: -50.1604 154.801 1138.99
Index: -32.243 80.6843 1156.22
Middle: -13.6353 55.808 1151.9
Ring: 2.79421 45.6292 1159.51
Little: 41.9249 98.0228 1067.62
Thumb: -46.0431 150.992 1140.39
Index: -25.9844 75.8747 1150.9
Middle: -7.20081 51.1807 1144.39
Ring: 10.3325 40.332 1153.26
Little: 49.1995 99.4739 1068.14
Thumb: -45.7372 145.507 1146.2
Index: -16.7286 60.6594 1142.42
Middle: 1.44288 45.4756 1133.58
Ring: 23.9066 33.4296 1147.51
Little: 48.0312 99.3138 1053.28
Thumb: -43.6579 138.631 1145.21
Index: -9.51783 57.0683 1135.54
Middle: 5.9484 41.283 1126.99
Ring: 29.3582 29.0229 1138.57
Little: 48.2025 97.305 1045.67
Thumb: -40.2265 132.081 1142.47
Index: -1.24876 49.3441 1134.43
Middle: 8.87972 37.6538 1120.28
Ring: 30.1073 27.8859 1132.53
Little: 48.8931 97.7872 1040.55
Thumb: -36.0213 127.277 1136.03
Index: 4.64306 36.3202 1143.91
Middle: 4.43406 40.5484 1123.87
Ring: 22.2471 27.5539 1128.37
Little: 44.7955 93.9422 1037.76
Thumb: -28.4058 125.582 1136.4
Index: 4.94445 38.5271 1150.73
Middle: 2.61505 44.4363 1120.84
Ring: 15.5294 28.9592 1125.32
Little: 40.4903 91.4014 1035.42
Thumb: -25.8715 121.797 1134.44
Index: 0.509458 40.1111 1153.83
Middle: 0.721718 44.559 1117.09
Ring: 6.69014 38.0147 1123.55
Little: 45.8665 96.1615 1034.48
Thumb: -20.1277 122.664 1130.55
Index: -6.84054 48.952 1157.39
Middle: -8.55398 53.3376 1119.45
Ring: -0.159845 43.3801 1128.96
Little: 31.1608 88.331 1030.29
Thumb: -18.2816 119.021 1126.52
Index: -10.8602 51.5861 1156.23
Middle: -11.6913 57.6969 1121.03
Ring: -5.09507 45.5017 1129.06
Little: 42.8758 90.2105 1033.32
Thumb: -17.0771 118.866 1126.06
Index: -14.4583 57.81 1159.71
Middle: -12.8564 62.1235 1119.16
Ring: -6.27017 47.5262 1127.53
Little: 41.8915 88.4671 1033.25
Thumb: -16.1226 116.975 1128.28
Index: -15.1354 57.2582 1150.75
Middle: -11.1071 63.0241 1120.95
Ring: -6.82412 48.8033 1131.13
Little: 36.3559 87.1926 1033.92
Thumb: -14.5866 116.793 1129.14
Index: -14.993 58.3971 1152.28
Middle: -16.4865 43.8972 1141.37
Ring: -6.51953 49.9316 1132.58
Little: 41.2438 88.1425 1034.12
Thumb: -13.4944 116.594 1130
Index: -16.206 59.6919 1153.66
Middle: -14.244 43.7631 1149.39
Ring: -8.51331 51.0241 1135.93
Little: 37.4472 84.3616 1034.97
Thumb: -12.7559 119.066 1132.33
Index: -15.0605 61.7787 1154.15
Middle: -15.5157 46.2292 1149.35
Ring: -7.99602 53.6282 1137.69
Little: 48.0217 83.7566 1040.55
Thumb: -13.8713 117.949 1131.82
Index: -17.6192 62.6651 1153.56
Middle: -17.5758 47.9058 1148.73
Ring: -8.64735 52.7766 1138.81
Little: 48.2932 83.2209 1043.01
Thumb: -15.4278 117.595 1130.71
Index: -18.4861 62.7069 1152.58
Middle: -19.2172 47.8882 1148.42
Ring: -11.2182 53.7993 1139.37
Little: 46.3889 83.2871 1043.5
Thumb: -16.2523 118.16 1133.98
Index: -20.9696 61.8412 1151.47
Middle: -22.4209 47.8152 1148.25
Ring: -13.1774 53.2485 1140.88
Little: 46.3314 82.092 1049.06
Thumb: -17.7861 118.465 1134.92
Index: -26.0883 74.9832 1140.24
Middle: -23.7091 47.4554 1148
Ring: -14.2313 53.8462 1141.69
Little: 45.3147 78.6355 1058.63
Thumb: -20.685 113.692 1135.86
Index: -30.4506 77.0454 1140.76
Middle: -24.1211 49.8995 1164.14
Ring: -17.8511 52.4465 1141.41
Little: 44.6661 79.1091 1061.95
Thumb: -21.3125 113.874 1137.21
Index: -30.4148 77.8166 1138.87
Middle: -24.4262 47.8388 1163.18
Ring: -18.3148 52.2212 1140.41
Little: 44.6824 79.0554 1062.28
Thumb: -21.3019 114.294 1137.69
Index: -29.8868 79.0856 1137.87
Middle: -24.0373 47.8337 1164
Ring: -18.3277 52.3949 1140.37
Little: 44.6623 79.1978 1062.65
Thumb: -21.1876 115.151 1138.58
Index: -29.4321 80.5553 1138.88
Middle: -23.1757 51.5534 1168.65
Ring: -17.4675 52.6885 1142.27
Little: 44.9705 78.6256 1063.16
Thumb: -21.2045 115.157 1138.67
Index: -31.1449 78.0694 1139.52
Middle: -23.3815 51.3534 1168.37
Ring: -17.3634 52.5741 1142.71
Little: 44.9808 78.6088 1063.27
Thumb: -22.1365 115.075 1137.86
Index: -31.4364 79.0804 1140.17
Middle: -24.1319 51.8258 1168.95
Ring: -18.0418 53.2725 1142.43
Little: 44.8053 78.5486 1063.99
Thumb: -22.1911 115.051 1137.7
Index: -31.5293 79.1075 1139.97
Middle: -25.2075 52.4761 1168.71
Ring: -18.8979 53.1925 1142.1
Little: 44.9009 78.5093 1064.31
Thumb: -23.1944 116.541 1138.08
Index: -32.394 82.2767 1138.62
Middle: -25.3872 53.9782 1170.53
Ring: -20.17 54.3563 1142.53
Little: 44.0558 79.0116 1064.68
Thumb: -24.008 122.235 1141.32
Index: -33.5334 82.1839 1139.06
Middle: -26.3416 56.7066 1170.79
Ring: -20.6571 55.6954 1142.63
Little: 43.7059 80.8802 1065.07
Thumb: -23.8768 127.109 1146.34
Index: -31.4494 81.3358 1139.82
Middle: -24.4052 53.2231 1168.78
Ring: -20.0247 54.0788 1141
Little: 42.5236 81.7567 1062.58
Thumb: -25.0365 129.947 1152.28
Index: -29.577 76.6448 1142.37
Middle: -21.7742 46.7764 1166.49
Ring: -17.7422 52.4937 1140.43
Little: 37.4099 85.954 1052.71
Thumb: -22.9338 132.049 1158.44
Index: -26.6453 74.43 1140.86
Middle: -14.5832 40.8178 1164.41
Ring: -14.0058 47.803 1136.4
Little: 34.407 89.1484 1046.52
Thumb: -16.3779 137.353 1162.87
Index: -19.8824 64.672 1152.1
Middle: -13.3856 39.2546 1156.7
Ring: -9.1797 46.8365 1132.52
Little: 15.0042 88.6975 1033.12
Thumb: -6.87337 142.628 1168.78
Index: -15.2683 58.4927 1149.13
Middle: -6.88461 35.8788 1153.16
Ring: -4.96872 43.8307 1132.21
Little: 25.3046 93.5078 1031.52
Thumb: -1.21366 143.434 1173.75
Index: -13.197 54.5964 1147.61
Middle: -5.17812 30.9891 1148.6
Ring: -1.27187 39.152 1132.67
Little: 23.1808 93.9996 1030
Thumb: 4.81619 143.663 1174.11
Index: -7.69054 49.4491 1148.86
Middle: -2.46028 28.0278 1141.55
Ring: 3.20661 38.6656 1131.28
Little: 29.0833 94.9464 1029.16
Thumb: 12.1649 144.437 1174.23
Index: -1.30141 47.9429 1152.96
Middle: 2.36897 29.3279 1143.02
Ring: 9.37822 38.5492 1135.32
Little: 44.2485 88.2006 1041.74
Thumb: 22.1347 144.108 1175.59
Index: 3.04022 45.0937 1147.93
Middle: 10.141 26.842 1137.99
Ring: 13.611 38.1727 1128.52
Little: 46.7328 89.9852 1038.57
Thumb: 25.4945 141.214 1176.25
Index: 4.6186 43.4043 1148.72
Middle: 12.4084 24.1582 1137.4
Ring: 15.3828 35.9211 1128.51
Little: 45.8425 88.6942 1037.99
Thumb: 32.0017 137.727 1175.89
Index: 12.9994 41.1331 1147.43
Middle: 11.5853 26.9937 1133.06
Ring: 21.5798 35.9051 1128.5
Little: 46.7286 91.0905 1037.11
Thumb: 36.0995 136.813 1174.12
Index: 19.1596 35.8287 1127.69
Middle: 11.1873 27.072 1126.97
Ring: 23.9422 34.2665 1122.34
Little: 48.1689 92.5558 1032.52
Thumb: 58.4634 234.909 1149.17
Index: 17.1428 38.7927 1114.52
Middle: 19.2878 24.4117 1123.53
Ring: 25.7079 35.1114 1117.53
Little: 48.0609 89.9628 1023.43
Thumb: 70.0882 238.407 1135.8
Index: 5.75118 45.369 1102.78
Middle: 25.5535 24.8125 1121.74
Ring: 13.9067 47.9623 1101.98
Little: 47.7509 90.2148 1020.28
Thumb: 61.7258 140.815 1064.74
Index: 15.0026 53.8675 1107.24
Middle: 35.915 34.5023 1132.35
Ring: 3.36216 54.0651 1105.87
Little: 46.4305 94.4988 1017.11
Thumb: 56.5324 125.33 1068.92
Index: 14.1729 63.0318 1108.62
Middle: 42.9312 35.717 1134.1
Ring: 3.72361 55.9575 1104.75
Little: 47.7343 99.4748 1019.97
Thumb: 55.1545 122.835 1068.76
Index: 11.149 62.3657 1104.84
Middle: 42.5212 33.8219 1132.15
Ring: 5.80295 50.1973 1101.52
Little: 46.6983 98.933 1019.24
Thumb: 55.6149 120.915 1071.34
Index: 19.7441 54.0452 1108.51
Middle: 45.2688 30.8034 1133.73
Ring: 4.52942 49.0216 1102.73
Little: 47.613 97.7735 1021.67
Thumb: 56.3032 119.121 1072.51
Index: 20.2136 51.8338 1110.77
Middle: 45.5808 25.2252 1129.79
Ring: 3.57707 47.576 1103.39
Little: 49.5614 92.8251 1026.95
Thumb: 56.2152 117.031 1073.52
Index: 21.0901 48.741 1112.47
Middle: 46.1954 22.9729 1130.56
Ring: 2.50409 46.7964 1104.6
Little: 48.6716 90.6872 1028
Thumb: 53.4133 115.731 1073.29
Index: 49.5377 30.6238 1113.41
Middle: 41.9846 19.9699 1125.58
Ring: -0.068222 45.8241 1104.98
Little: 43.312 90.5359 1026.82
Thumb: 52.0354 116.926 1080.55
Index: 35.059 32.0165 1108.59
Middle: 34.5185 18.1093 1119.11
Ring: -2.84456 49.0093 1108.82
Little: 0.943795 105.896 1026.94
Thumb: 45.9363 95.7881 1090.14
Index: 13.1766 27.7134 1107.07
Middle: 9.96049 13.5125 1112.21
Ring: -17.9206 51.7892 1130.98
Little: -26.2986 122.14 1117.29
Thumb: 74.3468 78.2047 1120.59
Index: 40.0465 98.2397 1187.03
Middle: 1.00678 16.9966 1104.37
Ring: -19.1647 50.8591 1133.38
Little: -26.3964 121.539 1128.41
Thumb: 71.423 78.2706 1107.9
Index: 37.8762 92.8577 1184.96
Middle: -6.40095 21.1777 1101.14
Ring: -26.9565 52.178 1122.2
Little: -27.1822 124.764 1128.69
Thumb: 70.5392 78.1644 1107.42
Index: 44.4938 95.7727 1181.81
Middle: -5.11874 19.4989 1097.08
Ring: -26.7369 53.5957 1124.04
Little: -27.7883 116.123 1129.48
Thumb: 70.2477 78.508 1103.48
Index: 42.7298 94.1967 1181.62
Middle: -3.70872 18.7039 1093.7
Ring: -25.5875 56.7632 1126.47
Little: -27.4002 112.985 1128.1
Thumb: 154.489 98.0736 1138.4
Index: 40.8509 91.4805 1180.77
Middle: -3.36057 18.4336 1091.01
Ring: -25.0453 57.4359 1128.77
Little: -27.4415 109.304 1126.42
Thumb: 160.453 109.881 1144.01
Index: 45.7624 91.6933 1177.24
Middle: -3.02995 17.1456 1092.15
Ring: -21.7122 65.4397 1137.07
Little: -10.7073 64.9739 1087.7
Thumb: 134.027 90.2434 1141.13
Index: 51.9977 90.8336 1175.45
Middle: -2.35079 16.1815 1091.62
Ring: -7.09434 94.458 1161.3
Little: -10.7909 59.1358 1087.97
Thumb: 134.794 92.2923 1132.25
Index: 52.8827 88.0428 1174.69
Middle: -2.28715 15.9867 1091.79
Ring: -6.48122 87.0976 1158.27
Little: -11.2587 58.4548 1087.52
Thumb: 134.168 95.0432 1123.74
Index: 59.4625 90.3665 1171.48
Middle: -1.69462 14.5822 1088.79
Ring: 1.2389 94.8577 1157.32
Little: -12.7823 58.049 1088.86
Thumb: 133.719 98.3472 1118.6
Index: 62.675 91.9947 1169.64
Middle: -1.47224 16.36 1086.69
Ring: 7.23168 103.164 1159.67
Little: -11.4303 57.4416 1087.48
Thumb: 133.137 97.4818 1115.03
Index: 63.1665 90.7904 1166.31
Middle: -3.59647 18.3567 1082.24
Ring: 12.5568 111.975 1157.88
Little: -11.7385 58.8571 1087.57
Thumb: 130.478 98.5968 1115.73
Index: 63.0822 89.4236 1163.78
Middle: -4.2752 19.1899 1081.36
Ring: 13.8037 113.052 1156.18
Little: -12.3072 60.5442 1085.25
Thumb: 131.097 96.9976 1108.63
Index: 60.4609 84.1125 1160.28
Middle: -6.17618 19.8759 1076.56
Ring: 12.4874 112.173 1155.07
Little: -13.0594 60.7259 1082.25
Thumb: 131.256 97.0285 1104.79
Index: 61.8941 87.6232 1157.99
Middle: -6.78121 19.2947 1074.92
Ring: 12.243 113.114 1151.8
Little: -14.0122 59.9779 1079.63
Thumb: 131.561 96.7021 1101.31
Index: 62.109 86.7462 1155.12
Middle: -7.70021 19.2691 1071.55
Ring: 7.15146 99.8977 1154.26
Little: -15.2436 59.8346 1076.53
Thumb: 131.091 98.0378 1100.87
Index: 59.7062 86.4814 1153.74
Middle: -7.38825 18.8944 1067.99
Ring: 6.34053 102.42 1152.26
Little: -16.0882 59.139 1072.92
Thumb: 128.033 97.3046 1096.66
Index: 60.2575 85.9652 1151.03
Middle: -8.03693 18.4237 1069.97
Ring: 5.53961 99.6256 1150.96
Little: -17.6256 58.2984 1068.64
Thumb: 127.735 96.9384 1095.93
Index: 59.9889 86.1328 1150.24
Middle: -7.94492 20.7013 1075.51
Ring: 4.95013 98.9296 1150.08
Little: -18.1482 58.6689 1067.62
Thumb: 127.846 97.0793 1094.94
Index: 60.3478 86.2599 1148.58
Middle: -8.15929 21.4002 1077.17
Ring: 6.94936 107.289 1147.26
Little: -18.4104 58.6751 1068.32
Thumb: 128.333 97.2949 1095.39
Index: 59.8271 87.3936 1148.44
Middle: -7.78465 19.9205 1074.76
Ring: 6.95687 108.025 1146.39
Little: -17.9834 59.5156 1069.99
Thumb: 131.338 99.3879 1098.8
Index: 59.6604 87.269 1148.4
Middle: -6.99292 21.2387 1074.97
Ring: 6.70503 103.835 1147.58
Little: -17.6193 59.9163 1069.22
Thumb: 131.195 99.3613 1099.24
Index: 59.2657 86.6474 1148.57
Middle: -7.54496 19.2179 1069.16
Ring: 7.16579 106.545 1147.16
Little: -17.5961 60.1495 1069.66
Thumb: 130.805 99.5439 1100.03
Index: 59.2449 86.662 1149.12
Middle: -7.53286 19.4489 1070.49
Ring: 7.66334 107.381 1147.47
Little: -17.5001 59.7447 1069.17
Thumb: 129.277 99.091 1103.35
Index: 57.4706 88.0462 1151.27
Middle: -7.89157 19.8543 1074.27
Ring: 6.99357 114.017 1145.43
Little: -17.4136 59.78 1070.03
Thumb: 128.978 99.5844 1107.76
Index: 54.227 83.7935 1152.55
Middle: -7.94296 18.2516 1078.8
Ring: 5.97886 112.148 1145.72
Little: -16.8571 57.5382 1070.1
Thumb: 128.053 99.9368 1111.23
Index: 55.5615 86.0677 1154.97
Middle: -6.73977 17.01 1080.63
Ring: 6.43589 112.912 1146.23
Little: -16.246 56.2244 1073.16
Thumb: 128.098 99.6129 1112.67
Index: 58.9643 92.4088 1158.39
Middle: -5.45348 16.6442 1085.34
Ring: 5.34184 112.872 1149.72
Little: -15.5722 56.0359 1075.23
Thumb: 128.982 99.7153 1114.46
Index: 61.0579 92.9502 1159.86
Middle: -3.71605 16.4397 1087.61
Ring: 6.00303 112.511 1151.7
Little: -14.2253 55.7522 1076.72
Thumb: 131.859 100.283 1114.68
Index: 63.4798 90.9319 1162.39
Middle: -3.00831 15.5692 1092.94
Ring: 7.29812 106.517 1158.81
Little: -13.8573 54.1636 1080.61
Thumb: 133.399 100.604 1117.23
Index: 62.7607 92.0963 1164.08
Middle: -1.99195 14.5981 1095.2
Ring: 7.20957 110.888 1157.27
Little: -13.3323 53.7084 1081.83
Thumb: 134.929 100.286 1121.76
Index: 59.6587 88.4944 1168.41
Middle: -2.26744 14.6522 1098.76
Ring: 7.70486 109.527 1160.82
Little: -12.2872 53.4635 1083.9
Thumb: 135.436 103.153 1125.28
Index: 58.1832 87.4011 1171.83
Middle: -2.22796 14.6327 1101.04
Ring: 7.929 109.983 1163.57
Little: -11.5038 52.7641 1087
Thumb: 132.269 101.055 1130.02
Index: 59.5023 89.3826 1175.35
Middle: -3.01547 13.1736 1104.43
Ring: 3.58069 102.061 1169.55
Little: -12.5833 52.1848 1089.5
Thumb: 127.816 99.915 1140.58
Index: 51.383 89.9492 1182.22
Middle: -2.06137 13.2417 1106.3
Ring: -2.13716 102.88 1171.74
Little: -11.1534 52.4702 1091.54
Thumb: 121.876 99.1425 1157.62
Index: 42.3511 91.6516 1188.88
Middle: -2.94356 12.9693 1114.96
Ring: -9.89062 104.633 1171.83
Little: -10.9387 51.2895 1092.37
Thumb: 122.353 99.2006 1162.07
Index: 43.8116 89.9445 1192.52
Middle: -2.42364 13.7556 1117.93
Ring: -3.35079 115.71 1173.74
Little: -10.6072 52.009 1095.38
Thumb: 127.34 101.136 1158.32
Index: 54.6213 94.1765 1195.05
Middle: -0.967119 13.7185 1108.79
Ring: 2.25445 115.829 1179.42
Little: -8.06056 52.5703 1102.11
Thumb: 136.127 105.908 1141.87
Index: 58.7631 85.0933 1197.51
Middle: -0.971749 15.602 1112.25
Ring: -16.9185 36.4583 1128.33
Little: -19.016 113.742 1166.49
Thumb: 131.795 106.581 1148.7
Index: 31.6675 27.4208 1153.89
Middle: -1.87687 15.4168 1110.33
Ring: -17.6906 35.638 1128.04
Little: -22.6296 110.711 1167.53
Thumb: 116.124 106.21 1166.69
Index: 17.4513 29.7661 1154.77
Middle: -3.17685 15.1823 1107.69
Ring: -23.4199 39.4457 1126.99
Little: -31.166 91.5825 1153.22
Thumb: 70.1532 110.271 1203.75
Index: 11.1673 81.8363 1163.88
Middle: -0.547123 17.4499 1101.55
Ring: -28.776 41.352 1105.15
Little: -40.1595 78.8688 1092.36
Thumb: 101.327 147.642 1239.13
Index: 8.40231 84.8041 1157.17
Middle: 0.658172 21.1257 1103.19
Ring: -21.469 43.6102 1093.84
Little: -27.6909 90.0664 1080.76
Thumb: 93.5612 153.89 1241.68
Index: -5.86034 59.5419 1136.16
Middle: -2.29653 23.8369 1104.57
Ring: -14.06 41.275 1088.97
Little: -22.5398 91.4085 1074.58
Thumb: 81.9104 160.978 1246.15
Index: -7.10617 56.5939 1131.59
Middle: -5.33749 26.1742 1103.37
Ring: -11.3902 41.2395 1085.75
Little: -17.5614 91.6967 1069.11
Thumb: 101.546 211.59 1230.87
Index: 0.53019 38.6758 1124.12
Middle: -4.27294 27.9914 1104.9
Ring: -5.32884 39.9767 1085.98
Little: 2.28776 100.403 1071.91
Thumb: 12.0569 170.281 1217.9
Index: 5.0766 41.8978 1111.17
Middle: -2.55413 36.7385 1081.47
Ring: -0.958923 43.0457 1077.33
Little: 19.1162 99.7526 1059.64
Thumb: 0.695567 156.153 1202.32
Index: -6.91529 44.7259 1108.06
Middle: -1.38437 30.0528 1088.49
Ring: 0.209967 38.8043 1079.78
Little: 17.1154 102.113 1059.97
Thumb: -24.3349 139.346 1195.31
Index: -4.42325 41.1925 1104.48
Middle: -1.19988 34.2225 1077.75
Ring: 1.99644 37.4662 1079.4
Little: 27.9854 102.474 1063.44
Thumb: -31.6002 141.762 1187.34
Index: -4.20608 39.3991 1106.43
Middle: -0.317309 31.4554 1080.09
Ring: 4.80868 35.3645 1080.38
Little: 31.3525 101.203 1063.28
Thumb: -42.1816 141.952 1179.11
Index: -3.39933 38.5319 1102.59
Middle: 2.85962 29.9326 1077.32
Ring: 5.53601 33.9059 1079.61
Little: 35.839 95.9363 1065.3
Thumb: -50.9202 141.067 1168.01
Index: -4.95217 34.1322 1107.6
Middle: 5.28531 30.6851 1073.98
Ring: 8.14512 32.1672 1080.59
Little: 39.0682 95.4046 1067.38
Thumb: -49.1531 154.302 1153.84
Index: -9.10731 33.102 1102.16
Middle: -11.7351 14.2931 1106.51
Ring: -0.751152 20.8771 1082.57
Little: 20.5591 82.7811 1036.26
Thumb: -60.4458 153.372 1141.18
Index: -9.81589 30.4145 1103.32
Middle: -9.84742 11.146 1106.68
Ring: 0.671257 26.0922 1074.64
Little: 29.7981 78.3881 1040.18
Thumb: -72.5653 148.341 1126.13
Index: -8.39862 29.9749 1103.98
Middle: -9.92388 12.091 1103.08
Ring: 3.46615 26.2436 1075.89
Little: 31.8128 82.6931 1040.44
Thumb: -78.2009 147.157 1115.38
Index: -42.8649 62.4112 1053.49
Middle: -12.5231 12.1409 1102.89
Ring: 5.12748 37.7555 1077.24
Little: 36.2816 84.7457 1045.43
Thumb: -82.3964 146.6 1109.64
Index: -42.7747 60.4829 1048.73
Middle: -13.9483 10.7507 1105.57
Ring: 5.13168 39.6655 1077.14
Little: 31.005 79.6516 1034.78
Thumb: -78.0759 145.751 1104.47
Index: -45.3561 67.7987 1042.89
Middle: -16.0291 10.3737 1104.69
Ring: 4.52819 39.2255 1077.25
Little: 34.925 83.7509 1035.16
Thumb: -79.0047 145.983 1101.93
Index: -46.2906 68.1574 1041.66
Middle: -16.9798 10.4766 1103.86
Ring: 4.75667 39.7366 1077.88
Little: 35.81 82.0581 1037.81
Thumb: -81.8674 145.988 1100.32
Index: -46.3047 67.6625 1039.09
Middle: -19.8469 10.864 1102.98
Ring: 2.8444 39.542 1077.29
Little: 36.8544 84.7306 1040.44
Thumb: -82.1679 147.09 1100.78
Index: -46.4394 68.9573 1037.24
Middle: -20.0575 10.9258 1101.08
Ring: 2.85608 39.5439 1076.53
Little: 37.4442 84.0391 1041.69
Thumb: -79.4176 149.538 1098.49
Index: -49.4755 69.9333 1036.46
Middle: -22.1559 12.3993 1100.64
Ring: 1.57911 39.1541 1076.11
Little: 38.6117 83.9172 1045.51
Thumb: -78.9483 148.257 1093.15
Index: -50.3335 70.2216 1034.52
Middle: -22.6182 12.339 1099.08
Ring: 1.94272 39.277 1075.51
Little: 39.7716 83.3466 1046.64
Thumb: -79.1688 147.139 1091.17
Index: -51.1272 71.0659 1033.72
Middle: -23.445 12.5949 1098.45
Ring: 1.09233 38.7925 1075.81
Little: 38.7095 81.8553 1046.27
Thumb: -78.3186 146.351 1088.26
Index: -49.0653 70.1891 1032.22
Middle: -22.9259 12.9227 1100.53
Ring: 1.25978 38.4681 1075.14
Little: 41.4125 75.4135 1068.22
Thumb: -78.7747 146.503 1085.87
Index: -52.6828 70.4774 1032.19
Middle: -25.4866 13.0604 1098.75
Ring: 7.79464 93.7456 1049.13
Little: 39.5651 71.0908 1072.45
Thumb: -77.5039 147.314 1082.39
Index: -51.1477 68.895 1030.77
Middle: -26.8722 13.2855 1099.98
Ring: 8.5304 91.3978 1050.74
Little: 41.491 82.0745 1067.8
Thumb: -77.4734 147.532 1083.52
Index: -50.9915 68.8576 1030.81
Middle: -26.9283 13.4197 1100.7
Ring: 9.04863 93.5045 1051.04
Little: 41.7461 83.419 1067.78
Thumb: -76.5881 147.651 1083.29
Index: -51.0513 69.4291 1030.95
Middle: -27.0777 13.6539 1101.93
Ring: 8.0804 92.6957 1045.12
Little: 41.4081 82.2379 1068.44
Thumb: -79.1975 148.59 1083.69
Index: -51.378 68.0207 1031.85
Middle: -25.5949 13.4644 1102.45
Ring: 8.89773 92.6397 1045.56
Little: 42.0593 82.232 1069.01
Thumb: -79.2508 148.684 1083.85
Index: -49.8244 74.4952 1029.98
Middle: -25.4022 13.4298 1102.76
Ring: 9.22211 92.3325 1044.49
Little: 40.3431 70.3398 1076.77
Thumb: -79.1031 150.192 1084.9
Index: -48.5632 74.9413 1029.67
Middle: -25.0536 14.0229 1107.31
Ring: 10.3882 92.2645 1050.02
Little: 40.8601 70.5714 1077.05
Thumb: -79.8353 150.658 1085.7
Index: -50.5272 67.2055 1033.53
Middle: -24.6196 14.1412 1109.08
Ring: 10.1775 91.6457 1047.88
Little: 41.2084 70.5934 1077.38
Thumb: -78.8182 149.559 1085.96
Index: -50.4086 66.8582 1033.31
Middle: -23.6788 13.6662 1109.04
Ring: 6.98318 89.0128 1021.29
Little: 41.6057 70.9029 1076.85
Thumb: -78.8128 148.363 1085.8
Index: -49.2044 68.4361 1032.74
Middle: -22.6054 13.656 1109.19
Ring: 7.59304 88.5874 1019.91
Little: 42.4479 70.7632 1077.33
Thumb: -78.716 148.217 1085.73
Index: -49.5014 65.5199 1034.4
Middle: -22.3921 13.6771 1109.56
Ring: 6.79443 87.4744 1014.79
Little: 42.5409 70.8464 1077.42
Thumb: -78.8048 147.604 1085.8
Index: -50.0401 62.4097 1036.36
Middle: -21.661 14.488 1110.72
Ring: 7.56356 90.9619 1014.52
Little: 42.8422 72.2108 1076.68
Thumb: -78.8258 149.305 1085.96
Index: -49.181 66.9625 1035.54
Middle: -20.4283 15.2783 1111.14
Ring: 7.58739 91.4245 1014.68
Little: 43.4238 73.516 1076.47
Thumb: -78.8247 150.564 1086.22
Index: -46.5577 67.057 1034.46
Middle: -19.7483 15.78 1109.45
Ring: 9.88575 88.4996 1015.39
Little: 46.5796 86.5902 1072.07
Thumb: -77.259 152.286 1084.37
Index: -43.926 77.1119 1030.16
Middle: -19.2993 16.4349 1109.75
Ring: 9.94574 87.5353 1015.67
Little: 47.1959 86.7469 1072.04
Thumb: -74.1955 151.912 1084.01
Index: -43.147 81.0639 1028.95
Middle: -19.2698 16.4573 1108.9
Ring: 9.88926 87.8291 1015.6
Little: 47.2345 87.0906 1071.9
Thumb: -72.0831 153.447 1082.83
Index: -39.9333 84.2187 1028.03
Middle: -16.9087 19.0074 1110.73
Ring: 13.3256 88.2069 1015.9
Little: 50.4604 91.0723 1072.36
Thumb: -69.2073 152.01 1083.26
Index: -35.9587 84.8257 1026.48
Middle: -14.8238 18.6583 1109.91
Ring: 17.2483 87.6736 1015.78
Little: 52.5172 89.077 1073.37
Thumb: -65.6866 151.359 1083.63
Index: -33.5991 86.9936 1025.62
Middle: -11.1894 18.7691 1108.39
Ring: 19.2957 88.8143 1015.16
Little: 54.8321 89.5686 1072.62
Thumb: -58.8071 149.869 1081
Index: -28.9186 92.679 1024.82
Middle: -7.31633 18.8 1107.7
Ring: 21.1483 77.5954 1017.6
Little: 59.0787 90.6169 1072.12
Thumb: -53.0643 152.757 1077.52
Index: -24.6553 92.838 1024.45
Middle: -4.35597 19.6664 1097.08
Ring: 27.4832 92.0578 1013.31
Little: 64.6068 95.3564 1070.59
Thumb: -40.9277 154.445 1081.04
Index: -22.6877 81.3476 1028.74
Middle: 1.86478 21.7568 1097.36
Ring: 31.435 96.1464 1014.13
Little: 69.452 98.8686 1070.56
