Thumb: 32.9554 91.7207 1121.92
Index: -64.5745 28.1944 1098.23
Middle: -101.42 40.8207 1097.63
Ring: -124.543 62.0639 1082.41
Little: -141.773 103.039 1080.87
Thumb: 37.1391 91.4382 1101.48
Index: -68.53 30.0543 1092.86
Middle: -99.069 37.8957 1091.96
Ring: -77.4544 120.048 1145.03
Little: -105.904 134.52 1133.39
Thumb: 29.0271 87.7463 1104.94
Index: -73.5649 28.5986 1094.92
Middle: -103.268 38.0164 1091.27
Ring: -76.7234 127.92 1134.32
Little: -108.511 137.403 1133.68
Thumb: 25.088 86.8812 1106.21
Index: -76.9969 27.3063 1094.52
Middle: -106.775 36.6374 1090.14
Ring: -82.9046 122.426 1144.31
Little: -112.708 136.038 1135.62
Thumb: 19.7765 83.152 1107.46
Index: -80.354 26.5342 1094.74
Middle: -109.455 36.6428 1089.53
Ring: -83.68 123.901 1140.67
Little: -115.231 133.243 1135.21
Thumb: 12.1754 82.1235 1103.05
Index: -84.0691 28.9598 1096.14
Middle: -110.698 36.4964 1095.61
Ring: -87.1022 117.817 1141.79
Little: -114.112 134.813 1138.57
Thumb: 8.12281 82.1061 1101.19
Index: -87.0997 31.3305 1097.68
Middle: -112.523 37.1677 1098.85
Ring: -115.074 66.5194 1105.88
Little: -116.188 131.947 1139.81
Thumb: 1.60857 81.372 1099.19
Index: -91.2629 32.5908 1097.58
Middle: -112.869 38.355 1100.71
Ring: -125.831 57.927 1098.87
Little: -114.394 133.844 1141.42
Thumb: -0.963397 79.7538 1098.38
Index: -96.0533 35.3865 1098.19
Middle: -115.512 40.3537 1100.42
Ring: -128.178 59.8024 1104.66
Little: -113.824 138.187 1141.13
Thumb: -4.49276 79.658 1100.44
Index: -95.403 38.9117 1099.89
Middle: -119.611 42.2784 1097.17
Ring: -128.877 62.7965 1104.57
Little: -145.604 93.7024 1093.43
Thumb: -7.59065 78.7324 1103.61
Index: -98.5921 38.165 1098.72
Middle: -121.709 42.7446 1099.05
Ring: -129.7 61.8634 1105.93
Little: -145.177 93.9629 1094.8
Thumb: -9.72501 77.152 1100.75
Index: -98.1417 40.8106 1099.83
Middle: -121.892 42.8736 1097.25
Ring: -128.074 62.1437 1106.55
Little: -143.131 94.7782 1096.18
Thumb: -9.12082 78.6337 1102.32
Index: -96.5849 39.8933 1098.04
Middle: -118.592 42.8739 1097.68
Ring: -124.351 60.7116 1107.35
Little: -141.269 93.2044 1094.12
Thumb: -7.5994 79.2766 1101.13
Index: -93.9642 37.0468 1094.58
Middle: -115.142 42.0916 1096.5
Ring: -121.192 58.7698 1105.71
Little: -137.534 91.8994 1097.49
Thumb: -6.34205 82.4138 1101.53
Index: -86.6799 37.4643 1098.22
Middle: -108.153 41.4027 1099.37
Ring: -114.255 58.1384 1108.5
Little: -129.907 88.0572 1096.56
Thumb: -2.74378 84.9178 1102.04
Index: -74.7384 38.0964 1103.4
Middle: -101.978 38.5254 1099.99
Ring: -106.281 55.2268 1109.08
Little: -123.18 84.1238 1100.68
Thumb: 2.17318 84.6912 1101.77
Index: -68.6466 34.3266 1098.39
Middle: -92.6538 38.4414 1100.68
Ring: -99.415 55.4596 1108.4
Little: -114.387 82.2094 1099.26
Thumb: 9.138 84.5357 1097.74
Index: -60.6311 32.4763 1097.4
Middle: -84.1116 36.1298 1100.81
Ring: -90.9381 51.5799 1106.78
Little: -108.667 77.3535 1095.87
Thumb: 17.2747 85.1768 1100.94
Index: -51.4743 34.4161 1101.85
Middle: -73.4704 35.056 1103.19
Ring: -87.0105 50.7577 1103.71
Little: -100.882 75.6797 1095.71
Thumb: 23.2689 88.3566 1099.97
Index: -41.1555 35.3847 1101.62
Middle: -63.7631 33.6022 1100.7
Ring: -79.5584 47.1427 1104.93
Little: -92.1879 73.6909 1099.11
Thumb: 32.871 89.0405 1101.38
Index: -31.4212 34.2274 1102.05
Middle: -54.3548 30.559 1103.12
Ring: -72.5693 43.3012 1104.61
Little: -84.192 69.5472 1100.47
Thumb: 43.5084 92.5373 1107.09
Index: -24.5017 33.1819 1100.38
Middle: -48.7875 28.8085 1100.69
Ring: -63.2104 41.4616 1104.87
Little: -77.5525 69.4027 1100.41
Thumb: 49.6166 92.4953 1111.98
Index: -18.1621 31.1816 1101.81
Middle: -43.754 25.4306 1099.8
Ring: -57.6712 39.4196 1106.05
Little: -71.7625 65.5429 1096.56
Thumb: 52.9633 91.9631 1112.81
Index: -12.7997 29.4393 1099.09
Middle: -38.224 25.2719 1100.27
Ring: -50.3926 39.6326 1108.37
Little: -64.547 62.515 1094.62
Thumb: 61.4403 91.0177 1117.33
Index: -6.98067 27.4119 1101.61
Middle: -30.5437 22.4628 1102.69
Ring: -44.6649 34.9333 1106.31
Little: -58.8797 58.9657 1096.86
Thumb: 67.7163 90.6107 1116.24
Index: 2.75336 24.5392 1101.57
Middle: -22.2704 18.3191 1102.26
Ring: -38.7133 31.5348 1107.83
Little: -52.7958 54.5695 1100.49
Thumb: 75.9171 92.1616 1117.53
Index: 12.1177 23.3075 1104.42
Middle: -15.9683 15.2968 1101.82
Ring: -32.7087 28.8816 1106.25
Little: -49.3001 50.0773 1094.59
Thumb: 85.8882 89.2841 1118.12
Index: 20.5434 20.6246 1108.01
Middle: -11.4068 9.58928 1098.86
Ring: -25.582 28.6963 1108.69
Little: -43.3248 51.9315 1102.63
Thumb: 104.871 99.8491 1125.79
Index: 30.9817 17.1687 1105.69
Middle: -3.0151 10.6744 1096.33
Ring: -18.6863 29.0191 1106.66
Little: -39.2618 52.1406 1102.04
Thumb: 106.912 97.3478 1123.67
Index: 39.8267 15.799 1105.83
Middle: 3.70419 6.75642 1094.8
Ring: -11.2046 27.302 1107.43
Little: -32.4254 48.6981 1105.82
Thumb: 112.559 95.9254 1120.67
Index: 45.2914 11.2639 1105.53
Middle: 10.2801 3.07896 1094.49
Ring: -4.54063 25.5621 1107.9
Little: -27.201 46.525 1105.7
Thumb: 118.639 95.3905 1114.88
Index: 53.2413 9.84736 1099.8
Middle: 18.502 2.67848 1094.48
Ring: 2.05599 20.8576 1102.06
Little: -19.1486 45.6148 1106.85
Thumb: 127.839 95.5945 1119.28
Index: 58.5466 9.49932 1103.19
Middle: 24.157 2.96865 1095.31
Ring: 8.01342 22.8455 1103.02
Little: -14.9143 46.9558 1105.05
Thumb: 135.628 93.1049 1116.04
Index: 63.9344 10.5855 1103.43
Middle: 28.4673 3.09967 1090.69
Ring: 11.6372 20.6513 1094.45
Little: -12.0736 44.3917 1099.84
Thumb: 140.155 94.5481 1115.62
Index: 71.2396 13.5421 1102.28
Middle: 34.2814 2.38878 1085.06
Ring: 18.8586 22.6728 1096.79
Little: -5.87523 48.1569 1100.72
Thumb: 145.64 93.2369 1113.51
Index: 75.0834 11.7421 1101.45
Middle: 38.6048 0.877613 1084.28
Ring: 22.4688 20.5167 1094.38
Little: -1.90313 46.777 1098.86
Thumb: 148.849 96.026 1113.36
Index: 80.6846 13.5505 1104.04
Middle: 44.4816 0.812527 1080.55
Ring: 28.2535 21.1181 1100.98
Little: 2.86802 46.3839 1099.52
Thumb: 153.089 100.245 1111.79
Index: 84.9029 14.0117 1102.7
Middle: 49.0275 0.694443 1079.45
Ring: 33.9259 25.8951 1103
Little: 7.70411 50.3893 1103.37
Thumb: 158.198 101.136 1114.03
Index: 87.2449 8.72853 1100.62
Middle: 53.0299 -0.489456 1080.77
Ring: 37.9633 27.0955 1102.71
Little: 11.7619 53.3555 1106.45
Thumb: 163.502 99.3545 1113.83
Index: 87.2969 8.7538 1102.27
Middle: 52.8211 0.0982399 1078.75
Ring: 38.7889 29.2598 1098
Little: 19.9309 79.6453 1097.96
Thumb: 165.161 101.175 1113.73
Index: 90.2613 10.0276 1105.07
Middle: 56.3179 -1.19823 1084.49
Ring: 56.3998 89.2726 1147.73
Little: 21.3382 77.1075 1096.59
Thumb: 166.034 98.1812 1116.13
Index: 89.3006 8.83274 1101.95
Middle: 55.4383 -0.159639 1082.55
Ring: 56.1228 84.943 1163.74
Little: 25.5568 89.6229 1103.64
Thumb: 164.875 98.5125 1116.62
Index: 87.6021 10.2672 1102.4
Middle: 54.1125 2.03017 1080.37
Ring: 53.5714 84.2948 1162.88
Little: 26.1686 96.6807 1104.3
Thumb: 166.473 97.1532 1115.67
Index: 87.577 24.4244 1108.88
Middle: 49.6549 3.87452 1080.74
Ring: 51.2576 87.4035 1162.32
Little: 20.753 86.0554 1097.47
Thumb: 163.826 96.1868 1113.58
Index: 84.3767 25.2047 1111.34
Middle: 45.1146 4.74946 1081.95
Ring: 50.3673 87.5979 1163.9
Little: 18.1761 87.1113 1097.72
Thumb: 160.067 95.9827 1115.52
Index: 80.2213 25.3438 1110.05
Middle: 41.4975 6.87987 1082.54
Ring: 47.3458 91.3376 1163.62
Little: 16.8602 91.616 1097.43
Thumb: 153.719 94.7355 1114.48
Index: 76.0134 27.5391 1109.49
Middle: 36.5883 8.04636 1079.34
Ring: 42.5612 90.8178 1163.46
Little: 12.7811 92.2902 1096
Thumb: 150.447 92.5544 1115.55
Index: 70.2828 26.7002 1105.32
Middle: 30.8764 10.0025 1079.81
Ring: 39.4019 93.7122 1164.08
Little: 10.0159 96.1606 1099.01
Thumb: 147.042 91.415 1116.17
Index: 79.8611 60.0102 1105.55
Middle: 24.7818 10.3608 1080.66
Ring: 35.0826 98.5477 1163.44
Little: 4.90358 97.2449 1096.77
Thumb: 142.873 91.4531 1118.95
Index: 74.0231 60.7203 1106.27
Middle: 16.5611 14.0349 1079.72
Ring: 29.2987 98.6009 1163.65
Little: 0.568451 99.6002 1094.23
Thumb: 132.864 91.1937 1119.55
Index: 58.2955 48.4186 1122.6
Middle: 11.9354 16.0256 1079.48
Ring: 23.3611 104.616 1161.65
Little: -4.15187 103.314 1093.03
Thumb: 124.317 90.8584 1122.73
Index: 51.6032 51.9666 1125.28
Middle: 4.42372 17.3188 1078.62
Ring: 8.64534 92.6963 1159.56
Little: -11.8597 103.554 1091.93
Thumb: 112.188 92.9044 1125.77
Index: 54.2959 64.5843 1110.37
Middle: -1.45133 17.7272 1080.44
Ring: -2.57696 85.8232 1159.13
Little: -17.8894 104.182 1092.59
Thumb: 105.18 94.071 1127.03
Index: 47.9755 65.2468 1111.96
Middle: -6.85558 17.4086 1080.92
Ring: -10.4309 83.4742 1159.84
Little: -24.4128 104.355 1094.3
Thumb: 99.133 94.0619 1127.6
Index: 42.9842 65.5531 1113.44
Middle: -14.1379 19.0852 1084.75
Ring: -18.6409 76.6171 1157.74
Little: -22.3894 120.105 1104.11
Thumb: 92.7692 94.3713 1129.64
Index: 36.3432 66.328 1118.02
Middle: -21.4525 21.0247 1088.8
Ring: -24.9387 78.819 1160.87
Little: -26.8861 124.701 1109.88
Thumb: 87.715 93.2926 1129.54
Index: 31.1465 65.5215 1118.74
Middle: -27.6017 19.7396 1092.66
Ring: -35.6003 53.5451 1111.66
Little: -33.8261 122.391 1119.34
Thumb: 86.2105 95.8868 1133.35
Index: 24.8549 68.2938 1120.96
Middle: -31.9359 22.1246 1091.25
Ring: -40.862 56.0607 1110.7
Little: -47.5322 108.829 1106.66
Thumb: 82.8306 96.7749 1139.35
Index: 10.2374 48.2073 1128.75
Middle: -33.4358 18.7936 1093.35
Ring: -22.863 111.027 1164.7
Little: -52.1026 106.027 1105.97
Thumb: 66.7088 95.2586 1161.05
Index: -20.8631 26.8197 1139.11
Middle: -35.9755 18.1482 1096.32
Ring: -52.8473 80.8482 1154.07
Little: -49.8943 126.398 1104.18
Thumb: 28.9264 108.024 1197.76
Index: -43.2629 71.0077 1147.56
Middle: -38.2944 17.5908 1104.47
Ring: -74.0483 107.245 1133.59
Little: -43.1928 60.7156 1076.05
Thumb: -16.5068 118.63 1193.61
Index: -51.6966 88.546 1148.79
Middle: -43.3391 19.1749 1107.6
Ring: -77.9391 93.9527 1111.86
Little: -35.5414 56.2521 1067.96
Thumb: 55.9231 170.023 1228.06
Index: -27.5579 93.7358 1141.98
Middle: -47.7867 26.3449 1110.71
Ring: -51.7836 42.8032 1091.62
Little: -38.4083 61.6263 1066.91
Thumb: 51.6537 170.135 1232.7
Index: -32.8093 90.9943 1140.49
Middle: -51.5363 26.9976 1110.48
Ring: -55.089 42.8635 1091
Little: -42.1399 63.3549 1065.3
Thumb: 45.8641 180.676 1232.32
Index: -38.2391 96.6707 1141.56
Middle: -55.4164 30.0331 1111.53
Ring: -56.5178 44.1547 1091.27
Little: -44.6826 66.664 1068.24
Thumb: -73.301 154.356 1191.12
Index: -46.2174 97.7152 1145.29
Middle: -58.5761 29.9114 1112.72
Ring: -56.7672 41.9474 1092.84
Little: -45.4837 65.5319 1070.37
Thumb: -77.732 160.827 1183.17
Index: -52.3514 104.711 1149.83
Middle: -61.2057 31.9799 1110.89
Ring: -57.4533 41.3417 1090.56
Little: -36.2602 59.6004 1069.58
Thumb: -84.4789 170.147 1173.88
Index: -56.0434 112.96 1145.89
Middle: -61.0171 35.6229 1101.18
Ring: -52.7728 43.0561 1081.52
Little: -35.6788 63.1223 1066.64
Thumb: -91.4881 176.164 1162.95
Index: -57.9142 123.066 1143.65
Middle: -61.6627 40.0475 1101.7
Ring: -49.0224 44.2686 1085.19
Little: -28.5589 62.5195 1070.52
Thumb: 56.0233 122.944 1110.21
Index: -50.3059 38.9913 1109.77
Middle: -70.4576 31.8205 1123.66
Ring: -65.5855 36.0672 1120.76
Little: -71.8598 76.9254 1151.27
Thumb: 44.8802 112.337 1111.07
Index: -52.736 38.621 1111.33
Middle: -76.1093 33.5072 1124.66
Ring: -69.1011 36.2563 1121.37
Little: -89.5077 66.7789 1136.98
Thumb: 51.4544 113.784 1107.29
Index: -51.1173 38.41 1115.64
Middle: -79.8407 34.0361 1122.47
Ring: -72.2495 36.3639 1118.69
Little: -93.7267 66.9765 1132.72
Thumb: 47.5393 117.845 1115.51
Index: -49.1449 39.8136 1115.7
Middle: -81.1642 36.6185 1121.9
Ring: -72.4453 37.3921 1116.94
Little: -86.2216 80.2082 1141.57
Thumb: 45.9454 110.497 1119.93
Index: -50.3605 41.779 1120.77
Middle: -81.696 35.8443 1120.29
Ring: -75.1421 38.4328 1118.07
Little: -89.9963 82.2018 1140.76
Thumb: 38.5534 108.214 1119.17
Index: -49.4417 44.1455 1125.97
Middle: -83.8345 35.6894 1120.14
Ring: -76.7558 38.098 1118.35
Little: -93.1305 82.8929 1138.09
Thumb: 44.1665 112.815 1117.39
Index: -52.5539 42.422 1123.72
Middle: -17.6642 108.779 1194.24
Ring: -79.0166 38.0075 1117.32
Little: -95.1706 82.5208 1135.89
Thumb: 35.3456 111.905 1121.71
Index: -52.9951 42.8902 1125.62
Middle: -24.3458 109.945 1194.96
Ring: -80.6076 37.3412 1116.68
Little: -98.4781 82.3054 1132.87
Thumb: 43.807 113.244 1122.09
Index: -53.6716 42.4249 1125.18
Middle: -27.6457 111.349 1195.12
Ring: -82.0017 38.2062 1115.75
Little: -100.05 83.4718 1130.95
Thumb: 38.741 114.2 1122.45
Index: -57.1584 43.4482 1124.44
Middle: -33.3972 114.178 1194.86
Ring: -84.0737 39.7176 1114.58
Little: -103.492 82.5269 1127.59
Thumb: 40.2427 117.153 1124.79
Index: -57.8558 44.6086 1122.8
Middle: -35.7027 116.514 1193.4
Ring: -84.2529 40.8477 1112.12
Little: -103.019 86.7138 1124.37
Thumb: 50.9597 109.962 1123.24
Index: -60.1113 44.5009 1119.4
Middle: -39.7954 115.365 1190.63
Ring: -86.6687 40.7629 1108.03
Little: -106.194 84.1092 1119.62
Thumb: 57.2291 114.323 1122.82
Index: -59.4002 46.2126 1119.67
Middle: -42.5955 116.865 1188.11
Ring: -87.0809 40.4551 1105.63
Little: -106.74 84.2904 1115.66
Thumb: 61.5303 115.604 1121.72
Index: -59.3719 47.3495 1116.92
Middle: -44.2342 117.357 1185.47
Ring: -87.1754 41.4321 1102.23
Little: -106.826 85.2393 1111.8
Thumb: 71.8844 119.724 1118.5
Index: -58.4006 45.9069 1113.96
Middle: -43.6283 115.261 1183.4
Ring: -86.2706 39.9864 1098.65
Little: -106.181 83.5252 1109.03
Thumb: 74.4378 120.329 1116.52
Index: -58.5633 45.6462 1111.61
Middle: -43.9605 114.704 1181.45
Ring: -86.7241 40.3571 1096.01
Little: -106.222 83.5745 1106.38
Thumb: 52.4249 123.558 1122.84
Index: -58.5619 45.4132 1109.11
Middle: -44.4858 114.184 1179.48
Ring: -86.4918 40.1492 1093.54
Little: -105.793 85.1821 1104.12
Thumb: 47.3547 127.868 1122.09
Index: -55.8522 47.8719 1109.03
Middle: -41.9007 114.734 1177.86
Ring: -84.8258 40.8962 1092.55
Little: -104.119 85.7207 1103.64
Thumb: 67.5469 120.699 1118.89
Index: -54.3799 50.8158 1109.64
Middle: -39.6103 117.592 1176.82
Ring: -83.8637 42.5156 1093.01
Little: -102.691 88.1214 1103.7
Thumb: 71.5813 123.517 1114.13
Index: -52.9166 50.7289 1108.64
Middle: -37.6985 117.434 1175.75
Ring: -82.4901 42.3363 1092.22
Little: -101.283 88.0698 1103.18
Thumb: 75.3942 123.318 1105.91
Index: -50.3158 53.6409 1109.92
Middle: -35.6644 119.149 1175.85
Ring: -81.146 43.7612 1092.97
Little: -100.329 88.313 1104.03
Thumb: 76.9681 130.87 1107.07
Index: -46.1243 53.405 1110.75
Middle: -32.5822 120.493 1175.95
Ring: -79.1283 42.8315 1094.3
Little: -99.3952 84.2946 1105.29
Thumb: 68.1499 121.885 1105.96
Index: -44.763 49.7166 1110.97
Middle: -29.8648 121.157 1177.43
Ring: -75.3625 41.7947 1097.62
Little: -96.2715 82.8261 1108.19
Thumb: 65.5999 123.074 1109.97
Index: -41.5974 51.9364 1112.07
Middle: -27.0966 123.805 1178.33
Ring: -72.0973 43.4927 1099.21
Little: -93.8025 84.5589 1110.07
Thumb: 75.8873 128.85 1105.73
Index: -38.1396 49.3557 1113.93
Middle: -25.0141 120.208 1180.88
Ring: -68.2748 40.96 1102.66
Little: -90.9047 81.4452 1114.07
Thumb: 76.0441 130.435 1105.44
Index: -34.0139 49.1704 1116.16
Middle: -24.2535 121.06 1182.24
Ring: -64.0999 40.1211 1105.46
Little: -88.074 79.1536 1115.82
Thumb: 12.7051 90.287 1098.41
Index: -28.3051 49.7858 1118.24
Middle: -20.5547 122.654 1183.04
Ring: -59.451 39.0216 1107.89
Little: -84.1421 77.2122 1118.38
Thumb: 18.8676 86.6337 1095.81
Index: -22.7736 49.8711 1121.49
Middle: -14.2501 123.905 1184.17
Ring: -54.3844 36.5233 1110.56
Little: -79.5444 77.7161 1121.4
Thumb: 24.9559 83.5987 1095.68
Index: -19.0843 44.1075 1121.12
Middle: -8.82625 119.691 1186.81
Ring: -49.2759 33.1869 1111.57
Little: -74.4059 74.2147 1123.36
Thumb: 31.3414 81.8777 1100.99
Index: -12.1737 44.7971 1124.18
Middle: -3.05343 115.454 1189.81
Ring: -44.4197 31.8157 1111.77
Little: -69.1547 71.0865 1124.59
Thumb: 37.5416 80.2504 1103.61
Index: -5.86365 41.9815 1124.07
Middle: 2.20908 112.413 1190.69
Ring: -36.1624 28.8833 1111.93
Little: -62.2266 68.4687 1124.63
Thumb: 44.1987 80.219 1104.26
Index: 0.966848 42.2935 1125.98
Middle: 8.54036 112.291 1192.1
Ring: -29.6043 28.4048 1113.14
Little: -55.6464 68.9038 1126.24
Thumb: 49.9036 79.4935 1103.7
Index: 8.47403 43.3552 1128.75
Middle: 13.4215 111.926 1192.79
Ring: -23.0022 26.2187 1115
Little: -49.9426 66.3752 1127.68
Thumb: 57.0334 77.3946 1103.39
Index: 15.095 40.9548 1129.16
Middle: 19.5046 109.597 1193.48
Ring: -15.4513 24.3328 1115.35
Little: -42.8314 64.0855 1127.63
Thumb: 63.4012 77.6545 1102.89
Index: 21.9365 38.4304 1128.97
Middle: 22.8445 109.492 1193.92
Ring: -6.6813 22.247 1115.26
Little: -36.1442 57.8997 1126.56
Thumb: 69.6676 77.3879 1102.36
Index: 30.3771 37.4111 1128.13
Middle: 31.7379 108.525 1193.23
Ring: 1.76039 20.4474 1114.94
Little: -28.089 55.2787 1127.42
Thumb: 75.7991 78.7389 1103.58
Index: 36.9091 39.1849 1127.79
Middle: 39.4981 108.595 1192.69
Ring: 7.55871 21.4218 1114.8
Little: -21.9181 56.6946 1128.16
Thumb: 82.3345 79.9791 1101.82
Index: 45.399 39.4713 1125.98
Middle: 47.1871 109.001 1191.08
Ring: 16.2549 21.2649 1113.24
Little: -13.7238 56.1273 1127.94
Thumb: 88.7339 81.2064 1102.16
Index: 52.8728 43.9917 1127.49
Middle: 51.5546 108.786 1191.79
Ring: 23.6261 21.1779 1113
Little: -7.52247 55.1682 1126.95
Thumb: 94.7326 84.9691 1102.35
Index: 59.5439 47.8474 1128.95
Middle: 52.1742 111.71 1192.42
Ring: 30.7797 22.6573 1113.16
Little: -1.7666 47.9809 1122
Thumb: 101.34 84.079 1103.16
Index: 65.8366 47.0803 1129.39
Middle: 58.049 110.332 1193.22
Ring: 35.2272 21.5392 1113.19
Little: 2.98452 46.5624 1121.88
Thumb: 106.86 84.1473 1102.42
Index: 70.9578 48.4976 1129.95
Middle: 63.9132 110.452 1193.57
Ring: 40.1654 22.7508 1113.94
Little: 8.23017 47.7774 1121.84
Thumb: 113.112 82.3101 1101.98
Index: 75.6177 44.0473 1129.99
Middle: 70.3446 109.905 1193.61
Ring: 48.9999 21.199 1114.55
Little: 16.1259 50.489 1125.65
Thumb: 115.197 80.6745 1102.64
Index: 77.397 43.4621 1130.96
Middle: 75.8659 111.259 1193.99
Ring: 50.4023 22.3211 1116.47
Little: 18.6811 54.6556 1128.19
Thumb: 115.026 80.7165 1098.79
Index: 76.9037 35.6973 1125.49
Middle: 83.69 109.777 1193.54
Ring: 52.0423 22.3331 1117.05
Little: 21.5936 55.1537 1131.56
Thumb: 113.508 76.9991 1096.9
Index: 76.0358 34.6593 1127.64
Middle: 90.9216 106.676 1194.54
Ring: 48.8908 22.343 1121.17
Little: 21.8611 58.6469 1138.09
Thumb: 108.549 75.7006 1090.98
Index: 72.5199 34.7514 1126.59
Middle: 104.779 108.729 1189.59
Ring: 45.8637 25.316 1124.44
Little: 25.2757 66.896 1147.75
Thumb: 99.9733 71.528 1097.63
Index: 60.7472 31.1169 1122.42
Middle: 58.1102 27.5495 1142.82
Ring: 43.5818 27.3553 1130.52
Little: 28.8572 72.7674 1156.21
Thumb: 81.9227 88.0826 1119.39
Index: 55.5474 37.8242 1126.6
Middle: 54.1486 38.0765 1147.28
Ring: 40.9192 34.9541 1132.48
Little: 35.2842 84.8648 1163.07
Thumb: 77.9186 94.0436 1118
Index: 48.9865 42.3758 1125.86
Middle: 33.1598 33.4596 1135.38
Ring: 40.9381 38.9662 1130.19
Little: 41.4505 92.2651 1167.75
Thumb: 79.2378 95.174 1116.01
Index: 48.6762 44.4931 1126.42
Middle: 32.5937 36.4462 1138.04
Ring: 42.1233 40.9246 1131.12
Little: 48.2498 97.9005 1170.75
Thumb: 84.6741 93.5619 1116.26
Index: 142.62 98.6211 1153.54
Middle: 36.3379 35.8995 1137.8
Ring: 44.0844 41.831 1131.46
Little: 54.6567 99.9709 1171.17
Thumb: 85.8241 93.7501 1110.72
Index: 148.897 108.669 1144.47
Middle: 38.6017 37.1292 1137.36
Ring: 43.9249 43.2554 1132.74
Little: 60.2904 103.687 1173.75
Thumb: 134.212 109.79 1084.46
Index: 146.571 127.895 1117.15
Middle: 40.1663 37.8532 1141.15
Ring: 46.8655 42.4125 1134.29
Little: 56.1551 128.535 1170.34
Thumb: 152.502 122.25 1068.04
Index: 141.664 127.982 1105.65
Middle: 41.6381 38.6984 1140.62
Ring: 45.9482 44.0816 1136.05
Little: 57.4501 134.005 1168.22
Thumb: 135.329 122.88 1086.54
Index: 143.272 127.919 1102.09
Middle: 42.4303 38.8829 1139.38
Ring: 47.1407 43.8818 1133.77
Little: 60.2274 135.534 1168.23
Thumb: 145.844 128.911 1072.62
Index: 154.964 107.425 1124.76
Middle: 42.6193 39.3128 1137.04
Ring: 46.1663 44.8371 1133
Little: 62.6888 135.123 1169.19
Thumb: 146.126 128.748 1076.62
Index: 153.581 109.521 1120.56
Middle: 42.3509 39.5632 1138.94
Ring: 45.9712 45.1666 1134.64
Little: 64.7784 134.857 1171.51
Thumb: 150.174 138.349 1082.55
Index: 153.729 109.045 1118.4
Middle: 42.8501 39.2494 1138.87
Ring: 45.9098 45.1435 1135.48
Little: 66.564 135.243 1173.64
Thumb: 143.483 137.956 1094.47
Index: 154.875 109.307 1117.7
Middle: 44.1946 40.3289 1137.94
Ring: 47.0705 46.6696 1135.07
Little: 68.979 136.106 1174.52
Thumb: 132.531 140.143 1109.05
Index: 150.259 126.347 1109.08
Middle: 43.8014 41.8051 1140.58
Ring: 47.6338 46.9608 1135.26
Little: 69.2423 136.246 1175.51
Thumb: 135.309 141.722 1099.04
Index: 143.521 133.907 1102.83
Middle: 45.425 42.8836 1140.77
Ring: 49.8843 48.1598 1135.83
Little: 70.9317 137.884 1176.41
Thumb: 139.511 133.007 1128.32
Index: 141.687 136.934 1100.75
Middle: 46.7004 43.0192 1139.93
Ring: 49.1451 48.974 1137.51
Little: 72.1139 137.193 1176.76
Thumb: 125.564 144.419 1119.98
Index: 146.669 129.908 1102.67
Middle: 45.668 43.5319 1142.34
Ring: 48.2598 49.2174 1139.19
Little: 74.2664 136.593 1176.96
Thumb: 126.909 142.889 1122.63
Index: 142.872 123.511 1104.53
Middle: 45.4588 42.657 1142.71
Ring: 47.8823 48.1825 1139.93
Little: 73.41 135.968 1176.76
Thumb: 128.251 136.254 1124.19
Index: 142.64 122.861 1109.25
Middle: 43.6393 42.7598 1144.79
Ring: 45.8187 48.2438 1142.75
Little: 70.1393 135.895 1177.74
Thumb: 125.786 132.166 1117.6
Index: 151.218 117.175 1114.52
Middle: 40.9617 41.0849 1144.47
Ring: 42.9622 46.7146 1143.19
Little: 68.289 134.482 1177.56
Thumb: 125.239 131.287 1118.31
Index: 151.49 114.419 1118.42
Middle: 38.357 42.2685 1145.79
Ring: 41.2012 47.5222 1142.98
Little: 66.8929 135.579 1177.88
Thumb: 144.803 127.309 1083.53
Index: 141.053 116.438 1123.36
Middle: 33.0714 38.7658 1145.11
Ring: 34.4982 45.2648 1145.44
Little: 57.2139 134.221 1179.42
Thumb: 137.295 128.743 1108.76
Index: 141.31 116.905 1125.23
Middle: 29.1302 40.1473 1145.78
Ring: 31.8623 46.2053 1144.24
Little: 55.1152 134.693 1178.78
Thumb: 135.513 128.739 1112.87
Index: 143.53 111.695 1136.37
Middle: 26.9068 40.7632 1147.48
Ring: 30.2425 46.6945 1147.03
Little: 50.6879 136.581 1179.9
Thumb: 131.453 130.647 1108.13
Index: 120.172 132.055 1114.99
Middle: 23.3137 40.2079 1147.64
Ring: 34.9002 45.5356 1151.61
Little: 48.3228 137.86 1182.83
Thumb: 142.747 131.826 1095.12
Index: 121.166 126.748 1114.08
Middle: 19.9449 38.7307 1150.45
Ring: 32.5841 42.7862 1151.54
Little: 44.7034 137.732 1184.69
Thumb: 140.731 133.318 1071.87
Index: 114.581 124.824 1115.88
Middle: 17.9505 37.3201 1148.48
Ring: 29.7672 41.6363 1147.06
Little: 29.8805 143.054 1175.53
Thumb: 133.262 130.561 1046.91
Index: 51.288 56.2113 1150.1
Middle: 22.6556 28.8317 1128.56
Ring: 23.868 42.8372 1130.58
Little: 24.7508 145.395 1173.17
Thumb: 149.734 127.33 1053.64
Index: 22.2325 43.1152 1126.71
Middle: 15.3921 31.3812 1129.96
Ring: 23.9732 42.2541 1125.05
Little: 23.7027 145.245 1167.28
Thumb: 122.378 110.214 1069.65
Index: 21.138 39.8235 1118.16
Middle: 17.9637 29.3945 1118.2
Ring: 19.1948 43.4183 1120.73
Little: 46.5004 126.11 1195.68
Thumb: 108.003 108.763 1079.86
Index: 18.9051 39.5313 1117.34
Middle: 12.0924 30.2821 1120.81
Ring: 24.839 41.57 1129.64
Little: 43.6663 123.23 1195.23
Thumb: 101.081 113.769 1088.68
Index: 17.4664 39.598 1116.66
Middle: 9.9917 30.3959 1120.99
Ring: 22.3807 41.3923 1125.76
Little: 42.5779 123.462 1192.7
Thumb: 122.991 110.318 1052.12
Index: 13.4506 40.6238 1116.07
Middle: 5.97219 31.428 1120.15
Ring: 18.8798 42.1289 1125.21
Little: 41.3514 124.648 1190.84
Thumb: 125.655 109.649 1044.45
Index: 10.2989 41.4038 1118.21
Middle: -0.743595 33.5622 1121.14
Ring: 13.2463 43.1317 1123.81
Little: 37.6938 124.234 1188.46
Thumb: 128.919 115.126 1034.77
Index: 7.15938 43.5243 1121.42
Middle: -7.80309 36.836 1125.35
Ring: 10.0225 43.6149 1123.69
Little: 34.913 127.317 1188
Thumb: 96.6859 101.461 1084.56
Index: -3.44554 46.8831 1127.86
Middle: -14.9633 53.0014 1154.71
Ring: 1.44677 42.8295 1127.32
Little: 31.5914 122.316 1185.33
Thumb: 101.057 87.3026 1089.56
Index: -11.732 47.9592 1130.19
Middle: -7.50534 67.3786 1158.28
Ring: -4.67914 41.2387 1130.52
Little: 25.936 116.145 1182.91
Thumb: 95.1908 82.3731 1062.58
Index: -15.2634 53.8714 1130.89
Middle: -12.1314 74.9547 1158.98
Ring: -20.7577 56.5982 1146.2
Little: 19.6305 124.209 1168.08
Thumb: 84.5115 96.1689 1065.38
Index: -18.8261 54.7516 1128.38
Middle: -11.1564 77.169 1154.49
Ring: -25.9541 58.3796 1143.52
Little: 15.7521 119.315 1166.12
Thumb: 105.149 75.5395 1037.18
Index: -19.8219 55.464 1125.55
Middle: -12.7976 78.227 1152.2
Ring: -25.5454 54.2381 1130.01
Little: 8.87796 105.36 1166.47
Thumb: 79.5959 89.6144 1075.42
Index: -21.9369 58.631 1124.77
Middle: -13.9651 79.2926 1150.95
Ring: -26.9888 56.9341 1128.58
Little: 3.95688 102.98 1164.51
Thumb: 74.7924 94.0448 1083.52
Index: -24.2412 58.7395 1123.17
Middle: -16.3018 79.0698 1149.76
Ring: -29.1349 56.8677 1126.77
Little: 2.18506 102.692 1164.02
Thumb: 68.7489 129.409 1073.83
Index: -23.3731 58.9472 1123.37
Middle: -16.3904 78.9644 1150.14
Ring: -26.1103 55.5369 1125.05
Little: 2.74685 104.324 1164.7
Thumb: 89.0423 94.5585 1035.72
Index: -25.2896 59.4612 1120.66
Middle: -17.7534 79.4523 1147.12
Ring: -20.891 53.4676 1123.2
Little: 1.66915 105.147 1162.81
Thumb: 93.48 100.378 1034.41
Index: -25.2412 58.951 1118.73
Middle: -17.5477 77.1579 1144.59
Ring: -20.6293 53.1792 1121.9
Little: 0.900188 104.987 1161.45
Thumb: 63.9958 121.951 1067.26
Index: -26.9505 59.3683 1118.95
Middle: -42.2356 65.2098 1141.08
Ring: -19.6678 52.6495 1120.94
Little: -0.528633 105.145 1160.69
Thumb: 65.8855 122.924 1066.49
Index: -27.9954 58.9124 1119.16
Middle: -42.9523 62.7341 1139.98
Ring: -20.4124 52.092 1120.75
Little: -1.48097 104.579 1161.15
Thumb: 63.9216 124.501 1066.63
Index: -26.7624 52.4945 1114.38
Middle: -40.5849 60.2032 1139.19
Ring: -19.8335 52.1834 1120.39
Little: -1.42228 103.878 1161.62
Thumb: 69.9329 114 1059.57
Index: -25.2518 48.8631 1109.93
Middle: -39.1126 53.6317 1131.86
Ring: -26.3378 53.1883 1112.06
Little: -2.16656 102.168 1161.12
Thumb: 64.8845 121.243 1068.59
Index: -24.3408 41.7838 1106.46
Middle: -35.8114 40.7174 1121.76
Ring: -26.0798 46.8278 1109.05
Little: 12.5367 122.436 1170.54
Thumb: 56.6567 134.747 1086.93
Index: -20.816 41.1343 1105.04
Middle: -31.952 36.3215 1117.14
Ring: -16.994 44.2108 1111.96
Little: 11.8915 117.773 1172.75
Thumb: 64.5006 124.212 1069.74
Index: -20.0877 40.1209 1104.41
Middle: -23.2896 37.1065 1123.73
Ring: -16.7156 43.106 1110.99
Little: 11.9916 119.087 1173.12
Thumb: 79.5306 100.661 1056.55
Index: -18.9508 38.264 1103.03
Middle: -20.3379 36.0353 1123.16
Ring: -11.6095 43.6499 1114.4
Little: 11.2954 119.682 1172.62
Thumb: 61.5275 114.565 1076.83
Index: -18.2612 36.4972 1101.15
Middle: -18.8921 33.0703 1120.65
Ring: -9.23531 41.4831 1112.68
Little: 11.3829 116.477 1171.43
Thumb: 60.0987 118.649 1075.6
Index: -16.3485 36.3093 1100.06
Middle: -16.8699 31.0114 1119.31
Ring: -13.0571 35.6309 1100.98
Little: 6.77378 118.205 1163.01
Thumb: 62.1882 107.819 1072.87
Index: -16.6259 32.5638 1106.09
Middle: -13.8065 18.3528 1114.71
Ring: -12.2227 27.967 1100.96
Little: -5.54524 124.155 1153.02
Thumb: 64.0627 106.104 1070.75
Index: -15.1395 32.0809 1105.94
Middle: -12.756 17.791 1114.3
Ring: -10.742 27.5896 1100.71
Little: -2.96641 124.829 1155.68
Thumb: 70.6149 105.921 1099.64
Index: -9.34707 32.0554 1106.88
Middle: -25.3817 35.0107 1138.56
Ring: -4.64467 27.8423 1101.69
Little: -2.81736 126.3 1157.17
Thumb: 85.8884 94.2475 1085.07
Index: -4.01163 33.5168 1110.56
Middle: -16.9781 38.3992 1143.35
Ring: 0.965808 29.3841 1105.56
Little: -6.46827 63.8115 1145.79
Thumb: 100.264 98.8099 1072.09
Index: 0.675335 32.7505 1111.42
Middle: 1.62342 23.9661 1128.65
Ring: 5.67933 28.6731 1106.41
Little: -5.33257 61.1352 1142.74
Thumb: 111.973 105.725 1071.9
Index: 4.42729 31.2701 1114.41
Middle: 5.82206 23.3891 1131.98
Ring: 9.67588 27.2927 1109.56
Little: -8.43068 100.816 1146.92
Thumb: 109.169 97.2439 1089.62
Index: 6.213 30.2684 1121.42
Middle: 9.36266 31.6519 1139.25
Ring: 9.71834 25.973 1114.43
Little: -12.1738 100.565 1147.01
Thumb: 116.641 98.2964 1104.35
Index: 1.93442 30.9517 1121.47
Middle: -3.46094 23.8951 1138.25
Ring: 10.6684 27.1442 1123.33
Little: -18.5559 102.145 1144.72
Thumb: 130.053 127.237 1079.96
Index: 3.88223 36.5208 1131.16
Middle: 20.4351 17.3098 1126.03
Ring: -0.230675 30.6099 1125.45
Little: -22.3686 106.932 1143.98
Thumb: 129.742 124.294 1087.55
Index: -1.9509 36.772 1127.27
Middle: 19.086 17.0331 1122.11
Ring: -0.0895076 32.2798 1126.98
Little: -24.506 109.228 1145.07
Thumb: 132.234 113.979 1101.73
Index: -1.41887 35.7289 1128.97
Middle: 19.1834 16.3625 1125.26
Ring: -1.1101 31.3462 1129.12
Little: -27.4496 107.987 1144.41
Thumb: 132.141 109.907 1111.06
Index: 20.6024 54.4015 1160.15
Middle: 18.7132 13.9991 1126.75
Ring: 2.27344 45.2373 1147.64
Little: -28.4852 105.695 1144.29
Thumb: 120.106 104.483 1125.51
Index: 18.9325 50.944 1160.11
Middle: 21.2264 14.0037 1126.84
Ring: 3.40469 49.5879 1147.87
Little: -28.7341 104.16 1144.16
Thumb: 113.781 96.9527 1127.69
Index: 20.2155 50.6663 1158.87
Middle: 20.2717 10.2872 1123.48
Ring: 1.64676 45.4647 1144.76
Little: -30.315 99.9597 1141.38
Thumb: 113.65 95.1281 1126.81
Index: 19.9461 44.7117 1153.96
Middle: 21.4622 6.96117 1116.73
Ring: 2.18531 40.7044 1139.71
Little: -30.3887 94.8476 1138.89
Thumb: 127.775 98.8888 1116.12
Index: 18.6254 39.5683 1150.77
Middle: 28.1956 87.8365 1204.23
Ring: -10.1185 27.7714 1135.96
Little: -37.8823 59.7908 1136.76
Thumb: 129.194 99.1981 1116.61
Index: 17.318 35.3652 1141.09
Middle: 25.5889 79.4276 1198.55
Ring: -11.8732 22.2095 1122.51
Little: -38.8691 58.3341 1127.44
Thumb: 130.746 108.567 1111.56
Index: 16.693 32.2075 1133.96
Middle: 32.8398 85.6074 1192.56
Ring: -12.9695 17.7687 1112.81
Little: -39.9649 55.0951 1122.45
Thumb: 125.293 102.042 1116.98
Index: 15.0212 30.5735 1128.02
Middle: 36.7414 85.6541 1186.57
Ring: -16.7225 14.9777 1099.5
Little: -45.1438 44.322 1100.69
Thumb: 126.392 106.836 1112.67
Index: 19.3038 33.5489 1123.19
Middle: 33.841 79.4984 1183.52
Ring: -16.6385 14.6669 1090.96
Little: -45.0793 43.6135 1093.76
Thumb: 93.7654 85.7835 1129.5
Index: 22.0816 38.4758 1119.54
Middle: 35.235 83.1075 1179.63
Ring: -17.5989 15.6469 1080.04
Little: -45.6067 43.8252 1090.42
Thumb: 102.14 91.5859 1125.79
Index: 21.5972 38.676 1117.02
Middle: 38.378 84.1216 1175.8
Ring: -16.4747 18.315 1090.47
Little: -46.3599 45.2017 1088.4
Thumb: 108.568 89.6444 1116.55
Index: 21.2146 37.2932 1114.03
Middle: 37.6143 80.6783 1173.47
Ring: -17.5075 17.5024 1088.13
Little: -47.4937 44.0035 1085.57
Thumb: 103.925 88.8475 1114.71
Index: 21.4209 38.1601 1112.14
Middle: 38.8922 81.5471 1171.62
Ring: -17.6642 18.5586 1086.79
Little: -47.6931 45.1801 1085.31
Thumb: 85.4973 88.1024 1116.59
Index: 11.3046 25.7432 1101.83
Middle: 34.003 73.8605 1172.71
Ring: -16.3323 16.2699 1080.86
Little: -42.8727 51.1819 1102.37
Thumb: 108.03 95.7571 1110
Index: 20.9088 35.9142 1106.97
Middle: 33.6856 72.253 1170.39
Ring: -19.2188 14.8467 1072.94
Little: -43.4383 50.281 1101.68
Thumb: 102.361 94.4044 1107.8
Index: 19.2858 36.2386 1105.1
Middle: 32.7333 73.4669 1168.17
Ring: -17.7904 13.941 1070.69
Little: -43.9554 49.5376 1099.02
Thumb: 112.221 99.7511 1106.43
Index: 15.1853 37.5014 1101.19
Middle: 24.7232 76.1441 1166.93
Ring: -17.9964 17.3782 1061.77
Little: -43.7853 54.6692 1100.06
Thumb: 110.208 96.9899 1104.19
Index: 13.9903 39.9638 1098.97
Middle: 20.4109 86.8407 1163.48
Ring: -19.1671 18.4062 1060.76
Little: -45.3706 53.948 1094.66
Thumb: 81.19 82.4593 1105.05
Index: 0.684077 26.0518 1089.91
Middle: 19.4432 109.309 1146.22
Ring: -21.7804 18.6676 1060.01
Little: -43.5246 53.9385 1095.57
Thumb: 73.091 81.5306 1101.15
Index: 2.32043 28.2248 1091.56
Middle: 19.5185 108.605 1146.3
Ring: -23.2332 19.2464 1059.29
Little: -42.7868 54.7018 1095.1
Thumb: 89.3226 85.33 1100.1
Index: -0.766643 25.3158 1089.01
Middle: 13.4749 111.583 1123.57
Ring: -23.8337 18.4574 1059.05
Little: -41.9704 54.4698 1094.4
Thumb: 86.4204 85.8938 1102.98
Index: -0.302378 26.7718 1090.73
Middle: 13.9899 110.84 1128.69
Ring: -21.2253 17.3634 1065.25
Little: -44.2417 54.658 1093.9
Thumb: 89.395 89.3099 1101.63
Index: 0.648511 30.003 1092.4
Middle: 15.8441 112.249 1134.52
Ring: -20.8611 20.0515 1058.94
Little: -44.0946 56.8901 1092.57
Thumb: 9.65928 73.457 1078.62
Index: -0.721476 29.2392 1092.18
Middle: 16.5057 111.798 1126.8
Ring: -21.6994 19.5854 1058.16
Little: -44.3677 56.5687 1091.22
Thumb: 8.97937 73.6676 1080.49
Index: -2.13103 29.3089 1093.69
Middle: 18.9632 96.6256 1146.64
Ring: -22.1461 19.9522 1059
Little: -45.3023 57.1583 1092.66
Thumb: 5.28874 73.3664 1082.85
Index: -4.57248 29.6527 1097.01
Middle: 17.8717 91.7248 1154.75
Ring: -24.277 20.1062 1061.95
Little: -47.2497 58.4454 1095.45
Thumb: 6.38466 71.3706 1085.36
Index: -23.1776 22.6484 1076.97
Middle: 16.5679 90.2876 1157.47
Ring: -25.5122 19.1561 1066.78
Little: -48.5139 58.7773 1098.87
Thumb: 5.04403 70.972 1091.43
Index: -25.9209 23.0292 1085.48
Middle: 14.0732 90.7461 1167.61
Ring: -24.1899 18.9829 1082.31
Little: -49.9786 60.3071 1107.12
Thumb: -4.4485 70.4858 1106.2
Index: -23.8199 24.6696 1100.9
Middle: 13.6101 90.8942 1175.61
Ring: -25.6028 18.445 1089.09
Little: -51.0629 61.093 1116.22
Thumb: -4.41402 71.7532 1112.78
Index: -27.6391 26.0763 1111.53
Middle: 17.1669 91.9154 1186.34
Ring: -25.489 24.4604 1112.46
Little: -51.7194 62.1063 1127.99
Thumb: -3.40096 71.9047 1120.73
Index: -30.6194 27.8941 1125.24
Middle: 20.8677 90.9122 1195.33
Ring: -28.3849 24.2119 1123.4
Little: -57.799 56.4555 1125.78
Thumb: 2.00043 76.5351 1131.45
Index: -36.3386 29.9629 1136.35
Middle: 29.0441 88.0934 1201.67
Ring: -36.6972 24.4391 1125.17
Little: -57.8271 61.014 1141.41
Thumb: 5.37471 85.8973 1140.6
Index: -41.0788 34.083 1141.07
Middle: 35.4813 93.6893 1203.42
Ring: -38.7633 28.8101 1133.85
Little: -51.3721 66.1209 1160.78
Thumb: 9.01781 87.4703 1143.48
Index: -40.6633 37.781 1145.77
Middle: 41.0937 96.5382 1206.09
Ring: -36.4582 32.0334 1141.72
Little: -46.7049 70.3822 1169.11
Thumb: 13.5677 91.0387 1148.02
Index: -37.8045 42.2694 1155.2
Middle: 45.8049 92.6457 1212.42
Ring: -34.107 36.3051 1150.91
Little: -41.8174 76.2165 1178.11
Thumb: 16.3723 94.8091 1151.07
Index: -34.4192 46.9704 1161.55
Middle: -29.7121 63.7545 1212.61
Ring: -26.3938 40.7172 1164.94
Little: -38.5342 82.607 1183.2
Thumb: 21.1842 97.0049 1154.32
Index: -28.2415 50.1992 1169.46
Middle: -26.6244 65.8616 1214.57
Ring: -21.9812 44.7455 1172.97
Little: -34.4926 86.0169 1186.33
Thumb: 26.4822 100.839 1155.21
Index: -17.2637 53.0587 1174.99
Middle: -16.5308 71.5291 1217.77
Ring: -18.4759 50.249 1181.8
Little: -24.5921 90.1492 1192.67
Thumb: 31.2074 100.713 1153.95
Index: -8.08277 53.2368 1179.15
Middle: -17.3865 53.3037 1198.33
Ring: -13.177 49.975 1181.46
Little: -9.29583 104.296 1200.35
Thumb: 35.7249 100.469 1151.98
Index: -5.31586 52.0238 1174.79
Middle: -1.36491 62.1292 1189.05
Ring: -5.33233 47.3962 1176.97
Little: -4.27237 102.191 1198.52
Thumb: 39.3603 102.855 1151.3
Index: -2.18361 51.2592 1170.45
Middle: 2.9098 61.6558 1186.34
Ring: 0.492258 46.2171 1172.17
Little: -0.859646 101.911 1195.29
Thumb: 44.8018 101.135 1148.42
Index: 1.48781 48.2514 1163.39
Middle: 7.09117 58.0494 1180.65
Ring: 7.77748 43.3256 1167.19
Little: 3.68203 97.6676 1191.81
Thumb: 51.5865 99.4047 1144.72
Index: 8.53573 43.4754 1153.93
Middle: 16.6009 54.6487 1176.14
Ring: 17.9206 38.2063 1157.26
Little: 9.02008 91.7552 1183.58
Thumb: 58.5225 99.5201 1137.79
Index: 20.1247 38.948 1144.34
Middle: 28.2508 50.0944 1166.52
Ring: 29.6583 34.1324 1146.38
Little: 19.0287 84.0076 1176.9
Thumb: 62.5088 97.0902 1133.16
Index: 26.9247 34.6118 1139.34
Middle: 34.0874 45.6576 1161.32
Ring: 35.4504 30.0378 1139.81
Little: 25.6459 79.6281 1173.68
Thumb: 64.6242 95.4042 1128.68
Index: 28.2546 32.83 1133.64
Middle: 37.3071 42.196 1156.93
Ring: 36.806 28.158 1133.86
Little: 20.2566 60.7952 1160.37
Thumb: 64.9435 91.6866 1129.91
Index: 20.561 33.7969 1132.93
Middle: 25.2426 50.452 1164.21
Ring: 23.7749 29.1049 1128.63
Little: 18.3754 62.5354 1162.3
Thumb: 63.1363 91.9599 1124.98
Index: 20.3669 33.4565 1130.87
Middle: 5.60136 38.5528 1162.83
Ring: 19.5986 29.0624 1130.77
Little: 19.4656 62.7846 1161.9
Thumb: 55.564 91.4425 1122.5
Index: 11.3318 35.9774 1131.44
Middle: -2.05778 46.6121 1164.22
Ring: 12.4217 31.9415 1138.6
Little: 36.6507 117.753 1191.54
Thumb: 41.5277 78.8541 1113.29
Index: 0.902454 46.605 1127.55
Middle: -4.39276 58.5624 1172.26
Ring: 63.1322 99.7887 1190.19
Little: 33.8047 131.306 1187.25
Thumb: 46.2509 78.7423 1095.34
Index: 7.30898 53.3163 1137.47
Middle: -2.51247 67.7981 1174.64
Ring: 43.9254 97.1101 1194.81
Little: 35.6545 133.863 1187.49
Thumb: 45.0924 78.4586 1095.88
Index: 5.15015 53.4576 1136.38
Middle: -5.06768 68.2125 1173.33
Ring: 55.1707 112.86 1182.53
Little: 34.9656 131.099 1185.99
Thumb: 44.1877 78.4053 1096.06
Index: 4.94801 54.7162 1137.82
Middle: -3.05914 70.3517 1175.5
Ring: 55.2503 112.472 1185.02
Little: 35.2684 131.441 1186
Thumb: 43.9521 78.361 1097.37
Index: 3.15614 56.0981 1136.93
Middle: -1.50694 72.5884 1176.78
Ring: 55.3057 113.571 1183.2
Little: 36.3201 131.444 1184.02
Thumb: 43.0493 77.8465 1097.91
Index: 2.80816 56.2817 1137.97
Middle: -3.43485 73.2341 1176.08
Ring: 53.8619 113.055 1183.08
Little: 35.9163 131.625 1183
Thumb: 41.9246 75.356 1096.8
Index: 1.23112 56.7518 1140.31
Middle: -6.10764 74.1204 1176.76
Ring: 52.313 110.645 1185.4
Little: 34.0176 129.935 1183.03
Thumb: 41.1749 75.7028 1097.21
Index: 2.21819 57.3859 1142.04
Middle: -7.15533 75.1003 1175.87
Ring: 52.3497 113.022 1184.02
Little: 32.9639 128.849 1181.9
Thumb: 37.6794 76.4304 1098.73
Index: -1.87258 57.5534 1141.65
Middle: -7.40253 71.3511 1175.64
Ring: 53.7826 113.409 1180.77
Little: -26.3027 106.742 1158.53
Thumb: 37.7152 75.9899 1100.23
Index: -2.22921 58.4831 1143.07
Middle: -11.6832 68.1813 1170.62
Ring: 48.6273 108.934 1187.27
Little: -26.0821 103.461 1150.82
Thumb: 34.6769 76.7017 1101.17
Index: -3.59648 58.0083 1141.22
Middle: -14.6705 67.4885 1167.68
Ring: 49.7996 108.715 1182.9
Little: -28.3733 103.248 1148.36
Thumb: 32.4257 77.5408 1098.36
Index: -2.38519 59.0311 1142.55
Middle: -14.6361 67.7465 1166.78
Ring: 49.1128 109.102 1182.11
Little: -27.3911 103.325 1147.07
Thumb: 31.3523 76.7091 1099.36
Index: -3.70406 59.2536 1143.6
Middle: -15.357 68.144 1167.75
Ring: 50.0963 108.814 1180.88
Little: -28.1807 104.591 1148.18
Thumb: 31.7501 77.239 1099.41
Index: -2.70272 60.3803 1144.69
Middle: -14.3206 67.7627 1167.47
Ring: 49.4898 109.484 1181.63
Little: -27.7737 105.459 1147.95
Thumb: 31.8947 75.9563 1099.92
Index: -1.83529 59.7696 1145.78
Middle: -15.0334 66.715 1166.6
Ring: 48.6701 108.193 1182.56
Little: -28.21 105.492 1147.88
Thumb: 32.4916 75.5769 1099
Index: -2.38881 59.9645 1145.41
Middle: -14.9802 66.9015 1166.77
Ring: 48.3017 108.004 1178.64
Little: -27.9616 105.488 1147.85
Thumb: 31.6109 75.849 1099.99
Index: -2.37122 60.1936 1146.02
Middle: -15.3034 66.7478 1166.67
Ring: 48.8514 108.835 1177.93
Little: -28.127 105.823 1147.93
Thumb: 31.3783 75.243 1099.88
Index: -5.72807 60.7482 1145.24
Middle: -16.6616 67.5507 1167.57
Ring: 46.6425 107.785 1179.49
Little: -29.1629 106.67 1148.31
Thumb: 30.7013 75.3067 1100.54
Index: -6.40569 61.6808 1146.15
Middle: -17.8862 67.2025 1166.79
Ring: 46.2421 107.886 1176.89
Little: -30.1307 108.487 1149.4
Thumb: 28.7636 76.6208 1101.14
Index: -8.47136 64.7435 1148.13
Middle: -19.6866 70.7551 1167.57
Ring: 45.704 110.891 1178.03
Little: -30.595 115.27 1150.55
Thumb: 28.8975 77.2568 1101.25
Index: -8.06386 60.9161 1147.81
Middle: -15.9637 71.8351 1171.68
Ring: 45.6423 112.255 1180.24
Little: -30.6005 117.822 1152.15
Thumb: 30.9389 79.1882 1103.09
Index: -3.34465 56.3052 1149.1
Middle: -12.35 63.8399 1165.61
Ring: 48.3299 113.014 1184.63
Little: -29.1518 124.03 1154.09
Thumb: 33.7794 79.4258 1102.95
Index: -2.02641 52.3705 1144.88
Middle: -6.75854 64.9039 1168.69
Ring: 51.6494 113 1186.06
Little: -26.8413 126.639 1156.92
Thumb: 36.2805 80.1742 1098.15
Index: 4.37988 51.1756 1144.33
Middle: 0.800301 67.9101 1172.09
Ring: 54.5105 113.115 1186.09
Little: -22.0371 128.759 1161.67
Thumb: 38.8697 78.4821 1097.67
Index: 7.56641 48.8601 1143.86
Middle: 3.93921 67.3651 1172.63
Ring: 56.8131 108.959 1185.96
Little: -17.2242 129.368 1166.02
Thumb: 40.6605 79.7393 1096.47
Index: 11.1476 48.5914 1142.89
Middle: 7.56878 66.299 1171.86
Ring: 60.1921 109.913 1184.2
Little: -10.9307 127.849 1171.46
Thumb: 41.0676 78.2934 1093.86
Index: 11.7116 49.195 1142.66
Middle: 8.88298 66.1791 1170.75
Ring: 63.7861 104.869 1180.44
Little: -5.75701 128.737 1173.61
Thumb: 40.9111 77.48 1094.19
Index: 14.47 46.5338 1141.93
Middle: 10.1867 63.5043 1169.34
Ring: 67.0593 102.891 1178.04
Little: 10.6782 126.786 1176.76
Thumb: 35.4199 81.329 1091.28
Index: 21.3401 39.2558 1132.46
Middle: 13.8466 52.7527 1159.29
Ring: 14.4485 73.1179 1169.2
Little: 33.8018 124.379 1172.89
Thumb: 35.2072 81.3201 1089.4
Index: 23.9156 37.2427 1130.28
Middle: 14.7892 49.1429 1155.85
Ring: 13.2847 69.9114 1166.52
Little: 45.1023 123.149 1169.22
Thumb: 40.9044 84.7859 1088.74
Index: 29.9665 39.8626 1127.61
Middle: 21.992 48.2115 1151.68
Ring: 17.1221 67.8279 1162.46
Little: 55.8379 122.393 1166.88
Thumb: 41.6231 86.7148 1085.24
Index: 33.0337 40.598 1124.49
Middle: 25.2372 47.6663 1148.67
Ring: 22.4011 66.5839 1161.19
Little: 58.3253 119.056 1166.8
Thumb: 41.5716 88.1534 1080.19
Index: 33.6237 39.8757 1118.23
Middle: 25.6038 47.4847 1143.09
Ring: 22.0031 64.1812 1156.2
Little: 61.2339 118.991 1165.15
Thumb: 54.1137 91.6617 1069.97
Index: 42.7788 45.389 1110.29
Middle: 35.4805 37.4783 1126.8
Ring: 47.9563 57.8355 1115.86
Little: 79.7031 132.042 1168.5
Thumb: 55.4284 95.3692 1068.43
Index: 48.3587 46.7067 1104.7
Middle: 41.7587 40.7213 1134.19
Ring: 62.297 95.6205 1118.97
Little: 77.8531 134.201 1162.42
Thumb: 53.3959 93.1334 1070.39
Index: 49.6821 44.4022 1105.31
Middle: 46.331 37.4521 1133
Ring: 63.342 93.54 1118.67
Little: 78.7658 135.148 1162.07
Thumb: 53.4835 93.6824 1071.79
Index: 51.577 44.3253 1103.78
Middle: 48.6884 36.3603 1130.24
Ring: 66.5625 91.6768 1118.2
Little: 78.9751 136.007 1161.7
Thumb: 38.1891 93.9145 1069.58
Index: 52.1874 39.3231 1104.3
Middle: 50.1273 31.2588 1131.45
Ring: 66.3028 88.0949 1118.48
Little: 79.011 131.224 1163.9
Thumb: 39.0375 93.9997 1070.05
Index: 54.5101 40.0512 1105.06
Middle: 50.8368 30.968 1129.23
Ring: 67.3946 88.36 1118.84
Little: 98.9153 110.294 1162
Thumb: 37.239 93.2634 1068.47
Index: 56.3259 39.1712 1104.35
Middle: 51.6508 28.7643 1127.21
Ring: 69.4913 86.0885 1118.9
Little: 89.3835 120.724 1163.91
Thumb: 35.0404 95.0669 1068.24
Index: 54.6356 40.4266 1103.39
Middle: 49.3976 28.7972 1123.68
Ring: 69.685 87.6598 1117.02
Little: 89.145 121.479 1164.23
Thumb: 26.1986 97.5339 1071.76
Index: 51.721 44.0318 1109.9
Middle: 40.4223 29.2714 1116.64
Ring: 84.2331 104.212 1129.79
Little: 94.7922 122.254 1169.5
Thumb: 68.1125 62.7203 1120.31
Index: 40.8557 33.8571 1134.59
Middle: 12.8862 14.388 1105.72
Ring: 20.3269 86.8559 1116.19
Little: 1.13394 122.894 1085.93
Thumb: 147.469 103.786 1168.72
Index: 35.7467 32.1432 1126.17
Middle: 1.76213 19.0157 1102.24
Ring: 19.648 82.297 1113.4
Little: -2.80689 129.376 1090.88
Thumb: 126.131 92.1529 1165.3
Index: 32.5748 32.8099 1125.16
Middle: -4.46251 20.4123 1105.87
Ring: 9.69044 94.2192 1116.81
Little: -7.2561 128.117 1096.15
Thumb: 127.991 91.7197 1161.65
Index: 52.1559 101.494 1170.13
Middle: -4.57468 19.1235 1098.1
Ring: 8.32849 93.7253 1113.86
Little: -8.25174 126.167 1093.52
Thumb: 127.637 91.2157 1160.27
Index: 51.8359 97.4697 1175.83
Middle: -3.59061 18.7799 1093.82
Ring: 9.1769 95.6787 1112.93
Little: -4.41854 124.566 1093.95
Thumb: 130.203 92.5064 1156.32
Index: 55.0589 97.9351 1173
Middle: -2.94866 18.4025 1093.73
Ring: 12.5704 99.9393 1115.4
Little: -11.8351 125.78 1110.91
Thumb: 131.562 92.9183 1150.58
Index: 55.2424 96.1151 1174.21
Middle: -2.90857 17.2458 1091.75
Ring: 12.4022 99.4652 1114.21
Little: -22.8979 116.884 1128.29
Thumb: 135.757 91.6477 1141.83
Index: 55.9917 90.9711 1175.51
Middle: -2.6504 17.9043 1091.27
Ring: 18.5953 110.403 1114.78
Little: -20.7713 115.879 1132.29
Thumb: 134.197 94.8101 1132.02
Index: 53.7325 86.021 1173.59
Middle: -0.790956 18.2324 1090.57
Ring: 19.3544 110.747 1113.13
Little: -24.3831 105.585 1132.29
Thumb: 134.691 95.58 1125.02
Index: 52.8394 86.8443 1172.84
Middle: -0.946757 17.2589 1086.66
Ring: 17.1451 110.769 1113.26
Little: -24.8083 107.079 1133.31
Thumb: 132.303 98.7011 1119.13
Index: 63.126 93.8164 1169.33
Middle: -0.24516 20.1186 1086.71
Ring: 18.7898 114.269 1112.44
Little: -22.9562 107.474 1134.11
Thumb: 131.921 97.5956 1113.5
Index: 61.1674 91.4346 1166.48
Middle: -2.42295 19.8184 1081.53
Ring: 16.634 113.262 1111.13
Little: -25.3877 105.551 1132.34
Thumb: 130.273 97.1998 1110.67
Index: 61.371 91.3924 1163.41
Middle: -2.80873 19.8444 1079.77
Ring: 17.2388 115.127 1108.03
Little: -25.3552 106.52 1128.13
Thumb: 131.319 98.2489 1108.2
Index: 59.8894 90.1955 1160.43
Middle: -4.47874 20.2682 1076.65
Ring: 16.4051 115.053 1104.96
Little: -31.3995 95.9288 1123.09
Thumb: 131.211 98.1033 1105.23
Index: 60.6571 92.6499 1158.1
Middle: -4.87778 20.8564 1074.19
Ring: 14.9727 114.714 1103.3
Little: -34.5104 90.095 1117.53
Thumb: 131.099 97.8611 1101.26
Index: 61.0879 92.0388 1154.05
Middle: -5.59648 22.0415 1071.98
Ring: 14.6191 115.205 1100.2
Little: -34.2266 92.0613 1114.4
Thumb: 129.871 97.9082 1097.86
Index: 63.4677 94.159 1151.1
Middle: -6.20931 22.1673 1069.56
Ring: 14.6795 115.489 1098.22
Little: -35.9557 88.283 1106.43
Thumb: 128.202 97.2445 1095.38
Index: 57.6469 90.4609 1151.81
Middle: -7.68734 22.2034 1066.62
Ring: 13.336 116.233 1096.79
Little: -37.4907 89.1155 1106.42
Thumb: 127.18 97.6279 1096
Index: 58.4444 90.9392 1149.81
Middle: -7.59586 22.184 1064.9
Ring: 13.3977 116.2 1095.04
Little: -38.2694 86.8833 1102.48
Thumb: 128.213 98.5832 1096.51
Index: 56.5687 90.2716 1149.82
Middle: -6.91495 21.5783 1063.72
Ring: 13.0413 115.939 1094.35
Little: -38.3214 86.2337 1101.33
Thumb: 129.634 98.6888 1095.69
Index: 58.4475 93.0044 1148.52
Middle: -7.23022 21.7909 1064.05
Ring: 13.7112 117.55 1092.92
Little: -39.4792 83.9904 1097.16
Thumb: 129.753 99.9494 1096.73
Index: 59.5713 93.8166 1148
Middle: -7.76954 21.6123 1067.3
Ring: 12.5475 114.315 1093.35
Little: -35.0053 92.2277 1099.64
Thumb: 130.53 99.8042 1098.01
Index: 57.2541 95.9009 1148.09
Middle: -6.49847 21.4737 1067.37
Ring: 13.9413 116.789 1092.57
Little: -37.0435 87.9911 1098.84
Thumb: 131.284 101.141 1100.1
Index: 55.3446 95.9322 1150.98
Middle: -7.14909 20.8636 1068.48
Ring: 13.437 116.202 1094.36
Little: -28.4082 109.704 1114.69
Thumb: 129.122 100.761 1101.88
Index: 54.9794 95.7521 1151.76
Middle: -6.80704 20.4581 1070.07
Ring: 13.3209 115.661 1094.63
Little: -29.4141 107.64 1115.19
Thumb: 128.519 99.189 1104.53
Index: 54.7235 93.5821 1153.81
Middle: -7.13833 18.9563 1072.35
Ring: 12.3852 113.218 1096.64
Little: -29.2599 107.75 1117.68
Thumb: 127.08 98.9041 1106.53
Index: 54.2214 91.8546 1155.43
Middle: -6.13336 17.8855 1075.57
Ring: 12.1092 112.195 1098.29
Little: -29.6397 105.954 1119.18
Thumb: 128.617 99.286 1109.23
Index: 54.6063 90.0936 1158.96
Middle: -4.27543 17.0469 1079.91
Ring: 12.739 111.53 1101.64
Little: -28.5506 105.932 1122.64
Thumb: 129.073 99.4743 1113.07
Index: 55.824 89.9632 1161.95
Middle: -4.39341 15.6432 1084.13
Ring: 13.1346 110.034 1104.52
Little: -26.7396 107.949 1127.38
Thumb: 132.128 100.32 1115.46
Index: 57.6626 89.2004 1164.98
Middle: -2.75071 15.3484 1089.16
Ring: 13.7441 108.499 1108.24
Little: -21.0897 118.425 1132.73
Thumb: 133.911 101.05 1116.23
Index: 59.653 88.7774 1166.14
Middle: -2.10909 15.2204 1095.29
Ring: 15.1906 109.48 1109.54
Little: -23.5693 109.186 1135.57
Thumb: 134.708 103.109 1120.29
Index: 57.1934 90.8978 1168.52
Middle: -2.25959 13.6424 1099.99
Ring: 14.7259 108.557 1111.86
Little: -23.5262 110.007 1138.26
Thumb: 134.945 103.739 1124.24
Index: 56.9979 88.8242 1171.64
Middle: -2.61787 14.4733 1102.94
Ring: 15.3509 108.503 1115.33
Little: -22.3677 112.023 1141.7
Thumb: 132.009 102.132 1127.47
Index: 56.1084 86.4459 1176.58
Middle: -2.25873 12.5645 1106.62
Ring: 14.3696 107.597 1118.7
Little: -24.9415 107.346 1144.88
Thumb: 128.034 103.061 1141.17
Index: 53.4436 90.8228 1180.73
Middle: -3.35637 12.0117 1108.84
Ring: 12.0493 106.382 1121.94
Little: -26.1346 114.072 1144.25
Thumb: 121.231 99.6464 1156.37
Index: 42.8289 87.676 1187.88
Middle: -1.80256 9.85362 1104.9
Ring: 4.17413 93.0895 1123.47
Little: -37.407 93.044 1137.43
Thumb: 121.362 99.1602 1159.9
Index: 46.7833 92.0767 1192.23
Middle: -1.62983 10.4963 1108.41
Ring: 3.59959 90.3009 1126.87
Little: -35.6668 97.6775 1143.38
Thumb: 127.897 103.321 1161.33
Index: 43.1735 89.1556 1196
Middle: -0.0593748 13.3442 1111.43
Ring: 4.74664 89.9314 1128.51
Little: -34.4188 96.0962 1145.74
Thumb: 136.562 103.61 1145.25
Index: 56.9947 92.5856 1195.48
Middle: -0.0370941 15.4798 1114.4
Ring: -15.782 35.719 1124.27
Little: -27.6495 100.639 1157.5
Thumb: 132.508 104.806 1150.42
Index: 53.5338 87.9822 1199.24
Middle: -1.35729 16.7343 1114.36
Ring: -16.6125 38.1361 1127.12
Little: -36.1049 74.3901 1130.64
Thumb: 115.891 104.761 1169.59
Index: 7.52149 30.0243 1112.89
Middle: -2.65445 17.3602 1109.91
Ring: -22.1937 40.0484 1123.26
Little: -40.2162 79.0804 1121.62
Thumb: 68.5369 107.859 1195.59
Index: 6.05079 28.4021 1107.44
Middle: -1.7373 15.4465 1100.77
Ring: -26.8354 37.7159 1099.63
Little: -36.0021 90.167 1090.15
Thumb: 100.287 138.481 1241.11
Index: 6.01951 34.3998 1111.08
Middle: 1.78466 20.9671 1102.16
Ring: -19.4741 44.0438 1092.35
Little: -20.625 92.041 1076.25
Thumb: 94.8883 151.411 1243.45
Index: 6.67263 38.304 1113.38
Middle: -2.3855 26.3377 1106.56
Ring: -9.74027 42.5666 1089.29
Little: -16.3039 91.4604 1071.54
Thumb: 82.2416 149.71 1244.65
Index: 3.7951 40.6319 1113.15
Middle: -3.86612 27.8438 1106.44
Ring: -6.28986 42.0486 1087.75
Little: -6.51007 91.2773 1067.9
Thumb: 85.1229 154.222 1248.12
Index: -6.95938 44.219 1115.65
Middle: -4.44242 26.477 1105.15
Ring: -4.23041 39.4086 1085.95
Little: -5.73547 88.8027 1067.07
Thumb: 87.6331 155.584 1244.53
Index: -5.63409 43.1342 1114.29
Middle: -7.00861 27.2535 1105.16
Ring: -0.926579 36.996 1084.71
Little: 4.28561 98.0134 1067.71
Thumb: 96.9491 168.649 1243.77
Index: -9.93148 45.771 1116.61
Middle: -6.93089 27.5423 1105.61
Ring: 1.03147 36.6665 1084.99
Little: 4.75527 96.5079 1068.18
Thumb: 100.102 170.703 1241.07
Index: -14.5666 49.2783 1118.48
Middle: -7.2129 27.5798 1105.91
Ring: 1.11591 36.4102 1085.15
Little: 4.18282 96.9081 1067.98
Thumb: -34.6691 143.697 1188.69
Index: -8.01255 35.8757 1115.87
Middle: -1.46937 25.8061 1098.34
Ring: 4.81835 38.5612 1078.92
Little: 15.2209 83.2804 1052.36
Thumb: -43.317 142.2 1178.5
Index: -8.32875 31.1031 1118.54
Middle: -6.17927 22.0554 1103.24
Ring: 2.20955 34.7226 1081.44
Little: 23.1486 83.3108 1056.06
Thumb: -50.1218 142.114 1167.73
Index: -8.85085 33.2696 1107.63
Middle: -7.20602 21.9455 1098.93
Ring: 4.0348 31.6826 1080.17
Little: 39.4648 92.2753 1066.4
Thumb: -55.6295 144.623 1156.71
Index: -5.87282 33.3616 1107.74
Middle: -5.19681 24.6633 1098.36
Ring: 8.83458 31.258 1080.88
Little: 44.7427 92.8186 1068.11
Thumb: -61.5175 152.792 1136.07
Index: -10.1101 29.8502 1105.39
Middle: -10.3705 21.0785 1093.07
Ring: 3.07637 23.5027 1074.16
Little: 40.9508 85.3106 1059.81
Thumb: -69.4877 152.883 1127.61
Index: -9.66395 28.1846 1105.23
Middle: -7.63916 17.6389 1093.89
Ring: 5.55438 31.4182 1070.19
Little: 46.7342 89.0274 1059.86
Thumb: -74.4595 151.553 1116.3
Index: -40.9832 64.3858 1047.61
Middle: -12.2042 15.9565 1094.34
Ring: 6.25636 38.3586 1069.47
Little: 49.0844 91.5696 1062.6
Thumb: -78.7399 154.03 1108.26
Index: -43.5 66.0293 1044.15
Middle: -14.1156 10.9769 1105.41
Ring: 4.1088 35.5869 1073.75
Little: 46.8066 91.5642 1066.63
Thumb: -77.2189 151.922 1105.53
Index: -45.1274 70.0213 1041.46
Middle: -15.7777 11.1001 1102.81
Ring: 3.97175 37.7024 1073.88
Little: 45.5638 89.2517 1066.07
Thumb: -76.7586 149.654 1102.17
Index: -46.3906 70.1971 1040.53
Middle: -17.4069 12.267 1104.46
Ring: 3.44491 38.5905 1075.45
Little: 45.0513 88.2363 1067.85
Thumb: -78.2904 151.074 1101.77
Index: -46.275 72.5583 1038.24
Middle: -19.0968 12.3195 1101.23
Ring: 2.25231 37.7008 1075.33
Little: 43.8214 88.3118 1067.03
Thumb: -79.2052 151.459 1100.31
Index: -47.9093 72.7415 1037.65
Middle: -20.5835 12.5248 1099.3
Ring: 1.36773 38.0343 1075.8
Little: 42.1937 87.4461 1065.52
Thumb: -78.7319 151.13 1099.82
Index: -49.1825 70.1345 1037.92
Middle: -21.2261 11.4238 1098.29
Ring: 1.58644 35.5009 1078.53
Little: 41.8346 85.624 1064.67
Thumb: -79.5982 151.149 1095.63
Index: -48.9343 73.0041 1034.69
Middle: -21.956 11.4015 1100.59
Ring: 0.814571 35.5387 1078.74
Little: 37.618 82.7656 1050.91
Thumb: -76.9378 150.616 1090.46
Index: -51.1689 73.4508 1032.45
Middle: -21.7573 12.0839 1098.06
Ring: 1.62032 36.3203 1076.81
Little: 39.0608 84.0565 1050.68
Thumb: -76.6095 151.01 1088.42
Index: -52.4591 67.6314 1034.38
Middle: -23.0295 11.5208 1097.06
Ring: 1.32214 36.6612 1076.02
Little: 39.7298 82.3523 1051.58
Thumb: -77.3823 151.119 1088.5
Index: -53.8165 70.6266 1033.35
Middle: -25.7407 12.3123 1097.29
Ring: 4.66353 94.8628 1034.73
Little: 37.9834 81.9907 1052.36
Thumb: -75.8652 149.539 1086.03
Index: -52.0692 73.6091 1030.74
Middle: -25.7231 12.9597 1098.89
Ring: 5.84883 94.9238 1034.52
Little: 40.5877 81.9174 1067.01
Thumb: -76.6365 150.127 1085.06
Index: -51.2997 72.0604 1030.34
Middle: -26.1177 13.1309 1099.96
Ring: 6.32941 93.674 1035.9
Little: 40.5998 82.8878 1065.24
Thumb: -76.2883 150.284 1085.39
Index: -51.5383 70.8782 1030.97
Middle: -26.1793 13.1607 1100.08
Ring: 2.94424 91.9914 1013.2
Little: 40.4919 82.9135 1064.72
Thumb: -78.0146 150.117 1086.51
Index: -52.0076 71.1105 1031.3
Middle: -25.6468 13.0167 1101.63
Ring: 2.88546 89.8313 1013.98
Little: 40.1324 83.4247 1061.02
Thumb: -78.7485 149.479 1085.67
Index: -53.0127 65.5506 1035
Middle: -25.5351 13.0966 1103.73
Ring: 2.97621 89.9118 1014.58
Little: 40.0213 82.9084 1061.29
Thumb: -79.6918 150.232 1086.94
Index: -51.6941 62.1698 1035.31
Middle: -24.5093 13.4411 1107.6
Ring: 5.44564 89.2922 1014.33
Little: 41.2318 83.1426 1062.21
Thumb: -81.1608 150.692 1088.68
Index: -50.8916 62.6082 1034.58
Middle: -24.9197 13.8274 1109.5
Ring: 6.4772 89.8349 1014.36
Little: 41.7546 82.625 1062.37
Thumb: -80.2256 150.433 1087.83
Index: -49.268 60.9507 1035.61
Middle: -24.023 13.9518 1110.39
Ring: 8.30278 87.1229 1015.1
Little: 43.3181 82.1055 1065.98
Thumb: -80.808 149.186 1089.08
Index: -48.7517 63.89 1033.87
Middle: -22.5284 13.746 1112.1
Ring: 8.5744 90.9149 1015.65
Little: 43.9807 83.9217 1069.5
Thumb: -80.7318 148.969 1089.88
Index: -47.5144 66.8113 1031.81
Middle: -21.7677 13.3196 1110.98
Ring: 8.61773 87.9113 1015.2
Little: 44.5917 83.1117 1070.42
Thumb: -80.0327 149.052 1087.81
Index: -44.7125 70.3659 1029.01
Middle: -21.3011 13.143 1109.7
Ring: 11.112 88.125 1014.81
Little: 45.7562 82.5518 1072.27
Thumb: -79.7559 151.304 1088.09
Index: -41.5695 85.1909 1029.64
Middle: -20.7222 13.4239 1108.69
Ring: 10.4672 82.5121 1015.36
Little: 46.5639 82.8566 1072.32
Thumb: -78.6992 153.32 1088.54
Index: -41.2168 85.2574 1030.7
Middle: -20.1696 15.1252 1110.19
Ring: 11.4856 85.5467 1015.46
Little: 47.3102 84.4345 1072.56
Thumb: -77.3743 154.634 1088.68
Index: -43.9666 73.7417 1029.85
Middle: -19.3942 15.6123 1110.81
Ring: 10.8253 84.6507 1015.84
Little: 47.4889 85.3282 1072.59
Thumb: -75.4804 155.184 1088.52
Index: -43.2698 76.2471 1029.25
Middle: -19.4212 16.6108 1110.51
Ring: 10.8506 84.2871 1015.84
Little: 48.145 86.9051 1072.18
Thumb: -72.8121 153.787 1085.22
Index: -42.4036 73.8531 1031.31
Middle: -17.962 17.7886 1108.52
Ring: 12.1699 84.8527 1016.47
Little: 50.2796 90.3653 1072.54
Thumb: -69.8555 152.902 1083.94
Index: -37.4458 89.556 1029.83
Middle: -15.8038 17.8852 1107.86
Ring: 14.8142 88.6519 1015.77
Little: 51.4847 87.6293 1072.47
Thumb: -65.7339 150.829 1082.4
Index: -34.8719 83.3287 1026.52
Middle: -11.442 17.2738 1106.15
Ring: 11.0225 19.928 1101.72
Little: 52.8372 85.6665 1052.23
Thumb: -60.1428 150.524 1081.49
Index: -31.3292 81.7367 1027.19
Middle: -6.61786 18.0891 1098.55
Ring: 18.3907 38.3963 1083.79
Little: 58.2989 89.9236 1054.03
Thumb: -54.1202 150.164 1078.96
Index: -26.6073 80.8208 1027.72
Middle: -1.93819 20.4631 1099.44
Ring: 22.8488 41.0096 1081.64
Little: 62.67 90.8352 1053.82
Thumb: -41.772 152.688 1078.34
Index: -19.2665 80.1008 1026.31
Middle: 2.95316 21.3424 1096.05
Ring: 29.6078 51.6181 1070.34
Little: 68.5394 92.9975 1049.35
