Thumb: 32.9554 91.7207 1121.92
Index: -64.5745 28.1944 1098.23
Middle: -101.42 40.8207 1097.63
Ring: -124.543 62.0639 1082.41
Little: -141.773 103.039 1080.87
Thumb: 41.0409 93.4392 1106.32
Index: -67.9071 32.566 1094.84
Middle: -98.7243 38.794 1085.29
Ring: -113.835 58.2849 1086.76
Little: -119.307 117.887 1121.25
Thumb: 30.6721 89.7866 1104.2
Index: -71.3314 30.5487 1093.6
Middle: -101.557 38.2175 1089.66
Ring: -116.604 56.0411 1087.59
Little: -113.94 131.859 1130.25
Thumb: 25.0538 87.0363 1104.89
Index: -75.6089 29.5239 1090.4
Middle: -104.386 37.9575 1087.6
Ring: -118.098 56.6686 1089.39
Little: -115.693 134.473 1130.77
Thumb: 22.2203 80.7903 1104.01
Index: -82.131 26.6087 1088.4
Middle: -110.271 37.3041 1090.74
Ring: -125.222 56.0158 1087.28
Little: -117.047 132.568 1132.55
Thumb: 13.696 82.9027 1105.64
Index: -83.8456 28.247 1092.85
Middle: -111.184 37.4678 1093.35
Ring: -122.55 58.8741 1101.9
Little: -117.498 134.038 1134.4
Thumb: 7.92499 81.3041 1102.65
Index: -86.2138 28.8775 1089.46
Middle: -113.452 38.9204 1093.35
Ring: -126.027 59.859 1101.27
Little: -114.002 147.587 1125.59
Thumb: 3.4447 79.8851 1096.93
Index: -89.257 31.188 1089.33
Middle: -114.291 40.5095 1094.65
Ring: -127.553 58.8242 1098.03
Little: -113.267 146.326 1125.06
Thumb: 2.24528 78.2827 1098.11
Index: -95.8121 35.03 1086.35
Middle: -115.101 40.9457 1094.83
Ring: -128.649 60.0877 1097.47
Little: -111.722 150.513 1120.93
Thumb: -0.941272 77.3653 1098.15
Index: -98.2186 35.5369 1088.53
Middle: -117.478 41.6919 1097.29
Ring: -129.858 60.9599 1100.49
Little: -112.434 144.232 1131.95
Thumb: -7.01471 75.7998 1096.21
Index: -98.7847 35.6231 1090.67
Middle: -118.166 43.503 1100.29
Ring: -127.712 60.015 1101.3
Little: -112.671 144.706 1124.21
Thumb: -9.61078 75.3207 1102.4
Index: -101.416 33.9338 1093.62
Middle: -120.837 39.7818 1095.98
Ring: -126.437 61.7179 1108.45
Little: -124.167 111.555 1118.81
Thumb: -6.71306 73.8582 1099.53
Index: -100.296 33.8353 1096.3
Middle: -120.004 41.5772 1099.69
Ring: -123.651 60.0173 1109.04
Little: -131.431 102.196 1106.57
Thumb: -7.42497 77.1008 1099.72
Index: -95.9354 32.5103 1094.23
Middle: -114.205 41.2821 1104.58
Ring: -119.789 56.9564 1109.36
Little: -129.272 99.6529 1106.47
Thumb: -5.81029 78.0654 1101.91
Index: -88.9498 31.9569 1093.03
Middle: -106.399 39.8463 1100.78
Ring: -110.197 50.9129 1103.7
Little: -122.104 99.867 1106.74
Thumb: -1.80062 78.708 1098.08
Index: -78.2407 31.525 1099.53
Middle: -99.5944 35.8777 1095.98
Ring: -108.235 51.4018 1107.26
Little: -114.555 97.3945 1108.29
Thumb: 5.17702 80.2429 1094.01
Index: -68.5679 29.7002 1093.83
Middle: -92.0782 35.2942 1097.02
Ring: -99.5432 49.7484 1110.98
Little: -107.968 93.3842 1110.1
Thumb: 10.9599 83.4798 1108.29
Index: -62.0025 28.6114 1098.41
Middle: -81.5697 34.579 1102.77
Ring: -95.0377 47.7107 1110.42
Little: -102.158 85.6666 1103.63
Thumb: 16.6941 86.7037 1112.12
Index: -56.0706 24.8221 1094.13
Middle: -72.0608 32.5563 1105.91
Ring: -86.6469 45.1476 1112.33
Little: -94.9397 81.6677 1103.92
Thumb: 23.8178 87.8845 1113.92
Index: -44.2543 28.6633 1100.37
Middle: -65.6559 33.9296 1104.53
Ring: -77.586 46.8279 1110.59
Little: -87.0057 76.709 1101.99
Thumb: 36.4972 91.2448 1111.89
Index: -34.2907 25.5872 1099.54
Middle: -55.0125 29.2444 1104.06
Ring: -71.3127 41.0079 1111.63
Little: -79.3673 71.8198 1102.78
Thumb: 40.2426 91.0276 1112.81
Index: -25.3292 25.1756 1100.1
Middle: -49.1274 30.834 1105.17
Ring: -65.197 42.6824 1108.97
Little: -69.5665 76.2088 1106.87
Thumb: 44.8447 93.5733 1114.02
Index: -18.7945 24.3297 1098.94
Middle: -40.2721 28.3609 1105.61
Ring: -54.2676 41.6359 1110.58
Little: -62.2996 71.9498 1109.31
Thumb: 56.3805 99.4853 1119.01
Index: -12.3882 26.9158 1099.64
Middle: -32.398 29.4908 1105.16
Ring: -47.7241 39.3817 1107.94
Little: -54.6592 82.759 1110.65
Thumb: 63.5309 91.7004 1118.24
Index: -6.61799 24.822 1097.02
Middle: -28.0982 28.2882 1105.13
Ring: -43.1127 39.134 1105.06
Little: -47.0729 87.9436 1108
Thumb: 72.2666 93.4569 1117.31
Index: 3.06308 23.3788 1101.54
Middle: -25.2646 19.8517 1102.53
Ring: -30.7419 36.5697 1105.75
Little: -42.9678 79.9618 1106.14
Thumb: 78.8391 91.9752 1113.8
Index: 11.0665 21.5858 1104.84
Middle: -17.2621 13.7324 1100.66
Ring: -23.7637 30.0824 1105.96
Little: -33.8677 78.9858 1108.47
Thumb: 97.0735 92.6847 1113.34
Index: 18.6224 15.5793 1104.84
Middle: -11.0472 10.868 1100.27
Ring: -19.0946 33.8806 1113.54
Little: -28.8412 73.1974 1108.54
Thumb: 102.545 92.3162 1114.01
Index: 28.735 17.1288 1107.82
Middle: -1.81304 9.00093 1095.81
Ring: -14.7234 35.758 1107.45
Little: -32.9185 74.0406 1105.11
Thumb: 101.31 94.9855 1113.41
Index: 37.5587 12.9046 1097.49
Middle: 6.39453 7.7776 1096.87
Ring: -8.02345 30.72 1106.96
Little: -26.7374 66.1742 1105.91
Thumb: 112.272 97.6426 1121.07
Index: 44.2409 11.0768 1103.09
Middle: 11.7246 5.41227 1100.04
Ring: -2.21237 28.1004 1106.32
Little: -22.9806 61.9123 1106.56
Thumb: 119.049 100.353 1114.22
Index: 51.1367 10.5072 1100.55
Middle: 17.6596 5.54583 1096.85
Ring: 4.66479 25.0564 1105.1
Little: -16.7151 56.5625 1120.06
Thumb: 125.816 98.0619 1106.09
Index: 60.9046 9.4257 1103.96
Middle: 23.5996 -0.00660324 1090.83
Ring: 12.0287 24.8472 1113.5
Little: -8.86448 51.8713 1120.81
Thumb: 133.944 100.877 1106.74
Index: 65.7592 10.0412 1102.62
Middle: 30.5164 0.976688 1096.62
Ring: 17.3693 23.3867 1104.89
Little: 0.431269 74.6155 1115.53
Thumb: 155.011 114.172 1109.15
Index: 68.9551 8.02014 1099.02
Middle: 35.9489 2.46437 1099.24
Ring: 45.4898 93.8952 1144.2
Little: 6.14683 72.5745 1111.43
Thumb: 160.093 112.952 1108.06
Index: 93.588 58.0441 1155.27
Middle: 38.599 0.241791 1089.28
Ring: 50.626 94.8024 1143.48
Little: 4.40884 48.1975 1104.8
Thumb: 165.801 113.42 1103.28
Index: 94.5124 50.4303 1153.26
Middle: 44.1452 -2.493 1082.5
Ring: 54.0044 92.463 1152.69
Little: 8.19463 51.9562 1107.01
Thumb: 152.445 103.3 1109.91
Index: 104.595 74.9 1159.54
Middle: 47.4375 -4.46043 1083.87
Ring: 54.1721 92.0892 1153.41
Little: 9.68812 50.7244 1109.15
Thumb: 158.289 106.589 1113.01
Index: 107.912 73.6524 1161.9
Middle: 50.0212 -2.87568 1084.02
Ring: 56.8921 88.4483 1159.76
Little: 34.0234 47.1302 1107.85
Thumb: 162.194 101.223 1112.56
Index: 101.228 52.2839 1157.53
Middle: 50.7086 -1.98602 1085.51
Ring: 60.4857 87.3165 1160.68
Little: 38.8834 43.5392 1096.58
Thumb: 163.52 102.617 1113.62
Index: 100.684 51.3008 1156.65
Middle: 50.9825 -1.20785 1084.02
Ring: 61.2053 93.7634 1154.2
Little: 39.7251 43.4963 1095.07
Thumb: 164.254 103.757 1113.45
Index: 110.705 70.7368 1156.82
Middle: 52.2315 -0.614048 1087.61
Ring: 61.3425 94.3812 1154.05
Little: 40.1151 43.5773 1094.91
Thumb: 165.37 103.799 1112.14
Index: 109.477 69.7704 1157.5
Middle: 50.3863 -0.629198 1084.87
Ring: 60.4304 93.8867 1154.94
Little: 39.2423 43.8109 1094.71
Thumb: 164.716 102.017 1113.97
Index: 105.91 69.3167 1157.84
Middle: 46.1244 3.27108 1083.58
Ring: 59.3651 97.784 1154.17
Little: 36.6539 48.3364 1093.39
Thumb: 162.866 99.6866 1114.93
Index: 104.876 73.7918 1157.2
Middle: 42.0344 6.55018 1080.67
Ring: 57.9524 102.944 1147.35
Little: 31.8838 53.8196 1093.48
Thumb: 160.968 98.0973 1114.23
Index: 103.163 72.1609 1156.45
Middle: 38.971 6.29143 1080.71
Ring: 55.8839 99.5567 1155.3
Little: 29.9238 53.9233 1094.18
Thumb: 156.563 97.2989 1115.13
Index: 106.201 84.087 1140.86
Middle: 32.5733 8.12027 1079.73
Ring: 52.3147 102.58 1156.03
Little: 25.715 55.7011 1096.24
Thumb: 152.6 96.6463 1115.8
Index: 98.6942 80.5915 1139.17
Middle: 27.3996 9.465 1078.44
Ring: 48.2122 104.567 1156.53
Little: 20.7423 56.8071 1095.53
Thumb: 148.793 97.8881 1114.73
Index: 96.2036 82.5096 1138.12
Middle: 20.5224 10.9046 1081.85
Ring: 42.6002 99.0632 1160.89
Little: 15.1139 55.9939 1095.75
Thumb: 145.191 94.7717 1115.57
Index: 90.1712 83.6886 1139.27
Middle: 14.5859 11.5177 1080.57
Ring: 32.3339 107.03 1155.58
Little: 8.59063 58.6577 1091.89
Thumb: 133.021 93.9058 1115.63
Index: 80.6455 84.1381 1144.32
Middle: 6.82372 12.8767 1079.87
Ring: 22.4532 105.698 1158.7
Little: 1.80515 51.8836 1087.49
Thumb: 127.587 98.196 1117.69
Index: 73.0283 84.6973 1151.45
Middle: 2.66767 14.9605 1077.57
Ring: 15.6932 100.599 1161.89
Little: -4.90928 53.2628 1089.72
Thumb: 114.95 94.2203 1123.6
Index: 69.1583 86.4979 1152.78
Middle: -4.74636 17.7465 1080.73
Ring: 10.5869 102.583 1162.9
Little: -8.5869 57.7609 1090.01
Thumb: 105.841 97.073 1126.33
Index: 63.6222 90.1636 1153.78
Middle: -9.13876 18.2152 1079.8
Ring: 4.71051 106.178 1164.28
Little: -15.6183 55.2838 1088.21
Thumb: 100.159 96.4397 1127.32
Index: 58.2823 88.2574 1154.81
Middle: -15.3545 19.0996 1082.88
Ring: 4.0014 114.29 1161.07
Little: -22.1892 59.0485 1095.75
Thumb: 95.0973 97.1657 1125.79
Index: 52.7537 86.1907 1157.15
Middle: -24.4156 21.6136 1087.03
Ring: 0.0148345 110.118 1169.19
Little: -26.8039 62.9678 1101.07
Thumb: 90.2482 98.22 1129.3
Index: 44.9543 89.8814 1166.18
Middle: -28.1191 20.5938 1090.1
Ring: -11.3898 102.128 1172.83
Little: -30.5036 64.4437 1103.45
Thumb: 88.2296 99.4771 1127.65
Index: 36.6151 85.8431 1171.19
Middle: -33.055 18.1992 1093.15
Ring: -17.8715 98.5335 1175.29
Little: -36.0548 60.1851 1104.78
Thumb: 79.8801 94.7878 1138.35
Index: 22.7114 86.0753 1175.12
Middle: -35.2846 15.2459 1101.72
Ring: -31.2736 103.281 1174.79
Little: -45.7501 64.8405 1103.31
Thumb: 66.2289 97.9025 1159.34
Index: -11.8081 75.2186 1181.38
Middle: -36.9469 18.2662 1101.46
Ring: -49.0407 101.198 1168.25
Little: -48.1377 66.818 1096.25
Thumb: 94.5618 136.155 1209.63
Index: -33.9173 110.429 1187.21
Middle: -42.4356 19.6299 1102.19
Ring: -23.3472 23.6678 1103.71
Little: -43.7534 66.1898 1084.22
Thumb: 65.2601 133.755 1229.82
Index: -70.894 98.3015 1147.44
Middle: -45.2294 45.332 1061.97
Ring: -27.0403 38.5184 1090.96
Little: -38.619 83.6905 1066.34
Thumb: 57.9177 144.646 1237.71
Index: -48.1929 50.1291 1103.83
Middle: -46.1042 42.8858 1065.06
Ring: -35.1141 40.2922 1097.47
Little: -39.0808 83.3288 1067.92
Thumb: 46.7935 140.284 1235.93
Index: -52.205 54.8617 1110.07
Middle: -54.6199 46.0395 1073.94
Ring: -40.6245 42.1811 1104.15
Little: -40.6882 78.9266 1073.74
Thumb: 31.5328 156.505 1232.52
Index: -57.2411 56.1397 1114.04
Middle: -56.7122 43.5193 1077.99
Ring: -44.4835 43.7478 1108.95
Little: -44.2244 76.1276 1074.79
Thumb: -70.7144 151.583 1202.35
Index: -52.9529 54.2295 1083.78
Middle: -57.9831 42.2002 1071.89
Ring: -48.7624 46.0961 1089.13
Little: -34.569 80.2709 1054.91
Thumb: -85.9504 153.141 1198.31
Index: -56.5577 53.1973 1084.37
Middle: -57.267 36.7684 1075.71
Ring: -64.1442 57.1179 1080.96
Little: -31.372 74.073 1059.98
Thumb: -92.2672 160.507 1192.87
Index: -55.2811 50.3122 1089.15
Middle: -56.7979 36.8979 1084.6
Ring: -56.8797 57.6054 1079.31
Little: -28.8479 75.5065 1064.2
Thumb: -104.164 160.613 1173.16
Index: -52.3504 53.1617 1088
Middle: -52.7543 38.8618 1084.94
Ring: -51.3263 65.0156 1075.19
Little: -22.6811 73.7346 1068.09
Thumb: -115.762 163.051 1165.7
Index: -54.3451 49.696 1089.68
Middle: -54.9573 38.1012 1083.05
Ring: -46.6163 44.1486 1085.36
Little: -23.8164 70.124 1069.47
Thumb: -115.509 170.702 1147.05
Index: -74.115 42.4161 1095.25
Middle: -80.6918 23.0931 1105.81
Ring: -70.8025 34.2619 1109.47
Little: -41.7906 49.5817 1072.39
Thumb: -119.171 172.908 1140.17
Index: -74.0682 38.8869 1095.95
Middle: -81.3635 22.4305 1105.7
Ring: -74.6874 34.9181 1106.99
Little: -43.5363 49.16 1069.73
Thumb: -125.248 173.748 1127.88
Index: -68.4753 41.5947 1098.78
Middle: -79.3024 26.7734 1105.03
Ring: -72.1414 39.0654 1105.86
Little: -38.791 53.8742 1070.7
Thumb: -129.193 175.072 1119.32
Index: -69.1229 44.5268 1094.9
Middle: -80.3231 31.1987 1096.56
Ring: -54.835 31.906 1098.71
Little: -35.7893 56.2932 1071.58
Thumb: -131.878 175.134 1114.11
Index: -69.8379 44.2798 1093.55
Middle: -81.1236 29.9399 1098.99
Ring: -56.3501 32.1703 1097.55
Little: -34.9931 55.362 1073.07
Thumb: -132.713 174.895 1107.21
Index: -69.2391 43.2322 1092.57
Middle: -80.0621 28.1295 1100.79
Ring: -55.8105 31.4994 1097.13
Little: -24.6029 61.3195 1063.25
Thumb: -132.563 176.789 1097.79
Index: -69.0222 40.8505 1097.87
Middle: -81.6785 26.5296 1104.54
Ring: -57.6016 29.8225 1099.88
Little: -22.9113 58.8781 1070.5
Thumb: -134.617 178.464 1094.92
Index: -71.535 43.6411 1094.45
Middle: -84.186 26.7539 1100.46
Ring: -59.4512 29.706 1098.77
Little: -21.8993 54.1356 1072.9
Thumb: -132.729 175.983 1084.43
Index: -72.956 48.4105 1091.55
Middle: -84.1545 28.6051 1101.92
Ring: -59.3868 31.0704 1105.09
Little: -19.2588 54.7181 1072.32
Thumb: -133.214 177.449 1076.78
Index: -74.5703 52.4286 1085.86
Middle: -86.257 31.053 1100.05
Ring: -61.3835 33.574 1105.48
Little: -18.1438 59.9003 1070.1
Thumb: -135.313 177.84 1073.14
Index: -73.7122 50.5517 1080.77
Middle: -85.7393 29.7249 1098.73
Ring: -58.7569 37.8175 1085.99
Little: -15.5011 62.139 1069.98
Thumb: -139.402 178.87 1075.81
Index: -72.4324 48.7593 1075.48
Middle: -82.6807 27.7098 1097.48
Ring: -56.2032 37.0821 1082.75
Little: -15.3616 57.9172 1072.45
Thumb: -136.979 180.036 1066.31
Index: -72.4763 48.1202 1074.14
Middle: -84.6498 29.2285 1096.76
Ring: -57.4157 36.5695 1081.17
Little: -15.2237 57.859 1071.05
Thumb: -135.084 182.241 1060.65
Index: -71.8172 47.8574 1072
Middle: -85.2606 29.8085 1092.65
Ring: -54.907 41.7849 1071.91
Little: -14.9243 57.2305 1071.22
Thumb: -132.942 184.136 1059.49
Index: -72.3673 48.6964 1069
Middle: -85.6997 30.0471 1083.37
Ring: -57.7889 37.811 1071.58
Little: -13.6301 60.0385 1064.78
Thumb: -135.479 184.118 1059.11
Index: -71.592 46.6818 1071.76
Middle: -83.5609 28.7571 1084.64
Ring: -56.5934 37.2384 1072.08
Little: -13.7573 55.1955 1049.47
Thumb: -134.269 182.937 1059.34
Index: -73.3873 47.5475 1069.87
Middle: -84.5177 29.0155 1078.97
Ring: -55.2634 41.0829 1066.44
Little: -12.1973 59.5534 1045.34
Thumb: -134.256 183.158 1053.79
Index: -72.5554 47.7215 1067.54
Middle: -82.8679 28.0025 1075.72
Ring: -50.498 48.2062 1062.92
Little: -4.01319 80.1215 1052.74
Thumb: -134.413 184.024 1054.52
Index: -73.7041 47.3649 1067.68
Middle: -83.9899 28.1845 1077.4
Ring: -51.7049 47.6986 1063.17
Little: -5.04625 79.1425 1051.96
Thumb: -132.596 184.814 1056.03
Index: -72.303 46.7975 1069.83
Middle: -82.5453 28.5121 1084.49
Ring: -50.2915 46.9005 1064.26
Little: -2.82852 78.5161 1051.72
Thumb: -133.299 182.54 1058.91
Index: -69.0857 49.7393 1070.57
Middle: -74.2533 37.8065 1065.59
Ring: -46.756 49.9319 1064.18
Little: -0.573668 84.0709 1051.28
Thumb: -134.332 179.515 1062.49
Index: -66.268 44.9809 1079.66
Middle: -74.9189 32.7693 1073.15
Ring: -45.8748 50.0672 1066.95
Little: 5.63569 101.507 1047.2
Thumb: -133.987 179.109 1064.64
Index: -63.304 49.0031 1071.59
Middle: -71.7568 31.5183 1080.89
Ring: -43.2077 48.8643 1068.7
Little: 8.88067 104.602 1046.3
Thumb: -131.557 178.422 1066.17
Index: -61.2187 49.4186 1075.64
Middle: -69.8254 31.7559 1084.2
Ring: -41.4015 49.4424 1069.79
Little: 7.98601 98.6824 1047.75
Thumb: -133.976 175.019 1068.35
Index: -56.1604 45.7117 1090.24
Middle: -64.7745 31.729 1091.72
Ring: -22.1336 108.364 1020.49
Little: 9.1799 100.888 1052
Thumb: -134.672 170.606 1072.35
Index: -52.3432 43.6757 1090.28
Middle: -60.9642 29.0549 1094.67
Ring: -18.5378 108.507 1021.28
Little: 12.2424 101.861 1052.82
Thumb: -134.912 168.967 1076.38
Index: -47.1551 44.1512 1090.91
Middle: -55.367 28.0925 1102.63
Ring: -15.8759 109.907 1022.67
Little: 15.7314 105.614 1055.95
Thumb: -135.012 164.48 1078.58
Index: -44.4037 42.4823 1084.4
Middle: -50.787 23.1109 1101.44
Ring: -14.5682 104.358 1023.1
Little: 18.6326 105.681 1057.62
Thumb: -124.518 164.47 1070.66
Index: -67.8949 87.3601 1030.79
Middle: -44.1367 22.8572 1106.05
Ring: -15.6848 109.727 1026.45
Little: 22.1353 104.416 1055.46
Thumb: -117.922 162.97 1084.3
Index: -67.3809 92.5436 1028.52
Middle: -39.6405 20.5256 1101.35
Ring: -8.32614 117.092 1028.24
Little: 27.2291 100.124 1055.14
Thumb: -110.822 157.247 1076.66
Index: -53.2987 90.4312 1025.18
Middle: -29.9468 18.4077 1098.87
Ring: 0.323922 97.7364 1026.8
Little: 36.8665 98.8117 1061.06
Thumb: -108.379 153.683 1083.34
Index: -45.3515 86.2004 1022.88
Middle: -22.0696 14.8064 1097.07
Ring: 6.19532 90.8046 1018.6
Little: 40.7416 91.5464 1052.52
Thumb: -98.5231 150.935 1085.01
Index: -38.6643 86.1892 1021.71
Middle: -17.3468 14.1602 1104.06
Ring: 16.3139 94.1896 1022.93
Little: 54.5395 100.367 1051.31
Thumb: -97.7671 145.578 1089.9
Index: -33.5901 88.7058 1021.78
Middle: -6.67712 12.1453 1111.38
Ring: 21.0263 91.6047 1034.15
Little: 53.1752 86.3864 1035.31
Thumb: -91.5768 143.113 1087.69
Index: -28.4254 86.116 1024.78
Middle: 0.15213 10.6878 1108.91
Ring: 26.9163 96.0289 1040.09
Little: 53.0715 74.1359 1037.86
Thumb: -85.7247 144.393 1084.3
Index: -21.3917 93.9201 1023.78
Middle: 7.18151 9.81291 1103.24
Ring: 35.568 96.9988 1036.96
Little: 64.9275 81.8139 1034.16
Thumb: -85.6156 139.568 1085.62
Index: -16.0341 86.6992 1023.21
Middle: 19.5589 7.97772 1103.15
Ring: 39.2977 98.064 1036.18
Little: 67.6938 79.5242 1035.07
Thumb: -80.4245 142.502 1085.18
Index: -11.0769 88.1072 1024.3
Middle: 23.0957 9.03913 1104.06
Ring: 43.1686 78.2643 1026.47
Little: 73.8261 81.4106 1033.98
Thumb: -75.2528 141.876 1086.32
Index: -5.98415 86.9683 1025.36
Middle: 30.1514 9.02736 1105.69
Ring: 47.5216 70.8167 1024.77
Little: 80.3178 83.1907 1035.31
Thumb: -70.6749 143 1087.29
Index: 0.532053 87.0612 1025.85
Middle: 36.6185 8.75808 1102.97
Ring: 53.5081 87.0326 1017.9
Little: 85.5184 84.6295 1035.33
Thumb: -61.2211 145.8 1095.53
Index: 6.87591 90.528 1026.82
Middle: 40.6595 8.35971 1103.42
Ring: 60.7232 85.0619 1017.27
Little: 98.0734 101.155 1040.03
Thumb: -53.7611 148.655 1095.27
Index: 11.5279 86.9092 1027.53
Middle: 47.1148 8.29868 1105.46
Ring: 64.9252 88.3597 1014.12
Little: 104.454 100.544 1042.25
Thumb: -52.8532 148.87 1095.57
Index: 14.9089 86.9592 1026.95
Middle: 50.9015 8.48985 1105.83
Ring: 69.3291 89.5386 1013.91
Little: 102.669 89.5148 1034.33
Thumb: -53.564 148.12 1101.89
Index: 17.8204 73.2942 1025.46
Middle: 50.5221 6.35133 1110.86
Ring: 67.9849 87.7212 1015.65
Little: 102.767 89.0995 1036.81
Thumb: -49.9148 151.194 1113.73
Index: 16.9287 67.592 1031.87
Middle: 47.6312 7.4347 1112.17
Ring: 62.0517 87.7597 1016.18
Little: 99.8059 92.3793 1033.01
Thumb: -48.1245 153.221 1118.56
Index: 16.7385 62.8571 1038.51
Middle: 42.1508 9.11992 1114.45
Ring: 59.5026 87.1631 1019.31
Little: 95.5177 88.5998 1036.14
Thumb: -35.1909 161.941 1135.08
Index: 11.6835 61.2126 1047.62
Middle: 33.1976 12.7463 1110.84
Ring: 50.0979 88.738 1020.03
Little: 90.6936 91.5457 1030.59
Thumb: -28.4139 163.483 1146.25
Index: 10.3836 56.0842 1059.84
Middle: 29.1554 15.5617 1120.32
Ring: 44.8132 91.5471 1025.16
Little: 83.4582 89.1114 1031.19
Thumb: -23.269 167.755 1151.71
Index: 4.43971 60.527 1071.94
Middle: 29.3621 22.762 1129.96
Ring: 32.5236 96.4689 1031.13
Little: 67.4068 84.9143 1033.15
Thumb: -16.0862 168.47 1160.74
Index: 11.9829 53.7346 1082.53
Middle: 27.9086 29.4859 1133.4
Ring: 26.8324 101.479 1034.07
Little: 61.4989 89.5865 1032.65
Thumb: -7.23646 170.358 1163.53
Index: 17.4414 57.6291 1073.28
Middle: 28.9194 32.7319 1119.47
Ring: 39.649 117.474 1028.66
Little: 68.823 100.953 1023.98
Thumb: -2.14705 172.592 1164.48
Index: 39.8458 40.3765 1093.27
Middle: 31.6518 33.0084 1126.66
Ring: 44.6338 122.293 1031.78
Little: 69.0489 103.87 1022.93
Thumb: 3.18728 169.957 1167.81
Index: 41.4807 40.0168 1094.94
Middle: 36.6103 33.6589 1130.19
Ring: 46.3453 129.339 1035.11
Little: 60.6119 103.388 1022.2
Thumb: 20.4938 179.153 1180.41
Index: 42.7807 43.413 1094.1
Middle: 37.6314 39.8201 1125.64
Ring: 51.7114 135.817 1037.7
Little: 55.674 103.521 1021.54
Thumb: 25.3082 177.488 1182.65
Index: 32.476 54.2124 1092.46
Middle: 37.0942 42.4653 1127.02
Ring: 50.8788 137.305 1038.94
Little: 55.3188 107.041 1022.12
Thumb: 31.8573 176.15 1187.03
Index: 31.1387 58.1192 1094.51
Middle: 38.5582 42.9172 1129.69
Ring: 57.9506 140.422 1046.29
Little: 51.3702 108.622 1023.95
Thumb: 38.7664 174.053 1187.71
Index: 31.2496 55.7714 1097.33
Middle: 38.4136 43.4639 1135.52
Ring: 44.2316 106.847 1064.66
Little: 48.6272 110.126 1024.44
Thumb: 46.1982 173.668 1191.87
Index: 26.7555 59.1722 1102.56
Middle: 39.8342 43.2263 1139.89
Ring: 43.04 104.832 1072.21
Little: 44.3144 118.008 1025.36
Thumb: 50.4753 171.996 1192.4
Index: 29.3604 54.8232 1107.15
Middle: 37.1627 43.5726 1131.9
Ring: 48.5695 106.269 1077.1
Little: 36.5226 102.372 1037.29
Thumb: 48.8585 170.751 1191.58
Index: 27.2193 57.2753 1109.29
Middle: 37.7728 44.2771 1133.89
Ring: 49.6275 106.042 1079.65
Little: 51.0856 109.833 1039.74
Thumb: 49.0369 169.918 1191.57
Index: 27.9964 58.3488 1108.59
Middle: 38.892 44.1611 1133.34
Ring: 49.5906 106.755 1080.22
Little: 53.1076 111.557 1040.33
Thumb: 48.9985 169.638 1191.55
Index: 27.4919 58.7153 1108.08
Middle: 38.3251 44.7295 1133.74
Ring: 49.4305 107.377 1079.73
Little: 52.8494 111.823 1040.21
Thumb: 50.4234 167.154 1187.46
Index: 23.8703 59.1369 1112.08
Middle: 38.8556 42.7062 1135.46
Ring: 47.5987 108.558 1079.47
Little: 56.4127 114.008 1040.89
Thumb: 46.8753 167.017 1186.03
Index: 23.3673 58.7898 1108.62
Middle: 37.1495 42.6162 1134.81
Ring: 46.6758 109.08 1077.62
Little: 55.6713 113.826 1039.63
Thumb: 44.5655 165.357 1184.48
Index: 22.6195 59.3057 1109.05
Middle: 36.6485 42.8735 1134.88
Ring: 46.925 109.061 1077.92
Little: 48.969 115.355 1036.59
Thumb: 41.8263 162.688 1181.32
Index: 16.9002 60.4006 1109.61
Middle: 32.436 42.4068 1135.71
Ring: 46.3604 105.857 1079.04
Little: 46.0335 108.7 1039.03
Thumb: 39.2203 162.64 1178.62
Index: 14.9774 60.2002 1110.99
Middle: 30.4828 43.3407 1136.57
Ring: 46.0082 104.415 1080.6
Little: 44.7991 106.767 1040.37
Thumb: 33.8322 160.944 1175.77
Index: 13.8581 59.9453 1109.8
Middle: 27.5559 43.732 1135.56
Ring: 45.0253 104.256 1080.28
Little: 46.1164 105.995 1040.61
Thumb: 27.1182 159.553 1179.64
Index: 12.6303 59.8871 1110.28
Middle: 22.9106 41.8793 1137.16
Ring: 43.6145 103.294 1083.44
Little: 39.1145 100.779 1044.19
Thumb: 25.0758 153.657 1167.01
Index: 10.4691 62.1797 1109.54
Middle: 25.572 41.7986 1144.99
Ring: 41.9632 108.262 1080.95
Little: 39.6635 103.061 1044.16
Thumb: 20.6017 150.499 1163.27
Index: 7.35773 59.9579 1106.7
Middle: 23.4506 39.9079 1145.58
Ring: 40.5475 93.3902 1090.61
Little: 48.1327 110.633 1040.51
Thumb: 16.1508 148.436 1157.52
Index: 7.36084 55.3971 1110.97
Middle: 19.8986 39.0174 1148.76
Ring: 12.3738 56.9972 1111.85
Little: 49.4601 105.651 1046.77
Thumb: 12.034 144.632 1153.61
Index: 25.6013 43.8132 1118.98
Middle: 18.5042 37.2316 1149.3
Ring: 11.4525 54.3594 1109.95
Little: 51.6967 106.137 1045.05
Thumb: 9.01276 143.995 1151.89
Index: 11.3711 47.102 1109.12
Middle: 18.8023 32.6205 1146.45
Ring: 15.3706 43.0293 1116.17
Little: 40.8652 99.8712 1040.27
Thumb: 4.56993 138.973 1153.39
Index: 10.358 42.8419 1109.89
Middle: -4.44391 42.3416 1132.8
Ring: 14.7143 39.2493 1117.16
Little: 38.9884 101.412 1039.54
Thumb: 7.6915 138.974 1158.39
Index: 18.8701 37.5616 1113.59
Middle: -4.93903 39.8602 1128.58
Ring: 12.7168 38.5573 1115.33
Little: 35.7991 101.245 1038.72
Thumb: 6.6406 137.883 1151.7
Index: 9.70311 40.5378 1117.34
Middle: -4.80231 42.7939 1125.13
Ring: 17.6645 37.9921 1113.66
Little: 38.7759 104.283 1035.7
Thumb: 5.16285 136.27 1140.62
Index: 13.786 42.1789 1104.98
Middle: -7.68361 44.484 1123.18
Ring: 15.1201 39.1645 1111.72
Little: 46.7085 101.835 1038.17
Thumb: 1.48308 134.47 1134.99
Index: 12.4836 40.8565 1104.86
Middle: -11.0793 43.3689 1121.38
Ring: 7.39606 41.8138 1104.99
Little: 51.8122 101.592 1038.76
Thumb: 2.2981 135.607 1133.64
Index: 8.31721 40.0781 1117.34
Middle: -14.7054 46.6544 1126.15
Ring: 2.50801 44.7615 1108.03
Little: 49.6491 101.193 1039.2
Thumb: 2.52807 136.651 1132.45
Index: 3.83944 42.1835 1112.91
Middle: -23.0695 51.8904 1125.52
Ring: -5.6794 47.9329 1107.77
Little: 49.578 96.8115 1039.26
Thumb: -1.39745 140.668 1135.23
Index: -6.5203 43.358 1121.77
Middle: -25.7547 67.6599 1121.66
Ring: -13.618 47.9539 1118.82
Little: 41.6198 91.5357 1039.55
Thumb: -2.41506 139.541 1132.66
Index: -36.7164 76.6352 1134.09
Middle: -24.2315 71.0878 1120.41
Ring: -15.9191 48.1222 1120.21
Little: 39.0696 87.8614 1042.01
Thumb: -5.57985 134.364 1126.14
Index: -43.7738 84.6272 1127.76
Middle: -28.5091 75.9496 1117.71
Ring: -25.8888 52.3249 1116.46
Little: 25.9838 93.1953 1027.08
Thumb: -10.2251 133.628 1125.15
Index: -48.4078 89.9493 1123.66
Middle: -31.5977 76.819 1112.37
Ring: -29.8493 51.9945 1111.73
Little: 19.8097 95.1022 1023.12
Thumb: -13.4432 135.067 1126.96
Index: -50.2634 90.7936 1123.31
Middle: -34.017 76.2088 1112.28
Ring: -33.1219 52.1666 1112.21
Little: 15.6525 95.1246 1023.27
Thumb: -17.3978 135.935 1127.08
Index: -52.3628 91.7935 1119.11
Middle: -42.4753 63.4438 1129.64
Ring: -39.7077 53.6693 1110.51
Little: 12.9512 92.7679 1023.75
Thumb: -17.9738 133.819 1128.54
Index: -54.4309 94.4806 1116.84
Middle: -46.0594 65.9272 1129.22
Ring: -41.9673 54.6204 1110.97
Little: 12.6936 92.5711 1024.39
Thumb: -22.456 130.821 1126.92
Index: -55.5215 96.0674 1116.58
Middle: -49.1558 63.4914 1129.05
Ring: -37.2658 63.7415 1103.31
Little: 11.7933 92.6405 1029.47
Thumb: -24.0725 129.046 1126.39
Index: -57.1245 95.4044 1115.86
Middle: -50.8937 64.8372 1130.87
Ring: -37.6231 63.7565 1102.54
Little: 8.93019 91.8907 1029.01
Thumb: -49.4664 212.866 1098.22
Index: -57.0335 95.2829 1113.73
Middle: -55.8919 57.7956 1137.29
Ring: -36.9486 65.6794 1100.8
Little: 6.07628 90.5784 1027.43
Thumb: -22.3133 245.403 1150.53
Index: -58.7192 95.5345 1112.59
Middle: -58.9723 56.8558 1139.78
Ring: -40.5715 64.1876 1101.51
Little: 3.72872 90.4613 1026.95
Thumb: -26.5091 240.281 1157.68
Index: -60.9127 89.0578 1115.86
Middle: -58.6764 57.1227 1132.63
Ring: -40.6999 63.5667 1099.53
Little: -0.159052 91.1276 1027.59
Thumb: -33.3163 226.452 1169.08
Index: -56.1124 83.4472 1117.6
Middle: -59.0836 48.1029 1114.24
Ring: -26.5733 67.9462 1093.82
Little: 1.52928 96.2389 1025.82
Thumb: -23.5702 227.046 1169.82
Index: -56.9916 78.6274 1114.14
Middle: -54.3377 46.9774 1111.7
Ring: -30.2427 64.4471 1088.96
Little: -2.08832 98.7245 1019.1
Thumb: -22.3214 227.654 1170.87
Index: -51.3828 79.232 1112.15
Middle: -48.2259 37.9098 1123.71
Ring: -19.1236 73.6765 1081.1
Little: 1.83305 100.719 1018.6
Thumb: -23.8564 226.525 1172.62
Index: -46.5951 74.1074 1106.85
Middle: -43.068 36.5133 1123.13
Ring: -33.5178 59.6447 1084.21
Little: 0.0470486 101.752 1017.74
Thumb: -22.9224 226.171 1171.82
Index: -41.5054 60.6524 1097.91
Middle: -43.8306 34.2708 1120.06
Ring: -35.0881 56.4559 1083.42
Little: -0.119149 101.208 1016.24
Thumb: -10.1534 269.032 1131.63
Index: -39.1229 58.3843 1096.57
Middle: -35.3143 53.7255 1099.69
Ring: -33.3021 55.5812 1082.1
Little: -3.23341 100.019 1014.1
Thumb: -43.7561 144.933 1132.39
Index: -39.4377 55.4001 1093.17
Middle: -34.1495 48.6805 1094.67
Ring: -34.0749 53.6411 1078.86
Little: -4.8868 98.5928 1012.17
Thumb: -41.0324 147.242 1135.4
Index: -36.8974 51.5768 1091.72
Middle: -31.6353 47.7035 1091.36
Ring: -33.1861 53.4874 1076.7
Little: -6.98995 97.7331 1009.43
Thumb: -43.1418 151.569 1141.58
Index: -34.5463 47.1785 1091.06
Middle: -31.8944 45.3645 1090.72
Ring: -30.3966 51.6219 1073.84
Little: -5.49001 96.4637 1009.14
Thumb: -42.7028 154.784 1145.44
Index: -34.5122 47.8244 1089.75
Middle: -29.3034 53.3544 1080.37
Ring: -29.8591 43.4151 1078.18
Little: -6.28412 97.3064 1008.07
Thumb: -42.248 158.201 1144.48
Index: -32.2526 46.6506 1089.97
Middle: -25.1269 54.086 1073.34
Ring: -25.4323 39.4822 1075.21
Little: -4.41048 96.0068 1007.75
Thumb: -44.7332 159.048 1138.31
Index: -24.9417 42.055 1087.73
Middle: -20.5305 50.6372 1071.41
Ring: -18.5223 35.28 1074.84
Little: 4.76195 94.7242 1006.35
Thumb: -52.396 160.349 1140.19
Index: -21.8171 41.236 1088.51
Middle: -18.1122 49.7167 1071.02
Ring: -6.48684 26.8683 1077.72
Little: 8.57027 90.6842 1011.36
Thumb: -62.1868 160.45 1134.83
Index: 3.28923 29.8306 1110.42
Middle: -15.2313 35.4564 1080.08
Ring: -0.0720377 24.5349 1083.76
Little: 18.6684 89.6196 1015.79
Thumb: -67.8193 162.674 1129.59
Index: -37.2094 48.965 1066.81
Middle: -15.5744 33.337 1084.43
Ring: 4.40265 22.4134 1087.47
Little: 27.5242 91.0474 1020.5
Thumb: -69.9786 166.922 1123.59
Index: -36.5823 50.8933 1065.57
Middle: -16.8728 32.7624 1089.85
Ring: 3.92391 24.9405 1089.28
Little: 32.7338 91.9114 1023.09
Thumb: -73.581 169.03 1120.3
Index: -37.7319 61.2078 1059.35
Middle: -14.214 31.7261 1097.11
Ring: 6.93227 26.1795 1098.37
Little: 37.62 89.9911 1031.81
Thumb: -76.2534 167.145 1111.46
Index: -42.3469 60.6762 1057.25
Middle: -14.3145 25.2254 1101.56
Ring: 7.8207 24.3633 1100.95
Little: 42.1757 84.9003 1037.31
Thumb: -68.9102 169.502 1110.15
Index: -46.7547 57.2236 1071.59
Middle: -16.9279 24.7302 1120.12
Ring: -19.1145 37.6425 1107.87
Little: 18.163 46.2164 1105.22
Thumb: -68.0098 163.581 1104.54
Index: -44.7543 60.3115 1063.63
Middle: -14.2629 20.9062 1120.75
Ring: -17.544 33.5544 1110.57
Little: 17.3055 43.8014 1109.78
Thumb: -67.1303 159.387 1099.53
Index: -41.6271 57.9413 1060.07
Middle: -15.0967 25.6774 1097.99
Ring: -17.1622 30.6767 1108.74
Little: 16.5756 43.2234 1112.53
Thumb: -65.0344 155.946 1101.27
Index: -40.2609 61.7563 1054.51
Middle: -14.7131 23.4744 1093.84
Ring: -18.758 29.7798 1103.79
Little: 16.2907 41.1124 1109.03
Thumb: -64.113 153.731 1097.45
Index: -38.8535 63.9521 1048.24
Middle: -16.597 19.0911 1092.88
Ring: 4.50339 77.093 1033.39
Little: 13.5444 37.5835 1099.27
Thumb: -63.8144 141.645 1079.72
Index: -37.5784 76.9432 1032.83
Middle: -11.5569 14.8722 1084.88
Ring: 8.04475 79.2292 1024.16
Little: 13.9071 35.1871 1092.62
Thumb: -59.791 136.393 1071.38
Index: -36.3705 69.0853 1030.71
Middle: -12.6335 28.258 1072.41
Ring: 9.0396 71.5242 1021.62
Little: 14.342 32.3775 1083.02
Thumb: -49.521 130.789 1057.7
Index: -35.6479 71.5926 1026.18
Middle: -16.0008 18.1852 1065.11
Ring: 9.38832 73.0904 1018.33
Little: 13.7297 32.9839 1077.09
Thumb: -45.1075 125.256 1052.37
Index: -36.4115 72.7973 1021.08
Middle: -15.5379 16.5909 1058.85
Ring: 9.49086 73.3208 1013.64
Little: 14.0409 32.6026 1067.67
Thumb: -39.7241 123.872 1046.47
Index: -39.8827 65.4847 1023.58
Middle: -16.4883 18.0492 1053.83
Ring: 9.38078 77.7782 1010.32
Little: 11.5557 34.3441 1062.27
Thumb: -38.4909 122.504 1047.61
Index: -42.305 62.1117 1028.99
Middle: -17.6276 16.9892 1052.38
Ring: 5.0829 69.6295 1011.3
Little: 12.561 38.8116 1055.7
Thumb: -37.3376 118.497 1043.76
Index: -43.4626 55.768 1027.25
Middle: -17.1737 16.8884 1047.4
Ring: 4.16686 75.0269 1008.9
Little: 11.5993 39.0968 1052.46
Thumb: -36.8097 117.657 1044.49
Index: -44.4324 51.9441 1029.43
Middle: -20.394 19.2537 1045.41
Ring: 0.439989 77.7169 1007.46
Little: 11.5973 42.1596 1047.53
Thumb: -36.162 117.489 1044.66
Index: -46.8355 49.1595 1031.5
Middle: -23.731 23.0009 1041.17
Ring: -3.27517 78.8521 1005.89
Little: 9.40491 42.7351 1044.41
Thumb: -35.9481 117.908 1043.64
Index: -54.2002 48.1517 1032.65
Middle: -25.5405 32.0581 1034.75
Ring: -5.15891 80.9772 1003.03
Little: 7.37425 44.3189 1037.93
Thumb: -36.2471 115.667 1041.08
Index: -52.586 47.4344 1029.43
Middle: -25.6248 30.1999 1032.09
Ring: -6.21643 78.1201 1001.37
Little: 6.30215 42.5906 1038.04
Thumb: -38.8183 115.784 1040.86
Index: -56.5775 44.3889 1032.44
Middle: -26.3467 25.9886 1034.99
Ring: -13.916 79.4826 998.012
Little: 1.62748 44.5124 1032.02
Thumb: -37.7738 113.54 1039.07
Index: -58.6283 67.0877 1022.11
Middle: -29.232 29.067 1030.92
Ring: -17.3498 80.0715 994.51
Little: 12.8191 54.0206 1033.27
Thumb: -38.2601 114.181 1038.42
Index: -60.4531 63.7983 1024.57
Middle: -31.545 20.8936 1035.95
Ring: -20.7584 79.6383 994.741
Little: 7.52328 53.4279 1027.98
Thumb: -38.0275 116.42 1036.09
Index: -60.4874 63.8586 1023.41
Middle: -33.7843 25.3214 1032.46
Ring: -20.9187 81.1751 992.984
Little: 2.67481 47.6874 1029.55
Thumb: -40.0766 116.034 1037.28
Index: -63.3184 62.3027 1027
Middle: -37.2999 25.5535 1032.96
Ring: -25.8957 82.0796 993.042
Little: -2.23784 47.1564 1029.22
Thumb: -39.5523 115.808 1036.12
Index: -64.0468 67.0196 1025.32
Middle: -37.266 25.9416 1031.71
Ring: -26.7668 84.2306 992.01
Little: -2.8368 45.4822 1031.47
Thumb: -39.4284 114.599 1032.17
Index: -63.6485 67.479 1021.79
Middle: -31.0519 25.1009 1029.62
Ring: -23.8363 83.5447 990.461
Little: -2.92877 42.3672 1033.49
Thumb: -37.8832 114.255 1029.66
Index: -63.0163 61.3854 1023.82
Middle: -29.9741 23.8163 1032.93
Ring: -23.1282 84.588 990.406
Little: -5.4719 44.6634 1037.94
Thumb: -38.2427 114.61 1029.63
Index: -62.823 59.9723 1024.67
Middle: -29.9352 23.9892 1033.13
Ring: -23.6565 84.5527 990.504
Little: -5.04504 45.9832 1036.04
Thumb: -38.6252 115.731 1029.86
Index: -62.7202 54.7584 1026.61
Middle: -30.3314 24.1862 1034.6
Ring: -23.9191 85.0117 990.881
Little: -5.515 47.5562 1035.73
Thumb: -40.9699 116.566 1030.21
Index: -64.9641 57.3033 1028.46
Middle: -33.1137 25.7573 1035.32
Ring: -25.6992 86.1706 992.923
Little: -7.80108 46.3243 1039.43
Thumb: -44.8596 116.687 1032.88
Index: -66.3136 65.8743 1032.72
Middle: -33.3237 23.0357 1043.7
Ring: -26.0539 86.3615 997.5
Little: -12.4263 43.1063 1041.28
Thumb: -50.1477 115.871 1041.09
Index: -66.6032 66.4507 1038.1
Middle: -34.7624 25.8263 1046.27
Ring: -25.935 87.9795 1002.27
Little: -13.607 41.4158 1046.57
Thumb: -55.245 119.898 1049.53
Index: -65.6155 58.1863 1047.5
Middle: -35.4441 26.5803 1055.44
Ring: -23.5551 85.701 1010.65
Little: -13.7752 42.1202 1056.81
Thumb: -59.4255 123.353 1064.04
Index: -68.6766 57.1917 1066.97
Middle: -39.5727 25.576 1067.31
Ring: -31.9394 90.1236 1021.62
Little: -21.0799 36.5207 1074.17
Thumb: -59.1515 128.329 1067.45
Index: -69.7709 62.52 1086.38
Middle: -51.0419 30.2831 1083.71
Ring: -36.8351 81.6367 1031.03
Little: -28.0022 37.1123 1089.18
Thumb: -59.6201 130.707 1076.76
Index: -68.2701 68.5654 1107.74
Middle: -52.0335 33.0199 1095.86
Ring: -40.0375 81.794 1041.62
Little: -31.5101 38.7208 1104.04
Thumb: -72.6073 128.36 1103.35
Index: -70.1681 66.1376 1134.14
Middle: -57.0952 41.8126 1110.26
Ring: -29.9217 102.257 1054.34
Little: -36.0921 48.383 1126.16
Thumb: -75.3449 137.388 1117.3
Index: -62.748 69.1923 1144.37
Middle: -44.9716 31.6159 1141.45
Ring: -30.7125 102.46 1060.34
Little: -28.6905 51.0992 1136.18
Thumb: -69.507 142.192 1114.73
Index: -57.5656 73.6775 1151.02
Middle: -38.6002 36.4379 1153.12
Ring: -22.6438 113.525 1064.95
Little: -24.0147 55.9193 1139.85
Thumb: -68.271 148.195 1124.64
Index: -48.9653 74.0963 1159.23
Middle: -30.5603 40.9319 1153.69
Ring: -22.6113 39.7948 1143.72
Little: -14.2469 59.9048 1146.81
Thumb: -63.1549 158.452 1133.12
Index: -46.5344 82.8441 1164.92
Middle: -34.5235 54.2116 1159.93
Ring: -21.761 43.7318 1155.09
Little: -10.4232 65.5803 1157.49
Thumb: -58.4539 161.79 1133.74
Index: -40.8994 83.7396 1171.55
Middle: -26.5206 55.7172 1170.11
Ring: -14.3712 45.7956 1165.87
Little: -4.56275 69.1739 1164.13
Thumb: -54.6705 168.483 1141.49
Index: -37.8811 86.0801 1166.69
Middle: -23.3559 55.06 1168.37
Ring: -9.29435 45.9816 1170.01
Little: -0.219104 68.8652 1163.8
Thumb: -51.2502 167.576 1140.89
Index: -33.751 85.7038 1166.16
Middle: -18.7992 58.4688 1162.87
Ring: -5.46863 43.5645 1164.09
Little: 4.13093 68.4034 1163.8
Thumb: -47.7687 159.274 1135.04
Index: -29.8675 86.8601 1161.04
Middle: -12.7204 56.5801 1160.08
Ring: 0.958867 45.4252 1164.47
Little: 7.44822 69.2304 1157.86
Thumb: -46.0532 157.911 1132.71
Index: -24.4746 82.5315 1164.39
Middle: -7.58327 58.1418 1154.57
Ring: 4.44945 44.5143 1158.28
Little: 12.3765 68.4544 1157.82
Thumb: -44.2849 152.326 1133.01
Index: -16.3819 71.681 1163.77
Middle: -2.64091 51.94 1145.9
Ring: 10.2514 39.0842 1146.92
Little: 19.3874 63.4092 1151.1
Thumb: -41.2658 146.428 1142.27
Index: -8.32883 61.3109 1154.45
Middle: 3.711 45.7334 1136.15
Ring: 20.7767 32.5261 1135.77
Little: 28.2275 57.798 1141.48
Thumb: -36.6646 140.947 1143.79
Index: 2.40818 53.071 1152.98
Middle: 8.64735 41.3336 1129.02
Ring: 29.3244 28.3945 1134.52
Little: 34.2656 53.4585 1132.98
Thumb: -33.1709 136.999 1140.16
Index: 8.12085 50.8941 1152.5
Middle: 11.6023 37.8876 1123.34
Ring: 32.2261 26.815 1131.27
Little: 37.6375 51.4542 1129.31
Thumb: -32.7436 127.327 1134.66
Index: 11.6234 46.4009 1145.1
Middle: 13.9064 35.8894 1112.5
Ring: 24.2235 31.175 1123.68
Little: 36.8784 49.5664 1116.46
Thumb: -28.718 123.838 1137.36
Index: 9.26379 48.2069 1146.13
Middle: 11.6504 36.2929 1113.92
Ring: 20.5741 33.2458 1126.72
Little: 33.8664 50.8614 1115.89
Thumb: -24.4162 123.716 1138.76
Index: 4.38538 51.424 1145.61
Middle: 4.6202 36.8486 1108.67
Ring: 12.6134 37.0299 1127.42
Little: 27.6432 52.5224 1113.09
Thumb: -18.0722 125.353 1135.59
Index: -0.859959 59.0017 1150.04
Middle: -2.17338 40.8757 1116.45
Ring: 4.42113 44.2849 1132.13
Little: 24.6825 54.5538 1122.3
Thumb: -16.9618 121.515 1132.56
Index: -5.62437 60.9466 1150.31
Middle: -7.23717 42.2201 1124.48
Ring: 0.627277 45.7854 1135.32
Little: 24.1503 53.7432 1127.9
Thumb: -14.4307 123.217 1133.76
Index: -47.908 102.674 1099.01
Middle: -11.8843 44.0482 1125.6
Ring: -6.47667 49.8071 1134.66
Little: 17.937 56.2691 1130.53
Thumb: -13.0508 121.155 1128.42
Index: -46.7839 88.2626 1108.28
Middle: -13.1657 42.7253 1132.01
Ring: -14.0484 49.9448 1134.87
Little: 9.17135 56.2084 1130.84
Thumb: -11.2252 119.999 1129.49
Index: -47.8412 103.673 1101.13
Middle: -10.5363 44.0924 1140.87
Ring: -12.2402 52.2372 1141.38
Little: 10.0692 58.0424 1135.72
Thumb: -10.3833 120.824 1129.83
Index: -45.5697 104.553 1108.43
Middle: -10.1811 45.2116 1146.07
Ring: -13.1807 56.2779 1143
Little: 10.4548 59.7974 1138.94
Thumb: -10.9298 122.723 1131.94
Index: -47.2091 97.3381 1118.24
Middle: -14.4735 51.7138 1143.76
Ring: -19.125 63.1512 1139.24
Little: 6.00483 61.1203 1139.06
Thumb: -9.75891 125.775 1131.35
Index: -45.5007 97.6173 1121.41
Middle: -13.0652 54.351 1147.35
Ring: -19.1228 69.2626 1136.71
Little: 6.36642 64.2566 1138.9
Thumb: -11.8506 127.049 1134.13
Index: -47.4693 96.0486 1121.58
Middle: -14.381 52.6396 1147.75
Ring: -20.637 67.8245 1135.97
Little: 4.70229 63.4557 1138.64
Thumb: -13.1079 127.189 1135.74
Index: -48.9254 104.635 1111.57
Middle: -15.7879 51.7302 1147.73
Ring: -22.2152 66.7932 1135.65
Little: 3.28858 63.0137 1138.79
Thumb: -12.9201 127.504 1135.48
Index: -49.8373 96.6481 1118.32
Middle: -15.5412 51.3924 1147.01
Ring: -26.9759 72.926 1144.78
Little: 2.24602 63.0783 1133.42
Thumb: -13.2751 129.249 1136.53
Index: -51.5497 106.687 1112.98
Middle: -18.8105 52.6036 1148.35
Ring: -28.5095 74.0921 1143.66
Little: 0.319022 63.5705 1138.08
Thumb: -13.6232 129.504 1136.47
Index: -51.9012 106.121 1113.96
Middle: -18.9134 53.077 1149.3
Ring: -28.574 74.4778 1144.66
Little: 0.0547609 64.0099 1138.58
Thumb: -13.8695 128.707 1137.21
Index: -52.1096 100.081 1117.72
Middle: -18.5028 51.5497 1149.3
Ring: -29.9137 77.5973 1145.5
Little: 0.504933 62.7338 1139.03
Thumb: -14.1408 127.243 1136.73
Index: -52.0121 100.419 1117.05
Middle: -19.1943 54.4971 1145.51
Ring: -30.3431 76.3421 1148.43
Little: 0.782752 62.6048 1139.46
Thumb: -14.1522 128.117 1137.46
Index: -51.9556 103.669 1114.26
Middle: -19.5805 51.6916 1147.64
Ring: -31.0098 77.3723 1146.28
Little: -0.125354 62.1443 1138.61
Thumb: -14.449 129.885 1138.08
Index: -52.5484 104.954 1115.29
Middle: -20.6627 53.7953 1147.06
Ring: -30.8598 77.4191 1145.92
Little: -0.66762 63.1871 1139.67
Thumb: -14.0841 128.339 1137.13
Index: -52.2772 103.952 1116.76
Middle: -20.8709 54.5059 1146.85
Ring: -31.1455 77.9519 1146.15
Little: -0.701546 63.4649 1140.24
Thumb: -14.3776 129.895 1137.37
Index: -52.7752 105.643 1116.2
Middle: -22.4625 55.5797 1145
Ring: -32.3623 79.1674 1145.03
Little: -2.13276 64.1133 1138.77
Thumb: -14.9386 132.681 1137.84
Index: -53.1001 113.424 1112.11
Middle: -25.0239 58.699 1146.43
Ring: -33.4801 82.7182 1147.47
Little: -2.8758 66.4828 1142.7
Thumb: -18.8127 133.834 1142.38
Index: -53.4369 117.328 1109.37
Middle: -26.8372 55.7848 1144.52
Ring: -33.9484 79.7946 1147.31
Little: -1.87945 64.4234 1144.98
Thumb: -15.0344 137.646 1144.46
Index: -51.0317 135.066 1099.33
Middle: -18.3753 52.9528 1148.63
Ring: -27.7816 77.2544 1149.31
Little: 1.06543 64.6688 1139.26
Thumb: -12.1243 140.131 1151.08
Index: -50.6978 136.235 1104.28
Middle: -15.566 52.6261 1153.98
Ring: -23.3749 78.6329 1161.08
Little: 3.53657 64.6116 1144.31
Thumb: -7.58545 143.803 1154.42
Index: -48.6584 138.632 1104.94
Middle: -11.7514 53.4066 1146.8
Ring: -19.4626 80.8282 1159
Little: 8.66305 62.6012 1137.02
Thumb: 1.02781 147.1 1157.31
Index: -43.3371 142.342 1106.08
Middle: -8.26075 53.1399 1145.02
Ring: -13.9295 82.7868 1151.72
Little: 12.0326 61.787 1134.89
Thumb: 6.06374 153.55 1160.13
Index: -50.0419 112.404 1113.45
Middle: 0.247229 47.3208 1140.14
Ring: -9.13783 83.1079 1146.15
Little: 14.5485 62.792 1127.71
Thumb: 13.0356 151.121 1161.26
Index: -50.5628 129.293 1102.03
Middle: 4.09372 41.791 1138.38
Ring: -7.06199 80.625 1141.73
Little: 18.2825 59.9731 1126.16
Thumb: 19.2797 148.283 1163.32
Index: 8.60918 66.6797 1162.86
Middle: 6.82093 40.1093 1139.79
Ring: -4.45299 79.7112 1141.23
Little: 21.1233 57.8893 1127.55
Thumb: 25.2723 153.939 1163.56
Index: 12.1761 65.1176 1160.34
Middle: 10.1798 37.7359 1138.06
Ring: -4.7071 73.7158 1150.4
Little: 23.6533 56.7199 1125.22
Thumb: 30.391 149.467 1165.68
Index: 2.33107 71.6144 1151.41
Middle: 13.9181 34.7943 1137.4
Ring: 7.08367 40.5129 1125.93
Little: 27.8725 54.1452 1125.34
Thumb: 34.3102 147.597 1167.33
Index: -1.45961 70.978 1146.23
Middle: 16.8528 30.6492 1135.09
Ring: 10.3344 37.1458 1123.27
Little: 29.6859 50.6952 1123.03
Thumb: 38.2017 147.018 1164.25
Index: 3.80991 69.256 1144.29
Middle: 18.7107 30.4435 1129.96
Ring: 13.8128 33.7221 1121.04
Little: 31.5705 50.5823 1117.99
Thumb: 37.1143 143.052 1159.82
Index: 4.03655 67.8574 1139.43
Middle: 22.7411 27.2231 1126.66
Ring: 13.1768 32.7463 1114.62
Little: 31.3372 49.1091 1112.73
Thumb: 37.897 146.627 1150.62
Index: 5.89546 69.5956 1136.51
Middle: 1.16124 40.8503 1114.09
Ring: 12.1005 46.7709 1103.46
Little: 22.1615 55.8579 1100.42
Thumb: 43.1468 138.959 1147.6
Index: 8.24275 67.1543 1135.49
Middle: -4.20604 45.2056 1110.1
Ring: -8.50284 62.3297 1090.85
Little: 19.7117 54.514 1098.15
Thumb: 47.8516 123.424 1137.12
Index: 14.0323 69.9792 1133.7
Middle: -3.07289 52.846 1110.92
Ring: -6.33619 43.6271 1104.24
Little: 15.7514 57.5655 1091.45
Thumb: 46.4524 102.594 1085.08
Index: 24.2519 64.8769 1130.54
Middle: 5.90083 53.4714 1104.47
Ring: -0.88296 44.767 1101.55
Little: 37.3843 50.9253 1092.02
Thumb: 43.7836 102.042 1081.05
Index: 25.0621 62.7555 1128.91
Middle: 5.14567 52.8568 1103.08
Ring: -1.11108 45.6125 1100.12
Little: 41.2668 40.2311 1086.48
Thumb: 43.0008 101.784 1072.46
Index: 26.5416 62.8849 1129.17
Middle: 9.24747 50.0251 1104.54
Ring: 0.131418 44.8027 1100.98
Little: 50.2418 38.4035 1091
Thumb: 44.3885 101.684 1073.52
Index: 45.5842 51.3241 1134
Middle: 11.4368 50.4812 1109.18
Ring: 1.55578 46.2369 1100.38
Little: 52.5798 42.0246 1093.39
Thumb: 40.1116 99.3099 1072.21
Index: 37.5244 49.9884 1137.86
Middle: 5.02892 49.6455 1109.35
Ring: -3.71147 43.8467 1101.23
Little: 46.7773 39.5457 1097.99
Thumb: 105.572 141.196 1143.87
Index: 109.688 119.137 1199.83
Middle: 85.5637 106.19 1199.38
Ring: 75.7467 96.8829 1204.15
Little: 19.2666 85.2303 1142.26
Thumb: 46.2574 77.6162 1111.8
Index: 14.7667 29.051 1112.25
Middle: -12.2421 53.0363 1116.29
Ring: -22.2623 45.5147 1102.33
Little: -16.4026 129.673 1112.78
Thumb: 42.5338 81.658 1102.73
Index: 7.1321 33.9904 1099.57
Middle: -21.3089 57.1084 1111.82
Ring: -21.1783 45.7951 1107.5
Little: -16.8824 139.608 1119.76
Thumb: 39.5146 82.891 1101.09
Index: 1.37647 36.9181 1105.91
Middle: -3.02722 72.9361 1116.32
Ring: -26.4974 48.9482 1103.33
Little: -20.3826 136.478 1124.34
Thumb: 38.7177 82.4085 1097.7
Index: 0.675797 36.7311 1098.63
Middle: 7.09496 80.9887 1113.44
Ring: -27.3584 48.8883 1099.52
Little: -21.6904 133.212 1122.01
Thumb: 37.7933 84.6963 1096.29
Index: 2.47935 37.5518 1093.1
Middle: 43.2729 111.306 1128.87
Ring: -26.3503 49.5534 1099.2
Little: -26.0483 119.079 1120.13
Thumb: 36.5936 83.2282 1101.45
Index: 4.05341 38.2244 1090.98
Middle: 47.6168 112.318 1124.58
Ring: -25.768 50.6172 1097.4
Little: -25.1496 114.386 1119.36
Thumb: 35.6926 83.6617 1101.25
Index: 4.59139 38.4873 1090.69
Middle: 48.4838 111.173 1121.83
Ring: -24.4301 50.2058 1095.54
Little: -23.322 114.836 1119.77
Thumb: 36.5838 80.6375 1100.78
Index: 4.12434 36.7745 1090.69
Middle: 47.8096 110.275 1120.89
Ring: -26.7926 49.2471 1092.35
Little: -25.964 108.194 1119.76
Thumb: 38.9307 76.5569 1095.81
Index: 2.22291 36.3507 1085.9
Middle: 33.3471 111.788 1164.42
Ring: -27.5828 48.2471 1088.75
Little: -25.6838 108.138 1119.15
Thumb: 58.098 67.1189 1089.4
Index: 2.05139 37.0046 1091.83
Middle: 41.9232 115.006 1161.01
Ring: -27.8385 46.0488 1091.11
Little: -22.0594 113.839 1128.14
Thumb: 61.4809 65.6712 1091.25
Index: 2.12106 37.6657 1087.02
Middle: 35.8631 108.511 1169.04
Ring: -28.4334 47.7118 1091.28
Little: -24.5856 105.481 1127.99
Thumb: 148.842 128.727 1161
Index: 0.502939 36.701 1082.75
Middle: 33.601 104.789 1166.9
Ring: -29.8735 46.4968 1089.11
Little: -27.8082 100.72 1124.5
Thumb: 61.9177 68.6172 1087.99
Index: 1.36657 40.6972 1081.96
Middle: 34.3282 104.303 1165.39
Ring: -26.295 46.9244 1083.02
Little: -23.8766 104.427 1125.74
Thumb: 56.3844 64.4913 1084.56
Index: -1.13392 37.01 1081.03
Middle: 33.4972 102.132 1161.11
Ring: -32.3001 43.6707 1079.81
Little: -35.0584 92.6319 1115.84
Thumb: 57.1265 64.2026 1075.58
Index: -3.01571 36.0996 1074.22
Middle: 36.8555 104.31 1157.69
Ring: -33.8736 43.7929 1078.88
Little: -35.5401 93.7138 1115.94
Thumb: 56.9125 64.5394 1075.36
Index: -4.37605 36.8084 1071.34
Middle: 35.8754 107.055 1155.21
Ring: -34.3745 43.8063 1074.83
Little: -39.2026 90.8154 1109.84
Thumb: 55.6906 64.3866 1073.78
Index: -4.61897 36.5167 1072.19
Middle: 32.5317 102.907 1156.74
Ring: -34.3922 43.3751 1074.98
Little: -40.6616 85.8084 1104.53
Thumb: 146.418 118.856 1127.25
Index: -5.60206 37.6139 1071.7
Middle: 33.2893 102.664 1155.36
Ring: -36.038 44.8243 1072.11
Little: -41.938 84.1787 1100.74
Thumb: 55.4215 65.5435 1068.95
Index: -4.70886 35.4518 1066.97
Middle: 29.3578 99.2856 1153.53
Ring: -33.9715 47.1293 1081.58
Little: -44.8724 81.6447 1096.89
Thumb: 56.2052 64.8601 1068.7
Index: -5.26151 35.1611 1066.47
Middle: 34.6032 104.078 1150.66
Ring: -35.247 47.7966 1081.91
Little: -44.679 82.3716 1097.56
Thumb: 57.1636 63.3037 1069.31
Index: -6.66305 34.3906 1063.81
Middle: 33.0862 102.159 1150.85
Ring: -37.3879 44.5805 1077.92
Little: -45.3473 81.722 1095.67
Thumb: 148.583 135.309 1131.24
Index: -7.25661 34.9706 1061.77
Middle: 30.7486 100.615 1152.71
Ring: -38.4509 45.0596 1075.68
Little: -47.896 78.3527 1086.35
Thumb: 158.911 119.388 1100.07
Index: -3.78965 38.9127 1063.01
Middle: 31.487 102.206 1151.59
Ring: -34.6766 47.4199 1066.86
Little: -45.1287 81.0604 1081.88
Thumb: 140.182 98.7836 1102.82
Index: -2.74553 37.1288 1063.44
Middle: 30.3649 107.102 1153.83
Ring: -34.3786 45.0779 1070.88
Little: -49.2005 82.1166 1084.81
Thumb: 157.463 114.011 1100.86
Index: -3.59524 36.5853 1063.65
Middle: 25.5776 104.263 1156
Ring: -34.6682 44.2607 1070.68
Little: -50.6207 80.0276 1081.2
Thumb: 150.329 101.641 1104.13
Index: -2.49027 37.029 1064.13
Middle: 24.7491 103.643 1157.91
Ring: -33.4166 44.8328 1071.07
Little: -49.2061 79.5845 1078.74
Thumb: 127.652 96.7205 1108.02
Index: -2.09263 36.4053 1069.54
Middle: 25.5764 103.489 1157.89
Ring: -32.7363 44.1541 1074.55
Little: -46.1147 83.5311 1084.4
Thumb: 133.316 95.3798 1112.63
Index: -1.54016 36.6968 1079.27
Middle: 27.2743 103.843 1163.38
Ring: -31.2843 42.8643 1073.33
Little: -46.8707 80.782 1086.28
Thumb: 133.885 96.3515 1116.02
Index: 0.0886593 36.3176 1081.72
Middle: 31.3635 105.133 1163.53
Ring: -29.8972 42.2717 1078.79
Little: -44.071 82.4563 1092.93
Thumb: 133.247 97.6888 1118.86
Index: 0.921088 34.6984 1084.73
Middle: 29.7449 103.026 1166.15
Ring: -29.6803 40.0211 1079.51
Little: -44.9005 78.0594 1092.94
Thumb: 133.799 99.974 1119.61
Index: 1.81725 33.9143 1086.19
Middle: 33.5337 105.096 1166.78
Ring: -29.0941 38.9393 1085.6
Little: -43.9094 75.2257 1095.89
Thumb: 134.787 100.01 1123.43
Index: 3.4102 34.3432 1097.44
Middle: 31.1551 104.118 1169.6
Ring: -27.6127 38.4237 1086.12
Little: -43.6475 75.4917 1098.15
Thumb: 134.393 101.007 1125.67
Index: 3.13546 35.2379 1107.19
Middle: 28.0453 104.201 1176.19
Ring: -28.4118 38.2063 1092.2
Little: -44.4311 76.1285 1103.34
Thumb: 133.586 99.7205 1129.82
Index: 3.26403 34.2709 1106.24
Middle: 29.3155 101.98 1178.89
Ring: -28.1498 38.3705 1093.04
Little: -41.3793 79.091 1107.87
Thumb: 128.816 97.3678 1142.7
Index: 0.495263 33.4153 1102.44
Middle: 23.9858 102.31 1184.66
Ring: -27.1891 38.7048 1092.83
Little: -42.0149 78.5048 1106.82
Thumb: 122.374 97.8671 1158.28
Index: 0.808374 32.8353 1104.14
Middle: 10.3923 96.8166 1170.8
Ring: -24.5522 37.9358 1087.05
Little: -41.527 76.4305 1098.23
Thumb: 122.187 99.0802 1159.93
Index: 1.89803 32.2257 1107.48
Middle: 12.4089 96.7129 1171.4
Ring: -26.4602 38.5414 1097.37
Little: -40.2079 78.4936 1103.27
Thumb: 127.68 101.674 1161.29
Index: 3.53014 31.8834 1115.5
Middle: 21.9366 100.158 1172.52
Ring: -22.4648 37.7015 1105.73
Little: -32.7623 90.653 1114.36
Thumb: 135.743 100.24 1145.13
Index: 2.96411 32.775 1122.1
Middle: 23.404 99.8478 1175.81
Ring: -19.8858 38.23 1117.04
Little: -28.3113 95.2697 1123.36
Thumb: 133.597 99.8271 1146.37
Index: 2.59276 32.9335 1119.48
Middle: 22.9227 97.7668 1177.59
Ring: -17.6399 36.8014 1116.26
Little: -28.5453 93.9128 1124.68
Thumb: 118.363 101.898 1165.71
Index: 3.35478 33.396 1119.85
Middle: 23.7982 115.266 1175.46
Ring: -20.6106 37.5529 1118.11
Little: -34.4019 81.62 1115.02
Thumb: 78.3462 115.155 1186.79
Index: 4.88121 34.4292 1107.51
Middle: -14.786 107.444 1153.73
Ring: -21.846 41.2849 1104.14
Little: -27.3337 84.4353 1088.67
Thumb: 59.9517 116.89 1193.21
Index: 2.90199 37.4873 1108.26
Middle: -44.7635 105.009 1141.56
Ring: -17.777 44.0924 1094.5
Little: -15.0301 89.0536 1078
Thumb: 75.6506 127.427 1221.42
Index: -2.6324 40.3472 1103.06
Middle: -49.3648 102.992 1122.77
Ring: -13.7318 42.675 1086.07
Little: -9.70422 87.2826 1072.84
Thumb: 76.385 136.418 1224.09
Index: 0.0804377 41.671 1104.25
Middle: -47.7417 105.935 1120.71
Ring: -10.7929 43.4285 1087.2
Little: -8.31009 89.0231 1065.31
Thumb: 78.8638 137.499 1224.67
Index: 2.9004 40.7854 1104.77
Middle: -45.854 106.689 1121.83
Ring: -3.73758 39.3656 1085.71
Little: -6.29951 86.1749 1064.17
Thumb: 79.9373 138.048 1224.33
Index: -35.6575 101.057 1153.66
Middle: -47.9621 103.076 1120.07
Ring: -0.382133 37.0457 1083.8
Little: -8.65846 88.2843 1064.43
Thumb: 80.5044 135.639 1226.16
Index: -34.6963 98.5119 1155.28
Middle: -45.5088 101.306 1122.45
Ring: 0.688289 35.417 1082.86
Little: -6.27289 85.3905 1066.76
Thumb: 87.6539 83.7187 1026.02
Index: 102.937 93.7186 1095.6
Middle: 94.7002 105.837 1149.48
Ring: -1.1588 29.4804 1089.32
Little: 2.18457 54.4274 1106.02
Thumb: 58.3164 100.111 1009.08
Index: 101.567 101.539 1095.34
Middle: 98.89 113.837 1140
Ring: -1.85002 28.1446 1106.22
Little: 1.76739 51.8832 1123.42
Thumb: 97.4396 113.798 1007.02
Index: 102.129 107.868 1102.57
Middle: 96.8838 122.89 1144.4
Ring: 3.99119 27.3275 1113.11
Little: 2.40209 51.5153 1127.21
Thumb: 114.206 122.654 1016.27
Index: 98.5001 111.38 1110.6
Middle: 84.9414 125.19 1139.58
Ring: 5.27438 20.3944 1105.79
Little: -2.46187 43.538 1116.08
Thumb: 117.701 125.501 1023.05
Index: 102.47 120.878 1122.21
Middle: 78.8297 131.477 1139.34
Ring: 11.4576 19.3879 1109.22
Little: 2.0854 42.3826 1116.15
Thumb: 114.708 113.673 1053.23
Index: 98.3046 121.472 1132.3
Middle: 80.1174 120.63 1172.48
Ring: 13.6827 18.3106 1116.52
Little: 2.8799 41.9863 1116.01
Thumb: 100.576 109.193 1051.73
Index: 88.1019 125.331 1138.92
Middle: 69.3456 108.468 1185.95
Ring: 21.652 26.924 1153.48
Little: -2.13875 40.4653 1122.5
Thumb: 97.9459 100.028 1121.39
Index: 81.3589 135.401 1130.36
Middle: 63.7778 106.629 1189.45
Ring: 18.1257 26.7003 1154.3
Little: -4.34244 40.2306 1123.96
Thumb: 82.4221 89.7719 1111.04
Index: 79.8928 134.17 1132.09
Middle: 52.661 102.13 1192.27
Ring: 22.5365 57.9096 1182.58
Little: -3.67403 41.8101 1119.46
Thumb: 79.4213 91.4393 1113.81
Index: 71.0686 125.803 1118.62
Middle: 49.5804 99.706 1193.42
Ring: 26.2812 99.6652 1191.2
Little: -3.98929 42.106 1118.84
Thumb: 78.133 92.6735 1111.23
Index: 59.0349 97.5082 1134.85
Middle: 42.8628 104.112 1195.23
Ring: 19.561 103.443 1192.59
Little: -9.45382 44.6541 1121.41
Thumb: 96.0997 106.508 1112.3
Index: 56.8666 96.2408 1134.38
Middle: 40.9099 106.098 1194.24
Ring: 17.6679 109.708 1190.6
Little: -11.4549 47.1325 1119.97
Thumb: 110.262 117.723 1107.23
Index: 54.3806 93.7769 1126.89
Middle: 42.5641 104.648 1192.67
Ring: 19.2687 105.071 1190.38
Little: -11.4338 47.5661 1118.82
Thumb: 107.669 116.523 1109.62
Index: 53.4959 92.3731 1126.13
Middle: 41.6729 102.964 1191.94
Ring: 18.3916 102.917 1189.57
Little: -10.9617 45.2443 1117.6
Thumb: 103.498 115.043 1110.99
Index: 52.4993 92.2641 1126.33
Middle: 40.2188 107.124 1191.23
Ring: 17.0383 103.815 1189.25
Little: -12.0286 45.2272 1117.88
Thumb: 103.165 115.305 1113.6
Index: 52.949 86.8648 1148.09
Middle: 37.6332 103.916 1192.02
Ring: 14.4384 104.145 1188.86
Little: -13.2858 46.2521 1116.42
Thumb: 107.972 107.378 1110.56
Index: 52.6495 83.441 1146.11
Middle: 31.3195 94.2182 1193.08
Ring: 8.9134 100.845 1188.9
Little: -3.78571 53.6225 1112.92
Thumb: 114.334 112.262 1100.44
Index: 52.023 83.3878 1143.87
Middle: 31.3852 100.133 1190.93
Ring: 8.38478 102.288 1186.9
Little: -20.6807 46.6835 1114.71
Thumb: 114.372 116.058 1103.08
Index: 54.9762 101.285 1149.83
Middle: 29.9075 105.816 1192.02
Ring: 6.92035 105.215 1187.4
Little: -17.6343 46.8329 1114.49
Thumb: 116.779 119.153 1102.68
Index: 53.2997 94.9401 1156.64
Middle: 28.7096 108.6 1192.17
Ring: 5.72371 105.268 1187.62
Little: -17.6875 46.6703 1114.56
Thumb: 115.962 120.46 1103.54
Index: 53.8664 97.2611 1155.16
Middle: 12.5721 10.41 1114.55
Ring: 5.8152 105.258 1187.34
Little: -16.5395 46.0815 1114.01
Thumb: 120.66 126.403 1095.72
Index: 54.7649 101.809 1153.73
Middle: 11.6952 11.7569 1114.71
Ring: 6.09459 106.557 1187.36
Little: -16.0848 47.4471 1114.06
Thumb: 115.59 123.042 1101.41
Index: 53.062 99.6564 1155.49
Middle: 11.6601 11.8924 1114.46
Ring: 4.97165 106.272 1187.32
Little: -15.9651 47.0387 1113.81
Thumb: 118.528 126.883 1100.23
Index: 53.5936 102.541 1155.5
Middle: 11.7299 11.7571 1115.13
Ring: 4.45487 106.562 1187.5
Little: -15.7262 46.8533 1114.47
Thumb: 115.417 121.366 1104
Index: 54.2357 103.051 1155.69
Middle: 11.7419 11.4409 1115.1
Ring: 3.7915 108.714 1187.81
Little: -15.7522 46.4874 1114.35
Thumb: 116.248 123.118 1102.9
Index: 54.3919 103.461 1155.85
Middle: 12.1721 11.359 1115.84
Ring: 3.64419 109.668 1188.1
Little: -15.5284 46.329 1115.24
Thumb: 117.259 122.741 1101.71
Index: 55.3158 101.778 1155.69
Middle: 14.229 12.851 1120.6
Ring: 5.23443 109.696 1187.85
Little: -14.6659 46.5726 1115.73
Thumb: 118.17 123.915 1102.48
Index: 55.4069 102.081 1156.11
Middle: 14.2034 14.022 1124.37
Ring: 5.1885 111.021 1188.08
Little: -14.7301 46.565 1116.75
Thumb: 121.422 132.383 1100.16
Index: 52.4266 79.5479 1176.51
Middle: 15.6092 15.5361 1124.11
Ring: 6.21124 107.565 1187.98
Little: -13.3353 47.0837 1115.68
Thumb: 118.576 126.851 1098.55
Index: 54.1249 87.0145 1176.29
Middle: 16.5146 20.1058 1129.15
Ring: 6.62472 106.433 1188.21
Little: -13.5493 47.0707 1115.59
Thumb: 120.305 131.749 1092.03
Index: 56.9523 83.8311 1176.7
Middle: 15.7075 20.9565 1130.63
Ring: 9.87813 105.745 1189.13
Little: -10.5061 46.5314 1116.52
Thumb: 123.182 151.303 1089.1
Index: 57.7451 87.7191 1178.49
Middle: 15.3547 23.0072 1130.78
Ring: 12.0176 105.413 1189.33
Little: -10.8186 48.9454 1116.63
Thumb: 124.076 145.127 1094.22
Index: 54.2826 83.5263 1179.54
Middle: 14.7992 23.8486 1130.89
Ring: 8.07665 108.897 1189.17
Little: -9.7623 49.5712 1115.58
Thumb: 125.955 149.253 1091.13
Index: 57.0814 84.42 1178.05
Middle: 16.2884 25.7588 1130.26
Ring: 11.6196 110.747 1188.86
Little: -7.50666 51.5582 1115.81
Thumb: 125.48 155.644 1089.66
Index: 58.5688 87.2365 1178.4
Middle: 18.1474 26.4891 1130.27
Ring: 12.605 111.755 1188.97
Little: -5.8995 52.2839 1115.57
Thumb: 129.172 142.343 1100.27
Index: 60.9936 86.2837 1178.8
Middle: 22.5345 25.2656 1130.92
Ring: 14.4632 107.885 1189.23
Little: -2.76405 50.4794 1115.46
Thumb: 132.227 141.698 1095.77
Index: 64.1552 87.5948 1178.32
Middle: 27.8244 25.6195 1127.85
Ring: 16.9909 114.651 1187.15
Little: -0.640054 52.2731 1115.26
Thumb: 138.08 153.954 1093
Index: 68.3294 88.5682 1178.69
Middle: 32.7352 28.6616 1125.64
Ring: 18.9513 119.776 1186.33
Little: 4.65953 55.0837 1110.86
Thumb: 142.479 149.352 1115.55
Index: 75.7508 91.7322 1178.25
Middle: 35.4966 30.5602 1123
Ring: 26.2655 113.191 1187.27
Little: 11.0338 57.3367 1108.39
