Thumb: 32.9554 91.7207 1121.92
Index: -64.5745 28.1944 1098.23
Middle: -101.42 40.8207 1097.63
Ring: -124.543 62.0639 1082.41
Little: -141.773 103.039 1080.87
Thumb: 36.9244 91.0653 1108.3
Index: -72.7674 36.874 1100.11
Middle: -103.529 43.2361 1086.64
Ring: -124.715 63.2436 1090.03
Little: -137.219 96.4388 1081.76
Thumb: 26.0489 87.2304 1107.94
Index: -68.8701 40.2755 1102.07
Middle: -104.279 42.2409 1088.19
Ring: -127.01 62.1588 1083.03
Little: -129.345 108.378 1098.37
Thumb: 25.4546 84.6894 1108.23
Index: -75.5357 45.3756 1108.19
Middle: -112.702 44.4461 1092.74
Ring: -128.997 58.0846 1084.09
Little: -120.287 120.321 1105.72
Thumb: 22.7921 86.3601 1112.49
Index: -81.4989 38.0971 1097.57
Middle: -114.054 44.638 1092.45
Ring: -130.238 58.803 1086.54
Little: -120.445 120.981 1107.94
Thumb: 11.478 86.3984 1112.36
Index: -84.3385 35.606 1098.53
Middle: -115.085 44.0301 1096.89
Ring: -131.717 58.2698 1093.24
Little: -119.181 122.186 1110.67
Thumb: 3.60708 88.994 1110.18
Index: -85.6518 35.664 1098.08
Middle: -115.213 42.5818 1099.41
Ring: -132.511 55.0595 1091.76
Little: -123.206 118.308 1108.89
Thumb: -0.164095 89.5856 1106.11
Index: -89.3239 34.3756 1090.25
Middle: -115.124 45.9886 1099.67
Ring: -130.642 59.587 1100.33
Little: -121.689 123.183 1098.35
Thumb: -2.1517 88.7941 1108.18
Index: -90.5392 35.34 1092.34
Middle: -117.345 45.109 1099.47
Ring: -131.535 60.9559 1101.91
Little: -121.276 123.371 1099.45
Thumb: -7.41496 91.1014 1117.5
Index: -94.8515 39.1726 1094.32
Middle: -119.957 45.7499 1094.61
Ring: -129.772 60.9388 1104.79
Little: -120.441 125.428 1101.57
Thumb: -10.2627 91.0432 1117.07
Index: -96.0677 39.2413 1094.48
Middle: -123.337 45.7441 1092.43
Ring: -131.157 60.7112 1103.49
Little: -143.567 93.4219 1099.9
Thumb: -12.3628 88.6939 1115.78
Index: -95.4512 38.8283 1096.01
Middle: -123.143 44.0366 1095.59
Ring: -131.088 59.7334 1106.5
Little: -141.225 95.7006 1109.09
Thumb: -11.0782 86.3405 1114.94
Index: -96.195 38.2459 1094.08
Middle: -119.854 41.4836 1098.06
Ring: -127.341 60.7153 1113.28
Little: -142.672 94.1243 1103.86
Thumb: -9.67208 89.0895 1114.56
Index: -90.6293 36.8678 1096.17
Middle: -114.655 39.6379 1099.88
Ring: -123.509 58.2364 1111.22
Little: -137.939 92.7972 1109.06
Thumb: -8.98541 85.6642 1111.31
Index: -86.7272 35.4083 1094.41
Middle: -109.929 39.522 1102.04
Ring: -114.52 57.5217 1109.17
Little: -128.18 88.2153 1109.07
Thumb: -2.96017 88.6767 1111.1
Index: -76.1715 33.7656 1095.66
Middle: -101.272 35.4992 1100.88
Ring: -106.136 57.341 1117.1
Little: -121.02 85.4381 1107.77
Thumb: 1.26482 88.8941 1108.36
Index: -68.1914 34.4177 1096.22
Middle: -93.2021 34.8206 1100.67
Ring: -97.9564 55.5753 1116.34
Little: -112.307 84.671 1108.06
Thumb: 6.73277 84.4172 1104.1
Index: -53.5788 36.4699 1106.37
Middle: -85.596 32.8235 1103.18
Ring: -92.2688 50.6982 1115.89
Little: -107.955 79.1444 1108.73
Thumb: 16.2638 88.4252 1104.93
Index: -54.2003 28.7963 1094.11
Middle: -73.9481 33.2249 1102.69
Ring: -82.3419 48.0196 1112.02
Little: -98.7211 82.9742 1110.23
Thumb: 23.2323 90.4485 1109.07
Index: -45.9972 26.2657 1094.06
Middle: -62.616 28.865 1102.88
Ring: -78.8994 45.5046 1106.73
Little: -94.533 83.3945 1104.25
Thumb: 36.0893 89.5118 1104.29
Index: -32.4617 34.3995 1103.4
Middle: -54.0674 26.5332 1100.95
Ring: -66.7843 42.9761 1108.45
Little: -80.6544 79.3796 1103.24
Thumb: 43.9123 88.7133 1104.43
Index: -25.9078 30.4451 1100.74
Middle: -48.0715 24.5658 1100.47
Ring: -63.5878 42.431 1107.32
Little: -75.0687 74.8945 1103.26
Thumb: 52.5835 97.5072 1115.46
Index: -16.2066 29.7539 1103.79
Middle: -45.0232 24.5396 1102.1
Ring: -55.603 38.7406 1106.01
Little: -66.9081 71.1393 1105.76
Thumb: 53.146 93.8411 1118.32
Index: -13.8996 28.885 1101.05
Middle: -37.7277 25.0731 1100.46
Ring: -47.276 41.1673 1105
Little: -60.2942 74.6195 1103.33
Thumb: 63.4447 94.2081 1124.46
Index: -8.37967 24.1072 1102.35
Middle: -33.6141 21.8181 1102.3
Ring: -38.9582 40.3832 1111.37
Little: -52.2664 69.0795 1103.63
Thumb: 73.4616 94.5061 1120.43
Index: -2.1164 19.4221 1104.62
Middle: -24.5432 15.9234 1103.36
Ring: -34.5502 34.3265 1109.11
Little: -46.6764 62.2829 1108.52
Thumb: 75.0218 92.7978 1118.4
Index: 11.5453 24.001 1110.85
Middle: -13.8687 13.3757 1103.8
Ring: -29.1552 30.7307 1106.43
Little: -40.9327 60.4387 1105.93
Thumb: 82.7543 88.8803 1115.03
Index: 19.7039 19.4808 1109.23
Middle: -12.4411 7.75521 1092.29
Ring: -20.1696 29.1233 1105.95
Little: -33.6735 60.0176 1104.7
Thumb: 90.0055 90.3441 1116.45
Index: 30.1361 15.117 1105.76
Middle: -0.955352 8.05324 1102.14
Ring: -17.0451 25.5765 1106.64
Little: -33.6268 57.6244 1108.09
Thumb: 100.569 87.3072 1111.43
Index: 38.3943 15.2688 1101.58
Middle: 5.62176 7.19964 1098.29
Ring: -10.7569 25.3763 1102.01
Little: -27.0579 57.3043 1104.01
Thumb: 108.686 89.0955 1114.87
Index: 47.6103 16.0947 1105.26
Middle: 11.9845 6.42139 1099.42
Ring: -4.83471 22.9603 1097.83
Little: -22.9917 57.4866 1107.33
Thumb: 116.865 92.5966 1115.59
Index: 54.217 13.6996 1100.7
Middle: 19.8259 5.49931 1095.68
Ring: 1.73728 20.8536 1096.86
Little: -17.0928 54.7465 1108.86
Thumb: 125.056 100.575 1119.54
Index: 62.7362 17.0689 1101.45
Middle: 29.2201 9.86946 1099.7
Ring: 12.0692 26.1765 1100.21
Little: -9.33592 54.6156 1103.97
Thumb: 132.112 96.6766 1119.45
Index: 65.8298 11.322 1098.22
Middle: 33.0297 7.24854 1094.54
Ring: 16.299 25.4923 1097.9
Little: -4.40387 52.9283 1097.6
Thumb: 139.132 97.3903 1123.99
Index: 69.4465 11.6373 1092.61
Middle: 35.5119 7.0544 1087.65
Ring: 20.9127 29.3608 1097.82
Little: -0.0567479 56.0016 1099.12
Thumb: 143.525 98.9236 1124.18
Index: 72.6294 13.608 1099.81
Middle: 39.2856 7.1691 1088.73
Ring: 24.6801 30.746 1099.15
Little: -1.89766 46.1503 1089.71
Thumb: 150.203 97.4591 1122.59
Index: 82.4148 22.1206 1102.43
Middle: 44.9358 2.07374 1087.9
Ring: 30.3335 27.8376 1098.82
Little: 1.10179 41.1086 1094.24
Thumb: 154.219 100.046 1120.82
Index: 86.183 22.4349 1103.41
Middle: 47.144 -0.480135 1078.25
Ring: 32.5732 24.9359 1100.75
Little: 3.34624 38.4588 1094.08
Thumb: 159.222 104.05 1121.47
Index: 90.1126 24.8064 1107.02
Middle: 52.3476 -0.874506 1080.57
Ring: 37.2092 27.0168 1102.19
Little: 16.8972 71.6424 1138.44
Thumb: 164.133 101.603 1115.38
Index: 91.2014 14.9876 1108.74
Middle: 53.1433 -3.44639 1081.71
Ring: 39.6045 25.7031 1104.03
Little: 27.5842 97.2562 1144.31
Thumb: 166.316 104.286 1116.53
Index: 92.3777 16.8534 1107.3
Middle: 55.5032 -1.76702 1079.82
Ring: 50.953 64.2861 1105.19
Little: 26.3731 96.202 1142.67
Thumb: 165.068 100.27 1119.37
Index: 92.4826 22.5685 1107.39
Middle: 54.4105 -0.254097 1079.73
Ring: 51.5782 64.2789 1106.04
Little: 25.9543 90.7755 1142.65
Thumb: 166.335 100.68 1121.29
Index: 89.974 19.5171 1107.09
Middle: 53.0621 -0.70532 1083.45
Ring: 60.147 99.2212 1113.83
Little: 23.0719 90.1865 1141.26
Thumb: 167.517 99.6564 1117.66
Index: 86.8732 19.9822 1107.13
Middle: 49.2502 1.10476 1084.36
Ring: 57.5237 95.9112 1115.54
Little: 22.4545 93.8199 1141.58
Thumb: 159.687 101.953 1113.42
Index: 84.8244 22.8438 1107.53
Middle: 44.631 4.31531 1083.47
Ring: 58.0979 95.8941 1118.9
Little: 24.0127 94.3611 1143.16
Thumb: 158.41 99.7746 1115.94
Index: 79.9942 22.8086 1106.85
Middle: 40.0983 5.23614 1080.38
Ring: 55.779 99.9895 1115.75
Little: 20.0105 96.6765 1141.18
Thumb: 156.327 93.8421 1120.51
Index: 73.1631 29.4252 1110.81
Middle: 34.4897 9.23529 1083.46
Ring: 51.4731 104.633 1114.11
Little: 13.8532 102.692 1137.41
Thumb: 150.145 93.0458 1122.68
Index: 70.6052 30.8694 1108.79
Middle: 32.2253 9.46744 1083.1
Ring: 47.7838 105.772 1113.44
Little: 19.9479 49.8563 1086.34
Thumb: 144.255 91.638 1120.4
Index: 65.2871 30.9555 1106.48
Middle: 24.1633 10.9779 1084.81
Ring: 43.9284 107.187 1112.58
Little: 14.3238 50.804 1086.14
Thumb: 140.382 89.8084 1122.81
Index: 57.5045 26.8431 1105.46
Middle: 17.0728 12.9167 1084.22
Ring: 40.3648 107.636 1111.17
Little: 9.43379 52.6837 1084.36
Thumb: 132.711 93.1544 1120.04
Index: 52.756 29.6408 1105.27
Middle: 12.6602 15.597 1077.62
Ring: 33.9708 107.023 1113.18
Little: 3.47293 55.1495 1086.6
Thumb: 123.785 95.9283 1124.48
Index: 44.2213 32.209 1108.06
Middle: 6.47301 16.998 1082.35
Ring: 26.6082 111.622 1113.08
Little: -2.98348 57.4651 1084.25
Thumb: 116.507 94.0488 1127.2
Index: 35.521 28.354 1109.49
Middle: -1.17185 14.4779 1081.67
Ring: 19.0312 108.889 1112.72
Little: -8.98374 54.2912 1080.43
Thumb: 104.901 93.6939 1131.23
Index: 30.032 30.3765 1114.16
Middle: -8.55884 15.192 1087.2
Ring: 14.272 109.877 1113.4
Little: -15.0547 54.8668 1082.63
Thumb: 101.016 92.6892 1134.35
Index: 22.8898 33.7428 1116.88
Middle: -15.5319 19.8835 1087.07
Ring: 10.5792 114.34 1115.25
Little: -20.2373 59.5084 1084.59
Thumb: 92.8307 96.3685 1130.9
Index: 18.8696 38.3095 1122.92
Middle: -20.9354 19.1438 1093.04
Ring: 3.42293 115.313 1116.52
Little: -28.3432 59.5095 1089.34
Thumb: 89.6709 92.9607 1125.42
Index: 18.0855 42.014 1129.13
Middle: -25.7163 19.2221 1087.56
Ring: -0.901252 113.73 1121.1
Little: -36.1767 63.1912 1099.41
Thumb: 85.6195 94.0608 1132.5
Index: 14.1835 44.4877 1134.23
Middle: -27.2879 19.419 1092.9
Ring: -9.6609 115.088 1142.75
Little: -40.8842 62.6984 1098.79
Thumb: 87.2394 96.6773 1138.94
Index: 7.95602 43.1286 1139.32
Middle: -31.6499 17.188 1097.29
Ring: -22.1339 108.51 1157.03
Little: -44.4762 58.1718 1096.73
Thumb: 70.8619 104.687 1150.11
Index: -1.61299 56.4716 1157.72
Middle: -34.8817 13.1805 1098.09
Ring: -36.6262 109.944 1150.85
Little: -68.3296 108.345 1142.97
Thumb: 26.3435 105.888 1177.28
Index: -51.728 61.9017 1155.54
Middle: -42.9064 6.52781 1105.45
Ring: -80.1294 104.308 1141.97
Little: -81.6805 115.571 1105.55
Thumb: 60.4945 151.037 1211.53
Index: -69.3582 57.8674 1141.69
Middle: -48.5924 1.81065 1102.9
Ring: -97.2399 87.5629 1115.54
Little: -80.4581 109.207 1077.56
Thumb: 49.5129 203.368 1206.4
Index: -69.6545 57.6066 1141.36
Middle: -57.4908 8.67406 1107.8
Ring: -96.7124 87.6046 1111.09
Little: -78.767 86.1024 1081.5
Thumb: 43.9309 176.495 1222.46
Index: -62.7897 44.6376 1138.41
Middle: -62.8955 9.69869 1112.27
Ring: -99.5154 85.936 1108.23
Little: -79.3381 83.9194 1080.36
Thumb: 8.67868 162.709 1232.81
Index: -64.7844 44.4119 1133.55
Middle: -65.6345 13.4388 1113.24
Ring: -102.388 92.3102 1108.91
Little: -82.2758 88.753 1081.43
Thumb: 5.97193 161.398 1237.71
Index: -86.7359 67.0695 1138.94
Middle: -68.9492 15.107 1108.51
Ring: -103.767 97.9893 1107.05
Little: -82.8329 94.8682 1078.91
Thumb: -76.4205 165.218 1192.42
Index: -59.2626 109.314 1156.68
Middle: -65.4547 25.4175 1100.18
Ring: -102.487 104.944 1109.49
Little: -81.7325 102.256 1079.38
Thumb: -7.90443 233.696 1156.79
Index: 60.9687 187.623 1104.35
Middle: 97.2144 187.601 1123.79
Ring: 77.2748 143.132 1136.66
Little: 70.9068 119.643 1104.01
Thumb: -6.35592 240.991 1139.31
Index: 65.4758 177.183 1105.91
Middle: 101.049 177.516 1124.38
Ring: 74.0801 135.763 1143.41
Little: 65.2132 108.33 1114.45
Thumb: -2.75241 227.54 1124.18
Index: 55.4761 149.813 1100.49
Middle: 78.5152 123.077 1134.63
Ring: 53.3712 116.412 1150.15
Little: 16.2893 83.7839 1142
Thumb: -13.8319 231.975 1122.39
Index: 55.5276 159.951 1104.53
Middle: 74.0546 133.285 1143.2
Ring: 49.3247 122.229 1155.51
Little: 14.5516 90.4777 1144.58
Thumb: -15.4528 229.81 1127.11
Index: 52.7762 160.614 1113.71
Middle: 67.6801 135.532 1154.83
Ring: 41.4367 124.373 1164.57
Little: 8.6504 91.5998 1149.6
Thumb: -19.8304 244.611 1125.48
Index: 52.8123 161.313 1116.99
Middle: 82.6679 113.461 1070.34
Ring: 54.9893 122.48 1156.75
Little: -4.0612 96.428 1151.68
Thumb: -23.7629 249.554 1116.83
Index: 51.4304 155.364 1121.28
Middle: 78.9396 113.637 1106.7
Ring: 62.9316 123.165 1149.22
Little: -8.76536 96.6633 1154.93
Thumb: -23.3337 247.865 1115.99
Index: 48.5839 154.84 1125.42
Middle: 71.9622 135.148 1128.13
Ring: -0.654507 131.708 1178.01
Little: -14.5949 98.2021 1157.89
Thumb: -31.9949 253.599 1109.31
Index: 50.9412 156.324 1128.05
Middle: 66.9693 140.066 1135.18
Ring: -5.93906 133.035 1178.31
Little: -12.3173 97.6754 1162.23
Thumb: -25.8756 249.385 1109.78
Index: 21.3975 178.894 1145.89
Middle: 76.4346 136.032 1120.07
Ring: -3.23408 133.22 1181.63
Little: -15.3819 98.4097 1162.87
Thumb: -29.2136 249.919 1105.27
Index: 24.792 177.01 1152.99
Middle: 91.5227 131.871 1101.27
Ring: -5.35767 133.383 1181.8
Little: -15.4289 99.2511 1163.19
Thumb: -29.4567 250.749 1097.61
Index: 58.5154 149.003 1151.49
Middle: 91.5115 130.365 1108.49
Ring: -5.81439 134.244 1182.8
Little: -6.39487 100.586 1166.64
Thumb: -30.5441 252.107 1094.9
Index: 62.6053 146.479 1141.58
Middle: 91.7896 133.784 1108.55
Ring: -5.12846 136.513 1181.34
Little: -6.6627 102.709 1165.1
Thumb: -40.2423 271.231 1086.52
Index: 67.2769 140.094 1126.69
Middle: 89.0768 130.252 1114.27
Ring: -5.81013 138.213 1180.87
Little: -9.38958 104.266 1164.22
Thumb: -37.7957 271.603 1081.93
Index: 67.5699 138.463 1125.65
Middle: 90.4551 129.245 1106.33
Ring: -5.23081 139.204 1179.69
Little: -11.594 105.353 1163.62
Thumb: -35.7415 270.794 1083.32
Index: 67.6654 136.483 1123.57
Middle: 90.3257 137.679 1104.77
Ring: -7.5904 137.876 1176.5
Little: -11.2589 104.196 1160.52
Thumb: -34.9692 270.537 1077.66
Index: 51.3558 150.522 1129.59
Middle: 91.979 135.188 1103.51
Ring: -2.29067 136.168 1175.71
Little: -9.93799 102.738 1158.59
Thumb: -36.7315 270.748 1079.58
Index: 57.2702 147.284 1125.38
Middle: 92.5663 138.484 1100.19
Ring: 0.848589 136.595 1173.98
Little: -9.14722 102.939 1156.49
Thumb: -36.9691 270.349 1075.12
Index: 44.4559 157.45 1126.24
Middle: 83.8695 142.38 1118.22
Ring: -3.22519 135.986 1172.25
Little: -8.97195 102.752 1154.61
Thumb: -37.4638 270.689 1072.99
Index: 54.8401 149.253 1121.95
Middle: 66.4042 152.759 1133.63
Ring: -0.822534 135.843 1170.55
Little: -7.79407 102.645 1152.74
Thumb: -29.8545 256.306 1078.06
Index: 61.6494 144.336 1116.56
Middle: 72.5792 156.533 1128.44
Ring: 1.40629 135.909 1168.36
Little: -6.52525 102.738 1150.45
Thumb: -30.9071 269.084 1071.3
Index: 60.6663 147.631 1110.63
Middle: 74.4437 159.002 1127.59
Ring: 1.62828 139.341 1168.39
Little: -5.86689 106.012 1150.83
Thumb: -32.6249 269.571 1070.28
Index: 63.5454 149.437 1106.33
Middle: 46.7855 161.909 1152.76
Ring: 6.40383 139.43 1167.1
Little: -1.36486 106.057 1149.41
Thumb: -28.1072 261.715 1075.74
Index: 45.076 168.722 1139.02
Middle: 39.0416 162.191 1153.29
Ring: 7.68497 139.531 1167.62
Little: -4.19203 105.102 1149.79
Thumb: -29.8888 265.32 1076.89
Index: 48.7478 169.649 1131.92
Middle: 40.3447 165.655 1151.16
Ring: 9.53323 143.319 1167.85
Little: 2.37638 109.249 1151.26
Thumb: -27.5989 265.383 1076.4
Index: 74.49 155.196 1129.8
Middle: 85.9004 142.91 1135.98
Ring: 11.8824 146.776 1168.84
Little: 5.27812 112.267 1152.87
Thumb: -32.0209 272.417 1071.94
Index: 75.7378 156.56 1131.44
Middle: 58.6741 157.992 1163.89
Ring: 13.1742 147.545 1170.38
Little: 7.16294 112.973 1154.84
Thumb: -34.3074 270.502 1072.67
Index: 77.4289 157.346 1130.81
Middle: 70.9343 147.357 1140.39
Ring: 16.5268 147.051 1170.79
Little: 10.2646 112.204 1155.57
Thumb: -39.6171 272.297 1070.62
Index: 72.3369 163.484 1134.32
Middle: 74.8279 149.395 1138.75
Ring: 18.1191 148.708 1170.68
Little: 12.0986 113.581 1155.98
Thumb: -41.1013 271.404 1072.84
Index: 71.9081 172.75 1138.76
Middle: 86.7249 148.161 1126.5
Ring: 21.8585 150.106 1171.57
Little: 12.0894 113.375 1156.86
Thumb: -42.4872 267.81 1076.11
Index: 19.9816 204.866 1160.17
Middle: 82.5745 146.35 1133.22
Ring: 26.1306 150 1174.11
Little: 20.147 113.52 1158.34
Thumb: -24.1917 262.55 1085.09
Index: 40.6661 191.622 1158.56
Middle: 92.4399 142.379 1131.92
Ring: 34.4321 142.542 1177.53
Little: 28.7685 107.273 1161.22
Thumb: -16.4831 259.795 1094.62
Index: 42.4626 188.15 1160.76
Middle: 91.3107 136.593 1140.02
Ring: 38.2617 137.543 1180.1
Little: 32.0902 102.842 1163.4
Thumb: -8.71519 260.213 1094.61
Index: 50.2896 184.815 1165.15
Middle: 91.395 149.399 1143.29
Ring: 45.7924 133.876 1180.42
Little: 46.0477 100.942 1162.22
Thumb: -7.11774 259.554 1096.09
Index: 50.9562 189.147 1164.31
Middle: 92.1895 154.204 1146.03
Ring: 47.6959 138.486 1181.41
Little: 45.3693 103.862 1165.1
Thumb: 4.09489 256.204 1096.03
Index: 56.1362 188.426 1168.16
Middle: 97.1931 154.967 1145.87
Ring: 53.5289 136.882 1181.86
Little: 50.7913 102.167 1165.09
Thumb: 6.64665 251.625 1101.56
Index: 56.2662 191.041 1168.51
Middle: 90.6284 157.918 1145.97
Ring: 58.1956 138.401 1182.02
Little: 56.9261 103.352 1165.75
Thumb: 9.58402 254.618 1100.33
Index: 68.4834 190.494 1170.87
Middle: 104.134 163.128 1154.39
Ring: 64.044 140.933 1181.89
Little: 61.1707 104.64 1165.84
Thumb: 15.6035 252.144 1093.56
Index: 72.2803 191.072 1168.63
Middle: 77.907 161.136 1166.31
Ring: 70.5852 140.569 1180.68
Little: 66.84 103.716 1165.44
Thumb: 15.9939 249.465 1094.73
Index: 76.6808 192.153 1167.1
Middle: 79.466 163.011 1165.84
Ring: 76.1879 142.269 1179.31
Little: 75.6092 106.109 1164.11
Thumb: 22.4656 250.818 1089.54
Index: 78.456 192.411 1168.58
Middle: 112.969 167.9 1167.44
Ring: 80.0678 140.895 1179.79
Little: 80.5656 105.437 1163.75
Thumb: 10.2485 253.36 1096.06
Index: 85.3731 190.619 1170.64
Middle: 77.9555 160.426 1179.2
Ring: 87.174 139.772 1180.56
Little: 76.7628 97.8674 1152.2
Thumb: 23.588 247.366 1094.21
Index: 84.4047 193.383 1171.3
Middle: 84.9776 160.831 1179.84
Ring: 90.0132 139.31 1180.84
Little: 90.9287 103.475 1160.66
Thumb: 29.3691 250.003 1094.09
Index: 92.8493 193.237 1171.4
Middle: 92.2301 163.121 1181.09
Ring: 99.3183 141.568 1180.7
Little: 104.508 107.691 1162.88
Thumb: 52.0077 224.48 1099.84
Index: 105.931 190.598 1169.84
Middle: 105.443 163.445 1184.65
Ring: 104.778 140.231 1179.92
Little: 105.719 104.689 1163.56
Thumb: 60.3044 217.562 1104.25
Index: 108.365 191.05 1168.25
Middle: 111.453 163.577 1184.17
Ring: 107.732 139.878 1180.31
Little: 110.303 104.167 1164.34
Thumb: 72.485 213.834 1103.36
Index: 106.772 190.052 1171.4
Middle: 114.482 160.237 1186
Ring: 114.695 137.264 1181.27
Little: 111.168 100.235 1163.92
Thumb: 68.7676 222.742 1112.21
Index: 114.816 190.879 1169.24
Middle: 120.026 161.428 1184.64
Ring: 117.703 138.303 1180.99
Little: 116.224 102.806 1165.23
Thumb: 78.8674 229.694 1098.13
Index: 138.267 182.9 1162.29
Middle: 145.502 151.002 1175.94
Ring: 132.993 131.627 1174.95
Little: 145.974 101.31 1146.52
Thumb: 72.4367 240.568 1109.27
Index: 144.646 185.544 1155.04
Middle: 153.143 146.459 1146.4
Ring: 139.773 135.224 1168.61
Little: 155.655 106.147 1127.05
Thumb: 91.933 233.856 1101.42
Index: 150.884 189.39 1151.09
Middle: 149.879 155.557 1148.39
Ring: 146.454 139.538 1166.34
Little: 154.559 108.752 1131.13
Thumb: 100.367 232.936 1102.36
Index: 174.707 171.332 1124.75
Middle: 182.095 140.415 1134
Ring: 149.559 138.971 1159.53
Little: 134.912 104.38 1140.49
Thumb: 102.183 243.326 1096.11
Index: 177.161 167.465 1117.09
Middle: 188.892 135.149 1113.54
Ring: 154.733 139.12 1154
Little: 152.116 106.363 1122.42
Thumb: 109.685 238.326 1105.28
Index: 177.507 168.268 1103.3
Middle: 188.067 140.579 1103.63
Ring: 180.893 123.261 1088.24
Little: 154.142 110.243 1113.8
Thumb: 103.62 242.649 1106.57
Index: 166.903 188.483 1123.65
Middle: 187.963 143.97 1098.53
Ring: 179.796 128.874 1099.52
Little: 131.334 108.328 1131.45
Thumb: 106.199 233.621 1101.84
Index: 156.041 199.369 1133.24
Middle: 186.43 144.033 1092.56
Ring: 147.693 145.599 1148.36
Little: 121.888 106.526 1129.76
Thumb: 107.621 234.461 1107.56
Index: 156.657 198.978 1132.03
Middle: 180.224 151.64 1104.63
Ring: 157.02 143.04 1141.52
Little: 121.108 105.907 1127.93
Thumb: 110.339 232.371 1106.65
Index: 129.402 209.73 1132.21
Middle: 173.837 155.138 1112.8
Ring: 149.545 141.423 1145.5
Little: 117.693 105.628 1127.94
Thumb: 114.68 249.367 1104.45
Index: 125.389 207.979 1127.99
Middle: 178.227 138.086 1074.54
Ring: 149.517 147.9 1036.74
Little: 119.025 104.845 1122.33
Thumb: 121.652 256.404 1112.2
Index: 119.78 210.902 1117.24
Middle: 172.484 144.216 1058.15
Ring: 144.08 165.89 1032.83
Little: 118.493 112.767 1117.41
Thumb: 121.56 263.576 1114.1
Index: 127.305 207.035 1112.88
Middle: 168.845 143.856 1054.91
Ring: 141.737 166.412 1033.96
Little: 126.55 123.045 1086.68
Thumb: 106.745 177.951 1122.62
Index: 125.273 207.577 1117.94
Middle: 177.904 157.836 1073.85
Ring: 140.925 166.868 1036.67
Little: 124.737 123.142 1085.3
Thumb: 107.27 178.52 1122.56
Index: 126.592 203.862 1117.63
Middle: 175.025 158.048 1062.5
Ring: 139.978 165.478 1035.85
Little: 122.343 121.864 1084.51
Thumb: 108.987 179.036 1123.95
Index: 127.4 204.75 1121.21
Middle: 176.715 155.431 1068.53
Ring: 140.1 162.694 1037.07
Little: 122.854 120.684 1082.89
Thumb: 99.7497 169.683 1127.82
Index: 132.445 204.748 1126.04
Middle: 175.562 153.276 1069.17
Ring: 139.11 158.923 1049.07
Little: 121.634 120.228 1082.74
Thumb: 101.555 172.404 1125.41
Index: 160.767 187.57 1118.8
Middle: 174.663 153.185 1069.64
Ring: 134.754 161.987 1040.33
Little: 120.681 120.246 1083.93
Thumb: 101.185 170.532 1118.82
Index: 164.017 179.308 1110.6
Middle: 174.224 150.229 1073.03
Ring: 134.768 157.753 1041.01
Little: 120.427 117.432 1085.53
Thumb: 100.651 167.663 1119
Index: 157.496 184.142 1119.24
Middle: 172.671 151.181 1125.28
Ring: 136.801 156.384 1042.57
Little: 120.683 115.83 1086.93
Thumb: 100.011 168.028 1116.48
Index: 159.801 175.214 1111.04
Middle: 172.479 142.013 1067.86
Ring: 139.543 155.268 1042.6
Little: 122.22 113.957 1086.17
Thumb: 97.0611 165.25 1119.28
Index: 158.404 177.615 1113.77
Middle: 170.755 131.561 1069.24
Ring: 142.817 155.147 1044.65
Little: 125.235 114.712 1085.61
Thumb: 98.9834 164.322 1119.19
Index: 158.361 170.697 1114.7
Middle: 172.585 127.807 1097.1
Ring: 145.082 144.241 1046.05
Little: 124.011 107.716 1088.46
Thumb: 100.649 164.495 1117.67
Index: 163.626 163.519 1113.76
Middle: 166.726 119.039 1087.43
Ring: 144.45 136.221 1044.66
Little: 121.181 103.74 1097.61
Thumb: 104.389 167.345 1122.48
Index: 159.822 162.383 1119.56
Middle: 175.981 141.065 1091.12
Ring: 147.124 133.287 1054.83
Little: 119.856 100.768 1098.77
Thumb: 121.2 187.622 1099.02
Index: 160.2 157.703 1121.07
Middle: 176.83 136.703 1090.09
Ring: 149.37 124.127 1056.62
Little: 114.021 96.6629 1116.81
Thumb: 132.923 224.461 1096.22
Index: 161.045 153.999 1126.54
Middle: 170.723 134.638 1114.51
Ring: 150.008 120.554 1059.25
Little: 114.327 93.8337 1120.13
Thumb: 131.072 226.336 1088.32
Index: 163.481 147.274 1124.95
Middle: 170.618 125.366 1112.81
Ring: 146.952 109.768 1063.81
Little: 107.855 90.3555 1126.31
Thumb: 146.862 210.376 1108.88
Index: 161.09 141.692 1125.29
Middle: 158.231 127.992 1143.78
Ring: 145.59 100.599 1063.82
Little: 104.189 87.3695 1126.54
Thumb: 146.427 207.821 1117.86
Index: 157.257 142.247 1126.79
Middle: 99.2794 151.758 1158.84
Ring: 145.017 102.732 1064.5
Little: 103.574 87.3702 1124.66
Thumb: 143.925 207.827 1116.11
Index: 152.635 142.046 1121.9
Middle: 90.9801 149.514 1142.5
Ring: 139.963 100.041 1061.38
Little: 97.1989 86.4752 1121.06
Thumb: 137.79 222.578 1132.96
Index: 151.137 137.428 1119.61
Middle: 98.1252 150.267 1150.85
Ring: 147.361 100.205 1101.01
Little: 93.8475 84.7606 1118.71
Thumb: 126.618 233.377 1129.06
Index: 135.301 146.202 1111.4
Middle: 92.4131 148.22 1141.81
Ring: 145.554 100.604 1088
Little: 87.6209 85.2059 1119.44
Thumb: 128.076 218.764 1127.25
Index: 134.936 141.585 1105.72
Middle: 93.1061 160.411 1133.22
Ring: 139.677 101.403 1066.61
Little: 98.611 82.6326 1105.33
Thumb: 127.714 202.197 1114.74
Index: 130.295 150.188 1113.88
Middle: 95.484 153.838 1130.72
Ring: 109.76 113.779 1151.95
Little: 94.9486 84.2326 1121.99
Thumb: 125.163 204.071 1093.21
Index: 135.37 138.342 1108.79
Middle: 101.636 143.465 1125.86
Ring: 131.454 107.783 1134.46
Little: 94.8482 83.2686 1120.5
Thumb: 112.736 191.854 1104.6
Index: 127.803 140.903 1108.25
Middle: 84.4861 144.152 1114.55
Ring: 109.274 112.468 1149.23
Little: 92.7265 79.393 1131.19
Thumb: 111.776 220.584 1081.93
Index: 126.128 140.88 1101.13
Middle: 85.6294 140.982 1109.88
Ring: 97.3591 113.198 1140.55
Little: 90.2147 78.9615 1127.91
Thumb: 108.577 223.392 1089.31
Index: 122.756 139.421 1103.86
Middle: 119.081 128.675 1135.65
Ring: 88.1561 115.922 1144.24
Little: 55.473 94.0325 1155.37
Thumb: 110.423 229.236 1085.93
Index: 115.076 93.2708 1076.57
Middle: 110.057 133.66 1133.47
Ring: 73.987 118.811 1146.94
Little: 40.4647 96.7349 1151.05
Thumb: 98.6853 249.519 1094.97
Index: 108.548 84.5025 1071.56
Middle: 108.756 134.105 1133.23
Ring: 73.4974 117.663 1147.24
Little: 38.6478 96.2614 1150.8
Thumb: 104.809 237.147 1076.75
Index: 118.851 117.622 1099.27
Middle: 102.597 131.584 1136.49
Ring: 72.045 118.387 1147.14
Little: 34.5646 97.6102 1152.65
Thumb: 90.4083 243.124 1055.93
Index: 114.844 141.75 1104.52
Middle: 99.4864 142.575 1130.73
Ring: 72.4722 122.047 1146.12
Little: 34.8945 99.3805 1154.62
Thumb: 84.6683 242.077 1045.81
Index: 111.161 134.096 1102.67
Middle: 98.1384 140.254 1131.28
Ring: 68.1726 124.059 1144.63
Little: 33.6043 101.519 1158.63
Thumb: 53.6528 271.815 1066.57
Index: 110.168 144.279 1104.25
Middle: 97.808 139.367 1131.9
Ring: 63.3904 125.321 1141.38
Little: 31.9129 101.717 1156.64
Thumb: 51.0881 245.056 1019.79
Index: 104.263 149.029 1097.51
Middle: 97.3528 139.571 1128.45
Ring: 62.8751 126.477 1140.63
Little: 30.988 102.137 1155.74
Thumb: 47.1133 243.76 1018.38
Index: 110.541 146.295 1104.72
Middle: 98.3563 135.378 1130.36
Ring: 67.016 124.573 1143.9
Little: 28.0036 102.8 1156.14
Thumb: 62.8367 224.835 1014.89
Index: 110.26 148.313 1103.88
Middle: 103.987 109.122 1129.34
Ring: 68.7282 125.148 1143.17
Little: 30.8055 103.183 1156.48
Thumb: 67.7667 218.908 1022.78
Index: 110.043 147.147 1105.21
Middle: 100.797 82.8668 1122.74
Ring: 67.1364 124.455 1143.94
Little: 30.0991 103.235 1156.6
Thumb: 70.4638 214.279 1020.31
Index: 101.513 77.8843 1090.22
Middle: 95.6896 137.56 1128.08
Ring: 67.6298 126.483 1144.1
Little: 24.136 108.427 1154.94
Thumb: 65.8414 210.354 1021.08
Index: 104.281 86.0916 1093.63
Middle: 92.4895 144.16 1124.19
Ring: 67.3912 126.483 1144.74
Little: 24.2786 110.844 1156.39
Thumb: 65.5897 211.13 1016.51
Index: 102.714 91.8657 1092.7
Middle: 90.8935 145.8 1123.05
Ring: 67.0381 126.528 1144.41
Little: 25.335 110.469 1156.46
Thumb: 65.5887 207.599 1016.26
Index: 103.211 91.1015 1093.17
Middle: 93.3302 143.749 1124.36
Ring: 67.7925 126.837 1145.32
Little: 25.5661 110.979 1156.69
Thumb: 64.0332 213.414 1015.49
Index: 102.442 91.2714 1091.71
Middle: 93.5153 143.679 1122.49
Ring: 68.4629 125.519 1143.1
Little: 25.6179 111.662 1156.04
Thumb: 65.3773 208.055 1013.9
Index: 100.639 86.6048 1091.04
Middle: 94.3326 139.311 1121.38
Ring: 68.4677 122.996 1142.32
Little: 26.2651 110.079 1156.19
Thumb: 63.0888 201.653 1017.2
Index: 96.5158 115.139 1087.77
Middle: 78.1189 150.339 1108.69
Ring: 69.3384 122.527 1142.3
Little: 25.8308 111.551 1156.15
Thumb: 62.9239 204.819 1018.99
Index: 99.7414 107.924 1091.35
Middle: 76.7327 151.603 1110.14
Ring: 70.6402 121.07 1145.17
Little: 23.9337 112.596 1155.85
Thumb: 62.4752 171.828 1053.34
Index: 101.599 102.418 1093.42
Middle: 71.4304 151.297 1116.23
Ring: 70.5349 123.122 1145.2
Little: 36.6628 104.886 1153.16
Thumb: 70.175 201.823 1025.24
Index: 101.99 104.413 1100.34
Middle: 70.6651 146.627 1116.97
Ring: 61.6396 124.345 1147.21
Little: 40.5332 98.6727 1152.66
Thumb: 78.409 196.96 1037.04
Index: 105.504 96.7689 1113.38
Middle: 70.868 139.796 1123
Ring: 57.3411 125.23 1152.04
Little: 37.0284 91.0156 1146.57
Thumb: 89.4072 209.68 1028.91
Index: 101.331 93.1879 1114.02
Middle: 68.7928 139.336 1128.78
Ring: 56.1893 126.591 1155.05
Little: 35.4605 92.8052 1147.71
Thumb: 99.6323 213.508 1047.07
Index: 102.94 163.242 1124.26
Middle: 70.8831 135.344 1141.65
Ring: 52.005 128.711 1159.3
Little: 39.1244 86.0092 1142.59
Thumb: 97.3462 206.96 1062.05
Index: 94.5578 167.59 1126.18
Middle: 66.4815 135.924 1145.6
Ring: 56.3472 125.821 1169.31
Little: 44.7809 77.8207 1136.11
Thumb: 29.5693 245.364 1120.01
Index: 79.3662 188.271 1139.05
Middle: 103.961 144.397 1145.84
Ring: 66.2143 126.609 1164.02
Little: 80.8569 90.1083 1122.66
Thumb: 9.80329 253.916 1128.64
Index: 76.6484 185.83 1148.62
Middle: 106.268 141.901 1152.94
Ring: 60.4891 125.379 1171.19
Little: 84.4907 89.9126 1130.61
Thumb: 51.9727 227.403 1102.2
Index: 88.8096 182.373 1165.9
Middle: 103.187 143.837 1158.2
Ring: 58.4551 127.567 1174.12
Little: 92.1079 95.1235 1129.57
Thumb: 47.522 245.571 1089.3
Index: 88.4106 180.431 1171.25
Middle: 92.6746 143.808 1166.77
Ring: 64.6237 132.657 1188.29
Little: 43.4486 98.3359 1175.95
Thumb: -5.80475 263.499 1128.5
Index: 83.8207 181.033 1177.2
Middle: 88.6234 143.746 1170.83
Ring: 63.5688 130.865 1192.45
Little: 43.5348 96.486 1178.04
Thumb: -13.7355 258.615 1128.43
Index: 93.9217 166.114 1183.03
Middle: 90.8438 138.149 1175.21
Ring: 63.7566 123.144 1194.97
Little: 52.7111 90.2559 1178.58
Thumb: 48.1821 236.907 1111.53
Index: 80.9703 168.336 1175.74
Middle: 101.678 142.982 1181.58
Ring: 58.354 122.929 1196.85
Little: 49.4543 89.7311 1181.41
Thumb: 37.2927 245.039 1108.94
Index: 78.8264 163.815 1182.85
Middle: 100.041 136.463 1181
Ring: 59.9037 114.63 1195.91
Little: 46.9146 82.1425 1177.73
Thumb: 35.6812 240.125 1114.03
Index: 76.4525 155.838 1186.25
Middle: 103.399 128.904 1174.27
Ring: 58.6461 106.59 1195.74
Little: 45.0482 74.8114 1175.83
Thumb: 35.1346 236.065 1118.17
Index: 86.6443 144.033 1183.54
Middle: 102.842 124.373 1168.68
Ring: 59.2211 100.978 1192.89
Little: 44.0391 69.7488 1171.56
Thumb: 58.8816 215.406 1114.96
Index: 127.116 110.94 1143.25
Middle: 103.625 119.505 1167.72
Ring: 50.07 96.4901 1191.25
Little: 37.7567 66.6388 1168.48
Thumb: 57.2133 213.03 1118.99
Index: 105.11 120.52 1173.42
Middle: 93.2245 117.659 1162.87
Ring: 49.8743 91.7415 1188.17
Little: 38.4467 63.0972 1163.86
Thumb: 40.8321 233.768 1111.12
Index: 102.64 119.691 1170.43
Middle: 113.422 120.101 1137.51
Ring: 50.2153 89.9177 1185.42
Little: 37.7096 61.8247 1160.55
Thumb: 46.9713 227.942 1106.17
Index: 78.49 132.202 1183.34
Middle: 103.648 120.516 1138.88
Ring: 46.6192 90.1418 1185.09
Little: 37.6244 62.1355 1160.18
Thumb: 50.2307 221.562 1109.96
Index: 74.6258 132.733 1181.93
Middle: 100.732 118.988 1136.15
Ring: 48.9758 85.9187 1182.16
Little: 19.6666 58.1584 1148.96
Thumb: 53.548 223.927 1111.99
Index: 63.6019 137.931 1175.9
Middle: 99.9578 115.335 1134.29
Ring: 45.5031 86.576 1181.1
Little: 20.2903 59.6644 1151.77
Thumb: 55.4024 220.618 1120.95
Index: 60.222 140.602 1175.84
Middle: 100.629 116.006 1133.54
Ring: 40.2357 87.047 1179.35
Little: 20.7133 60.0638 1150.93
Thumb: 49.193 222.943 1118.34
Index: 63.4864 138.265 1174.3
Middle: 105.625 118.467 1138.26
Ring: 39.9566 87.3666 1177.51
Little: 16.5247 60.1215 1144.86
Thumb: 45.5976 223.529 1109.96
Index: 61.6695 140.234 1169.54
Middle: 104.938 120.792 1130.35
Ring: 41.7993 88.3707 1174.42
Little: 15.6475 60.3506 1141.3
Thumb: 50.3771 221.891 1107.55
Index: 63.693 139.388 1166.09
Middle: 101.861 117.365 1128.93
Ring: 40.8107 88.5503 1171.93
Little: 12.6074 61.5477 1138.64
Thumb: 50.1839 219.258 1106.5
Index: 55.2054 139.879 1163.13
Middle: 84.3608 117.363 1125.19
Ring: 31.0537 87.0679 1166.54
Little: 10.7782 61.0149 1133.12
Thumb: 47.005 225.276 1104.57
Index: 66.9541 138.54 1161.84
Middle: 83.2884 117.307 1122.95
Ring: 28.527 89.0068 1165.91
Little: 9.29213 62.7054 1134.08
Thumb: 45.2423 225.36 1099.7
Index: 85.9913 133.568 1148.15
Middle: 80.0208 117.311 1114.21
Ring: 28.0693 87.2548 1160.64
Little: 10.4028 61.1804 1130.29
Thumb: 51.1683 222.075 1102.28
Index: 69.4179 142.941 1129.04
Middle: 75.6038 119.839 1109.31
Ring: 29.9803 90.538 1160.83
Little: 9.574 63.9922 1130.42
Thumb: 51.3362 221.869 1099.88
Index: 68.5784 145.084 1132.92
Middle: 73.9541 121.419 1109.14
Ring: 28.6195 91.7271 1160.55
Little: 1.47501 66.2044 1121.49
Thumb: 47.9411 221.791 1097.5
Index: 88.4411 148.947 1123.2
Middle: 72.1709 122.899 1109.75
Ring: 25.1059 95.6091 1159.97
Little: 2.38055 67.2328 1121.96
Thumb: 43.281 228.732 1093.77
Index: 93.819 144.404 1133.13
Middle: 74.1477 118.382 1116.99
Ring: 33.8267 93.9794 1162.16
Little: -1.29693 66.8695 1121.48
Thumb: 42.6746 230.324 1095.08
Index: 96.5103 145.159 1130.16
Middle: 70.8934 119.495 1116.08
Ring: 33.5941 94.9601 1162.62
Little: -2.34298 67.8174 1121.04
Thumb: 42.5309 230.276 1096.71
Index: 92.0989 146.697 1134.35
Middle: 80.9225 119.188 1125.68
Ring: 33.6158 95.0183 1162.89
Little: 4.52416 67.2192 1131.26
Thumb: 44.172 230.432 1095.28
Index: 83.8603 146.406 1131.89
Middle: 77.7058 118.76 1124.87
Ring: 21.9107 97.5845 1162.5
Little: 5.25812 69.0071 1137.21
Thumb: 45.0133 223.507 1092.52
Index: 78.3618 141.752 1132.13
Middle: 84.6862 123.1 1128.7
Ring: 23.3823 99.3998 1166.21
Little: -1.22767 69.0207 1129.03
Thumb: 46.0287 225.036 1098.52
Index: 78.9114 142.231 1135.51
Middle: 82.7883 122.771 1133.66
Ring: 32.8224 100.163 1172.7
Little: -1.58703 70.2487 1135.19
Thumb: 29.2893 236.196 1095.59
Index: 81.2917 148.717 1142.84
Middle: 89.0185 124.482 1144.33
Ring: 32.7643 105.101 1182.56
Little: -1.0804 72.968 1147.91
Thumb: 44.4126 228.029 1105.75
Index: 80.4786 144.504 1149.9
Middle: 90.8454 121.763 1151.72
Ring: 35.289 103.922 1188.17
Little: -2.26445 73.734 1154.6
Thumb: 63.5393 197.506 1120.21
Index: 111.08 138.818 1147.94
Middle: 99.7208 123.964 1146.68
Ring: 36.7383 105.608 1192.89
Little: 8.84436 74.5337 1167.43
Thumb: 67.5983 202.838 1114.5
Index: 111.629 139.88 1148.81
Middle: 74.2775 123.785 1137.08
Ring: 44.9513 112.084 1195.84
Little: 21.65 80.7335 1179.13
Thumb: 66.5381 217.673 1103.78
Index: 114.296 136.229 1146.7
Middle: 83.181 125.732 1143.25
Ring: 51.9891 119.393 1198.78
Little: 26.3793 87.878 1186.34
Thumb: 64.6219 238.556 1097.87
Index: 116.771 128.634 1147.71
Middle: 87.6915 120.885 1146.3
Ring: 55.4879 122.737 1201.88
Little: 23.1023 94.7739 1191.85
Thumb: 65.5571 228.883 1096.32
Index: 112.12 140.767 1147.81
Middle: 89.0831 124.625 1142.64
Ring: 55.5292 128.455 1202.94
Little: 35.2338 97.8397 1196.91
Thumb: 79.6683 220.728 1094.28
Index: 129.839 136.659 1137.85
Middle: 98.2318 130.796 1145.13
Ring: 29.5944 127.89 1170.55
Little: 42.0622 103.977 1198.66
Thumb: 78.0376 210.588 1118.22
Index: 100.693 175.844 1171.12
Middle: 102.067 132.454 1149
Ring: 70.5662 139.087 1205.8
Little: 44.1256 109.877 1204.04
Thumb: 84.0778 209.565 1119.94
Index: 120.689 167.42 1170.24
Middle: 113.348 136.218 1149.06
Ring: 70.7059 141.73 1201.87
Little: 48.5196 112.481 1202.06
Thumb: 76.3789 237.016 1130.32
Index: 122.911 170.026 1168.8
Middle: 117.904 135.754 1137.77
Ring: 83.1405 142.648 1202.09
Little: 53.4188 113.204 1200.14
Thumb: 74.3293 241.493 1117.12
Index: 126.991 172.225 1165.04
Middle: 140.445 131.264 1122.52
Ring: 88.9759 143.235 1199.04
Little: 56.4165 113.747 1197.56
Thumb: 83.5596 240.219 1114.7
Index: 136.587 157.322 1164.29
Middle: 137.649 127.264 1125.96
Ring: 90.3552 141.401 1198.29
Little: 58.6875 113.788 1197.26
Thumb: 89.3539 236.849 1110.31
Index: 126.069 177.214 1164.58
Middle: 141.62 119.877 1118.78
Ring: 96.1269 139.33 1197.76
Little: 60.2993 113.371 1196.15
Thumb: 82.8868 239.838 1104.96
Index: 144.851 164.194 1155.33
Middle: 157.683 120.627 1103.03
Ring: 103.551 137.911 1192.18
Little: 70.3117 109.74 1190.74
Thumb: 105.303 227.156 1094.5
Index: 108.282 177.846 1151.46
Middle: 151.664 90.7709 1101.59
Ring: 86.6417 129.929 1183.33
Little: 62.3264 107.582 1189.22
Thumb: 107.749 223.587 1089.87
Index: 122.371 165.953 1150.24
Middle: 135.085 99.6761 1110.81
Ring: 86.241 129.633 1180.23
Little: 64.965 106.338 1186.55
Thumb: 112.379 221.19 1088.21
Index: 116.168 177.652 1128.64
Middle: 136.373 96.5048 1106.84
Ring: 89.055 126.011 1178.22
Little: 67.0169 102.744 1183.38
Thumb: 110.46 220.79 1083.57
Index: 106.614 160.499 1108.38
Middle: 130.547 111.483 1137.59
Ring: 89.4936 123.062 1176.91
Little: 65.3762 100.578 1181.92
Thumb: 116.147 217.223 1083.5
Index: 117.786 167.926 1123.95
Middle: 148.439 101.605 1155.04
Ring: 86.6584 119.071 1171.24
Little: 64.6569 96.1716 1177.96
Thumb: 105.765 211.323 1057.3
Index: 122.732 164.545 1121.37
Middle: 149.928 91.9898 1145.57
Ring: 87.6675 115.114 1168.14
Little: 66.516 95.1662 1179.1
Thumb: 117.666 202.393 1056.26
Index: 107.32 141.998 1105
Middle: 138.433 94.9166 1155.86
Ring: 87.6636 111.511 1163.28
Little: 68.0596 91.5392 1174.6
Thumb: 115.849 202.775 1057.15
Index: 106.276 139.827 1108.05
Middle: 138.603 92.8796 1153.89
Ring: 92.6736 110.871 1161.87
Little: 69.4521 88.747 1170.06
Thumb: 107.812 205.984 1052.63
Index: 111.233 146.744 1116.94
Middle: 141.986 95.2489 1152.81
Ring: 93.3406 112.688 1161.31
Little: 69.9642 90.6417 1169.86
Thumb: 109.017 200.548 1049.54
Index: 110.844 141.79 1111.46
Middle: 139.414 94.2179 1153.46
Ring: 89.9468 115.715 1162.53
Little: 68.2338 90.779 1170.93
Thumb: 106.892 199.076 1048.57
Index: 111.14 143.403 1111.69
Middle: 130.241 111.924 1156.99
Ring: 99.7523 111.632 1166.03
Little: 68.5711 91.4069 1172.72
Thumb: 102.099 202.822 1048.44
Index: 115.002 147.85 1106.89
Middle: 123.392 122.883 1159.32
Ring: 101.505 111.221 1166.61
Little: 68.9344 90.6315 1172.33
Thumb: 103.813 196.332 1048.35
Index: 118.193 145.858 1103.59
Middle: 126.049 129.078 1154.37
Ring: 99.5563 112.228 1165.82
Little: 67.8504 91.4789 1172.52
Thumb: 102.055 195.331 1046.37
Index: 114.984 145.199 1101.56
Middle: 130.387 114.39 1157.67
Ring: 102.553 108.106 1167.34
Little: 67.0822 90.2785 1172.95
Thumb: 101.964 210.821 1029.32
Index: 117.407 146.577 1104.23
Middle: 114.965 113.75 1140.12
Ring: 106.042 106.474 1166.83
Little: 67.3567 90.7264 1172.79
Thumb: 99.795 211.837 1031.31
Index: 118.684 136.157 1106.41
Middle: 114.04 107.575 1139.34
Ring: 106.658 102.639 1165.54
Little: 66.2032 88.5517 1171.63
Thumb: 93.0597 217.028 1029.69
Index: 109.498 145.727 1099.59
Middle: 110.39 110.068 1137.14
Ring: 106.07 103.038 1164.88
Little: 56.5744 93.492 1171.66
Thumb: 91.3213 217.972 1029.33
Index: 108.272 145.181 1098.82
Middle: 103.267 123.084 1135.13
Ring: 104.269 103.128 1164.65
Little: 50.2038 95.1485 1169.91
Thumb: 88.1327 222.724 1025.49
Index: 108.025 143.891 1097.98
Middle: 110.601 130.602 1145.11
Ring: 101.594 104.337 1164.92
Little: 49.384 95.9916 1170.06
Thumb: 89.2624 221.029 1026.13
Index: 98.5191 138.229 1088.36
Middle: 107.582 136.415 1141.28
Ring: 101.193 103.576 1165.02
Little: 48.9131 94.9531 1170
Thumb: 87.6723 222.365 1026.4
Index: 99.6744 139.322 1090.28
Middle: 101.276 140.769 1132.91
Ring: 100.403 104.069 1165.65
Little: 52.9281 93.6051 1171.78
Thumb: 80.4259 232.036 1032.99
Index: 99.5509 149.937 1090.81
Middle: 108.406 131.687 1139.2
Ring: 105.05 105.789 1162.38
Little: 58.7306 91.6478 1168.1
Thumb: 92.3141 216.259 1037.06
Index: 111.491 128.287 1101.83
Middle: 101.226 119.696 1132.49
Ring: 99.9556 104.817 1164.46
Little: 49.9975 92.0055 1168.66
Thumb: 101.157 202.389 1039.59
Index: 114.194 106.429 1101.05
Middle: 81.2713 119.928 1112.1
Ring: 99.0235 106.845 1165.2
Little: 50.1842 94.485 1170.11
Thumb: 95.7885 211.842 1035.24
Index: 113.958 104.932 1102.17
Middle: 81.2007 119.185 1112.63
Ring: 98.5865 105.73 1165.94
Little: 49.2128 94.7824 1170.62
Thumb: 101.826 208.279 1036.12
Index: 114.695 104.768 1104.56
Middle: 81.0565 117.974 1113.18
Ring: 98.4931 103.263 1166.63
Little: 47.8458 95.0471 1171.03
Thumb: 99.9099 206.538 1030.6
Index: 114.215 103.328 1104.87
Middle: 80.0372 117.634 1112.71
Ring: 100.182 103.497 1167.31
Little: 48.9508 98.3432 1173.51
Thumb: 101.229 205.662 1028.39
Index: 114.113 102.45 1104.59
Middle: 80.3845 118.016 1112.39
Ring: 101.224 103.142 1167.11
Little: 48.177 100.915 1173.6
Thumb: 98.3287 211.692 1028.15
Index: 102.238 110.521 1090.39
Middle: 83.4717 121.883 1112.25
Ring: 105.531 104.681 1164.48
Little: 53.9234 101.691 1173.8
Thumb: 106.594 212.987 1032.62
Index: 102.819 112.346 1089.81
Middle: 83.9883 122.368 1111.57
Ring: 109.103 98.965 1161.98
Little: 53.4094 101.627 1172.87
Thumb: 100.517 205.522 1021.83
Index: 99.322 108.74 1087.26
Middle: 81.0918 120.121 1108.75
Ring: 108.898 103.767 1161.46
Little: 48.8778 106.132 1168.72
Thumb: 102.555 202.227 1028.53
Index: 100.715 111.078 1083.61
Middle: 83.2661 121 1106.64
Ring: 111.238 101.168 1157.1
Little: 48.9889 105.645 1164.88
Thumb: 96.6761 199.329 1023.32
Index: 97.9907 108.355 1079.88
Middle: 83.9111 121.151 1104.35
Ring: 114.076 100.719 1153.17
Little: 52.0746 105.29 1163.86
Thumb: 95.6204 196.401 1020.34
Index: 97.257 113.009 1076.31
Middle: 104.798 134.669 1111.6
Ring: 116.719 101.766 1147.7
Little: 53.2243 107.052 1162.12
Thumb: 91.8667 196.339 1013.1
Index: 111.498 105.889 1079.5
Middle: 92.6911 137.615 1098.68
Ring: 118.801 101.514 1142.82
Little: 58.8916 108.262 1161.78
Thumb: 79.5879 217.547 1003.01
Index: 94.2779 111.959 1069.95
Middle: 124.535 127.623 1109.89
Ring: 122.734 100.869 1139.51
Little: 58.8985 108.781 1159.93
Thumb: 88.5312 192.715 991.773
Index: 92.9382 102.067 1072.83
Middle: 107.602 119.52 1104.96
Ring: 120.087 90.05 1144.19
Little: 61.1348 110.914 1164.62
Thumb: 86.6284 173.219 981.938
Index: 85.5992 110.129 1066.53
Middle: 123.681 123.192 1108.88
Ring: 107.002 113.712 1145.92
Little: 51.1209 50.8837 1137.37
Thumb: 144.584 136.313 1044.77
Index: 85.9013 110.886 1064.79
Middle: 119.974 123.682 1103.96
Ring: 113.361 110.147 1145.95
Little: 42.3658 47.574 1136.65
Thumb: 137.128 130.197 1041.41
Index: 100.223 122.432 1060.05
Middle: 132.994 113.703 1107.09
Ring: 114.405 114.152 1137.09
Little: 46.1853 44.2407 1135.52
Thumb: 125.418 97.9033 1050.85
Index: 100.741 123.667 1053.43
Middle: 133.986 111.852 1103.93
Ring: 117.805 110.92 1129.36
Little: 46.1785 44.8933 1130.42
Thumb: 125.264 101.36 1045.13
Index: 97.7795 124.244 1051.12
Middle: 132.703 113.011 1100.7
Ring: 117.894 113.22 1126.97
Little: 47.9481 44.7889 1129.93
Thumb: 124.337 100.939 1044.99
Index: 98.0862 122.807 1051.57
Middle: 132.539 111.938 1097.72
Ring: 92.2761 126.411 1128.98
Little: 50.9275 43.0435 1130.32
Thumb: 120.945 110.492 1037.49
Index: 98.2284 124.977 1052.31
Middle: 133.644 113.556 1099.43
Ring: 94.622 128.365 1130.82
Little: 52.0858 43.491 1130.56
Thumb: 120.869 97.9463 1060.61
Index: 95.4466 127.151 1053.67
Middle: 133.015 114.522 1100.8
Ring: 80.7249 126.629 1130.54
Little: 54.4083 40.2645 1129.1
Thumb: 145.207 141.822 1118.66
Index: 89.1772 123.774 1054.24
Middle: 135.504 110.288 1100.28
Ring: 78.7459 124.766 1114.39
Little: 53.4871 39.5393 1128.11
Thumb: 89.6701 123.925 1141.11
Index: 87.4071 123.538 1054.85
Middle: 129.782 108.135 1101.13
Ring: 70.9306 124.348 1115.36
Little: 46.6381 41.3606 1131.32
Thumb: 91.329 149.68 1152.79
Index: 72.2082 126.896 1053.9
Middle: 124.475 116.599 1094.67
Ring: 65.7719 124.379 1107.44
Little: 47.3509 40.965 1121.84
Thumb: 91.8206 156.362 1113.04
Index: 36.1154 84.7829 1097.7
Middle: 63.4897 99.4418 1104.8
Ring: 67.2565 125.763 1102.62
Little: 23.2617 108.236 1184.53
Thumb: 87.466 157.55 1106.2
Index: 32.2517 78.9288 1108.34
Middle: 60.5752 95.2168 1107.07
Ring: 63.9997 120.936 1103.63
Little: 42.0866 131.8 1213.36
Thumb: 65.8397 161.557 1087.03
Index: 57.5573 69.3068 1108.19
Middle: 63.9299 96.6964 1104.39
Ring: 52.7027 121.548 1098.25
Little: 104.757 138.003 1127.96
Thumb: 80.4279 151.3 1098.94
Index: 62.7753 68.8784 1111.4
Middle: 63.5797 97.8983 1104.55
Ring: 53.7435 125.423 1099.04
Little: 104.485 139.496 1129.78
Thumb: 80.5008 150.377 1095.23
Index: 62.0018 67.9537 1107.21
Middle: 63.382 97.2325 1101.51
Ring: 63.7622 139.595 1099.96
Little: 105.468 137.59 1125.54
Thumb: 81.4612 151.593 1094.1
Index: 63.0906 68.7862 1106.64
Middle: 65.9199 97.2458 1098.21
Ring: 65.8824 141.891 1100.3
Little: 106.936 138.753 1123.46
Thumb: 81.2841 151.139 1091.39
Index: 59.5778 69.5623 1101.47
Middle: 67.4874 96.3509 1094.54
Ring: 67.5468 142.697 1096.68
Little: 108.208 137.099 1120.15
Thumb: 78.9787 154.533 1087.4
Index: 54.4287 70.8316 1093.12
Middle: 62.5465 98.0911 1091.49
Ring: 70.1462 141.903 1095.9
Little: 110.347 135.578 1117.98
Thumb: 75.3843 156.271 1079.83
Index: 52.0533 70.8161 1090.88
Middle: 64.8447 100.587 1089.31
Ring: 70.0012 141.37 1090.36
Little: 110.736 135.64 1110.81
Thumb: 68.4604 161.905 1076.57
Index: 51.0288 73.313 1088.92
Middle: 63.0058 104.328 1086.94
Ring: 67.9687 142.958 1089.14
Little: 107.746 141.501 1105.93
Thumb: 60.0826 162.441 1075.2
Index: 58.0217 70.759 1089.65
Middle: 67.0747 102.452 1082.9
Ring: 68.6845 142.512 1088.14
Little: 107.722 141.782 1105.07
Thumb: 54.4593 163.747 1073.07
Index: 55.2276 72.1995 1090.29
Middle: 64.5989 104.427 1079.41
Ring: 68.5155 143.72 1086.92
Little: 108.137 141.504 1103.13
Thumb: 51.8853 176.93 1064.37
Index: 54.7825 75.8453 1087.77
Middle: 65.1954 106.792 1077.72
Ring: 68.3776 146.581 1086.91
Little: 108.982 142.96 1103.26
Thumb: 45.1594 174.692 1064.18
Index: 51.5355 73.4363 1074.77
Middle: 63.8154 106.814 1076.8
Ring: 66.6085 146.048 1086.98
Little: 108.401 143.212 1101.57
Thumb: 40.7952 152.192 1069.49
Index: 54.4303 69.7199 1075.2
Middle: 66.0445 101.379 1076.29
Ring: 70.3846 144.135 1076.5
Little: 108.91 139.868 1092.65
Thumb: 35.8828 151.963 1067.27
Index: 53.3059 70.7511 1076.02
Middle: 64.8168 103.91 1075.56
Ring: 69.3543 145.289 1075.6
Little: 108.664 141.202 1090.61
Thumb: 38.472 154.176 1064.53
Index: 58.4261 64.1823 1072.64
Middle: 63.3439 102.995 1074
Ring: 69.2819 143.659 1076.52
Little: 108.701 138.948 1090.16
Thumb: 38.9379 156.693 1063.06
Index: 59.0232 66.3027 1071.53
Middle: 62.7001 104.867 1072.63
Ring: 69.2877 144.389 1074.31
Little: 107.625 141.916 1087.74
Thumb: 37.0689 155.415 1062.23
Index: 59.6098 64.8217 1070.07
Middle: 59.1141 112.155 1065.99
Ring: 66.5809 144.47 1073.42
Little: 106.366 141.115 1085.64
Thumb: 36.6175 154.971 1060.83
Index: 59.863 64.994 1069.67
Middle: 58.4282 112.071 1064.15
Ring: 65.7144 145.612 1072.24
Little: 106.116 141.998 1084.63
Thumb: 36.1211 155.096 1058.55
Index: 59.1373 65.0702 1064.4
Middle: 57.464 114.288 1060.55
Ring: 65.4857 146.64 1067.77
Little: 106.009 141.94 1081.91
Thumb: 35.1383 154.232 1058.44
Index: 58.6507 64.6023 1065.74
Middle: 59.5811 111.443 1063
Ring: 64.6182 146.901 1068.45
Little: 105.825 141.221 1082.67
Thumb: 35.727 153.576 1058.84
Index: 59.1052 63.9771 1065.29
Middle: 59.7644 111.107 1062.86
Ring: 66.1428 145.807 1067.14
Little: 106.042 140.661 1083.4
Thumb: 33.2231 152.324 1059.6
Index: 60.0941 64.1034 1067.18
Middle: 59.9581 111.303 1064.31
Ring: 65.8981 146.409 1068.66
Little: 105.92 141.516 1084.72
Thumb: 32.2062 152.349 1059.55
Index: 59.7294 63.9917 1068.26
Middle: 60.162 110.656 1065.07
Ring: 65.107 146.369 1069.08
Little: 105.203 141.371 1085.21
Thumb: 32.6529 151.342 1060.45
Index: 60.8649 64.1421 1069.37
Middle: 61.375 111.222 1065.41
Ring: 66.4736 146.282 1067.64
Little: 105.525 142.241 1085.66
Thumb: 32.8778 151.442 1061.91
Index: 60.4593 64.5251 1071.57
Middle: 61.9608 115.28 1069.12
Ring: 65.457 145.949 1072.62
Little: 105.314 142.747 1088.1
Thumb: 33.6884 147.352 1066
Index: 61.0509 62.8685 1072.67
Middle: 63.151 113.319 1071.69
Ring: 66.4803 143.616 1075.07
Little: 106.444 141.048 1088.81
Thumb: 32.023 144.689 1066.07
Index: 59.2578 61.4779 1076.61
Middle: 58.3668 114.823 1070.44
Ring: 66.9603 141.137 1075.04
Little: 106.755 139.417 1086.91
Thumb: 33.0828 143.177 1072.08
Index: 60.3394 59.8532 1081.16
Middle: 54.3961 116.6 1079.04
Ring: 67.2765 140.084 1079.15
Little: 107.279 138.626 1090.33
Thumb: 30.6837 140.3 1071.48
Index: 62.4997 59.3331 1083.4
Middle: 57.8649 119.479 1078.18
Ring: 65.3195 143.979 1073.31
Little: 107.936 137.62 1089.37
Thumb: 31.4849 140.998 1074.66
Index: 63.9164 60.9536 1084.27
Middle: 61.0641 119.322 1081.95
Ring: 68.1957 144.5 1074.58
Little: 108.633 140.338 1094.6
Thumb: 31.1569 141.02 1076.62
Index: 63.5871 62.4061 1086.09
Middle: 62.067 119.35 1084.19
Ring: 67.7531 145.461 1076.18
Little: 108.504 142.385 1095.92
Thumb: 31.1437 141.259 1082.53
Index: 63.5211 65.6823 1089.36
Middle: 61.7153 121.318 1089.53
Ring: 67.6166 146.502 1081.86
Little: 108.417 144.643 1101.54
Thumb: 32.3483 137.878 1087
Index: 60.9013 63.4881 1096.34
Middle: 59.7645 119.152 1093.1
Ring: 66.9434 144.427 1087.22
Little: 110.184 137.327 1111.11
Thumb: 32.0338 139.287 1087.69
Index: 61.7651 63.5501 1104.29
Middle: 62.8321 119.22 1097.73
Ring: 66.2318 146.456 1089.48
Little: 110.001 142.129 1114.36
Thumb: 33.3562 139.091 1090.72
Index: 61.793 67.4674 1105.33
Middle: 56.7403 127.123 1097.81
Ring: 67.29 146.571 1093.11
Little: 110.9 142.69 1120.37
Thumb: 34.2908 138.612 1095.38
Index: 59.3533 63.6309 1111.92
Middle: 57.4153 125.885 1102.11
Ring: 68.6279 145.503 1097.64
Little: 112.244 140.428 1127.88
Thumb: 32.0015 138.923 1098.13
Index: 64.3029 65.9657 1114.44
Middle: 43.9827 105.529 1108.48
Ring: 65.1426 147.287 1095.29
Little: 115.087 143.293 1121.93
Thumb: 31.3121 137.678 1098.71
Index: 56.86 64.6442 1116.71
Middle: 41.4052 107.281 1109.04
Ring: 59.3509 137.039 1094.4
Little: 114.051 143.418 1123.68
Thumb: 31.0291 138.874 1099.53
Index: 38.242 79.5253 1125.23
Middle: 39.1424 104.796 1109.42
Ring: 47.5638 133.565 1114
Little: 108.508 146.859 1138.7
Thumb: 27.3203 114.616 1094.09
Index: 29.0962 87.1073 1146.07
Middle: 45.098 97.8957 1114.25
Ring: 54.4534 133.728 1119.39
Little: 81.3824 172.708 1131.07
Thumb: 29.1738 107.964 1089.47
Index: 21.5127 84.9755 1141.39
Middle: 37.0299 91.8053 1116.58
Ring: 52.9797 134.697 1121.1
Little: 83.2583 163.542 1139.88
Thumb: 35.2151 105.503 1075.04
Index: 26.5947 84.6998 1137.03
Middle: 77.9396 80.3418 1119.39
Ring: 73.651 126.744 1114.33
Little: 86.6745 162.812 1125.82
Thumb: 35.5281 106.885 1072.3
Index: 26.773 91.7238 1136.37
Middle: 80.6562 92.1524 1121.51
Ring: 98.186 137.019 1119.35
Little: 84.2292 159.416 1096.13
Thumb: 49.1021 138.8 1090.23
Index: 21.4621 101.473 1138.81
Middle: 82.0525 104.456 1138.9
Ring: 84.6574 141.927 1125.36
Little: 89.5553 162.086 1099.62
Thumb: 48.7325 140.28 1091.02
Index: 24.5584 103.071 1141.13
Middle: 44.7779 219.722 1151.03
Ring: 84.2391 145.47 1126.69
Little: 85.8834 165.945 1099.65
Thumb: 50.6397 144.822 1088.9
Index: 30.3355 144.406 1151.36
Middle: 43.127 221.233 1146.76
Ring: 84.9848 141.431 1121.25
Little: 85.6225 170.312 1094.04
Thumb: 52.1321 142.982 1088.35
Index: 28.7217 146.506 1150.4
Middle: 42.6026 222.319 1142.25
Ring: 83.9829 140.167 1121.22
Little: 85.8182 169.026 1093.74
Thumb: 52.2074 139.969 1096.41
Index: 22.3211 152.515 1155.77
Middle: 45.4982 224.916 1143.94
Ring: 75.3575 125.055 1129.03
Little: 81.9656 163.648 1095.86
Thumb: 50.2654 139.626 1100.19
Index: 17.5508 154.664 1156.48
Middle: 38.328 228.606 1141.45
Ring: 71.8636 160.564 1137.71
Little: 84.0044 163.483 1104.64
Thumb: 49.1343 127.083 1097.24
Index: 22.2493 162.093 1160.92
Middle: 43.9298 207.376 1139.24
Ring: 66.7607 156.043 1135.29
Little: 85.475 153.555 1096.56
Thumb: 47.3334 128.751 1100.79
Index: 8.02518 184.681 1164.35
Middle: 24.0101 208.025 1142.63
Ring: 42.0779 206.43 1136.95
Little: 79.9348 158.511 1105.95
Thumb: 51.3324 128.134 1099.08
Index: 3.56812 179.193 1160.27
Middle: 20.3171 209.886 1140.79
Ring: 32.2685 225.661 1132.15
Little: 84.7758 167.501 1125.56
Thumb: -25.1372 108.515 1150.97
Index: -5.90034 198.933 1152.06
Middle: 17.0525 185.054 1136.08
Ring: 29.8395 231.337 1127.21
Little: 82.7453 165.719 1136.6
Thumb: -26.1556 110.795 1141.45
Index: -12.1405 208.644 1134.54
Middle: 13.6863 179.851 1129.3
Ring: 10.3073 223.135 1128
Little: 78.9971 166.845 1143.54
Thumb: -32.3276 104.678 1140.92
Index: -20.0148 207.345 1131.45
Middle: 7.12603 178.304 1127.7
Ring: 4.25697 223.918 1126.4
Little: 72.243 168.289 1144.73
Thumb: -31.8482 105.257 1137.24
Index: -20.2158 205.972 1130.64
Middle: 6.65319 178.397 1126.19
Ring: -19.5832 212.255 1123.59
Little: 71.203 165.558 1139.28
Thumb: -32.4942 108.586 1135.6
Index: -22.0921 208.948 1131.6
Middle: 4.66921 181.406 1125.24
Ring: -22.3008 215.491 1120.59
Little: 67.0086 171.767 1144.09
Thumb: -32.6847 111.307 1133.28
Index: -20.6886 218.08 1125.76
Middle: 5.50383 182.992 1123.92
Ring: -19.5545 216.806 1119.08
Little: 57.2404 185.52 1154.14
Thumb: -32.9525 109.982 1131.25
Index: -21.8659 219.906 1125.33
Middle: 4.28761 184.627 1122.6
Ring: -19.9133 217.354 1118.41
Little: 52.3127 191.758 1151.56
Thumb: -35.0061 109.234 1130.73
Index: -21.9971 219.882 1125.38
Middle: 4.05624 185.006 1122.2
Ring: -20.2924 218.012 1117.69
Little: 56.4306 187.304 1152.21
Thumb: -35.5134 109.974 1127.29
Index: -22.319 216.313 1127.03
Middle: 3.60888 185.684 1120.87
Ring: -29.0701 226.576 1107.33
Little: 55.7959 186.603 1152.43
Thumb: -34.6358 112.476 1127.38
Index: -22.765 220.263 1124.88
Middle: 3.01045 187.38 1121.79
Ring: -26.1437 224.825 1112.23
Little: 54.8802 189.194 1150.68
Thumb: -35.7684 111.751 1124.46
Index: -23.9824 227.524 1107.24
Middle: 2.16501 187.32 1117.97
Ring: -29.5304 227.437 1103.12
Little: 52.3362 190.324 1151.22
Thumb: -35.3301 112.25 1123.68
Index: -24.2437 228.154 1106.2
Middle: 1.92862 187.188 1118.33
Ring: -30.3484 227.932 1103
Little: 52.4647 189.429 1152.03
Thumb: -34.8549 112.689 1123.68
Index: -23.9521 225.53 1110.56
Middle: 2.08222 187.276 1118.18
Ring: -29.3862 227.621 1104.2
Little: 53.7245 188.146 1151.82
Thumb: -34.8551 112.689 1123.68
Index: -23.9471 219.155 1120.81
Middle: 2.08254 187.277 1118.18
Ring: -29.3876 227.623 1104.2
Little: 52.7915 189.213 1151.85
Thumb: -36.2814 112.375 1122.05
Index: -24.7003 219.116 1120.04
Middle: 1.57116 187.186 1117.99
Ring: -29.6908 227.618 1103.39
Little: 50.1488 190.083 1152.86
Thumb: -37.0336 112.837 1122.7
Index: -23.0466 223.856 1113.57
Middle: 2.37613 187.118 1117.91
Ring: -30.5525 229.336 1095.28
Little: 51.6257 188.827 1152.59
Thumb: -36.6749 111.068 1122.99
Index: -23.6811 221.246 1114.95
Middle: 2.09229 185.52 1118.05
Ring: -30.5241 227.127 1098.14
Little: 50.5458 188.637 1152.58
Thumb: -33.8892 108.712 1122.96
Index: -23.6174 223.693 1112.78
Middle: 1.99248 185.484 1118.43
Ring: -22.2194 219.716 1110.89
Little: 50.4995 188.571 1152.85
Thumb: -35.2569 109.644 1124.26
Index: -23.3956 226.571 1104.77
Middle: 2.26724 185.492 1118.67
Ring: -20.1439 217.671 1112.16
Little: 51.0639 188.606 1152.78
Thumb: -34.8523 109.117 1124.29
Index: -25.0809 226.916 1099.13
Middle: 1.38261 185.554 1118.62
Ring: -21.5555 217.365 1112.15
Little: 50.1949 189.453 1152.64
Thumb: -34.8346 109.037 1125.22
Index: -25.0953 222.349 1114.74
Middle: 1.27449 185.475 1118.6
Ring: -21.7926 217.233 1112.13
Little: 50.7199 189.408 1152.01
Thumb: -35.1901 108.407 1124.95
Index: -26.8472 219.33 1118.63
Middle: 0.0880188 185.486 1118.53
Ring: -25.2739 218.664 1111.19
Little: 50.4048 188.98 1152.61
Thumb: -33.0603 108.022 1124.54
Index: -25.8134 222.563 1113.53
Middle: 1.14556 185.491 1118.89
Ring: -24.6199 219.163 1111.56
Little: 51.2163 188.977 1153.1
Thumb: -32.7681 107.479 1124.02
Index: -24.898 221.255 1113.29
Middle: 1.86715 184.606 1118.76
Ring: -23.2141 217.632 1110.85
Little: 49.0911 190.183 1153.13
Thumb: -33.9914 103.761 1126.71
Index: -24.1156 223.307 1110.79
Middle: 2.71546 184.886 1119.68
Ring: -20.7409 216.307 1113.45
Little: 55.3645 185.612 1152.18
Thumb: -37.4667 101.04 1125.51
Index: -25.1112 224.554 1103.15
Middle: 2.2826 185.509 1120.22
Ring: -31.6251 225.173 1101.67
Little: 52.4552 189.675 1153.4
Thumb: -36.5471 101.298 1124.65
Index: -24.9405 213.35 1113.43
Middle: 2.90984 187.089 1119.96
Ring: -29.7058 225.044 1104.98
Little: 51.8293 192.864 1153.11
Thumb: -36.5737 101.706 1121.99
Index: -22.6351 222.706 1109.27
Middle: 4.96249 188.68 1119.8
Ring: -27.7937 227.423 1103.68
Little: 51.12 195.827 1154.76
Thumb: -35.3496 102.935 1121.55
Index: -21.9585 217.312 1117.9
Middle: 5.51119 188.801 1119.24
Ring: -29.6304 229.061 1092.66
Little: 52.3271 194.987 1154.38
Thumb: -30.1988 103.384 1119.88
Index: -18.7488 220.883 1116.42
Middle: 8.64418 187.915 1120.72
Ring: -26.0085 229.084 1092.43
Little: 55.105 193.889 1156.38
Thumb: 40.1984 216.682 1103.15
Index: 133.062 139.02 1114.94
Middle: 89.6868 132.503 1121.39
Ring: 136.925 139.437 1113.71
Little: 67.7387 93.4248 1163.44
Thumb: 43.5336 229.881 1109.41
Index: 136.619 138.452 1120.4
Middle: 95.3722 131.786 1124.78
Ring: 97.5548 129.03 1142.28
Little: 69.1045 93.353 1163.98
Thumb: 49.8429 247.782 1115.12
Index: 139.827 147.002 1124.7
Middle: 99.8128 138.562 1126.13
Ring: 107.505 135.116 1143.32
Little: 74.7418 97.8031 1164.28
