Thumb: 32.9554 91.7207 1121.92
Index: -64.5745 28.1944 1098.23
Middle: -101.42 40.8207 1097.63
Ring: -124.543 62.0639 1082.41
Little: -141.773 103.039 1080.87
Thumb: 38.2467 92.328 1107.62
Index: -67.6136 30.2719 1093.8
Middle: -99.5426 36.8942 1088.54
Ring: -78.5093 108.899 1153.33
Little: -107.316 94.9753 1110.42
Thumb: 28.8057 89.5789 1109.05
Index: -72.3529 29.1702 1094.33
Middle: -103.745 36.9305 1091.88
Ring: -76.9267 116.561 1155.2
Little: -105.734 138.51 1131.6
Thumb: 27.156 88.0604 1107.64
Index: -76.9915 28.6371 1093.72
Middle: -107.647 37.0514 1092.52
Ring: -80.1926 121.957 1155.41
Little: -107.638 137.992 1131.33
Thumb: 21.5953 85.8502 1110.22
Index: -80.0122 26.7051 1094.33
Middle: -109.935 36.2393 1094.62
Ring: -81.6158 125.922 1155.57
Little: -110.962 136.665 1131.47
Thumb: 12.6592 87.3296 1109.29
Index: -82.6747 28.6015 1094.96
Middle: -110.95 35.8038 1096.85
Ring: -84.8143 128.118 1155.39
Little: -114.887 136.999 1131.12
Thumb: 6.60779 83.774 1104.83
Index: -87.8481 30.518 1095.28
Middle: -112.061 37.382 1097.5
Ring: -85.7016 125.124 1157.3
Little: -114.646 137.778 1131.86
Thumb: 1.79833 85.4042 1105.03
Index: -91.1577 31.8696 1092.24
Middle: -111.912 41.0937 1103.07
Ring: -84.6197 124.448 1155.94
Little: -114.744 136.984 1135.07
Thumb: -1.04444 83.7228 1106.51
Index: -95.5998 33.1222 1088.85
Middle: -115.494 42.8555 1099.37
Ring: -120.747 54.2394 1101.89
Little: -117.416 134.177 1133.86
Thumb: -3.89749 82.8256 1106.92
Index: -97.6603 37.3072 1097.92
Middle: -120.406 42.4826 1101.16
Ring: -129.095 60.4699 1107.64
Little: -115.912 139.662 1134.6
Thumb: -10.6634 80.9306 1099.8
Index: -98.01 41.1281 1101.99
Middle: -120.783 42.4471 1101.58
Ring: -126.386 63.4119 1112.11
Little: -113.576 138.621 1137.75
Thumb: -14.1624 83.1249 1107.47
Index: -96.5321 41.7473 1101.72
Middle: -121.814 42.199 1098.9
Ring: -129.287 60.0667 1107.11
Little: -110.135 142.7 1137.31
Thumb: -12.5289 84.2908 1113.15
Index: -96.7695 39.925 1096.86
Middle: -119.903 43.1362 1095.79
Ring: -127.186 57.9479 1104.33
Little: -107.271 140.155 1136.13
Thumb: -10.361 84.1654 1112.19
Index: -91.7625 36.9828 1098.93
Middle: -115.903 39.0124 1097.15
Ring: -121.532 58.2244 1109.71
Little: -120.282 100.236 1117.69
Thumb: -7.79586 85.7282 1107.82
Index: -84.8832 36.6832 1101.58
Middle: -108.639 38.454 1100.57
Ring: -114.071 56.0129 1110.6
Little: -119.114 102.23 1115.86
Thumb: -5.20724 88.231 1104.78
Index: -77.0899 33.2616 1097.01
Middle: -99.289 36.8542 1100.9
Ring: -104.398 56.982 1108.32
Little: -122.743 86.0672 1107.23
Thumb: -3.71015 92.744 1106.79
Index: -70.816 31.9023 1100.38
Middle: -95.174 31.9738 1100.02
Ring: -100.086 51.4614 1109.66
Little: -115.296 85.5692 1108.59
Thumb: 7.45952 90.4259 1110.76
Index: -61.7946 30.191 1099.34
Middle: -82.6342 33.7968 1105.13
Ring: -91.8484 48.5433 1107.99
Little: -104.382 79.1024 1104.82
Thumb: 15.938 93.2357 1110.62
Index: -53.1236 28.222 1097.36
Middle: -73.2551 36.1476 1105.85
Ring: -82.8569 46.2798 1107.88
Little: -99.8838 72.3684 1101.86
Thumb: 25.9199 96.4877 1109.89
Index: -39.2891 32.196 1099.7
Middle: -61.9284 30.0864 1105.5
Ring: -76.6476 47.4748 1109.66
Little: -89.5756 69.7949 1107.53
Thumb: 30.4564 92.8735 1107.52
Index: -32.2303 30.7546 1101.3
Middle: -56.1568 23.6165 1104.24
Ring: -71.4251 42.4877 1109.08
Little: -85.1379 66.9325 1105.65
Thumb: 40.1074 93.9209 1108.21
Index: -24.2361 32.7198 1100.36
Middle: -49.2998 24.7961 1100.81
Ring: -63.7753 43.4354 1104.95
Little: -77.1782 67.2056 1102.33
Thumb: 47.3977 92.241 1109.12
Index: -16.5429 31.7051 1103.15
Middle: -44.7298 24.3296 1101.66
Ring: -56.5667 41.9219 1105.96
Little: -70.5547 66.9262 1101.87
Thumb: 52.581 90.4299 1109.32
Index: -11.6413 31.6316 1104.06
Middle: -40.3583 22.0025 1099.29
Ring: -49.0091 39.151 1105.95
Little: -63.4022 64.6358 1100.74
Thumb: 57.9536 88.5355 1108.99
Index: -7.7409 29.3099 1102.29
Middle: -30.9249 20.5313 1102.66
Ring: -42.0316 35.6986 1105.69
Little: -59.2276 59.0334 1097.66
Thumb: 69.7644 93.7006 1116.47
Index: 2.97217 26.5437 1095.4
Middle: -27.0225 18.8557 1089.53
Ring: -36.4526 36.7857 1106
Little: -53.3905 56.2718 1094.46
Thumb: 77.3356 92.0516 1107.47
Index: 11.8366 23.2614 1100.55
Middle: -18.0827 13.1614 1095.6
Ring: -28.5046 28.9911 1105.69
Little: -49.1268 49.4407 1099.24
Thumb: 84.8443 89.3178 1110.38
Index: 20.9327 22.8013 1103.77
Middle: -11.3912 11.7114 1094.86
Ring: -23.8743 31.3198 1107.32
Little: -42.9931 49.7055 1098.14
Thumb: 90.8143 87.6538 1110.37
Index: 32.0851 21.7301 1106.44
Middle: -4.62875 11.233 1095.21
Ring: -18.6546 28.0649 1100.4
Little: -37.3037 48.4629 1093.54
Thumb: 100.631 90.74 1110.77
Index: 40.486 17.0163 1103.62
Middle: 5.16569 8.895 1095.58
Ring: -10.6257 26.336 1102.48
Little: -35.4596 45.6261 1094.62
Thumb: 109.382 92.178 1115.93
Index: 45.456 13.769 1102.14
Middle: 12.1947 7.42557 1095.17
Ring: -5.01244 24.0923 1098.85
Little: -29.2831 45.9278 1099.84
Thumb: 118.956 94.721 1112.9
Index: 53.5259 12.5666 1095.18
Middle: 19.2154 6.10223 1088.93
Ring: 3.05639 23.3316 1100.23
Little: -22.7537 43.3659 1096
Thumb: 126.912 89.8404 1108.58
Index: 57.7963 9.53212 1096.43
Middle: 23.7556 2.76466 1088.15
Ring: 7.11914 19.4946 1099.37
Little: -18.1549 41.3863 1097.42
Thumb: 134.13 91.6309 1107.05
Index: 63.5874 11.1737 1094.39
Middle: 29.0268 6.09478 1084.05
Ring: 12.879 22.7892 1094.43
Little: -11.9165 43.9844 1092.42
Thumb: 139.757 95.0635 1111.7
Index: 69.6284 10.4628 1093.88
Middle: 35.783 4.96108 1084.16
Ring: 17.7626 20.4413 1090.38
Little: -7.57576 43.7351 1092.79
Thumb: 144.983 97.1356 1112.52
Index: 74.3574 9.95575 1089.29
Middle: 41.1566 4.88218 1083.03
Ring: 23.585 19.8076 1095.61
Little: -0.458966 48.4786 1096.87
Thumb: 148.516 97.0107 1109.97
Index: 78.9464 10.1907 1090.61
Middle: 45.4751 4.34578 1082.23
Ring: 28.3328 21.5004 1099.67
Little: 3.41228 47.8672 1097.78
Thumb: 152.859 100.636 1108.5
Index: 83.624 19.5968 1101.96
Middle: 47.9791 2.41157 1079.51
Ring: 30.0873 20.1293 1102.63
Little: 5.38522 48.2227 1102.38
Thumb: 156.563 99.3056 1110.19
Index: 88.9678 28.3226 1108.65
Middle: 50.4964 1.84965 1079.16
Ring: 33.0762 20.6658 1102.11
Little: 8.66284 50.0848 1107.58
Thumb: 165.503 98.6361 1110.25
Index: 88.4241 14.6988 1100.82
Middle: 51.6085 -3.77788 1082.7
Ring: 57.9091 92.5456 1155.9
Little: 24.4378 90.1048 1129.09
Thumb: 167.024 101.167 1112.81
Index: 91.48 18.5675 1105.59
Middle: 53.9121 -3.54307 1084.22
Ring: 57.5053 91.0053 1159.53
Little: 24.448 88.946 1135.01
Thumb: 164.549 101.007 1115.89
Index: 90.6462 18.0259 1108.8
Middle: 53.9228 -3.57958 1084.41
Ring: 56.8546 94.4105 1156.74
Little: 23.9693 92.168 1134.33
Thumb: 164.835 102.473 1113.94
Index: 91.1443 22.0042 1108.57
Middle: 53.7909 -1.41735 1082.96
Ring: 58.2129 95.7824 1153.73
Little: 25.6128 95.4003 1134.04
Thumb: 163.552 99.0189 1116.79
Index: 87.1382 22.7274 1110.27
Middle: 48.8076 1.808 1083.19
Ring: 55.061 93.2667 1160.82
Little: 25.0578 100.153 1135.52
Thumb: 163.41 99.3638 1115.46
Index: 84.7753 24.9879 1108.09
Middle: 44.8004 5.13415 1083.73
Ring: 56.6953 97.1775 1161.16
Little: 26.0304 105.682 1136.9
Thumb: 160.089 98.7492 1112.17
Index: 82.8367 29.4041 1109.14
Middle: 42.1353 7.6294 1082.5
Ring: 50.5215 90.5229 1163.33
Little: 23.6031 108.016 1135.57
Thumb: 156.18 95.5558 1117.85
Index: 75.1531 25.0056 1105.88
Middle: 35.2276 7.09734 1081.85
Ring: 45.8198 92.0443 1163.77
Little: 15.1472 98.2864 1139.75
Thumb: 152.895 92.9527 1120.07
Index: 69.5988 26.725 1113.46
Middle: 29.6439 9.4276 1081.49
Ring: 43.492 94.8456 1163.94
Little: 12.2317 100.843 1140.08
Thumb: 145.754 95.0723 1120.64
Index: 65.0896 24.7677 1111
Middle: 24.4588 9.94122 1080.46
Ring: 46.1871 106.565 1155.4
Little: 8.40271 100.374 1140.96
Thumb: 140.729 93.1054 1121.12
Index: 57.807 25.4435 1112.39
Middle: 17.1601 12.1086 1079.83
Ring: 41.8974 109.152 1156.96
Little: 4.81818 105.683 1141.98
Thumb: 133.678 95.5314 1120.12
Index: 53.5547 29.865 1116.93
Middle: 10.2065 13.4984 1079.45
Ring: 32.4254 102.446 1163.89
Little: 1.47448 111.76 1141.57
Thumb: 126.656 97.0198 1124.39
Index: 44.1772 28.0793 1114.75
Middle: 3.65743 14.0743 1083.69
Ring: 23.1757 103.969 1165.44
Little: -6.97087 113.596 1140.26
Thumb: 115.597 97.9683 1122.65
Index: 39.5139 32.0908 1113.47
Middle: -1.8323 15.1497 1084.1
Ring: 16.6456 107.97 1164.15
Little: -14.026 115.135 1139.24
Thumb: 105.677 97.0404 1126.04
Index: 34.1842 36.8554 1115.31
Middle: -8.91943 17.018 1083.45
Ring: 10.1778 108.605 1164.9
Little: -21.3145 112.805 1140.61
Thumb: 98.8203 98.0148 1130.24
Index: 34.6836 50.0937 1120.72
Middle: -13.9035 20.0106 1085.66
Ring: 4.2841 111.626 1167.85
Little: -27.3387 114.593 1142.73
Thumb: 96.7838 97.7269 1130.6
Index: 28.0236 50.1231 1122.49
Middle: -20.9702 21.7786 1088.25
Ring: -6.52557 101.524 1170.5
Little: -32.6564 114.422 1145.6
Thumb: 87.4546 96.6512 1131.16
Index: 22.3944 49.5945 1124.49
Middle: -27.144 21.1939 1091.93
Ring: -9.46209 101.68 1173.62
Little: -35.2921 117.308 1149.54
Thumb: 85.9841 97.7862 1131.23
Index: 18.9592 50.3114 1125.83
Middle: -31.0037 20.8637 1095.58
Ring: -14.3853 100.978 1175.82
Little: -41.1575 116.436 1152.48
Thumb: 80.4164 99.0788 1141.23
Index: -2.73265 27.9825 1127.9
Middle: -35.0054 18.9423 1094.07
Ring: -29.0523 101.695 1176.13
Little: -52.5095 117.768 1149.32
Thumb: 70.325 105.704 1160.06
Index: -18.0043 34.5511 1136.42
Middle: -36.4133 16.7765 1097.05
Ring: -63.3878 63.8912 1150.71
Little: -67.9413 120.006 1137.61
Thumb: 32.371 118.79 1192.34
Index: -30.9686 100.524 1163.75
Middle: -39.6656 15.4753 1103.55
Ring: -83.8672 87.6618 1133.25
Little: -48.2583 56.7034 1082.2
Thumb: 51.4201 143.837 1219.7
Index: -39.2506 102.804 1160.01
Middle: -44.7837 17.6425 1106.94
Ring: -42.9417 25.8854 1102.44
Little: -43.9878 60.3405 1073.92
Thumb: 42.7297 153.389 1226.54
Index: -30.3825 91.3535 1148.43
Middle: -49.7891 21.6624 1113.87
Ring: -41.5288 27.4338 1107.61
Little: -45.2558 61.2659 1075.74
Thumb: 36.4522 163.651 1228.95
Index: -32.5764 95.5185 1146.98
Middle: -52.3099 27.9813 1113.08
Ring: -41.9527 33.1748 1110.32
Little: -43.3691 60.1842 1076.06
Thumb: -54.9613 150.56 1188.22
Index: -34.6908 95.9349 1145.72
Middle: -55.8097 28.9691 1114.22
Ring: -52.8363 38.6796 1111.22
Little: -47.3915 59.8318 1076.28
Thumb: -69.7716 154.233 1185.65
Index: -46.858 94.723 1149.29
Middle: -60.7576 29.2569 1109.9
Ring: -59.2585 38.6845 1109.3
Little: -47.3789 58.4 1078.69
Thumb: -75.859 160.81 1180.26
Index: -50.8149 101.107 1147.2
Middle: -58.506 32.101 1106.97
Ring: -59.2773 43.5124 1087.94
Little: -44.4339 61.397 1069.06
Thumb: -81.896 169.595 1174.79
Index: -52.9204 109.972 1142.55
Middle: -63.3415 34.1425 1108.96
Ring: -58.9698 43.0978 1088.44
Little: -42.6613 62.8297 1064.52
Thumb: -84.5133 179.549 1165.26
Index: -45.34 116.777 1142.18
Middle: -63.2744 44.9703 1087.79
Ring: -48.8365 44.3747 1081.11
Little: -30.3998 64.7984 1079.71
Thumb: 79.3873 138.199 1102.35
Index: 23.5947 116.5 1102.17
Middle: 29.5017 115.066 1162.83
Ring: -60.9575 33.9274 1123.08
Little: -57.9122 59.7525 1124.73
Thumb: 58.2545 112.759 1105.28
Index: 22.5298 121.352 1102.24
Middle: -44.2884 36.7273 1146
Ring: -70.7892 33.9812 1129.01
Little: -58.7315 56.2667 1123.06
Thumb: 62.2952 116.094 1111.89
Index: 38.0381 119.574 1133.97
Middle: -48.8819 36.7905 1143.93
Ring: -74.2853 34.2423 1126.32
Little: -61.3971 56.1871 1120.44
Thumb: 58.1704 124.921 1114.3
Index: 34.5795 119.342 1147.24
Middle: -47.5692 38.2444 1144.76
Ring: -75.0862 35.2839 1123.69
Little: -60.6578 57.0389 1118.4
Thumb: 53.4602 121.872 1122.82
Index: 31.2739 119.223 1155.53
Middle: -47.5091 36.661 1141.8
Ring: -78.0259 36.0436 1123.78
Little: -63.0171 57.5249 1119.01
Thumb: 44.2007 122.827 1124.42
Index: 28.3544 118.753 1158.73
Middle: -47.9619 38.4724 1142.62
Ring: -79.5434 36.364 1120.98
Little: -64.4222 57.791 1116.61
Thumb: 42.8292 131.536 1123.38
Index: -11.8802 64.5542 1147.7
Middle: -51.1769 40.1113 1141.67
Ring: -79.6354 38.1563 1119.85
Little: -65.2135 60.1753 1117.31
Thumb: 37.616 119.052 1116.13
Index: -6.17806 82.1795 1142.25
Middle: -47.4602 49.2569 1149.06
Ring: -80.1235 37.4807 1120.21
Little: -65.9839 59.4791 1116.82
Thumb: 39.3905 118.797 1120.55
Index: -12.8483 67.7537 1155.03
Middle: -48.8816 53.3081 1153.82
Ring: -83.3279 36.7396 1120.52
Little: -68.4431 58.2675 1116.9
Thumb: 37.5524 119.053 1122.09
Index: -8.18831 80.2514 1167.45
Middle: -54.5202 46.1365 1149.38
Ring: -84.0244 36.7927 1118.53
Little: -69.5635 58.519 1115.35
Thumb: 38.3697 122.678 1123.81
Index: -12.6373 77.679 1166.55
Middle: -50.3771 47.5208 1146.79
Ring: -48.2958 34.9277 1113.48
Little: -68.8067 62.2926 1113.34
Thumb: 47.7401 119.866 1119.03
Index: -7.29683 92.5097 1171.2
Middle: -55.2712 37.6856 1135.17
Ring: -47.9621 34.9743 1110.2
Little: -72.3879 62.51 1109.79
Thumb: 37.5677 121.478 1115.69
Index: -9.4995 99.4624 1173.76
Middle: -56.6421 28.5106 1113.76
Ring: -50.008 34.8323 1107.3
Little: -71.3655 62.686 1105.34
Thumb: 42.579 125.363 1114.95
Index: -12.2711 96.4476 1172.27
Middle: -56.4627 28.5036 1112.9
Ring: -48.6702 34.7872 1105.92
Little: -72.0211 62.5247 1103.39
Thumb: 37.0417 119.44 1112.94
Index: -12.0505 100.106 1171.94
Middle: -55.2106 27.0259 1104.02
Ring: -46.7635 35.2535 1101.18
Little: -72.377 62.9459 1099.24
Thumb: 38.23 123.676 1111.72
Index: -10.5758 99.9475 1169.97
Middle: -56.1601 25.2069 1098.56
Ring: -47.3304 33.9533 1098.84
Little: -72.8781 62.0222 1096.05
Thumb: 39.1464 126.053 1110.23
Index: -9.47952 101.436 1168.22
Middle: -54.7155 26.1657 1096.77
Ring: -46.5755 34.9671 1096.49
Little: -71.9939 62.9109 1094.51
Thumb: 39.3369 128.001 1108.74
Index: -1.53612 113.444 1165.73
Middle: -53.6717 27.3174 1095.8
Ring: -44.1085 35.6489 1095.07
Little: -69.5366 63.1283 1093.14
Thumb: 39.3727 130.216 1106.13
Index: -6.78355 106.565 1166.19
Middle: -51.4075 28.7547 1093.91
Ring: -53.6604 120.503 1167.92
Little: -68.6547 64.6725 1091.28
Thumb: 40.1077 130.278 1104.5
Index: -4.32682 108.19 1166.05
Middle: -50.0121 28.6963 1094.85
Ring: -51.8049 122.542 1167.98
Little: -68.1045 64.8474 1092.4
Thumb: 35.7391 128.565 1103.34
Index: -0.304311 113.461 1165.65
Middle: -47.1906 29.2184 1095.78
Ring: -49.9131 124.896 1167.8
Little: -65.3054 64.8548 1092.89
Thumb: 39.0776 128.627 1099.17
Index: 1.54068 112.433 1165.02
Middle: -43.3112 28.458 1095.99
Ring: -47.5181 123.76 1168.38
Little: -65.0831 64.8441 1093.62
Thumb: 52.4253 126.442 1099.26
Index: 3.84818 110.156 1166.51
Middle: -39.608 28.2579 1100.44
Ring: -43.5453 124.606 1170.55
Little: -62.5477 64.6215 1097.01
Thumb: 53.9242 127.823 1102.25
Index: 5.0067 112.289 1167.58
Middle: -35.1025 36.4303 1115.42
Ring: -43.2969 124.196 1171.51
Little: -60.401 64.021 1098.43
Thumb: 53.6106 130.91 1104.3
Index: 7.01846 113.379 1169.35
Middle: -30.7161 37.135 1118.9
Ring: -40.5686 126.093 1173.55
Little: -57.4169 63.8633 1101.36
Thumb: 49.4268 133.703 1103.51
Index: 13.5415 117.83 1169.61
Middle: -25.5764 36.9655 1120.51
Ring: -35.8751 126.089 1175.42
Little: -52.6643 63.23 1104.61
Thumb: 10.5855 101.793 1088.76
Index: 16.022 117.445 1170.6
Middle: -21.8952 36.0148 1120.65
Ring: -33.4326 124.786 1176.3
Little: -49.1341 62.4833 1106.78
Thumb: 17.7085 94.3655 1095.79
Index: 20.8857 127.48 1171.3
Middle: -15.8229 34.8383 1121.6
Ring: -32.2344 123.46 1177.6
Little: -45.123 60.3996 1105.66
Thumb: 22.7086 91.0437 1097.09
Index: 27.4145 125.041 1172.75
Middle: -11.6595 32.64 1124.73
Ring: -25.7186 121.332 1179.9
Little: -40.2669 57.8406 1108.34
Thumb: 29.7666 87.5944 1103.01
Index: 34.5253 117.056 1176.28
Middle: -4.17111 28.4278 1126.81
Ring: -18.1979 114.973 1183.96
Little: -33.7693 53.9415 1112.29
Thumb: 36.3274 90.1679 1105.19
Index: 36.465 112.869 1178.12
Middle: 2.18487 29.5031 1125.04
Ring: -15.1544 115.41 1183.46
Little: -28.3552 54.8092 1109.76
Thumb: 42.5471 85.7527 1108.54
Index: 43.6421 109.966 1179.99
Middle: 9.20212 24.8067 1127.69
Ring: -7.74777 109.681 1186.22
Little: -22.9157 50.7392 1113.01
Thumb: 50.2137 86.5876 1106.62
Index: 49.364 118.191 1179.84
Middle: 16.4061 24.7268 1127.88
Ring: -5.65702 112.282 1185.98
Little: -17.8968 50.5474 1113.55
Thumb: 56.5243 85.5854 1107.61
Index: 53.8133 112.878 1182.01
Middle: 22.4773 23.4916 1129.79
Ring: -0.779669 113.326 1186.36
Little: -9.88691 48.1012 1113.03
Thumb: 61.2436 86.2013 1105.82
Index: 57.4503 110.625 1182.87
Middle: 28.3348 23.5396 1128.89
Ring: 4.11895 112.874 1185.46
Little: -1.77541 48.0081 1115.53
Thumb: 67.4232 87.7585 1102.7
Index: 64.3469 114.647 1181.69
Middle: 37.0916 24.2251 1127.34
Ring: 9.95088 112.686 1184.96
Little: 7.11057 47.5504 1112.04
Thumb: 73.5052 84.401 1101.64
Index: 71.0015 114.109 1181.13
Middle: 45.1064 22.9298 1127.41
Ring: 15.667 110.133 1184.52
Little: 12.6025 45.1099 1109.88
Thumb: 78.7141 84.2586 1096.4
Index: 75.6372 113.702 1181.38
Middle: 54.1486 24.0049 1128.43
Ring: 25.0901 98.1926 1184.48
Little: 20.2413 44.3983 1109.88
Thumb: 85.1811 89.0379 1097.35
Index: 80.9648 121.272 1180.58
Middle: 61.8306 27.2032 1128.06
Ring: 30.9934 99.9397 1184.8
Little: 27.3709 47.0491 1110.92
Thumb: 91.7798 91.263 1099.63
Index: 86.5149 122.464 1179.99
Middle: 69.0221 26.6903 1127.09
Ring: 36.1214 100.162 1184.97
Little: 32.9781 46.8636 1110.43
Thumb: 98.5442 94.3262 1103.19
Index: 92.8366 119.765 1181.86
Middle: 75.1816 27.9611 1127.02
Ring: 42.4719 104.314 1186.51
Little: 39.302 48.8346 1111.54
Thumb: 105.794 89.9882 1103.21
Index: 100.444 116.736 1182.35
Middle: 80.9216 26.313 1129.9
Ring: 50.7619 97.2156 1187.06
Little: 45.3607 45.5744 1114.3
Thumb: 111.364 88.5873 1101.93
Index: 106.641 118.218 1181.28
Middle: 85.246 21.7831 1127.03
Ring: 52.9666 108.983 1185.75
Little: 50.9363 44.2932 1111.51
Thumb: 113.165 89.7384 1101.58
Index: 109.965 116.013 1181.61
Middle: 86.2409 20.1503 1123.26
Ring: 57.9401 109.334 1186.27
Little: 54.0284 46.1752 1112.03
Thumb: 112.274 89.815 1099.15
Index: 118.443 117.462 1178.65
Middle: 86.7436 22.7948 1125.13
Ring: 67.3316 109.706 1188.01
Little: 56.3644 47.967 1115.01
Thumb: 109.905 87.7609 1097.7
Index: 124 114.16 1176.42
Middle: 81.9451 21.5061 1126.51
Ring: 73.8504 108.447 1189.64
Little: 54.3458 47.918 1117.31
Thumb: 110.251 86.0601 1099.63
Index: 135.525 113.469 1170.93
Middle: 72.0139 22.8707 1131.86
Ring: 85.705 112.964 1189.65
Little: 54.2774 49.6206 1122.38
Thumb: 105.973 81.3394 1093.84
Index: 143.844 110.534 1163.98
Middle: 66.2668 26.1772 1141.18
Ring: 94.949 111.351 1188.07
Little: 51.8073 49.5772 1131.18
Thumb: 158.018 111.4 1101.01
Index: 152.122 107.451 1155.22
Middle: 53.5204 26.4854 1143.37
Ring: 106.283 102.721 1183.89
Little: 52.3669 52.7228 1134.77
Thumb: 160.479 116.159 1089.61
Index: 150.834 137.698 1114.57
Middle: 144.932 118.837 1170.86
Ring: 117.877 115.538 1179.66
Little: 60.9028 53.5217 1136
Thumb: 134.276 109.479 1114.33
Index: 144.415 136.875 1105.04
Middle: 147.281 116.614 1168.02
Ring: 124.332 115.611 1179.33
Little: 59.0657 57.646 1139.36
Thumb: 134.796 115.457 1110.93
Index: 135.635 139.531 1093.75
Middle: 153.26 124.113 1160.35
Ring: 131.16 122.591 1173.42
Little: 54.1377 57.5035 1161.29
Thumb: 132.405 117.296 1116.96
Index: 135.857 142.392 1093.22
Middle: 152.343 129.331 1153.86
Ring: 135.057 121.861 1173.41
Little: 50.0016 64.1004 1175.81
Thumb: 133.273 117.759 1112.68
Index: 139.732 143.189 1094.54
Middle: 155.538 130.544 1150.53
Ring: 139.171 124.644 1170.03
Little: 54.4799 63.145 1179.1
Thumb: 139.439 117.162 1102.9
Index: 161.968 135.761 1105.95
Middle: 144.257 149.796 1124.97
Ring: 125.44 144.121 1146.61
Little: 57.5883 60.3141 1178.15
Thumb: 146.912 117.459 1090.03
Index: 166.507 125.531 1109.74
Middle: 157.454 135.998 1134.55
Ring: 132.416 142.772 1146.26
Little: 60.9805 62.7746 1181.26
Thumb: 150.666 130.744 1051.55
Index: 165.903 121.076 1106.02
Middle: 158.156 131.387 1131.32
Ring: 121.22 140.493 1137.36
Little: 57.6067 60.9777 1176.73
Thumb: 151.093 128.61 1057.22
Index: 160.707 107.471 1104.82
Middle: 144.148 145.157 1116.9
Ring: 119.816 138.896 1133.46
Little: 58.8934 54.9961 1162.84
Thumb: 151.458 126.82 1064.04
Index: 156.396 87.8963 1107.94
Middle: 149.101 138.852 1119.67
Ring: 122.373 138.976 1133.26
Little: 60.0474 55.0849 1158.43
Thumb: 163.029 137.995 1076.58
Index: 153.344 85.3459 1106.39
Middle: 147.8 137.726 1120.05
Ring: 121.684 139.19 1133.23
Little: 61.0813 55.6167 1143.34
Thumb: 163.89 142.69 1095.43
Index: 154.994 88.7986 1109.67
Middle: 144.539 145.135 1119.99
Ring: 122.973 141.164 1135.88
Little: 59.9896 57.2901 1142.81
Thumb: 165.493 137.922 1101.26
Index: 155.733 88.9663 1109.61
Middle: 144.445 141.501 1119.75
Ring: 124.153 138.712 1136.32
Little: 58.7001 55.7004 1144.75
Thumb: 164.132 137.682 1103.96
Index: 157.165 96.9233 1107.02
Middle: 140.913 141.99 1118.41
Ring: 142.107 134.362 1143.64
Little: 58.7802 55.4768 1143.46
Thumb: 178.389 150.573 1092.74
Index: 146.317 126.752 1096.39
Middle: 134.056 145.177 1117.32
Ring: 141.343 135.046 1145.85
Little: 58.3427 56.1933 1143.68
Thumb: 180.592 155.377 1087.42
Index: 145.289 123.26 1096.75
Middle: 157.079 135.574 1128.03
Ring: 140.39 134.159 1145.27
Little: 57.3921 55.0915 1145.54
Thumb: 183.069 159.963 1094.67
Index: 143.203 124.376 1098.83
Middle: 156.015 130.218 1133.65
Ring: 138.114 129.654 1149.56
Little: 54.104 51.7965 1144.48
Thumb: 170.174 145.692 1092.37
Index: 143.933 123.012 1104.17
Middle: 156.292 123.806 1141.93
Ring: 135.044 128.676 1154.29
Little: 49.4313 48.3175 1150.07
Thumb: 176.82 152.835 1089.77
Index: 127.232 126.444 1096.9
Middle: 150.691 128.8 1141.02
Ring: 133.045 127.585 1156.39
Little: 46.7704 48.064 1150.73
Thumb: 175.344 168.236 1065.73
Index: 125.018 124.379 1096.75
Middle: 149.73 128.689 1141.25
Ring: 132.533 126.329 1157.31
Little: 44.6709 48.3773 1152.01
Thumb: 168.252 190.012 1044.87
Index: 127.594 131.311 1097.38
Middle: 151.849 111.367 1156.65
Ring: 123.139 137.368 1153.15
Little: 41.1005 51.61 1147.9
Thumb: 149.906 202.396 1017.97
Index: 127.761 127.143 1091.38
Middle: 154.211 107.314 1161.04
Ring: 121.359 141.45 1146.29
Little: 40.7249 50.3958 1151.74
Thumb: 151.914 201.884 1019.57
Index: 130.189 134.502 1089.85
Middle: 153.494 108.575 1161.53
Ring: 121.25 141.895 1146.76
Little: 38.8581 51.0319 1151.64
Thumb: 151.072 189.563 1018.31
Index: 140.578 136.98 1102.43
Middle: 149.855 112.453 1166.04
Ring: 113.63 145.727 1144.88
Little: 37.361 51.2628 1151.85
Thumb: 158.829 134.946 1126.37
Index: 136.491 143.877 1099.09
Middle: 146.06 114.409 1167.89
Ring: 103.021 146.432 1136.92
Little: 34.9887 51.0555 1149.56
Thumb: 151.768 137.546 1112.87
Index: 152.18 142.924 1120.04
Middle: 142.639 121.607 1162.52
Ring: 97.7981 146.588 1135.66
Little: 35.7165 48.9574 1144.07
Thumb: 150.233 142.034 1101.98
Index: 142.91 151.575 1106.75
Middle: 139.894 125.683 1155.61
Ring: 114.982 138.158 1156.95
Little: 34.6301 48.5633 1139.47
Thumb: 141.282 131.96 1119
Index: 142.482 150.809 1109.41
Middle: 136.139 121.827 1153.33
Ring: 116.395 117.676 1163.5
Little: 33.2643 45.1684 1125.04
Thumb: 146.554 137.764 1111.79
Index: 140.285 153.665 1108.63
Middle: 134.112 122.959 1152.23
Ring: 113.188 124.377 1158.98
Little: 30.699 44.2574 1122.16
Thumb: 165.658 179.459 1077.5
Index: 138.501 118.545 1134.03
Middle: 119.041 109.006 1158.82
Ring: 98.1641 109.848 1164.3
Little: 18.3342 29.1619 1119.9
Thumb: 142.578 204.115 1064.45
Index: 128.816 126.312 1126.28
Middle: 118.516 97.9813 1161.45
Ring: 95.9348 100.811 1165.04
Little: 19.0383 23.5653 1116.75
Thumb: 129.61 205.556 1042.45
Index: 131.032 119.591 1133.08
Middle: 114.636 95.7882 1162.95
Ring: 82.3164 122.592 1148.76
Little: 12.0803 23.7864 1122.24
Thumb: 133.668 176.611 1044
Index: 129.909 115.341 1132.55
Middle: 111.89 113.723 1156.39
Ring: 82.95 122.289 1150.07
Little: 8.73453 25.3392 1126.54
Thumb: 112.448 220.212 1057.5
Index: 126.423 124.52 1124.58
Middle: 112.991 118.664 1152.49
Ring: 86.2192 121.112 1152.84
Little: 19.4184 18.7888 1132.15
Thumb: 113.365 182.026 1039.66
Index: 117.338 133.651 1112.83
Middle: 112.256 122.344 1149.89
Ring: 85.4904 123.526 1150.34
Little: 23.6842 18.3787 1128.58
Thumb: 100.699 180.772 1041.12
Index: 118.318 139.789 1108.72
Middle: 114.255 127.753 1144.61
Ring: 73.1079 129.869 1132.12
Little: 32.0272 19.8777 1124.44
Thumb: 89.7681 183.086 1042.15
Index: 118.001 145.394 1104.51
Middle: 112.702 134.968 1137.83
Ring: 73.3443 129.903 1130.57
Little: 34.3777 21.67 1124.14
Thumb: 92.4323 187.465 1036.01
Index: 95.371 151.599 1084.75
Middle: 112.456 134.484 1138.12
Ring: 72.0491 133.303 1128.76
Little: 33.8619 21.3321 1123.27
Thumb: 88.7745 188.967 1040.5
Index: 121.477 138.423 1110.79
Middle: 111.753 133.287 1139.73
Ring: 71.8052 134.138 1130.67
Little: 32.2784 21.3439 1121.83
Thumb: 78.009 198.499 1023.48
Index: 126.522 130.793 1115.4
Middle: 112.729 129.489 1141.04
Ring: 83.5244 131.903 1142.24
Little: 32.4068 21.3105 1119.6
Thumb: 74.5511 201.225 1023.37
Index: 102.572 163.532 1099.27
Middle: 119.415 93.5987 1138.53
Ring: 79.406 135.403 1138.65
Little: 36.236 21.3368 1115.04
Thumb: 71.4194 222.237 1020.46
Index: 87.9613 158.36 1085.38
Middle: 114.561 113.886 1141.16
Ring: 77.0999 135.348 1138.13
Little: 32.5052 21.9863 1113.48
Thumb: 64.6427 227.135 1016.68
Index: 99.1332 125.767 1089.87
Middle: 112.747 117.849 1139.62
Ring: 75.806 136.111 1137.02
Little: 31.802 22.7659 1112.85
Thumb: 63.5098 230.07 1018.48
Index: 97.9497 125.021 1087.54
Middle: 110.932 122.305 1137.57
Ring: 56.6744 129.151 1117.11
Little: 31.2014 23.2643 1111.9
Thumb: 57.9925 238.166 1023.47
Index: 99.1921 127.594 1088.27
Middle: 108.211 126.223 1133.6
Ring: 65.0441 131.06 1124.92
Little: 30.2316 25.17 1107.36
Thumb: 57.2938 236.029 1024.38
Index: 99.9681 95.3668 1082.1
Middle: 107.649 109.86 1130.28
Ring: 64.2477 128.92 1125.75
Little: 59.6333 79.3797 1148.1
Thumb: 61.2346 231.819 1037.85
Index: 110.987 117.607 1101.49
Middle: 89.0305 151.72 1129.47
Ring: 65.9862 122.746 1140.8
Little: 18.1432 103.621 1150.4
Thumb: 56.9623 231.139 1036.74
Index: 107.755 91.3484 1088.47
Middle: 93.0535 151.49 1129.93
Ring: 67.9208 124.804 1139.05
Little: 22.0093 109.293 1148.25
Thumb: 56.1751 229.984 1039.79
Index: 107.738 86.7502 1084.84
Middle: 93.1392 152.779 1128.48
Ring: 68.4035 125.401 1137.96
Little: 22.1421 107.82 1148.53
Thumb: 58.4552 221.596 1035.02
Index: 109.836 92.9093 1091.18
Middle: 81.4045 159.733 1120.68
Ring: 68.0246 126.291 1138.18
Little: 22.2026 110.855 1151.06
Thumb: 59.5023 218.754 1033.23
Index: 112.705 129.619 1099.66
Middle: 74.9626 161.545 1114.59
Ring: 68.6289 126.776 1137.3
Little: 22.9406 111.513 1151.47
Thumb: 58.9359 204.192 1027.35
Index: 100.985 135.899 1092.43
Middle: 84.0158 151.455 1122.25
Ring: 66.4137 124.882 1139.22
Little: 22.3805 111.342 1151.4
Thumb: 53.7826 191.078 1022.93
Index: 74.903 147.981 1074.16
Middle: 83.5239 152.637 1122.86
Ring: 65.7691 126.385 1137.96
Little: 22.0534 112.402 1149.94
Thumb: 57.4805 180.656 1029.5
Index: 83.9418 131.264 1081.09
Middle: 79.3521 159.259 1121.3
Ring: 64.2635 127 1139.83
Little: 21.3344 110.615 1151.62
Thumb: 63.3128 183.352 1015.62
Index: 87.5205 126.815 1084.02
Middle: 91.6856 150.798 1127
Ring: 64.1665 126.964 1140.1
Little: 25.3963 108.044 1151.94
Thumb: 73.2081 178.293 1019.46
Index: 89.0594 121.716 1088.79
Middle: 94.7543 145.669 1130.96
Ring: 62.2801 126.523 1142.45
Little: 38.0911 93.1053 1144.77
Thumb: 83.7053 189.33 1022.99
Index: 84.5703 117.101 1090.96
Middle: 90.1851 144.7 1141.04
Ring: 62.1726 125.418 1154.85
Little: 36.4997 90.5205 1145.43
Thumb: 89.1153 183.534 1036.1
Index: 96.1019 117.975 1107.9
Middle: 84.2424 152.495 1145.3
Ring: 57.6767 129.046 1158.28
Little: 38.8026 90.6566 1148.18
Thumb: 97.1831 190.416 1035.58
Index: 94.775 131.162 1112.91
Middle: 76.4315 157.101 1151.32
Ring: 51.8112 129.353 1160.92
Little: 39.9433 86.6183 1146.59
Thumb: 95.3781 217.073 1050.58
Index: 103.582 132.238 1132.49
Middle: 81.4167 148.067 1164.52
Ring: 50.3201 127.255 1164.49
Little: 43.5977 85.1994 1148.66
Thumb: 50.7765 273.139 1085.22
Index: 101.455 145.399 1143.9
Middle: 87.9146 136.141 1176.26
Ring: 49.468 128.373 1172.85
Little: 49.6742 84.7724 1150.23
Thumb: 53.3094 253.024 1065.09
Index: 103.483 147.872 1153.49
Middle: 81.269 147.6 1182.03
Ring: 47.7809 129.994 1175.98
Little: 52.0577 89.7551 1152.05
Thumb: 29.5496 259.554 1091.92
Index: 100.541 152.988 1160.24
Middle: 77.1445 150.609 1187.61
Ring: 50.1402 130.209 1182.18
Little: 34.7409 97.186 1165.97
Thumb: -10.8285 262.85 1104.72
Index: 93.8321 169.457 1164.34
Middle: 76.1737 156.751 1190.79
Ring: 51.6838 133.55 1186.22
Little: 56.3535 98.9864 1172.83
Thumb: -5.39484 252.469 1106.24
Index: 89.9129 170.505 1167.16
Middle: 78.3925 151.157 1193.05
Ring: 54.5653 127.461 1188.46
Little: 52.683 94.2912 1178.06
Thumb: -13.5017 255.613 1115.14
Index: 81.8114 173.12 1169.5
Middle: 75.6805 147.237 1198.1
Ring: 54.4114 126.265 1193.18
Little: 54.3014 92.9473 1179.43
Thumb: -3.20832 249.178 1113.82
Index: 83.1449 164.972 1179.73
Middle: 71.8004 141.411 1200.77
Ring: 54.611 120.607 1196.36
Little: 55.4615 87.4691 1180.08
Thumb: 31.1302 235.69 1114.24
Index: 85.6393 153.134 1176.2
Middle: 68.4966 134.589 1202.04
Ring: 53.8304 113.195 1195.86
Little: 54.0769 80.924 1177.67
Thumb: 30.2076 231.415 1116.9
Index: 95.268 139.036 1169.06
Middle: 66.5701 130.644 1201.73
Ring: 51.369 108.861 1194.63
Little: 44.7116 77.5148 1176.06
Thumb: 28.8273 227.547 1115.77
Index: 95.9759 129.608 1166.78
Middle: 64.0982 122.448 1200.8
Ring: 51.8273 101.185 1193.33
Little: 41.1264 70.4414 1172.61
Thumb: 35.2246 226.203 1116.05
Index: 93.6966 125.158 1163.22
Middle: 59.4146 119.877 1198.89
Ring: 48.3114 98.5221 1191.08
Little: 37.5004 68.5897 1169.76
Thumb: 36.7952 222.873 1114.99
Index: 96.0044 118.156 1161.4
Middle: 56.7102 117.305 1197.1
Ring: 47.3157 96.1677 1188.96
Little: 38.5754 66.7719 1166.95
Thumb: 34.2364 218.845 1128.93
Index: 82.7361 126.278 1167.55
Middle: 54.7445 112.094 1196.28
Ring: 43.5524 92.0144 1186.71
Little: 39.1328 63.6931 1163.1
Thumb: 53.6101 202.3 1125.05
Index: 79.5246 124.168 1170.49
Middle: 52.1593 108.346 1196.07
Ring: 44.243 88.7367 1186.02
Little: 36.764 61.23 1161.04
Thumb: 51.9938 228.457 1120.56
Index: 102.585 107.401 1143.35
Middle: 53.0939 108.914 1194.78
Ring: 45.2674 89.2188 1184.83
Little: 26.5463 61.5218 1158.21
Thumb: 49.5567 228.069 1122.17
Index: 97.8278 108.33 1143.47
Middle: 51.6627 106.908 1193.4
Ring: 43.8411 87.4765 1182.99
Little: 23.2416 60.5334 1153.95
Thumb: 48.7753 225.435 1124.89
Index: 91.336 117.405 1141.32
Middle: 50.9319 109.532 1192.18
Ring: 44.9006 89.0263 1181.79
Little: 25.6498 61.414 1153.53
Thumb: 53.6854 214.716 1125.06
Index: 91.1033 116.413 1139.56
Middle: 49.4435 109.673 1189.97
Ring: 40.8024 90.7142 1179.42
Little: 19.1378 61.3139 1147.56
Thumb: 49.134 213.842 1119.71
Index: 85.8875 122.912 1137.6
Middle: 49.2321 111.977 1186.91
Ring: 41.7512 91.9545 1176.75
Little: 23.0406 62.1401 1147.89
Thumb: 50.4143 211.858 1117.49
Index: 81.8811 124.857 1134.14
Middle: 49.1217 111.705 1184.22
Ring: 44.744 89.8299 1173.96
Little: 19.5644 62.9272 1144.42
Thumb: 45.6359 213.862 1112.8
Index: 72.0679 133.741 1129.33
Middle: 46.833 113.873 1182.49
Ring: 33.7235 95.9725 1172.1
Little: 18.6255 64.9202 1143.42
Thumb: 44.4269 208.932 1111.38
Index: 69.3586 136.548 1118.94
Middle: 45.4946 115.264 1180.58
Ring: 27.2058 99.5514 1169.13
Little: 20.2905 66.2709 1144.29
Thumb: 44.5831 208.024 1109.93
Index: 69.6444 137.629 1113.15
Middle: 47.1936 115.504 1176.94
Ring: 28.0554 100.28 1165.41
Little: 30.3939 66.4462 1143.03
Thumb: 45.0098 209.881 1106.05
Index: 69.379 138.217 1107.68
Middle: 48.1554 116.895 1174.86
Ring: 28.857 101.444 1163.81
Little: 31.3175 66.923 1141.91
Thumb: 47.8974 216.384 1104.82
Index: 85.9264 124.596 1110.72
Middle: 48.8139 117.177 1172.87
Ring: 29.2878 101.956 1162.15
Little: 28.9702 68.2906 1140.04
Thumb: 46.2908 214.395 1100.74
Index: 91.0501 121.986 1114.79
Middle: 44.5116 120.795 1173.09
Ring: 20.6702 106.852 1158.43
Little: 29.7475 69.4932 1141.01
Thumb: 45.2363 213.446 1101.55
Index: 84.1387 126.238 1116.56
Middle: 42.3647 119.825 1172.8
Ring: 16.7619 106.311 1156.01
Little: 28.5913 68.7824 1139.85
Thumb: 47.667 211.884 1101.54
Index: 89.5914 121.05 1114.96
Middle: 42.1967 119.316 1172.71
Ring: 18.5486 105.403 1157.68
Little: 27.0881 68.8275 1139.83
Thumb: 48.6852 217.208 1100.04
Index: 88.1852 120.284 1115.49
Middle: 42.1799 119.587 1172.99
Ring: 19.5487 105.433 1158.5
Little: 26.8076 68.9576 1140.41
Thumb: 47.0351 214.736 1099.63
Index: 77.8876 128.827 1130.57
Middle: 41.5022 122.248 1174.44
Ring: 16.8845 108.494 1158.13
Little: 25.7026 70.6134 1143.52
Thumb: 48.4418 222.062 1096.47
Index: 73.9604 131.81 1130.43
Middle: 41.7316 124.375 1177.62
Ring: 12.4588 111.922 1155.36
Little: 23.3824 72.7778 1148.24
Thumb: 48.5614 222.725 1100.49
Index: 80.4035 127.145 1140.48
Middle: 43.3137 124.291 1182.32
Ring: 17.3473 111.304 1166.86
Little: 23.3528 73.4091 1153.32
Thumb: 44.8336 230.95 1107.13
Index: 87.3215 121.033 1137.73
Middle: 44.4626 124.965 1189.18
Ring: 18.1462 111.705 1173.49
Little: 24.4086 73.9598 1160.75
Thumb: 49.8947 221.409 1108.98
Index: 93.7976 112.373 1137.42
Middle: 39.663 130.745 1193.21
Ring: 14.9495 113.959 1177.25
Little: 23.6071 74.8558 1169.53
Thumb: 54.9026 217.527 1108.45
Index: 66.5875 141.623 1147.75
Middle: 44.4336 131.809 1198.9
Ring: 14.1563 113.073 1182.32
Little: 25.861 76.4261 1176.57
Thumb: 57.6814 216.253 1111.51
Index: 74.2847 134.774 1133.05
Middle: 51.6503 139.003 1198.34
Ring: 32.74 117.445 1191.65
Little: 27.3311 81.3999 1183.47
Thumb: 57.4656 218.311 1108.22
Index: 77.8964 138.092 1132.98
Middle: 61.8051 142.475 1197.96
Ring: 36.545 121.765 1190.72
Little: 29.4268 84.6077 1186.44
Thumb: 63.8933 220.641 1112.08
Index: 86.6383 134.29 1134.31
Middle: 69.9398 150.395 1197.99
Ring: 46.5995 131.613 1197.4
Little: 22.8907 97.9113 1193.49
Thumb: 72.1438 208.014 1126.05
Index: 89.9803 137.059 1135.91
Middle: 80.6445 149.62 1200.39
Ring: 51.3203 133.686 1201.58
Little: 30.4473 102.246 1198.12
Thumb: 72.6868 224.373 1129.92
Index: 97.5196 148.687 1136.23
Middle: 84.4654 155.128 1202.52
Ring: 54.4415 138.435 1203.17
Little: 35.2004 106.8 1200.25
Thumb: 80.6001 221.794 1128.24
Index: 106.019 147.051 1134.98
Middle: 91.7322 158.942 1201.2
Ring: 63.5541 144.613 1205.63
Little: 41.8033 112.326 1204.06
Thumb: 83.9744 223.496 1125.21
Index: 127.515 123.678 1131.76
Middle: 97.3282 155.1 1201.52
Ring: 66.4225 143.704 1206.29
Little: 44.6606 113.805 1205.09
Thumb: 76.8359 231.906 1107.98
Index: 139.14 143.513 1144.79
Middle: 91.7707 162.939 1197.37
Ring: 75.0446 147.259 1204.71
Little: 50.3886 116.235 1203.5
Thumb: 78.3858 240.312 1101.58
Index: 131.277 163.205 1161.92
Middle: 100.31 161.106 1195.77
Ring: 81.026 146.338 1202.8
Little: 53.1114 116.038 1201.66
Thumb: 87.8253 235.609 1101.25
Index: 132.706 166.743 1163.54
Middle: 105.638 161.999 1195.98
Ring: 85.0955 146.227 1201.78
Little: 55.4445 116.176 1199.28
Thumb: 67.3394 265.267 1081.99
Index: 130.632 172.081 1162.25
Middle: 111.603 159.414 1193.11
Ring: 88.6006 143.613 1198.57
Little: 61.3623 112.122 1194.92
Thumb: 91.8327 246.191 1063.06
Index: 129.386 163.312 1167.47
Middle: 115.038 146.691 1192.24
Ring: 83.648 137.461 1198.4
Little: 61.7278 110.325 1195.85
Thumb: 113.707 182.665 1089.03
Index: 144.721 73.432 1108.91
Middle: 116.055 137.327 1190.91
Ring: 87.4056 132.597 1197.67
Little: 51.5352 114.977 1195.77
Thumb: 116.291 210.497 1066.95
Index: 149.809 75.3473 1091.76
Middle: 123.199 132.638 1183.83
Ring: 84.955 132.109 1190.21
Little: 59.1432 108.407 1190.03
Thumb: 109.057 223.586 1058.4
Index: 152.358 75.7162 1086.56
Middle: 106.578 140.386 1177.9
Ring: 87.6701 127.961 1187.83
Little: 57.0332 106.089 1186.25
Thumb: 108.916 224.556 1051.74
Index: 149.833 68.4855 1087.7
Middle: 106.996 136.143 1177.13
Ring: 87.6916 124.856 1187.48
Little: 57.5004 103.454 1186.39
Thumb: 110.772 226.432 1047.23
Index: 149.194 122.74 1145.58
Middle: 111.979 133.226 1176.78
Ring: 88.7475 122.55 1183.35
Little: 60.0801 100.434 1183.14
Thumb: 112.53 208.186 1058.19
Index: 129.991 141.212 1145.62
Middle: 121.029 122.735 1171.42
Ring: 97.2563 114.705 1178.38
Little: 61.604 97.1356 1176.94
Thumb: 113.849 201.524 1052.55
Index: 108.527 140.534 1129.54
Middle: 113.235 122.113 1167.27
Ring: 96.28 110.559 1174.64
Little: 57.0605 96.3602 1173.46
Thumb: 113.615 198.888 1050.79
Index: 110.055 139.596 1131.94
Middle: 119.031 116.251 1165.69
Ring: 94.5885 110.464 1174.16
Little: 57.0697 94.9576 1173.06
Thumb: 112.148 165.285 1070.27
Index: 111.664 138.079 1131.23
Middle: 127.886 109.931 1164.74
Ring: 94.4234 111.701 1173.81
Little: 59.0207 95.6913 1174.41
Thumb: 106.144 163.215 1076.28
Index: 137.843 112.202 1121.93
Middle: 129.48 107.712 1163.3
Ring: 93.8295 110.628 1173.51
Little: 58.2503 94.0778 1173.66
Thumb: 109.623 173.783 1072.57
Index: 139.114 110.923 1121.18
Middle: 130.271 108.304 1162.73
Ring: 93.5934 111.976 1173.26
Little: 61.5212 93.2694 1174.5
Thumb: 105.805 168.318 1068.34
Index: 132.392 116.131 1113.55
Middle: 132.644 110.892 1159.85
Ring: 96.1133 113.153 1171.77
Little: 63.7117 93.785 1173.96
Thumb: 105.152 167.486 1066.75
Index: 142.398 91.7747 1094.98
Middle: 133.85 113.317 1158.34
Ring: 94.7954 116.057 1170.59
Little: 65.745 94.542 1173.89
Thumb: 105.307 167.445 1065.72
Index: 138.296 93.9225 1095.31
Middle: 126.449 117.499 1160.8
Ring: 94.3196 113.819 1170.56
Little: 64.1203 92.7032 1173.32
Thumb: 106.431 163.913 1067.03
Index: 117.687 98.7432 1085.58
Middle: 125.841 112.912 1159.45
Ring: 90.2699 112.821 1170.03
Little: 56.8494 93.2144 1172.05
Thumb: 112.468 168.426 1058.4
Index: 115.673 99.5171 1081.68
Middle: 127.965 113.15 1156.58
Ring: 93.9295 113.153 1168.49
Little: 59.8093 93.6643 1171.67
Thumb: 109.621 167.315 1060.33
Index: 110.16 97.9695 1084.42
Middle: 108.376 127.875 1157.96
Ring: 84.0047 116.623 1167.76
Little: 58.439 93.6204 1171.78
Thumb: 110.76 169.787 1055.73
Index: 107.42 96.5627 1083.31
Middle: 108.257 127.814 1155.05
Ring: 89.6838 112.966 1168.18
Little: 54.2958 94.4985 1171.16
Thumb: 110.69 168.511 1055.06
Index: 107.602 98.2133 1087.37
Middle: 103.724 130.329 1155.82
Ring: 86.166 114.92 1167.54
Little: 53.2868 94.2459 1171.54
Thumb: 110.547 167.733 1055.69
Index: 106.692 96.361 1086.27
Middle: 109.169 126.42 1156.91
Ring: 88.9606 112.18 1168.49
Little: 52.5673 94.1037 1171.65
Thumb: 110.054 168.606 1055.78
Index: 106.617 96.7039 1085.75
Middle: 110.317 128.494 1155.42
Ring: 89.1098 112.464 1168.97
Little: 52.5265 94.2456 1172.01
Thumb: 99.6103 163.076 1066.64
Index: 106.644 95.3711 1086.76
Middle: 107.611 128.957 1156.46
Ring: 89.4633 112.507 1169.03
Little: 52.4427 94.4537 1172.15
Thumb: 112.216 184.891 1040.54
Index: 104.75 94.7606 1084.71
Middle: 115.088 122.672 1157.76
Ring: 90.1978 112.247 1168.91
Little: 52.3253 94.4066 1172.16
Thumb: 97.0268 214.614 1026.71
Index: 104.861 93.9014 1085.08
Middle: 110.703 122.323 1159.32
Ring: 88.9137 112.016 1169.1
Little: 49.6552 94.701 1171.93
Thumb: 98.8992 215.026 1028.53
Index: 108.981 100.415 1092.66
Middle: 110.302 119.38 1160.38
Ring: 83.9672 113.072 1168.59
Little: 48.79 93.5015 1171.42
Thumb: 101.321 214.782 1030.57
Index: 109.343 105.304 1092.67
Middle: 111.148 120.522 1159.14
Ring: 103.473 98.8589 1164.93
Little: 49.6935 94.5128 1170.86
Thumb: 90.2365 221.865 1027.92
Index: 110.725 97.8146 1096.07
Middle: 115.005 112.173 1157.53
Ring: 95.1738 104.445 1168.42
Little: 49.8138 96.0935 1173.95
Thumb: 87.3574 226.841 1028.03
Index: 111.281 93.3904 1094.26
Middle: 107.095 124.453 1161.17
Ring: 97.8949 104.751 1169.47
Little: 52.6253 97.7677 1175.98
Thumb: 86.31 226.95 1030.9
Index: 113.133 103.087 1088.43
Middle: 107.926 123.7 1159.82
Ring: 89.5814 109.129 1163.78
Little: 51.0115 99.4391 1174.17
Thumb: 94.1676 220.635 1030.33
Index: 113.571 108.017 1088.23
Middle: 114.99 122.837 1156.78
Ring: 84.8692 113.364 1158.22
Little: 54.95 101.903 1173.47
Thumb: 100.415 215.032 1027.26
Index: 120.652 107.623 1081.52
Middle: 112.174 125.845 1148.01
Ring: 88.3659 114.1 1152.64
Little: 60.2306 102.22 1170.19
Thumb: 93.9415 184.526 1013.38
Index: 116.216 99.7578 1079.8
Middle: 119.47 122.517 1147.86
Ring: 89.9704 113.48 1151.01
Little: 58.2139 104.077 1167.84
Thumb: 92.3465 186.234 1013.77
Index: 113.32 97.4655 1076.6
Middle: 119.084 125.161 1143.46
Ring: 90.0601 116.153 1148.33
Little: 50.6348 109.738 1164.27
Thumb: 94.1957 190.223 1011.43
Index: 120.794 79.9775 1064.41
Middle: 116.545 129.283 1136.19
Ring: 99.8262 114.147 1142.68
Little: 53.7178 110.841 1159.8
Thumb: 94.6118 191.676 1012.28
Index: 117.003 75.6462 1062.06
Middle: 134.043 113.163 1125.7
Ring: 102.893 113.516 1141.09
Little: 58.9091 112.671 1161.79
Thumb: 106.687 222.984 1018.63
Index: 125.949 97.6823 1091.05
Middle: 131.247 104.666 1129.62
Ring: 101.185 110.973 1144.13
Little: 83.2498 107.697 1170.03
Thumb: 146.213 122.65 1077.95
Index: 118.316 103.511 1097.62
Middle: 128.971 94.6982 1130.53
Ring: 99.8631 105.148 1145.89
Little: 86.1015 95.8328 1170.69
Thumb: 140.522 118.064 1079.4
Index: 84.9457 112.815 1086.3
Middle: 100.403 123.08 1126.01
Ring: 112.824 99.3879 1146.07
Little: 46.5327 44.8738 1138.85
Thumb: 103.301 109.678 1111.47
Index: 87.3867 119.607 1086.36
Middle: 96.61 125.32 1121.72
Ring: 120.425 99.3028 1143.67
Little: 39.701 42.7963 1133.49
Thumb: 103.103 108.835 1119.24
Index: 103.641 124.526 1063.14
Middle: 106.401 126.504 1120.82
Ring: 121.415 105.963 1140.18
Little: 43.561 44.0823 1133.54
Thumb: 101.113 110.979 1117.49
Index: 101.283 126.397 1059.38
Middle: 112.463 125.856 1106.68
Ring: 127.455 103.956 1133.54
Little: 47.2427 44.2141 1131.63
Thumb: 96.5925 121.52 1133.58
Index: 97.48 126.509 1064.46
Middle: 114.761 126.006 1105.24
Ring: 127.066 102.403 1131.51
Little: 49.0501 43.8045 1130.83
Thumb: 90.6349 134.063 1140.9
Index: 100.032 125.238 1063.99
Middle: 118.952 124.189 1102.86
Ring: 105.576 126.747 1132.32
Little: 51.5581 42.8149 1129.33
Thumb: 86.5015 139.998 1141.34
Index: 96.5301 127.737 1059.27
Middle: 114.55 118.199 1100.64
Ring: 105.6 127.305 1132.21
Little: 54.238 43.3266 1130.3
Thumb: 90.7443 127.984 1141.83
Index: 86.8826 124.829 1058.85
Middle: 124.256 116.697 1102.6
Ring: 75.6898 128.808 1130.88
Little: 56.6968 42.3698 1130.31
Thumb: 91.6928 131.226 1143.74
Index: 93.2084 126.413 1057.81
Middle: 117.305 114.551 1097.02
Ring: 77.5977 128.967 1131.21
Little: 56.7125 41.4641 1130.2
Thumb: 90.7636 120.216 1136.92
Index: 85.705 129.842 1054.93
Middle: 111.723 116.848 1096.83
Ring: 68.1024 125.934 1111.39
Little: 55.8063 44.7118 1127.12
Thumb: 97.3246 130.149 1144.17
Index: 86.6337 131.969 1055.17
Middle: 96.7826 120.299 1092.7
Ring: 61.7696 125.696 1111.12
Little: 68.0633 55.3174 1130.87
Thumb: 63.0224 105.9 1161.85
Index: 77.1855 117.126 1160.95
Middle: 20.2224 112.611 1166.4
Ring: -15.7246 63.5469 1138.36
Little: 4.60117 54.2115 1094.89
Thumb: 65.3736 97.0284 1153.45
Index: 81.5041 113.409 1159.16
Middle: 31.9768 112.654 1167.02
Ring: 12.2489 32.2416 1122.17
Little: -3.839 62.811 1099.84
Thumb: 61.7226 96.1361 1143.73
Index: 56.4818 99.6606 1184.01
Middle: 30.4857 110.816 1171.41
Ring: 5.77276 30.2592 1116.02
Little: -7.90853 62.9382 1098.23
Thumb: 62.2103 94.7345 1140.94
Index: 58.7955 99.8287 1181.96
Middle: 8.24557 91.8728 1174.46
Ring: 7.00985 27.6143 1106.96
Little: -8.4125 63.0895 1096.71
Thumb: 126.186 88.2504 1161.46
Index: 58.6802 98.3985 1180.18
Middle: 19.4022 102.288 1177.82
Ring: 7.11157 28.4212 1107.24
Little: -7.86386 64.6169 1096.85
Thumb: 134.618 92.2054 1156.62
Index: 58.3815 95.1092 1177.97
Middle: -3.76656 24.301 1112.92
Ring: 7.27787 27.3223 1107.21
Little: -10.7589 65.0685 1099.45
Thumb: 132.615 90.2846 1152.96
Index: 59.8261 97.0702 1176.61
Middle: -3.90848 17.2802 1091.32
Ring: 13.0993 32.8309 1116.32
Little: -9.92059 63.2275 1095.08
Thumb: 136.059 90.9912 1143.9
Index: 63.8041 95.0862 1172.34
Middle: -3.0588 17.2104 1093.2
Ring: 1.95919 120.07 1154.34
Little: -9.99229 62.8907 1092.14
Thumb: 137.176 94.3595 1137.45
Index: 62.1607 92.9673 1168.63
Middle: -2.08553 16.2174 1087.87
Ring: 2.70331 117.387 1154.08
Little: -10.429 58.9629 1089.5
Thumb: 139.709 97.1868 1128.43
Index: 66.6244 92.9655 1167.42
Middle: -0.968769 17.1075 1086.86
Ring: 6.9974 117.766 1155.49
Little: -9.23452 57.4144 1087.33
Thumb: 135.503 96.8499 1122.31
Index: 68.3534 92.7732 1165.05
Middle: -1.50259 19.0773 1086.97
Ring: 8.96142 120.102 1153.81
Little: -9.60211 59.6652 1087.59
Thumb: 134.016 96.4126 1118.31
Index: 67.3433 92.6532 1163.08
Middle: -2.80633 19.149 1086.54
Ring: 9.84533 117.463 1147.78
Little: -10.4148 58.8913 1083.57
Thumb: 130.786 96.3166 1118.07
Index: 65.6469 95.1357 1161.77
Middle: -3.86504 20.7978 1078.99
Ring: 8.51373 116.414 1150
Little: -11.2787 60.5272 1079.71
Thumb: 132.702 97.5131 1110.43
Index: 65.1932 91.8417 1157.33
Middle: -5.40262 18.3316 1076.25
Ring: 8.29049 118.543 1146.75
Little: -14.2455 58.2493 1078.52
Thumb: 131.996 97.753 1107.3
Index: 65.9515 91.7875 1155.15
Middle: -5.78255 18.6167 1074.76
Ring: 8.02443 116.333 1145.87
Little: -14.1546 58.0071 1074.03
Thumb: 132.163 99.4716 1105.29
Index: 66.56 92.1897 1152.76
Middle: -6.6983 19.3663 1070.9
Ring: 11.0813 117.478 1143.6
Little: -14.0908 58.2425 1069.57
Thumb: 131.689 97.8798 1099.78
Index: 65.4788 91.2754 1151.13
Middle: -7.08151 18.9493 1067.15
Ring: 10.792 117.316 1141.79
Little: -15.4021 58.3426 1070.2
Thumb: 129.266 97.4889 1098.34
Index: 60.186 87.6013 1150.92
Middle: -7.67869 18.587 1064.95
Ring: 8.46784 117.065 1140.36
Little: -16.837 58.2147 1069.97
Thumb: 128.36 97.2721 1096.6
Index: 60.4191 88.9474 1149.15
Middle: -8.16757 17.9428 1065.07
Ring: 6.84964 115.614 1139.78
Little: -17.6248 57.7022 1071.02
Thumb: 128.99 97.6629 1097.49
Index: 57.9252 88.7238 1149.24
Middle: -9.3568 19.0616 1069.8
Ring: 6.8811 116.529 1139.14
Little: -18.1738 58.7499 1070.32
Thumb: 129.517 98.5537 1094.92
Index: 59.4821 87.3741 1147.32
Middle: -7.71515 21.6207 1078
Ring: 9.63917 115.432 1139.65
Little: -18.0702 58.2072 1069.31
Thumb: 130.039 99.9214 1094.97
Index: 58.5851 87.7659 1147.64
Middle: -6.78569 21.4606 1080.46
Ring: 8.75007 113.604 1141.81
Little: -18.0135 57.8163 1070.75
Thumb: 130.082 100.555 1098.38
Index: 56.3953 88.4293 1148.76
Middle: -7.34442 20.9524 1077.32
Ring: 6.59919 114.604 1140.87
Little: -18.5585 57.5832 1068.64
Thumb: 130.116 100.551 1098.58
Index: 56.1344 87.6569 1148.98
Middle: -7.13582 20.8811 1077.76
Ring: 7.72494 114.219 1141.27
Little: -18.4836 57.5854 1068.93
Thumb: 129.227 100.305 1100.94
Index: 55.7387 86.7978 1150.57
Middle: -6.86524 21.1394 1079.48
Ring: 7.62027 117.991 1138.64
Little: -17.4144 57.3221 1066.47
Thumb: 128.999 99.3078 1104.54
Index: 55.0166 85.3697 1151.85
Middle: -6.95133 20.786 1080.65
Ring: 5.93445 115.772 1139.72
Little: -17.421 56.5516 1067.55
Thumb: 127.966 98.8062 1107.24
Index: 54.0051 86.73 1154.94
Middle: -5.50022 20.5506 1084.57
Ring: 5.06463 116.835 1141.18
Little: -16.2137 55.785 1069.78
Thumb: 128.982 100.025 1112.64
Index: 54.5061 85.7093 1158.34
Middle: -5.11928 16.9369 1083.02
Ring: 5.40388 114.913 1146.2
Little: -14.5378 55.4682 1073.69
Thumb: 128.967 100.725 1114.77
Index: 58.3975 90.78 1160.34
Middle: -4.32374 16.4368 1086.5
Ring: 4.17926 115.455 1148.34
Little: -13.9778 54.3806 1076.95
Thumb: 130.732 101.637 1114.12
Index: 60.6342 87.7793 1161.32
Middle: -3.01966 15.5382 1092.96
Ring: 6.77029 113.276 1151.33
Little: -13.3104 52.9952 1079.1
Thumb: 133.982 101.312 1118.69
Index: 52.6159 83.7312 1167.02
Middle: -2.49605 13.8225 1096.83
Ring: 2.69357 112.613 1156.92
Little: -15.4548 53.4334 1080.67
Thumb: 134.829 102.97 1120.3
Index: 53.0708 84.0508 1168.79
Middle: -0.996182 13.0626 1098.59
Ring: 2.98071 108.68 1159.77
Little: -14.3596 52.6522 1082.52
Thumb: 135.4 104.121 1121.23
Index: 53.5434 85.221 1174.16
Middle: -2.2436 12.179 1100.7
Ring: 5.44805 111.902 1164.61
Little: -14.0558 51.6645 1089.53
Thumb: 132.182 104.62 1129.56
Index: 49.5284 84.3887 1178.1
Middle: -1.16308 10.7101 1102.31
Ring: 0.286262 106.587 1169.68
Little: -13.5522 50.7519 1089.36
Thumb: 127.505 101.749 1139.49
Index: 47.402 86.1746 1182.77
Middle: -1.72208 12.1642 1108.27
Ring: -1.28129 108.204 1171.71
Little: -13.4091 52.2203 1093.35
Thumb: 120.794 98.3573 1156.44
Index: 37.7817 79.7857 1188.32
Middle: -2.25392 17.1389 1117.43
Ring: -5.01199 109.106 1173.96
Little: -11.599 52.6319 1093.04
Thumb: 122.116 100.707 1160.7
Index: 46.6401 92.4413 1193.92
Middle: -2.51744 17.7342 1119.84
Ring: -7.25693 114.786 1175.13
Little: -9.67286 51.4739 1097.48
Thumb: 127.113 103.032 1159.4
Index: 48.9077 90.716 1196.63
Middle: -1.31556 17.037 1122.45
Ring: -4.78824 102.143 1183
Little: -8.41985 50.4066 1102.37
Thumb: 136.587 107.028 1148.08
Index: 60.1065 89.6066 1197.96
Middle: 0.491911 21.1151 1130.72
Ring: 5.56145 100.623 1191.02
Little: -7.13688 53.3182 1110.35
Thumb: 133.691 107.459 1151.81
Index: 62.5426 92.1584 1199.34
Middle: -2.6454 21.9569 1125.95
Ring: -17.2199 30.486 1121.05
Little: -8.84397 54.6837 1114.86
Thumb: 117.337 106.921 1174.24
Index: 39.5989 94.6019 1203.99
Middle: -4.22056 25.1292 1127.18
Ring: -20.0775 32.8853 1118.71
Little: -29.6583 92.5541 1151.33
Thumb: 67.1978 106.237 1221.61
Index: 20.0361 114.232 1198.33
Middle: -6.32163 17.1309 1102.99
Ring: -23.3522 34.6866 1099.83
Little: -36.9004 90.4896 1115.1
Thumb: 88.1023 187.29 1231.52
Index: 18.8218 115.763 1177.82
Middle: -4.41316 14.9809 1103.4
Ring: -27.9618 37.9904 1099.19
Little: -33.6792 86.5386 1097.59
Thumb: 86.5912 139.02 1227.15
Index: 28.3814 111.756 1167.04
Middle: -8.97335 17.1771 1111.37
Ring: -25.4293 36.311 1101.91
Little: 1.30365 49.534 1089.77
Thumb: 84.5426 145.976 1230.53
Index: 24.7895 113.264 1164.51
Middle: -8.60277 17.3596 1110.52
Ring: -18.1094 32.6813 1092.77
Little: 4.67951 50.1678 1087.33
Thumb: 81.8231 146.106 1229.66
Index: 23.6159 120.695 1168.55
Middle: -10.6086 23.5479 1108.79
Ring: -1.91029 27.5456 1108.03
Little: 7.91663 51.6671 1087.61
Thumb: 79.2296 145.617 1225.75
Index: 9.72479 87.7182 1151.87
Middle: -7.41871 21.844 1105.76
Ring: -3.72208 30.0204 1086.25
Little: 6.02675 51.8282 1083.94
Thumb: 86.9934 154.01 1208.23
Index: 9.06871 96.2835 1152.35
Middle: -2.49632 31.599 1102.95
Ring: 0.242578 39.8276 1082.83
Little: 9.43693 63.4348 1086.34
Thumb: -4.15116 151.776 1158.82
Index: 3.50476 93.9004 1150.61
Middle: -5.36179 28.8269 1104.23
Ring: -0.3149 35.5465 1084.69
Little: 6.39935 60.5046 1087.11
Thumb: -21.8055 154.17 1186.56
Index: -4.38952 85.0927 1149.54
Middle: -6.49334 28.1397 1105.2
Ring: 1.77741 34.1559 1083.87
Little: 10.9314 57.3718 1088.33
Thumb: 140.411 102.842 1060.48
Index: 66.2905 70.8096 1130.38
Middle: 5.89768 35.778 1157.63
Ring: -27.5804 50.7003 1148.61
Little: -0.542731 70.4906 1153.64
Thumb: 84.0243 104.883 1089.98
Index: 104.352 99.6719 1125.2
Middle: -11.9292 26.0565 1133.43
Ring: -28.5365 40.8977 1139.82
Little: -13.7281 62.5774 1150.71
Thumb: 104.151 102.327 1068.48
Index: 102.804 102.777 1129.52
Middle: -5.11781 14.7503 1118.65
Ring: -6.45496 25.3551 1121.43
Little: -24.6116 57.0581 1140.11
Thumb: 98.3229 94.9684 1071.69
Index: 95.8338 92.8272 1152
Middle: -13.9542 17.6246 1122.22
Ring: -8.22242 25.312 1119.81
Little: -29.5447 57.7933 1136.95
Thumb: 119.969 100.643 1106.23
Index: 17.2228 35.8379 1137.11
Middle: -12.4526 16.8336 1122.21
Ring: -7.35522 24.7279 1119.55
Little: -32.2314 56.2545 1132.68
Thumb: 114.661 103.696 1113.34
Index: 14.1331 37.391 1136.59
Middle: -16.4976 17.0318 1119.84
Ring: -9.09761 24.2832 1117.35
Little: -27.6502 69.0762 1141.23
Thumb: 105.196 97.5709 1111.99
Index: 13.9501 39.1033 1137.91
Middle: -15.6581 16.664 1119.01
Ring: -8.82214 24.3509 1116.9
Little: -30.2391 69.0091 1139.58
Thumb: 122.125 112.136 1097.93
Index: 14.399 45.2922 1139.8
Middle: -18.2361 17.5914 1118.56
Ring: -12.2269 25.3841 1117.02
Little: -35.4697 70.9744 1137.45
Thumb: 121.344 109.57 1098.36
Index: 10.8616 43.713 1139.98
Middle: -20.4187 18.4327 1118.81
Ring: -14.3463 26.1302 1117.25
Little: -36.8249 72.3296 1137.26
Thumb: 121.618 115.316 1089.13
Index: 7.46491 42.1162 1138.53
Middle: -21.7032 18.2882 1117.22
Ring: -15.5182 26.1644 1115.7
Little: -38.307 72.517 1135.65
Thumb: 123.151 117.45 1086.64
Index: 2.7976 38.0723 1135.98
Middle: -21.9751 18.684 1116.24
Ring: -17.1861 26.7018 1115.07
Little: -38.5284 74.0778 1135.94
Thumb: 122.82 115.203 1087.81
Index: 5.89667 42.3597 1137.86
Middle: -24.2132 18.9486 1114.73
Ring: -18.6644 26.5701 1113.53
Little: -40.0984 74.1846 1133.93
Thumb: 102.088 86.9757 1109.01
Index: 8.13463 46.4072 1138.18
Middle: -24.0489 18.7299 1114.55
Ring: -18.9649 26.5896 1113.38
Little: -41.3633 73.2394 1133.16
Thumb: 128.774 117.68 1100.23
Index: 15.2834 45.7459 1139
Middle: -26.1095 19.2296 1114.01
Ring: -20.0437 26.7273 1112.8
Little: -43.6096 71.5233 1130.41
Thumb: 131.731 124.349 1087.04
Index: 9.29505 36.3745 1135.28
Middle: -28.522 19.1854 1115.36
Ring: -21.3363 26.131 1113.78
Little: -44.1837 71.4967 1131.72
Thumb: 130.857 132.002 1087.01
Index: 8.83029 39.1227 1136.68
Middle: -29.9245 20.7654 1114.72
Ring: -22.4694 27.5681 1113.65
Little: -45.514 72.9683 1130.06
Thumb: 130.182 133.488 1087.52
Index: 10.9695 41.5934 1137.77
Middle: -30.5548 21.1408 1113.3
Ring: -23.9482 28.2745 1112.05
Little: -46.3002 74.7533 1128.66
Thumb: 130.94 135.588 1079.53
Index: 8.22494 37.6173 1136.05
Middle: -30.8212 20.4854 1113.39
Ring: -23.7552 27.472 1112.21
Little: -46.6971 74.1867 1127.77
Thumb: 130.367 137.308 1087.18
Index: 9.15192 41.9291 1138.28
Middle: -29.7968 21.5051 1113.36
Ring: -23.1177 28.6468 1112.18
Little: -46.6365 75.8959 1127.46
Thumb: 130.164 134.427 1099.5
Index: 10.1697 42.2575 1139.21
Middle: -28.4083 21.1301 1114.14
Ring: -21.8365 28.3585 1112.98
Little: -46.0913 75.3904 1127.85
Thumb: 127.747 135.497 1099.45
Index: 9.10997 43.5462 1139.25
Middle: -27.6682 21.1443 1115.69
Ring: -20.3298 27.9722 1113.58
Little: -45.1589 73.2308 1129.13
Thumb: 127.413 130.76 1103.65
Index: 9.49879 42.2173 1140.49
Middle: -28.5972 20.5944 1117.3
Ring: -21.1269 27.2804 1114.87
Little: -45.6364 73.3167 1129.86
Thumb: 127.166 133.163 1097.15
Index: 9.1997 40.9352 1139.66
Middle: -27.7296 20.3702 1116.62
Ring: -20.0858 27.1434 1115.22
Little: -45.1873 73.2977 1130.09
Thumb: 119.282 113.285 1111.5
Index: 9.27008 39.9118 1139.53
Middle: -27.198 19.2071 1116.54
Ring: -19.6151 26.0218 1115.18
Little: -44.7526 72.2161 1130.06
Thumb: 119.659 116.129 1113.73
Index: 8.57518 39.169 1137.97
Middle: -26.1514 20.0716 1116.54
Ring: -19.331 27.1105 1115.26
Little: -44.3847 73.0253 1130.05
Thumb: 106.889 107.178 1125.73
Index: 8.97575 39.0729 1130.19
Middle: -25.2354 19.9461 1116.25
Ring: -18.1155 26.9797 1114.96
Little: -43.7447 73.2857 1129.68
Thumb: 106.643 106.901 1122.35
Index: 9.05136 38.657 1129.49
Middle: -25.0213 20.8218 1116.25
Ring: -16.8685 27.3024 1114.84
Little: -42.2493 73.2753 1130.07
Thumb: 114.81 113.901 1118.3
Index: 8.87318 39.0568 1129.43
Middle: -23.1642 20.0824 1116.03
Ring: -16.7698 27.3481 1114.75
Little: -42.2259 73.2179 1130.01
Thumb: 109.123 99.7387 1122.51
Index: 3.16678 44.0051 1130.97
Middle: -21.3991 20.0359 1117.43
Ring: -16.368 27.8499 1115.62
Little: -41.6671 74.2264 1129.85
Thumb: 120.724 107.99 1112.36
Index: 3.58733 47.06 1132.5
Middle: -19.7751 21.6415 1118.5
Ring: -16.3814 30.076 1116.72
Little: -41.7277 76.6585 1130.25
Thumb: 110.156 102.044 1119.61
Index: 5.40738 47.2556 1132.13
Middle: -20.4043 23.1395 1117.58
Ring: -14.4253 30.4409 1116.37
Little: -40.3864 76.5531 1129.93
Thumb: 129.683 116.453 1109.65
Index: 6.17094 48.0569 1132.25
Middle: -19.6118 24.29 1117.35
Ring: -13.2169 31.5281 1116.23
Little: -39.051 78.1751 1129.71
Thumb: 142.899 135.164 1103.59
Index: 6.9778 47.382 1131.14
Middle: -15.958 23.8398 1115.89
Ring: -12.2118 31.9636 1115
Little: -37.353 78.3912 1127.79
Thumb: 144.144 140.524 1097.2
Index: 11.9575 49.2831 1130.82
Middle: -12.737 23.4794 1115.66
Ring: -8.57047 31.6362 1114.83
Little: -33.8358 77.4659 1129.2
Thumb: 148.031 144.468 1102.27
Index: 14.5229 48.3725 1130.55
Middle: -9.49948 23.9146 1115.83
Ring: -4.35148 31.9039 1115.08
Little: -29.7279 77.1918 1128.71
Thumb: 141.478 121.671 1113.07
Index: 19.9259 50.0682 1127.18
Middle: -6.27148 25.4876 1111.7
Ring: 0.131143 32.903 1110.28
Little: -26.4457 77.9924 1125.71
Thumb: 153.146 128.836 1117.86
Index: 26.212 55.0332 1126.1
Middle: 1.02464 30.1268 1107.81
Ring: 5.59684 38.2593 1107.67
Little: -22.0563 69.6616 1109.56
