Thumb: 32.9554 91.7207 1121.92
Index: -64.5745 28.1944 1098.23
Middle: -101.42 40.8207 1097.63
Ring: -124.543 62.0639 1082.41
Little: -141.773 103.039 1080.87
Thumb: 34.9194 94.6142 1100.79
Index: -68.9109 31.4073 1101
Middle: -101.114 33.0985 1081.31
Ring: -106.343 73.4721 1110.83
Little: -132.242 88.1573 1083.02
Thumb: 30.4736 87.2762 1106.46
Index: -73.6567 27.4865 1091.75
Middle: -102.724 37.8402 1095.44
Ring: -102.104 84.7957 1113.17
Little: -106.444 145.217 1130.48
Thumb: 25.9525 85.7409 1104.42
Index: -77.3438 26.4617 1090.98
Middle: -106.089 37.6605 1096.28
Ring: -104.873 84.2682 1114.25
Little: -110.884 140.54 1132.97
Thumb: 19.8937 81.1699 1107.97
Index: -81.6101 24.1225 1089.15
Middle: -109.854 36.6222 1095.59
Ring: -107.71 81.9407 1114.33
Little: -109.585 142.627 1134.01
Thumb: 11.8232 79.7548 1101.73
Index: -83.5215 28.0076 1093.36
Middle: -110.215 36.241 1092.11
Ring: -107.767 83.0616 1111.2
Little: -110.619 144.191 1134.03
Thumb: 6.8563 80.9866 1107.28
Index: -87.6795 27.0217 1090.42
Middle: -112.455 34.4816 1094.97
Ring: -125.564 55.2244 1094.84
Little: -112.016 146.018 1137.08
Thumb: 1.96274 80.0694 1103.44
Index: -91.8716 29.0508 1089.78
Middle: -112.6 36.4063 1098.44
Ring: -125.615 57.5459 1098.5
Little: -109.17 143.537 1140.27
Thumb: 0.458913 80.9555 1105.14
Index: -95.3502 32.1594 1091.69
Middle: -115.964 39.346 1098.68
Ring: -128.308 60.1423 1098.16
Little: -134.879 90.123 1090.83
Thumb: -5.83044 80.6088 1107.11
Index: -96.834 33.3028 1098.64
Middle: -119.344 39.9219 1098.59
Ring: -128.854 59.7677 1101.96
Little: -142.308 94.2244 1094.62
Thumb: -9.58507 81.1575 1108.55
Index: -100.841 34.3931 1091.19
Middle: -121.07 40.6609 1098.31
Ring: -128.321 58.8366 1104.08
Little: -143.558 93.041 1092.58
Thumb: -9.82857 80.6809 1109.45
Index: -97.5646 37.4763 1101.59
Middle: -120.715 40.6983 1097.98
Ring: -126.859 58.5997 1105.38
Little: -142.645 93.2124 1093.05
Thumb: -10.5656 80.4123 1107.94
Index: -97.4006 39.4988 1103.62
Middle: -120.107 39.817 1097.23
Ring: -125.609 58.6138 1106.68
Little: -140.678 92.9336 1096.82
Thumb: -9.18436 81.7941 1106.57
Index: -92.1399 38.0487 1102.11
Middle: -114.364 38.9257 1098.83
Ring: -121.646 58.3169 1108.35
Little: -135.732 90.2574 1096.39
Thumb: -6.8303 82.4533 1105.97
Index: -84.3761 36.2966 1100.38
Middle: -107.319 37.4013 1098.88
Ring: -111.367 59.9116 1114.09
Little: -126.388 91.5942 1103.3
Thumb: -1.82425 85.2702 1108.97
Index: -76.1386 34.5265 1100.12
Middle: -100.985 35.5259 1097.93
Ring: -107.335 55.8827 1110.61
Little: -120.293 87.4479 1103.68
Thumb: 2.83225 88.0466 1107.57
Index: -67.6191 32.6718 1100.82
Middle: -92.7932 33.8496 1101.89
Ring: -99.5718 53.7999 1111.27
Little: -114.258 83.1169 1104.05
Thumb: 9.88502 88.5589 1108.07
Index: -60.7551 31.9585 1102.18
Middle: -86.248 30.319 1100.34
Ring: -91.6883 51.1595 1112.36
Little: -107.796 79.724 1104.48
Thumb: 14.5479 94.6197 1105.77
Index: -53.258 26.3105 1095.97
Middle: -78.5913 23.4383 1088.91
Ring: -83.4797 46.3091 1110.78
Little: -100.3 75.2189 1105.75
Thumb: 23.1208 94.2003 1109.24
Index: -45.2612 23.7496 1086.48
Middle: -64.4054 26.7534 1101.24
Ring: -79.4453 44.7329 1106.47
Little: -91.0036 73.4086 1102.57
Thumb: 36.4283 103.174 1113.06
Index: -26.9209 32.3385 1108.33
Middle: -55.9361 20.7 1102.01
Ring: -69.342 40.4503 1111.53
Little: -84.7298 66.6828 1107.02
Thumb: 42.5681 100.386 1114.39
Index: -22.1641 32.3262 1107.36
Middle: -50.1333 22.133 1101.55
Ring: -59.4466 39.8642 1111
Little: -78.958 69.3106 1109.69
Thumb: 48.8162 95.5807 1114.32
Index: -17.5567 30.0935 1106.06
Middle: -42.275 26.3057 1105.75
Ring: -57.1558 37.7848 1109.55
Little: -72.1996 65.0584 1103.65
Thumb: 56.1811 95.2836 1118.32
Index: -11.7378 29.674 1105.12
Middle: -37.3816 26.6932 1107.34
Ring: -47.9395 39.5998 1109.71
Little: -65.2781 64.7124 1104.55
Thumb: 63.556 95.8577 1117.04
Index: -3.44279 28.3764 1107.43
Middle: -30.4528 21.1276 1105.62
Ring: -42.5527 31.8979 1105.07
Little: -59.6162 57.4819 1098.09
Thumb: 68.9909 94.3391 1118.83
Index: 1.88156 24.1106 1102.92
Middle: -23.4163 19.787 1102.73
Ring: -38.0402 31.7674 1105.43
Little: -52.0783 55.6924 1093.28
Thumb: 77.1283 90.9491 1117.2
Index: 11.8218 21.1408 1105.58
Middle: -15.8753 15.9545 1103.7
Ring: -32.1073 29.3566 1105.86
Little: -47.2055 51.8165 1094.22
Thumb: 82.4737 90.9235 1116.6
Index: 21.9794 19.5024 1100.62
Middle: -7.17948 15.1709 1103.25
Ring: -23.1248 31.3515 1108.27
Little: -42.9268 50.8205 1097.81
Thumb: 92.9436 89.8279 1114.28
Index: 29.7654 18.2111 1099.86
Middle: -2.64754 8.3287 1094.55
Ring: -17.1094 30.1345 1105.64
Little: -40.1998 48.6574 1094.8
Thumb: 102.764 91.281 1116.74
Index: 38.504 15.0188 1104.24
Middle: 4.75787 8.71914 1097.14
Ring: -11.6874 26.6887 1105.04
Little: -32.1277 49.3099 1101.95
Thumb: 109.705 90.9882 1114.51
Index: 48.2119 15.228 1101.04
Middle: 13.0026 7.25319 1093.2
Ring: -4.09344 23.6402 1098.74
Little: -25.6541 47.3032 1100.8
Thumb: 121.131 94.6874 1118.83
Index: 55.6976 14.0279 1107.09
Middle: 19.1363 0.73101 1092.73
Ring: 2.47526 19.0522 1101.37
Little: -21.8838 42.2531 1102.7
Thumb: 128.374 96.6833 1106.82
Index: 62.2315 7.89543 1105.62
Middle: 28.2183 1.39371 1099.73
Ring: 12.4946 24.9947 1105.76
Little: -14.9015 44.1818 1109.13
Thumb: 129.25 93.6721 1103.47
Index: 66.9027 6.14928 1106.46
Middle: 34.2023 5.60432 1099.53
Ring: 17.159 25.5802 1102.09
Little: -10.5773 43.5503 1105.38
Thumb: 136.461 92.4751 1103.28
Index: 71.7706 8.04691 1108.48
Middle: 39.0841 9.00138 1098.67
Ring: 21.9854 28.0714 1099.4
Little: -5.81191 46.6537 1100.19
Thumb: 144.18 93.1177 1105.96
Index: 76.6931 7.96227 1106.68
Middle: 42.0833 1.44237 1093.2
Ring: 28.4881 31.8973 1101.63
Little: -0.755605 45.7684 1102.32
Thumb: 148.924 94.7536 1104.47
Index: 81.176 9.39893 1106.09
Middle: 47.7088 3.9101 1094.64
Ring: 31.7482 27.4 1100.26
Little: 2.65434 42.2547 1100.63
Thumb: 153.306 98.042 1105.42
Index: 85.0726 7.34666 1105.89
Middle: 51.9693 2.26355 1093.42
Ring: 35.0239 24.4125 1101.51
Little: 5.99128 40.613 1102.37
Thumb: 157.242 98.9261 1108.83
Index: 88.5112 6.54314 1107.02
Middle: 55.285 0.76226 1093.31
Ring: 38.9327 21.6959 1101.15
Little: 23.8504 94.3794 1140.98
Thumb: 161.192 99.431 1109.04
Index: 91.1753 8.09481 1105.71
Middle: 58.617 4.10283 1093.29
Ring: 52.5637 64.4669 1144.41
Little: 26.2543 95.1812 1139.46
Thumb: 164.653 99.2798 1112.24
Index: 90.8219 6.69161 1103.16
Middle: 58.1885 0.796295 1089.24
Ring: 53.9659 73.2517 1145.11
Little: 24.8489 89.7188 1141.78
Thumb: 166.377 95.9879 1116.36
Index: 91.0926 12.4418 1106.67
Middle: 56.5783 -0.261734 1089.73
Ring: 56.7173 90.4663 1141.78
Little: 22.9919 85.6904 1141.54
Thumb: 165.934 97.1818 1116.81
Index: 89.5916 15.523 1108.35
Middle: 54.3937 -0.566605 1082.99
Ring: 55.3983 92.522 1141.02
Little: 22.0409 93.051 1141.74
Thumb: 165.632 98.9423 1117.78
Index: 88.0805 17.2244 1106.19
Middle: 52.5698 2.57133 1085.16
Ring: 55.1178 96.1898 1141.5
Little: 20.9012 103.065 1140.39
Thumb: 163.689 96.7327 1117.68
Index: 85.815 25.0511 1108.67
Middle: 47.5449 4.97826 1084.11
Ring: 52.8143 95.5372 1154.1
Little: 20.0882 107.853 1140.05
Thumb: 161.004 94.8576 1116.57
Index: 80.1432 21.756 1108.03
Middle: 42.393 5.19259 1081.69
Ring: 52.2653 103.823 1150.56
Little: 17.6069 108.421 1140.74
Thumb: 157.881 94.0181 1118.49
Index: 77.2178 26.3672 1104.16
Middle: 38.7273 9.61543 1078.21
Ring: 50.8152 111.829 1153.31
Little: 17.1354 117.552 1135.3
Thumb: 150.466 93.8735 1117.6
Index: 73.1448 29.4953 1109.58
Middle: 33.1803 11.4407 1078.67
Ring: 46.529 106.079 1156.69
Little: 15.2041 118.643 1136.51
Thumb: 145.097 92.1242 1117.6
Index: 67.0025 29.9882 1108.57
Middle: 26.4196 12.4084 1081.33
Ring: 39.6112 102.343 1156.42
Little: 9.76286 117.056 1136.51
Thumb: 140.565 90.0735 1119.66
Index: 60.7755 30.0345 1103.24
Middle: 20.0329 14.4546 1080.12
Ring: 34.3948 103.265 1160.69
Little: 5.57668 119.903 1136.67
Thumb: 134.82 92.1697 1123.71
Index: 53.6038 31.9253 1106.3
Middle: 13.7325 16.2398 1082.33
Ring: 26.572 107.532 1161.61
Little: -2.77785 116.819 1140.2
Thumb: 124.845 94.9772 1124.04
Index: 46.4565 32.3358 1108.02
Middle: 7.67783 16.5324 1082.75
Ring: 17.4961 110.32 1163.3
Little: -11.4437 116.038 1139.03
Thumb: 111.628 92.9317 1124.55
Index: 55.0388 62.9031 1109.97
Middle: -0.0981741 15.249 1080.36
Ring: 9.923 108.647 1162.6
Little: -18.045 115.221 1139.93
Thumb: 104.782 92.9633 1126.79
Index: 47.3629 63.4215 1111.74
Middle: -7.42291 15.2649 1083.43
Ring: 0.26313 104.862 1161.46
Little: -25.5708 119.2 1137.94
Thumb: 98.1579 94.5142 1128.75
Index: 42.1997 65.0666 1114.12
Middle: -14.6581 18.6392 1086.64
Ring: -7.88915 91.2252 1165.32
Little: -29.0808 123.221 1140.5
Thumb: 94.7345 96.0924 1129.09
Index: 37.1433 65.8941 1117.32
Middle: -21.2537 19.4344 1091.24
Ring: -9.53058 103.221 1170.91
Little: -34.0695 121.981 1144.46
Thumb: 88.9694 96.3208 1129.28
Index: 31.081 66.5057 1121.3
Middle: -27.045 19.1235 1095
Ring: -13.3383 116.042 1169.21
Little: -40.6445 124.01 1146.15
Thumb: 84.3902 95.671 1129.42
Index: 16.8079 49.7823 1127.74
Middle: -31.4158 18.0673 1093.33
Ring: -17.8909 114.246 1170.2
Little: -45.7346 120.508 1149.07
Thumb: 80.3556 98.986 1138.34
Index: -5.39342 22.3138 1132.41
Middle: -33.4617 16.3992 1095.09
Ring: -29.1504 118.658 1166.49
Little: -56.2357 121.836 1144.99
Thumb: 68.5575 96.0261 1161.7
Index: -21.4898 28.1273 1145.1
Middle: -36.7329 13.362 1101.54
Ring: -46.2868 119.203 1161.64
Little: -49.7365 57.9657 1092.62
Thumb: 26.5626 107.503 1194.96
Index: -48.5177 105.881 1176.71
Middle: -37.9117 15.505 1095.9
Ring: -76.7206 111.564 1130.66
Little: -41.8412 57.1757 1078.82
Thumb: -19.8792 116.914 1189.68
Index: -67.7496 104.185 1162.6
Middle: -43.3516 16.7524 1097.01
Ring: -83.0744 89.7961 1108.24
Little: -34.6916 52.5282 1071.88
Thumb: -29.4864 129.024 1191.44
Index: -71.6108 53.7987 1135.57
Middle: -46.3748 19.1212 1102.86
Ring: -65.4749 50.7926 1093.53
Little: -34.7415 52.2751 1073.89
Thumb: -47.4728 140.145 1200.6
Index: -64.6498 39.3865 1146.27
Middle: -52.1126 20.0922 1116.08
Ring: -68.8438 54.3301 1100.48
Little: -42.2611 53.5594 1081.62
Thumb: -56.65 150.941 1202.97
Index: -66.4243 42.2951 1146.23
Middle: -55.9562 25.0658 1117.64
Ring: -60.5844 50.0717 1107.97
Little: -45.514 57.216 1078.49
Thumb: -67.5676 158.35 1195.4
Index: -74.6516 50.0367 1158.17
Middle: -57.2417 26.3154 1127.18
Ring: -60.0399 38.2714 1116.54
Little: -49.7207 56.3511 1084.26
Thumb: -74.7578 165.947 1186.93
Index: -76.7595 55.3369 1154.7
Middle: -58.9454 31.5778 1128.32
Ring: -56.1503 38.3444 1111.47
Little: -51.205 60.7593 1090.3
Thumb: -101.732 165.186 1188.66
Index: -60.7166 34.9704 1111.25
Middle: -60.0134 28.9361 1084.82
Ring: -50.3644 38.1635 1066.97
Little: -36.2546 60.0755 1072.76
Thumb: -117.183 168.192 1172.17
Index: -59.7071 35.0002 1102.61
Middle: -58.6904 37.2796 1076.03
Ring: -58.5518 37.4775 1083.59
Little: -32.8598 62.2743 1066
Thumb: -129.689 167.57 1160.06
Index: -61.6417 33.2329 1107.51
Middle: -58.1551 50.556 1076.86
Ring: -60.4057 37.7163 1094.06
Little: -28.7009 60.9388 1069.34
Thumb: -119.314 168.569 1143.64
Index: -103.974 61.7023 1079.95
Middle: -74.4083 43.9899 1089.1
Ring: -76.8603 38.8287 1113.96
Little: -44.3508 49.5321 1081.14
Thumb: -122.112 173.408 1133.22
Index: -105.526 60.8408 1078.22
Middle: -78.196 46.0102 1091.01
Ring: -80.806 41.6406 1116.64
Little: -45.4555 49.2622 1088.24
Thumb: -126.511 174.967 1124.64
Index: -108.329 63.0201 1074.91
Middle: -78.7569 39.8182 1090.95
Ring: -81.4537 41.4172 1114.81
Little: -45.0702 49.6665 1089.75
Thumb: -129.128 179.406 1118.97
Index: -108.575 67.6305 1067.58
Middle: -78.5542 31.1302 1097.7
Ring: -82.6389 42.9996 1113.9
Little: -44.9952 50.7142 1091.19
Thumb: -129.884 178.664 1109.31
Index: -109.679 69.9754 1064.76
Middle: -79.7309 30.8348 1097.16
Ring: -85.0032 45.3944 1112.39
Little: -45.5433 51.5539 1093.78
Thumb: -130.626 179.581 1102.85
Index: -112.279 70.0678 1061.43
Middle: -82.6329 29.4277 1102.94
Ring: -86.8355 45.1356 1110.53
Little: -46.2172 51.3 1096.78
Thumb: -134.047 176.095 1094.94
Index: -112.028 72.1819 1057.19
Middle: -84.019 29.2303 1103.18
Ring: -86.2335 43.0781 1110.42
Little: -47.5672 51.3746 1098.02
Thumb: -134.427 176.923 1090.06
Index: -111.937 72.1204 1055.59
Middle: -85.6398 30.074 1105.57
Ring: -88.3818 44.1669 1110.05
Little: -49.3783 51.9403 1097.5
Thumb: -134.231 178.112 1085.2
Index: -112.07 76.6986 1050.01
Middle: -86.413 30.2619 1104.47
Ring: -87.6947 43.2481 1108.68
Little: -49.8533 52.0524 1098.52
Thumb: -134.039 180.806 1081.95
Index: -106.762 81.1062 1036.48
Middle: -86.8626 29.985 1100.39
Ring: -90.224 44.4927 1105.12
Little: -50.0205 51.8412 1097.63
Thumb: -135.114 180.377 1075.18
Index: -99.6106 98.7279 1029.82
Middle: -87.2866 31.1779 1095.28
Ring: -91.1412 45.8288 1101.98
Little: -50.2975 53.2952 1097.26
Thumb: -135.073 183.414 1069.47
Index: -98.2718 97.087 1026.08
Middle: -88.3167 31.8837 1090.93
Ring: -91.495 45.8669 1095.19
Little: -50.6992 53.5465 1094.36
Thumb: -135.771 182.412 1062.99
Index: -96.0567 96.2584 1022.66
Middle: -87.0158 31.3191 1089.42
Ring: -90.2724 45.2296 1092.89
Little: -50.0721 53.6329 1090.83
Thumb: -134.316 183.65 1060.08
Index: -94.3649 98.5694 1020.09
Middle: -86.7875 31.7938 1084.18
Ring: -88.6198 44.2202 1085.62
Little: -49.507 53.8516 1089
Thumb: -133.68 184.399 1058.48
Index: -93.9555 98.8363 1018.35
Middle: -86.5959 32.178 1082.1
Ring: -88.6146 44.928 1087.82
Little: -49.2833 54.0127 1087.58
Thumb: -134.368 183.781 1058.06
Index: -95.3111 94.1191 1017.6
Middle: -86.3761 32.0359 1079.29
Ring: -89.1061 45.1787 1082.69
Little: -49.4489 54.1364 1084.21
Thumb: -133.555 184.419 1059.09
Index: -93.774 99.798 1014.39
Middle: -86.0718 32.029 1083.12
Ring: -87.7876 44.7808 1079.76
Little: -48.6692 53.8741 1081.9
Thumb: -134.896 184.867 1055.6
Index: -91.3944 104.073 1010.76
Middle: -86.1852 32.3504 1079.76
Ring: -88.4785 45.1652 1080.45
Little: -48.5143 54.0347 1083.62
Thumb: -132.12 187.002 1056.12
Index: -90.5458 102.022 1010.83
Middle: -85.2492 33.2545 1079.81
Ring: -87.3465 46.4423 1081.11
Little: -47.2539 54.7207 1083.31
Thumb: -133.335 185.025 1057.68
Index: -90.1836 100.551 1011.4
Middle: -81.8229 33.0467 1082.58
Ring: -84.1888 46.3313 1081.35
Little: -44.1446 55.5728 1082.04
Thumb: -132.249 184.391 1058.41
Index: -88.9841 100.745 1012.96
Middle: -80.2711 33.1677 1084.66
Ring: -82.3271 46.3694 1083.89
Little: -42.2255 55.6297 1083.38
Thumb: -133.677 182.744 1061.51
Index: -89.3577 97.1992 1016.51
Middle: -76.4251 32.0701 1087.81
Ring: -79.5198 45.987 1089.78
Little: -39.4888 55.6143 1084.36
Thumb: -132.932 179.847 1063.23
Index: -86.8319 99.5664 1016.81
Middle: -73.1263 32.3046 1091.19
Ring: -75.382 45.519 1092.09
Little: -36.2241 56.3616 1086.02
Thumb: -133.667 179.525 1065.97
Index: -89.1656 83.249 1021.47
Middle: -69.5598 32.0961 1098.35
Ring: -73.1556 45.5754 1095.85
Little: -32.9306 56.5974 1091.09
Thumb: -133.246 176.893 1071.55
Index: -87.1251 76.6966 1026.43
Middle: -64.8174 30.2575 1096.28
Ring: -69.8422 45.0018 1098.31
Little: -28.8315 56.496 1093.64
Thumb: -132.534 174.264 1074.68
Index: -87.0175 67.351 1033.34
Middle: -60.2554 28.6098 1102.18
Ring: -64.6232 41.6021 1099.37
Little: -25.6047 55.181 1095.61
Thumb: -133.13 171.3 1074.16
Index: -85.8668 61.8596 1041.54
Middle: -55.5707 26.9112 1103.02
Ring: -61.5757 42.1182 1102.03
Little: -18.8148 54.7851 1094.58
Thumb: -129.519 167.365 1077.89
Index: -77.3387 64.3793 1035.93
Middle: -50.3927 25.0721 1105.24
Ring: -55.6672 39.9944 1104.66
Little: -12.9679 53.6225 1098.74
Thumb: -119.752 167.664 1082.59
Index: -67.1645 91.607 1019.44
Middle: -43.9038 21.8583 1100.9
Ring: -51.8681 37.9706 1103.46
Little: -8.70662 49.6815 1095.73
Thumb: -116.614 164.199 1085.33
Index: -61.3657 80.4123 1029.43
Middle: -37.7209 19.6022 1102.3
Ring: -44.2595 34.826 1104.51
Little: -1.99851 48.4666 1098.86
Thumb: -106.903 163.005 1086.72
Index: -55.5822 85.4376 1030.51
Middle: -30.8814 18.0373 1103.52
Ring: -37.5403 33.2297 1105.37
Little: 4.26945 46.024 1096.98
Thumb: -106.296 153.916 1087.11
Index: -49.6127 79.5361 1034.61
Middle: -21.3109 14.7456 1104.34
Ring: -27.8513 28.705 1104.84
Little: 11.8579 45.2234 1098.51
Thumb: -98.5027 153.158 1088.41
Index: -42.4547 81.0791 1034.42
Middle: -14.1724 14.4369 1106.22
Ring: -20.8787 28.306 1106.33
Little: 18.665 44.7086 1101.09
Thumb: -95.0614 148.615 1086.61
Index: -35.4035 70.9044 1038.19
Middle: -7.36032 12.4926 1105.89
Ring: -8.97386 25.2098 1108.38
Little: 27.8113 44.2242 1102.65
Thumb: -87.7863 147.024 1086.6
Index: -30.5672 75.8619 1037.96
Middle: 0.665715 11.1886 1106.14
Ring: -5.8367 25.1408 1108.9
Little: 33.204 42.5492 1101.16
Thumb: -85.7748 143.933 1085.26
Index: -22.4752 91.3121 1030.11
Middle: 8.24549 8.54456 1101.21
Ring: 2.70732 21.6122 1106.61
Little: 40.3761 40.6235 1099.75
Thumb: -83.7145 144.842 1090.63
Index: -14.3101 87.0738 1029.21
Middle: 17.1177 9.26418 1102.93
Ring: 8.78963 23.0285 1105.8
Little: 48.1951 42.0721 1098.52
Thumb: -79.7689 143.927 1092.29
Index: -9.12883 78.5586 1028.73
Middle: 25.1112 9.80337 1105.24
Ring: 17.7107 21.826 1104
Little: 53.1108 42.8903 1096.69
Thumb: -73.7925 143.16 1095.96
Index: -2.75488 73.3311 1031.48
Middle: 31.2375 9.22136 1101.82
Ring: 24.0865 21.4598 1102.87
Little: 59.397 43.2431 1094.99
Thumb: -68.2111 143.671 1097.26
Index: 4.03888 74.9905 1032.92
Middle: 38.3286 10.1288 1107.15
Ring: 29.7529 21.7663 1104.12
Little: 64.5888 43.6951 1102.12
Thumb: -62.2709 143.946 1093.71
Index: 8.50033 75.338 1034.15
Middle: 44.8527 10.255 1106.95
Ring: 36.7831 21.7183 1101.25
Little: 71.314 43.8925 1100.73
Thumb: -56.5127 148.798 1095.58
Index: 16.994 73.0605 1032.18
Middle: 50.407 9.77951 1107.45
Ring: 42.672 20.9837 1102.58
Little: 77.0006 42.8984 1097.45
Thumb: -48.8847 149.723 1096.12
Index: 14.78 61.3751 1034.05
Middle: 50.6619 8.30186 1108.17
Ring: 44.0413 20.1042 1107.09
Little: 78.5661 40.0103 1097.27
Thumb: -46.6469 150.596 1102.88
Index: 13.8726 61.9595 1039.24
Middle: 51.087 7.65744 1104.16
Ring: 42.4967 20.5712 1106.68
Little: 78.5966 39.4748 1096.79
Thumb: -39.7855 151.604 1105.89
Index: 9.60139 61.9744 1049.06
Middle: 48.6721 8.22354 1110.24
Ring: 41.3366 21.7858 1113.49
Little: 77.4457 38.1445 1099.89
Thumb: -34.649 152.79 1117.55
Index: 8.75986 69.4611 1049.6
Middle: 39.936 11.5377 1105.94
Ring: 38.1412 27.0026 1118.75
Little: 76.3871 39.2716 1097.37
Thumb: -29.3078 156.481 1123.75
Index: 11.1798 59.9699 1055.12
Middle: 34.1833 16.8298 1119.08
Ring: 39.0179 29.922 1119.59
Little: 75.4519 62.4764 1048.91
Thumb: -24.4374 162.653 1141.76
Index: 10.9948 58.2941 1067.11
Middle: 30.216 21.9339 1119.34
Ring: 45.0083 29.1993 1115.13
Little: 71.3729 68.8797 1048.65
Thumb: -19.6811 167.048 1145.88
Index: 49.292 38.4994 1121.26
Middle: 27.9212 30.0135 1120.44
Ring: 39.1505 38.3196 1121.42
Little: 66.1581 80.5585 1047.75
Thumb: -13.8808 166.637 1151.64
Index: 41.2019 43.4873 1115.29
Middle: 28.473 32.8216 1120.1
Ring: 39.8786 41.6902 1124.37
Little: 56.8941 80.5807 1048.89
Thumb: -4.32682 168.999 1161.32
Index: 43.2311 44.8074 1116.08
Middle: 33.9902 31.7286 1124.13
Ring: 35.2305 44.0329 1118.68
Little: 57.0143 91.9031 1044.38
Thumb: -0.751518 169.934 1166.4
Index: 45.1061 44.1151 1117.11
Middle: 36.7881 30.7934 1126.64
Ring: 37.1593 43.2146 1120.02
Little: 70.589 106.966 1042.89
Thumb: 6.07523 171.303 1170.27
Index: 36.3689 54.8551 1111.61
Middle: 37.604 31.0308 1128.09
Ring: 36.576 43.2022 1117.96
Little: 66.8347 107.327 1039.66
Thumb: 14.1001 175.971 1176.39
Index: 37.4109 55.4735 1109.62
Middle: 37.8513 33.5564 1127.79
Ring: 35.5185 45.5666 1114.43
Little: 66.0189 109.629 1038.53
Thumb: 24.099 176.796 1180.39
Index: 39.0964 54.2574 1109.88
Middle: 36.9346 34.8333 1127.42
Ring: 31.5745 47.437 1111.06
Little: 59.177 109.535 1035.95
Thumb: 34.4394 178.038 1181.57
Index: 33.2057 61.6067 1106.28
Middle: 37.5609 37.411 1126.07
Ring: 32.7965 49.6814 1109.37
Little: 60.5249 112.641 1033.9
Thumb: 41.7451 174.111 1183.31
Index: 33.1694 63.0273 1107.05
Middle: 38.6167 41.5814 1129.07
Ring: 28.9678 55.176 1107.88
Little: 58.1063 114.917 1033.96
Thumb: 44.4677 173.564 1185.78
Index: 33.927 62.9666 1108.19
Middle: 38.4435 41.7491 1129.24
Ring: 28.3743 55.6099 1108.3
Little: 59.6189 115.703 1035.68
Thumb: 46.2485 174.285 1185.59
Index: 36.9138 62.5147 1109.16
Middle: 39.8074 42.4579 1129.32
Ring: 27.614 56.9059 1108.13
Little: 57.9776 117.496 1034.8
Thumb: 50.2003 173.958 1187.14
Index: 36.6272 63.2059 1110.92
Middle: 39.9315 43.1536 1131.58
Ring: 25.964 58.3511 1109.23
Little: 64.8782 114.8 1040.02
Thumb: 50.4886 171.788 1187.61
Index: 36.247 62.8679 1112.28
Middle: 39.9758 43.319 1133.29
Ring: 25.535 58.9445 1110.87
Little: 66.2208 113.67 1042.78
Thumb: 50.1632 170.871 1187.48
Index: 33.8416 62.1854 1112.6
Middle: 40.6094 41.9653 1135.1
Ring: 23.4704 58.5537 1111.44
Little: 66.1021 112.176 1043.36
Thumb: 48.4068 168.875 1187.14
Index: 31.3307 62.4136 1112.39
Middle: 38.2355 41.5966 1135.88
Ring: 21.9017 58.1586 1111.11
Little: 65.3676 111.363 1043.46
Thumb: 45.1661 166.463 1186.01
Index: 29.0515 62.2214 1112.71
Middle: 37.1401 40.9317 1134.95
Ring: 20.3042 57.965 1109.72
Little: 64.9686 111.409 1043.15
Thumb: 41.2612 165.326 1183.59
Index: 29.5428 62.04 1110.87
Middle: 35.2167 42.5139 1137.5
Ring: 20.6053 56.8694 1109.76
Little: 64.6271 111.393 1042.14
Thumb: 37.276 161.712 1180.58
Index: 26.9865 63.0418 1111.51
Middle: 33.9956 42.2875 1139.5
Ring: 15.3981 59.689 1107.12
Little: 63.5013 108.436 1043.88
Thumb: 33.5753 162.355 1179.52
Index: 22.8169 63.6747 1115.4
Middle: 27.6362 45.0558 1137.06
Ring: 12.798 61.0086 1105.26
Little: 64.457 107.648 1044.42
Thumb: 27.0321 159.016 1180.42
Index: 16.4036 67.9329 1111.24
Middle: 29.0904 42.6349 1138.96
Ring: 13.106 58.9448 1103.54
Little: 64.5921 106.835 1047.07
Thumb: 17.7751 152.411 1177.67
Index: 12.8541 64.0655 1113.36
Middle: 21.1113 44.9495 1140.21
Ring: 8.45552 58.6593 1105.43
Little: 60.5003 105.39 1048.74
Thumb: 7.68953 145.641 1169.56
Index: 10.515 63.1564 1112.91
Middle: 18.3811 42.7468 1143.55
Ring: 3.29693 61.6321 1102.69
Little: 61.3606 102.283 1053.65
Thumb: 4.2647 144.061 1169.67
Index: 8.67797 62.277 1112.61
Middle: 17.4276 41.2967 1143.53
Ring: 2.20034 61.1242 1102.37
Little: 60.6566 102.826 1054.26
Thumb: 1.4254 142.466 1168.25
Index: 12.4189 56.8067 1117.27
Middle: 17.877 39.6807 1144.93
Ring: 4.50315 56.0015 1106.03
Little: 57.8883 103.868 1051.04
Thumb: -5.7902 137.995 1165.04
Index: 15.1229 49.3722 1118.97
Middle: 13.0674 37.3094 1147.6
Ring: 5.44312 48.0549 1108.3
Little: 57.9786 99.7065 1051.15
Thumb: -11.5988 131.884 1160.33
Index: 15.431 40.5019 1117.88
Middle: -2.92612 33.9484 1109.7
Ring: 6.60276 44.1431 1111.67
Little: 54.3419 94.1724 1052.91
Thumb: -15.4278 126.846 1155.8
Index: 15.0912 38.6944 1117.3
Middle: 1.9452 50.2918 1104.74
Ring: 5.99493 42.6584 1108.45
Little: 51.8369 94.3226 1050.36
Thumb: -15.957 122.627 1150.4
Index: 12.2206 37.5261 1113.52
Middle: 0.563622 47.0756 1102.36
Ring: 2.56381 42.8653 1103.18
Little: 48.4265 92.3766 1045.11
Thumb: -16.2408 118.467 1145.53
Index: 11.3287 37.2027 1107.72
Middle: -2.95608 44.0991 1099.99
Ring: 0.315069 42.0043 1101.2
Little: 35.2044 93.0256 1036.51
Thumb: -16.1962 116.35 1142.54
Index: 10.2718 37.0409 1106.29
Middle: -3.15565 43.1407 1097.37
Ring: -0.192663 41.9106 1100.4
Little: 32.6633 93.5303 1033.48
Thumb: -18.0695 113.927 1141.11
Index: -7.62371 43.9948 1126.59
Middle: -9.9369 45.7839 1103.45
Ring: 3.29581 34.6482 1107.52
Little: 26.1357 91.8136 1031.99
Thumb: -19.2779 116.904 1142.32
Index: -15.8871 49.8466 1130.56
Middle: -8.02622 58.5741 1099.93
Ring: -6.45806 37.4397 1108.04
Little: 22.8565 88.4291 1032.3
Thumb: -20.8161 119.056 1135.69
Index: -18.2289 57.3769 1133.1
Middle: -8.83064 62.4273 1100.6
Ring: -8.50586 43.4927 1110.34
Little: 27.2212 92.9129 1028.22
Thumb: -24.2848 116.21 1135
Index: -29.4628 74.6329 1141.54
Middle: -18.368 70.1653 1112.81
Ring: -13.9193 45.505 1113.58
Little: 23.6266 90.9989 1032.06
Thumb: -25.2566 116.208 1132.74
Index: -31.2151 78.5719 1139.26
Middle: -20.7886 73.4692 1115.39
Ring: -18.8843 47.9066 1114.27
Little: 24.8593 92.1689 1031.19
Thumb: -26.1573 118.3 1133.99
Index: -37.2281 86.4462 1144.65
Middle: -24.8356 79.1735 1114.32
Ring: -24.2504 50.568 1119.12
Little: 35.1254 86.6238 1043.3
Thumb: -29.0427 115.619 1130.56
Index: -36.8779 91.8286 1122.48
Middle: -34.332 71.4134 1122.13
Ring: -30.5576 52.7343 1113.94
Little: 32.2106 85.5976 1042.85
Thumb: -31.3871 112.972 1132.82
Index: -35.2155 92.0425 1122.45
Middle: -38.4432 64.2906 1135.73
Ring: -34.4683 52.826 1116.22
Little: 30.7312 86.4077 1047.35
Thumb: -34.319 115.02 1135.17
Index: -39.1009 91.9872 1121.66
Middle: -40.6655 60.3064 1127.69
Ring: -38.2204 54.1392 1116.92
Little: 30.2667 83.6014 1051.9
Thumb: -37.2695 112.071 1130.49
Index: -39.2519 89.633 1122.21
Middle: -43.1859 64.9545 1130.24
Ring: -43.6797 55.0377 1112.62
Little: 28.5991 83.9468 1052.95
Thumb: -39.2627 112.99 1131.19
Index: -40.3617 90.9585 1122.59
Middle: -44.333 63.2722 1129.51
Ring: -45.6783 55.5221 1113.08
Little: 26.8875 83.0107 1053.8
Thumb: -39.1762 113.858 1131
Index: -47.9093 91.5014 1117.35
Middle: -44.4363 63.6681 1129.79
Ring: -45.3425 54.7677 1115.25
Little: 25.8472 82.8335 1052.69
Thumb: -42.9229 113.349 1128.69
Index: -51.579 98.3257 1119.79
Middle: -52.0383 50.7974 1152.38
Ring: -48.7549 53.67 1118.86
Little: 22.4859 82.3426 1052.39
Thumb: -44.73 113.33 1131.4
Index: -52.2129 96.8227 1121.15
Middle: -53.3257 50.6233 1153.05
Ring: -50.9407 53.6226 1112.92
Little: 20.9749 82.2833 1050.94
Thumb: -46.6296 115.485 1136.03
Index: -52.6325 91.9475 1119.69
Middle: -51.9956 47.3937 1151.59
Ring: -50.3729 51.1532 1110.64
Little: 20.4963 83.616 1049.56
Thumb: -49.4822 120.501 1139.33
Index: -51.1737 86.5486 1116.31
Middle: -46.9244 41.4225 1147.53
Ring: -42.1035 60.6878 1091.66
Little: 20.1113 84.7561 1044.09
Thumb: -49.1182 125.124 1145.13
Index: -49.7906 80.1862 1113.24
Middle: -39.7123 34.6571 1140.35
Ring: -42.2964 58.1114 1084.66
Little: 22.8211 90.8922 1038.3
Thumb: -47.6789 131.862 1146.8
Index: -47.9071 73.5016 1112.7
Middle: -41.9389 35.5442 1130.89
Ring: -37.8599 57.6163 1086.81
Little: 21.0642 93.5786 1033.09
Thumb: -49.9668 133.491 1146.46
Index: -44.5991 69.1939 1106.96
Middle: -41.5847 35.3812 1129.3
Ring: -37.3667 57.9144 1084.01
Little: 22.3844 94.0366 1033.31
Thumb: -50.5807 139.303 1148.16
Index: -43.431 66.6715 1103.22
Middle: -29.2554 24.6306 1123.04
Ring: -36.5895 57.5127 1082.29
Little: 20.6848 95.6414 1029.68
Thumb: -50.4044 141.387 1148.27
Index: -21.7649 35.7954 1112.72
Middle: -32.7357 27.5145 1126.13
Ring: -37.611 57.4791 1079.75
Little: 19.0469 93.8283 1029.53
Thumb: -53.1149 144.441 1147.89
Index: -27.6244 47.206 1107.03
Middle: -24.528 22.3952 1121.31
Ring: -34.1538 52.7638 1078.34
Little: 19.9697 95.0802 1030.2
Thumb: -52.49 146.541 1150.09
Index: -25.9662 44.366 1101.61
Middle: -23.9318 19.5955 1115.07
Ring: -32.3837 53.2271 1075.68
Little: 12.7456 93.242 1024.68
Thumb: -55.3001 148.849 1150.46
Index: -23.5358 44.5527 1098.59
Middle: -15.2036 15.1781 1108.94
Ring: -31.0267 46.8351 1075.5
Little: -3.08868 96.4302 1012.1
Thumb: -56.7472 149.757 1149.37
Index: -23.3818 43.2323 1098.13
Middle: -18.8049 15.157 1104.35
Ring: -29.416 46.8156 1075.25
Little: -1.40308 96.8149 1011.74
Thumb: -61.1765 151.119 1148.4
Index: -22.0697 46.811 1096.57
Middle: -10.8553 12.9519 1104.23
Ring: -24.4852 37.8935 1073.18
Little: -2.43824 96.217 1011.78
Thumb: -61.9152 153.203 1143.76
Index: -19.5502 47.759 1095.43
Middle: -18.8255 17.7941 1089.72
Ring: -17.3966 36.1862 1067.87
Little: 3.02509 96.7792 1012.3
Thumb: -65.0509 156.167 1140.51
Index: -19.5052 52.4676 1097.64
Middle: -17.2358 34.3441 1086.53
Ring: -7.69347 28.2676 1074.24
Little: 11.1728 98.8063 1018
Thumb: -72.2989 159.188 1131.56
Index: -23.1981 90.0017 1101.68
Middle: -14.9888 35.793 1090.5
Ring: -2.63782 26.0207 1080.3
Little: 16.4499 89.9413 1020.34
Thumb: -77.5962 159.254 1120.55
Index: -24.0659 93.6721 1102.62
Middle: -10.1113 35.3502 1097.5
Ring: 5.18611 26.2637 1085.29
Little: 28.2905 94.0074 1027.71
Thumb: -83.9629 163.672 1113.93
Index: -26.7043 94.2303 1103.26
Middle: -10.6782 36.6707 1102.84
Ring: 7.28169 27.0763 1093.86
Little: 34.2717 92.1353 1038.82
Thumb: -88.6547 164.729 1104.85
Index: -32.4554 104.295 1090.16
Middle: -10.2103 35.3708 1099.6
Ring: 9.95611 26.717 1094.49
Little: 41.628 93.6238 1042.95
Thumb: -89.2853 164.409 1100.01
Index: -33.4741 106.081 1094.66
Middle: -11.3387 38.1024 1104.84
Ring: 15.6718 25.1069 1121.2
Little: 35.5557 85.7403 1045.69
Thumb: -89.478 162.94 1094.97
Index: -41.8475 82.6692 1058.53
Middle: -10.8459 36.752 1104.41
Ring: 14.7476 24.9104 1123.08
Little: 39.359 85.4006 1048.96
Thumb: -88.0417 158.172 1087.76
Index: -39.2056 83.2145 1049.8
Middle: -10.8091 36.1738 1101.93
Ring: -15.1913 33.5524 1117.91
Little: 37.0335 77.4078 1055.26
Thumb: -88.3607 155.549 1087.48
Index: -38.9259 81.2744 1048.46
Middle: -12.2851 32.7568 1101.4
Ring: -16.4813 32.9573 1109.73
Little: 48.3349 87.0484 1061.44
Thumb: -85.7061 149.579 1085.25
Index: -43.9408 62.8464 1052.88
Middle: -13.0131 28.6624 1098.65
Ring: -17.2235 34.0546 1101.32
Little: 48.2504 82.7496 1064.67
Thumb: -82.3175 141.818 1080.44
Index: -42.9884 62.949 1048.53
Middle: -14.3502 32.996 1083.62
Ring: -18.603 31.8492 1096.79
Little: 47.2844 78.9606 1063.41
Thumb: -77.1438 133.775 1072.78
Index: -39.2185 79.4917 1040.76
Middle: -14.0938 36.538 1076.44
Ring: -20.1784 31.7686 1089.73
Little: 43.1377 70.0329 1065.91
Thumb: -75.9444 129.639 1066.01
Index: -41.0766 65.9069 1037.27
Middle: -13.387 35.1451 1074.8
Ring: -16.8629 33.2975 1076.26
Little: 40.883 65.6789 1063.89
Thumb: -74.4931 126.529 1068.14
Index: -42.5171 70.4614 1033.68
Middle: -17.1755 26.9143 1067.43
Ring: -20.8198 32.51 1071.39
Little: 14.9743 35.3026 1069.5
Thumb: -69.739 120.557 1053.99
Index: -46.9792 45.6525 1039
Middle: -16.993 25.1639 1066.63
Ring: -0.0282502 64.8667 1027.43
Little: 12.9348 31.8356 1066.03
Thumb: -59.7099 118.341 1036.69
Index: -45.3125 56.9461 1031.95
Middle: -16.7984 27.5267 1060.59
Ring: -20.0214 28.815 1056.26
Little: 14.4108 34.7439 1058.16
Thumb: -25.125 100.299 1035.77
Index: -49.2991 39.3236 1039.34
Middle: -14.3291 52.3879 1063.37
Ring: -19.9466 32.2547 1053.9
Little: 13.4035 35.8036 1053.86
Thumb: -39.4024 99.4889 1030.49
Index: -49.6114 40.8482 1036.5
Middle: -14.269 61.5059 1068.44
Ring: -22.0616 31.9932 1051.85
Little: 12.7243 37.3568 1050.34
Thumb: -35.4893 100.86 1027.38
Index: -49.3921 44.642 1032.24
Middle: -14.3152 62.8283 1065.57
Ring: -20.6274 35.2318 1048.68
Little: 12.9034 39.1634 1046.76
Thumb: -38.9127 102.024 1024.63
Index: -53.8034 44.1042 1035.63
Middle: -16.3562 62.0648 1067.05
Ring: -22.9713 35.2978 1044.82
Little: 9.80373 41.1175 1039
Thumb: -37.7368 103.598 1024.53
Index: -55.5852 46.5061 1033.52
Middle: -19.5791 55.8407 1055.09
Ring: -22.4972 44.9083 1037.48
Little: 6.83069 42.4781 1035.38
Thumb: -38.2791 99.6057 1023.01
Index: -56.7913 53.9776 1029.04
Middle: -17.8564 62.8454 1061.94
Ring: -23.3138 39.875 1042.65
Little: 6.40637 40.9745 1034.53
Thumb: -37.7625 99.316 1021.98
Index: -58.0216 54.1664 1027.71
Middle: -19.4589 62.7216 1061.66
Ring: -25.0618 36.4845 1044.6
Little: 5.12543 40.6598 1035.3
Thumb: -39.9565 99.7671 1016.41
Index: -58.0975 57.9436 1020.43
Middle: -20.6265 62.2472 1057.61
Ring: -28.4846 33.074 1039.43
Little: 4.87683 39.3653 1033.18
Thumb: -41.887 97.2497 1015.77
Index: -61.1429 60.7483 1019.2
Middle: -23.027 60.615 1055.29
Ring: -28.0096 29.3718 1037.43
Little: 1.38952 37.5112 1030.38
Thumb: -43.0317 99.2172 1014.91
Index: -63.4252 57.8577 1016.82
Middle: -24.3 62.7931 1053.94
Ring: -28.9701 32.5268 1039.51
Little: -2.39525 36.7639 1032.41
Thumb: -43.8627 97.7135 1017.75
Index: -65.1116 62.5094 1020.1
Middle: -25.4394 63.7691 1057.22
Ring: -31.8721 34.9234 1040.92
Little: -3.96857 38.7285 1032.98
Thumb: -44.269 97.322 1016.14
Index: -62.5815 59.3307 1020.79
Middle: -25.878 63.5957 1056.38
Ring: -30.5129 38.6632 1037.02
Little: -6.37716 35.5374 1036.71
Thumb: -45.8535 97.6244 1013.9
Index: -61.8644 60.3091 1017.55
Middle: -24.6111 63.6715 1053.91
Ring: -30.5667 38.8387 1034.9
Little: -6.35796 35.5237 1035.05
Thumb: -44.9551 94.7988 1012.89
Index: -60.6024 54.3448 1019.27
Middle: -24.3555 63.5172 1052.82
Ring: -27.6721 36.07 1034.97
Little: -6.88284 33.9398 1036.37
Thumb: -45.8306 94.5724 1011.81
Index: -62.1029 57.8101 1017.27
Middle: -24.9995 63.4167 1051.86
Ring: -28.0808 36.4881 1034.02
Little: -7.30275 34.1524 1035.05
Thumb: -47.3244 94.9294 1012.84
Index: -63.9879 66.6608 1019.22
Middle: -25.2891 63.6171 1052.64
Ring: -29.111 36.7294 1034.84
Little: -8.61253 33.4594 1036.97
Thumb: -44.9928 95.4221 1017.21
Index: -62.9286 62.3913 1018.61
Middle: -25.7499 65.9104 1054.08
Ring: -31.8764 38.283 1037.89
Little: -9.59194 34.7265 1040.31
Thumb: -50.1433 98.5602 1021.47
Index: -66.3451 65.7159 1023.26
Middle: -27.4254 68.1584 1056.86
Ring: -34.5859 36.109 1047.35
Little: -12.5354 34.7974 1046.36
Thumb: -55.0029 104.357 1026.62
Index: -65.5171 63.4412 1031.68
Middle: -27.8958 69.7163 1063.2
Ring: -35.3816 37.7731 1053.88
Little: -13.3553 36.7035 1052.19
Thumb: -70.0544 107.358 1042.35
Index: -65.2719 58.4858 1043.15
Middle: -27.9046 69.1138 1073.41
Ring: -34.6752 35.5778 1068.1
Little: -12.9815 36.6386 1060.99
Thumb: -77.2387 109.21 1061.37
Index: -64.6745 47.522 1061.71
Middle: -29.5939 68.9823 1081.88
Ring: -38.2486 39.2814 1074.56
Little: -16.4005 35.0844 1072.28
Thumb: -74.9223 112.108 1068.88
Index: -66.9877 54.7079 1084.92
Middle: -38.6173 48.7386 1082.34
Ring: -47.8811 42.2393 1083.23
Little: -24.9354 34.7363 1086.62
Thumb: -74.1033 122.001 1086.55
Index: -63.1139 41.1725 1129.57
Middle: -45.7694 42.6216 1098.85
Ring: -55.1141 47.3316 1105.67
Little: -31.6762 39.3054 1105.21
Thumb: -73.1369 127.715 1097.67
Index: -59.2976 46.0656 1143.98
Middle: -47.3439 45.1231 1109.18
Ring: -56.3604 53.1762 1118.66
Little: -31.0863 42.3153 1117.72
Thumb: -68.6935 136.425 1107.76
Index: -54.988 61.3637 1165.8
Middle: -47.4432 45.5836 1134.67
Ring: -62.4975 66.2342 1149.24
Little: -30.3035 51.6324 1137.3
Thumb: -66.8204 142.654 1115.7
Index: -56.3315 70.8783 1161.7
Middle: -43.3304 49.6985 1143.57
Ring: -57.8439 70.6092 1160.53
Little: -25.8675 54.2134 1145.78
Thumb: -67.2266 147.669 1118.27
Index: -51.4844 75.819 1167.73
Middle: -38.6069 50.1308 1157.18
Ring: -53.1906 76.6011 1166.55
Little: -20.0863 59.2691 1153.75
Thumb: -62.7438 152.175 1128.64
Index: -48.3211 83.2084 1168.26
Middle: -33.0438 56.1416 1158
Ring: -50.0554 80.4836 1171.07
Little: -14.4931 63.5731 1161
Thumb: -59.9834 154.667 1128.46
Index: -43.3561 85.9045 1172.01
Middle: -28.7577 58.2722 1161.2
Ring: -44.7798 83.0722 1176.37
Little: -7.58746 66.4495 1166.98
Thumb: -52.7505 158.333 1132.05
Index: -36.7091 89.9185 1172.47
Middle: -23.0579 60.7214 1162.31
Ring: -38.2138 86.0118 1178.42
Little: -1.2948 68.8166 1167.38
Thumb: -51.204 158.54 1132.41
Index: -33.5574 91.2959 1168.23
Middle: -19.48 58.9386 1160.64
Ring: -34.9156 84.919 1175.58
Little: 1.92242 69.1102 1164.6
Thumb: -46.8356 158.698 1137.15
Index: -27.7561 84.2804 1167.44
Middle: -13.5036 55.9868 1154.51
Ring: -16.6512 61.1161 1164.11
Little: 9.73004 67.5113 1162.11
Thumb: -44.8391 157.552 1133.66
Index: -25.0308 78.3835 1163.99
Middle: -7.89699 53.9518 1151.81
Ring: -0.370911 46.0597 1155.31
Little: 13.4291 65.2426 1158.32
Thumb: -41.1945 153.02 1134.11
Index: -19.1976 72.3697 1160.88
Middle: -3.22431 49.3611 1145.54
Ring: 8.02293 38.4779 1141.66
Little: 16.6803 60.0049 1149.54
Thumb: -39.9361 149.075 1139.46
Index: -10.2926 63.7365 1156.22
Middle: 5.42098 42.4796 1137.7
Ring: 15.7233 37.2018 1128.37
Little: 22.3969 55.1405 1136
Thumb: -34.7241 142.81 1135.95
Index: -1.35507 55.3504 1148.95
Middle: 11.7184 41.2842 1124.55
Ring: 27.4181 26.5323 1126.48
Little: 30.6982 51.3245 1128.24
Thumb: -37.1683 134.344 1135.38
Index: 5.4729 47.4472 1147.37
Middle: 10.4305 37.7291 1127.2
Ring: 26.568 28.7592 1123.23
Little: 34.7684 46.9979 1123
Thumb: -35.0269 125.778 1134.65
Index: 9.9325 42.6016 1138.17
Middle: 9.30219 35.6525 1123.19
Ring: 23.4624 30.3157 1121.4
Little: 36.7257 84.5621 1045.72
Thumb: -29.4395 124.057 1136.55
Index: 2.91321 40.829 1138.2
Middle: 11.0603 40.3492 1116.04
Ring: 16.8272 34.5656 1120.18
Little: 35.1523 80.1725 1042.23
Thumb: -25.0433 121.482 1135.11
Index: -1.81215 44.8127 1140.64
Middle: 3.185 43.1027 1122.42
Ring: 10.7061 37.01 1123.81
Little: 29.6474 79.044 1041.59
Thumb: -19.9165 123.55 1134.4
Index: -1.70281 50.6289 1133.17
Middle: -11.0593 54.0323 1131.58
Ring: 0.528587 45.0362 1121.52
Little: 25.805 75.1283 1042.99
Thumb: -16.5896 124.228 1133.35
Index: -39.4851 127.318 1082.44
Middle: -14.4723 60.7216 1137.99
Ring: -0.876097 45.6783 1133.34
Little: 26.807 78.0931 1041.99
Thumb: -16.8651 122.635 1130.54
Index: -39.414 125.084 1080.49
Middle: -15.7906 60.6381 1137.64
Ring: -5.61345 48.9592 1133.65
Little: 38.1625 82.4144 1039.58
Thumb: -12.8778 120.532 1131.72
Index: -42.3449 119.236 1080.18
Middle: -14.9873 60.728 1136.94
Ring: -5.1868 49.8199 1136.02
Little: 34.7406 81.0123 1038.2
Thumb: -13.3863 118.999 1132.23
Index: -47.843 107.187 1084.32
Middle: -16.559 60.0348 1137.13
Ring: -6.17471 49.5041 1138.08
Little: 33.8728 79.0858 1038.79
Thumb: -14.6602 119.493 1132.86
Index: -50.9248 107.182 1088.3
Middle: -18.4557 60.5458 1138.54
Ring: -8.65868 50.3824 1140.01
Little: 43.1341 80.8645 1044.64
Thumb: -15.588 117.682 1135.6
Index: -48.3355 108.288 1083.64
Middle: -22.0288 64.1019 1141.23
Ring: -10.7669 51.2175 1143.62
Little: 42.9061 80.4951 1048.57
Thumb: -16.8973 115.957 1134.48
Index: -47.1031 118.51 1080.6
Middle: -23.7945 65.4833 1139.07
Ring: -11.7521 50.5217 1143.19
Little: 41.4702 79.7677 1047.85
Thumb: -17.7369 115.012 1135.06
Index: -48.4521 118.33 1084.04
Middle: -25.4669 69.302 1136.48
Ring: -15.0451 52.3146 1139.08
Little: 38.5333 79.802 1049.59
Thumb: -18.9756 113.494 1133.51
Index: -52.6836 109.721 1086.88
Middle: -27.4079 70.8232 1134.36
Ring: -17.4914 51.3847 1139.95
Little: 37.5727 79.9367 1052.7
Thumb: -20.662 116.099 1134.77
Index: -54.4431 113.809 1089.24
Middle: -29.2093 72.409 1135.76
Ring: -20.2916 51.8737 1137.81
Little: 37.5326 81.0474 1054.88
Thumb: -20.02 114.799 1134.68
Index: -56.3386 102.213 1092.72
Middle: -27.256 74.194 1131.65
Ring: -18.993 50.8187 1139.4
Little: 37.6652 81.2886 1054.61
Thumb: -20.1823 117.256 1137.81
Index: -56.9747 109.249 1091.76
Middle: -26.8177 74.8311 1132.16
Ring: -18.7603 51.0118 1140.17
Little: 39.4109 81.66 1057.25
Thumb: -20.7377 117.247 1137.6
Index: -57.2454 106.079 1093.48
Middle: -27.4515 75.0506 1132.96
Ring: -19.4205 51.2651 1141.35
Little: 38.8736 80.3757 1058.23
Thumb: -20.4682 115.7 1135.36
Index: -57.4375 106.694 1092.58
Middle: -27.9329 74.749 1132.54
Ring: -20.4079 51.6169 1141.92
Little: 39.1974 79.8152 1058.91
Thumb: -20.6617 116.35 1135.71
Index: -57.261 106.261 1093.02
Middle: -27.2868 74.6318 1133.09
Ring: -19.7795 52.0472 1143.3
Little: 39.8479 79.2954 1060.9
Thumb: -19.8235 115.802 1134.72
Index: -55.3548 112.284 1089.64
Middle: -26.5218 75.8238 1131.31
Ring: -19.1681 51.876 1143.23
Little: 42.7061 78.4475 1063.79
Thumb: -19.9811 117.607 1135.3
Index: -55.8924 113.113 1089.85
Middle: -26.2347 77.5209 1130.14
Ring: -19.8924 53.5042 1143.18
Little: 41.8379 79.4849 1063.27
Thumb: -20.713 119.242 1136.86
Index: -58.4642 107.694 1093.31
Middle: -27.0457 76.6928 1129.57
Ring: -22.2484 53.6226 1143.75
Little: 38.3956 81.5825 1052.38
Thumb: -20.8293 125.168 1139.5
Index: -60.4186 112.742 1095.85
Middle: -29.6558 80.39 1130.26
Ring: -24.0137 57.3051 1145.59
Little: 34.8406 84.6564 1050.77
Thumb: -22.0313 129.014 1143.33
Index: -60.3098 114.056 1096.52
Middle: -29.1176 79.7468 1131.53
Ring: -21.75 53.8103 1146.96
Little: 31.6329 85.8212 1049.84
Thumb: -22.1261 131.646 1147.62
Index: -57.555 122.186 1091.99
Middle: -24.9049 77.3374 1131.2
Ring: -18.4242 51.0907 1142.76
Little: 31.9413 86.0555 1048.11
Thumb: -18.8278 133.51 1152.14
Index: -57.8879 121.063 1094.88
Middle: -23.9265 74.4846 1131.99
Ring: -14.9432 48.1685 1141.73
Little: 29.3407 89.905 1046.44
Thumb: -14.0216 141.169 1161.31
Index: -55.2832 128.282 1093.53
Middle: -22.1426 64.5169 1137.39
Ring: -10.0751 41.7516 1139.89
Little: 31.5645 91.9432 1043.39
Thumb: -6.66927 143.149 1166.81
Index: -55.0275 128.673 1093.07
Middle: -17.2161 57.5824 1135.09
Ring: -4.773 38.6401 1137.59
Little: 33.0809 93.6716 1040.98
Thumb: 0.919486 146.01 1172.71
Index: -52.9991 127.453 1093.48
Middle: -12.5027 53.2569 1130.98
Ring: -0.877378 36.9262 1134.93
Little: 31.762 95.3104 1037.73
Thumb: 4.79319 145.17 1174.45
Index: 8.23542 49.4151 1149.36
Middle: 0.492507 33.8725 1145.94
Ring: 4.80415 36.3949 1133.17
Little: 30.4854 96.8736 1038.93
Thumb: 11.4818 144.964 1174.42
Index: 11.3019 48.5047 1146.03
Middle: 3.57606 32.8193 1138.92
Ring: 8.08014 36.409 1131.86
Little: 27.0006 100.266 1037.51
Thumb: 20.476 144.036 1175.88
Index: 15.7445 47.0167 1145.49
Middle: 8.30622 30.9268 1135.31
Ring: 11.9442 36.0629 1130.05
Little: 29.9422 102.297 1037.27
Thumb: 25.2412 139.501 1175.95
Index: 13.8879 47.2508 1146.94
Middle: 11.6779 30.0202 1133.74
Ring: 17.092 32.8063 1128.32
Little: 29.9614 103.716 1037.3
Thumb: 32.3127 138.134 1177.53
Index: 23.1575 46.5684 1142.6
Middle: 14.2093 30.6452 1128.61
Ring: 20.0102 33.1427 1126.98
Little: 34.3964 105.535 1037.23
Thumb: 35.9089 141.35 1167.14
Index: 26.3493 47.9764 1135.89
Middle: 17.5051 31.1964 1122.96
Ring: 21.2961 36.5131 1123.54
Little: 37.9966 102.749 1028.32
Thumb: 43.8387 236.273 1148.02
Index: 27.9233 41.7806 1123.45
Middle: 16.8624 28.4826 1116.05
Ring: 16.3456 42.133 1113.45
Little: 34.4088 97.0363 1014.78
Thumb: 49.3263 241.835 1140.17
Index: 10.5484 56.4895 1110.35
Middle: 3.72682 42.0632 1106.25
Ring: 11.5876 45.0222 1102.96
Little: 39.3534 103.81 1008.28
Thumb: 78.8953 243.619 1124.08
Index: 6.56172 59.9218 1105.11
Middle: -1.26839 45.9999 1103.07
Ring: 4.1626 53.3576 1101.27
Little: 43.2899 102.434 1003.03
Thumb: 88.2763 234.674 1133.31
Index: 7.91316 61.8534 1096.96
Middle: -2.53978 49.3969 1099.63
Ring: 5.73118 58.4184 1098.83
Little: 37.212 108.04 997.896
Thumb: 85.0508 230.371 1135.28
Index: 5.4353 56.4135 1095.89
Middle: -4.18812 46.3125 1098.68
Ring: 5.50879 54.973 1098.62
Little: 37.0603 106.661 997.781
Thumb: 85.968 234.422 1133.49
Index: 7.8799 53.9921 1098.28
Middle: -3.13808 44.1617 1100.86
Ring: 10.552 55.4205 1099.72
Little: 37.5481 105.881 999.7
Thumb: 75.6567 240.358 1129.78
Index: 10.2956 49.8331 1096.64
Middle: -1.70979 42.0986 1101.52
Ring: 10.7357 54.794 1097.03
Little: 39.1332 106.141 998.471
Thumb: -2.17695 223.798 1091.69
Index: 16.349 50.7751 1098.02
Middle: 0.753735 45.3807 1100.17
Ring: 14.7954 55.7366 1098.28
Little: 10.1246 91.8305 1007.78
Thumb: 58.0243 176.282 1212.28
Index: 19.3697 51.4166 1156.35
Middle: 15.3742 58.2154 1142.51
Ring: 42.3565 28.5972 1132.72
Little: 13.1179 51.4784 1104.56
Thumb: 52.143 223.924 1187.7
Index: 17.069 50.9942 1156.55
Middle: 10.7529 56.6097 1144.25
Ring: 34.959 29.8235 1130.25
Little: 7.87536 50.4035 1104.12
Thumb: 92.5554 160.863 1210.91
Index: 18.1543 57.8101 1159.78
Middle: 0.865499 64.3655 1143.8
Ring: 16.4999 29.5861 1119.48
Little: 5.35317 52.0438 1095.62
Thumb: 151.501 119.462 1163.8
Index: 42.6442 84.5246 1170.16
Middle: 4.80069 44.3309 1146.58
Ring: 8.87739 25.9964 1118.42
Little: -6.45792 54.3783 1098.61
Thumb: 157.314 116.252 1153.45
Index: 51.7451 86.671 1156.89
Middle: -6.94549 20.8112 1111.73
Ring: -6.4743 109.958 1165.67
Little: -11.4234 62.5348 1101.39
Thumb: 126.745 93.709 1161.24
Index: 63.5817 90.9702 1151.14
Middle: -4.43207 18.9647 1098.74
Ring: -1.63242 118.364 1163.64
Little: -9.67737 61.6921 1099.35
Thumb: 127.459 94.2106 1157.49
Index: 62.7476 87.469 1142.93
Middle: -3.59536 18.0655 1098.04
Ring: -1.0801 117.034 1162.24
Little: -8.39565 60.2156 1096.6
Thumb: 129.954 94.0083 1150.5
Index: 62.7201 92.4592 1151.16
Middle: -3.28691 18.0916 1097.88
Ring: 0.292337 120.427 1160.41
Little: -9.10154 63.0111 1097.27
Thumb: 131.297 91.7738 1141.38
Index: 39.8736 84.8917 1179.56
Middle: -3.29947 16.8541 1095.42
Ring: -4.34223 124.028 1153.24
Little: -11.3151 64.836 1096.07
Thumb: 133.757 92.3997 1134.75
Index: 54.6107 94.4001 1178.74
Middle: -3.48342 17.4719 1097.51
Ring: -0.772027 124.882 1155.71
Little: -9.61777 60.8836 1094.9
Thumb: 132.994 95.404 1127.76
Index: 61.9762 94.1922 1173.08
Middle: -1.25063 17.0103 1090.37
Ring: 2.43515 110.257 1163.17
Little: -10.6064 61.903 1094.01
Thumb: 133.715 96.809 1119.93
Index: 66.0772 93.2677 1169.07
Middle: -1.41823 17.2833 1088.79
Ring: 5.40258 103.541 1163.89
Little: -10.4778 59.2942 1090.25
Thumb: 133.344 100.055 1115.87
Index: 65.6532 94.7279 1168.1
Middle: -0.415861 19.0969 1086.95
Ring: 7.06123 104.886 1163.98
Little: -10.5659 61.3541 1091.24
Thumb: 132.378 99.3984 1114.64
Index: 64.7564 93.4821 1166.61
Middle: -1.55854 20.083 1082.4
Ring: 6.83526 103.387 1162.29
Little: -11.0051 61.6218 1088.03
Thumb: 129.954 98.7842 1108.51
Index: 68.0478 93.7927 1162.45
Middle: -3.4519 21.6583 1080.65
Ring: 9.12697 102.401 1160.9
Little: -10.9538 61.8279 1084.65
Thumb: 130.576 99.1279 1102.82
Index: 64.1022 90.1953 1159.65
Middle: -4.56956 20.6658 1077.14
Ring: 7.47923 101.28 1157.64
Little: -12.5888 60.7868 1078.09
Thumb: 132.326 99.7592 1099.97
Index: 62.8323 88.9002 1157.55
Middle: -4.77434 20.974 1075.51
Ring: 7.29275 101.099 1155.73
Little: -13.1278 61.3014 1074.1
Thumb: 131.178 99.7108 1097.37
Index: 62.2667 89.8426 1155.34
Middle: -5.16189 22.2772 1071.56
Ring: 7.03367 102.453 1153.33
Little: -13.3729 62.4815 1072.24
Thumb: 130.043 99.4226 1094.45
Index: 63.3772 91.0619 1152.21
Middle: -5.09012 22.3431 1067.92
Ring: 6.21388 102.124 1150.81
Little: -14.1806 63.2869 1070.14
Thumb: 127.053 99.0366 1088.03
Index: 60.996 94.1619 1152.59
Middle: -7.35365 20.1025 1068.73
Ring: 2.16352 100.319 1150.14
Little: -15.856 60.9757 1073.94
Thumb: 127.132 99.4557 1088.28
Index: 61.677 92.4174 1149.85
Middle: -8.32014 20.3319 1065.25
Ring: 3.24279 101.971 1148.81
Little: -16.718 61.2491 1072.1
Thumb: 128.536 101.762 1093.47
Index: 56.3438 84.9063 1149.58
Middle: -8.13616 19.9237 1067.38
Ring: 5.147 100.953 1148.61
Little: -17.4849 62.2306 1074.23
Thumb: 128.016 100.987 1092.52
Index: 57.5947 85.0494 1149.29
Middle: -7.9067 20.0923 1065.92
Ring: 7.47046 114.41 1144.35
Little: -16.6049 62.9082 1075.93
Thumb: 129.809 102.963 1094.7
Index: 56.9543 84.4961 1149.21
Middle: -8.09702 19.8372 1066.25
Ring: 6.07389 109.96 1146.54
Little: -17.0176 60.1305 1071.28
Thumb: 127.79 103.838 1097.54
Index: 55.7634 86.4026 1150.47
Middle: -8.34581 20.1675 1069.62
Ring: 5.21867 114.39 1145.79
Little: -17.0554 60.1737 1070.17
Thumb: 128.626 102.045 1100.75
Index: 53.3022 83.3978 1150.93
Middle: -7.88236 19.651 1069.55
Ring: 4.7631 112.666 1146.36
Little: -17.2159 60.0912 1069.55
Thumb: 128.76 101.771 1102.12
Index: 53.731 84.2587 1151.42
Middle: -7.93644 19.7052 1070.68
Ring: 4.21039 112.233 1146.8
Little: -16.7794 59.768 1068.62
Thumb: 128.117 100.836 1105.95
Index: 56.859 87.1528 1152.57
Middle: -6.88271 19.4759 1073.2
Ring: 3.94962 108.78 1147.96
Little: -15.1192 59.385 1068.86
Thumb: 126.053 100.413 1110.57
Index: 60.092 89.9365 1154.18
Middle: -5.50854 18.9799 1075.05
Ring: 5.05309 107.902 1150.25
Little: -14.498 59.7516 1071.7
Thumb: 128.761 100.538 1113.28
Index: 59.0182 89.7933 1158.28
Middle: -4.59786 18.182 1078.98
Ring: 4.48526 117.926 1147.29
Little: -13.2183 57.9666 1070.11
Thumb: 129.337 101.039 1115.09
Index: 59.6496 90.5948 1160.96
Middle: -3.40888 17.4307 1083.97
Ring: 4.54014 117.574 1149.59
Little: -12.5979 56.8383 1075.98
Thumb: 130.927 98.695 1112.52
Index: 59.2382 86.6916 1163.2
Middle: -3.22011 14.8955 1088
Ring: 5.43921 114.987 1152.41
Little: -12.3435 54.3123 1076.7
Thumb: 132.932 100.706 1115.12
Index: 59.3507 88.9434 1166.35
Middle: -1.79244 14.6157 1089.93
Ring: 4.6677 113.439 1156.63
Little: -11.6619 54.3223 1082.53
Thumb: 134.354 101.407 1117.88
Index: 61.7747 91.5539 1167.9
Middle: -1.72923 13.7241 1094.37
Ring: 3.73493 105.124 1159.57
Little: -12.7723 53.7467 1083.94
Thumb: 136.362 101.691 1121.92
Index: 55.1444 86.0001 1172.77
Middle: -1.51383 14.1356 1099.11
Ring: 3.67005 105.499 1162.48
Little: -11.9706 53.8347 1086.96
Thumb: 132.592 101.265 1130.49
Index: 52.3685 84.9158 1176.84
Middle: -1.54281 13.9606 1101.88
Ring: 5.16901 110.345 1166.27
Little: -11.9725 53.7161 1091.08
Thumb: 128.268 101.329 1142.18
Index: 48.3875 85.5544 1182.42
Middle: -1.99175 12.4042 1106.38
Ring: 2.84005 113.017 1168.68
Little: -11.7884 52.4454 1091
Thumb: 122.248 100.392 1154.17
Index: 40.3321 87.6458 1189.51
Middle: -0.681599 11.7581 1108.33
Ring: -6.44916 111.066 1173.4
Little: -9.95777 51.2796 1092.96
Thumb: 121.946 99.1668 1162.2
Index: 40.1415 84.6 1193
Middle: -0.580196 12.779 1108.89
Ring: -1.78488 117.148 1176.63
Little: -8.80512 52.8439 1096.2
Thumb: 127.821 101.541 1161.15
Index: 42.3909 85.1748 1195.85
Middle: -0.85424 13.9793 1109.84
Ring: -0.246559 118.022 1179.84
Little: -8.70486 53.7787 1099.89
Thumb: 136.409 108.542 1148.13
Index: 62.7371 95.1324 1194.51
Middle: 0.293599 15.9901 1113.92
Ring: 7.40063 102.452 1192.19
Little: -19.5174 112.439 1166.55
Thumb: 132.467 108.8 1150.74
Index: 33.4398 30.6293 1157.53
Middle: -0.859785 17.8643 1113.85
Ring: -4.10196 28.9259 1130.19
Little: -19.9311 110.703 1167.56
Thumb: 119.161 106.037 1175.77
Index: 18.8057 26.8477 1150.93
Middle: -2.39528 19.4426 1112.26
Ring: -21.8373 36.5511 1119.52
Little: -31.3442 115.179 1155.08
Thumb: 75.8068 112.355 1228.23
Index: -2.13771 23.9156 1141.6
Middle: -4.67901 15.1832 1104.79
Ring: -33.1306 43.853 1108.84
Little: -4.82058 53.6496 1093.05
Thumb: 121.185 174.181 1211.19
Index: 1.58197 29.3133 1120.34
Middle: -4.41115 16.3561 1107.63
Ring: -27.4058 39.302 1098.84
Little: -2.31866 52.4035 1090.41
Thumb: 114.784 214.729 1206.47
Index: -3.66436 33.3495 1120.81
Middle: -7.33452 19.0685 1107.26
Ring: -22.42 38.416 1092.65
Little: 3.28189 52.1882 1088.09
Thumb: 100.193 174.928 1229.6
Index: -5.42778 32.5875 1119.99
Middle: -8.96177 18.869 1106.21
Ring: -20.8113 37.2873 1089.75
Little: 4.82257 50.985 1088.14
Thumb: 93.3367 171.493 1234.88
Index: -7.55144 32.8556 1120.06
Middle: -11.2059 19.0088 1106.61
Ring: -15.2656 33.0954 1088.92
Little: 0.689482 60.0898 1086.79
Thumb: 87.6222 170.873 1241.2
Index: -3.80387 30.945 1117.51
Middle: -10.1898 19.077 1104.59
Ring: -11.6906 32.6867 1085.72
Little: 2.32188 67.2538 1083.46
Thumb: 96.4308 214.659 1219.86
Index: -3.49586 30.3396 1116.05
Middle: -9.77152 18.4824 1103.05
Ring: -10.6135 32.0163 1084.34
Little: 2.8742 66.744 1082.37
Thumb: -18.5014 144.862 1198.88
Index: -11.4689 41.1709 1099.83
Middle: -6.21795 30.3912 1077.92
Ring: 3.32275 33.4905 1079.16
Little: 26.8387 99.1056 1069.92
Thumb: -27.6227 146.509 1197.91
Index: -6.34797 30.2507 1109.81
Middle: 1.39275 27.971 1077.57
Ring: 2.83436 35.9535 1077.51
Little: 29.0722 99.2813 1066.59
Thumb: -38.2582 145.6 1187.05
Index: -9.13044 27.9499 1110.06
Middle: 0.749524 23.2888 1083.45
Ring: 5.1683 33.3795 1077.24
Little: 34.7598 96.5897 1067.16
Thumb: -46.7547 145.509 1175.56
Index: -7.42424 26.6281 1108.34
Middle: 0.547864 29.5023 1073.52
Ring: 9.03887 31.9561 1077.11
Little: 38.536 95.0134 1063.73
Thumb: -54.3014 147.926 1179.57
Index: -2.54663 27.5746 1104.96
Middle: 4.82323 26.7323 1074.83
Ring: 9.74209 31.5357 1076.9
Little: 40.0275 94.5277 1065.81
Thumb: -61.9098 145.794 1138.5
Index: -1.46553 15.9496 1102.45
Middle: -3.14596 12.1166 1082.66
Ring: 4.01853 13.862 1079.06
Little: 42.3509 79.3228 1058.66
Thumb: -65.9352 150.412 1130.36
Index: -6.0806 26.2109 1096.93
Middle: 6.8579 14.8479 1074.91
Ring: 8.85248 17.2017 1081.51
Little: 41.8679 82.8006 1058.77
Thumb: -70.0563 148.838 1118.5
Index: -7.85184 24.6402 1098.64
Middle: 12.5583 15.0708 1073.91
Ring: 11.5505 16.2832 1081.41
Little: 44.1856 81.3385 1061.1
Thumb: -74.4714 147.684 1119.13
Index: -9.10217 24.3916 1096.37
Middle: -22.2175 72.4704 1023.92
Ring: 12.2605 14.3522 1085.07
Little: 43.11 81.0513 1063.15
Thumb: -74.9042 145.222 1100.88
Index: -9.53321 25.4854 1098.73
Middle: -18.0774 92.0557 1034.96
Ring: 9.80151 18.5838 1083.44
Little: 44.1177 82.7602 1065.03
Thumb: -74.6145 144.203 1098.22
Index: -10.4956 25.4177 1098.97
Middle: -17.1923 91.8716 1035.64
Ring: 9.34673 18.7736 1085.1
Little: 43.2485 81.3183 1064.22
Thumb: -76.607 146.108 1097.49
Index: -13.2048 27.3048 1095.06
Middle: -15.7639 91.0891 1033.02
Ring: 9.40022 18.112 1087.65
Little: 43.956 81.8446 1065.04
Thumb: -76.9026 146.556 1098.18
Index: -14.5283 25.9157 1093.64
Middle: -16.5327 89.6275 1029.97
Ring: 5.90607 21.2707 1078.43
Little: 43.7515 79.1838 1068.59
Thumb: -77.9921 147.66 1098.88
Index: -16.517 27.2359 1094.84
Middle: -20.2857 88.5117 1023.73
Ring: 5.01752 21.9089 1080.48
Little: 43.4085 79.0425 1068.72
Thumb: -77.247 144.621 1090.99
Index: -17.2013 26.4545 1094.14
Middle: -20.8438 88.7714 1016.29
Ring: 6.13875 19.8681 1080.24
Little: 43.7995 77.6883 1069.62
Thumb: -75.6596 146.242 1086.42
Index: -18.6631 26.9028 1092.2
Middle: -17.4599 85.4735 1017.23
Ring: 6.02424 20.0062 1081.25
Little: 44.5127 78.01 1070.59
Thumb: -74.9805 147.528 1086.39
Index: -18.2241 28.4299 1092.74
Middle: -17.7322 93.4038 1018.75
Ring: 7.78227 24.7668 1077.37
Little: 44.0584 76.7413 1071.54
Thumb: -74.7688 147.752 1083.02
Index: -19.6829 30.4142 1086.47
Middle: -15.8932 91.4866 1017.29
Ring: 9.29266 23.4514 1076.88
Little: 44.3615 75.0604 1072.24
Thumb: -75.4817 147.668 1082.82
Index: -19.8273 29.9034 1089.45
Middle: -15.679 91.2547 1017.97
Ring: 7.4129 22.0873 1080.24
Little: 43.7097 74.9529 1073.82
Thumb: -74.8231 148.526 1082.83
Index: -20.0692 30.3942 1089.38
Middle: -14.932 93.2039 1018.09
Ring: 7.82959 22.8744 1077.99
Little: 44.4165 75.4142 1073.31
Thumb: -74.8763 148.207 1082.07
Index: -19.5804 30.8563 1089.4
Middle: -14.1115 89.4376 1018.89
Ring: 10.0012 22.4304 1079.12
Little: 44.1197 75.0552 1074.97
Thumb: -74.2579 147.161 1081.58
Index: -19.3522 28.705 1090.95
Middle: -13.9036 92.9074 1014.98
Ring: 10.447 21.214 1081.23
Little: 44.1313 74.5948 1075.49
Thumb: -74.8129 147.61 1082.36
Index: -18.9717 29.1452 1092.97
Middle: -13.8058 90.6328 1017.66
Ring: 10.2027 20.6953 1084.47
Little: 44.4448 74.6347 1077.12
Thumb: -75.4773 148.771 1084.54
Index: -18.6256 28.9822 1092.76
Middle: -13.4968 90.7975 1017.44
Ring: 10.2719 20.7153 1084.71
Little: 43.924 73.6494 1073.29
Thumb: -78.4673 150.102 1086.74
Index: -16.2227 29.523 1092.76
Middle: -14.0751 91.9023 1017.66
Ring: 9.7098 21.2682 1084
Little: 44.9762 72.7504 1073.14
Thumb: -77.948 148.798 1088.79
Index: -15.6051 30.04 1092.53
Middle: -14.258 91.5441 1016.2
Ring: 9.95591 21.1654 1085.24
Little: 45.346 72.4791 1073.15
Thumb: -78.2857 147.321 1087.93
Index: -14.0943 29.6907 1092.82
Middle: -14.0757 90.3173 1015.9
Ring: 11.0725 21.0286 1085.92
Little: 46.6072 74.3371 1077.2
Thumb: -78.2644 147.343 1088.26
Index: -14.2119 29.7292 1093.09
Middle: -14.074 90.8743 1016.22
Ring: 12.0589 20.5796 1086.49
Little: 46.5085 74.6444 1077.2
Thumb: -77.6052 148.075 1087.46
Index: -13.347 30.6815 1092.36
Middle: -13.9444 85.1591 1014.52
Ring: 12.9957 21.4165 1086.59
Little: 47.3689 75.4597 1076.91
Thumb: -77.0577 149.745 1086.35
Index: -13.9115 31.373 1092.92
Middle: -14.4977 78.8458 1014.02
Ring: 12.2438 21.33 1087.6
Little: 47.1841 75.5904 1077.33
Thumb: -75.4028 151.713 1085.84
Index: -12.8068 31.9398 1093.28
Middle: -13.4685 81.5556 1014.6
Ring: 12.5001 21.5277 1090.28
Little: 48.4048 76.4549 1076.67
Thumb: -74.817 152.745 1084.99
Index: -12.6146 34.4268 1096.05
Middle: -14.2062 91.6955 1017.96
Ring: 12.9168 24.8125 1091.34
Little: 48.3296 78.0266 1077.9
Thumb: -70.8787 152.951 1083.98
Index: -13.6723 33.5344 1095.2
Middle: -16.6783 95.606 1018.19
Ring: 13.1207 25.4588 1087.61
Little: 47.4492 75.5911 1075.8
Thumb: -71.1587 152.605 1081.27
Index: -10.2868 34.5804 1093.64
Middle: -14.7432 96.3982 1019.03
Ring: 14.6886 27.9242 1087.04
Little: 49.99 78.3439 1075.66
Thumb: -66.8379 152.417 1081.15
Index: -7.85448 33.8765 1094.5
Middle: -9.65253 96.3861 1018.73
Ring: 14.5509 29.067 1086.54
Little: 52.4803 78.3771 1076.47
Thumb: -61.9846 151.229 1080.78
Index: -3.48171 33.083 1094.41
Middle: -5.74672 95.189 1018.55
Ring: 18.7858 28.1411 1086.66
Little: 55.7618 79.6147 1077.22
Thumb: -56.729 149.95 1079.94
Index: 0.242549 33.7252 1094.5
Middle: -0.889804 96.9415 1018.68
Ring: 23.7105 30.7005 1081.14
Little: 59.7965 80.7432 1076.61
Thumb: -51.841 152.405 1079.72
Index: 4.57271 35.2598 1090.71
Middle: 6.50701 97.6813 1014.51
Ring: 28.5682 31.6379 1076.82
Little: 65.5275 94.9832 1061.96
Thumb: -70.3733 154.532 1077.76
Index: 11.7063 36.8793 1086.88
Middle: 14.3726 99.0899 1015.18
Ring: 34.5396 38.3235 1072.17
Little: 73.3364 101.145 1064.52
