Thumb: 32.9554 91.7207 1121.92
Index: -64.5745 28.1944 1098.23
Middle: -101.42 40.8207 1097.63
Ring: -124.543 62.0639 1082.41
Little: -141.773 103.039 1080.87
Thumb: 48.5023 92.9326 1106.83
Index: -73.2657 46.6064 1114.73
Middle: -97.3738 65.9163 1120.64
Ring: -125.36 61.5509 1087.43
Little: -128.214 109.956 1096.5
Thumb: 35.5949 90.2559 1108.46
Index: -55.0292 79.058 1141.56
Middle: -96.576 73.5456 1116.64
Ring: -129.711 64.3039 1090.34
Little: -134.845 108.085 1093.76
Thumb: 26.243 87.4907 1108.42
Index: -67.2864 60.9938 1121.12
Middle: -97.6735 71.1411 1114.25
Ring: -129.383 63.6107 1090.34
Little: -138.392 102.71 1090.88
Thumb: 21.4384 81.7995 1110.85
Index: -77.6321 48.9806 1107.71
Middle: -101.555 66.563 1117.76
Ring: -132.738 59.4617 1090.8
Little: -137.928 103.588 1100.61
Thumb: 10.0702 84.7736 1111.42
Index: -75.1898 47.9513 1106.87
Middle: -110.044 53.1526 1116.47
Ring: -133.321 56.7404 1099.07
Little: -140.797 98.5226 1098.97
Thumb: 6.80241 85.4576 1107.62
Index: -88.9133 30.7785 1099.77
Middle: -112.915 46.2283 1112.99
Ring: -132.688 55.648 1101.08
Little: -140.397 99.097 1102.6
Thumb: 1.84837 85.3267 1099.32
Index: -91.984 30.0999 1089.08
Middle: -111.7 46.3576 1110.47
Ring: -130.744 58.0511 1101.54
Little: -140.592 98.1002 1098.79
Thumb: -0.133001 84.4945 1109.73
Index: -95.7898 35.294 1096.21
Middle: -115.375 43.4756 1109.14
Ring: -129.624 59.7127 1106.07
Little: -141.688 97.3459 1098.76
Thumb: -1.66165 84.5466 1112.49
Index: -98.8505 36.1825 1096.1
Middle: -122.539 38.1905 1096.04
Ring: -130.832 61.1726 1108.35
Little: -140.193 100.678 1103.06
Thumb: -9.02474 84.3002 1116.54
Index: -102.701 35.7612 1092.24
Middle: -123.194 42.9759 1102.15
Ring: -130.424 62.6652 1110.92
Little: -142.499 95.9364 1099.92
Thumb: -11.3479 84.0302 1112.62
Index: -101.628 36.0077 1091.29
Middle: -122.734 41.6201 1099.06
Ring: -127.423 61.9951 1110.95
Little: -140.121 96.0782 1102.69
Thumb: -9.62798 85.9892 1114.7
Index: -100.611 35.5119 1091.87
Middle: -123.392 40.4717 1096.65
Ring: -126.494 60.6792 1110.43
Little: -139.365 95.0798 1102.55
Thumb: -8.27146 88.5937 1112.04
Index: -94.2433 36.2274 1096.79
Middle: -117.362 38.9001 1097.69
Ring: -121.459 58.1628 1109.79
Little: -134.014 91.8628 1103.59
Thumb: -6.21797 91.5866 1111.56
Index: -82.5956 35.5955 1101.62
Middle: -109.004 36.1033 1099.66
Ring: -112.201 56.8588 1107.67
Little: -128.739 90.4227 1107.05
Thumb: -2.84758 92.517 1113.39
Index: -77.4591 34.5126 1097.83
Middle: -103.616 35.3209 1096.49
Ring: -105.883 59.5562 1111.4
Little: -119.32 88.6495 1105.4
Thumb: 2.13013 91.7329 1109.37
Index: -68.6163 32.4422 1097.1
Middle: -95.617 32.7487 1096.52
Ring: -100.784 53.5251 1110.14
Little: -113.808 85.8779 1106.02
Thumb: 8.09318 88.4594 1109.69
Index: -60.2646 31.4691 1101.4
Middle: -86.3896 32.2088 1102.58
Ring: -95.7404 51.5332 1109.21
Little: -107.134 81.7408 1101.48
Thumb: 14.9659 92.0504 1112.63
Index: -54.9331 25.9852 1095.16
Middle: -75.5716 32.93 1104.5
Ring: -84.7099 48.7167 1111.69
Little: -104.559 75.9423 1104.15
Thumb: 24.7872 93.8633 1109.43
Index: -45.6758 27.4167 1093.81
Middle: -64.0034 32.1853 1101.61
Ring: -79.0577 46.9221 1109.26
Little: -93.8661 71.8106 1104.62
Thumb: 32.85 93.9188 1107.74
Index: -32.9978 31.4277 1102.32
Middle: -53.6408 29.1003 1101.45
Ring: -70.4322 43.5035 1107.57
Little: -85.0072 69.6472 1104.92
Thumb: 42.8894 94.1733 1107.13
Index: -24.8046 32.1194 1103.97
Middle: -47.6673 29.8023 1102.01
Ring: -63.1339 42.5223 1106.38
Little: -78.3951 67.9523 1100.65
Thumb: 48.7182 93.6434 1111.6
Index: -18.7033 29.5199 1104.88
Middle: -40.1344 30.1024 1104.81
Ring: -56.0126 41.0798 1110.31
Little: -71.0756 65.7837 1101.44
Thumb: 55.2777 91.1087 1117.3
Index: -14.2688 26.5875 1098.22
Middle: -33.1936 30.8075 1106.44
Ring: -50.0769 39.527 1106.74
Little: -64.2091 66.4313 1097.55
Thumb: 61.0627 89.9017 1116.26
Index: -6.31891 25.9597 1100.55
Middle: -29.9821 21.5188 1097.59
Ring: -44.7585 37.3471 1104.61
Little: -56.1637 65.1307 1097.19
Thumb: 67.6335 87.2068 1112.02
Index: 3.7066 26.2913 1099.18
Middle: -22.7616 20.3228 1100.1
Ring: -38.1965 32.2384 1103.08
Little: -50.9082 58.9632 1094.66
Thumb: 99.9215 90.4587 1103.46
Index: 12.4521 21.9312 1098.59
Middle: -12.9941 17.6999 1102.33
Ring: -30.5333 29.5602 1104.86
Little: -47.3917 53.2235 1097.95
Thumb: 110.946 95.3972 1102.28
Index: 23.3762 22.1244 1103.85
Middle: -6.50346 17.8038 1099.64
Ring: -24.0478 31.1757 1103.09
Little: -37.932 64.4772 1106.48
Thumb: 122.807 103.146 1108.7
Index: 30.4817 18.8109 1104.07
Middle: -1.82542 11.2496 1095.25
Ring: -17.8648 28.6712 1102.39
Little: -31.8676 59.689 1106.28
Thumb: 121.908 94.7348 1111.15
Index: 39.1777 14.1737 1102.74
Middle: 4.44073 6.22083 1096.22
Ring: -10.5342 26.816 1106.6
Little: -29.2758 53.3719 1104.54
Thumb: 114.465 88.193 1107.85
Index: 46.8623 13.39 1103.1
Middle: 9.8425 1.47617 1088.6
Ring: -3.6538 25.3166 1108.48
Little: -25.6072 51.0063 1103.06
Thumb: 122.288 88.7363 1108.53
Index: 53.7269 12.375 1101.71
Middle: 17.3429 0.990776 1089.38
Ring: 3.69455 24.1044 1106.67
Little: -18.0279 49.0101 1101.98
Thumb: 129.549 90.0662 1109.67
Index: 59.988 12.038 1102.51
Middle: 23.7479 0.46138 1088.94
Ring: 9.5447 23.2084 1106.96
Little: -12.382 51.755 1105.76
Thumb: 135.337 93.6903 1111.55
Index: 62.2789 9.07065 1101.27
Middle: 28.6529 -1.42758 1093.1
Ring: 13.3175 19.4264 1103.83
Little: -10.271 44.5135 1099.78
Thumb: 138.252 89.8661 1105.95
Index: 69.1631 9.13249 1096.98
Middle: 35.3506 3.84237 1093.9
Ring: 19.017 21.4909 1101.71
Little: -4.20064 48.9768 1102.52
Thumb: 142.651 94.7458 1104.27
Index: 75.936 11.6392 1102.07
Middle: 40.7432 1.34937 1090.47
Ring: 24.9069 22.4007 1102.34
Little: 0.293523 48.678 1103.9
Thumb: 148.176 93.5214 1109.63
Index: 80.2023 13.1702 1104.43
Middle: 43.7509 -1.19455 1081.72
Ring: 28.9339 23.2959 1101.25
Little: 4.18726 49.3365 1101.72
Thumb: 155.583 97.8176 1109.27
Index: 85.5373 20.4493 1105.81
Middle: 47.9068 0.809912 1081.13
Ring: 31.1582 19.5079 1094.48
Little: 7.37122 49.9426 1101.79
Thumb: 156.944 99.4752 1113.2
Index: 87.7416 18.7147 1104.99
Middle: 50.7287 -0.291164 1082.66
Ring: 34.4281 20.203 1101.3
Little: 13.0322 58.6159 1109.14
Thumb: 163.273 104.353 1113.78
Index: 89.9214 20.7074 1108.18
Middle: 51.8275 -0.551451 1080.62
Ring: 37.9212 26.308 1110.7
Little: 19.384 75.7838 1103.01
Thumb: 163.379 100.547 1111.97
Index: 91.368 20.6822 1106.92
Middle: 52.4153 -0.351444 1078.96
Ring: 38.7657 25.7589 1108.92
Little: 20.8758 75.9653 1102.05
Thumb: 164.81 99.8739 1115.16
Index: 93.0504 21.3258 1106.53
Middle: 54.055 -0.973654 1082.59
Ring: 62.8002 97.0089 1155.28
Little: 23.9959 77.7669 1102.16
Thumb: 166.709 99.7254 1116.66
Index: 90.8148 23.2561 1107.77
Middle: 51.6307 0.514652 1081.86
Ring: 60.8008 99.8874 1153.81
Little: 23.1857 80.5118 1104.62
Thumb: 165.318 99.5275 1117.07
Index: 88.5765 23.6925 1107.48
Middle: 49.5125 3.17661 1080.92
Ring: 59.204 101.977 1153.94
Little: 27.4092 81.5735 1103.67
Thumb: 164.291 96.6927 1117.4
Index: 84.5211 23.2664 1107.27
Middle: 45.3244 3.62109 1078.67
Ring: 55.4716 99.2955 1158.76
Little: 26.6273 71.1051 1105.2
Thumb: 160.868 96.1299 1115.22
Index: 81.284 23.4427 1106.46
Middle: 41.2925 4.72962 1079.76
Ring: 56.6748 103.038 1156.57
Little: 26.9677 55.4913 1098.87
Thumb: 156.115 97.4859 1115.26
Index: 77.9782 27.9868 1108.2
Middle: 36.9407 6.17155 1080.88
Ring: 51.0625 102.049 1162.38
Little: 23.2988 55.7029 1097.97
Thumb: 151.111 94.0043 1117.99
Index: 70.9249 26.4409 1104.51
Middle: 29.6186 7.8951 1078.75
Ring: 46.5713 101.838 1161.79
Little: 20.0166 51.7543 1093.67
Thumb: 147.449 93.634 1118.42
Index: 64.6281 26.5753 1102.15
Middle: 23.6337 10.8139 1078.66
Ring: 42.5186 102.652 1162.16
Little: 15.3775 54.7673 1092.95
Thumb: 141.95 93.4325 1118.19
Index: 62.5059 34.6888 1108.95
Middle: 17.5835 12.4323 1079.49
Ring: 37.4514 101.292 1164.2
Little: 10.2948 56.9037 1094.36
Thumb: 135.659 94.5024 1120.44
Index: 57.3367 38.7122 1110.89
Middle: 11.3084 15.1995 1080.57
Ring: 32.4375 105.951 1163.3
Little: 4.62294 59.3553 1094.09
Thumb: 124.81 94.8113 1121.68
Index: 50.3513 38.8835 1111.37
Middle: 4.76807 15.6694 1081.7
Ring: 21.4615 108.118 1161.96
Little: -0.684949 53.6367 1085.8
Thumb: 115.474 95.6755 1126.9
Index: 41.5968 39.3447 1113.5
Middle: -2.24313 15.4167 1083.64
Ring: 9.1286 108.842 1160.04
Little: -7.79136 53.6591 1085.15
Thumb: 106.207 96.3907 1127.48
Index: 35.1621 40.83 1116.52
Middle: -9.34068 16.7836 1085.59
Ring: 5.04892 112.812 1162.33
Little: -14.9189 55.3003 1090.4
Thumb: 99.377 96.004 1127.79
Index: 29.9099 41.4897 1118.09
Middle: -15.2812 18.464 1084.52
Ring: 1.38679 113.775 1163.98
Little: -20.5697 56.2573 1091.99
Thumb: 95.7017 97.6356 1130.16
Index: 24.1754 42.8445 1120.26
Middle: -22.0379 20.8989 1089.77
Ring: -1.20328 114.256 1168.09
Little: -25.4532 58.4447 1091.79
Thumb: 90.1498 98.5593 1129.11
Index: 20.4892 45.3861 1129.48
Middle: -27.1862 20.0188 1092.71
Ring: -7.01021 111.233 1171.81
Little: -30.9849 57.6595 1094.49
Thumb: 86.4642 98.5495 1130.7
Index: 6.72384 29.4635 1128.99
Middle: -30.9401 18.2415 1094.13
Ring: -14.736 111.366 1173.69
Little: -38.634 57.4283 1092.73
Thumb: 80.2346 97.8443 1137.58
Index: -2.18653 30.1868 1135.8
Middle: -34.9448 18.1213 1095.7
Ring: -27.6624 103.787 1175.79
Little: -41.5796 56.8342 1097.18
Thumb: 67.3006 98.4763 1158.95
Index: -20.6507 33.0574 1145.56
Middle: -36.5949 15.547 1100.79
Ring: -53.4344 108.873 1167.94
Little: -49.1865 57.7589 1089.47
Thumb: 3.482 96.5177 1172.21
Index: -45.0605 50.6637 1108.3
Middle: -64.7598 49.4001 1080.88
Ring: -80.6113 83.8002 1113.62
Little: -52.5546 85.9497 1059.9
Thumb: -22.3152 102.772 1162.2
Index: -51.9258 42.1416 1105.21
Middle: -64.3706 45.5401 1076.59
Ring: -47.432 39.8544 1069.26
Little: -40.8695 73.2422 1053.25
Thumb: -24.9938 120.199 1150.43
Index: -46.8175 29.0892 1103.47
Middle: -66.2773 49.3891 1081.74
Ring: -47.2301 42.17 1071.59
Little: -35.1165 71.8468 1055.18
Thumb: -24.7847 136.06 1141.97
Index: -47.3957 33.7585 1109.62
Middle: -60.8176 43.2504 1097.9
Ring: -50.6533 47.4944 1076.32
Little: -34.1772 72.819 1056.59
Thumb: -13.5762 152.666 1086.89
Index: -49.6114 33.2882 1111.96
Middle: -64.9108 42.6321 1101.35
Ring: -57.0821 49.4825 1080.45
Little: -39.0881 72.9618 1059.13
Thumb: -15.1372 157.96 1099.24
Index: -52.3596 38.0274 1111.87
Middle: -57.2585 34.0408 1102.37
Ring: -56.6849 48.5877 1081.44
Little: -36.4249 70.73 1062.38
Thumb: -25.7643 167.258 1099.16
Index: -62.4044 38.4141 1112.73
Middle: -57.2522 31.3829 1088.89
Ring: -54.5741 43.8198 1080.88
Little: -34.5394 73.138 1062.88
Thumb: -30.4419 173.022 1102.53
Index: -59.6762 43.8618 1110.87
Middle: -56.112 38.5165 1088.74
Ring: -51.4925 51.1496 1081.1
Little: -28.4662 73.956 1068.25
Thumb: -33.9259 170.447 1100.49
Index: -61.4308 43.5535 1108.84
Middle: -54.3816 40.0399 1083.13
Ring: -48.3756 49.1282 1082.62
Little: -24.2315 71.2788 1070.06
Thumb: -41.0447 170.59 1100.83
Index: -58.3371 42.0051 1109.4
Middle: -48.7182 39.4734 1082.16
Ring: -43.0937 45.7872 1088.21
Little: -18.9422 71.8859 1074.04
Thumb: -45.4861 168.254 1100.9
Index: -62.818 42.5107 1106.83
Middle: -50.1891 38.8446 1081.43
Ring: -39.945 42.9075 1090.72
Little: -20.4944 71.6569 1073.5
Thumb: -46.6871 169.859 1098.48
Index: -67.5358 48.5885 1100.55
Middle: -46.0198 38.2604 1086.6
Ring: -42.0359 44.7827 1091.52
Little: -19.087 71.5845 1075.96
Thumb: -52.1806 170.217 1098.3
Index: -66.8178 49.7808 1097.17
Middle: -45.7545 38.9954 1085.58
Ring: -40.7912 45.1596 1093.35
Little: -17.563 71.9574 1078.19
Thumb: -124.252 180.55 1136.03
Index: -69.2536 46.2511 1097.27
Middle: -44.1064 35.7788 1086.75
Ring: -41.3715 39.4852 1099.74
Little: -17.7061 63.181 1080.33
Thumb: -128.759 180.749 1129.2
Index: -69.9548 44.8349 1097.91
Middle: -46.1097 33.5176 1086.06
Ring: -47.8121 37.9327 1102.49
Little: -21.2 60.3088 1077.5
Thumb: -130.24 180.669 1123.34
Index: -72.3518 45.0207 1096.19
Middle: -48.6249 34.1675 1076.54
Ring: -50.8497 37.3265 1099.25
Little: -20.7594 58.0604 1079.17
Thumb: -132.888 177.382 1109.91
Index: -73.0107 43.2601 1097.16
Middle: -46.8758 31.8152 1078.93
Ring: -50.2537 35.3769 1100.16
Little: -19.7846 55.6044 1087.52
Thumb: -132.141 179.923 1101.77
Index: -73.4385 45.3181 1093.97
Middle: -45.7272 32.5342 1080.27
Ring: -50.5752 35.7432 1099.14
Little: -21.1186 55.7213 1089.18
Thumb: -132.064 180.047 1095.2
Index: -74.7764 46.3085 1094.24
Middle: -48.2417 32.7226 1082.75
Ring: -52.4662 35.5767 1102.26
Little: -16.6102 52.4124 1088.83
Thumb: -133.009 182.764 1090.39
Index: -74.9733 45.6935 1090.35
Middle: -51.4903 31.6596 1081.21
Ring: -53.4372 34.7131 1100.88
Little: -17.5917 51.5791 1087.04
Thumb: -114.458 242.123 1058.42
Index: -77.2357 45.874 1088.25
Middle: -51.2928 31.2927 1076.72
Ring: -53.0099 33.9195 1099.48
Little: -20.2833 51.5927 1087.24
Thumb: -119.971 230.637 1056.56
Index: -76.1489 42.5339 1083.83
Middle: -54.8709 106.703 1002.71
Ring: -53.5827 31.0426 1098.72
Little: -18.2531 47.32 1091.48
Thumb: -133.897 184.354 1074.2
Index: -71.8112 49.6685 1074.99
Middle: -51.2367 94.1798 1001.59
Ring: -53.9756 33.1492 1092.3
Little: -15.85 54.4239 1078.82
Thumb: -133.309 185.456 1071.06
Index: -70.671 49.2733 1072.85
Middle: -49.3647 106.835 998.539
Ring: -52.4283 33.1145 1090.43
Little: -13.0379 53.7269 1079.94
Thumb: -132.101 184.904 1068.67
Index: -71.8594 50.5826 1066.41
Middle: -50.8406 104.759 995.712
Ring: -53.4234 32.4315 1085.73
Little: -14.0228 53.1182 1075.86
Thumb: -136.703 183.061 1066.66
Index: -71.5122 51.1581 1066.15
Middle: -51.8379 104.696 994.338
Ring: -52.7483 32.6171 1083.67
Little: -13.2812 53.6003 1073.26
Thumb: -134.917 182.159 1063.62
Index: -70.2057 51.0564 1063.62
Middle: -51.1832 105.22 992.429
Ring: -51.6639 32.6088 1083.41
Little: -12.15 53.4903 1071.16
Thumb: -133.115 183.921 1062.77
Index: -68.1054 55.1074 1062.75
Middle: -51.8268 99.1278 992.366
Ring: -50.126 32.2435 1085.01
Little: -12.4627 57.1872 1062.61
Thumb: -136.382 184.837 1061.62
Index: -66.9915 56.3607 1063.66
Middle: -52.0799 108.16 991.699
Ring: -48.0542 33.1712 1085.15
Little: -9.63309 53.8816 1066.44
Thumb: -135.801 183.602 1060.01
Index: -64.904 56.9578 1065.68
Middle: -51.6162 103.058 988.829
Ring: -44.737 34.689 1087.11
Little: -7.19082 55.7977 1067.43
Thumb: -134.671 182.319 1062.33
Index: -63.0185 56.9459 1066.95
Middle: -51.5674 103.428 989.848
Ring: -42.3711 34.6493 1086.61
Little: -4.38493 60.085 1065.76
Thumb: -134.685 179.266 1064.93
Index: -61.8942 55.1462 1069.56
Middle: -52.0149 102.186 991.508
Ring: -39.1245 33.3233 1090.57
Little: -2.52783 60.1739 1067.54
Thumb: -136.007 179.672 1066.34
Index: -61.766 56.8766 1070.77
Middle: -50.7371 103.381 992.471
Ring: -34.5291 33.7649 1092.17
Little: 0.850499 60.192 1065.35
Thumb: -137.503 178.656 1071.32
Index: -57.2427 54.1166 1074.52
Middle: -50.0627 99.4359 995.912
Ring: -31.886 37.2915 1080.45
Little: 2.52968 60.1033 1070.68
Thumb: -135.729 174.841 1076.02
Index: -53.9016 53.1695 1077.73
Middle: -48.29 100.51 997.534
Ring: -27.4673 35.6277 1086.56
Little: 6.44732 60.53 1073.05
Thumb: -134.544 170.279 1075.77
Index: -49.5436 51.9443 1079.23
Middle: -46.2488 96.882 998.591
Ring: -22.3078 36.0316 1086.3
Little: 10.7855 64.3082 1071.07
Thumb: -134.133 168.397 1079.18
Index: -44.8647 49.5609 1079.73
Middle: -45.7973 96.3963 999.689
Ring: -16.3771 34.8886 1085.71
Little: 15.0644 63.2645 1073.78
Thumb: -131.977 165.383 1081.21
Index: -39.9148 46.5677 1083.68
Middle: -40.0814 91.8324 1002.84
Ring: -9.55071 33.165 1087.97
Little: 21.4252 61.371 1077.46
Thumb: -118.632 165.059 1088.99
Index: -36.9545 46.9759 1084.05
Middle: -33.9364 95.4931 1004.64
Ring: -4.80724 31.8317 1087.25
Little: 26.5516 59.7655 1076.51
Thumb: -115.62 163.588 1089.93
Index: -29.4271 41.9763 1085.42
Middle: -26.2004 90.1103 1005.68
Ring: 2.12705 28.1241 1088.09
Little: 33.9152 55.7871 1080.07
Thumb: -110.911 158.192 1091.46
Index: -20.5556 36.6255 1086.09
Middle: -19.2726 92.2298 1006.18
Ring: 9.03823 27.2743 1088.78
Little: 40.083 53.4065 1077.35
Thumb: -108.994 152.092 1096.22
Index: -12.7468 33.8215 1090.3
Middle: -16.5525 91.3557 1007.45
Ring: 16.1551 25.9638 1085.92
Little: 44.9416 54.2625 1080.23
Thumb: -101.203 149.096 1097.06
Index: -6.85023 31.991 1088.78
Middle: -9.37391 87.1107 1006.25
Ring: 22.0918 22.9996 1088.54
Little: 51.6013 54.1268 1077.91
Thumb: -97.0079 145.078 1094.43
Index: 1.81636 31.2109 1091.36
Middle: 0.336976 84.2206 1007.2
Ring: 28.747 22.8772 1092.6
Little: 58.7007 56.4318 1082.15
Thumb: -91.7797 142.096 1091.38
Index: 9.19236 32.1843 1088.19
Middle: 9.60546 84.7531 1006.23
Ring: 36.8399 23.0766 1092.17
Little: 65.5113 58.7983 1080.73
Thumb: -86.1192 140.033 1090.2
Index: 15.6576 31.3207 1087.52
Middle: 15.8648 82.491 1005.54
Ring: 44.6454 22.624 1091.8
Little: 73.6898 57.7749 1080.91
Thumb: -88.2261 141.819 1090.24
Index: 23.6261 30.1349 1089.17
Middle: 18.2479 80.6049 1006.97
Ring: 53.4508 23.0417 1087.42
Little: 80.0864 58.6361 1078.49
Thumb: -84.7667 143.652 1087.55
Index: 29.9613 31.1694 1087.64
Middle: 21.3708 83.9288 1006.14
Ring: 61.2263 25.6584 1083.44
Little: 88.0033 56.7617 1080.72
Thumb: -80.21 143.252 1093.58
Index: 36.2282 31.2952 1086.63
Middle: 24.2822 85.6713 1006.47
Ring: 68.2109 26.201 1082.26
Little: 94.2758 58.1116 1078.51
Thumb: -71.4049 142.989 1092.61
Index: 43.279 28.9338 1089.84
Middle: 33.0347 86.4917 1007.07
Ring: 75.3761 27.1212 1083.75
Little: 101.752 56.0598 1081.01
Thumb: -66.3268 145.428 1095.88
Index: 48.2982 30.684 1090.72
Middle: 40.503 82.429 1008.52
Ring: 82.2622 26.3128 1083.13
Little: 106.774 58.6633 1077.74
Thumb: -60.0664 149.018 1095.71
Index: 53.7313 29.5341 1093.82
Middle: 47.5508 80.4615 1009.17
Ring: 85.3461 27.1438 1083.91
Little: 110.765 60.82 1074.53
Thumb: -54.4709 149.179 1096.69
Index: 56.3245 26.9192 1094.19
Middle: 50.0313 76.0716 1009.98
Ring: 86.9535 22.7733 1085.41
Little: 113.325 52.2286 1069.66
Thumb: -52.7189 150.586 1101.38
Index: 55.535 26.9499 1093.61
Middle: 47.7708 77.5016 1011.27
Ring: 86.442 21.389 1086.04
Little: 112.457 51.2586 1068.63
Thumb: -49.5466 153.061 1114.28
Index: 52.5026 28.308 1093.77
Middle: 33.3728 85.4677 1015.72
Ring: 82.4218 23.4658 1082.47
Little: 108.275 52.4774 1067.12
Thumb: -32.6501 153.091 1114.23
Index: 48.0707 28.3905 1108.59
Middle: 30.0975 75.9804 1020.84
Ring: 65.4625 22.744 1084.7
Little: 93.6957 53.9804 1056.45
Thumb: -32.7692 158.669 1126.32
Index: 46.1354 29.3395 1115.18
Middle: 26.3735 75.1332 1039.28
Ring: 56.8415 25.7254 1081.92
Little: 83.7067 55.62 1052.29
Thumb: -25.2531 162.866 1131.44
Index: 45.0117 33.8276 1119.48
Middle: 15.7488 75.7914 1036.63
Ring: 44.2838 32.702 1087.17
Little: 71.1782 67.6022 1044.69
Thumb: -20.2431 164.271 1145.1
Index: 39.3617 34.9539 1119.06
Middle: 28.2844 26.2859 1088.87
Ring: 32.6929 38.5189 1085.49
Little: 59.1221 71.2991 1048.17
Thumb: -11.2713 166.345 1148.73
Index: 37.113 41.7257 1122.3
Middle: 29.3457 31.4581 1112.94
Ring: 32.105 50.1894 1085.57
Little: 68.1879 101.323 1040.42
Thumb: -6.27683 167.186 1157.76
Index: 35.2147 41.0099 1126.6
Middle: 30.421 31.0567 1114.49
Ring: 28.844 51.6679 1086.21
Little: 67.377 105.062 1040.72
Thumb: 0.187923 170.798 1162.97
Index: 39.0438 42.6486 1128.74
Middle: 32.6719 34.5362 1125.64
Ring: 26.7998 53.2054 1090.69
Little: 66.2687 103.831 1041.6
Thumb: 5.52908 170.681 1168.53
Index: 44.4056 43.4229 1126.61
Middle: 36.4761 36.2806 1129.29
Ring: 27.7611 48.6738 1096.86
Little: 61.8173 107.965 1039.07
Thumb: 16.0332 172.895 1180.04
Index: 44.3514 45.0405 1121.27
Middle: 35.1002 36.3613 1126.5
Ring: 28.1401 50.6572 1097.79
Little: 58.2135 109.962 1036.93
Thumb: 25.5217 174.216 1180.17
Index: 43.0161 48.2926 1116.68
Middle: 37.6537 38.1775 1125.79
Ring: 33.6052 48.8087 1107.83
Little: 49.7666 106.294 1036.93
Thumb: 36.3905 176.099 1183.91
Index: 43.0608 48.6672 1131.28
Middle: 37.8543 41.0946 1124.32
Ring: 29.3873 54.3026 1107.79
Little: 49.3704 114.878 1030.96
Thumb: 41.3171 175.601 1184.09
Index: 42.5316 50.57 1136.06
Middle: 37.5756 44.428 1123.65
Ring: 28.3732 56.8512 1105.92
Little: 52.1089 120.048 1028.8
Thumb: 43.503 173.661 1185.3
Index: 46.0339 48.9459 1135.35
Middle: 38.051 43.4263 1124.43
Ring: 26.735 57.5568 1106.03
Little: 53.0653 122.258 1028.71
Thumb: 45.9719 172.482 1185.59
Index: 46.4508 49.4551 1134.86
Middle: 38.3724 44.0795 1126.33
Ring: 27.6868 57.103 1109.13
Little: 54.5999 125.448 1028.26
Thumb: 47.7595 170.472 1187.37
Index: 46.9005 49.5239 1136.8
Middle: 40.6213 42.1385 1129.52
Ring: 26.7098 57.7944 1110.3
Little: 53.6613 124.445 1030.48
Thumb: 46.6738 170.361 1188.39
Index: 47.7617 49.4724 1138.42
Middle: 40.2569 42.0294 1131.8
Ring: 26.2522 57.8609 1111.4
Little: 54.7495 125.186 1031.81
Thumb: 48.3501 170.033 1189.32
Index: 47.288 48.9379 1138.97
Middle: 41.0782 41.4256 1134.33
Ring: 25.7211 57.5559 1112.07
Little: 55.2133 127.245 1031.01
Thumb: 47.4248 167.171 1188.58
Index: 47.1775 48.8002 1137.42
Middle: 39.0811 42.8297 1136.85
Ring: 23.4183 58.5602 1111.8
Little: 53.4659 126.685 1031.49
Thumb: 43.8266 164.734 1186.56
Index: 45.8532 48.6583 1136.95
Middle: 36.7052 43.4276 1136.92
Ring: 22.2393 58.4808 1111.56
Little: 52.9454 125.28 1031.18
Thumb: 39.5213 161.872 1185.88
Index: 44.8425 48.1477 1135.11
Middle: 35.3004 42.8111 1135.18
Ring: 21.2762 58.0835 1110.37
Little: 53.1052 124.659 1029.86
Thumb: 36.4177 161.183 1183.28
Index: 39.6029 47.7196 1137.85
Middle: 32.0685 42.1676 1137.72
Ring: 16.1436 58.9042 1110.87
Little: 52.0133 122.035 1031.44
Thumb: 32.704 157.775 1184.3
Index: 39.214 46.7826 1138.93
Middle: 27.2618 43.522 1136.86
Ring: 14.2906 59.1558 1109.84
Little: 48.847 115.815 1037.41
Thumb: 26.1121 155.674 1181.89
Index: 34.2068 45.7538 1140.58
Middle: 25.3296 41.3399 1138.2
Ring: 10.4255 59.9298 1105.64
Little: 51.2623 111.023 1040.08
Thumb: 16.316 148.761 1175.45
Index: 28.865 44.951 1145.15
Middle: 21.1193 41.9018 1141.3
Ring: 7.91409 59.7565 1105.49
Little: 51.8117 110.685 1042.6
Thumb: 11.4131 147.371 1173.5
Index: 28.9445 44.6138 1147.8
Middle: 20.1026 43.3794 1146.13
Ring: 5.79368 60.372 1104.7
Little: 52.0842 109.164 1043.89
Thumb: 8.24239 145.775 1172.45
Index: 27.4605 43.8363 1149.7
Middle: 20.8022 41.9745 1149
Ring: 4.08328 60.5795 1103.19
Little: 45.4667 107.833 1042.34
Thumb: 0.146959 140.334 1166.47
Index: 25.718 39.4879 1145.09
Middle: 18.8833 36.4836 1147.22
Ring: 3.14853 55.5106 1106.25
Little: 41.0879 101.693 1043.97
Thumb: -3.81477 136.827 1164.73
Index: 23.0697 38.2004 1141.8
Middle: 14.1063 39.1579 1141.24
Ring: 8.28148 50.4285 1106.71
Little: 43.4751 101.141 1043.31
Thumb: -5.36739 135.408 1157.29
Index: 21.7786 36.0526 1138.81
Middle: 8.34353 42.702 1136.31
Ring: 13.5425 43.4854 1110.08
Little: 45.0587 102.778 1035.58
Thumb: -14.8044 127.861 1156.41
Index: 11.0389 31.6092 1135.17
Middle: 5.48945 44.85 1129.41
Ring: 8.79486 36.8982 1110.77
Little: 28.6138 94.279 1036.44
Thumb: -15.1696 123.588 1155.65
Index: 14.2173 31.6351 1137.17
Middle: 2.57278 46.5854 1127.3
Ring: 7.60653 38.4065 1108.84
Little: 31.2571 98.3099 1035.44
Thumb: -12.0489 123.856 1148.83
Index: 19.5274 33.7411 1111.44
Middle: -4.33994 44.8751 1126.27
Ring: 9.46275 36.1759 1112.03
Little: 42.9501 97.2254 1036.61
Thumb: -14.3776 118.522 1142.86
Index: 15.0567 34.6107 1109.58
Middle: -7.58955 44.3223 1125.56
Ring: 5.31567 36.7162 1109.85
Little: 44.0994 94.7969 1038.22
Thumb: -15.8937 117.824 1140.25
Index: 12.6006 36.4102 1112.31
Middle: -11.0607 47.3447 1126.74
Ring: 1.34814 40.2711 1110.11
Little: 41.5581 95.9993 1037.41
Thumb: -19.5705 117.311 1134.87
Index: 8.76404 40.2192 1112.51
Middle: -14.3898 49.5282 1126.92
Ring: -1.8881 43.9151 1109.06
Little: 46.7096 96.7641 1042.69
Thumb: -17.6854 120.019 1137.07
Index: 4.91529 45.4463 1119.5
Middle: -22.0262 59.4078 1123.92
Ring: -5.33309 48.5502 1113.53
Little: 49.6486 92.6985 1046.29
Thumb: -21.046 121.817 1129.19
Index: -3.47961 46.4289 1122.5
Middle: -28.1579 68.0199 1116.35
Ring: -11.9889 48.6956 1117.08
Little: 49.7923 84.9556 1045.29
Thumb: -20.1228 119.554 1134.47
Index: -9.07555 48.3437 1125.99
Middle: -32.3246 72.9308 1115.79
Ring: -18.4401 51.4958 1118.54
Little: 42.5792 85.9322 1047.35
Thumb: -24.7966 119.325 1134.42
Index: -19.8399 51.9154 1126.03
Middle: -29.9316 82.4336 1110.1
Ring: -26.9311 53.8669 1119.14
Little: 32.2379 86.6952 1040.22
Thumb: -27.7567 115.03 1129.46
Index: -25.1613 55.1731 1123.29
Middle: -31.248 84.9464 1105.98
Ring: -31.4795 55.8818 1112.71
Little: 30.751 86.6631 1041.97
Thumb: -30.693 115.379 1129.6
Index: -28.8751 58.7456 1123.25
Middle: -30.9879 86.8179 1107.73
Ring: -33.6186 55.0154 1117.93
Little: 28.1552 86.7479 1043.72
Thumb: -33.0715 116.411 1131.44
Index: -34.7607 62.617 1122.11
Middle: -32.1218 88.206 1107.86
Ring: -38.362 53.9718 1121.07
Little: 25.1064 85.4998 1045.21
Thumb: -34.2182 117.088 1128.19
Index: -39.6739 66.5899 1121.56
Middle: -46.8868 95.456 1092.91
Ring: -44.2394 59.2235 1117.14
Little: 22.5142 84.5817 1045.64
Thumb: -37.0068 116.093 1126.97
Index: -41.4955 64.0907 1122.97
Middle: -54.5697 91.0164 1092.82
Ring: -47.4439 59.012 1114.7
Little: 22.0246 82.181 1047.44
Thumb: -38.7301 115.711 1126.53
Index: -42.705 63.4874 1123.21
Middle: -55.1216 91.4053 1091.07
Ring: -49.4544 60.389 1110.22
Little: 21.7082 81.7821 1048.43
Thumb: -39.4932 115.483 1129.03
Index: -42.8191 62.1852 1121.12
Middle: -57.6418 89.3092 1090.92
Ring: -47.5222 55.9087 1117
Little: 20.5542 84.7235 1046.31
Thumb: -43.0482 115.288 1129.45
Index: -45.1606 60.5784 1119.57
Middle: -60.1192 88.7262 1088.93
Ring: -48.5956 53.5218 1118.59
Little: 21.035 83.0429 1051.6
Thumb: -45.6527 116.935 1135.86
Index: -44.445 57.0895 1118.03
Middle: -60.8447 84.2392 1089.88
Ring: -48.7665 50.1974 1115.44
Little: 20.2593 82.2575 1049.94
Thumb: -48.4807 120.209 1138.27
Index: -42.3643 54.6929 1113.33
Middle: -59.806 81.2962 1091.82
Ring: -45.4297 48.0452 1111.28
Little: 19.9541 85.3199 1045.14
Thumb: -48.1754 124.234 1142.45
Index: -38.5991 58.8775 1108.27
Middle: -59.8877 76.09 1091.1
Ring: -42.1804 47.7522 1103.38
Little: 21.5854 88.1672 1040.92
Thumb: -46.4733 131.665 1146.52
Index: -40.7516 72.6207 1103.66
Middle: -48.1979 42.5865 1079.44
Ring: -40.9398 53.7814 1094.44
Little: 20.6755 89.1757 1037.12
Thumb: -48.3835 134.357 1144.31
Index: -37.9819 67.2695 1100.37
Middle: -39.0297 64.0942 1086.71
Ring: -37.5993 56.0949 1087.71
Little: 19.0822 95.1649 1027.92
Thumb: -48.9487 138.937 1147.75
Index: -37.5002 64.3958 1100.48
Middle: -38.5514 61.7066 1089.97
Ring: -36.4002 56.816 1084.43
Little: 2.07037 96.7968 1014.57
Thumb: -47.9129 142.928 1149.42
Index: -30.3837 54.5437 1101.75
Middle: -35.4054 59.8239 1090.29
Ring: -35.9664 54.9472 1083.15
Little: -6.00623 95.2465 1010.93
Thumb: -49.443 144.211 1148.91
Index: -28.404 53.279 1100.67
Middle: -35.4486 52.2591 1091.23
Ring: -35.5996 53.1395 1081.4
Little: -6.72745 93.3336 1009.54
Thumb: -53.1619 145.292 1147.55
Index: -26.03 49.68 1100.44
Middle: -34.0649 50.0837 1089.18
Ring: -35.9809 49.6381 1083.62
Little: -6.12634 96.1237 1008.8
Thumb: -53.5762 147.132 1149.64
Index: -24.9233 50.5401 1099.09
Middle: -30.0203 46.9879 1088.16
Ring: -31.8972 45.9822 1080.7
Little: -4.58386 96.934 1008.52
Thumb: -55.7551 148.981 1149.59
Index: -25.4508 50.2575 1098.26
Middle: -28.7673 43.0941 1082.31
Ring: -32.3027 45.6055 1079.84
Little: -4.14653 98.3487 1008.56
Thumb: -58.1167 150.518 1149.28
Index: -19.3459 36.2352 1097.19
Middle: -24.4108 43.3565 1077.31
Ring: -25.0805 40.3311 1072.13
Little: -4.40216 97.6518 1009.06
Thumb: -62.6659 151.244 1143.57
Index: -13.9978 39.2343 1097.95
Middle: -16.1889 24.5841 1079.37
Ring: -14.6683 31.9936 1076.04
Little: 0.169345 99.0175 1009.26
Thumb: -67.3674 154.103 1138.83
Index: -11.6186 39.6414 1098.65
Middle: -14.4218 28.6382 1078.69
Ring: -4.36139 27.3949 1076.19
Little: 7.79719 97.3223 1010.7
Thumb: -78.1612 156.622 1131.78
Index: -6.97025 36.4643 1102.78
Middle: -13.5574 24.6409 1091.69
Ring: 0.929965 27.0836 1080.27
Little: 15.995 92.0692 1016.56
Thumb: -82.609 160.598 1123.16
Index: -4.67448 35.7346 1110.91
Middle: -13.3633 25.9701 1098.36
Ring: 3.81275 28.2789 1083.55
Little: 23.5755 89.9818 1020.8
Thumb: -86.186 162.824 1124.03
Index: -46.1775 49.8623 1078.38
Middle: -12.1104 33.2232 1098.2
Ring: 6.24197 27.5363 1088.22
Little: 32.5055 85.0531 1028.59
Thumb: -90.6022 165.903 1112.18
Index: -46.8157 52.0179 1071.25
Middle: -11.4038 33.6356 1096.74
Ring: 8.2301 26.8553 1092.42
Little: 42.6159 86.9579 1041.69
Thumb: -93.3051 163.974 1108.2
Index: -48.1842 56.5129 1069.83
Middle: -11.7399 35.0059 1097.1
Ring: 7.75058 33.4677 1086.08
Little: 40.693 84.8751 1050.86
Thumb: -90.4649 160.707 1092.84
Index: -50.675 57.2267 1069.89
Middle: -13.4959 36.1078 1103.85
Ring: 5.12302 52.3497 1075.89
Little: 37.9681 81.6584 1053.64
Thumb: -91.331 156.843 1090.4
Index: -49.2417 58.2255 1066.11
Middle: -12.7493 35.0532 1107.01
Ring: 6.26357 53.2235 1078.65
Little: 40.2211 80.1916 1057.96
Thumb: -89.7436 151.976 1085.15
Index: -47.1675 59.2176 1061.06
Middle: -13.9405 32.004 1105.82
Ring: 6.73766 52.319 1077.4
Little: 31.4057 63.2388 1056.92
Thumb: -87.991 146.818 1083.57
Index: -45.0219 56.9652 1054.99
Middle: -13.825 32.0247 1098.49
Ring: 7.84633 50.9842 1073.28
Little: 20.3227 39.4687 1101.55
Thumb: -85.4447 138.521 1083.93
Index: -45.0912 56.8082 1049.38
Middle: -15.2783 27.7299 1094.56
Ring: 17.9568 87.6042 1075.56
Little: 18.5576 35.8088 1096.52
Thumb: -85.8087 139.035 1080.12
Index: -43.7291 65.1002 1040.81
Middle: -15.7485 29.0682 1084.23
Ring: 16.6572 87.6167 1071.37
Little: 17.6625 34.5708 1087.72
Thumb: -79.893 139.586 1066.74
Index: -43.142 61.6951 1039.57
Middle: -16.9972 27.2712 1079.36
Ring: 18.4832 93.7554 1071.36
Little: 16.7516 31.9807 1084.67
Thumb: -76.0026 130.343 1056.77
Index: -43.3704 62.7713 1032.15
Middle: -16.2754 32.3648 1068.87
Ring: 19.7525 87.8424 1068.85
Little: 15.9777 31.6946 1071.01
Thumb: -67.3394 124.311 1042
Index: -40.4263 65.6429 1025.89
Middle: -16.2222 29.5934 1066.44
Ring: 19.871 86.2251 1066.17
Little: 17.8552 31.5773 1067.13
Thumb: -44.3185 121.752 1027.84
Index: -44.9791 64.5184 1023.31
Middle: -16.1325 31.1065 1059.54
Ring: 5.55385 75.0248 1027.71
Little: 15.3268 33.9359 1056.93
Thumb: -40.2916 119.276 1026.71
Index: -42.7168 58.9365 1023.88
Middle: -16.7779 31.6531 1057.27
Ring: 2.76284 73.7422 1026.63
Little: 13.5959 35.078 1053.34
Thumb: -39.428 117.345 1027.9
Index: -51.1265 38.7738 1042.64
Middle: -19.6822 32.0052 1059.26
Ring: 2.42456 79.8543 1026.28
Little: 10.9345 37.8408 1048.18
Thumb: -40.0895 118.614 1028.44
Index: -53.2808 41.3826 1043.02
Middle: -21.5276 37.4045 1053.51
Ring: -1.83631 79.7453 1020.42
Little: 9.45714 39.5783 1045.04
Thumb: -38.2913 114.896 1028.17
Index: -54.9499 48.6552 1039.03
Middle: -22.9062 35.4275 1050.38
Ring: -7.62606 79.2374 1015.14
Little: 8.09414 41.1112 1042.27
Thumb: -37.2691 114.091 1028.53
Index: -57.3331 50.9361 1037.08
Middle: -25.4306 35.9906 1045.42
Ring: -15.773 66.2775 1007.38
Little: 5.9825 43.2006 1037.74
Thumb: -37.4808 112.207 1025.72
Index: -58.0124 51.968 1033.03
Middle: -25.5299 35.3452 1042.5
Ring: -16.3788 68.5633 1002.51
Little: 4.31756 40.6228 1035.87
Thumb: -39.7802 112.53 1024.98
Index: -61.4606 54.6214 1030.88
Middle: -27.6797 33.1762 1046.36
Ring: -16.809 79.3665 998.996
Little: 2.15251 42.1373 1033.79
Thumb: -37.9536 109.757 1026.48
Index: -60.9308 67.7373 1026.85
Middle: -26.8904 35.6464 1043.92
Ring: -17.2492 82.0218 997.603
Little: 2.46041 43.384 1034.28
Thumb: -39.8974 109.857 1026.09
Index: -62.0771 67.4841 1025.5
Middle: -27.6428 37.1938 1043.08
Ring: -18.561 83.145 996.643
Little: -0.803384 39.3508 1036.61
Thumb: -41.4304 108.596 1024.88
Index: -64.124 66.5967 1025.49
Middle: -30.2929 37.5853 1040.84
Ring: -21.7188 81.0111 995.177
Little: -3.22812 36.7829 1037.94
Thumb: -42.2108 107.685 1021.11
Index: -63.8766 64.191 1021.83
Middle: -30.7169 38.0436 1038.86
Ring: -23.7846 84.2505 993.252
Little: -6.99908 36.714 1037.23
Thumb: -41.8991 106.405 1022.42
Index: -62.1653 66.4579 1027.05
Middle: -31.9972 39.748 1041.03
Ring: -27.0257 83.3124 995.595
Little: -9.74276 35.9322 1041.82
Thumb: -40.4557 106.366 1018.62
Index: -61.8891 63.0427 1024.32
Middle: -31.0073 37.892 1036.28
Ring: -26.282 84.2817 991.781
Little: -7.18892 32.1563 1040.45
Thumb: -41.4123 106.722 1018.68
Index: -60.3188 59.594 1025.23
Middle: -28.4041 38.011 1036.85
Ring: -25.2828 85.5184 991.767
Little: -7.70112 35.0507 1038.25
Thumb: -41.0977 108.457 1017.63
Index: -61.4943 64.7186 1025.3
Middle: -30.0734 39.0214 1037.44
Ring: -24.9897 85.2382 990.762
Little: -11.047 35.5519 1040.84
Thumb: -42.1322 108.825 1018.36
Index: -60.9362 75.5066 1033.29
Middle: -30.3055 39.2703 1038.36
Ring: -24.4836 87.0451 991.382
Little: -11.7204 37.1022 1040.25
Thumb: -44.2789 108.739 1020.84
Index: -62.09 74.2013 1032.21
Middle: -31.6376 39.3166 1039.08
Ring: -25.3111 85.9397 992.373
Little: -12.8363 37.2992 1040.91
Thumb: -49.7765 108.76 1026.92
Index: -66.178 74.3441 1037.81
Middle: -32.9202 37.2584 1049.6
Ring: -28.1232 87.6224 997.426
Little: -17.8922 38.1552 1044.83
Thumb: -51.9745 112.061 1032.77
Index: -66.8473 70.858 1046.42
Middle: -34.5326 37.9908 1055.69
Ring: -29.8276 90.4576 1002.56
Little: -20.4115 39.2383 1052.42
Thumb: -58.4475 112.111 1047.38
Index: -64.4332 73.8884 1059.24
Middle: -34.1019 38.5345 1063.73
Ring: -28.7427 88.5377 1010.54
Little: -18.4156 38.3357 1060.41
Thumb: -66.9442 116.49 1059.85
Index: -66.5767 64.6948 1067.04
Middle: -36.5947 36.8834 1076.7
Ring: -30.4817 84.4951 1020.3
Little: -20.2074 37.0406 1072.92
Thumb: -70.3168 119.672 1074.74
Index: -66.9788 64.2868 1091.72
Middle: -45.716 35.7848 1083.51
Ring: -32.7698 86.8013 1029.16
Little: -26.9041 38.2289 1091.65
Thumb: -73.7908 122.512 1083.01
Index: -69.1 59.0592 1110.06
Middle: -48.7989 39.7205 1093.6
Ring: -29.3338 91.158 1038.72
Little: -30.511 39.5741 1107.86
Thumb: -74.3167 132.05 1096
Index: -65.7298 60.42 1129.71
Middle: -53.3547 44.5909 1110.15
Ring: -35.2769 89.2381 1047.22
Little: -30.0394 43.7913 1121.31
Thumb: -72.3511 136.776 1105.79
Index: -60.4841 64.2963 1145.87
Middle: -42.6175 29.7326 1151.84
Ring: -31.8491 89.872 1054.45
Little: -26.0327 49.9073 1136.37
Thumb: -70.769 141.304 1116.86
Index: -53.5391 70.5581 1153.88
Middle: -35.2192 35.255 1148.97
Ring: -0.671692 105.233 1064.17
Little: -18.291 56.3732 1145.85
Thumb: -67.5111 148.253 1123.6
Index: -49.675 74.2387 1160.54
Middle: -30.2003 39.9144 1159.15
Ring: -2.12648 105.683 1066.45
Little: -14.5627 60.6239 1152.89
Thumb: -63.6843 153.446 1130.23
Index: -46.4774 78.0315 1164.87
Middle: -24.2988 43.0395 1169.63
Ring: -8.66158 101.999 1067.14
Little: -10.1453 64.2488 1160.03
Thumb: -55.2579 157.847 1134.46
Index: -40.1785 83.5443 1170.89
Middle: -21.7303 49.4189 1169.34
Ring: -0.999197 107.745 1069.22
Little: -3.68089 70.3818 1165
Thumb: -53.8183 158.061 1133.29
Index: -38.2211 83.1041 1168.97
Middle: -11.6286 48.6805 1181.26
Ring: 0.275587 116.879 1072.3
Little: 0.0776062 69.2803 1166.76
Thumb: -51.5566 158.675 1135.86
Index: -32.5819 85.9298 1163.45
Middle: -5.58997 47.3305 1176.24
Ring: 2.43543 119.93 1070.5
Little: 6.80826 69.0917 1164.28
Thumb: -44.3957 159.279 1138.09
Index: -29.1017 85.7648 1161.57
Middle: -1.42792 49.393 1176.3
Ring: 8.26459 118.118 1066.84
Little: 9.64301 70.1931 1161.55
Thumb: -44.9914 158.664 1140.18
Index: -25.8225 79.9233 1157.32
Middle: 2.89684 42.8964 1170.43
Ring: 6.2244 114.191 1063.63
Little: 11.8546 64.2281 1154.18
Thumb: -39.127 155.792 1139.25
Index: -18.826 77.1867 1152.04
Middle: 10.7778 40.4302 1162.96
Ring: 13.2913 117.05 1058.68
Little: 19.4951 62.4699 1148.05
Thumb: -38.9189 148.511 1138.48
Index: -9.11301 65.942 1149.74
Middle: 21.8615 34.5847 1152.78
Ring: 16.2265 112.037 1052.51
Little: 30.1433 58.7378 1141.85
Thumb: -35.6195 141.225 1136.96
Index: 0.320072 54.1155 1148.42
Middle: 28.3707 27.6002 1142.18
Ring: 8.73289 119.396 1052.66
Little: 35.1353 52.4722 1131.82
Thumb: -36.4329 134.566 1137.35
Index: 5.92773 45.4588 1145.68
Middle: 29.5638 21.6463 1131.81
Ring: 8.18882 115.364 1050.54
Little: 38.635 47.1918 1126.52
Thumb: -32.5924 130.065 1134.92
Index: 6.2059 46.1175 1143.71
Middle: 22.872 22.5799 1121.99
Ring: 5.9711 111.236 1048.65
Little: 34.6486 47.2614 1119
Thumb: -28.3047 123.944 1133.53
Index: 10.0656 48.0788 1139.14
Middle: 8.86093 37.1053 1123.12
Ring: 16.5175 33.6021 1119.16
Little: 30.318 79.2652 1048.6
Thumb: -20.9551 124.991 1136.07
Index: 4.47561 53.8799 1138.46
Middle: -0.122602 42.15 1132.18
Ring: 8.71087 36.6915 1119.9
Little: 32.0286 78.8943 1046.09
Thumb: -20.7705 120.27 1128.01
Index: -39.3248 134.132 1084.71
Middle: -10.1348 53.5443 1134.78
Ring: -2.51393 38.8407 1120.87
Little: 24.9977 78.5452 1044.57
Thumb: -14.3719 120.838 1130.74
Index: -38.3043 134.315 1081.1
Middle: -12.1391 59.3887 1137.69
Ring: -5.00297 45.4074 1125.88
Little: 30.556 80.6248 1043.92
Thumb: -16.2632 118.52 1125.13
Index: -39.1136 134.407 1078.06
Middle: -14.3881 57.7832 1134.06
Ring: -8.64881 44.7972 1129.79
Little: 32.4464 79.6719 1043.06
Thumb: -15.1857 118.209 1126.24
Index: -42.7003 117.087 1085.07
Middle: -13.3213 58.4746 1136.76
Ring: -7.97718 45.9699 1133.25
Little: 39.7068 84.2405 1043.07
Thumb: -13.8111 117.895 1131.97
Index: -44.9759 108.381 1086.86
Middle: -14.4155 59.2008 1138.29
Ring: -9.19113 45.8899 1132.86
Little: 43.331 83.3099 1044.83
Thumb: -13.0503 116.944 1133.31
Index: -45.964 104.193 1088.41
Middle: -17.1443 58.9562 1140.38
Ring: -11.0042 45.7668 1136.29
Little: 40.9005 79.6259 1045.63
Thumb: -11.8383 116.726 1133.83
Index: -41.7915 118.519 1087.29
Middle: -20.1101 64.2614 1142.9
Ring: -13.6453 48.675 1134.91
Little: 27.2909 74.0877 1043.94
Thumb: -11.6926 118.489 1135.66
Index: -43.58 113.59 1088.4
Middle: -19.6537 65.2544 1144.56
Ring: -12.2516 48.3477 1137.32
Little: 43.7842 79.8525 1047.63
Thumb: -14.8102 119.067 1134.52
Index: -49.79 106.449 1089.99
Middle: -24.3073 68.7787 1138.53
Ring: -15.4829 47.255 1137.93
Little: 42.9685 79.2385 1048.83
Thumb: -16.5404 117.929 1134.37
Index: -51.4926 107.259 1091.97
Middle: -25.3217 70.7678 1133.95
Ring: -18.2695 48.7458 1131.1
Little: 40.1752 80.7461 1048.75
Thumb: -14.8033 118.368 1133.17
Index: -44.2149 119.539 1096.31
Middle: -27.4864 74.2887 1130.75
Ring: -20.1724 50.3053 1141.67
Little: 38.3838 81.9518 1048.25
Thumb: -15.2514 122.173 1138.39
Index: -50.9607 114.645 1094.61
Middle: -26.9881 74.5823 1131.52
Ring: -18.878 51.0923 1144.84
Little: 35.9474 81.5442 1046.43
Thumb: -15.5251 120.363 1137.18
Index: -47.5276 119.154 1094.84
Middle: -27.6319 74.8811 1131.06
Ring: -19.0579 49.3099 1145.78
Little: 35.72 80.8377 1046.33
Thumb: -17.4561 119.837 1134.51
Index: -50.6208 116.407 1092.2
Middle: -27.2814 75.37 1132.16
Ring: -19.3608 50.0522 1145.62
Little: 36.2089 79.52 1047.16
Thumb: -16.637 118.623 1133.74
Index: -50.2924 115.049 1092.99
Middle: -27.5925 76.4102 1132.76
Ring: -18.9845 51.0952 1146.68
Little: 36.9846 80.0035 1047.05
Thumb: -16.5286 119.69 1134.61
Index: -49.1764 121.034 1091.93
Middle: -27.6594 76.7739 1133.27
Ring: -18.4513 49.9043 1146.64
Little: 37.3345 80.0291 1048.04
Thumb: -16.1836 121.602 1138.67
Index: -53.697 110.794 1095.77
Middle: -27.5006 78.1493 1130.78
Ring: -19.1652 49.8071 1147.18
Little: 37.5098 81.1408 1048.78
Thumb: -15.8545 122.011 1137.94
Index: -54.221 106.664 1097.16
Middle: -28.0902 77.4426 1133.76
Ring: -20.0225 51.9226 1145.39
Little: 38.3452 83.027 1049.28
Thumb: -17.0878 123.832 1138
Index: -56.3961 109.711 1095.85
Middle: -29.5857 78.1469 1133.53
Ring: -21.4735 52.9896 1145.79
Little: 36.8876 83.1528 1049.64
Thumb: -17.2198 130.806 1142.17
Index: -60.3935 115.642 1099.38
Middle: -30.0119 81.2914 1134.55
Ring: -22.6729 55.7168 1146.25
Little: 36.3043 83.7325 1049.81
Thumb: -19.8456 130.131 1143.22
Index: -64.3814 114.785 1109.59
Middle: -30.0029 79.4081 1135.99
Ring: -22.411 53.7595 1144.34
Little: 35.924 84.9563 1049.24
Thumb: -19.7085 133.725 1151.04
Index: -54.4353 127.741 1086.73
Middle: -27.7396 74.2297 1137.94
Ring: -18.6176 51.1546 1139.23
Little: 39.8249 87.0537 1049.69
Thumb: -16.974 137.254 1155.99
Index: -44.9239 136.77 1086.51
Middle: -22.677 70.4809 1136.05
Ring: -14.3883 47.7891 1133.99
Little: 21.041 88.3109 1041.27
Thumb: -14.7368 139.188 1161.57
Index: -47.4797 134.541 1088.68
Middle: -19.6826 62.6627 1140.52
Ring: -10.72 44.9183 1133.28
Little: 15.1673 89.1562 1040.77
Thumb: -7.83402 143.479 1168
Index: -45.3973 135.522 1088.58
Middle: -16.9454 58.0782 1139.35
Ring: -6.46945 41.0966 1133.05
Little: 29.0336 93.0329 1039.96
Thumb: -1.58716 143.661 1171.26
Index: -43.5037 135.896 1091.19
Middle: -14.4597 52.3176 1142.65
Ring: -2.37945 39.6498 1130.28
Little: 28.5852 94.3549 1038.35
Thumb: 5.28101 144.486 1174.11
Index: -43.0494 134.677 1092.74
Middle: -10.1512 50.3278 1142.38
Ring: 3.4482 37.6045 1133.31
Little: 30.879 94.8488 1038.51
Thumb: 13.1285 146.041 1175.02
Index: -42.6625 139.817 1099.06
Middle: -8.77603 45.9583 1143.13
Ring: 5.97914 34.5296 1131.42
Little: 24.6894 96.3498 1036.25
Thumb: 19.2407 144.415 1177.77
Index: 7.87429 47.8208 1143.63
Middle: -4.77853 43.7928 1145.13
Ring: 11.1639 33.807 1133.11
Little: 27.588 96.2766 1039.38
Thumb: 25.8101 140.467 1177.8
Index: 11.5822 46.6295 1143.96
Middle: -0.751513 42.363 1146.32
Ring: 15.2337 32.3252 1132.87
Little: 31.51 94.4892 1039.18
Thumb: 32.281 137.66 1175.07
Index: 16.8072 44.5692 1139.84
Middle: 7.79283 34.3217 1137.55
Ring: 19.5509 30.3566 1127.98
Little: 44.4669 90.8778 1047.18
Thumb: 30.2203 102 1087.76
Index: 21.3699 44.0231 1129.88
Middle: 14.4844 30.5532 1126.13
Ring: 20.5041 32.9045 1118.81
Little: 46.7466 91.749 1035.16
Thumb: 44.3501 109.946 1077.15
Index: 28.6673 42.1304 1124.19
Middle: 13.4581 30.4474 1118.02
Ring: 18.2829 36.1327 1110.27
Little: 46.8155 91.6554 1030.47
Thumb: 46.4869 116.073 1070.38
Index: 15.6137 51.9931 1114.69
Middle: 4.18186 43.1282 1104.41
Ring: 9.11549 48.7651 1104.45
Little: 49.4501 91.134 1023.29
Thumb: 50.5972 105.43 1068.86
Index: 5.82854 59.5836 1109.6
Middle: -3.13985 47.909 1103.05
Ring: 1.95799 49.4555 1100.9
Little: 47.1826 89.5034 1020.36
Thumb: 40.7974 111.161 1082.8
Index: 9.60884 60.2502 1108.36
Middle: -3.92551 49.9324 1100.53
Ring: 2.8266 51.5529 1098.14
Little: 46.5216 92.3733 1018.67
Thumb: 43.3105 108.454 1083.97
Index: 11.7735 63.4405 1102.62
Middle: -3.049 46.1064 1096.92
Ring: 7.3553 57.1333 1104.66
Little: 45.4206 93.983 1015.25
Thumb: 41.5205 103.114 1078.78
Index: 15.3511 60.3354 1102.19
Middle: -3.06 44.0444 1100.3
Ring: 5.85785 53.8641 1100.36
Little: 43.1532 95.8158 1011.19
Thumb: 40.7391 102.283 1078.62
Index: 15.7015 60.8661 1101.63
Middle: -3.09652 42.5048 1099.21
Ring: 6.16582 51.2713 1098.9
Little: 44.0795 94.2716 1011.1
Thumb: 38.9234 100.911 1069.92
Index: 17.2166 59.2586 1102.5
Middle: -1.73013 41.61 1100.62
Ring: 7.45013 52.0564 1101.35
Little: 46.1167 91.4074 1014.08
Thumb: 35.102 101.077 1070.66
Index: 13.4129 59.3986 1102.94
Middle: -6.19749 41.9321 1100.47
Ring: 3.80974 52.3226 1101.26
Little: 42.6674 91.202 1014.1
Thumb: 83.9518 84.8358 1112.65
Index: 56.4049 96.753 1150.18
Middle: 42.4336 26.8476 1155.26
Ring: 50.7126 30.734 1131.23
Little: 13.2322 110.745 1071.63
Thumb: 45.7645 77.7976 1106.82
Index: 56.2501 81.6025 1145.91
Middle: 8.85279 14.3848 1114.52
Ring: 23.2109 26.147 1121.65
Little: 0.94967 123.938 1086.35
Thumb: 41.5398 77.8919 1103.53
Index: 73.0175 96.2201 1140.59
Middle: -0.449286 18.533 1105.8
Ring: 10.755 25.5382 1107.09
Little: -3.65939 126.116 1093.1
Thumb: 36.4991 80.3979 1103.46
Index: 55.5335 98.9732 1173.33
Middle: -6.08874 21.2624 1104.12
Ring: -11.1609 73.9249 1156.64
Little: -5.63256 128.708 1095.33
Thumb: 34.0136 78.799 1105.34
Index: 56.0809 96.4561 1171.21
Middle: -3.78162 18.9925 1098.02
Ring: -10.4467 80.7631 1158.31
Little: -7.15694 127.568 1094.92
Thumb: 37.7586 76.1872 1100.69
Index: 54.8413 95.1259 1170.03
Middle: -3.29496 18.7291 1093.64
Ring: -13.0276 70.2517 1152.36
Little: -8.82498 126.912 1096.28
Thumb: 38.6076 76.4639 1097.34
Index: 56.3375 93.0782 1167.36
Middle: -3.09576 18.7437 1095.1
Ring: -12.8107 70.4518 1150.24
Little: -6.5485 124.682 1093.63
Thumb: 37.3767 76.5871 1096.37
Index: 59.3177 92.9915 1164.26
Middle: -3.0822 18.1577 1093.39
Ring: -11.5939 70.828 1150.13
Little: -7.1546 124.614 1092.93
Thumb: 37.1677 76.5812 1096.58
Index: 64.4202 93.8465 1161.4
Middle: -1.90104 17.292 1094.5
Ring: -7.83973 81.4765 1157.09
Little: -8.0526 123.57 1095.23
Thumb: 36.3181 76.8862 1103.49
Index: 61.6673 95.9666 1165.53
Middle: -0.00399303 17.4933 1091.13
Ring: -6.91143 82.5538 1156.71
Little: -9.74836 124.567 1094.39
Thumb: 60.661 68.9536 1099.14
Index: 56.1125 90.0674 1171.28
Middle: 1.03312 20.6064 1087.35
Ring: -4.27426 85.5167 1157.25
Little: -11.1646 125.391 1096.78
Thumb: 61.8556 64.8622 1092.87
Index: 70.4934 99.1013 1162.66
Middle: -0.455842 20.6489 1083.95
Ring: 1.81958 90.0713 1159.79
Little: -9.96652 127.514 1099.6
Thumb: 59.736 63.157 1092.85
Index: 68.7046 96.1047 1163.99
Middle: -2.28913 19.0979 1082.79
Ring: 6.6791 102.214 1159.81
Little: -12.3693 127.253 1098.76
Thumb: 60.2441 64.1624 1086.1
Index: 69.8922 97.1793 1160.36
Middle: -2.95308 20.4425 1080.2
Ring: 9.65341 107.235 1158.08
Little: -11.8743 127.572 1098.42
Thumb: 58.8879 64.5571 1082.09
Index: 63.6144 90.8491 1159.18
Middle: -3.86049 20.7444 1071.98
Ring: 9.8188 108.681 1153.83
Little: -14.0625 127.378 1095.03
Thumb: 57.1345 64.6518 1079.77
Index: 62.984 90.1021 1157.14
Middle: -4.57511 21.0572 1074.77
Ring: 6.34225 102.88 1151.59
Little: -12.8641 128.95 1093.98
Thumb: 58.6689 67.5491 1072.41
Index: 60.7662 84.9981 1151.17
Middle: -5.99265 20.8403 1070.67
Ring: 16.4953 118.445 1149.93
Little: -15.892 124.493 1093.54
Thumb: 132.682 100.597 1110.69
Index: 64.2476 89.9878 1146.56
Middle: -5.91559 19.948 1067.17
Ring: 14.6117 118.765 1147.18
Little: -17.3871 123.339 1091.45
Thumb: 130.234 99.7993 1108.9
Index: 63.3873 91.0971 1145.53
Middle: -7.00021 19.4431 1063.46
Ring: 10.119 112.084 1149.41
Little: -18.9041 122.169 1090.28
Thumb: 129.933 99.4375 1106.37
Index: 56.6473 83.5301 1148.06
Middle: -7.49052 19.1664 1069.43
Ring: 7.68983 107.818 1147.69
Little: -19.626 121.671 1088.71
Thumb: 130.053 97.961 1099.67
Index: 63.5763 87.6502 1145.07
Middle: -8.3263 18.8075 1067.74
Ring: 12.641 115.201 1145.71
Little: -25.9806 104.981 1083.5
Thumb: 131.796 98.4577 1098.79
Index: 57.7537 81.152 1144.99
Middle: -7.82764 17.824 1064.62
Ring: 11.9573 113.576 1144.13
Little: -25.3815 105.44 1084.06
Thumb: 132.382 99.6121 1098.3
Index: 56.9021 82.9195 1146.22
Middle: -7.78558 17.8054 1066.67
Ring: 11.8198 115.418 1143.83
Little: -25.4207 106.174 1084.58
Thumb: 132.136 99.7991 1099.78
Index: 55.7932 84.3923 1147.19
Middle: -5.0757 22.6301 1082.06
Ring: 10.5348 114.28 1144.91
Little: -26.1454 103.601 1080.92
Thumb: 131.467 100.182 1103.24
Index: 54.423 82.779 1148.1
Middle: -6.02503 22.5191 1079.11
Ring: 7.57847 110.209 1146.88
Little: -26.3787 104.197 1079.42
Thumb: 130.498 99.2639 1105.67
Index: 53.6781 82.8503 1149.66
Middle: -6.50934 22.7561 1082.75
Ring: 5.966 108.679 1148.25
Little: -26.5981 104.061 1081.71
Thumb: 129.404 99.4172 1108.88
Index: 57.3964 87.6716 1150.47
Middle: -6.48369 20.6518 1084.2
Ring: 4.81086 109.674 1147.86
Little: -26.2005 103.347 1080.58
Thumb: 129.763 97.5678 1112.6
Index: 56.7132 87.4585 1152.62
Middle: -6.46688 19.556 1089.7
Ring: 4.45476 111.053 1148.25
Little: -26.4414 102.348 1081.37
Thumb: 129.095 99.2002 1112.53
Index: 60.0847 88.693 1154.79
Middle: -4.36705 18.8723 1092.72
Ring: 6.27283 110.624 1151.31
Little: -19.1734 117.536 1090.6
Thumb: 130.176 97.2498 1115.89
Index: 57.1402 89.0904 1159.45
Middle: -4.59737 13.4077 1085.53
Ring: 5.78487 115.453 1153.25
Little: -18.7748 119.921 1092.53
Thumb: 131.67 98.4462 1117.3
Index: 57.251 87.6226 1161.2
Middle: -2.76109 12.9575 1091.04
Ring: -8.52601 76.8702 1151.12
Little: -17.916 119.852 1093.28
Thumb: 133.719 99.7615 1118.46
Index: 58.614 88.4117 1163.66
Middle: -1.79492 12.9945 1094.04
Ring: -7.55275 77.3098 1154
Little: -16.9114 122.019 1094.58
Thumb: 134.659 98.2407 1119.79
Index: 58.5008 85.3902 1166.76
Middle: -1.43875 12.8197 1096.87
Ring: -5.67404 76.7149 1156.96
Little: -15.5404 122.648 1097.92
Thumb: 136.824 100.264 1120.7
Index: 57.4557 88.776 1171.77
Middle: -1.78874 12.6162 1099.91
Ring: -6.86395 79.9841 1160.96
Little: -16.6425 119.717 1102.48
Thumb: 132.47 100.954 1129.28
Index: 52.13 87.3918 1177.38
Middle: -1.46143 14.1902 1108.26
Ring: -5.09117 88.9353 1165.85
Little: -17.2281 119.681 1105.49
Thumb: 129.376 101.319 1138.12
Index: 46.1606 85.448 1182.52
Middle: -2.74038 13.3687 1106.76
Ring: -1.98743 110.093 1168.46
Little: -23.4135 116.841 1127.2
Thumb: 121.461 99.6481 1152.09
Index: 32.8258 82.7657 1188.69
Middle: -2.0649 11.5624 1108.07
Ring: -8.05868 115.924 1170.99
Little: -27.3983 109.26 1123.34
Thumb: 121.105 100.248 1159.18
Index: 33.6526 85.9977 1193.59
Middle: -3.20159 12.5494 1114.63
Ring: -24.0316 36.9352 1129.59
Little: -29.2097 105.463 1126.31
Thumb: 126.812 100.324 1157.91
Index: 34.3795 81.9138 1194.1
Middle: -1.72979 14.5956 1111.22
Ring: -22.3805 37.7721 1127.5
Little: -26.0781 108.744 1128.57
Thumb: 134.988 105.485 1142.07
Index: 49.507 84.681 1198.32
Middle: 1.18085 18.8392 1124.76
Ring: -15.8355 30.8917 1122.24
Little: -22.7719 105.946 1141.01
Thumb: 131.779 102.917 1146.19
Index: 46.2016 82.9562 1199.58
Middle: -1.20272 15.5847 1111.24
Ring: -18.1659 31.6751 1118.89
Little: -31.0219 90.2624 1135.34
Thumb: 116.867 103.534 1169.38
Index: 28.0237 90.6254 1203.01
Middle: -0.0165472 16.057 1108.81
Ring: -20.0933 33.4328 1115.26
Little: -32.647 93.9304 1122.35
Thumb: 76.7751 117.384 1192.08
Index: -4.1754 108.829 1196.12
Middle: 1.44825 21.0903 1100.13
Ring: -21.1359 41.2782 1100.66
Little: -24.5631 85.944 1085.48
Thumb: 66.7961 183.288 1221.9
Index: -20.5642 47.2121 1148.51
Middle: 4.99436 20.7287 1098.52
Ring: -17.3868 41.9983 1090.85
Little: -12.6969 82.0829 1072.74
Thumb: 95.3682 141.809 1241.97
Index: -15.4695 46.3926 1142.82
Middle: -0.417785 27.2988 1105.16
Ring: -11.3556 44.4805 1089.5
Little: -10.4313 97.333 1075.32
Thumb: 101.16 155.614 1243.43
Index: -11.818 48.7803 1138.38
Middle: -1.1991 31.5493 1106.92
Ring: -4.49447 44.4488 1088.76
Little: -4.47591 99.531 1073.47
Thumb: 100.098 172.259 1238.95
Index: -6.48386 43.8996 1132.33
Middle: -2.33203 31.212 1105.76
Ring: -3.62058 43.3724 1086.87
Little: -2.20076 99.4452 1071.62
Thumb: 83.1778 163.682 1245.6
Index: -5.73289 42.7091 1128.55
Middle: -2.90804 32.5051 1096.68
Ring: 0.00488091 41.0733 1080.11
Little: 4.82446 98.3922 1071.34
Thumb: 97.9533 184.852 1243.03
Index: -7.88204 49.4657 1130.32
Middle: -1.6174 35.6637 1095.75
Ring: 3.16283 41.6059 1080.5
Little: 8.34338 99.1158 1073.37
Thumb: 93.08 180.16 1245.3
Index: -12.019 51.6228 1134.76
Middle: -4.4025 36.5374 1095.41
Ring: 3.69992 40.01 1079.88
Little: 10.3638 97.4002 1072.3
Thumb: 117.325 188.237 1231.68
Index: -18.5427 57.7089 1151.85
Middle: -9.68817 36.1789 1105.86
Ring: 4.08085 38.6598 1083
Little: 4.61042 96.2192 1083.1
Thumb: 154.393 164.061 1064.76
Index: 107.391 96.8919 1121.39
Middle: -6.51772 23.8472 1111.83
Ring: -5.819 37.3894 1135.25
Little: 5.42748 95.5959 1146.87
Thumb: 140.525 141.002 1061.22
Index: 104.17 100.686 1129.59
Middle: -3.82914 20.9592 1109.78
Ring: -5.98908 31.3185 1130.63
Little: -2.28785 89.2318 1144.72
Thumb: 129.397 135.392 1053.48
Index: 100.443 104.786 1140.26
Middle: -5.24378 21.6251 1117.57
Ring: -7.73321 33.8641 1137.8
Little: -6.72136 92.6812 1147.77
Thumb: 125.995 131.812 1062.62
Index: 88.3868 116.555 1123.21
Middle: -9.98087 20.9724 1123.65
Ring: -11.5545 30.5273 1140.86
Little: -26.8839 63.1616 1152.48
Thumb: 123.5 123.257 1091.47
Index: 79.9093 118.1 1121.77
Middle: -9.77134 19.0527 1121.27
Ring: -13.6452 25.3619 1133.52
Little: -29.3964 59.6248 1148.49
Thumb: 122.371 126.498 1098.84
Index: 77.4395 118.786 1124.51
Middle: -13.3151 18.9218 1122.11
Ring: -16.2386 25.5973 1133.94
Little: -32.9945 60.2496 1147.39
Thumb: 123.388 135.22 1093.29
Index: 77.3466 115.308 1148.04
Middle: -16.4981 20.0201 1119.63
Ring: -17.2727 25.9385 1130.25
Little: -36.5523 60.3093 1141.76
Thumb: 123.886 137.878 1089.09
Index: 69.5125 98.6412 1177.57
Middle: -17.2022 19.6933 1121.73
Ring: -19.2752 26.5966 1132.72
Little: -39.739 61.3476 1140.6
Thumb: 121.099 140.767 1090.45
Index: 59.2731 94.0041 1179.5
Middle: -23.6561 22.9583 1119.55
Ring: 12.069 108.179 1188.64
Little: -46.21 64.9951 1137.83
Thumb: 121.705 142.986 1087.6
Index: 49.7915 76.2872 1176.2
Middle: -20.5764 26.5016 1129.4
Ring: 11.8391 104.172 1190.11
Little: -47.4742 65.7838 1136.82
Thumb: 121.412 135.549 1087.69
Index: 49.0954 75.9704 1175.97
Middle: -22.8569 26.1362 1130.06
Ring: 12.0488 105.726 1189.4
Little: -57.334 54.6167 1131.75
Thumb: 111.561 109.481 1104.01
Index: 48.8352 77.2358 1176.42
Middle: -23.7039 28.4603 1131.24
Ring: 10.6617 104.95 1189.25
Little: -61.6165 55.2929 1124.67
Thumb: 111.968 109.214 1101.23
Index: 48.1688 76.0303 1175.65
Middle: -23.7328 27.2719 1130.42
Ring: 9.80305 103.569 1188.26
Little: -63.7635 54.5108 1123.37
Thumb: 117.814 117.871 1106.2
Index: 47.1683 77.7174 1176.26
Middle: -24.944 27.0285 1129.57
Ring: 7.75944 104 1187.89
Little: -64.5453 54.3732 1122.08
Thumb: 114.488 114.72 1111.65
Index: 45.0674 80.5567 1178.21
Middle: -27.3302 27.106 1128.55
Ring: 3.97942 105.06 1187.37
Little: -65.8841 54.9855 1119.4
Thumb: 117.229 116.426 1112.41
Index: 50.7315 91.6349 1177.91
Middle: -29.2965 25.0275 1126.05
Ring: 4.15618 107.588 1186.58
Little: -66.9058 54.9841 1118.83
Thumb: 116.396 116.606 1108.28
Index: 48.8459 91.6701 1177.08
Middle: -32.0333 23.5447 1115.54
Ring: 2.40523 107.809 1185.76
Little: -66.7181 55.5811 1116.14
Thumb: 118.034 116.339 1108.85
Index: 46.6707 87.3308 1179.41
Middle: -31.8316 22.3839 1115.14
Ring: 1.38206 105.538 1186.72
Little: -66.4606 54.7192 1117.3
Thumb: 122.223 121.876 1107.18
Index: 46.6797 88.2169 1179.69
Middle: -31.1374 22.6081 1114.87
Ring: 1.52742 106.609 1186.64
Little: -66.4487 54.9327 1116.95
Thumb: 116.358 115.66 1113.4
Index: 47.373 89.1314 1180.21
Middle: -31.0543 21.9049 1115.24
Ring: 0.841692 105.268 1187.13
Little: -66.2476 54.1333 1117.13
Thumb: 115.838 119.692 1118.89
Index: 47.4469 91.2863 1180.88
Middle: -31.0653 22.0136 1116.28
Ring: 0.0742929 106.173 1187.3
Little: -65.9069 53.9813 1117.21
Thumb: 104.624 110.434 1111.59
Index: 47.4934 86.4314 1180.05
Middle: -27.868 20.8705 1118.47
Ring: 2.67619 104.48 1188.66
Little: -66.5989 53.0739 1121.34
Thumb: 97.0379 109.948 1114.72
Index: 48.5449 89.6815 1180.51
Middle: -28.5272 21.4944 1119.59
Ring: 2.87751 106.305 1188.95
Little: -63.0037 51.7514 1122.1
Thumb: 94.4849 110.984 1116.92
Index: 47.55 90.8851 1181.56
Middle: -28.2996 21.7768 1118.29
Ring: 1.42635 107.11 1188.58
Little: -62.404 51.8723 1119.96
Thumb: 93.6727 111.118 1118.81
Index: 48.8854 93.1301 1181.64
Middle: -27.8406 21.8486 1118.23
Ring: 1.70815 107.483 1188.51
Little: -61.4186 51.6254 1119.67
Thumb: 95.2088 111.444 1117.07
Index: 49.2503 93.6979 1181.59
Middle: -27.0567 21.879 1117.39
Ring: 1.7153 107.48 1188.04
Little: -60.6632 51.5931 1118.56
Thumb: 92.6287 114.82 1116.37
Index: 50.886 96.1984 1180.8
Middle: -26.172 21.1228 1117.65
Ring: 2.10647 107.047 1188.04
Little: -60.1808 50.2923 1120.01
Thumb: 93.9876 114.507 1114.98
Index: 9.79605 27.2382 1113.18
Middle: -24.8891 21.3507 1118.28
Ring: 4.1335 107.054 1188.7
Little: -59.4472 50.6097 1121.21
Thumb: 93.0611 110.355 1114.56
Index: 9.94958 28.9305 1113.37
Middle: -24.939 23.5686 1117.58
Ring: 3.51951 109.074 1188.51
Little: -58.618 53.0486 1118.93
Thumb: 93.7208 113.574 1118.05
Index: 8.70358 29.335 1113.9
Middle: -23.0313 29.4075 1130.12
Ring: 3.40527 109.71 1188.86
Little: -57.8713 54.5556 1118.55
Thumb: 96.2677 123.843 1118.54
Index: 9.27158 29.9072 1114.43
Middle: -20.4871 32.985 1133.76
Ring: 3.75354 110.625 1188.99
Little: -56.8897 54.6127 1119.07
Thumb: 99.8809 126.984 1117.68
Index: 9.98388 31.082 1114.58
Middle: -20.7982 32.6405 1132.39
Ring: 5.18025 111.934 1189.06
Little: -55.9709 56.2117 1119.61
Thumb: 100.343 125.742 1117.67
Index: 11.7943 31.7316 1113.42
Middle: -18.9046 33.3296 1131.37
Ring: 6.87382 111.794 1188.73
Little: -53.7698 56.8006 1119.09
Thumb: 104.174 125.712 1113.93
Index: 14.8031 31.2177 1111.82
Middle: -15.9348 32.9108 1129.71
Ring: 8.54175 110.702 1188.09
Little: -50.8204 56.0675 1117.48
Thumb: 104.52 121.492 1113.45
Index: 21.5951 36.4647 1123.08
Middle: -11.4254 34.9979 1131.51
Ring: 12.2368 109.06 1187.71
Little: -46.3844 55.5392 1115.03
Thumb: 110.362 128.605 1119.69
Index: 27.6729 39.3943 1122.64
Middle: -6.78058 35.325 1127.23
Ring: 15.5626 109.79 1187.39
Little: -40.7235 56.5965 1112.6
Thumb: 116.263 132.838 1127.36
Index: 32.5805 43.1384 1121.45
Middle: -5.2624 33.8104 1115.36
Ring: 20.7546 110.602 1187.6
Little: -32.8152 61.4392 1109.49
