Thumb: 32.9554 91.7207 1121.92
Index: -64.5745 28.1944 1098.23
Middle: -101.42 40.8207 1097.63
Ring: -124.543 62.0639 1082.41
Little: -141.773 103.039 1080.87
Thumb: 36.0638 91.9679 1111.41
Index: -66.6336 47.0719 1114.57
Middle: -108.076 43.3904 1095.1
Ring: -123.114 59.7738 1079.48
Little: -116.724 118.426 1121.43
Thumb: 28.28 89.0747 1107.26
Index: -64.7548 49.5007 1115.34
Middle: -109.118 41.2371 1096.2
Ring: -124.338 57.9097 1080.22
Little: -103.054 137.859 1128.23
Thumb: 23.2332 86.7547 1105.51
Index: -60.872 54.2523 1116.41
Middle: -111.26 38.7291 1090.91
Ring: -125.364 57.5291 1084.38
Little: -102.45 137.83 1129.88
Thumb: 20.3789 85.5027 1107.13
Index: -79.1646 35.1249 1099.6
Middle: -113.624 40.2168 1095.97
Ring: -127.963 57.9929 1085.29
Little: -105.02 137.009 1131.13
Thumb: 12.9827 81.4751 1103.13
Index: -81.9403 35.0865 1097.58
Middle: -113.94 40.2095 1095.64
Ring: -128.617 57.5155 1085.12
Little: -104.081 140.144 1131
Thumb: 8.62386 84.4894 1102.35
Index: -83.0411 37.6151 1101.24
Middle: -114.519 39.7587 1098.75
Ring: -128.936 57.0161 1092.93
Little: -112.164 132.795 1139.64
Thumb: 1.41773 86.7648 1103.07
Index: -88.0123 35.7953 1094.14
Middle: -115.684 39.8051 1093.16
Ring: -128.297 58.2176 1098.64
Little: -111.511 134.93 1141
Thumb: -1.91719 86.2611 1102.03
Index: -92.5693 38.6983 1093.73
Middle: -115.94 41.239 1095.78
Ring: -129.541 58.852 1097.92
Little: -111.293 134.172 1141.96
Thumb: -5.01552 86.2962 1101.68
Index: -94.4825 40.5375 1093.89
Middle: -118.933 42.2408 1094.33
Ring: -129.252 61.4684 1102.75
Little: -110.482 137.638 1142.63
Thumb: -7.86349 82.9243 1100.67
Index: -97.0859 40.8453 1095.24
Middle: -122.569 42.2355 1092.07
Ring: -127.624 63.6205 1107.59
Little: -109.485 137.544 1142.08
Thumb: -8.7076 82.6374 1102.63
Index: -98.988 42.292 1097.24
Middle: -122.32 41.7106 1097.37
Ring: -127.04 60.6947 1107.37
Little: -108.534 136.92 1142.75
Thumb: -10.6506 82.0598 1101.09
Index: -97.0102 40.9731 1098.95
Middle: -122.005 41.0156 1095.49
Ring: -125.89 59.9858 1109.49
Little: -107.425 133.101 1144.16
Thumb: -8.24605 82.7679 1100.14
Index: -93.2602 39.3435 1095.8
Middle: -117.79 39.6466 1096.86
Ring: -121.967 57.4613 1110.36
Little: -104.082 132.687 1144.85
Thumb: -9.4849 86.0016 1099.78
Index: -86.4575 38.7415 1094.65
Middle: -109.929 36.7016 1098.01
Ring: -114.777 54.584 1110.69
Little: -132.212 84.2702 1104.17
Thumb: -5.01138 89.9714 1108.32
Index: -77.0966 39.5057 1100.08
Middle: -103.907 36.6741 1096.08
Ring: -105.269 54.9806 1113
Little: -121.046 86.1464 1105.9
Thumb: -0.342581 90.7505 1106.52
Index: -67.6042 37.9977 1100.38
Middle: -93.4628 35.0546 1097.92
Ring: -97.3311 55.8464 1110.74
Little: -115.305 81.576 1106.04
Thumb: 6.24178 90.7789 1108.19
Index: -60.4047 36.0864 1100.96
Middle: -87.1464 31.2924 1096.54
Ring: -89.8102 56.3662 1110.01
Little: -109.618 77.2072 1103.47
Thumb: 13.1659 93.4785 1107.09
Index: -49.6812 36.7683 1102.37
Middle: -75.697 31.7176 1103.07
Ring: -77.7586 54.4221 1112.31
Little: -99.4161 77.1428 1103.05
Thumb: 17.0445 94.4164 1104.58
Index: -40.878 37.4304 1099.02
Middle: -63.8573 32.6087 1100.91
Ring: -68.8088 53.7954 1112.82
Little: -89.3134 82.1609 1103.76
Thumb: 32.5489 91.7649 1097.65
Index: -32.7032 33.6013 1099.21
Middle: -54.9979 28.9069 1101.53
Ring: -58.5415 55.8216 1112.69
Little: -82.8733 72.8305 1103.43
Thumb: 41.476 89.7925 1093.1
Index: -24.8406 33.2177 1097.78
Middle: -47.5521 28.9006 1100.74
Ring: -55.7278 58.2585 1111.94
Little: -76.1382 75.323 1102.35
Thumb: 46.278 88.3482 1101.09
Index: -19.5592 30.5214 1099.97
Middle: -43.3299 25.9787 1101.33
Ring: -50.5834 55.2235 1113.04
Little: -70.4725 72.8681 1102.81
Thumb: 52.3504 86.8624 1091.57
Index: -13.0225 29.5795 1097.19
Middle: -36.7711 25.4326 1100.57
Ring: -48.9124 36.6405 1103.75
Little: -62.1539 69.4108 1102.24
Thumb: 57.4527 92.6347 1107.24
Index: -7.54516 26.4819 1100.11
Middle: -31.84 24.3135 1101.63
Ring: -43.5907 34.5335 1108.35
Little: -54.8046 71.7541 1103.16
Thumb: 65.2231 87.4957 1104.4
Index: 0.921277 26.9238 1103.94
Middle: -24.6447 19.4402 1101.2
Ring: -38.2152 30.7203 1104.24
Little: -51.3651 55.3482 1098.43
Thumb: 74.021 86.5014 1106.34
Index: 9.97642 23.0354 1103.12
Middle: -14.4954 16.3167 1098.12
Ring: -31.1403 27.5284 1106.82
Little: -49.3602 52.3833 1099.51
Thumb: 84.1715 86.7549 1106.22
Index: 18.7808 20.0381 1104.84
Middle: -10.0467 12.7766 1094.85
Ring: -24.5798 29.2422 1107.44
Little: -45.0811 50.0064 1097.16
Thumb: 92.1295 88.3699 1109.46
Index: 28.6501 18.1814 1104.17
Middle: -2.49681 11.525 1097.77
Ring: -18.8635 26.6664 1104.46
Little: -38.0944 52.3907 1102.37
Thumb: 100.07 89.2551 1108.4
Index: 38.168 14.8113 1098.84
Middle: 6.88593 9.6534 1097.17
Ring: -2.46685 32.9088 1117.87
Little: -31.1746 47.0716 1101.71
Thumb: 110.506 89.6239 1113.37
Index: 45.4585 15.0908 1100.04
Middle: 10.9747 6.15075 1098.91
Ring: -3.89068 25.4188 1114.08
Little: -28.4878 43.4933 1103.6
Thumb: 112.889 95.8211 1117.17
Index: 54.3784 17.4428 1102.65
Middle: 16.8437 3.82257 1091.5
Ring: 3.2831 25.9298 1112.86
Little: -20.8726 45.1139 1103.1
Thumb: 125.324 96.7825 1116.09
Index: 59.6824 17.0397 1103.58
Middle: 21.955 0.96596 1091.92
Ring: 5.4176 17.0887 1102.45
Little: -15.9087 44.6701 1104.12
Thumb: 134.113 96.0381 1113.97
Index: 63.4958 12.1731 1100.06
Middle: 26.8362 0.729034 1089.31
Ring: 10.774 17.6702 1102.16
Little: -10.6277 44.9666 1102.28
Thumb: 137.175 97.0145 1115.33
Index: 69.4294 13.6623 1103.85
Middle: 32.07 1.40749 1085.2
Ring: 16.7728 18.4754 1100.66
Little: -6.3557 46.5986 1100.59
Thumb: 145.461 98.6835 1114.64
Index: 73.5713 11.5973 1102.91
Middle: 37.7675 1.03315 1086.45
Ring: 21.1797 17.2032 1099.72
Little: -2.02915 45.9113 1100.93
Thumb: 148.415 101.789 1113.98
Index: 80.8741 17.5257 1106.07
Middle: 43.7396 -0.543961 1084.62
Ring: 30.2204 25.0463 1107.5
Little: 4.1601 47.913 1105.61
Thumb: 153.562 104.756 1116.58
Index: 85.9583 17.1859 1105.71
Middle: 49.4576 -0.976643 1087.56
Ring: 35.0464 26.4307 1104.45
Little: 10.4168 53.23 1119.18
Thumb: 158.131 103.81 1117.48
Index: 88.0652 20.7061 1106.61
Middle: 51.9343 4.64708 1093.2
Ring: 38.195 33.967 1105.06
Little: 17.9877 76.4252 1127.29
Thumb: 161.107 106.726 1116.09
Index: 88.7753 14.3811 1106.56
Middle: 53.4999 -1.32072 1083.03
Ring: 55.4207 88.0189 1141.84
Little: 17.6482 67.691 1126.35
Thumb: 163.482 104.992 1112.14
Index: 90.0082 10.0112 1102.08
Middle: 55.2466 -2.30531 1084.61
Ring: 59.0251 88.8998 1141.36
Little: 26.2291 89.1292 1114.86
Thumb: 164.097 104.137 1115.7
Index: 90.2319 18.5705 1109.69
Middle: 53.4546 -3.28059 1083.87
Ring: 57.6691 90.4704 1140.54
Little: 25.1405 89.6957 1124.76
Thumb: 163.823 103.391 1115.6
Index: 90.3417 23.2389 1110.36
Middle: 51.9586 -1.81668 1082.23
Ring: 56.4851 89.0671 1143.3
Little: 22.6752 84.8922 1129.91
Thumb: 163.972 102.764 1113.72
Index: 87.0294 22.6342 1108.49
Middle: 48.1172 -0.108841 1081.66
Ring: 47.8732 71.2763 1161.18
Little: 23.451 94.3472 1133.88
Thumb: 162.969 101.872 1116.09
Index: 82.1847 24.7093 1108.99
Middle: 43.6404 3.07885 1082.95
Ring: 53.63 98.5963 1161.61
Little: 22.0034 104.524 1132.55
Thumb: 161.112 98.7781 1114.96
Index: 78.9833 24.9194 1106.1
Middle: 38.9065 4.3807 1079.31
Ring: 51.3604 98.4126 1161.74
Little: 19.2662 102.58 1136.44
Thumb: 155.932 97.9675 1115.4
Index: 75.1108 25.8891 1105
Middle: 34.74 6.13846 1079.5
Ring: 48.1112 99.3991 1162.21
Little: 13.3488 98.7332 1138.75
Thumb: 150.762 96.4985 1116.2
Index: 70.4229 27.3408 1103.34
Middle: 28.8135 10.0524 1080.34
Ring: 45.3717 103.374 1162.41
Little: 12.5263 100.901 1140.31
Thumb: 145.841 95.5655 1117.47
Index: 65.0819 27.9722 1104.13
Middle: 22.9694 10.6684 1082.48
Ring: 38.978 101.78 1163.01
Little: 7.05973 107.776 1139.3
Thumb: 144.001 95.6773 1118.34
Index: 69.1219 51.4869 1118.17
Middle: 15.4674 11.4528 1082.14
Ring: 30.7211 104.971 1160.13
Little: 10.6664 47.0995 1084.05
Thumb: 133.059 94.943 1117.94
Index: 68.2373 60.756 1115.04
Middle: 9.2264 13.5586 1079.51
Ring: 24.2485 99.9095 1163.52
Little: 3.99866 49.5553 1082.65
Thumb: 126.515 95.9972 1120.46
Index: 62.7538 63.0586 1111.74
Middle: 3.60003 15.4645 1088.76
Ring: 15.8037 100.167 1163.57
Little: -1.68988 50.6283 1080.61
Thumb: 116.359 94.8597 1125.29
Index: 54.9054 63.5685 1110.92
Middle: -2.88292 15.1939 1082.1
Ring: 5.75441 98.5413 1163.83
Little: -7.68736 52.7796 1079.62
Thumb: 105.255 94.7133 1127.26
Index: 50.0645 63.9544 1112.69
Middle: -9.26011 16.9814 1082.9
Ring: 0.953375 99.8947 1165.19
Little: -14.0766 55.5266 1088.68
Thumb: 99.5958 95.62 1126.2
Index: 42.7302 63.9522 1117.38
Middle: -15.6675 18.3697 1085.38
Ring: -3.4984 101.004 1168.03
Little: -20.5286 56.6665 1086.46
Thumb: 93.5212 93.7658 1130.94
Index: 35.987 63.3317 1120.44
Middle: -22.1581 18.7558 1088.9
Ring: -9.86037 103.274 1170.56
Little: -27.2213 58.2524 1091.09
Thumb: 89.7398 94.4612 1135.39
Index: 32.4552 66.2164 1123.64
Middle: -26.9166 21.0744 1096.04
Ring: -14.3344 108.218 1173.2
Little: -31.9354 61.7779 1095.67
Thumb: 85.847 95.4253 1130.89
Index: 25.5711 62.8459 1122.96
Middle: -31.8569 19.4787 1094.29
Ring: -17.4805 109.159 1174.77
Little: -37.987 59.2535 1095.29
Thumb: 82.3957 98.0091 1139.4
Index: 11.4557 51.4549 1131.15
Middle: -34.3733 17.6584 1096.57
Ring: -27.6079 107.978 1176.52
Little: -43.0401 57.2806 1094.82
Thumb: 68.2196 99.6771 1153.17
Index: -19.8224 32.7561 1134.42
Middle: -36.0299 16.8465 1100.2
Ring: -51.4359 112.523 1167.9
Little: -47.9626 60.0915 1101.25
Thumb: 30.2855 114.38 1192.12
Index: -34.7562 75.6989 1153.83
Middle: -39.0184 18.9029 1103.67
Ring: -76.7304 103.788 1140.86
Little: -42.6399 58.5281 1085.31
Thumb: 65.4584 166.112 1226.7
Index: -39.3782 90.1559 1142.59
Middle: -42.6623 24.6381 1103.37
Ring: -28.8854 33.1679 1109.46
Little: -32.5985 63.1357 1074.59
Thumb: 56.9287 175.087 1228.31
Index: -35.4559 91.7888 1140.77
Middle: -46.8697 25.2415 1111.48
Ring: -37.9229 35.4706 1112.5
Little: -31.5236 60.5155 1076.76
Thumb: 55.2489 173.846 1225.2
Index: -33.8802 91.6387 1138.29
Middle: -53.1982 27.1719 1111.75
Ring: -42.9402 36.7864 1110.48
Little: -36.7759 61.8386 1074.46
Thumb: 50.5426 166.553 1228.85
Index: -39.0984 92.77 1139.87
Middle: -59.2093 28.4119 1111.07
Ring: -47.8923 37.7623 1112.58
Little: -40.4898 62.7455 1075.83
Thumb: -59.2927 177.765 1203.94
Index: -40.4578 97.9597 1143.31
Middle: -61.1452 28.4505 1113.18
Ring: -51.3955 37.1005 1107.56
Little: -43.6872 62.8474 1075.44
Thumb: -74.4691 165.39 1180.63
Index: -47.0407 100.462 1145.2
Middle: -62.6774 26.8095 1114.47
Ring: -59.0672 37.2558 1105.04
Little: -44.2283 59.1321 1077.23
Thumb: -17.9491 225.985 1151.59
Index: 44.4682 179.299 1144
Middle: 111.458 128.913 1167.62
Ring: 94.3302 133.914 1174.57
Little: 69.0037 110.198 1162.87
Thumb: -14.1443 255.906 1141.96
Index: 29.2151 183.248 1120.92
Middle: 79.0022 135.25 1060.13
Ring: 65.9981 148.035 1053.85
Little: 51.3967 108.711 1083.45
Thumb: -6.46489 244.795 1126.75
Index: 27.5921 180.016 1126.29
Middle: 81.8405 143.011 1076.13
Ring: 69.4467 141.137 1063.72
Little: 49.2014 105.092 1078.87
Thumb: 3.23071 234.75 1119.56
Index: 23.933 180.286 1128.78
Middle: 83.7372 142.278 1085.64
Ring: 63.695 137.046 1084.59
Little: 49.8401 103.36 1094.38
Thumb: 5.42939 231.676 1116.88
Index: 45.6381 165.664 1112.19
Middle: 87.1868 143.293 1084.57
Ring: 65.2887 137.547 1093.53
Little: 47.4517 102.485 1111.25
Thumb: 1.0406 237.906 1120.79
Index: 44.8751 164.737 1111.89
Middle: 89.8911 139.287 1072.37
Ring: 49.5928 132.18 1114.17
Little: 44.8695 101.219 1120.02
Thumb: -11.4953 253.758 1117.34
Index: 36.7576 165.997 1111.92
Middle: 91.5279 138.533 1080.41
Ring: 60.0693 133.593 1121.41
Little: 4.7591 94.6811 1157.78
Thumb: -22.7889 259.594 1117.49
Index: 35.3701 164.85 1112.79
Middle: 93.9364 136.851 1084.96
Ring: 51.5111 131.296 1132.65
Little: -0.301166 95.0147 1160.43
Thumb: -21.9977 256.558 1131.24
Index: 37.4232 156.242 1118.05
Middle: 94.6174 119.854 1094.58
Ring: 42.6919 120.897 1144.58
Little: -11.46 92.0611 1161.62
Thumb: -37.2824 262.384 1124.61
Index: 35.7602 160.997 1120.33
Middle: 86.8617 105.015 1099.9
Ring: 39.2419 127.638 1144.26
Little: -9.3801 96.1971 1163.26
Thumb: -9.96775 238.493 1108.16
Index: 33.3315 162.859 1117.67
Middle: 86.4655 105.532 1111.03
Ring: 63.0016 130.768 1141.92
Little: -6.10613 99.0627 1166.83
Thumb: -31.2557 262.883 1096.33
Index: 31.0118 167.372 1119.33
Middle: 84.4401 106.72 1116.24
Ring: 43.4995 134.198 1148.6
Little: -5.4111 101.448 1166.62
Thumb: -32.541 263.179 1093.8
Index: 29.6118 167.578 1120
Middle: 82.2908 104.573 1115.18
Ring: 43.5129 135.212 1148.94
Little: -6.97395 102.217 1166.23
Thumb: -28.4737 251.243 1093.57
Index: 53.8806 148.329 1127.82
Middle: 80.3872 105.453 1118.64
Ring: 54.027 135.491 1148.24
Little: -8.55478 103.715 1164.88
Thumb: -30.4394 250.943 1091.67
Index: 33.6121 167.824 1138.81
Middle: 81.6117 107.383 1120.19
Ring: 34.9011 136.1 1142.17
Little: -6.53368 103.755 1162.2
Thumb: -36.3524 253.476 1092.05
Index: 32.4812 166.385 1136.03
Middle: 81.0202 99.2501 1101.89
Ring: 17.9387 132.694 1144
Little: -6.2018 102.398 1159.79
Thumb: -27.7294 253.331 1086
Index: 33.6926 167.043 1134.74
Middle: 83.6627 102.053 1100.61
Ring: 32.7909 132.88 1133.7
Little: -11.1297 102.316 1157.86
Thumb: -30.0543 252.594 1084.07
Index: 34.4357 167.827 1133.22
Middle: 83.343 106.847 1113.33
Ring: 55.6476 138.155 1138.11
Little: -9.44203 102.933 1156.94
Thumb: -27.6437 252.834 1084.35
Index: 43.2966 160.914 1138.38
Middle: 83.8941 105.5 1108.79
Ring: 54.6516 136.56 1137.7
Little: -9.22204 102.504 1154.26
Thumb: -40.3688 265.963 1084.53
Index: 47.173 162.56 1132.09
Middle: 47.237 130.84 1139.2
Ring: 61.6628 136.097 1128.83
Little: -9.13682 102.395 1152.13
Thumb: -31.3947 262.044 1076.08
Index: 44.6011 161.708 1128.93
Middle: 77.9778 107.33 1116.4
Ring: 64.6279 137.799 1121.25
Little: -6.43659 103.246 1150.49
Thumb: -36.2675 278.221 1066.26
Index: 51.7137 157.473 1123.37
Middle: 76.8698 108.174 1122.15
Ring: 73.6341 125.211 1115.84
Little: -5.6914 104.961 1149.72
Thumb: -45.0637 278.924 1065.45
Index: 55.103 156.861 1122
Middle: 74.2285 105.967 1122.48
Ring: 76.5606 140.675 1110.5
Little: -3.94441 105.582 1149.56
Thumb: -42.8737 278.718 1059.64
Index: 61.4516 153.889 1119.58
Middle: 88.9533 117.981 1108.33
Ring: 60.2255 141.141 1124.06
Little: -1.22792 106.266 1149.81
Thumb: -45.3407 276.867 1061.93
Index: 62.1297 158.812 1119.7
Middle: 60.722 166.158 1125.07
Ring: 68.2779 145.796 1119.64
Little: 4.37306 108.521 1150.79
Thumb: -42.0485 277.657 1064
Index: 47.1864 176.137 1137.65
Middle: 60.433 167.009 1126.75
Ring: 68.2968 148.886 1121.32
Little: 5.49927 111.647 1152.08
Thumb: -72.3369 279.181 1066.53
Index: 32.394 187.574 1129.48
Middle: 59.0761 170.314 1129.65
Ring: 59.4792 150.212 1129.35
Little: 8.28097 112.082 1152.94
Thumb: -48.6756 275.599 1064.75
Index: 46.6091 182.56 1127.49
Middle: 60.4733 173.417 1126.49
Ring: 82.3435 155.945 1113.81
Little: 11.2571 113.937 1155.31
Thumb: -73.0181 276.428 1077.71
Index: 68.038 170.662 1106.26
Middle: 68.4257 145.25 1129.51
Ring: 85.862 149.017 1112.58
Little: 4.34651 110.474 1156.92
Thumb: -92.0504 264.762 1070.64
Index: 64.8462 171.321 1108.93
Middle: 58.3438 158.418 1128.31
Ring: 90.8528 150.509 1103.22
Little: 9.33761 111.789 1157.3
Thumb: -64.3944 263.58 1067.44
Index: 48.5281 178.163 1104.87
Middle: 62.0232 158.515 1128.34
Ring: 98.7181 148.609 1095.25
Little: 23.5677 111.731 1158.88
Thumb: -47.3065 266.141 1075.27
Index: 65.2718 173 1126.52
Middle: 53.6316 157.99 1145.05
Ring: 25.9547 139.157 1178.17
Little: 27.8878 106.247 1162.17
Thumb: -43.9621 262.813 1077.8
Index: 70.6374 169.039 1127.99
Middle: 60.0518 149.345 1147.48
Ring: 33.0851 136.035 1180.01
Little: 30.932 102.061 1163.91
Thumb: -46.5718 260.791 1081.54
Index: 77.5225 171.667 1130.67
Middle: 71.3977 151.648 1143.53
Ring: 38.0073 136.908 1180.68
Little: 40.1167 103.797 1163.98
Thumb: -37.0769 261.191 1080.92
Index: 85.4639 169.406 1131.97
Middle: 85.0446 155.46 1143.11
Ring: 43.6869 135.819 1181.67
Little: 42.2695 102.033 1164.7
Thumb: -33.0954 258.22 1083.58
Index: 98.548 169.473 1131.06
Middle: 92.9291 164.812 1138.79
Ring: 54.8894 137.694 1181.99
Little: 49.6854 102.012 1165.53
Thumb: -26.5104 254.729 1081.74
Index: 105.142 167.892 1129.06
Middle: 100.007 164.19 1139.52
Ring: 61.233 137.666 1182.7
Little: 56.5932 101.584 1167.53
Thumb: -22.0875 256.531 1083.98
Index: 103.285 165.922 1128.87
Middle: 92.3667 167.519 1148.22
Ring: 65.1673 139.427 1181.37
Little: 62.0397 103.274 1165.66
Thumb: -15.8983 256.931 1083.5
Index: 93.5936 176.142 1142.64
Middle: 105.133 171.733 1149.6
Ring: 69.6195 139.751 1181.2
Little: 68.2432 104.111 1165.37
Thumb: 10.5975 254.715 1089.29
Index: 108.177 171.757 1142.48
Middle: 93.3066 161.444 1136.02
Ring: 76.7527 139.429 1180.5
Little: 71.3937 101.766 1164.74
Thumb: 24.5891 246.917 1097.75
Index: 119.299 168.125 1139.14
Middle: 84.3025 155.203 1139.68
Ring: 79.7105 137.537 1180.53
Little: 76.3513 100.912 1164.4
Thumb: 6.97173 257.616 1093.12
Index: 122.582 171.348 1141.1
Middle: 89.4877 157.644 1139.41
Ring: 86.168 140.033 1180.76
Little: 81.5043 103.09 1164.36
Thumb: -1.27944 253.681 1094.68
Index: 85.5884 190.232 1157.28
Middle: 90.3399 157.847 1137.35
Ring: 92.4365 140.829 1181.21
Little: 91.0304 104.05 1163.87
Thumb: 31.7515 249.929 1089.32
Index: 73.7457 191.725 1144.15
Middle: 98.8738 158.22 1154.21
Ring: 99.7768 139.385 1181.41
Little: 98.1804 102.543 1164.82
Thumb: 31.2355 249.712 1079.2
Index: 81.8981 191.989 1142.02
Middle: 118.353 160.463 1149.94
Ring: 106.738 140.905 1180.86
Little: 100.367 100.984 1163.66
Thumb: 18.0295 244.785 1078.26
Index: 104.164 190.048 1168.84
Middle: 122.489 157.122 1151.43
Ring: 111.428 138.029 1180.13
Little: 104.906 99.1144 1161.06
Thumb: 19.4288 248.915 1081.27
Index: 114.464 189.216 1169.02
Middle: 127.794 156.835 1150.75
Ring: 118.621 137.516 1179.79
Little: 109.982 98.7461 1162.45
Thumb: 26.2527 251.281 1085.06
Index: 122.438 186.751 1168.24
Middle: 134.416 153.771 1145.39
Ring: 120.389 136.542 1180.69
Little: 111.738 99.1287 1165.41
Thumb: 33.2356 256.905 1092.59
Index: 151.277 174.653 1156.45
Middle: 163.231 159.142 1123.88
Ring: 132.164 133.87 1175.12
Little: 147.432 104.955 1140.16
Thumb: 35.5863 266.037 1103.85
Index: 154.836 177.624 1150.49
Middle: 168.334 158.888 1123.77
Ring: 132.147 132.419 1170.82
Little: 149.27 103.143 1131.88
Thumb: 47.5115 271.805 1103.42
Index: 159.931 180.765 1146.4
Middle: 154.925 154.004 1111.5
Ring: 138.55 134.265 1168
Little: 151.957 103.806 1124.82
Thumb: 45.4118 276.778 1110.18
Index: 166.686 180.24 1132.93
Middle: 168.862 152.986 1102.05
Ring: 180.788 142.306 1110.84
Little: 131.836 103.412 1139.86
Thumb: 72.7357 276.587 1109.43
Index: 158.494 192.337 1137.18
Middle: 173.243 138.313 1097.81
Ring: 177.06 138.841 1063.04
Little: 141.852 106.431 1136.72
Thumb: 76.5908 271.319 1111.43
Index: 157.77 194.461 1133.87
Middle: 168.255 142.857 1090.67
Ring: 178.878 146.05 1077.57
Little: 141.132 107.237 1131.72
Thumb: 86.7602 261.524 1088.28
Index: 154.444 198.572 1133.02
Middle: 160.829 138.462 1058.93
Ring: 176.996 150.775 1082.88
Little: 150.893 112.674 1116.23
Thumb: 82.7236 266.051 1100.08
Index: 154.757 199.448 1134.25
Middle: 158.368 141.585 1055.84
Ring: 176.866 151.102 1083.78
Little: 141.782 110.308 1133.9
Thumb: 95.3036 268.518 1107.89
Index: 157.574 198.516 1129.64
Middle: 153.148 142.464 1047.56
Ring: 170.199 144.117 1094.09
Little: 141.836 109.632 1129.88
Thumb: 103.607 259.691 1101.11
Index: 159.355 196.154 1126.78
Middle: 147.654 136.833 1045.41
Ring: 168.519 143.195 1089.45
Little: 141.535 107.89 1126.16
Thumb: 103.151 258.271 1100.68
Index: 165.921 193.084 1121.5
Middle: 146.76 142.911 1031.89
Ring: 160.551 160.973 1056.29
Little: 141.477 110.836 1118.26
Thumb: 110.279 213.666 1094.03
Index: 166.261 196.05 1128.25
Middle: 148.352 151.218 1055.79
Ring: 140.489 165.982 1035.3
Little: 115.547 134.721 1044.02
Thumb: 109.913 216.568 1096.15
Index: 171.348 185.79 1113.37
Middle: 150.122 148.249 1050.96
Ring: 139.184 167.262 1038.01
Little: 127.113 126.828 1066.39
Thumb: 109.258 192.977 1101.38
Index: 172.497 184.538 1112.44
Middle: 153.682 179.25 1043.67
Ring: 139.15 168.166 1041.93
Little: 126.344 128.09 1067.62
Thumb: 105.201 210.328 1092.95
Index: 167.717 190.381 1123.49
Middle: 150.548 173.367 1053.72
Ring: 139.808 162.163 1047.71
Little: 124.817 124.839 1071.53
Thumb: 109.092 198.785 1107.43
Index: 167.009 190.34 1126.91
Middle: 152.727 171.673 1058.91
Ring: 139.687 162.028 1047.32
Little: 124.681 124.214 1073.58
Thumb: 101.061 181.894 1119.36
Index: 171.365 185.306 1120.59
Middle: 148.503 175.853 1062.8
Ring: 139.205 160.699 1048.18
Little: 123.272 123.587 1075.14
Thumb: 112.997 196.328 1102.86
Index: 167.16 187.24 1127.24
Middle: 148.04 176.089 1054.17
Ring: 138.66 158.844 1046.96
Little: 123.029 122.514 1072.29
Thumb: 121.84 205.096 1100.41
Index: 168.287 185.63 1125.33
Middle: 147.201 173.822 1057.64
Ring: 137.006 149.652 1077.42
Little: 122.535 121.269 1073.38
Thumb: 116.216 189.93 1093.58
Index: 152.986 161.273 1045.3
Middle: 152.649 169.155 1056.8
Ring: 144.823 145.209 1074.78
Little: 122.072 117.685 1071.7
Thumb: 118.897 189.668 1092.91
Index: 153.462 161.428 1041.39
Middle: 150.615 165.303 1059.15
Ring: 143.523 140.981 1083.2
Little: 122.922 114.684 1074.1
Thumb: 112.697 162.931 1108.45
Index: 155.22 156.329 1039.94
Middle: 157.285 160.946 1057.43
Ring: 145.937 137.425 1085.39
Little: 125.079 110.855 1077.99
Thumb: 117.363 179.796 1105.84
Index: 156.12 151.121 1042.75
Middle: 166.794 150.901 1087.44
Ring: 145.173 132.693 1088.9
Little: 123.689 107.75 1073.69
Thumb: 119.541 180.653 1111.57
Index: 155.595 130.515 1066.35
Middle: 171.424 145.421 1086.11
Ring: 146.596 127.918 1091.28
Little: 121.386 103.56 1070.46
Thumb: 117.227 171.048 1123.18
Index: 163.172 135.483 1078.26
Middle: 159.753 143.365 1100.62
Ring: 145.764 127.414 1094.33
Little: 119.626 102.884 1069.5
Thumb: 121.397 178.953 1123.63
Index: 150.61 109.56 1067.51
Middle: 153.04 131.416 1120.81
Ring: 141.984 112.542 1099.71
Little: 116.895 87.979 1089.16
Thumb: 121.936 180.249 1125.09
Index: 151.206 103.432 1076.38
Middle: 152.838 129.618 1127.3
Ring: 152.829 103.186 1073.38
Little: 112.977 83.9957 1079.13
Thumb: 127.199 190.575 1116
Index: 155.154 100.958 1087.64
Middle: 154.185 118.634 1116.02
Ring: 149.047 94.1151 1080.47
Little: 84.529 98.4962 1168.92
Thumb: 130.113 185.239 1119.8
Index: 156.778 98.8886 1089.85
Middle: 154.452 105.189 1106.37
Ring: 145.966 87.1305 1082.63
Little: 73.5326 98.8886 1168.52
Thumb: 127.237 185.516 1120.25
Index: 151.851 117.687 1096.69
Middle: 153.226 104.554 1096.03
Ring: 148.919 94.4918 1102.82
Little: 78.7303 95.5723 1164.19
Thumb: 121.956 187.584 1120.42
Index: 147.873 121.228 1093.93
Middle: 153.526 109.082 1090.83
Ring: 107.655 116.015 1160.07
Little: 76.1132 94.6885 1161.23
Thumb: 120.113 190.323 1117.09
Index: 142.824 121.39 1088.18
Middle: 124.987 117.587 1104.45
Ring: 108.236 114.904 1160.86
Little: 74.137 93.1856 1159.77
Thumb: 118.819 201.201 1123.08
Index: 137.543 119.828 1089.59
Middle: 117.845 118.971 1100.05
Ring: 104.117 112.726 1158.77
Little: 71.775 90.2081 1156.74
Thumb: 114.747 210.232 1124.9
Index: 136.816 121.704 1088.47
Middle: 118.504 119.141 1092.44
Ring: 104.209 111.846 1157.22
Little: 70.7426 89.0532 1154.76
Thumb: 112.324 209.549 1119.9
Index: 134.155 122.854 1090.22
Middle: 100.191 132.118 1126.94
Ring: 96.5255 113.86 1157.19
Little: 71.7576 89.1635 1154.62
Thumb: 134.368 191.64 1091.9
Index: 122.638 79.3454 1098.91
Middle: 82.3131 111.062 1125.08
Ring: 80.0924 109.135 1171.74
Little: 52.8591 88.0426 1172.03
Thumb: 99.6601 215.901 1040.35
Index: 107.818 84.1726 1088.97
Middle: 73.9021 115.276 1118.14
Ring: 91.5529 106.19 1170.16
Little: 53.6898 92.8559 1173.67
Thumb: 90.2112 216.374 1017.02
Index: 106.27 85.6195 1086.11
Middle: 75.1947 117.428 1113.42
Ring: 100.544 106.409 1163.63
Little: 52.7905 100.171 1171.36
Thumb: 85.7588 217.919 1013.31
Index: 103.872 86.2008 1082.15
Middle: 79.6209 129.426 1115.62
Ring: 95.7522 110.696 1160.2
Little: 51.0572 102.249 1167.48
Thumb: 80.3396 220.084 1011.53
Index: 104.084 88.7671 1081.45
Middle: 80.6726 126.402 1113.74
Ring: 95.385 111.572 1157.55
Little: 50.1624 102.581 1165.58
Thumb: 93.333 207.286 1016.62
Index: 102.137 92.2596 1077.36
Middle: 74.0474 132.522 1110.72
Ring: 96.4181 109.484 1156.47
Little: 46.1299 102.606 1163.47
Thumb: 90.7277 210.059 1019.88
Index: 94.6564 99.9349 1075.18
Middle: 95.5601 133.063 1132.97
Ring: 94.7551 108.244 1156.06
Little: 45.8218 100.136 1164.33
Thumb: 86.4321 214.062 1020
Index: 94.3182 98.9396 1076.42
Middle: 101.861 125.481 1138.98
Ring: 79.3282 117.566 1154.34
Little: 44.0701 99.6862 1164.77
Thumb: 85.2526 218.155 1021.78
Index: 93.0402 103.269 1074.53
Middle: 94.5962 136.082 1140.07
Ring: 83.6982 116.767 1155.63
Little: 41.5261 101.32 1163.25
Thumb: 85.0765 196.014 1022.67
Index: 91.9109 99.9444 1074.86
Middle: 111.078 109.909 1136.79
Ring: 84.9425 115.338 1155.56
Little: 40.2928 102.856 1163.19
Thumb: 80.754 206.85 1018.51
Index: 91.4412 103.617 1074.78
Middle: 107.809 114.271 1137.04
Ring: 69.9356 124.781 1154.06
Little: 40.6538 100.939 1162.28
Thumb: 80.397 203.768 1016.38
Index: 88.3773 98.7054 1075.17
Middle: 93.1885 130.26 1136.67
Ring: 68.9003 124.031 1154.09
Little: 37.4506 103.912 1160.72
Thumb: 86.0856 182.184 1031.35
Index: 77.5172 139.964 1074.93
Middle: 94.8379 125.459 1134.79
Ring: 64.8329 124.45 1152.09
Little: 34.5677 103.419 1161.32
Thumb: 81.1967 187.572 1032.89
Index: 77.9815 150.491 1077.63
Middle: 86.2435 138.01 1137.24
Ring: 67.4892 126.211 1151.31
Little: 33.7442 104.819 1160.89
Thumb: 82.9036 185.003 1033.42
Index: 75.0958 145.752 1076.47
Middle: 90.8257 129.359 1137.59
Ring: 72.4638 122.998 1153.43
Little: 34.7596 106.643 1163.94
Thumb: 81.1707 187.775 1029.94
Index: 80.1752 138.966 1079.32
Middle: 102.157 122.286 1135.1
Ring: 71.9103 127.138 1152.21
Little: 35.8955 108.786 1163.14
Thumb: 85.1664 189.406 1034.22
Index: 70.7709 145.511 1072
Middle: 103.387 118.786 1132.04
Ring: 72.2211 127.82 1152.3
Little: 37.9359 107.804 1162.79
Thumb: 84.4208 191.29 1033.22
Index: 78.1105 127.769 1075.78
Middle: 95.9921 130.125 1134.4
Ring: 77.4436 125.611 1150.71
Little: 26.7284 111.25 1158.29
Thumb: 80.3918 199.093 1024.55
Index: 71.0331 146.159 1069.63
Middle: 98.4661 128.441 1130.82
Ring: 78.9326 124.459 1147.95
Little: 25.8574 110.908 1155.36
Thumb: 79.2736 196.333 1025.68
Index: 68.6862 146.992 1069.74
Middle: 97.7001 120.491 1125.81
Ring: 77.4741 124.307 1149.69
Little: 26.5732 110.497 1156.79
Thumb: 69.1878 217.016 1013.25
Index: 67.5619 148.259 1067.93
Middle: 92.2341 135.384 1126.4
Ring: 75.2365 127.937 1148.5
Little: 27.9731 111.334 1155.58
Thumb: 71.3205 202.697 1024.86
Index: 67.4139 149.262 1066.66
Middle: 90.3932 140.503 1126.8
Ring: 70.7168 128.156 1145.78
Little: 27.0454 111.41 1154.13
Thumb: 75.9772 186.895 1033.53
Index: 85.1196 123.76 1081.22
Middle: 84.0624 132.061 1121.87
Ring: 71.433 126.204 1147.55
Little: 25.5208 107.627 1150.08
Thumb: 80.7043 181.707 1037.55
Index: 84.7439 125.924 1084.42
Middle: 85.4413 125.155 1125.48
Ring: 70.8259 125.001 1150.49
Little: 32.6789 98.1134 1146.86
Thumb: 80.4113 182.987 1047.2
Index: 86.4072 131.629 1091.41
Middle: 83.5353 124.845 1132.13
Ring: 65.9 127.386 1155.94
Little: 33.3122 92.1344 1144.1
Thumb: 81.7638 183.714 1055.98
Index: 89.8333 154.106 1096.75
Middle: 84.5933 127.903 1138.82
Ring: 64.3061 129.068 1159.94
Little: 32.3557 93.5498 1144.47
Thumb: 86.8331 181.844 1065.08
Index: 90.2484 155.56 1104.98
Middle: 74.2752 141.319 1146.89
Ring: 56.876 131.035 1165.15
Little: 32.9402 76.7396 1138.24
Thumb: 95.3023 184.476 1066.99
Index: 107.796 149.322 1140.76
Middle: 73.242 142.964 1151.15
Ring: 56.7331 128.019 1168.17
Little: 37.8288 75.7171 1138.82
Thumb: 49.619 266.164 1096.49
Index: 99.0049 163.205 1149.74
Middle: 70.9167 143.145 1159.18
Ring: 50.7519 131.656 1172.34
Little: 45.0281 77.3036 1139.43
Thumb: 46.6655 218.146 1098.26
Index: 128.718 121.852 1096.14
Middle: 125.382 106.205 1120.2
Ring: 66.9397 136.242 1178.61
Little: 28.6598 92.4611 1147.46
Thumb: 52.8355 225.112 1099.76
Index: 130.557 118.304 1105.43
Middle: 124.189 101.437 1127.97
Ring: 65.8361 134.054 1183.54
Little: 50.3147 97.917 1172.3
Thumb: 20.0294 254.231 1117.76
Index: 125.918 122.15 1121.39
Middle: 119.299 97.4876 1136.32
Ring: 62.3647 133.154 1189.21
Little: 47.8121 97.8902 1176.03
Thumb: 17.5567 246.943 1133.93
Index: 100.078 163.48 1166.85
Middle: 119.116 123.129 1156.16
Ring: 61.7461 135.205 1192.4
Little: 55.3243 99.8082 1179.66
Thumb: 20.4619 263.734 1110.73
Index: 106.314 155.178 1169.41
Middle: 100.124 135.317 1157.83
Ring: 60.3935 133.708 1196.1
Little: 55.3086 97.8185 1182.85
Thumb: 31.5597 254.75 1108.54
Index: 105.111 148.588 1171.64
Middle: 115.294 124.789 1156.51
Ring: 60.7932 124.886 1196.79
Little: 54.7389 90.151 1181.66
Thumb: 33.6619 249.913 1115.67
Index: 102.012 143.198 1176.43
Middle: 84.2111 131.937 1178.78
Ring: 57.8525 118.395 1197.39
Little: 48.1007 84.5396 1180.58
Thumb: 40.0622 242.103 1112.6
Index: 100.795 152.345 1174.98
Middle: 74.5735 126.413 1177.03
Ring: 50.9829 107.13 1193.35
Little: 49.0393 75.2467 1174.94
Thumb: 61.0672 201.161 1113.05
Index: 93.2323 150.15 1173.77
Middle: 110.511 120.518 1138.32
Ring: 51.1311 99.647 1191.42
Little: 50.4026 70.2136 1170.58
Thumb: 52.0777 207.985 1111.93
Index: 88.313 147.914 1176.06
Middle: 90.81 126.716 1139.16
Ring: 48.8586 96.5921 1190.05
Little: 46.8204 67.4818 1167.74
Thumb: 61.2882 194.079 1106.41
Index: 80.998 143.852 1178.94
Middle: 87.4452 124.438 1137.3
Ring: 48.6426 91.324 1187.28
Little: 47.832 63.733 1162.71
Thumb: 59.4095 193.648 1108.04
Index: 79.6563 138.975 1178.8
Middle: 85.9288 123.823 1136.08
Ring: 45.4314 87.6684 1183.89
Little: 48.2964 61.883 1158.27
Thumb: 58.7958 201.696 1103.7
Index: 76.4897 138.71 1179.56
Middle: 84.48 124.115 1135.9
Ring: 46.141 86.1139 1182.75
Little: 48.3997 60.855 1156.09
Thumb: 58.8467 201.591 1102.64
Index: 75.8729 139.247 1178.54
Middle: 104.095 128.27 1136.34
Ring: 49.1714 87.206 1182.38
Little: 48.731 61.2959 1155.55
Thumb: 58.7734 199.76 1102.92
Index: 85.0583 134.639 1177.97
Middle: 104.331 126.44 1132.99
Ring: 46.316 83.4195 1178.87
Little: 44.9873 58.2161 1151.78
Thumb: 60.8686 199.602 1107
Index: 81.9491 132.778 1177.91
Middle: 103.949 125.464 1131.59
Ring: 45.8574 81.4735 1174.91
Little: 44.9967 57.2937 1147.28
Thumb: 61.0363 197.013 1104.44
Index: 55.9554 135.947 1179.73
Middle: 79.1897 121.735 1123.28
Ring: 34.7101 80.7492 1168.87
Little: 44.7392 57.5827 1145.25
Thumb: 59.55 191.553 1098.82
Index: 55.1575 136.334 1177.12
Middle: 76.6152 122.427 1124.33
Ring: 33.0302 81.2193 1165.05
Little: 45.9069 58.808 1141.82
Thumb: 57.0419 190.032 1098.79
Index: 53.4619 135.876 1175.49
Middle: 83.3257 124.838 1122.87
Ring: 37.805 82.4207 1166.55
Little: 43.7311 59.1903 1140.59
Thumb: 53.2539 195.794 1096.24
Index: 50.3183 136.447 1173.02
Middle: 94.8401 129.161 1122.22
Ring: 35.5639 82.8117 1162.97
Little: 42.9828 60.146 1136.98
Thumb: 52.9084 196.22 1093.36
Index: 52.6605 136.602 1170.2
Middle: 97.465 130.999 1115.89
Ring: 33.6277 82.7783 1159.39
Little: 42.81 60.473 1134.11
Thumb: 51.0986 196.67 1090.88
Index: 52.8297 138.855 1166.76
Middle: 96.8172 132.855 1111.91
Ring: 31.8906 84.4444 1156.42
Little: 42.2489 62.0319 1132.04
Thumb: 49.8283 191.411 1090.87
Index: 52.8425 139.244 1164.95
Middle: 104.698 136.279 1108.67
Ring: 32.4163 84.684 1154.65
Little: 42.7193 62.4208 1130.06
Thumb: 51.5049 202.055 1089.06
Index: 42.6659 141.253 1161.52
Middle: 120.431 139.985 1100.34
Ring: 31.3294 87.1359 1154.97
Little: 38.321 63.2217 1131.15
Thumb: 50.6773 201.334 1085.86
Index: 41.9322 143.773 1160.15
Middle: 117.764 140.167 1100.88
Ring: 32.4962 88.5188 1154.81
Little: 38.715 64.1962 1130.68
Thumb: 50.2387 201.232 1084.83
Index: 41.9443 144.825 1160.95
Middle: 110.534 138.494 1108.23
Ring: 29.4763 89.4604 1154.45
Little: 36.9677 65.1633 1131
Thumb: 53.192 197.063 1081.56
Index: 72.7092 147.915 1155.98
Middle: 112.245 136.066 1111.72
Ring: 28.8196 91.5529 1156.97
Little: 35.8142 66.2423 1133.6
Thumb: 52.9608 196.718 1085.13
Index: 80.3981 149.066 1154.8
Middle: 90.8969 129.298 1123.9
Ring: 28.0318 90.9578 1157.87
Little: 34.1305 65.5028 1134.4
Thumb: 47.2434 214.611 1080.49
Index: 75.6196 148.524 1157.7
Middle: 94.6995 130.06 1123.08
Ring: 27.7534 91.8762 1159.35
Little: 33.0776 66.0255 1136.12
Thumb: 51.9944 210.663 1082
Index: 69.4278 148.941 1148.17
Middle: 93.194 124.694 1125.47
Ring: 27.6637 93.8332 1163.44
Little: 31.2135 66.9494 1140.36
Thumb: 52.364 210.574 1089.04
Index: 74.716 147.365 1159.87
Middle: 126.282 127.675 1098.22
Ring: 25.0612 93.2631 1168.3
Little: 30.8172 66.1091 1146.46
Thumb: 52.7993 204.475 1095.76
Index: 59.0751 150.929 1159.92
Middle: 125.216 137.327 1111
Ring: 25.5477 98.0887 1177.64
Little: 29.5716 70.1501 1156.89
Thumb: 50.3567 204.237 1097.5
Index: 67.5406 145.894 1162.1
Middle: 124.768 138.773 1100.96
Ring: 28.9993 98.2494 1183.82
Little: 29.5427 69.3969 1163.49
Thumb: 50.1569 189.928 1104.9
Index: 70.5482 150.855 1163.87
Middle: 121.082 139.082 1111.14
Ring: 34.639 103.919 1190.94
Little: 34.8834 73.7954 1172.11
Thumb: 44.2836 146.463 1121.05
Index: 73.3374 155.724 1159.47
Middle: 120.481 137.833 1101.07
Ring: 49.5833 111.466 1192.56
Little: 30.3257 75.8859 1171.52
Thumb: 47.0665 150.697 1121.21
Index: 72.2204 158.289 1164.37
Middle: 123.695 140.641 1102.74
Ring: 50.8046 114.249 1197.43
Little: 31.5622 78.7297 1179.01
Thumb: 56.1252 151.312 1119.49
Index: 76.1202 163.839 1162.54
Middle: 122.258 133.447 1135.96
Ring: 53.6796 119.646 1199.39
Little: 29.5503 84.6584 1184.85
Thumb: 58.974 142.624 1123.32
Index: 90.1242 156.562 1160.49
Middle: 126.696 127.512 1137.92
Ring: 56.1587 122.906 1202.59
Little: 38.8313 91.028 1193.61
Thumb: 64.2113 143.284 1139.35
Index: 103.828 163.758 1170.41
Middle: 134.988 135.311 1142.02
Ring: 66.7213 136.613 1205.93
Little: 41.0403 103.882 1199.32
Thumb: 65.6787 142.802 1149.02
Index: 119.286 149.301 1166.64
Middle: 136.242 126.522 1136.11
Ring: 79.5596 139.055 1204.63
Little: 40.6285 109.686 1202.37
Thumb: 70.6242 145.383 1149.22
Index: 132.044 151.815 1159.25
Middle: 141.337 124.628 1132.14
Ring: 78.7449 141.632 1205.79
Little: 45.4352 111.562 1202.97
Thumb: 88.7824 143.313 1134.31
Index: 123.65 162.051 1161.36
Middle: 139.999 134.967 1157.63
Ring: 88.9011 142.009 1203.59
Little: 46.1891 115.41 1202.05
Thumb: 96.4201 136.619 1122.65
Index: 117.411 175.13 1162.71
Middle: 83.85 151.088 1170.2
Ring: 91.3445 141.782 1202.7
Little: 46.872 116.081 1199.72
Thumb: 97.5185 243.943 1117.05
Index: 114.423 191.688 1163.63
Middle: 110.567 145.474 1160.37
Ring: 97.5622 141.756 1200.09
Little: 53.6372 114.662 1196.6
Thumb: 106.311 228.676 1115.97
Index: 118.578 190.844 1162.18
Middle: 120.771 144.052 1156.3
Ring: 91.225 143.59 1198.99
Little: 59.7842 114.243 1195
Thumb: 114.567 209.902 1122.83
Index: 158.545 129.687 1126.51
Middle: 124.953 140.212 1154.16
Ring: 88.4546 140.007 1194.9
Little: 66.3157 110.378 1191.29
Thumb: 128.306 218.972 1113.4
Index: 149.506 121.425 1133.81
Middle: 90.835 135.131 1143.23
Ring: 86.6027 134.385 1191.49
Little: 58.937 109.082 1188.39
Thumb: 120.533 248.389 1105.39
Index: 152.648 117.713 1133.17
Middle: 88.127 136.636 1143.96
Ring: 83.8728 132.875 1183.51
Little: 67.7385 106.293 1187.3
Thumb: 98.7243 253.003 1060.47
Index: 165.516 100.271 1076.92
Middle: 89.6137 131.873 1139.22
Ring: 88.8133 129.501 1183.46
Little: 77.3429 98.6307 1182.3
Thumb: 111.217 238.738 1058.79
Index: 162.232 88.3925 1079.13
Middle: 89.3398 126.338 1138.65
Ring: 90.2406 125.209 1184.91
Little: 66.7032 100.502 1184.71
Thumb: 112.01 236.29 1056.38
Index: 160.032 83.7535 1079.52
Middle: 97.0434 119.28 1136.31
Ring: 89.6627 119.963 1178.91
Little: 55.676 99.6075 1175.84
Thumb: 110.635 228.594 1042.97
Index: 149.563 99.4179 1097.52
Middle: 101.583 111.442 1127.55
Ring: 101.072 111.375 1176.26
Little: 57.6925 96.8214 1172.78
Thumb: 103.288 235.493 1034.31
Index: 149.344 90.1972 1090.12
Middle: 97.1197 112.061 1126.2
Ring: 113.38 100.895 1169.57
Little: 58.4888 96.8795 1171.25
Thumb: 102.833 234.23 1035.26
Index: 105.148 144.621 1125.52
Middle: 99.4539 117.213 1139.38
Ring: 83.0109 111.677 1160.52
Little: 59.1535 93.5652 1170.9
Thumb: 114.54 216.658 1031.93
Index: 142.383 92.181 1101.37
Middle: 95.2309 116.351 1141.27
Ring: 84.2659 109.337 1161.52
Little: 60.0078 93.386 1173.67
Thumb: 113.171 212.264 1027.42
Index: 155.343 88.4886 1114.55
Middle: 98.0498 116.267 1143.18
Ring: 86.2384 109.256 1161.66
Little: 58.8503 95.7196 1174.14
Thumb: 107.979 214.371 1027.37
Index: 132.851 133.652 1136.05
Middle: 122.993 113.811 1157.33
Ring: 87.7714 110.586 1161.38
Little: 61.5305 95.5933 1174.28
Thumb: 102.102 220.331 1030.8
Index: 141.027 128.422 1132.38
Middle: 123.682 115.326 1155.48
Ring: 88.6536 110.718 1160.3
Little: 61.3057 94.7009 1172.58
Thumb: 104.951 209.831 1034.21
Index: 143.108 127.647 1130.97
Middle: 115.98 119.049 1153.1
Ring: 89.7021 111.483 1161.13
Little: 61.4559 95.3996 1172.87
Thumb: 103.782 212.111 1035.38
Index: 143.291 128.486 1132.02
Middle: 107.245 122.51 1147.19
Ring: 88.9745 111.788 1160.09
Little: 60.7757 94.3583 1171.6
Thumb: 99.5999 211.962 1032.07
Index: 140.865 125.389 1130.73
Middle: 99.2042 123.564 1144.92
Ring: 84.1262 110.991 1158.28
Little: 58.0281 93.4118 1171.09
Thumb: 98.1032 211.425 1030.66
Index: 145.617 115.373 1126.12
Middle: 93.979 124.991 1141.9
Ring: 85.2397 110.972 1158
Little: 58.1694 94.1774 1171.55
Thumb: 96.11 210.995 1030.11
Index: 142.553 119.166 1125.82
Middle: 93.3817 124.332 1141.56
Ring: 84.1849 110.392 1157.16
Little: 55.4129 94.6906 1170.95
Thumb: 97.0597 207.754 1030.44
Index: 138.687 114.919 1127.07
Middle: 86.297 123.109 1140.2
Ring: 81.3503 108.736 1157.21
Little: 54.0381 92.5091 1172.34
Thumb: 97.2987 207.08 1029.34
Index: 138.329 115.012 1128.06
Middle: 86.5154 122.137 1140.34
Ring: 81.0775 108.534 1158.09
Little: 54.1024 93.3567 1172.28
Thumb: 94.3391 211.901 1026.22
Index: 138.4 115.748 1127.77
Middle: 102.533 121 1152.41
Ring: 80.886 108.177 1158.58
Little: 54.724 93.3268 1172.68
Thumb: 94.09 212.165 1024.83
Index: 135.978 119.161 1128.99
Middle: 81.6102 116.911 1130.24
Ring: 84.6214 109.201 1161.74
Little: 54.7362 94.1545 1172.83
Thumb: 91.8914 215.496 1027.37
Index: 131.055 127.665 1129.45
Middle: 87.827 119.105 1136.34
Ring: 84.3243 108.94 1160.41
Little: 54.2803 93.7155 1171.58
Thumb: 90.0249 218.566 1028.28
Index: 136.267 121.948 1128.79
Middle: 98.567 116.024 1140.85
Ring: 85.4307 109.65 1160.01
Little: 55.1785 92.5079 1171.93
Thumb: 93.3002 215.25 1031.18
Index: 137.9 119.684 1128.74
Middle: 97.9377 121.051 1146.58
Ring: 82.4204 110.344 1158.88
Little: 54.1717 93.0265 1171.63
Thumb: 94.1942 214.513 1030.74
Index: 138.811 117.977 1127.95
Middle: 102.635 110.419 1138.38
Ring: 83.9048 110.246 1159.79
Little: 57.5493 91.8187 1172.11
Thumb: 98.7732 211.031 1032.34
Index: 136.026 121.002 1130.09
Middle: 105 106.755 1137.7
Ring: 100.225 102.793 1166.95
Little: 49.5697 95.8813 1171.29
Thumb: 84.9059 230.155 1027.41
Index: 135.724 123.291 1128.48
Middle: 106.231 106.665 1135.95
Ring: 86.1953 116.522 1167.44
Little: 50.0528 97.1267 1171.87
Thumb: 82.8014 234.991 1030.52
Index: 144.963 104.296 1116.57
Middle: 105.429 109.111 1135.76
Ring: 88.213 117.572 1167.61
Little: 51.6554 97.5857 1172.49
Thumb: 82.4529 234.2 1029.7
Index: 145.171 97.7476 1111.5
Middle: 107.222 105.894 1133.77
Ring: 92.2709 112.803 1169.19
Little: 56.5242 97.2448 1174.66
Thumb: 85.541 220.427 1019.35
Index: 147.213 90.3512 1105.04
Middle: 110.415 107.1 1132.84
Ring: 95.6925 117.405 1165.9
Little: 51.5123 103.047 1172.14
Thumb: 91.9496 227.912 1028.3
Index: 140.224 120.29 1114.43
Middle: 102.168 114.161 1127.1
Ring: 100.735 115.045 1162.12
Little: 51.6088 104.798 1169.22
Thumb: 87.2268 235.801 1028.12
Index: 142.757 119.905 1106.54
Middle: 111.861 133.363 1144.95
Ring: 116.778 100.856 1150.19
Little: 53.9607 104.511 1165.38
Thumb: 99.285 217.408 1024.72
Index: 114.856 145.067 1097.47
Middle: 116.628 134.56 1138.62
Ring: 121.146 102.67 1143.98
Little: 59.3922 107.206 1164.21
Thumb: 88.931 226.399 1016.56
Index: 113.901 144.251 1090.5
Middle: 92.3664 148.356 1123.05
Ring: 92.3996 130.965 1146.4
Little: 62.6129 108.373 1161.27
Thumb: 82.8196 218.4 1008.67
Index: 112.34 142.567 1087.08
Middle: 87.9132 146.164 1116.38
Ring: 105.273 124.275 1145.2
Little: 64.5125 109.007 1161.82
Thumb: 74.0101 234.425 1010.51
Index: 115.446 141.361 1078.25
Middle: 88.675 142.371 1118.76
Ring: 115.849 115.147 1142.27
Little: 67.4496 110.616 1162.43
Thumb: 140.823 164.549 1028.76
Index: 112.468 114.861 1075.01
Middle: 91.7341 132.338 1114.37
Ring: 107.717 114.575 1150.15
Little: 40.5299 43.558 1130.65
Thumb: 140.966 129.214 1046.03
Index: 111.862 112.855 1073.04
Middle: 95.0497 131.881 1113.6
Ring: 103.131 119.118 1147.96
Little: 34.3684 42.7621 1128.82
Thumb: 135.995 128.052 1040.9
Index: 107.413 121.829 1061.81
Middle: 102.147 132.081 1096.98
Ring: 110.639 120.425 1145.4
Little: 40.5704 43.4125 1131.82
Thumb: 144.959 119.241 1070.8
Index: 107.359 122.331 1060.25
Middle: 104.019 133.3 1095.61
Ring: 113.94 121.996 1142.34
Little: 44.1178 43.775 1132.92
Thumb: 124.419 114.793 1038.23
Index: 92.7323 122.575 1053.82
Middle: 139.968 105.739 1105.15
Ring: 110.275 126.514 1134.3
Little: 46.2794 43.9255 1131.1
Thumb: 144.205 132.847 1068.01
Index: 99.8258 126.531 1050.31
Middle: 139.096 113.103 1098.62
Ring: 110.559 127.485 1131.04
Little: 50.1179 43.0522 1124.83
Thumb: 119.303 112.599 1040.05
Index: 87.6488 122.199 1053.59
Middle: 129.09 124.46 1095.89
Ring: 105.386 130.961 1123.46
Little: 50.7042 41.0189 1129.54
Thumb: 143.757 139.765 1087.03
Index: 85.8206 124.078 1054.77
Middle: 126.916 127.517 1093.62
Ring: 106.008 131.833 1121.28
Little: 52.2067 41.1403 1128.96
Thumb: 138.217 131.225 1087.24
Index: 86.3716 121.602 1055.6
Middle: 80.3464 124.023 1090.25
Ring: 99.6737 131.834 1128.8
Little: 50.5753 39.9278 1131.39
Thumb: 89.6809 127.344 1136.51
Index: 79.6359 115.446 1051.78
Middle: 73.0366 113.533 1093.27
Ring: 74.2796 127.998 1118.3
Little: 56.7863 42.6234 1129.82
Thumb: 85.9538 127.892 1135.63
Index: 75.2122 116.389 1050.93
Middle: 69.3816 114.544 1092.16
Ring: 72.0288 129.422 1116.83
Little: 54.4149 42.994 1127.6
Thumb: 91.763 139.93 1149.18
Index: 70.51 124.625 1053.58
Middle: 64.5417 118.562 1093.81
Ring: 70.5995 131.514 1121.82
Little: 48.3697 41.1947 1118.03
Thumb: 72.7878 101.875 1091.55
Index: 29.8338 89.2914 1052.67
Middle: 57.5705 112.752 1072.49
Ring: 59.8893 60.8765 1066.75
Little: 47.4688 36.7359 1097.18
Thumb: 64.3021 137.124 1093.64
Index: 17.5486 89.5412 1052.51
Middle: 44.3161 106.996 1063.25
Ring: 14.1879 29.3262 1073.66
Little: 67.934 51.2765 1075.78
Thumb: 65.0793 135.365 1093.24
Index: 12.7396 90.1526 1054.3
Middle: 41.2384 104.912 1064.38
Ring: 0.80814 27.9692 1086.52
Little: 64.1356 52.0751 1075.81
Thumb: 65.2619 133.852 1092.27
Index: 12.5617 91.9211 1055.14
Middle: 42.6403 106.452 1064.3
Ring: 2.50106 27.8514 1084.29
Little: 65.2891 49.2003 1074.22
Thumb: 66.2872 135.143 1091.21
Index: 12.6816 94.1406 1055.24
Middle: 43.1537 106.806 1062.21
Ring: 4.03162 28.3847 1080.41
Little: 53.4658 37.495 1078.44
Thumb: 70.779 135.281 1089.2
Index: 10.9654 96.0565 1058.8
Middle: 43.7948 108.65 1061.09
Ring: 4.76574 29.0338 1079.65
Little: 50.2727 35.4138 1083.26
Thumb: 63.8702 135.102 1086.2
Index: 7.86024 94.5259 1057.24
Middle: 41.2012 106.77 1057.03
Ring: 2.82396 27.202 1078.99
Little: 50.1318 34.0775 1077.3
Thumb: 62.267 134.026 1076.79
Index: 3.25108 91.2165 1053.5
Middle: 34.6112 106.043 1052.87
Ring: 2.23221 24.6951 1080.31
Little: 52.1834 34.8099 1065.64
Thumb: 84.2856 170.208 1071.45
Index: -0.924505 89.7805 1051.1
Middle: 31.4675 107.12 1044.76
Ring: 1.30747 24.6325 1082.63
Little: 47.4762 32.6441 1067.95
Thumb: 80.7941 168.409 1067.69
Index: -1.44144 88.2459 1050.03
Middle: 35.5746 88.6577 1011.37
Ring: 3.11251 23.2482 1081.25
Little: 46.5128 32.7782 1072.26
Thumb: 31.9444 113.808 1066.9
Index: -3.57674 90.3315 1048.68
Middle: 32.928 101.94 997.858
Ring: 3.38669 24.6937 1079.53
Little: 44.0791 33.0517 1079.06
Thumb: 35.8922 117.168 1065.96
Index: -2.24991 59.7101 1050.27
Middle: 34.1264 102.399 994.977
Ring: 3.7814 27.235 1076.47
Little: 47.8947 37.0382 1068.18
Thumb: 33.6983 115.709 1064.6
Index: -4.73502 56.9552 1052.7
Middle: 32.2143 103.97 994.076
Ring: 2.38215 27.5198 1072.41
Little: 44.1132 35.5469 1070.97
Thumb: 33.7989 118.233 1061.77
Index: -6.2512 58.7765 1048.44
Middle: 30.5642 99.7999 991.282
Ring: 0.738096 28.74 1068.94
Little: 42.9465 36.5222 1065.34
Thumb: -25.0102 103.924 1073.75
Index: -6.32401 57.9863 1046.06
Middle: 31.9738 95.5766 984.668
Ring: -0.188645 29.1794 1068.79
Little: 42.8709 36.7799 1061.21
Thumb: 2.56576 93.7574 1063.45
Index: -6.96314 56.3991 1043.32
Middle: 31.022 92.5227 981.458
Ring: 0.0426464 27.6903 1064.6
Little: 42.092 36.1321 1060.8
Thumb: 2.07386 93.8421 1061.94
Index: -8.1079 56.77 1041.54
Middle: 30.3371 84.0031 978.84
Ring: -1.31866 27.9135 1061.84
Little: 40.9463 35.9376 1058.67
Thumb: 2.84101 94.8164 1061.18
Index: -8.68338 58.7967 1039.82
Middle: 29.5283 85.9833 977.466
Ring: -1.46873 28.6726 1060.24
Little: 41.3387 37.1918 1054.15
Thumb: -0.731726 95.0339 1058.71
Index: -10.0738 58.1685 1038.61
Middle: 27.0206 88.3788 976.639
Ring: -1.96751 28.0765 1058.5
Little: 40.3115 37.0654 1053.33
Thumb: -0.0543537 94.8534 1058.89
Index: -12.4923 57.7096 1038.15
Middle: 26.6546 87.2959 974.762
Ring: -1.44337 28.6024 1058.77
Little: 40.7885 37.5016 1052.58
Thumb: 0.650636 94.4872 1058.91
Index: -11.9004 57.4779 1037.88
Middle: 27.0362 85.5634 974.075
Ring: -1.10318 28.4462 1058.99
Little: 41.6612 37.8151 1051.54
Thumb: 0.598618 94.3267 1058.79
Index: -13.0461 56.9979 1037.82
Middle: 27.5676 84.465 973.299
Ring: -1.01864 28.1396 1059.27
Little: 40.9211 37.6271 1052.75
Thumb: 0.414137 94.3148 1058.52
Index: -12.8714 56.9143 1037.91
Middle: 27.7849 95.1656 979.096
Ring: -1.72016 28.5971 1059.64
Little: 40.975 37.8118 1053.3
Thumb: 1.10437 93.1719 1059.22
Index: -11.0501 55.6506 1039.63
Middle: 27.6258 90.8218 977.82
Ring: -1.2862 27.769 1061.36
Little: 41.3903 36.9969 1054.75
Thumb: -1.5395 90.9541 1060.26
Index: -10.0203 52.836 1040.2
Middle: 27.2655 91.1475 977.377
Ring: -3.63826 25.572 1065.57
Little: 41.7463 37.1222 1054.8
Thumb: 0.187138 90.8554 1060.91
Index: -9.10364 53.196 1040.64
Middle: 27.1559 94.3888 977.839
Ring: -2.25937 25.6181 1066.1
Little: 41.1444 35.4921 1058.38
Thumb: -0.0212364 90.5354 1060.68
Index: -8.83117 51.9961 1042.58
Middle: 28.3111 92.5435 979.72
Ring: -2.03374 24.5576 1067.98
Little: 41.9942 35.184 1059.21
Thumb: 2.32184 90.2394 1064.29
Index: -7.10443 52.2327 1046.09
Middle: 30.3312 90.5788 984.492
Ring: 0.0162907 24.6664 1071.96
Little: 42.1392 36.1005 1067.45
Thumb: 3.96192 89.2671 1067.55
Index: -6.5034 51.0612 1048.29
Middle: 30.8753 87.1504 987.061
Ring: 0.545159 23.6635 1074.39
Little: 43.8952 34.9781 1069.13
Thumb: 3.45442 88.8675 1070.66
Index: -6.72521 51.1789 1051.34
Middle: 30.5866 90.2085 989.505
Ring: 0.618261 23.4734 1077.53
Little: 43.318 34.1009 1073
Thumb: 2.8285 88.0939 1073.6
Index: -5.90594 50.1637 1052.59
Middle: 32.0687 85.6125 991.819
Ring: 2.00403 22.0765 1079.06
Little: 43.4944 32.3584 1076.41
Thumb: 5.65727 87.5471 1074.04
Index: -4.8516 50.2598 1055.28
Middle: 33.924 85.0516 995.768
Ring: 2.47556 22.3733 1081.96
Little: 43.5574 32.3876 1080.17
Thumb: 3.98864 87.9058 1078.46
Index: -5.47543 49.7778 1058.69
Middle: 32.8131 90.0247 1004.41
Ring: 3.18604 21.4286 1086.45
Little: 44.2897 31.1492 1085.16
Thumb: 3.71131 87.6506 1081.37
Index: -5.71724 49.7749 1063.55
Middle: 33.7648 79.9752 1003.28
Ring: 3.28464 21.6162 1091.41
Little: 45.4199 32.5406 1087.97
Thumb: 5.06872 86.3023 1083.44
Index: -3.95131 48.0434 1066.11
Middle: 40.6826 85.8893 1001.95
Ring: 2.89886 20.6914 1095.03
Little: 42.9029 30.6022 1097.7
Thumb: 2.21997 83.3541 1086.06
Index: -5.96633 45.6139 1067.89
Middle: 41.648 80.631 1005.68
Ring: 1.35011 17.1758 1097.63
Little: 39.1096 27.1861 1101.51
Thumb: 2.77235 82.315 1090.12
Index: -3.20198 44.2489 1071.54
Middle: 47.7614 71.2428 1009.56
Ring: 1.21417 17.1452 1101.7
Little: 38.1558 26.9785 1111.89
Thumb: 1.73375 83.6517 1094.25
Index: -2.21343 45.1481 1075.6
Middle: 46.9602 78.4432 1010.78
Ring: 3.23449 18.0641 1105.17
Little: 40.2131 28.1296 1115.07
Thumb: 7.76636 87.47 1102.46
Index: -1.94101 49.6152 1084.15
Middle: 39.0056 88.8855 1014.65
Ring: 6.75417 22.6079 1111.57
Little: 45.0922 32.6323 1117.29
Thumb: 8.68334 95.2524 1103.52
Index: -4.41096 40.2883 1098.11
Middle: 39.2438 89.3794 1016.62
Ring: 5.48386 27.0738 1105.96
Little: 38.8907 39.0488 1118.7
Thumb: 9.33936 93.0256 1100.03
Index: -1.5183 37.5361 1090.67
Middle: 50.3169 85.6479 1020.38
Ring: 2.79292 25.923 1102.78
Little: 30.8518 42.2859 1119.09
Thumb: 22.6074 86.7683 1090.82
Index: 10.6452 30.2256 1097.2
Middle: -0.788027 15.7345 1098.48
Ring: 5.01588 26.414 1107.04
Little: 30.1089 48.1231 1127.13
Thumb: 36.7035 90.4812 1090.58
Index: 7.33648 26.6664 1089.79
Middle: -3.20656 14.0978 1106.17
Ring: 0.372423 21.7854 1106.14
Little: 16.6227 46.3378 1121.49
Thumb: 75.5226 137.373 975.161
Index: -0.667916 34.1949 1089.19
Middle: -5.78907 21.8779 1100.15
Ring: 0.0745239 30.5382 1106.6
Little: 16.6655 55.7303 1114.63
Thumb: 89.5261 96.8894 1110.89
Index: 1.40683 31.8302 1099.46
Middle: -8.91487 20.3693 1108.77
Ring: -5.15938 28.2628 1116.19
Little: 22.0104 63.8138 1142.62
Thumb: 92.8191 84.3397 1094.56
Index: 1.833 36.9755 1112.29
Middle: -7.93656 22.1004 1105.91
Ring: -3.12614 34.3342 1103.89
Little: 50.0123 108.194 1178.59
Thumb: 81.5117 91.6323 1126.84
Index: -0.892349 38.5722 1108.29
Middle: -6.18532 23.3976 1107.19
Ring: 0.214151 35.2894 1100.68
Little: 49.6826 105.09 1178.42
Thumb: 75.9831 96.986 1137.7
Index: -3.29175 39.5351 1105.77
Middle: -7.07311 23.9301 1106.69
Ring: 0.500628 35.4448 1099.76
Little: 42.8249 105.609 1180.2
Thumb: 96.6609 96.7048 1129.8
Index: -1.17316 40.2561 1108.54
Middle: -5.96744 25.1139 1109.84
Ring: -11.6374 37.1541 1120.66
Little: 43.2991 108.894 1183.59
Thumb: 84.4124 95.3336 1112.93
Index: -0.372826 37.821 1113.65
Middle: -6.59994 22.8628 1108.37
Ring: -10.2913 34.9269 1118.23
Little: 38.1492 109.335 1187.13
Thumb: 77.0166 98.7514 1120.39
Index: -0.795115 34.5058 1113.31
Middle: -6.58593 19.6742 1113.09
Ring: -8.8053 30.9368 1119.2
Little: -9.61308 59.5396 1141.67
Thumb: 80.9362 93.4341 1125.16
Index: -0.430042 32.1326 1112.14
Middle: -11.0272 19.6008 1117.89
Ring: -8.075 28.2205 1117.77
Little: -12.4947 57.3884 1138.9
Thumb: 81.9995 95.7741 1128.99
Index: 0.29664 31.2158 1114.7
Middle: -10.4013 18.6882 1120.27
Ring: -7.07309 27.2763 1119.57
Little: -24.6128 57.8567 1142.89
Thumb: 84.2669 96.4095 1135.97
Index: 0.611748 30.8421 1115.8
Middle: -12.1633 19.1745 1120.32
Ring: -8.17443 27.3169 1119.16
Little: -28.9581 59.2009 1136.14
Thumb: 96.0358 100.234 1092.56
Index: 0.865046 30.717 1116.08
Middle: -10.7295 27.2765 1141.85
Ring: -8.48798 27.2423 1119.57
Little: -31.8842 59.54 1130.96
Thumb: 102.406 111.814 1097.52
Index: 14.0674 39.1692 1129.63
Middle: -15.1768 24.8282 1137.87
Ring: -9.66968 25.5451 1118.12
Little: -35.8206 56.4109 1128.2
Thumb: 83.5928 111.456 1141.74
Index: 11.1309 39.9819 1129.85
Middle: -16.8668 17.9653 1118.91
Ring: -11.814 25.2872 1116.78
Little: -39.4096 55.7424 1124.98
Thumb: 99.1822 113.757 1144.24
Index: 11.876 33.4284 1129.72
Middle: 33.4802 88.8904 1195.82
Ring: -13.3978 23.3136 1118.43
Little: -34.9375 67.1833 1138.56
Thumb: 88.9248 114.249 1139.79
Index: 11.4553 31.7578 1128
Middle: 34.625 94.1409 1195.09
Ring: -13.8672 23.7039 1117.1
Little: -36.5478 67.6811 1137.53
Thumb: 96.8623 116.093 1137.62
Index: 8.31768 28.0099 1125.06
Middle: 32.0825 97.9283 1193.97
Ring: -17.0425 24.2802 1115.45
Little: -39.3274 69.5186 1134.68
Thumb: 91.9764 109.83 1133.18
Index: 7.61038 26.4788 1123.26
Middle: 31.6893 98.8563 1193.36
Ring: -17.6631 24.8731 1115.05
Little: -39.9304 70.6298 1134.34
Thumb: 101.215 115.529 1129.53
Index: 7.04699 26.1793 1122.68
Middle: 29.6729 97.242 1193.45
Ring: -18.336 24.596 1115.5
Little: -40.9011 69.4048 1134.25
Thumb: 91.1456 111.663 1129.96
Index: 6.38586 27.1945 1122.82
Middle: 27.6469 99.6797 1192.54
Ring: -20.0428 24.8942 1113.68
Little: -42.4509 70.6116 1131.76
Thumb: 89.3767 111.067 1128.49
Index: 5.53083 27.3137 1121.75
Middle: 27.304 100.346 1191.84
Ring: -20.4544 25.3299 1112.98
Little: -42.6464 71.1239 1130.82
Thumb: 90.9056 114.043 1127.72
Index: 7.00674 26.0139 1120.78
Middle: 26.0184 101.451 1191.65
Ring: -21.0599 25.704 1112.75
Little: -43.6223 71.5035 1130.63
Thumb: 90.0247 114.059 1128.75
Index: 10.2536 32.4526 1124.94
Middle: 24.838 100.628 1191.85
Ring: -22.8419 26.2185 1113.19
Little: -44.8475 71.9211 1130.71
Thumb: 90.6601 114.097 1129.38
Index: 9.69953 27.1572 1121.84
Middle: 19.2879 94.1341 1192.29
Ring: -23.0603 27.126 1111.96
Little: -45.4997 73.3031 1129.28
Thumb: 84.6759 108.355 1124.76
Index: 8.42437 26.561 1121.62
Middle: 21.0233 95.4107 1192.14
Ring: -23.3512 26.9039 1112.57
Little: -45.385 73.1527 1129.71
Thumb: 76.568 101.053 1121.33
Index: 8.41605 26.6692 1121.48
Middle: 19.5079 98.0007 1191.61
Ring: -23.5989 26.25 1110.87
Little: -46.118 71.9843 1126.92
Thumb: 76.552 101.639 1122.15
Index: 8.4555 27.359 1124.28
Middle: 20.1569 100.229 1192.64
Ring: -23.3357 26.5493 1113.83
Little: -45.9546 72.4508 1128.87
Thumb: 82.312 105.94 1123.85
Index: 8.48891 27.4229 1124.45
Middle: 20.389 100.335 1192.67
Ring: -23.3639 26.56 1114.02
Little: -46.2078 72.7072 1129.15
Thumb: 84.6427 107.304 1121.94
Index: 7.54186 28.1751 1125.86
Middle: 19.5676 98.933 1193.65
Ring: -23.1441 26.3526 1115.51
Little: -46.2432 72.3467 1130.36
Thumb: 85.1834 109.062 1124
Index: 8.13214 28.6957 1125.57
Middle: 21.4382 97.8663 1193.5
Ring: -21.1534 25.6735 1115.22
Little: -44.7781 71.2086 1130.8
Thumb: 88.0966 108.297 1119.81
Index: 8.49171 28.5822 1125.59
Middle: 23.1253 104.362 1193.7
Ring: -20.9426 25.5854 1115.28
Little: -44.5365 71.0159 1130.84
Thumb: 88.739 108.205 1119.61
Index: 9.94149 27.5259 1126.18
Middle: 22.5083 97.7718 1194.51
Ring: -19.4697 24.1529 1115.87
Little: -43.5961 69.2906 1131.34
Thumb: 84.2932 105.001 1119.08
Index: 10.6207 28.2056 1125.49
Middle: 22.4545 98.1516 1194.06
Ring: -18.9486 24.4208 1115.42
Little: -43.3416 69.3832 1131.26
Thumb: 112.323 103.939 1113.36
Index: 10.4732 28.0897 1124.81
Middle: 22.4543 99.9165 1193.99
Ring: -18.9729 24.8555 1114.81
Little: -43.2404 69.6015 1130.39
Thumb: 100.018 111.038 1119.21
Index: 6.9648 32.5379 1126.2
Middle: 24.6138 96.7249 1194.31
Ring: -19.601 24.8175 1116.18
Little: -42.4468 68.5762 1131.87
Thumb: 102.393 114.591 1122.2
Index: 7.17175 34.1319 1127.44
Middle: 24.8464 105.755 1194.9
Ring: -18.4903 25.9729 1116.87
Little: -42.381 69.9369 1131.46
Thumb: 102.431 115.623 1122.22
Index: 5.64601 36.3333 1128.06
Middle: 25.6774 107.337 1195.02
Ring: -18.0069 26.618 1117.26
Little: -41.7873 70.6453 1131.64
Thumb: 105.463 122.148 1126.16
Index: 7.64168 36.07 1128.29
Middle: 25.9213 107.884 1195.22
Ring: -16.2237 26.0108 1117.59
Little: -40.8912 69.5481 1131.58
Thumb: 110.292 128.719 1119.72
Index: 9.03804 37.6528 1127.95
Middle: 26.4095 109.501 1195.06
Ring: -14.7846 27.5022 1117.51
Little: -39.8402 70.9418 1131.7
Thumb: 107.52 119.58 1138.93
Index: 10.5126 37.6969 1126.58
Middle: 29.9394 110.201 1193.85
Ring: -13.9241 27.4906 1115.34
Little: -38.4478 70.3996 1130.42
Thumb: 100.954 116.469 1135.6
Index: 16.0396 39.5222 1128.55
Middle: 34.7186 107.219 1194.63
Ring: -10.5142 27.3256 1116.91
Little: -34.6503 69.7267 1132.9
Thumb: 105.579 116.279 1135.07
Index: 19.6503 40.101 1127
Middle: 33.7399 107.274 1194.07
Ring: -5.85486 27.2907 1113.77
Little: -31.4295 69.658 1128.48
Thumb: 115.318 120.868 1138.37
Index: 23.8807 41.9302 1124.86
Middle: 37.0039 105.872 1194.13
Ring: -0.811481 29.1981 1110.06
Little: -26.6073 70.0348 1125.8
Thumb: 117.106 119.376 1143.61
Index: 29.5156 44.6711 1124.74
Middle: 43.4549 103.796 1194.57
Ring: 3.03571 31.2382 1108.66
Little: -21.1791 74.0905 1126.92
