Thumb: 32.9554 91.7207 1121.92
Index: -64.5745 28.1944 1098.23
Middle: -101.42 40.8207 1097.63
Ring: -124.543 62.0639 1082.41
Little: -141.773 103.039 1080.87
Thumb: 38.6409 87.718 1104.68
Index: -51.0597 78.3955 1154.67
Middle: -106.716 41.7052 1093.06
Ring: -121.432 58.7447 1089.78
Little: -109.056 141.001 1130.77
Thumb: 30.9086 86.0817 1106.06
Index: -51.1803 81.2547 1155.08
Middle: -109.048 42.0105 1092.58
Ring: -124.48 57.8196 1089.03
Little: -112.603 138.391 1132.11
Thumb: 25.9224 84.7301 1105.97
Index: -55.6575 75.7804 1154.26
Middle: -110.044 40.6524 1093.26
Ring: -125.177 57.3121 1090.52
Little: -114.287 137.208 1133.91
Thumb: 19.1234 82.4211 1106.02
Index: -53.9074 75.6627 1155.08
Middle: -112.028 38.6158 1093.68
Ring: -126.449 56.3599 1092.31
Little: -113.024 139.321 1136.84
Thumb: 12.1999 82.12 1112.52
Index: -69.9408 62.3804 1150.69
Middle: -114.331 39.689 1097.56
Ring: -128.568 57.5623 1095.27
Little: -114.155 139.207 1137.17
Thumb: 8.15801 83.8458 1107.61
Index: -87.6179 31.8356 1097.1
Middle: -112.711 37.4554 1095.67
Ring: -125.795 57.602 1093.32
Little: -113.06 139.503 1138.06
Thumb: 1.70172 86.7273 1111.01
Index: -90.2182 34.4676 1095.24
Middle: -113.713 39.4041 1097.93
Ring: -125.89 60.3074 1100.55
Little: -111.542 141.167 1140.56
Thumb: -1.18654 85.2343 1109.9
Index: -93.6711 36.5104 1097.61
Middle: -115.883 39.6669 1097.82
Ring: -127.75 60.9066 1101.67
Little: -112.139 142.193 1141.19
Thumb: -4.19541 76.6563 1097.26
Index: -95.4235 39.4165 1098.44
Middle: -119.221 41.9317 1096.39
Ring: -128.594 63.0767 1103.82
Little: -110.608 138.583 1143.41
Thumb: -7.40963 76.9254 1097.12
Index: -98.4863 39.4267 1096.67
Middle: -120.97 42.7427 1096.42
Ring: -127.686 61.5854 1106.12
Little: -109.631 138.561 1144.77
Thumb: -10.3836 75.0801 1097.54
Index: -98.6446 39.5803 1098.13
Middle: -120.861 41.4813 1097.96
Ring: -127.778 60.4843 1108.96
Little: -109.962 136.654 1144.53
Thumb: -9.2791 76.1456 1101.03
Index: -97.0734 38.1952 1096.98
Middle: -119.812 41.5466 1097.84
Ring: -125.697 61.2724 1109.12
Little: -109.07 137.38 1143.22
Thumb: -9.86894 78.3707 1104.28
Index: -92.3944 37.9177 1097.48
Middle: -115.109 41.9249 1099.62
Ring: -120.915 59.9468 1109.86
Little: -104.961 136.301 1143.74
Thumb: -6.71835 79.134 1101.77
Index: -85.0919 37.3319 1098.41
Middle: -107.658 39.9307 1099.82
Ring: -113.72 58.4123 1110.07
Little: -100.229 134.863 1142.78
Thumb: -2.89259 83.2173 1103.44
Index: -76.2582 35.14 1097.85
Middle: -100.896 38.6622 1098.53
Ring: -107.453 57.3379 1112.09
Little: -120.646 86.4538 1104.12
Thumb: 1.52983 83.4451 1105.97
Index: -70.0096 34.4651 1098.13
Middle: -93.315 37.2359 1100.53
Ring: -101.237 55.8017 1110.51
Little: -113.204 84.3789 1103.7
Thumb: 7.8067 84.0226 1101.15
Index: -61.6913 33.1696 1098.17
Middle: -84.0733 36.8794 1103.34
Ring: -92.9083 53.2482 1110.59
Little: -108.279 79.7077 1103.83
Thumb: 14.6758 87.4285 1102.39
Index: -50.4109 33.5746 1100.29
Middle: -74.9643 32.2703 1101.86
Ring: -87.348 49.1593 1106.84
Little: -101.991 73.4818 1099.87
Thumb: 23.1548 88.9317 1103.11
Index: -41.4022 33.8357 1098.02
Middle: -64.0788 32.2637 1100.89
Ring: -80.0595 46.677 1105.01
Little: -93.5997 71.2809 1099.14
Thumb: 31.677 91.3597 1104.51
Index: -32.591 33.4614 1097.76
Middle: -55.0556 30.4073 1101.3
Ring: -71.3986 43.2968 1103.95
Little: -85.3249 68.7776 1100.01
Thumb: 42.2028 90.4684 1102.43
Index: -23.9952 34.0644 1098.69
Middle: -49.3921 29.0824 1099.34
Ring: -63.4476 42.0434 1104.75
Little: -78.9225 68.0132 1099.92
Thumb: 48.7636 90.3999 1108.47
Index: -17.966 31.9811 1099.74
Middle: -43.8299 27.2721 1099.95
Ring: -57.4904 39.9673 1104.48
Little: -71.9311 64.9644 1097.14
Thumb: 52.8256 91.0698 1110.21
Index: -12.8192 29.4155 1099.42
Middle: -38.1689 24.349 1098.47
Ring: -49.9409 38.6871 1105.92
Little: -65.5804 62.7436 1096.15
Thumb: 58.529 87.3848 1107.05
Index: -5.64827 26.8347 1098.87
Middle: -31.0545 22.1223 1099.51
Ring: -43.7447 35.8879 1105.27
Little: -59.1627 59.1221 1095.19
Thumb: 67.2661 86.7481 1108.22
Index: 2.29156 26.1788 1099.21
Middle: -23.5024 20.473 1098.19
Ring: -38.1507 33.4325 1103.37
Little: -52.214 56.1661 1093.41
Thumb: 74.9366 87.7387 1108.13
Index: 11.7981 23.2065 1099.87
Middle: -15.1921 16.1763 1095.02
Ring: -31.9333 31.6018 1103.41
Little: -47.9616 53.9278 1093.46
Thumb: 85.6077 87.0361 1107.78
Index: 21.6229 20.8232 1103.41
Middle: -8.46021 14.4806 1095.39
Ring: -24.0766 29.8101 1105.02
Little: -41.5635 53.8991 1098.23
Thumb: 92.6217 87.9005 1112.77
Index: 30.8492 16.021 1104.85
Middle: -2.43997 10.8474 1094.96
Ring: -18.8204 28.5146 1105.02
Little: -38.3902 51.8785 1101.12
Thumb: 101.147 87.9467 1110.15
Index: 40.2967 14.6035 1104.45
Middle: 5.10677 7.86285 1095.31
Ring: -10.2383 27.8075 1106.05
Little: -32.3146 48.9908 1101.55
Thumb: 111.182 90.4214 1115.45
Index: 47.1462 10.888 1109.81
Middle: 12.264 3.06201 1099.61
Ring: -2.79693 27.099 1106.05
Little: -28.0233 45.5649 1110.24
Thumb: 120.558 87.9648 1109.5
Index: 54.5177 10.5148 1107.66
Middle: 19.5167 3.00995 1097.39
Ring: 3.98242 25.8301 1102.62
Little: -19.9064 45.011 1106.6
Thumb: 126.877 93.3146 1116.48
Index: 59.4628 11.818 1107.37
Middle: 24.2341 2.1028 1097.75
Ring: 7.95575 22.9679 1103.73
Little: -15.6003 43.2825 1103.69
Thumb: 133.565 95.2778 1115.41
Index: 66.2966 11.3242 1103.19
Middle: 30.2446 -0.690958 1090.32
Ring: 16.9464 27.8077 1105.69
Little: -10.1751 46.748 1103.97
Thumb: 139.89 91.3893 1113.02
Index: 69.934 9.87002 1103.98
Middle: 33.0014 -0.360575 1088.16
Ring: 21.1424 29.139 1102.26
Little: -3.36132 53.8527 1103.73
Thumb: 145.959 94.1739 1110.11
Index: 76.7651 9.45915 1101.5
Middle: 39.842 -1.15459 1082.87
Ring: 27.4628 28.2176 1099.68
Little: 1.47261 51.4068 1101.39
Thumb: 148.971 96.1331 1109.35
Index: 81.4176 9.01899 1105.6
Middle: 44.5209 -2.9932 1083.54
Ring: 31.0809 25.4969 1100.36
Little: 4.57366 48.5113 1102.94
Thumb: 152.982 100.242 1108.66
Index: 86.908 7.51013 1104
Middle: 52.5353 -4.08625 1083.32
Ring: 46.9492 93.0897 1146.09
Little: 33.799 31.948 1082.38
Thumb: 157.789 99.5009 1112.15
Index: 87.9131 8.03581 1105.43
Middle: 52.9059 -4.21119 1082.56
Ring: 49.1827 92.5132 1155.24
Little: 35.7186 32.027 1082.7
Thumb: 163.216 99.6657 1111.96
Index: 90.3963 10.9164 1107.28
Middle: 55.0945 -3.65815 1083.78
Ring: 53.2407 82.0441 1164.31
Little: 37.8492 32.7613 1081.71
Thumb: 164.824 97.29 1112.87
Index: 92.0533 18.3934 1110.11
Middle: 54.3565 -3.26045 1084.36
Ring: 56.2489 87.6019 1163.92
Little: 38.0028 33.7393 1081.54
Thumb: 165.212 97.2855 1113.75
Index: 91.7536 18.2887 1109.11
Middle: 54.2546 -2.99125 1084.82
Ring: 53.7854 77.5529 1164.3
Little: 35.6574 34.1995 1084.85
Thumb: 165.607 96.7704 1114.56
Index: 91.0657 20.9939 1109.61
Middle: 52.6422 -1.92538 1083.06
Ring: 53.0699 76.5096 1163.98
Little: 34.8719 35.8308 1085.26
Thumb: 165.666 99.3631 1113.84
Index: 88.5416 22.8316 1107.47
Middle: 50.0986 1.03154 1082
Ring: 52.0023 83.5223 1164.91
Little: 34.5879 39.8006 1086.4
Thumb: 163.785 96.8491 1114.24
Index: 85.1817 25.6715 1108.41
Middle: 44.9435 1.89371 1082.1
Ring: 53.9121 97.1349 1163.74
Little: 29.6931 41.5188 1090.32
Thumb: 160.798 95.5225 1115.15
Index: 81.7517 26.7341 1107.31
Middle: 41.3384 5.81197 1081.76
Ring: 52.0428 97.074 1163.39
Little: 27.9824 46.5418 1088.84
Thumb: 155.572 93.8625 1114.82
Index: 78.2521 29.4669 1107.71
Middle: 36.2708 6.40421 1083.29
Ring: 49.0983 101.782 1160.21
Little: 23.6737 48.005 1090.06
Thumb: 150.88 93.1901 1114.02
Index: 72.7823 29.5038 1107.22
Middle: 30.6107 7.6945 1080.74
Ring: 40.6678 104.013 1160.63
Little: 18.828 48.5759 1087.63
Thumb: 144.541 90.5418 1116.98
Index: 82.1353 60.6165 1103.85
Middle: 25.0157 12.4762 1079.93
Ring: 42.1992 108.271 1158.94
Little: 14.6263 53.4768 1078.76
Thumb: 140.292 90.5728 1119.91
Index: 75.8163 61.358 1105.68
Middle: 18.6233 13.5086 1081.87
Ring: 34.0257 107.995 1158.74
Little: 8.73197 54.6686 1079.94
Thumb: 132.884 92.0774 1120.56
Index: 69.0856 62.299 1106.27
Middle: 11.8004 14.7422 1080.23
Ring: 24.323 98.9147 1160.19
Little: 2.67976 55.4375 1080.23
Thumb: 124.713 94.8764 1120.43
Index: 62.2941 63.1545 1108.26
Middle: 5.54311 14.2274 1080.22
Ring: 17.3836 101.013 1162.45
Little: -3.66941 54.2986 1080.9
Thumb: 114.376 95.628 1124.45
Index: 55.2607 63.6325 1110.88
Middle: -1.54851 14.8813 1079.81
Ring: 2.97226 91.1781 1163.23
Little: -8.18756 53.3513 1079.54
Thumb: 105.197 95.9424 1125.39
Index: 49.2844 64.1877 1112.12
Middle: -8.86063 16.8687 1080.68
Ring: -0.662511 97.8125 1164.99
Little: -14.3322 55.0227 1082.44
Thumb: 99.3968 94.6738 1129.64
Index: 43.6587 64.7536 1115.92
Middle: -16.1574 18.2749 1086.15
Ring: -4.25926 102.937 1168.22
Little: -20.0372 56.3673 1085.22
Thumb: 95.8228 96.1266 1129.33
Index: 39.1776 66.1572 1116.61
Middle: -21.9091 19.8625 1089.14
Ring: -6.04292 102.847 1172.26
Little: -25.9839 57.8909 1088.91
Thumb: 90.1959 96.0616 1130.96
Index: 33.3073 66.5746 1118.69
Middle: -27.8231 20.7825 1093.36
Ring: -8.0503 113.03 1172.98
Little: -31.9351 59.346 1090.11
Thumb: 86.2435 94.2291 1132.37
Index: 27.6481 65.422 1120.29
Middle: -31.576 18.285 1096.54
Ring: -13.5454 109.843 1176.61
Little: -38.6778 58.5666 1094.43
Thumb: 81.1042 95.6973 1141.79
Index: -3.28794 26.6674 1132.64
Middle: -33.6568 16.6442 1097.8
Ring: -33.724 106.325 1174.55
Little: -43.3862 58.4851 1091.74
Thumb: 68.0436 97.8808 1161.05
Index: -20.6805 30.0766 1136.37
Middle: -36.2971 15.2466 1101.27
Ring: -54.2539 112.195 1168.06
Little: -47.6564 58.7142 1087.66
Thumb: 29.7922 105.091 1206.32
Index: -36.9959 113.831 1184.77
Middle: -42.8352 6.75653 1102.77
Ring: -85.8877 93.9936 1137.12
Little: -50.4211 52.0641 1081.47
Thumb: 39.6676 219.6 1215.69
Index: -59.7523 35.1769 1116.08
Middle: -44.7634 9.31161 1103.65
Ring: -88.8856 70.0997 1107.89
Little: -39.4577 50.7962 1073.03
Thumb: 68.377 210.802 1196.91
Index: -62.3211 36.0769 1119.06
Middle: -52.0901 13.6541 1111.15
Ring: -46.2258 24.4083 1108.65
Little: -41.8795 48.6532 1072
Thumb: 40.2261 161.798 1227.67
Index: -62.3758 41.2363 1147.81
Middle: -54.828 24.5372 1115.14
Ring: -46.1966 33.0963 1108.98
Little: -44.0263 59.4352 1074.6
Thumb: -57.4419 153.663 1198.08
Index: -66.3205 43.6127 1146.45
Middle: -59.0468 26.7155 1118.07
Ring: -52.3549 35.5845 1109.55
Little: -45.919 59.213 1074.04
Thumb: -64.476 159.669 1191
Index: -73.2194 49.2734 1151.58
Middle: -60.43 26.2415 1117.7
Ring: -53.4242 33.6678 1111.26
Little: -49.3081 58.3747 1082.11
Thumb: -74.9537 167.98 1187.45
Index: -80.9254 52.3151 1150.64
Middle: -62.738 26.2342 1117.47
Ring: -57.0893 34.6267 1112.84
Little: -45.2575 56.0861 1084.04
Thumb: -85.396 166.224 1177.57
Index: -88.7301 56.8062 1144.77
Middle: -65.0409 29.9357 1117.89
Ring: -60.2767 37.8591 1100.47
Little: -41.4872 55.4758 1083.45
Thumb: -32.7328 68.9212 1069.96
Index: 74.893 90.9454 1008.64
Middle: 69.3643 122.14 991.919
Ring: 52.9553 146.491 1007.39
Little: 64.0628 169.185 1027.02
Thumb: -28.2321 66.5983 1073.28
Index: 79.4803 81.7998 1026.3
Middle: 53.5319 110.463 998.913
Ring: 54.5574 131.894 1023.2
Little: 50.2978 167.803 1033.86
Thumb: -23.7333 69.7037 1077.79
Index: 44.9197 82.0923 1007.05
Middle: 89.9293 94.9448 1036.34
Ring: 61.2153 127.018 1037.07
Little: 35.3312 172.433 1038.44
Thumb: -23.3647 69.8778 1079.4
Index: 61.4862 83.6835 1020.97
Middle: 95.6512 98.1442 1052.46
Ring: 69.7217 128.154 1047.63
Little: 54.6188 165.981 1050.25
Thumb: -21.2071 70.3656 1079.81
Index: 62.4257 124.581 1027.91
Middle: 31.1429 125.051 1047.5
Ring: 41.0195 142.209 1044.57
Little: 61.6464 166.552 1058.64
Thumb: -19.3534 71.4212 1084.1
Index: 63.1282 124.891 1031.84
Middle: 36.3093 123.419 1024.75
Ring: 43.3058 145.064 1053.83
Little: 61.5599 170.578 1064.95
Thumb: -15.0259 73.6976 1089.26
Index: 5.30614 102.588 1010.39
Middle: 18.3858 133.713 1030.11
Ring: 33.2021 146.546 1065.57
Little: 47.1039 165.473 1064.64
Thumb: -13.0477 73.9043 1089.17
Index: 3.61899 93.6217 1014.7
Middle: 16.7803 125.5 1036.52
Ring: 23.9092 143.754 1061.87
Little: 43.4388 161.017 1063.29
Thumb: -13.4635 70.4102 1091.78
Index: 1.52158 92.826 1015.62
Middle: 27.2087 127.291 1046.11
Ring: 33.875 144.628 1062.08
Little: 34.1153 170.133 1058.41
Thumb: -12.9765 69.0794 1092.72
Index: -0.941072 90.6846 1017.07
Middle: 88.0948 136.342 1067.1
Ring: 57.8298 152.31 1062.84
Little: 19.3528 175.569 1052.91
Thumb: -46.9594 43.4125 1107.63
Index: 1.16825 91.0643 1016.2
Middle: 82.0939 133.607 1052.16
Ring: 54.5411 150.8 1062.01
Little: 20.1774 175.441 1049.89
Thumb: -47.32 48.1551 1102.57
Index: -2.97022 89.8755 1016.04
Middle: 87.1071 129.314 1065.29
Ring: 57.4197 146.075 1048.99
Little: 36.3145 161.213 1033.81
Thumb: -48.6603 48.2371 1099.39
Index: -4.06018 88.8873 1014.08
Middle: 67.1594 125.875 1055.21
Ring: 62.0466 145.642 1051.34
Little: 27.4127 170.909 1032.49
Thumb: -48.62 48.2534 1097.45
Index: -4.97716 87.1882 1012.33
Middle: 61.208 124.31 1051.56
Ring: 70.6007 147.248 1067.08
Little: 20.6328 171.807 1035.03
Thumb: -48.6535 48.5874 1093.71
Index: -6.68274 87.3172 1009.53
Middle: 85.993 128.994 1071.8
Ring: 74.9556 130.7 1039.63
Little: 22.8508 171.154 1031.2
Thumb: -47.2189 48.5461 1090.94
Index: -4.84942 87.5108 1008.29
Middle: 82.5336 127.414 1066.06
Ring: 39.1801 123.55 1020.08
Little: 22.568 171.174 1030.07
Thumb: -46.7821 48.0378 1088.74
Index: -4.8869 87.9104 1006.46
Middle: 82.8079 129.481 1068.09
Ring: 44.7629 121.514 1018.28
Little: 44.4645 153.213 1042.54
Thumb: -46.6276 48.8651 1086.88
Index: -2.98295 89.3755 1004.9
Middle: 26.8605 120.607 1012.58
Ring: 73.962 115.304 1063.66
Little: 48.1061 152.971 1046.73
Thumb: -45.1589 48.6196 1085
Index: -2.24508 89.4667 1003.27
Middle: 50.478 123.571 1022.51
Ring: 78.6349 123.749 1062.22
Little: 50.518 151.019 1045.46
Thumb: -45.7284 48.4065 1083.88
Index: 0.736619 91.5287 1001.39
Middle: 63.6564 130.918 1037.64
Ring: 37.2459 141.716 1039.47
Little: 49.8443 155.37 1037.9
Thumb: -42.9977 48.7402 1084.84
Index: 2.01298 90.8804 1001.31
Middle: 65.7481 132.413 1038.04
Ring: 42.5396 137.538 1047.79
Little: 52.6339 155.656 1047.71
Thumb: -40.7555 50.5056 1084.64
Index: 2.13518 91.0915 1001.58
Middle: 40.6176 131.145 1044.66
Ring: 60.8352 112.936 1044
Little: 52.5168 157.149 1048.15
Thumb: -37.2896 51.3597 1085.76
Index: 4.32991 91.7914 1001.38
Middle: 44.2288 132.139 1045.44
Ring: 12.5138 146.321 1002.42
Little: 44.1155 164.072 1041.75
Thumb: -34.8175 51.8696 1087.81
Index: 2.25304 90.0437 1002.77
Middle: 45.3563 131.902 1045.79
Ring: 38.5687 125.264 1001.98
Little: 27.1088 175.79 1028.15
Thumb: -30.8517 53.1507 1090.61
Index: 6.75901 91.5859 1004.78
Middle: 49.3733 132.926 1044.7
Ring: 44.4387 124.469 1006.52
Little: 41.3697 167.327 1026.88
Thumb: -28.5302 53.0719 1093.7
Index: 41.5674 99.2235 1012.68
Middle: 76.6029 141.199 1051.28
Ring: 55.7167 137.441 1005.34
Little: 62.2572 156.069 1046.36
Thumb: -24.2249 53.6572 1097.26
Index: 37.2223 99.6378 1012.49
Middle: 85.2286 145.659 1056.65
Ring: 20.6218 143.426 995.797
Little: 63.6482 157.933 1049.59
Thumb: -19.2392 53.0582 1099.81
Index: 40.597 97.9981 1017.15
Middle: 83.9289 140.637 1054.18
Ring: 22.1159 140.174 996.239
Little: 64.4622 156.488 1041.82
Thumb: -14.8948 52.7524 1100.63
Index: 35.4663 98.0809 1015.16
Middle: 90.0072 147.343 1052.29
Ring: 23.4263 142.683 997.667
Little: 65.8895 159.431 1048.01
Thumb: -10.3757 47.071 1102.12
Index: 39.003 93.9964 1019.33
Middle: 89.5795 145.044 1057.71
Ring: 25.6437 137.826 1000.08
Little: 66.2442 165.486 1043.5
Thumb: -5.65337 46.522 1100.18
Index: 47.8132 93.7416 1022.16
Middle: 89.9443 138.139 1054.85
Ring: 35.0847 138.28 1003.68
Little: 76.714 159.278 1049.88
Thumb: 1.12912 41.1068 1101.95
Index: 51.0728 94.4072 1021.29
Middle: 91.7947 141.84 1056.28
Ring: 36.1103 138.629 1005.66
Little: 63.6394 164.054 1045.59
Thumb: 9.72672 42.9796 1102.6
Index: 35.6735 89.4721 1013.07
Middle: 87.9715 120.579 1049.55
Ring: 37.3159 141.752 1004.76
Little: 63.1787 168.039 1054.1
Thumb: 16.2934 43.1455 1103.64
Index: 41.7616 90.0646 1014.83
Middle: 97.0743 125.277 1051.11
Ring: 43.4127 141.036 1006.18
Little: 92.3113 157.408 1065.96
Thumb: 22.5974 42.265 1102.69
Index: 48.5904 87.5828 1015.83
Middle: 125.156 122.877 1055.49
Ring: 50.037 139.765 1006.83
Little: 93.8089 157.065 1060.29
Thumb: 28.9291 40.0695 1101.39
Index: 54.9201 87.8449 1016.06
Middle: 136.478 130.509 1072.34
Ring: 53.7398 139.851 1006.16
Little: 84.5822 165.438 1053.46
Thumb: 36.603 38.1982 1102.79
Index: 59.8206 84.3297 1016.47
Middle: 148.8 129.665 1083.75
Ring: 58.255 137.224 1005.82
Little: 60.4547 171.889 1022.3
Thumb: 43.9131 40.7631 1101.57
Index: 64.6055 87.5842 1015.39
Middle: 141.902 133.348 1065.53
Ring: 61.9232 139.627 1004.91
Little: 62.4888 174.6 1021.45
Thumb: 52.2331 37.7219 1099.42
Index: 71.7964 87.6299 1013.86
Middle: 135.867 124.409 1063.64
Ring: 67.5707 139.691 1003.89
Little: 66.7628 174.402 1020.81
Thumb: 60.3959 42.2395 1098.34
Index: 72.0468 89.0586 1012.99
Middle: 71.0387 118.634 998.384
Ring: 69.9141 141.593 1003.06
Little: 68.176 176.589 1020.11
Thumb: 66.2673 43.6448 1099.12
Index: 79.0393 92.7523 1012.68
Middle: 74.5523 121.574 998.321
Ring: 73.9045 144.158 1002.97
Little: 71.5886 178.957 1020
Thumb: 73.7483 44.8211 1101.34
Index: 85.9181 92.5539 1015.39
Middle: 80.2547 122.027 1000.98
Ring: 76.014 146.211 1005.98
Little: 77.254 179.738 1022.48
Thumb: 77.11 43.259 1101.01
Index: 92.3046 91.9474 1015.25
Middle: 86.4739 120.756 1000.6
Ring: 81.0761 145.359 1005.49
Little: 85.0879 178.274 1021.49
Thumb: 82.4713 42.4562 1102.5
Index: 97.1713 92.5385 1013.73
Middle: 91.0797 121.679 999.598
Ring: 89.5437 144.997 1004.29
Little: 90.5193 178.78 1021.37
Thumb: 82.9887 40.0251 1100.97
Index: 102.09 91.4733 1015.18
Middle: 94.4217 120.252 1000.97
Ring: 95.6401 143.698 1005.08
Little: 89.4169 180.417 1022.58
Thumb: 84.6359 37.5498 1105.76
Index: 103.057 87.9144 1017.09
Middle: 98.3524 116.398 1001.87
Ring: 97.6759 139.494 1005.72
Little: 94.7158 175.41 1021.7
Thumb: 79.0176 32.9376 1108.82
Index: 141.77 91.3483 1023.54
Middle: 98.3517 112.825 1001.74
Ring: 98.2045 135.846 1006.23
Little: 99.4766 171.273 1022.9
Thumb: 71.3803 33.5131 1111.9
Index: 165.476 88.2004 1042.39
Middle: 124.277 109.387 1002.12
Ring: 122.047 124.736 1008.33
Little: 121.686 160.409 1024.09
Thumb: 62.8693 30.5525 1117.62
Index: 142.8 91.833 1016.54
Middle: 113.655 109.975 995.679
Ring: 109.928 128.733 1001.98
Little: 127.22 157.762 1021.78
Thumb: 41.7897 38.7838 1139.36
Index: 120.585 96.9337 1018.48
Middle: 154.065 132.12 1000.02
Ring: 115.55 130.247 999.271
Little: 148.615 154.592 1027.52
Thumb: 34.8962 39.1539 1137.53
Index: 122.479 100.09 1006.7
Middle: 164.454 139.53 1006.61
Ring: 114.383 130.928 992.135
Little: 127.932 162.407 1010.82
Thumb: 33.952 40.4408 1139.65
Index: 127.954 110.588 998.63
Middle: 132.739 139.569 1010.07
Ring: 118.636 130.199 991.965
Little: 145.033 158.463 1023.28
Thumb: 38.1833 40.2179 1124.95
Index: 166.207 117.266 1015.26
Middle: 154.041 145.694 993.84
Ring: 112.264 124.632 985.578
Little: 144.014 156.919 1015.41
Thumb: 39.626 40.8454 1124.14
Index: 114.602 112.353 984.83
Middle: 159.482 147.852 990.451
Ring: 103.303 127.116 979.923
Little: 116.653 168.515 1012.24
Thumb: 43.6584 44.101 1124.5
Index: 115.476 110.069 983.68
Middle: 156.5 144.522 984.386
Ring: 98.299 122.954 978.231
Little: 118.639 160.686 1003.27
Thumb: 41.7327 43.1477 1123.22
Index: 155.122 116.754 1000.36
Middle: 106.788 132.317 992.737
Ring: 98.8869 128.518 975.126
Little: 120.075 160.953 1001.52
Thumb: 42.1499 44.9971 1123.47
Index: 145.261 117.956 991.205
Middle: 108.33 126.959 987.375
Ring: 100.448 139.302 969.459
Little: 115.499 164.008 999.435
Thumb: 46.4587 51.6688 1124.37
Index: 147.891 130.104 993.492
Middle: 106.758 140.682 992.755
Ring: 110.022 155.226 983.391
Little: 119.586 175.587 1001.51
Thumb: 52.543 59.3734 1129.24
Index: 177.442 134.211 986.599
Middle: 160.224 134.017 967.453
Ring: 139.249 151.833 978.525
Little: 116.695 222.306 1042.68
Thumb: 48.628 58.599 1121.36
Index: 175.346 99.0647 983.761
Middle: 174.886 116.687 973.617
Ring: 112.656 169.499 994.132
Little: 120.106 216.691 1049.3
Thumb: 46.8289 60.3341 1125.29
Index: 180.89 130.796 986.248
Middle: 154.86 124.538 977.238
Ring: 113.72 173.501 1008.2
Little: 121.877 210.228 1030.6
Thumb: 50.3943 60.6386 1125.7
Index: 149.475 140.085 988.732
Middle: 135.61 129.782 980.472
Ring: 124.649 162.734 992.557
Little: 118.381 213.579 1037.37
Thumb: 50.3899 59.9126 1126.25
Index: 148.287 143.726 982.364
Middle: 140.342 124.625 973.918
Ring: 124.079 159.439 983.521
Little: 109.424 216.142 1034.16
Thumb: 46.9396 61.4197 1128.09
Index: 146.397 144.212 982.592
Middle: 102.34 144.156 972.857
Ring: 122.643 160.8 985.16
Little: 108.36 216.571 1034.02
Thumb: 48.2496 60.4166 1126.53
Index: 142.686 137.699 984.129
Middle: 113.188 140.244 977.183
Ring: 124.533 167.365 1010.85
Little: 107.456 215.214 1026.94
Thumb: 48.3321 61.442 1128.02
Index: 126.18 140.281 983.193
Middle: 114.135 138.935 977.529
Ring: 126.006 168.157 1017.7
Little: 110.246 213.437 1025.51
Thumb: 46.4035 62.5909 1128.89
Index: 143.889 141.806 986.994
Middle: 137.502 136.591 978.133
Ring: 127.511 167.542 1018.55
Little: 116.419 210.128 1023.04
Thumb: 43.3202 62.0051 1130.5
Index: 144.882 127.109 986.709
Middle: 151.293 128.815 976.437
Ring: 123.81 159.174 1003.47
Little: 118.615 201.291 1013.9
Thumb: 43.0632 61.9718 1131.94
Index: 147.628 135.479 988.079
Middle: 121.484 134.197 997.17
Ring: 127.293 155.085 998.019
Little: 122.483 194.804 1001.08
Thumb: 40.0923 61.8834 1132.36
Index: 135.679 139.566 981.99
Middle: 124.794 154.018 1004.49
Ring: 130.486 149.641 988.99
Little: 111.966 208.115 1023.94
Thumb: 37.3792 61.7299 1132.4
Index: 140.827 138.662 979.695
Middle: 123.109 154.637 1004.55
Ring: 134.37 151.665 1007
Little: 112.919 210.566 1035.9
Thumb: 34.0285 60.7778 1133.72
Index: 169.434 127.76 997.084
Middle: 159.738 136.474 987.843
Ring: 147.885 136.526 995.111
Little: 135.58 184.206 1012.49
Thumb: 33.2835 59.991 1135.01
Index: 170.783 125.739 1000.03
Middle: 111.787 146.628 1001.75
Ring: 128.082 152.627 997.815
Little: 158.664 167.005 1006.57
Thumb: 27.0791 57.3685 1131.18
Index: 176.829 117.788 1009.14
Middle: 115.062 143.521 1005.95
Ring: 113.826 153.661 996.882
Little: 150.226 167.208 1012.3
Thumb: 29.0924 52.0964 1130.14
Index: 170.532 123.99 1005.89
Middle: 118.109 146.753 996.829
Ring: 100.883 166.11 1018.09
Little: 150.015 170.222 1016.37
Thumb: 14.4115 43.5261 1111.3
Index: 137.933 95.1293 1009.63
Middle: 157.445 124.757 1009.28
Ring: 161.148 100.549 1014.83
Little: 116.944 177.29 1039.41
Thumb: 15.093 40.4486 1108.78
Index: 124.965 98.223 1016.54
Middle: 130.364 129.657 1005.7
Ring: 159.692 107.832 1013.15
Little: 107.69 180.497 1035.84
Thumb: 15.2242 40.032 1103.67
Index: 91.6231 98.8341 1007.17
Middle: 95.2671 131.732 1056.19
Ring: 161.631 116.384 1019.64
Little: 117.664 176.687 1024.09
Thumb: 14.1073 38.9793 1102.75
Index: 77.373 94.6745 1027.79
Middle: 89.3433 121.206 1049.41
Ring: 135.541 124.107 991.265
Little: 99.8842 188.331 1032.91
Thumb: 12.9573 38.7874 1100.88
Index: 83.4332 95.7683 1024.6
Middle: 88.6586 121.557 1046.49
Ring: 134.145 124.169 990.226
Little: 98.5833 187.729 1029.05
Thumb: 9.27393 40.3716 1101.93
Index: 80.9219 98.3081 1002.73
Middle: 74.9527 129.085 1007.79
Ring: 83.2431 153.618 1003.51
Little: 112.705 172.077 1005.17
Thumb: 4.27023 41.5638 1103.81
Index: 94.7664 96.7818 1004.03
Middle: 78.058 125.428 1001.25
Ring: 80.7054 157.097 1028.23
Little: 126.941 157.4 1002.85
Thumb: -0.642862 43.8876 1107.47
Index: 105.837 90.4449 1000.18
Middle: 71.5061 117.64 995.933
Ring: 80.722 147.095 1027.78
Little: 124.613 146.754 999.425
Thumb: -10.2431 44.6643 1109.47
Index: 88.4316 81.577 997.932
Middle: 77.123 108.051 997.393
Ring: 103.331 116.684 1009.06
Little: 93.5589 162.298 1006.22
Thumb: -20.0065 47.2638 1134.26
Index: 77.2113 75.2646 996.322
Middle: 61.0291 101.005 999.527
Ring: 88.7075 113.723 1005.36
Little: 73.24 156.063 1003.48
Thumb: -9.19115 75.755 1138.98
Index: 111.029 82.2829 986.623
Middle: 108.607 97.1193 972.57
Ring: 89.1875 108.899 993.706
Little: 64.639 157.042 993.427
Thumb: -14.5168 49.2558 1068.29
Index: 103.901 84.6581 984.643
Middle: 109.542 103.287 972.53
Ring: 99.4815 102.079 981.136
Little: 70.9432 152.244 988.561
Thumb: -18.6101 49.7903 1084.37
Index: 72.4043 75.0066 999.568
Middle: 64.1568 95.9032 974.612
Ring: 79.7252 109.969 990.434
Little: 70.8157 144.979 985.691
Thumb: -21.8087 41.2503 1089.87
Index: 118.916 66.5388 996.264
Middle: 69.0719 84.6986 973.436
Ring: 101.223 87.5299 991.493
Little: 64.3027 143.576 988.302
Thumb: -29.1564 63.3524 1120.76
Index: 117.003 73.8212 992.167
Middle: 69.1113 92.3054 975.054
Ring: 101.839 92.601 995.117
Little: 69.553 144.626 985.626
Thumb: -30.1473 43.7019 1080.42
Index: 121.908 74.8106 992.287
Middle: 74.0487 92.1956 973.708
Ring: 101.038 94.7123 989.674
Little: 98.8508 127.486 982.317
Thumb: -23.7909 43.6025 1081.97
Index: 122.772 72.3137 999.721
Middle: 66.7495 89.8 973.922
Ring: 110.496 94.5118 997.832
Little: 94.7316 129.389 980.579
Thumb: -39.4418 49.9314 1088.58
Index: 123.379 66.0119 1005.75
Middle: 112.886 65.4251 980.243
Ring: 107.674 87.1356 1000.18
Little: 111.461 112.222 985.886
Thumb: -38.4655 56.434 1136.6
Index: 122.907 68.9763 1006.11
Middle: 86.0676 68.3475 985.229
Ring: 96.7778 96.2174 1004.44
Little: 100.562 120.78 984.965
Thumb: -40.0994 55.9934 1125.79
Index: 123.351 67.3433 1008.87
Middle: 103.8 61.4354 980
Ring: 97.1418 101.031 1005
Little: 108.501 124.139 989.167
Thumb: -24.2976 59.2504 1129.05
Index: 65.9787 65.9438 977.348
Middle: 47.6021 112.416 1003.86
Ring: 90.985 83.681 972.608
Little: 104.86 126.627 989.621
Thumb: -26.2311 57.7705 1125.69
Index: 73.2127 66.3865 975.139
Middle: 52.8748 109.276 1000.23
Ring: 112.088 77.167 981.419
Little: 112.995 124.281 990.445
Thumb: -22.1947 53.9794 1116.25
Index: 92.9548 76.5545 972.134
Middle: 72.0886 98.8142 990.564
Ring: 123.284 83.4565 983.835
Little: 101.749 142.239 987.287
Thumb: -20.9231 54.4224 1112.57
Index: 90.8329 81.0171 967.495
Middle: 87.2046 105.165 1011.18
Ring: 117.466 94.479 978.886
Little: 92.6635 155.917 987.076
Thumb: -19.4879 51.639 1110.62
Index: 142.514 73.5226 999.87
Middle: 101.114 88.7393 991.221
Ring: 138.733 88.6412 994.927
Little: 94.2558 159.256 993.927
Thumb: -17.4135 47.885 1108.59
Index: 103.945 80.2083 980.365
Middle: 48.5616 119.689 978.869
Ring: 126.217 92.7794 978.752
Little: 92.8067 160.245 995.186
Thumb: -15.8576 45.4349 1108.45
Index: 118.501 79.8409 978.27
Middle: 53.8484 119.421 978.104
Ring: 93.8788 117.2 973.478
Little: 89.3097 167.021 1001.08
Thumb: -15.1698 45.0485 1107.1
Index: 96.0548 82.3554 967.405
Middle: 56.7642 117.098 974.162
Ring: 95.1023 116.828 971.305
Little: 90.7482 161.779 986.673
Thumb: -13.7408 42.7007 1103.1
Index: 121.073 77.011 979.605
Middle: 104.367 86.3655 969.788
Ring: 93.9515 118.755 971.786
Little: 60.3352 188.013 1003.77
Thumb: -12.4398 41.5973 1101.38
Index: 53.2312 96.9486 984.665
Middle: 82.3394 107.007 967.282
Ring: 101.759 122.297 975.923
Little: 109.073 159.086 995.415
Thumb: 26.0446 164.024 1064.32
Index: -1.24926 159.284 986.097
Middle: -30.072 185.279 1002.35
Ring: 5.91775 215.46 1042
Little: -11.9264 214.852 1070.15
Thumb: 28.7425 168.715 1068.12
Index: -0.594304 164.284 986.347
Middle: -22.2708 197.253 1002.8
Ring: 2.68741 208.404 1046.19
Little: -9.16823 220.31 1071.55
Thumb: 33.7361 172.985 1068.02
Index: 3.51978 182.824 996.331
Middle: -16.8909 197.23 1000.28
Ring: -11.1246 194.941 1040.04
Little: 1.50922 228.486 1074.86
Thumb: 30.8464 178.135 1071.87
Index: 9.98134 167.313 1002.83
Middle: -10.8828 214.186 1000.42
Ring: -12.3144 225.335 1026
Little: -17.2211 218.401 1075.45
Thumb: 47.265 182.836 1064.24
Index: 32.5247 228.91 1004.7
Middle: -19.1448 166.408 1004.81
Ring: -4.10011 228.513 1029.2
Little: -16.0838 216.897 1078.54
Thumb: 73.8991 176.298 1066.45
Index: 28.8958 163.659 994.962
Middle: -1.61716 161.753 1002.27
Ring: 7.64954 212.682 1026.62
Little: -3.88149 222.694 1074.65
Thumb: 124.813 157.228 1073.33
Index: 32.423 165.306 1000.71
Middle: 1.26804 172.316 1003.6
Ring: 4.86474 183.449 1062.73
Little: -7.15983 221.457 1075.07
Thumb: 87.3041 184.995 1078.89
Index: 37.8597 163.87 1005.07
Middle: 6.21923 161.797 1007.08
Ring: 7.00991 188.826 1068.63
Little: -15.0765 196 1084.38
Thumb: 97.4041 178.286 1088.97
Index: 42.2762 163.951 1006.95
Middle: 10.3783 163.843 1006.12
Ring: 7.15942 190.517 1069.67
Little: -14.8093 195.331 1084.73
Thumb: 95.8862 174.615 1092.82
Index: 44.2228 158.299 1009.88
Middle: 12.6786 165.855 1007.51
Ring: 10.152 187.533 1072.06
Little: -11.6143 193.676 1088.53
Thumb: 97.3123 171.533 1097.43
Index: 49.6412 157.45 1011.73
Middle: 18.0118 161.609 1008.15
Ring: 12.5155 186.683 1071.44
Little: -9.77165 194.03 1086.71
Thumb: 100.436 165.567 1100.09
Index: 56.9122 152.999 1013.97
Middle: 26.5281 163.285 1007.9
Ring: 18.9692 187.625 1071.98
Little: -2.76233 197.163 1081.38
Thumb: 98.3162 163.068 1099.09
Index: 55.0962 149.648 1014.47
Middle: 23.5247 162.215 1008.64
Ring: 16.2702 184.646 1073.22
Little: 9.49347 213.922 1082.6
Thumb: 97.3595 155.761 1102.03
Index: 59.1213 145.46 1016.34
Middle: 27.5962 158.871 1008.37
Ring: 16.8993 180.665 1071.88
Little: 10.6565 213.348 1077.79
Thumb: 98.5125 146.656 1100.44
Index: 56.8658 142.438 1012.99
Middle: 25.7856 156.437 1006.46
Ring: 16.7322 176.832 1070.92
Little: 8.2462 203.848 1078.83
Thumb: 98.1026 144.23 1091.89
Index: 61.1809 140.135 1013.36
Middle: 28.5031 144.703 1007.5
Ring: 11.9295 157.177 1046.07
Little: 22.9968 214.413 1082.65
Thumb: 45.9962 151.558 1077.94
Index: 63.0368 136.813 1014.27
Middle: 32.5976 145.417 1006.24
Ring: 12.8321 155.063 1045.33
Little: 16.0372 210.471 1065.5
Thumb: 51.2306 149.952 1075.74
Index: 65.026 137.403 1014.38
Middle: 34.6266 146.505 1006.35
Ring: 16.9061 175.236 1034.01
Little: 15.405 214.986 1067.42
Thumb: 52.4808 148.134 1073.2
Index: 64.5944 139.854 1012.63
Middle: 34.3181 141.466 1006.6
Ring: 18.2493 183.63 1034.12
Little: 11.0494 211.241 1064.13
Thumb: 51.9307 147.632 1071.74
Index: 65.2077 135.301 1014.57
Middle: 36.3659 146.948 1005.84
Ring: 19.4685 188.669 1032.48
Little: 13.5034 213.214 1073.06
Thumb: 49.6221 149.305 1071.26
Index: 61.895 142.392 1011.48
Middle: 32.779 150.511 1004.96
Ring: 16.8999 190.305 1031.65
Little: 9.89468 217.353 1081.04
Thumb: 49.0658 149.536 1069.45
Index: 60.5464 143.756 1010.17
Middle: 30.7332 155.902 1003.4
Ring: 16.0881 194.261 1030.12
Little: 12.0882 225.638 1095.15
Thumb: 27.5332 153.874 1066.56
Index: 57.5018 143.771 1007.19
Middle: 26.2313 147.499 1005.12
Ring: 14.7432 192.152 1029.96
Little: 17.5977 222.361 1093.62
Thumb: 24.7625 153.151 1062.8
Index: 55.5456 142.891 1003.63
Middle: 24.693 152.316 999.717
Ring: 10.9609 173.629 1036.96
Little: 13.0759 221.379 1074.95
Thumb: 22.8002 153.689 1060.15
Index: 53.278 135.362 1003.28
Middle: 24.1206 151.228 998.748
Ring: 23.23 219.936 1061.59
Little: -21.3536 183.82 1034.5
Thumb: 15.8611 158.028 1057.02
Index: 51.0392 138.328 1000.09
Middle: 22.3531 150.995 997.098
Ring: 6.52989 205.685 1047.83
Little: -11.1848 203.875 1038.82
Thumb: 22.5659 159.983 1056.28
Index: 48.5399 137.388 996.005
Middle: 20.836 151.979 993.959
Ring: 14.2519 212.575 1042.06
Little: -13.3217 199.335 1033.47
Thumb: 18.0952 158.529 1055.19
Index: 45.0999 136.101 993.64
Middle: 17.8885 164.29 988.434
Ring: 10.8197 216.858 1038.42
Little: 6.9888 213.293 1045.9
Thumb: 15.6615 158.631 1054.01
Index: 41.5194 135.654 991.722
Middle: 13.1448 161.299 986.548
Ring: 5.83949 212.177 1035.08
Little: -3.4227 214.589 1042.41
Thumb: 15.7049 159.512 1052.45
Index: 35.0362 138.581 987.05
Middle: 7.22876 163.339 985.306
Ring: 9.72878 208.745 1044.23
Little: 6.01163 221.632 1053.68
Thumb: 42.8154 154.518 1054.08
Index: 42.0738 137.349 987.491
Middle: 14.3298 157.139 982.582
Ring: 12.2632 224.537 1051.37
Little: 13.222 222.268 1057.49
Thumb: 42.6507 153.883 1054.93
Index: 44.9951 136.446 987.932
Middle: 16.8382 146.729 983.673
Ring: 13.2436 224.151 1049.43
Little: 21.2756 217.73 1061.78
Thumb: 43.7636 151.646 1054.6
Index: 45.3057 136.311 987.142
Middle: 17.4231 146.31 982.564
Ring: 0.226879 166.351 992.516
Little: -4.68005 237.152 1078.96
Thumb: 44.2172 151.567 1054.05
Index: 46.7184 136.649 987.401
Middle: 19.0779 148.332 982.215
Ring: 2.065 163.358 996.782
Little: 7.85243 233.328 1076.89
Thumb: 43.7788 151.518 1055.19
Index: 44.8061 137.561 987.033
Middle: 16.8569 147.65 982.033
Ring: 2.10841 181.889 994.674
Little: 1.3864 230.419 1052.49
Thumb: 42.3934 151.381 1058.47
Index: 45.0722 132.602 992.169
Middle: 17.5218 144.229 986.111
Ring: 4.37144 189.169 999.487
Little: -6.017 235.615 1062.25
Thumb: 41.599 155.303 1064.9
Index: 50.071 134.548 999.768
Middle: 22.6961 145.889 991.788
Ring: 7.07625 184.682 1003.3
Little: -24.2444 177.706 1023.13
Thumb: 43.6701 151.143 1069.36
Index: 49.4585 132.504 1005.72
Middle: 22.7877 144.873 998.288
Ring: 14.6082 202.341 1013.61
Little: -12.275 207.266 1034.12
Thumb: 39.238 152.752 1074.94
Index: 48.1196 134.631 1012.22
Middle: 20.7926 144.748 1004.3
Ring: 7.09413 178.509 1028.06
Little: -13.2039 217.558 1045.02
Thumb: 40.4173 153.91 1079.81
Index: 48.9786 134.371 1017.14
Middle: 22.7586 150.574 1008.09
Ring: 10.8562 192.081 1021.51
Little: -19.5505 185.87 1039.29
Thumb: 43.8643 153.474 1083.73
Index: 52.5732 134.98 1020.52
Middle: 27.2305 151.202 1010.6
Ring: 9.74426 164.15 1018.67
Little: -14.1205 187.119 1040.19
Thumb: 50.404 147.397 1086.87
Index: 56.4697 135.705 1021.95
Middle: 30.9622 149.225 1012.82
Ring: 14.9911 162.555 1021.59
Little: -6.71485 186.304 1044.35
Thumb: 52.6696 150.502 1090.87
Index: 57.9295 134.673 1023.14
Middle: 33.6634 151.102 1014.63
Ring: 18.9986 166.352 1023.52
Little: -1.8224 189.359 1047.34
Thumb: 46.0718 157.97 1094.19
Index: 55.4093 135.992 1025.02
Middle: 34.604 161.112 1016.91
Ring: 19.1072 173.865 1026.59
Little: -1.23683 195.187 1051.38
Thumb: 54.4774 160.085 1097.41
Index: 61.1914 142.585 1026.48
Middle: 37.4287 161.271 1019.55
Ring: 23.3888 176.842 1029.37
Little: 0.740001 191.462 1062.95
Thumb: 52.4145 164.617 1099.2
Index: 61.4365 141.451 1028.88
Middle: 39.6862 164.499 1021.31
Ring: 25.3078 179.294 1031.08
Little: 3.01492 195.126 1065.53
Thumb: 52.5133 172.437 1097.55
Index: 60.595 149.335 1027.72
Middle: 37.8792 173.006 1021.6
Ring: 24.4943 189.581 1032.16
Little: 7.54691 213.064 1059.59
Thumb: 56.8073 172.061 1094.81
Index: 64.4726 148.574 1026.52
Middle: 42.3853 171.939 1020.8
Ring: 29.7287 188.69 1031.38
Little: 20.6859 214.512 1058.54
Thumb: 59.1733 174.078 1093.17
Index: 66.545 149.666 1025.68
Middle: 46.6492 174.828 1019.38
Ring: 36.3033 190.746 1029.57
Little: 21.3186 213.062 1057.97
Thumb: 63.0227 175.029 1091.94
Index: 71.9279 150.67 1025.41
Middle: 50.7275 174.917 1018.38
Ring: 38.083 189.969 1028.29
Little: 14.4224 203.963 1065.66
Thumb: 63.7219 176.192 1087.62
Index: 72.8722 152.8 1023.14
Middle: 49.5299 174.685 1017.26
Ring: 38.9625 188.208 1027.26
Little: 12.3901 201.106 1071.89
Thumb: -26.0512 150.7 1075.96
Index: 70.8766 159.122 1018.71
Middle: 47.491 178.923 1015.02
Ring: 38.3006 194.084 1026.29
Little: 24.1926 207.542 1090.73
Thumb: 63.0351 178.45 1080
Index: 67.0495 160.384 1013.3
Middle: 43.9626 182.705 1012.4
Ring: 33.3393 192.05 1025.76
Little: 28.1282 208.01 1089.64
Thumb: 42.2412 68.9354 1035.5
Index: 65.3712 161.237 1009.7
Middle: 41.5266 183.576 1009.58
Ring: 37.9373 197.878 1021.19
Little: 25.4366 207.276 1083.94
Thumb: 28.5494 41.3494 1034.36
Index: 63.7243 160.779 1007.49
Middle: 39.4133 181.915 1008.43
Ring: 38.8617 200.263 1020.38
Little: 26.5141 206.206 1084.4
Thumb: 37.0807 95.6501 1005.95
Index: 60.7799 163.529 1004.98
Middle: 35.3867 184.727 1007.73
Ring: 31.6375 208.002 1024.02
Little: 37.1203 211.194 1085.56
Thumb: 12.42 111.644 1009.73
Index: 59.1832 159.585 1003.31
Middle: 33.3025 177.978 1007.37
Ring: 36.5678 208.166 1023.18
Little: 37.4038 207.821 1087.89
Thumb: 10.5398 105.887 1006.39
Index: 54.9742 160.491 1000.2
Middle: 30.17 182.311 1005.3
Ring: 16.6463 183.512 1023.47
Little: 37.3259 208.584 1082.17
Thumb: -3.29328 48.2615 1022.01
Index: 52.1399 161.336 998.021
Middle: 28.2334 186.755 1005.49
Ring: 15.7235 190.857 1022.33
Little: 33.1577 204.69 1081.17
Thumb: 32.6114 66.2308 1005.25
Index: 74.1802 149.055 995.242
Middle: 51.7556 171.451 996.717
Ring: 44.3242 187.962 1011.72
Little: 54.9502 202.375 1066.82
Thumb: 31.8847 73.5195 1003.79
Index: 72.1232 147.418 994.684
Middle: 51.1001 171.707 996.473
Ring: 44.3464 188.887 1011.54
Little: 54.6577 199.601 1066.79
Thumb: 28.6799 69.8005 1005.3
Index: 70.9381 147.334 993.89
Middle: 52.3682 168.707 993.618
Ring: 46.4566 184.763 1008.08
Little: 51.5474 198.929 1067.43
Thumb: 28.2208 68.1279 1007.14
Index: 70.5316 145.923 993.713
Middle: 51.9886 166.73 992.546
Ring: 44.6304 182.37 1006.84
Little: 55.8926 208.472 1055.09
Thumb: 27.791 68.2643 1005.89
Index: 120.535 179.041 1029.15
Middle: 52.8656 161.427 991.388
Ring: 48.4266 176.465 1003.67
Little: 58.5684 203.779 1052.86
Thumb: 25.2631 68.6386 1006.81
Index: 104.863 172.65 1015.56
Middle: 51.3721 162.71 990.755
Ring: 46.3021 174.992 1002.77
Little: 57.04 196.017 1049.74
Thumb: 25.8107 86.9684 1007.57
Index: 108.376 175.037 1021.06
Middle: 47.5195 162.923 990.882
Ring: 44.2158 170.982 1001.54
Little: 58.1109 196.913 1049.17
Thumb: 21.7291 84.9496 1008.37
Index: 118.739 178.793 1034.39
Middle: 48.9004 159.822 989.402
Ring: 44.894 171.241 1001.48
Little: 53.6862 193.057 1056.34
Thumb: 16.279 69.2532 1008.73
Index: 119.431 176.543 1036.42
Middle: 49.1847 155.522 988.419
Ring: 43.463 170.953 1002.1
Little: 44.2183 189.458 1056.51
Thumb: 9.88867 59.5424 1013.12
Index: 110.815 173.482 1028.73
Middle: 47.6399 153.85 987.549
Ring: 41.3928 171.008 1002
Little: 37.3284 186.918 1057.71
Thumb: 9.98942 62.7494 1012.81
Index: 103.332 172.024 1023.92
Middle: 48.1603 157.36 987.629
Ring: 39.4907 171.766 1002.33
Little: 37.7543 191.173 1046.14
Thumb: 7.6638 60.0544 1015.45
Index: 105.555 174.685 1026.04
Middle: 42.6381 159.756 989.2
Ring: 38.9955 171.834 1001.88
Little: 41.6948 192.065 1037.44
Thumb: 11.5033 62.7656 1014.26
Index: 106.778 173.244 1025.15
Middle: 43.7662 160.517 989.091
Ring: 38.5051 171.392 1001.87
Little: 44.31 194.092 1035.63
Thumb: 14.402 69.4547 1013.56
Index: 108.964 175.656 1028.93
Middle: 45.8553 156.699 987.389
Ring: 38.9105 170.566 1001.35
Little: 52.581 196.322 1036.21
Thumb: 12.8807 71.218 1013.36
Index: 56.9462 143.211 994.459
Middle: 43.8634 160.194 988.874
Ring: 38.8775 170.591 1001.39
Little: 52.4241 196.287 1036.24
Thumb: 9.4243 68.2565 1014.29
Index: 59.3138 146.41 994.267
Middle: 48.0007 156.48 986.971
Ring: 39.4758 169.296 1001.11
Little: 27.5329 185.533 1046.82
Thumb: 7.97111 60.045 1015.65
Index: 62.3746 142.972 992.037
Middle: 47.1566 156.204 987.441
Ring: 41.4705 170.266 1001.24
Little: 27.7407 183.85 1053.28
Thumb: 6.58521 67.5442 1014.9
Index: 62.5384 143.436 992.094
Middle: 44.8103 158.011 988.439
Ring: 41.1734 170.538 1001.43
Little: 27.2953 185.038 1054.76
Thumb: 17.6954 76.4377 1010.84
Index: 59.0821 149.048 995.804
Middle: 43.8815 163.98 991.051
Ring: 41.3312 174.138 1003.18
Little: 28.0313 186.777 1053.81
Thumb: 2.41324 57.1945 1020.02
Index: 56.5579 148.322 995.716
Middle: 45.5002 164.935 990.939
Ring: 40.9276 179.32 1004.94
Little: 32.861 189.628 1052.49
Thumb: 0.989078 53.5053 1024.91
Index: 57.3441 153.702 996.405
Middle: 43.7498 169.807 993
Ring: 40.6953 181.832 1006.52
Little: 18.0546 188.742 1062.12
Thumb: 1.25747 51.0848 1025.9
Index: 55.1224 158.628 997.829
Middle: 40.5795 180.288 997.654
Ring: 40.9999 190.901 1009.85
Little: 33.9209 192.413 1068.5
Thumb: 16.0539 116.354 1020.87
Index: 53.5316 162.023 996.781
Middle: 39.0361 185.362 998.804
Ring: 27.6671 181.861 1023.12
Little: 45.0965 204.154 1048.29
Thumb: 18.0761 97.1632 1012.53
Index: 50.6691 167.512 998.023
Middle: 37.6517 188.818 999.639
Ring: 25.6754 186.107 1023.74
Little: 43.984 208.167 1045.09
Thumb: 15.7406 101.44 1009.22
Index: 49.3085 168.002 996.446
Middle: 40.2426 192.468 999.527
Ring: 26.9072 188.425 1020.1
Little: 43.8764 210.043 1045.68
Thumb: 14.5275 78.8072 1004.08
Index: 51.2397 168.114 995.711
Middle: 42.0095 191.039 998.387
Ring: 26.1025 188.783 1021.92
Little: 23.3977 201.268 1050.08
Thumb: 12.9502 115.558 1001.97
Index: 99.548 187.808 1016.51
Middle: 38.5604 185.691 997.101
Ring: 33.1782 186.732 1014.51
Little: 21.4651 196.541 1051.35
Thumb: 23.2411 124.29 1035.48
Index: 79.1591 173.934 1008.1
Middle: 38.5688 194.53 999.972
Ring: 29.7058 193.983 1015.66
Little: 35.0059 201.709 1046.75
Thumb: 23.0678 117.319 1027.33
Index: 91.7264 183.748 1017.69
Middle: 39.6377 196.082 997.074
Ring: 34.0399 202.007 1015.78
Little: 36.5711 190.369 1070.06
Thumb: 24.2808 116.29 1022.33
Index: 79.769 182.574 1008.17
Middle: 40.9678 197.465 996.096
Ring: 42.6099 205.39 1012.55
Little: 39.6679 196.962 1060.93
Thumb: 26.4985 115.322 1018.04
Index: 82.8295 181.335 1004.77
Middle: 43.4639 197.934 992.953
Ring: 45.422 191.487 999.739
Little: 58.795 203.277 1041.15
Thumb: 27.0299 112.888 1008.15
Index: 82.1942 176.282 996.844
Middle: 93.8232 196.414 1009.58
Ring: 47.5222 191.642 994.978
Little: 56.0219 203.02 1037.86
Thumb: 27.3951 110.904 1002.35
Index: 83.1699 178.947 997.561
Middle: 94.1016 206.574 1013.73
Ring: 46.8243 191.086 991.804
Little: 50.5647 201.253 1036.78
Thumb: 34.0408 131.322 1034.53
Index: 83.3333 182.062 994.046
Middle: 97.0259 211.855 1010.33
Ring: 47.3539 195.651 990.107
Little: 66.9376 204.937 1029.96
Thumb: 120.973 120.18 1013.31
Index: 133.478 190.431 1035.77
Middle: 107.55 217.957 1022.34
Ring: 94.3216 169.057 1000.46
Little: 77.4095 201.743 1027.67
Thumb: 133.018 112.862 1003.33
Index: 127.598 191.176 1036.2
Middle: 105.451 223.613 1019.49
Ring: 81.1836 138.177 1009.22
Little: 72.551 201.635 1033.4
Thumb: 163.934 144.374 1036.71
Index: 139.839 153.729 1060.97
Middle: 132.131 141.719 999.34
Ring: 90.6498 142.791 1055.15
Little: 69.6154 156.772 1005.36
Thumb: 147.571 161.911 1037.64
Index: 136.426 155.696 1063.32
Middle: 130.441 134.553 1005.62
Ring: 100.925 122.893 1032.88
Little: 65.9664 161.25 1004.98
Thumb: 155.745 158.705 1055.78
Index: 140.086 158.611 1067.87
Middle: 129.915 158.199 1024.32
Ring: 116.337 136.728 1017.91
Little: 74.3614 186.703 1009.5
Thumb: 78.4237 172.925 1102.66
Index: 133.453 160.099 1073.18
Middle: 136.874 137.231 1027.44
Ring: 115.067 155.588 1007.48
Little: 73.8063 183.516 1008.95
Thumb: 104.372 119.792 1181.4
Index: 128.55 138.46 1084.06
Middle: 136.81 138.299 1036.73
Ring: 55.3676 244.031 1047.19
Little: 81.1382 184.949 1014.34
Thumb: 122.146 116.453 1159.78
Index: 126.453 125.032 1069.85
Middle: 123.398 149.291 1017.9
Ring: 57.0743 248.003 1060
Little: 77.8211 200.557 1033.35
Thumb: 99.9318 9.07005 1116.45
Index: 134.736 156.647 1041.68
Middle: 116.799 155.881 1016.28
Ring: 57.9253 252.98 1071.07
Little: 73.9817 218.888 1058.17
Thumb: 100.445 156.095 1121.74
Index: 130.481 157.182 1035.39
Middle: 110.512 155.411 1012.17
Ring: 58.9964 247.242 1060.54
Little: 67.7649 215.813 1055.41
Thumb: 99.5732 159.861 1113.88
Index: 129.143 145.659 1030.99
Middle: 106.756 144.089 1011.71
Ring: 57.0016 250.031 1066.36
Little: 66.2733 203.536 1033.87
Thumb: 112.323 138.448 1135.28
Index: 130.169 142.575 1031.79
Middle: 78.3302 250.78 1092
Ring: 108.165 229.82 1098.09
Little: 61.3808 201.124 1041.98
Thumb: 113.064 137.568 1132.66
Index: 112.8 110.058 1064.47
Middle: 79.218 250.191 1090.64
Ring: 113.592 224.915 1073.42
Little: 67.936 203.66 1032.12
Thumb: 112.279 138.837 1124.67
Index: 105.225 127.892 1078.81
Middle: 88.3426 207.193 1058.99
Ring: 110.605 224.191 1056.77
Little: 46.6434 187.94 1032.7
Thumb: 109.999 144.952 1114
Index: 103.358 127.784 1073.03
Middle: 84.8985 228.134 1051.07
Ring: 108.182 220.949 1047.95
Little: 54.9917 201.121 1031.57
Thumb: 109.539 146.958 1108.3
Index: 101.641 131.605 1068.17
Middle: 77.4232 241.748 1060.62
Ring: 66.0337 167.991 998.683
Little: 51.0871 207.393 1048.87
Thumb: 108.975 150.284 1100.42
Index: 99.9453 133.874 1063.39
Middle: 75.5058 240.687 1055.2
Ring: 66.1472 181.495 997.307
Little: 46.4264 208.143 1048.31
Thumb: 107.79 154.59 1096.25
Index: 98.2115 137.006 1059.59
Middle: 70.1989 251.052 1062.53
Ring: 56.7208 176.927 994.414
Little: 31.1547 201.212 1051.59
Thumb: 106.591 155.881 1093.34
Index: 100.857 132.118 1008.11
Middle: 68.2053 234.478 1043.89
Ring: 49.97 174.23 993.266
Little: 28.828 201.696 1049.47
Thumb: 105.912 156.592 1088.84
Index: 99.0961 139.014 1000.64
Middle: 67.3598 251.955 1063.06
Ring: 56.104 189.201 992.582
Little: 37.9193 210.848 1048.21
Thumb: 105.495 156.005 1086.32
Index: 97.59 139.059 996.336
Middle: 69.466 251.105 1060.54
Ring: 50.894 181.365 988.549
Little: 40.6401 212.508 1045.27
Thumb: 94.9145 167.582 1076.14
Index: 96.2165 140.344 993.646
Middle: 68.7955 250.243 1058.48
Ring: 46.967 176.47 987.312
Little: 30.2905 203.919 1041.13
Thumb: 93.842 167.719 1074.28
Index: 95.8489 139.851 990.996
Middle: 69.5784 244.756 1048.65
Ring: 74.4971 208.524 998.195
Little: 29.6935 201.768 1042.71
Thumb: 88.3953 170.112 1071.11
Index: 94.2749 142.466 988.356
Middle: 66.4852 197.145 1029.04
Ring: 68.1835 206.522 994.582
Little: 30.9821 205.284 1038.18
Thumb: 88.619 169.924 1064.52
Index: 93.4807 132.497 996.109
Middle: 63.0258 199.549 1026.22
Ring: 53.7704 191.504 993.177
Little: 12.6938 190.801 1035.62
Thumb: 88.5594 169.013 1063.75
Index: 93.302 130.1 997.084
Middle: 63.021 197.197 1034.27
Ring: 69.9296 208.837 999.748
Little: 17.5204 195.175 1035.51
Thumb: 89.3085 170.114 1062.45
Index: 92.2144 131.17 995.832
Middle: 61.5573 194.363 1035.92
Ring: 51.0536 216.022 998.432
Little: 19.4958 199.311 1032.72
Thumb: 89.8283 170.21 1062
Index: 93.5147 143.679 985.356
Middle: 62.1238 192.941 1038.03
Ring: 83.674 224.162 1029.5
Little: 36.6456 216.975 1031.56
Thumb: 88.5943 171.666 1061.64
Index: 93.2664 132.434 994.261
Middle: 62.4434 197.501 1034.82
Ring: 81.0518 221.545 1026.13
Little: 38.3066 218.163 1031.9
Thumb: 90.0856 171.47 1061.91
Index: 94.1454 133.645 992.997
Middle: 63.0226 197.61 1034.61
Ring: 74.5483 213.812 1021.86
Little: 35.4014 214.538 1030.37
Thumb: 88.8063 170.733 1063.09
Index: 95.3168 132.101 996.227
Middle: 64.0698 215.012 1030.64
Ring: 75.7154 212.299 1022.71
Little: 31.6831 210.029 1027.39
Thumb: 90.0338 169.236 1063.54
Index: 95.818 128.935 997.955
Middle: 65.0697 210.95 1030.9
Ring: 70.5315 203.969 1017.37
Little: 43.6717 219.331 1033.79
Thumb: 90.1119 169.119 1065.93
Index: 96.9169 129.124 1000.6
Middle: 66.3723 210.648 1033.51
Ring: 70.3785 202.789 1017.72
Little: 17.8258 192.847 1014.92
Thumb: 92.2887 167.566 1068.75
Index: 97.1792 126.159 1004.85
Middle: 66.4367 215.999 1034.73
Ring: 79.9274 211.311 1028.57
Little: 30.276 203.313 1014.27
Thumb: 92.3937 169.43 1072.19
Index: 98.4472 126.894 1008.7
Middle: 64.4025 247.937 1052.47
Ring: 64.4756 198.995 1034.69
Little: 29.6565 202.393 1017.48
Thumb: 94.125 167.738 1075.45
Index: 100.199 126.925 1009.62
Middle: 69.1116 244.216 1054.87
Ring: 64.1431 194.053 1040.95
Little: 21.9745 191.593 1016.28
Thumb: 94.3705 165.901 1075.73
Index: 99.2357 127.634 1007.71
Middle: 69.7385 235.496 1054.25
Ring: 73.0832 199.281 1046.12
Little: 22.3704 191.425 1026.16
Thumb: 92.9469 166.793 1076.21
Index: 99.4329 128.378 1009.49
Middle: 66.5332 235.061 1055.66
Ring: 78.6162 206.314 1040.79
Little: 36.3791 206.165 1043.97
Thumb: 93.1096 166.537 1078.36
Index: 101.284 133.141 1007.6
Middle: 68.0708 216.795 1045.75
Ring: 69.1962 195.34 1043.27
Little: 30.5466 198.84 1048.54
Thumb: 92.8662 166.911 1080.49
Index: 101.353 131.341 1011.01
Middle: 68.3342 214.84 1048.28
Ring: 93.663 220.726 1059.91
Little: 35.1348 202.866 1047.4
Thumb: 93.5157 166.586 1086.15
Index: 102.37 128.855 1016.69
Middle: 68.7599 215.247 1051.01
Ring: 96.7938 224.152 1068.99
Little: 36.1083 202.602 1049.18
Thumb: 89.1559 165.795 1087.96
Index: 106.279 122.577 1030.79
Middle: 72.5494 201.911 1050.37
Ring: 88.3557 204.18 1035.99
Little: 42.221 204.774 1051.34
Thumb: 88.8199 165.894 1098.32
Index: 109.536 115.821 1051.26
Middle: 77.0055 199.701 1055.61
Ring: 94.8572 217.668 1081.57
Little: 43.4591 198.512 1048.96
Thumb: 88.8757 166.041 1104.25
Index: 109.984 115.026 1059.05
Middle: 78.9471 201.234 1059.38
Ring: 96.5194 219.355 1079.84
Little: 33.0908 194.507 1069.14
Thumb: 91.269 168.877 1105.05
Index: 111.562 120.116 1055.71
Middle: 75.2091 197.632 1066.58
Ring: 54.2357 154.948 1020.31
Little: 31.8827 195.046 1071.44
Thumb: 94.39 171.951 1102.67
Index: 105.758 136.276 1037.07
Middle: 71.3227 222.29 1068.74
Ring: 47.1589 167.661 1023.48
Little: 32.4734 202.222 1081.76
Thumb: 94.407 172.007 1107.88
Index: 106.38 133.875 1042.23
Middle: 68.4598 251.544 1083.8
Ring: 56.6036 174.335 1023.68
Little: 29.51 199.484 1084.46
Thumb: 96.8657 168.603 1125.87
Index: 109.734 117.947 1068.13
Middle: 67.5479 251.295 1099.21
Ring: 60.253 158.477 1027.98
Little: 30.6108 188.194 1063.81
Thumb: 80.0892 123.535 1198.12
Index: 128.747 134.267 1086.9
Middle: 82.4689 129.484 1094.97
Ring: 81.9584 142.755 1047.58
Little: 60.6336 195.721 1070.38
Thumb: 73.6338 163.069 1129.63
Index: 144.504 152.229 1066.6
Middle: 103.209 137.057 1079.99
Ring: 87.7337 154.192 1042.44
Little: 53.1552 194.288 1072.04
Thumb: 149.923 145.084 1076.89
Index: 106.214 199.362 1002.55
Middle: 90.9997 161.579 1045.66
Ring: 54.9987 180.53 1024.05
Little: 42.3121 203.592 1082.83
Thumb: 140.436 151.037 1025.76
Index: 53.7911 204.815 989.505
Middle: 57.7974 169.965 1034.2
Ring: 12.8665 208.179 1024.91
Little: 27.7653 207.287 1080.28
Thumb: 126.499 120.65 983.875
Index: 42.1452 190.759 985.264
Middle: 47.9657 198.055 1049.35
Ring: 9.72493 185.51 1035.17
Little: 21.4348 200.99 1083.48
Thumb: 67.0712 153.742 1048.41
Index: 55.5624 165.021 1011.01
Middle: 36.8923 177.445 1044.81
Ring: -11.4537 189.359 1040.73
Little: 17.1927 192.569 1096.97
Thumb: 74.688 164.92 1066.09
Index: 34.6556 167.964 1001.94
Middle: 27.9743 177.004 1041.27
Ring: -7.0334 214.822 1038.77
Little: 13.3925 208.527 1089.82
Thumb: 54.779 166.137 1081.58
Index: 36.4327 166.747 1004.07
Middle: 20.3511 185.743 1038.48
Ring: 12.8466 236.919 1040.6
Little: 38.242 232.041 1092.98
Thumb: 57.7974 162.788 1082.74
Index: 25.2839 177.659 1000.06
Middle: 24.159 173.019 1042.92
Ring: 46.8355 241.165 1047.48
Little: 44.3333 231.286 1094.55
Thumb: 63.9448 194.69 1087.88
Index: 18.5548 160.598 1024.21
Middle: 29.9237 202.462 1071.08
Ring: 30.5933 246.421 1076.21
Little: 23.9437 229.175 1118.07
Thumb: 38.6525 163.058 1089.64
Index: 9.84508 169.124 1012.24
Middle: 22.3723 205.373 1059.57
Ring: 19.7364 233.515 1076.89
Little: 22.4609 227.494 1114.18
Thumb: 43.6445 178.517 1087.14
Index: 13.8986 156.929 1012.53
Middle: 4.32655 160.446 1052.61
Ring: 29.8316 229.875 1078.22
Little: 9.57273 217.073 1103.66
Thumb: 41.1402 179.234 1087.68
Index: 16.2234 172.331 1008.41
Middle: -5.03092 163.026 1033.28
Ring: 19.7097 239.271 1070.84
Little: 4.45006 216.856 1100.36
Thumb: 36.732 179.281 1086.32
Index: 18.6976 168.335 1006.01
Middle: -4.47082 162.769 1026.62
Ring: 9.1483 227.957 1068.7
Little: -1.37576 218.165 1094.86
Thumb: 33.5666 178.688 1080.64
Index: 24.2091 165.25 1003.04
Middle: -5.60132 158.433 1012.49
Ring: 5.88731 226.417 1045.22
Little: -4.52031 217.434 1084.23
Thumb: 35.6091 177.836 1080.82
Index: 26.4194 158.682 1002.52
Middle: -5.12301 162.773 1008.2
Ring: 1.29755 215.597 1033.78
Little: -3.85076 219.06 1081.88
Thumb: 37.1983 177.424 1079.84
Index: 30.3477 161.362 1003.14
Middle: -0.591284 167.393 1004.72
Ring: 3.85079 211.222 1029.87
Little: 3.06798 225.114 1092.12
Thumb: 33.0922 176.915 1077.35
Index: 30.3506 162.689 1000.94
Middle: -2.41533 160.868 1003.82
Ring: 0.224916 219.398 1027.41
Little: 2.6457 227.904 1087.06
Thumb: 35.757 175.937 1077.01
Index: 31.3317 162.727 1000.8
Middle: -0.415679 166.891 1001.07
Ring: -2.93027 209.102 1022.41
Little: 3.92712 227.427 1087.19
Thumb: 37.2922 176.195 1077.26
Index: 31.6396 162.22 1000.47
Middle: -0.762391 163.449 1000.88
Ring: -0.394661 213.093 1022.27
Little: 4.85113 227.445 1087.38
Thumb: 35.7121 175.549 1076.4
Index: 31.0131 162.645 998.907
Middle: -1.46861 164.983 998.888
Ring: 0.465687 207.308 1017.99
Little: -6.39325 220.252 1071.06
Thumb: 39.4339 174.324 1074.82
Index: 33.0139 160.275 998.689
Middle: 0.976388 164.892 997.45
Ring: 2.77983 209.783 1017.96
Little: 3.60426 228.604 1083.73
Thumb: 40.1816 173.656 1074.89
Index: 36.0288 161.647 998.796
Middle: 3.99755 164.814 996.476
Ring: -8.16753 177.992 1022.12
Little: -22.0779 190.981 1077.59
Thumb: 40.0513 173.818 1074.52
Index: 36.2128 160.946 998.877
Middle: 4.26229 164.557 996.088
Ring: -12.4862 169.818 1018.72
Little: -22.6915 191.453 1076.67
Thumb: 40.6669 173.486 1074.08
Index: 38.3769 158.881 999.717
Middle: 5.42498 158.832 997.759
Ring: -6.51443 183.792 1010.48
Little: -22.3046 191.562 1075.49
Thumb: 40.3269 174.113 1073.87
Index: 39.3376 160.763 999.564
Middle: 6.93884 162.227 996.273
Ring: -3.09484 192.612 1009.05
Little: -22.0487 192.597 1074.94
Thumb: 40.6143 174.066 1073.43
Index: 39.2685 160.641 999.225
Middle: 6.6958 161.651 996.102
Ring: -5.72423 185.955 1009.46
Little: -22.1522 192.533 1074.54
Thumb: 39.5805 174.578 1072.87
Index: 39.4894 160.754 998.545
Middle: 8.03444 166.306 994.557
Ring: -6.00936 184.523 1012.29
Little: -20.878 195.113 1073.96
Thumb: 39.3749 173.912 1072.9
Index: 39.3966 160.562 998.288
Middle: 8.0881 166.481 994.22
Ring: -9.81886 170.066 1016.33
Little: -21.1253 193.793 1073.78
Thumb: 39.311 173.867 1072.96
Index: 39.5326 160.886 998.297
Middle: 7.88946 164.902 994.458
Ring: -8.43583 175.347 1015.62
Little: -21.1109 193.784 1073.77
Thumb: 39.0346 173.471 1073.03
Index: 39.5228 160.817 998.3
Middle: 7.97461 165.396 994.377
Ring: -8.58011 174.592 1016.13
Little: -21.1076 193.786 1073.77
Thumb: 36.7743 173.031 1073.19
Index: 40.0216 161.27 998.132
Middle: 8.47507 165.627 994.114
Ring: -9.74977 168.151 1015.96
Little: -21.3822 192.927 1073.45
Thumb: 36.5621 172.666 1073.27
Index: 39.9906 161.272 998.122
Middle: 8.45146 165.682 994.11
Ring: -9.47352 172.516 1012.19
Little: -21.3829 192.932 1073.46
Thumb: 37.426 174.135 1073.01
Index: 39.9909 161.273 998.125
Middle: 8.45184 165.682 994.113
Ring: -8.11104 181.576 1008.73
Little: -21.3836 192.931 1073.46
Thumb: 36.6871 173.748 1072.98
Index: 39.9873 161.272 998.121
Middle: 8.44613 165.668 994.112
Ring: -8.02756 182.079 1008.55
Little: -21.3813 192.933 1073.46
Thumb: 39.2242 173.745 1072.93
Index: 42.5251 159.329 1000.58
Middle: 11.1448 165.662 995.075
Ring: -7.65038 184.879 1009.47
Little: -22.0022 192.884 1073.11
Thumb: 40.0871 173.99 1073.9
Index: 41.6195 160.01 1000.79
Middle: 10.1023 166.03 995.848
Ring: -5.71756 195.976 1012.85
Little: -22.1968 191.748 1074.74
Thumb: 42.2158 174.714 1074.76
Index: 43.9902 160.373 1000.73
Middle: 11.598 167.056 996.162
Ring: -3.86315 203.903 1012.96
Little: -19.6334 193.491 1074.6
Thumb: 41.7004 175.916 1074.44
Index: 44.3122 162.71 1000.92
Middle: 11.7673 169.985 996.164
Ring: -9.08372 200.142 1011.33
Little: -20.0086 194.482 1075.15
Thumb: 42.3546 177.675 1074.49
Index: 44.6503 163.633 1001.02
Middle: 11.813 171.444 996.195
Ring: -8.63195 203.539 1012.02
Little: -20.039 195.642 1075.16
Thumb: 45.4725 177.83 1074.5
Index: 47.9702 162.564 1001.43
Middle: 15.5997 169.765 996.13
Ring: -6.77894 207.822 1012.84
Little: -17.2582 196.156 1074.5
Thumb: 46.2755 178.563 1074.83
Index: 49.9728 163.684 1001.88
Middle: 17.9636 169.78 996.339
Ring: -2.75267 204.579 1011.41
Little: -15.8329 196.138 1074.17
Thumb: 46.5343 178.497 1074.12
Index: 51.8564 164.194 1001.81
Middle: 19.7008 169.731 996.407
Ring: 3.21289 252.8 1053.54
Little: -14.3075 195.949 1074.63
Thumb: 50.5026 179.257 1073.75
Index: 57.0151 166.232 1002.14
Middle: 24.9774 172.004 996.193
Ring: 1.96403 256.154 1059.04
Little: -10.1408 197.881 1073.82
Thumb: 54.8912 180.695 1075.85
Index: 61.6133 166.227 1003.75
Middle: 29.25 172.932 997.525
Ring: 5.50395 259.513 1076.52
Little: -6.53322 198.119 1075.14
Thumb: 61.022 184.784 1078.57
Index: 69.7064 171.683 1006.78
Middle: 36.8616 179.456 999.676
Ring: 3.33167 262.705 1086.45
Little: -1.47298 201.096 1076.91
