Thumb: 32.9554 91.7207 1121.92
Index: -64.5745 28.1944 1098.23
Middle: -101.42 40.8207 1097.63
Ring: -124.543 62.0639 1082.41
Little: -141.773 103.039 1080.87
Thumb: 38.5591 89.2084 1106.97
Index: -67.2524 34.2943 1105.3
Middle: -101.565 36.9303 1091.72
Ring: -69.5494 129.026 1142.14
Little: -105.454 133.265 1134.71
Thumb: 29.9791 86.4424 1107.99
Index: -74.6069 27.9331 1094.88
Middle: -104.153 38.1521 1091.36
Ring: -76.3458 126.921 1143.17
Little: -107.773 135.923 1133.47
Thumb: 26.0513 84.9603 1109.08
Index: -77.6856 27.7095 1094.34
Middle: -107.095 38.2347 1091.56
Ring: -78.6627 126.13 1148.19
Little: -109.416 136.01 1135.2
Thumb: 20.2987 84.5703 1105.62
Index: -81.2216 25.6756 1092.28
Middle: -109.535 35.9305 1093.27
Ring: -81.8822 124.188 1156.62
Little: -113.6 135.129 1137.69
Thumb: 11.6337 85.5231 1106.33
Index: -83.0693 29.4636 1097.73
Middle: -111.359 37.5379 1095.51
Ring: -125.44 56.3334 1096.38
Little: -114.993 135.609 1138.59
Thumb: 8.14338 82.4915 1104.04
Index: -87.6178 31.9062 1099.39
Middle: -114.142 38.7865 1097.42
Ring: -127.681 58.0538 1098.54
Little: -114.848 137.957 1138.98
Thumb: 4.23817 82.2479 1101.48
Index: -91.1369 32.2385 1095.51
Middle: -113.477 39.9682 1100.38
Ring: -127.334 58.7687 1102.47
Little: -113.389 139.646 1140.36
Thumb: -0.251924 80.314 1099.71
Index: -95.0652 34.1583 1097.23
Middle: -115.609 41.3844 1099.98
Ring: -128.02 60.1833 1104.34
Little: -113.16 134.743 1142.74
Thumb: -3.19225 79.2829 1100.97
Index: -98.2893 36.2307 1098.18
Middle: -118.418 42.9842 1100.33
Ring: -129.066 62.0362 1105.04
Little: -113.463 136.841 1142.64
Thumb: -7.04829 79.6334 1105.33
Index: -98.1282 39.5197 1100.92
Middle: -120.222 43.4474 1098.53
Ring: -127.831 60.172 1106.84
Little: -112.412 136.993 1142.77
Thumb: -8.56108 80.9875 1107.07
Index: -98.935 37.9738 1100.38
Middle: -121.626 41.7065 1097.58
Ring: -127.4 59.0604 1106.92
Little: -144.989 91.6247 1095.58
Thumb: -10.4987 80.8595 1106.5
Index: -97.7075 38.3675 1098.21
Middle: -119.808 42.0632 1097.62
Ring: -125.478 61.1227 1107.07
Little: -141.412 93.371 1098.99
Thumb: -8.90055 82.5878 1107.1
Index: -92.9799 37.8785 1099.39
Middle: -115.416 41.3854 1099.63
Ring: -119.94 59.3742 1108.63
Little: -136.967 91.0091 1101.44
Thumb: -6.29879 83.956 1107.12
Index: -84.7505 37.3314 1100.65
Middle: -107.27 40.1604 1099.3
Ring: -113.899 56.8931 1109.4
Little: -130.106 89.5805 1104.1
Thumb: -2.59727 84.3059 1105.86
Index: -77.1265 34.7284 1097.43
Middle: -100.744 38.4839 1101.12
Ring: -106.597 56.0896 1112.38
Little: -119.732 89.2858 1105.76
Thumb: 3.0147 84.8506 1107.03
Index: -69.6635 33.2008 1100.45
Middle: -93.7732 35.3314 1101.55
Ring: -100.136 54.8612 1113.34
Little: -113.377 83.8098 1104.27
Thumb: 8.29591 84.6051 1101.66
Index: -61.6328 32.3514 1102.38
Middle: -84.0437 34.4415 1103.03
Ring: -92.9556 50.4357 1110.84
Little: -107.906 78.6918 1103.15
Thumb: 16.4708 89.6553 1101.42
Index: -51.2455 32.0382 1101.42
Middle: -73.552 34.4195 1105.02
Ring: -86.5101 50.5311 1109.14
Little: -101.731 74.6746 1101.65
Thumb: 23.6406 92.2014 1105.79
Index: -41.5199 34.6472 1104.25
Middle: -64.8155 30.1683 1103.11
Ring: -80.0358 46.567 1106.84
Little: -91.8811 73.5832 1102.81
Thumb: 32.1103 92.1323 1105.96
Index: -32.2702 32.9445 1103
Middle: -54.4392 27.8768 1103
Ring: -71.2131 42.4713 1108.45
Little: -84.5013 71.9264 1103.01
Thumb: 42.1915 93.5526 1106.25
Index: -24.5863 32.1273 1104.22
Middle: -50.2271 26.0709 1101.87
Ring: -64.2827 41.7913 1107.93
Little: -77.8048 68.4959 1104.19
Thumb: 48.0667 92.2638 1107.28
Index: -18.24 30.5212 1104.34
Middle: -43.9162 24.023 1102.44
Ring: -57.9963 39.5085 1108.72
Little: -71.4859 66.091 1103.32
Thumb: 54.1331 91.6248 1110.52
Index: -14.0582 29.0587 1102.15
Middle: -39.4132 24.7563 1102.55
Ring: -50.3728 38.5991 1106.64
Little: -65.3613 65.1269 1101.8
Thumb: 61.0731 90.2893 1112.06
Index: -6.92361 26.7178 1103.65
Middle: -31.8398 21.0984 1102.31
Ring: -43.8928 35.4141 1108.41
Little: -58.9057 57.8384 1098.58
Thumb: 67.5713 89.2273 1111.24
Index: 1.70647 25.7421 1102.92
Middle: -24.1132 19.0322 1099.89
Ring: -38.6276 33.0871 1105.13
Little: -52.3691 55.6771 1095.35
Thumb: 75.2723 85.6784 1110.4
Index: 11.7117 22.4258 1104.23
Middle: -16.2119 15.0684 1098.86
Ring: -32.4981 30.8861 1104.99
Little: -47.2742 53.114 1094.57
Thumb: 84.6467 84.3593 1110.64
Index: 19.5926 20.7282 1105.19
Middle: -9.04166 13.1992 1098.11
Ring: -25.6215 29.9619 1106.01
Little: -42.5846 52.2187 1097.19
Thumb: 92.5362 86.2477 1111.57
Index: 31.503 18.0386 1104.03
Middle: -2.64007 9.72059 1095.54
Ring: -18.8239 27.676 1104.82
Little: -38.5544 49.6063 1093.03
Thumb: 100.536 86.7612 1112.25
Index: 39.3735 16.0881 1103.5
Middle: 5.30335 8.3895 1093.51
Ring: -11.0402 26.928 1101.32
Little: -33.1096 48.805 1097.24
Thumb: 111.984 87.9217 1107.84
Index: 47.5962 12.0648 1102.28
Middle: 13.3016 5.49611 1093.48
Ring: -3.11627 25.6787 1101.33
Little: -27.71 46.1006 1099.83
Thumb: 121.546 87.2601 1105.12
Index: 53.5059 10.4449 1099.32
Middle: 19.265 3.87604 1086.77
Ring: 2.15252 21.9828 1096.54
Little: -19.5728 44.8423 1099.12
Thumb: 128.895 86.149 1104.57
Index: 59.7311 11.2753 1098.61
Middle: 25.5737 5.53956 1087.59
Ring: 7.99212 22.0342 1094.88
Little: -14.0212 46.7342 1096.49
Thumb: 133.386 89.9222 1104.45
Index: 65.4929 10.1893 1096.85
Middle: 31.3025 5.10052 1084.8
Ring: 15.1147 24.588 1096
Little: -10.7742 46.753 1096.35
Thumb: 138.511 89.842 1106.97
Index: 68.9541 8.48692 1095.02
Middle: 35.956 5.48289 1082.57
Ring: 19.1539 24.6573 1098.18
Little: -6.22193 49.7143 1095.62
Thumb: 144.392 90.2309 1106.48
Index: 75.7666 10.76 1098.55
Middle: 41.487 4.4896 1078.82
Ring: 26.9002 30.3882 1099.05
Little: -1.03869 48.3241 1096
Thumb: 148.868 94.5673 1107.67
Index: 81.7039 10.9937 1097.91
Middle: 47.9268 3.63444 1082.14
Ring: 32.9177 32.3838 1098.09
Little: 3.17091 45.7321 1096.52
Thumb: 153.725 98.949 1108.31
Index: 85.4099 11.3596 1098.07
Middle: 51.9214 3.01013 1081.49
Ring: 36.0197 30.2783 1101.66
Little: 7.66075 50.0821 1100.79
Thumb: 158.486 97.9366 1110.65
Index: 87.4989 11.0251 1099.74
Middle: 53.6509 3.15915 1080.48
Ring: 38.5542 30.9985 1105.6
Little: 11.9097 54.4563 1104.95
Thumb: 163.148 99.5539 1113.11
Index: 89.1727 10.7472 1100.61
Middle: 55.4279 2.96986 1081.53
Ring: 40.3128 31.3373 1101.34
Little: 14.3395 58.3374 1107.33
Thumb: 165.077 98.9513 1115.01
Index: 89.945 9.56244 1101.17
Middle: 56.5339 2.0519 1082.26
Ring: 59.6625 100.483 1148.26
Little: 18.151 68.4063 1109.44
Thumb: 165.495 97.7215 1115.53
Index: 90.7776 7.81348 1098.85
Middle: 57.6213 1.48583 1081.13
Ring: 60.6151 100.265 1146.91
Little: 27.1049 99.2141 1116.14
Thumb: 166.036 97.0108 1116.81
Index: 89.1168 8.16792 1100.59
Middle: 55.8076 1.30566 1082.12
Ring: 59.4919 100.189 1146.34
Little: 26.392 99.47 1115.55
Thumb: 166.146 97.6614 1117.07
Index: 89.5909 24.0613 1109.18
Middle: 51.6038 3.85188 1084.07
Ring: 58.4258 101.271 1149.73
Little: 21.6036 89.2854 1112.68
Thumb: 163.953 96.4519 1117.22
Index: 86.0023 25.5246 1109.8
Middle: 47.0577 5.97807 1083.6
Ring: 57.5537 104.386 1153.79
Little: 19.7182 91.5283 1101.86
Thumb: 160.407 95.4213 1116.63
Index: 80.9546 24.359 1108.09
Middle: 42.1174 7.50553 1082.59
Ring: 54.1153 102.521 1158.48
Little: 16.8259 92.3942 1099.23
Thumb: 155.573 94.5118 1116.06
Index: 77.6287 28.0665 1108.53
Middle: 37.7209 8.70273 1082.85
Ring: 50.803 105.466 1156.51
Little: 13.3707 94.3224 1098.79
Thumb: 150.847 91.9784 1117.02
Index: 71.5238 27.2801 1106.61
Middle: 31.9291 9.87036 1081.16
Ring: 46.5465 106.922 1154.37
Little: 10.0804 97.1004 1096.94
Thumb: 144.273 90.9141 1116.6
Index: 80.0877 60.0041 1103.52
Middle: 25.1726 10.5241 1080.8
Ring: 36.6869 96.8365 1163.03
Little: 4.62607 97.2538 1096.95
Thumb: 139.997 91.7692 1117.25
Index: 74.5288 60.874 1104.78
Middle: 16.6841 12.9939 1080.79
Ring: 26.4798 88.5253 1162.81
Little: -0.840851 97.298 1095.06
Thumb: 132.35 91.1949 1120.38
Index: 69.5463 61.5512 1105.92
Middle: 10.6293 14.4908 1079.41
Ring: 26.6 97.8187 1165
Little: -4.75557 99.9538 1097.67
Thumb: 125.047 94.1734 1123.2
Index: 62.3234 63.7626 1107.33
Middle: 4.3295 15.6888 1080.09
Ring: 20.7927 105.712 1164.8
Little: -12.3074 100.992 1096.95
Thumb: 111.911 94.1935 1125.94
Index: 55.8932 64.2128 1108.99
Middle: -1.3924 16.8043 1080.03
Ring: 11.3176 105.37 1164.01
Little: -11.6768 115.043 1101.2
Thumb: 104.88 94.6085 1125.72
Index: 49.5729 64.5992 1109.81
Middle: -7.4706 17.7647 1079.49
Ring: -12.0176 72.3411 1155.32
Little: -17.3446 116.831 1102.97
Thumb: 99.1878 94.88 1129.82
Index: 42.8726 65.7313 1114.85
Middle: -14.9253 18.7443 1085.46
Ring: -17.8597 77.8081 1159.52
Little: -24.5582 121.181 1122.49
Thumb: 94.2522 94.7275 1128.45
Index: 36.2522 65.3906 1116.96
Middle: -22.1858 19.3016 1088.73
Ring: -26.1396 76.6478 1159.97
Little: -39.1587 111.551 1139.54
Thumb: 87.8564 94.7616 1129.33
Index: 31.3992 65.2684 1120
Middle: -27.7605 19.33 1093.96
Ring: -28.4199 79.539 1166.15
Little: -40.1411 118.058 1147.25
Thumb: 85.191 93.6732 1129.65
Index: 25.2087 65.0638 1121.39
Middle: -31.7857 17.3982 1094.55
Ring: -20.5005 105.052 1175.82
Little: -46.7304 117.326 1149.99
Thumb: 79.7358 93.6522 1137.78
Index: -2.57182 26.0458 1131.88
Middle: -34.3319 16.1307 1094.62
Ring: -41.1482 79.7477 1169.34
Little: -54.8142 118.795 1148.67
Thumb: 67.3825 96.0996 1159.89
Index: -20.9331 31.7453 1137.22
Middle: -35.9087 16.3938 1099.77
Ring: -59.6028 64.1679 1151.93
Little: -71.3376 105.472 1133.51
Thumb: 28.5084 111.777 1196.98
Index: -37.2402 32.4381 1103.63
Middle: -87.5341 97.0103 1141.52
Ring: -54.6829 45.6268 1054.16
Little: -73.7539 82.8991 1057.96
Thumb: 78.1727 218.699 1194.08
Index: -38.8744 32.2155 1104.2
Middle: -56.6694 34.6068 1073.37
Ring: -49.0185 40.1491 1056.02
Little: -58.1964 74.6516 1046.18
Thumb: 58.8329 196.158 1222.22
Index: -35.4009 41.02 1118.31
Middle: -48.8986 38.9241 1085.15
Ring: -46.108 47.2062 1067.49
Little: -42.7723 68.8697 1053.62
Thumb: 54.7459 197.698 1226.61
Index: -38.9243 45.9442 1118.68
Middle: -50.286 43.7874 1084.97
Ring: -50.2615 51.4143 1074.17
Little: -40.3151 69.5289 1058.76
Thumb: 43.8968 195.763 1238.65
Index: -43.3745 46.2962 1123.23
Middle: -54.7518 44.2858 1089.47
Ring: -53.4359 52.3671 1079.84
Little: -43.7887 70.9829 1063.41
Thumb: 26.788 192.506 1250.23
Index: -68.3705 56.5919 1139.7
Middle: -53.8269 35.332 1107.65
Ring: -55.845 47.7427 1089.79
Little: -44.8824 65.8339 1065.35
Thumb: 28.7151 193.024 1246.76
Index: -75.3453 60.9965 1148.38
Middle: -58.7532 34.6893 1116.2
Ring: -57.4614 42.9439 1096.82
Little: -47.1147 60.8668 1071.7
Thumb: 33.6137 207.595 1244.58
Index: -81.816 66.6988 1146.35
Middle: -61.9821 37.3525 1109.01
Ring: -53.7349 42.9747 1089.42
Little: -47.2575 65.0483 1071.19
Thumb: -82.5183 180.511 1170.29
Index: -88.2113 75.4634 1140.76
Middle: -63.5671 40.6837 1106.49
Ring: -50.8362 43.1503 1088.56
Little: -42.1197 64.8103 1066.61
Thumb: -88.6511 185.733 1162.23
Index: -92.7761 80.6189 1127.6
Middle: -65.1916 43.9893 1103.91
Ring: -46.1792 43.9723 1089.16
Little: -28.2195 60.1599 1067.66
Thumb: -95.449 186.204 1156.19
Index: -98.8898 81.338 1127.14
Middle: -69.6866 43.816 1104.86
Ring: -46.7683 41.4851 1092.4
Little: -29.7687 57.7956 1071.65
Thumb: -97.6963 190.285 1150.48
Index: -101.91 83.367 1122.39
Middle: -73.7256 44.6576 1103
Ring: -45.913 38.9516 1093.89
Little: -28.6939 55.267 1071.44
Thumb: 55.9778 118.294 1116.42
Index: 27.7316 101.147 1168.72
Middle: -10.5892 89.7971 1180.49
Ring: -71.6976 52.9248 1155.81
Little: -107.688 66.4483 1139.33
Thumb: 60.2161 116.634 1114.75
Index: -43.4845 37.1983 1109.59
Middle: -7.5429 111.174 1171.4
Ring: -70.5288 56.4459 1169.05
Little: -112.108 68.4995 1133.21
Thumb: 58.456 112.419 1113.58
Index: -47.4443 36.7452 1109.06
Middle: -12.0766 108.232 1172.71
Ring: -70.5565 62.4987 1172.79
Little: -115.729 70.5679 1130.04
Thumb: 63.4694 117.856 1122.24
Index: -50.8045 36.3154 1108.86
Middle: -21.28 96.4168 1187.27
Ring: -72.9619 66.4008 1174.09
Little: -119.137 71.8488 1126.61
Thumb: 65.2104 118.324 1119.07
Index: -51.2328 36.4456 1112.14
Middle: -23.1605 106.619 1188.43
Ring: -68.9892 80.1314 1180.77
Little: -120.895 71.9733 1123.62
Thumb: 53.9797 116.26 1125.43
Index: -53.8817 37.6368 1112.68
Middle: -33.4414 104.783 1194.75
Ring: -47.986 120.75 1180.28
Little: -120.699 71.965 1118.18
Thumb: 50.8536 115.03 1120.22
Index: -55.1322 37.6528 1111.6
Middle: -90.6285 37.2559 1113.48
Ring: -53.8777 119.316 1179.8
Little: -122.012 72.5521 1113.1
Thumb: 51.8767 115.101 1119.04
Index: -57.4502 38.9579 1110.41
Middle: -92.972 39.1444 1111.78
Ring: -55.7041 121.121 1177.11
Little: -120.324 72.7714 1110.78
Thumb: 48.0825 109.808 1125.26
Index: -58.169 39.1281 1107.19
Middle: -93.7104 39.4482 1106.57
Ring: -58.3538 123.704 1171.58
Little: -120.792 73.1314 1103.71
Thumb: 62.7115 117.454 1115.64
Index: -57.7834 39.3835 1105.44
Middle: -93.3234 39.4929 1104.67
Ring: -59.964 123.081 1170.59
Little: -121.128 73.3098 1101.37
Thumb: 64.5607 117.969 1116.3
Index: -58.4065 40.2103 1102.27
Middle: -93.9265 40.6614 1100.93
Ring: -74.3421 107.745 1173.19
Little: -120 73.9435 1097.16
Thumb: 40.904 111.602 1122.41
Index: -57.3639 40.2814 1099.66
Middle: -92.8325 40.4615 1097.29
Ring: -70.5838 114.548 1171.98
Little: -119.264 73.6771 1092.88
Thumb: 61.5134 120.766 1118.29
Index: -57.3142 40.3177 1097.56
Middle: -92.7801 40.5115 1095.14
Ring: -70.7813 113.894 1170.31
Little: -119.808 74.0995 1090.86
Thumb: 63.095 120.891 1115.27
Index: -56.907 40.0341 1094.86
Middle: -92.3744 40.3701 1092.49
Ring: -69.9338 113.235 1168.17
Little: -120.118 74.5826 1088.4
Thumb: 67.075 116.385 1111.01
Index: -55.7563 41.5664 1092.93
Middle: -91.2267 42.323 1090.7
Ring: -67.0809 115.091 1167.01
Little: -118.089 76.5636 1087.04
Thumb: 64.2823 122.913 1112.05
Index: -54.208 44.8061 1105.17
Middle: -91.5263 41.3476 1091.47
Ring: -67.5815 114.983 1165.92
Little: -118.144 75.2624 1087.25
Thumb: 61.0015 123.063 1108.45
Index: -54.2566 42.2453 1092.14
Middle: -89.7909 42.4943 1091.18
Ring: -62.138 118.813 1166.25
Little: -116.152 75.6894 1088.15
Thumb: 67.2229 120.35 1107.13
Index: -51.8266 42.6714 1092.48
Middle: -87.3629 42.891 1091.58
Ring: -60.8953 117.986 1165.9
Little: -113.513 75.9191 1088.47
Thumb: 61.5337 121.404 1107.99
Index: -46.5327 47.9679 1105.98
Middle: -84.8542 42.5286 1092.93
Ring: -59.8387 117.152 1166.63
Little: -111.393 74.826 1090.11
Thumb: 50.7053 131.591 1111.6
Index: -43.8471 47.4354 1109.62
Middle: -82.4999 40.6816 1096.97
Ring: -57.6071 117.331 1168.53
Little: -109.053 72.1339 1093.93
Thumb: 49.9385 130.367 1110.09
Index: -40.7407 47.4759 1111.14
Middle: -79.5244 40.0286 1099.39
Ring: -54.4393 116.658 1170.44
Little: -105.803 70.585 1096.93
Thumb: 66.8843 126.267 1106.25
Index: -35.5079 49.4852 1114.88
Middle: -74.0786 40.1252 1103.63
Ring: -52.9255 117.667 1172.74
Little: -102.946 70.0229 1100.78
Thumb: 67.453 120.469 1111.7
Index: -33.3124 46.8582 1115.65
Middle: -71.5601 38.444 1106.24
Ring: -45.3838 121.651 1175.13
Little: -100.332 68.2904 1103.99
Thumb: 15.9098 85.1056 1094.72
Index: -27.8783 45.1367 1115.61
Middle: -65.5503 35.0158 1106.94
Ring: -41.9686 121.738 1175.34
Little: -97.2003 63.767 1104.75
Thumb: 19.9188 86.7885 1095.28
Index: -22.0974 46.7524 1119.94
Middle: -60.0425 34.3509 1110.87
Ring: -38.8205 121.264 1178.42
Little: -91.7491 61.7583 1109.13
Thumb: 25.535 84.6835 1096.94
Index: -19.162 37.4694 1107.67
Middle: -53.9154 30.7427 1110.93
Ring: -31.5371 119.478 1179.97
Little: -87.8264 58.4042 1110.17
Thumb: 31.4395 81.9686 1101.81
Index: -12.2073 41.3075 1122.07
Middle: -50.0716 30.4268 1112.82
Ring: -37.7007 96.1794 1181.74
Little: -82.3275 58.9305 1111.66
Thumb: 37.8574 79.5087 1101.74
Index: -5.05475 37.5326 1121
Middle: -43.3718 26.5262 1113.16
Ring: -26.5426 90.2292 1183.91
Little: -76.4675 55.0198 1114.78
Thumb: 43.1979 80.9233 1105.4
Index: 2.89984 39.3897 1122.85
Middle: -35.808 26.6957 1113.3
Ring: -10.3025 112.989 1185.62
Little: -68.6793 54.4581 1114.59
Thumb: 50.3883 78.869 1104.87
Index: 9.10171 36.9388 1124.85
Middle: -29.2209 23.1659 1115.37
Ring: -7.16134 110.066 1186.42
Little: -63.6368 50.47 1114.97
Thumb: 57.3097 78.5039 1104.9
Index: 15.9123 33.9848 1123.65
Middle: -21.0902 21.7494 1115.65
Ring: -1.44829 107.553 1187.32
Little: -55.6497 48.5023 1115.69
Thumb: 64.0443 79.3745 1104.31
Index: 23.1179 33.4993 1123.7
Middle: -10.6797 25.7947 1128.94
Ring: 4.56621 108.077 1187.03
Little: -48.8342 45.8195 1116.06
Thumb: 69.7784 78.7318 1103.32
Index: 30.7313 32.9459 1121.63
Middle: -3.07822 24.849 1127.46
Ring: 14.5611 107.358 1186.47
Little: -39.5553 45.0387 1116.44
Thumb: 75.9868 78.893 1103.33
Index: 37.8137 34.1525 1123.27
Middle: 3.3855 24.2017 1127.07
Ring: 18.3467 106.718 1185.72
Little: -32.6858 43.4755 1115
Thumb: 81.796 81.0332 1102.71
Index: 44.9391 36.1619 1122.91
Middle: 10.7684 25.5721 1126.13
Ring: 21.7749 107.93 1184.13
Little: -24.3351 42.9552 1112.19
Thumb: 88.9781 82.6077 1102.63
Index: 52.4033 36.2752 1124.2
Middle: 16.1172 17.8874 1113.52
Ring: 26.4661 106.894 1185.05
Little: -16.8387 40.1897 1113.11
Thumb: 94.4086 84.2604 1102.85
Index: 60.1404 38.7162 1125.19
Middle: 23.8368 19.0329 1114.15
Ring: 33.553 109.522 1185.32
Little: -9.59011 40.8517 1113.86
Thumb: 100.78 86.6828 1103.01
Index: 65.3342 40.3226 1125.04
Middle: 29.3584 20.965 1112.94
Ring: 37.6809 111.061 1185.79
Little: -3.66282 42.7087 1112.3
Thumb: 107.921 84.1886 1102.62
Index: 69.7298 39.6548 1127.22
Middle: 36.6796 19.1283 1114.02
Ring: 42.1177 109.531 1186.3
Little: 2.77399 42.7514 1112.46
Thumb: 112.612 82.0772 1102.8
Index: 74.8418 35.8909 1125.8
Middle: 41.21 17.7186 1114.16
Ring: 47.49 107.269 1186.4
Little: 4.89397 41.5279 1112.63
Thumb: 115.73 80.9998 1101.13
Index: 77.4223 36.5898 1126.57
Middle: 44.3431 17.6957 1115.45
Ring: 53.817 107.878 1186.84
Little: 9.31587 42.4617 1114.93
Thumb: 115.338 78.591 1100.21
Index: 78.3545 31.247 1122.54
Middle: 44.7244 17.1861 1117.98
Ring: 56.8601 88.4881 1188.42
Little: 10.1084 41.9654 1119.91
Thumb: 113.544 75.0682 1098.04
Index: 121.712 104.745 1177.55
Middle: 42.9143 18.1617 1122.86
Ring: 70.9067 107.986 1190.85
Little: 9.1882 46.0094 1127.99
Thumb: 115.266 71.9316 1100.2
Index: 132.048 105.491 1172.89
Middle: 37.4418 22.4753 1129.74
Ring: 79.3313 104.587 1192.7
Little: 9.51853 51.0204 1136.12
Thumb: 176.237 110.743 1096.92
Index: 141.09 99.6211 1163.77
Middle: 35.2961 24.6126 1137.82
Ring: 93.1435 103.511 1192.13
Little: 10.2866 55.0419 1149.36
Thumb: 152.663 106.178 1103.24
Index: 146.822 103.688 1158.66
Middle: 37.1968 31.1753 1142.22
Ring: 101.103 106.57 1192.26
Little: 13.9804 62.0176 1156.72
Thumb: 176.063 138.441 1099.76
Index: 150.844 100.52 1151.85
Middle: 39.5069 33.8935 1145.69
Ring: 34.965 38.7954 1149.59
Little: 18.561 65.361 1163.2
Thumb: 139.389 112.581 1107.85
Index: 142.196 134.015 1102.11
Middle: 42.4117 36.917 1148.43
Ring: 38.8521 41.4385 1152.28
Little: 24.9049 67.6227 1167.57
Thumb: 152.499 130.543 1070.44
Index: 121.909 122.906 1091.94
Middle: 149.953 114.19 1165.29
Ring: 43.4711 41.8396 1160.8
Little: 31.4274 63.7437 1174.35
Thumb: 153.079 120.723 1080.89
Index: 120.792 124.526 1090.16
Middle: 154.26 130.987 1150.57
Ring: 47.675 42.9352 1161.26
Little: 35.9149 64.8803 1176.72
Thumb: 142.175 125.304 1082.92
Index: 139.512 138.801 1091.23
Middle: 147.503 140.503 1132.63
Ring: 51.4652 43.7357 1164.05
Little: 43.6889 63.6833 1177.03
Thumb: 153.387 127.027 1065.51
Index: 161.466 122.441 1112.84
Middle: 137.702 149.137 1120.32
Ring: 52.9355 44.9024 1166.54
Little: 107.677 118.287 1187.68
Thumb: 143.554 118.628 1071.39
Index: 144.206 139.87 1089.56
Middle: 132.239 142.071 1118.43
Ring: 51.71 47.5015 1167.64
Little: 110.153 118.783 1186.33
Thumb: 149.692 129.73 1073.04
Index: 144.266 138.722 1090.92
Middle: 142.278 142.168 1123.2
Ring: 51.3115 47.79 1166.37
Little: 110.095 118.666 1186.07
Thumb: 141.326 132.54 1099.13
Index: 127.982 138.051 1082.79
Middle: 157.045 135.505 1129.8
Ring: 50.9397 49.0803 1165.15
Little: 112.154 117.814 1184.09
Thumb: 144.151 136.017 1101.43
Index: 123.638 139.441 1081.07
Middle: 163.238 115.723 1140.1
Ring: 53.8015 50.6242 1169.78
Little: 116.988 118.638 1184.28
Thumb: 167.498 142.419 1104.09
Index: 125.778 140.081 1082.82
Middle: 159.502 125.144 1133.99
Ring: 54.6547 49.3541 1169.63
Little: 117.925 118.04 1185.45
Thumb: 171.226 140.516 1108.54
Index: 132.755 133.675 1092.35
Middle: 153.36 130.032 1132.25
Ring: 55.7077 46.7627 1142.88
Little: 115.184 128.167 1183.69
Thumb: 177.443 143.73 1100.49
Index: 135.869 133.189 1091.97
Middle: 152.409 130.116 1132.11
Ring: 53.6157 46.3017 1143.36
Little: 115.076 123.808 1183.89
Thumb: 175.45 145.129 1100.96
Index: 154.274 128.657 1100.27
Middle: 150.713 129.14 1133.04
Ring: 53.5022 46.6394 1142.75
Little: 113.624 128.175 1184.73
Thumb: 181.623 151.463 1092.86
Index: 152.83 129.174 1099.55
Middle: 147.161 135.568 1130.28
Ring: 52.8994 47.0101 1144.04
Little: 113.877 122.402 1186.04
Thumb: 183.829 155.265 1083.13
Index: 157.048 106.163 1109.89
Middle: 142.503 130.03 1128.08
Ring: 51.4285 45.0346 1145.41
Little: 114.561 119.825 1185.27
Thumb: 184.787 151.45 1093.42
Index: 156.178 113.593 1111.59
Middle: 139.943 128.233 1133.81
Ring: 47.7058 43.1646 1144.86
Little: 105.952 115.899 1188.1
Thumb: 174.908 142.681 1098.32
Index: 151.39 88.3432 1126.53
Middle: 140.323 124.184 1137.83
Ring: 45.0298 42.2599 1145.27
Little: 103.692 114.525 1189.36
Thumb: 183.92 166.75 1076.22
Index: 152.494 102.42 1121.79
Middle: 138.348 122.436 1141.68
Ring: 42.2144 41.5499 1148.95
Little: 99.3228 121.908 1194.34
Thumb: 186.324 158.978 1078.59
Index: 150.748 103.487 1121.03
Middle: 137.244 120.808 1143.15
Ring: 39.1064 42.0051 1150.38
Little: 97.5246 120.984 1195.24
Thumb: 171.897 156.899 1055.21
Index: 146.595 109.897 1124.63
Middle: 131.489 120.573 1150.37
Ring: 34.4306 40.4716 1150.46
Little: 88.9327 118.423 1199.32
Thumb: 172.408 163 1056.13
Index: 137.78 112.23 1119.7
Middle: 129.059 120.963 1149.57
Ring: 31.283 41.0544 1152.45
Little: 87.1283 118.377 1199.76
Thumb: 170.409 156.21 1058.92
Index: 145.65 108.783 1129.09
Middle: 127.159 120.902 1152.61
Ring: 31.0095 38.7983 1156.29
Little: 84.7071 116.592 1200.7
Thumb: 126.863 163.221 1025.38
Index: 143.913 112.76 1136.32
Middle: 135.834 107.645 1173.08
Ring: 30.6076 36.0967 1157.12
Little: 80.2952 112.238 1203.27
Thumb: 121.918 127.632 1066.54
Index: 132.801 121.932 1129.16
Middle: 130.613 114.3 1172.07
Ring: 27.4916 35.6771 1157.57
Little: 75.4723 112.812 1203.49
Thumb: 109.992 128.12 1086.72
Index: 136.062 117.156 1136.76
Middle: 126.539 114.154 1173.15
Ring: 25.1817 35.2307 1154.71
Little: 71.3389 112.861 1203.02
Thumb: 121.061 159.551 1026.22
Index: 98.7074 125.269 1104.43
Middle: 124.829 110.242 1170.06
Ring: 18.94 36.5914 1157.31
Little: 69.1737 112.16 1199.84
Thumb: 115.998 159.627 1024.37
Index: 100.61 127.318 1102.59
Middle: 121.579 100.834 1171.53
Ring: 16.5053 36.2032 1155.45
Little: 66.558 112.051 1197.97
Thumb: 101.605 134.917 1074.59
Index: 109.021 133.307 1106.58
Middle: 117.489 102.711 1171.81
Ring: 14.67 36.7147 1152.65
Little: 61.6898 114.563 1196.12
Thumb: 107.627 138.923 1060.16
Index: 126.534 115.414 1133.16
Middle: 108.946 123.18 1159.3
Ring: 16.4845 37.4302 1152.95
Little: 57.2225 115.223 1194.63
Thumb: 120.908 153.755 1035.41
Index: 119.815 123.546 1124.59
Middle: 9.60514 35.5598 1136.3
Ring: 9.17392 48.4862 1159.66
Little: 46.6255 123.516 1192.3
Thumb: 122.409 149.567 1033.72
Index: 110.427 117.245 1134.04
Middle: 5.5459 36.9346 1136.94
Ring: 5.047 50.4068 1160.47
Little: 42.4836 125.92 1193.13
Thumb: 114.816 136.116 1051.53
Index: 101.752 122.125 1119.67
Middle: 1.36012 37.3368 1132.88
Ring: -1.13422 50.763 1154.72
Little: 39.3287 125.194 1189.78
Thumb: 117.695 138.197 1030.04
Index: 103.106 119.272 1118.13
Middle: -4.98991 37.4383 1130.93
Ring: -10.7444 51.6778 1148.3
Little: 36.6889 123.036 1186.04
Thumb: 81.9256 90.9646 1072.58
Index: -3.4596 48.2053 1123.72
Middle: -19.5561 43.3672 1136.98
Ring: -18.6285 55.52 1150.57
Little: 30.6572 123.824 1184.56
Thumb: 83.7524 75.6095 1053.57
Index: -10.5626 49.0712 1123.6
Middle: -25.4525 43.6284 1135.45
Ring: -25.1985 57.362 1148.91
Little: 19.9358 104.228 1175.7
Thumb: 76.0694 76.944 1055.9
Index: -14.3672 48.7765 1122.94
Middle: -28.3412 42.1841 1133.74
Ring: -29.6036 57.3833 1148.21
Little: 18.0436 117.734 1172.51
Thumb: 88.3425 79.2305 1029.11
Index: -15.9438 49.1561 1123.43
Middle: -29.5687 42.3209 1134.17
Ring: -34.2412 57.6932 1143.87
Little: 14.7693 114.866 1171.02
Thumb: 135.505 99.9542 1038.38
Index: -18.8382 54.0691 1118.74
Middle: -33.1627 48.3558 1129.66
Ring: -36.1294 63.4436 1139.37
Little: 10.7543 115.537 1163.03
Thumb: 135.068 94.0281 1070.8
Index: -20.68 55.2309 1117.9
Middle: -35.0378 49.589 1128.84
Ring: -39.039 64.5532 1136.73
Little: 9.10312 115.284 1162.26
Thumb: 138.625 97.8938 1070.77
Index: -20.6618 55.4125 1119.66
Middle: -26.7098 49.8809 1135.32
Ring: -39.38 64.5556 1136.15
Little: 6.8931 116.553 1161.27
Thumb: 140.129 103.28 1062.6
Index: -20.9479 55.1711 1117.98
Middle: -24.6576 49.8745 1134.93
Ring: -40.2075 64.0772 1134.32
Little: 6.83979 117.568 1160.66
Thumb: 139.004 124.785 1042.23
Index: -18.4626 54.8983 1119.76
Middle: -33.1298 48.8243 1129.05
Ring: -41.4407 64.0248 1132.43
Little: 6.05892 117.573 1159.64
Thumb: 129.18 107.202 1097.88
Index: -20.9267 55.3118 1117.54
Middle: -40.5094 51.3747 1124.69
Ring: -42.8281 64.3854 1131.61
Little: 3.13948 116.442 1157.18
Thumb: 94.5006 97.1284 1109.87
Index: -18.0608 54.9601 1117.67
Middle: -37.7332 48.9459 1122.24
Ring: -40.5867 62.1043 1128.89
Little: 3.75803 115.85 1157.1
Thumb: 99.924 86.6194 1085.97
Index: -14.2264 53.9509 1120.85
Middle: -35.9108 45.1704 1118.32
Ring: -38.61 58.7047 1124.46
Little: 3.55588 116.231 1158.09
Thumb: 74.2741 123.38 1099.91
Index: -18.965 48.3123 1112.68
Middle: -41.248 51.5852 1125.05
Ring: -24.6132 51.7067 1109.73
Little: 6.35059 121.583 1161.21
Thumb: 77.3406 111.879 1104.13
Index: -22.445 43.2482 1107.73
Middle: -39.8238 43.1922 1122.61
Ring: -11.6089 48.1051 1119.37
Little: 4.14517 117.986 1161.2
Thumb: 69.9649 116.412 1076.34
Index: -21.7988 43.2605 1106.07
Middle: -18.5049 43.1514 1127.49
Ring: -10.049 46.8415 1116.24
Little: 6.2522 120.563 1161.87
Thumb: 63.8561 122.951 1080.75
Index: -21.21 42.5893 1105.69
Middle: -20.6337 39.754 1125.65
Ring: -14.7841 42.436 1110.43
Little: 7.4218 119.515 1163.93
Thumb: 67.4067 116.393 1068.77
Index: -19.6727 38.4296 1104.73
Middle: -17.1307 38.3906 1125.74
Ring: -13.6532 41.4916 1112.64
Little: 7.13612 121.459 1164.44
Thumb: 68.8424 116.633 1063.94
Index: -18.6406 36.7698 1101.46
Middle: -12.9936 39.2009 1123.92
Ring: -12.1255 39.9962 1110.2
Little: 9.27684 109.639 1166.4
Thumb: 79.9198 109.339 1050.96
Index: -17.583 36.0423 1098.41
Middle: -12.7685 38.0664 1120.46
Ring: -11.4732 39.2952 1106.93
Little: 6.56925 112.166 1162.59
Thumb: 81.9622 110.656 1069.85
Index: -17.4789 32.3809 1104.05
Middle: -7.13003 28.1891 1121.56
Ring: -7.21419 28.3043 1104.93
Little: 14.1349 105.397 1171.88
Thumb: 60.306 111.197 1082.24
Index: -14.7178 31.5181 1107.72
Middle: -5.04662 23.0985 1121.87
Ring: -9.96576 27.0241 1102.79
Little: 14.81 101.908 1173.73
Thumb: 69.2765 100.767 1082.79
Index: -8.42614 31.1631 1108.54
Middle: -20.1422 35.7851 1141.84
Ring: -3.02999 26.9044 1104.03
Little: 16.7452 103.309 1174.83
Thumb: 74.1522 105.428 1073.12
Index: 1.62917 33.0244 1107.55
Middle: -9.89834 36.7527 1141.03
Ring: -32.5497 41.8836 1142.09
Little: 20.6876 110.924 1176.39
Thumb: 83.1897 102.698 1080.39
Index: 2.74561 33.3941 1108.32
Middle: -3.93637 36.899 1146.61
Ring: -34.0655 45.0857 1144.86
Little: -8.53909 60.6418 1147.79
Thumb: 83.4315 105.404 1090.34
Index: 3.91061 33.1732 1113.89
Middle: -0.679623 39.1081 1159.23
Ring: -37.2114 46.4657 1145.08
Little: -9.05302 108.698 1148.33
Thumb: 32.8171 98.5004 1113.18
Index: 0.740041 33.892 1114.53
Middle: -2.21608 43.8963 1164.29
Ring: -42.9078 49.1767 1141.02
Little: -14.3545 110.31 1146.31
Thumb: 32.4253 96.276 1116.37
Index: -2.65591 35.1819 1120.09
Middle: -2.39032 51.6069 1175.44
Ring: -48.1276 52.0368 1142.21
Little: -19.1658 111.561 1146.46
Thumb: 32.525 96.2276 1122.15
Index: -4.8809 36.1677 1123.48
Middle: 21.9269 95.9876 1141.97
Ring: -51.4324 53.7092 1142.61
Little: -22.3998 110.9 1146.4
Thumb: 31.5884 94.6021 1123.51
Index: -6.89073 36.8082 1126.64
Middle: 19.4722 97.1092 1145.89
Ring: -4.12922 32.1675 1125.91
Little: -25.9037 110.334 1145.46
Thumb: 31.1197 92.8052 1127.51
Index: -5.94891 36.305 1129.84
Middle: 25.9067 106.02 1148.42
Ring: -3.23974 31.7367 1129.38
Little: -27.6497 109.418 1146.34
Thumb: 31.5777 89.0462 1130.24
Index: 32.4417 73.332 1145.89
Middle: 25.6703 106.591 1150.34
Ring: -4.77151 30.3262 1131.7
Little: -28.6814 108.186 1145.46
Thumb: 31.5072 85.6204 1128.48
Index: 31.7079 73.3003 1145.04
Middle: 23.0398 106.077 1150.99
Ring: -4.04672 34.4622 1143.45
Little: -32.9937 75.0431 1145.34
Thumb: 31.5691 78.2049 1125.72
Index: 31.6894 65.5212 1146.29
Middle: 25.974 101.243 1196.23
Ring: -8.50823 25.0633 1128.38
Little: -34.17 72.1578 1144.04
Thumb: 29.8454 75.304 1125.64
Index: 17.4014 41.4466 1156.47
Middle: 26.4417 99.2898 1193.27
Ring: -7.01253 29.4377 1138.69
Little: -34.8525 70.177 1140.97
Thumb: 34.2913 64.2348 1118.32
Index: 21.4387 36.0657 1149.45
Middle: 29.432 95.5304 1193.63
Ring: -11.4822 19.2874 1115.91
Little: -35.6865 65.7302 1136.64
Thumb: 32.5482 61.7509 1113.75
Index: 17.9423 34.5904 1144
Middle: 24.4432 94.9958 1190.46
Ring: -12.4106 16.6494 1106.9
Little: -37.4766 62.1587 1129.34
Thumb: 31.0443 60.0049 1111.24
Index: 20.5818 33.1579 1137.18
Middle: 25.6996 85.1539 1194.3
Ring: -12.5195 13.9902 1100.99
Little: -38.5014 57.5803 1124.55
Thumb: 30.5259 59.129 1104.01
Index: 18.663 29.3061 1128.3
Middle: 28.0626 72.7495 1189.38
Ring: -13.3989 14.0621 1090.09
Little: -38.9296 55.0413 1118.49
Thumb: 28.3722 63.5512 1101.03
Index: 21.2781 34.129 1121.93
Middle: 32.7385 82.5991 1179.27
Ring: -14.3901 15.4395 1082.25
Little: -40.1876 54.8741 1112.24
Thumb: 28.1221 63.732 1098.95
Index: 22.9276 37.6519 1120.7
Middle: 33.6831 81.9313 1176.99
Ring: -15.2102 16.292 1079.03
Little: -43.4227 45.951 1091.95
Thumb: 26.9997 64.6811 1097.66
Index: 19.5936 36.6771 1118.99
Middle: 33.6522 83.3304 1175.86
Ring: -16.2459 18.5262 1075.91
Little: -44.3046 48.0968 1089.35
Thumb: 26.1751 64.5386 1094.84
Index: 20.5606 40.3277 1117.13
Middle: 34.2772 82.2661 1173.25
Ring: -15.7949 17.6078 1073.2
Little: -44.4555 46.3059 1087.26
Thumb: 22.8664 66.8007 1091.15
Index: 21.198 42.6982 1114.34
Middle: 35.1842 82.5822 1171.34
Ring: -17.6352 19.9396 1070.22
Little: -45.6697 48.7575 1085.32
Thumb: 21.7238 67.203 1087.56
Index: 20.7946 40.5147 1111.02
Middle: 31.143 80.7982 1172.05
Ring: -16.14 18.2379 1075.07
Little: -41.9873 55.2549 1102.91
Thumb: 18.4758 69.2537 1085.43
Index: 20.8759 41.1961 1108.26
Middle: 34.1297 92.2447 1163.34
Ring: -17.9395 19.8264 1064.85
Little: -42.3772 55.6284 1100.26
Thumb: 16.5274 70.3102 1083.62
Index: 19.5429 40.8183 1105
Middle: 23.8244 95.7221 1162.94
Ring: -16.6333 20.2054 1062.06
Little: -42.2114 54.675 1098.01
Thumb: 16.0933 68.9643 1080.64
Index: 14.8514 36.8397 1100.35
Middle: 22.7185 96.767 1160.49
Ring: -19.6363 19.1544 1061.52
Little: -44.4824 53.3489 1097.5
Thumb: 13.9539 69.5912 1076.8
Index: 12.7927 37.2282 1099.9
Middle: 21.0703 95.1129 1160.44
Ring: -20.9554 18.6945 1061.48
Little: -46.2984 54.1069 1096.16
Thumb: 12.6347 68.3086 1074.72
Index: 3.58615 28.1691 1092.84
Middle: 21.2577 104.414 1151.07
Ring: -22.6603 18.4783 1060.49
Little: -44.327 53.8908 1096.37
Thumb: 11.4488 69.4585 1072.42
Index: 0.366819 26.8824 1091.73
Middle: 14.0811 110.823 1126.35
Ring: -23.6557 19.024 1061.9
Little: -42.0095 55.4229 1095.82
Thumb: 10.0821 69.043 1071.28
Index: -1.29843 25.7326 1089.41
Middle: 14.1888 108.999 1119.73
Ring: -23.2523 19.4139 1058.51
Little: -41.7741 55.2758 1094.59
Thumb: 8.69841 71.0488 1072.66
Index: -0.945919 27.8593 1091.84
Middle: 13.615 110.104 1122.19
Ring: -22.3372 19.6166 1057.84
Little: -43.5701 56.2211 1092.6
Thumb: 8.55582 70.0365 1072.21
Index: -1.28776 27.7986 1091.95
Middle: 15.0357 109.102 1112.57
Ring: -20.2035 19.4537 1057.25
Little: -44.1213 55.9223 1092.2
Thumb: 7.78257 70.6987 1072.93
Index: -0.224077 29.8112 1092.97
Middle: 14.9781 109.953 1114.18
Ring: -20.4878 19.7179 1058.83
Little: -44.4161 57.0465 1091.7
Thumb: 5.87927 72.3354 1075.63
Index: -2.00733 29.041 1092.44
Middle: 14.5709 109.712 1114.01
Ring: -21.5659 19.8293 1059.24
Little: -45.7403 56.8967 1091.97
Thumb: 4.45451 71.0754 1077.7
Index: -25.7297 23.7452 1066.45
Middle: 14.2197 108.388 1119.35
Ring: -23.7249 20.0906 1062.52
Little: -48.2877 59.423 1094.82
Thumb: 3.14339 70.6355 1083.21
Index: -28.768 24.2683 1068.88
Middle: 14.1407 109.482 1131.15
Ring: -25.0709 20.0872 1066.87
Little: -50.4551 60.3367 1099.52
Thumb: 2.61694 71.6955 1088
Index: -29.6297 24.6695 1074.6
Middle: 14.8469 109.877 1136.36
Ring: -25.8809 20.2522 1073.48
Little: -50.1081 61.188 1105.59
Thumb: 3.03195 72.5217 1097.12
Index: -30.5188 25.4703 1086.93
Middle: 16.9352 93.9431 1162.32
Ring: -25.7662 20.8219 1093.12
Little: -49.9744 62.7709 1116.94
Thumb: 1.71329 70.8379 1106.98
Index: -33.9654 25.4889 1099.37
Middle: -21.4887 7.84919 1105.83
Ring: -30.7963 20.6682 1102.95
Little: -52.6367 59.7563 1124.06
Thumb: -1.17859 71.8856 1119.5
Index: -38.4336 27.2968 1109.38
Middle: -32.5916 8.43775 1102.7
Ring: -37.2932 23.7285 1119.34
Little: -57.0482 56.5701 1123.21
Thumb: 1.78389 78.8048 1132.76
Index: -43.9208 30.119 1127.87
Middle: -42.523 11.4729 1123.53
Ring: -45.465 27.5274 1138.07
Little: -56.4552 60.8035 1146.57
Thumb: -0.00281143 79.476 1138.38
Index: -43.4605 34.0841 1138
Middle: -45.2656 16.376 1134.29
Ring: -48.7064 31.9631 1145.73
Little: -51.9402 65.5322 1159.35
Thumb: 9.26557 88.1766 1145.82
Index: -39.9226 37.5543 1146.53
Middle: -43.7442 20.9821 1145.8
Ring: -49.0339 36.7944 1154.1
Little: -47.3067 69.9599 1167.08
Thumb: 13.4915 91.1891 1149.37
Index: -31.9146 39.8519 1155.03
Middle: -34.6559 26.4821 1163.2
Ring: -42.8994 41.1712 1169.37
Little: -40.5845 72.4836 1174.48
Thumb: 19.178 95.2373 1153.66
Index: -30.1043 45.2762 1160.56
Middle: -28.6955 31.1439 1170.22
Ring: -37.4987 47.3941 1179.44
Little: -36.8252 78.6615 1179.64
Thumb: 22.9588 96.3031 1156.61
Index: -26.1354 47.9987 1166.04
Middle: -24.0272 33.528 1176.64
Ring: -32.461 50.7858 1185.85
Little: -29.8227 82.4452 1187.49
Thumb: 28.6166 98.453 1158.76
Index: -20.0312 49.9902 1167.95
Middle: -16.8583 36.5 1180.93
Ring: -26.2519 52.8116 1187.92
Little: -23.037 84.3198 1189.92
Thumb: 33.3571 99.0682 1156.66
Index: -12.7683 49.372 1168.08
Middle: -12.259 36.6168 1181.57
Ring: -18.0516 51.5387 1187.61
Little: -9.59363 100.677 1198.45
Thumb: 37.8952 99.3755 1154.74
Index: -7.94462 50.3083 1167.26
Middle: -7.32458 37.8595 1180.74
Ring: -13.3041 52.2077 1186.07
Little: -4.24642 101.969 1197.78
Thumb: 42.2953 100.609 1154.12
Index: 5.26691 52.9851 1171.09
Middle: -2.80292 39.3917 1178.74
Ring: -7.16361 51.0739 1181.04
Little: -1.65972 101.89 1194.14
Thumb: 45.5258 99.8204 1150.6
Index: 9.49809 51.0017 1168.03
Middle: 2.88833 47.7808 1179.16
Ring: 0.282805 48.0765 1176.36
Little: 3.16005 99.3789 1189.77
Thumb: 49.9771 98.281 1145
Index: 15.3557 46.1843 1162.32
Middle: 8.95287 44.7989 1175.38
Ring: 8.69346 42.5909 1168.31
Little: 8.09382 94.8858 1184.95
Thumb: 58.0244 98.4122 1137.77
Index: 22.8245 39.2934 1149.35
Middle: 16.797 35.7777 1166.28
Ring: 14.3886 37.5534 1162.39
Little: 16.9084 84.7261 1176.63
Thumb: 62.2778 97.3184 1133.87
Index: 26.571 35.0994 1138.41
Middle: 34.8128 44.9933 1161.37
Ring: 33.7206 30.4275 1141.57
Little: 24.2388 78.3394 1171.58
Thumb: 65.0496 97.9043 1129.77
Index: 30.8599 33.5567 1133.29
Middle: 39.2628 43.5801 1157.77
Ring: 36.8046 28.9125 1135.72
Little: 19 60.5335 1157.23
Thumb: 65.617 95.9868 1128.79
Index: 27.3232 32.6471 1131.74
Middle: 12.2506 35.404 1163.84
Ring: 28.2274 28.1916 1129.85
Little: 17.0197 60.1143 1155.41
Thumb: 65.2328 89.1915 1127.99
Index: 18.8211 34.1798 1131.16
Middle: 5.32707 38.3028 1163.81
Ring: 19.9163 29.6005 1128.33
Little: 19.7564 61.9959 1161.32
Thumb: 57.8771 90.264 1120.76
Index: 9.9585 37.0961 1134.64
Middle: -1.209 46.876 1173.08
Ring: 59.155 80.103 1185.26
Little: 14.5488 142.784 1161.51
Thumb: 51.7611 86.1482 1119.6
Index: -3.1352 40.9344 1132.82
Middle: -9.68351 52.4527 1175
Ring: 50.7679 97.12 1185.63
Little: 26.229 144.487 1174.76
Thumb: 49.9096 84.6183 1120.98
Index: -6.09215 43.3763 1138.51
Middle: -12.3293 57.3113 1178.67
Ring: 48.2982 95.5845 1189.44
Little: 32.2918 146.03 1180.55
Thumb: 47.7025 83.9704 1120.94
Index: -9.72913 44.0358 1138.29
Middle: -15.5283 58.6686 1178.68
Ring: 45.6064 95.1798 1189.56
Little: 29.6851 143.936 1178.94
Thumb: 48.9252 84.3496 1120.23
Index: -9.36181 44.3873 1138.98
Middle: -13.6214 59.4499 1180.24
Ring: 46.5902 95.9805 1188.98
Little: 27.0905 140.474 1176.53
Thumb: 47.8134 85.2297 1120.73
Index: -11.9702 45.9532 1137.23
Middle: -12.9992 61.5043 1181.45
Ring: 46.6965 96.3917 1187.72
Little: 28.3667 139.502 1173.37
Thumb: 46.3582 85.049 1120.43
Index: -12.7593 46.6584 1139.13
Middle: -14.5581 63.1322 1181.66
Ring: 44.4652 94.6498 1188.77
Little: 28.1782 141.438 1171.45
Thumb: 45.2412 74.3514 1115.3
Index: -5.34723 57.47 1144.88
Middle: -5.48965 74.4453 1183.5
Ring: 45.4681 106.379 1193.86
Little: -8.63586 114.418 1163.99
Thumb: 43.1053 73.7482 1096.95
Index: -1.56018 58.8085 1141.84
Middle: -7.34262 76.6692 1177.01
Ring: 41.4006 107.392 1192.16
Little: -16.4868 106.921 1157.09
Thumb: 41.2679 73.2298 1097.01
Index: -2.18628 59.8682 1143.19
Middle: -9.64786 72.5718 1173.07
Ring: 43.7388 105.446 1188.42
Little: -24.7941 105.605 1148.5
Thumb: 39.9035 72.995 1096.37
Index: -1.18217 59.8139 1143.46
Middle: -12.0878 69.2959 1168.15
Ring: 47.5134 108.66 1181.57
Little: -26.1863 105.046 1145.45
Thumb: 37.5525 74.3504 1097.11
Index: -2.71238 60.2243 1143.64
Middle: -14.715 66.2122 1164.92
Ring: 47.4263 105.391 1179.97
Little: -27.0554 105.425 1146.02
Thumb: 36.1878 74.4999 1096.78
Index: -2.97307 60.1923 1144.51
Middle: -14.7028 65.5922 1165.44
Ring: 46.9378 104.928 1180.27
Little: -27.5797 105.33 1146.57
Thumb: 36.0275 74.7351 1096.59
Index: -2.98 60.3193 1144.6
Middle: -16.6547 65.544 1163.7
Ring: 47.1893 105.119 1180.04
Little: -27.4755 105.521 1146.79
Thumb: 35.9009 74.7349 1097.04
Index: -2.99879 60.4982 1145.12
Middle: -16.6411 65.4566 1163.96
Ring: 47.0934 104.71 1180.52
Little: -27.6192 106.022 1147.5
Thumb: 35.7607 73.2514 1095.23
Index: -3.003 60.7534 1146.28
Middle: -16.6503 64.4599 1163.82
Ring: 45.0721 102.661 1179.68
Little: -28.2562 106.741 1148.03
Thumb: 35.7802 73.4016 1095.37
Index: -3.10979 60.8055 1146.19
Middle: -17.0163 65.34 1164.15
Ring: 46.5191 103.706 1178.13
Little: -27.4413 105.902 1147.31
Thumb: 35.9195 73.2764 1095.93
Index: -2.7061 60.8553 1146.65
Middle: -16.5451 65.4327 1164.64
Ring: 45.4567 102.03 1178.64
Little: -27.2066 105.59 1146.97
Thumb: 35.4621 74.4254 1095.83
Index: -2.89814 62.6654 1147.29
Middle: -17.335 65.2091 1162.78
Ring: 44.5979 106.653 1173.42
Little: -27.4695 107.892 1146.8
Thumb: 33.8908 74.5727 1096.16
Index: -5.02052 62.226 1147.03
Middle: -18.1129 66.2908 1164.45
Ring: 43.876 105.981 1175.83
Little: -28.4397 109.097 1148.25
Thumb: 31.03 76.2472 1097.33
Index: -8.58572 62.008 1147.87
Middle: -20.4036 66.7934 1165.04
Ring: 42.2685 106.79 1177.75
Little: -30.8447 114.419 1150.44
Thumb: 31.5819 76.4577 1098.76
Index: -5.87496 60.0452 1149.94
Middle: -16.3029 65.9408 1167.39
Ring: 42.1356 106.258 1185.21
Little: -30.9985 118.532 1153.88
Thumb: 31.5566 79.4436 1098.07
Index: -4.66311 57.4299 1147.97
Middle: -13.0516 67.1019 1169.85
Ring: 43.9898 109.238 1185.53
Little: -31.3399 120.14 1155.15
Thumb: 34.7688 77.6757 1096.98
Index: -1.71616 52.4688 1145.51
Middle: -5.93423 66.1455 1171.76
Ring: 47.7565 110.122 1190.4
Little: -28.008 126.031 1159.78
Thumb: 34.1402 81.6295 1101.15
Index: 2.35817 49.8803 1144.5
Middle: 0.499077 69.1924 1175.66
Ring: 50.1905 108.928 1193.4
Little: -22.6224 129.925 1164.04
Thumb: 39.4037 78.4018 1093.66
Index: 6.41993 49.1466 1142.23
Middle: 4.14261 67.0636 1172.89
Ring: 54.056 105.753 1191.25
Little: -18.6119 129.215 1166.33
Thumb: 42.3781 78.0918 1092.6
Index: 5.36145 48.6907 1141.49
Middle: 5.33622 65.4732 1173.73
Ring: 59.3775 104.588 1191.28
Little: -13.0275 127.215 1173.04
Thumb: 42.9704 76.5495 1107.43
Index: 9.25448 50.8795 1151.47
Middle: 34.9361 84.3396 1166.99
Ring: 47.7251 98.6818 1191.26
Little: -2.96786 132.228 1179.38
Thumb: 42.7772 75.9739 1105.33
Index: 12.0698 49.5798 1150.83
Middle: 19.4066 79.0845 1165.24
Ring: 48.1606 96.4763 1189.93
Little: 2.00797 130.253 1181.05
Thumb: 41.2314 73.0972 1104.98
Index: 14.9592 44.3335 1150.26
Middle: 19.8454 73.8693 1163.51
Ring: 57.0996 93.4055 1184.66
Little: 13.7579 124.444 1182.77
Thumb: 42.1902 71.5488 1105.17
Index: 16.2468 42.8659 1150.55
Middle: 24.9885 72.4139 1164.99
Ring: 55.9573 89.8445 1185.69
Little: 30.0177 123.595 1185.93
Thumb: 45.8584 73.7735 1102.86
Index: 22.0253 41.5138 1147.76
Middle: 28.3179 70.7399 1161.77
Ring: 57.1633 86.8988 1183.45
Little: 45.8587 122.942 1185.39
Thumb: 47.067 74.3909 1102.76
Index: 28.2234 41.366 1148.1
Middle: 45.1703 77.8882 1155.7
Ring: 54.755 85.3309 1183.53
Little: 47.7459 122.966 1183.8
Thumb: 48.0578 74.6811 1099.21
Index: 33.5005 39.8295 1142.48
Middle: 46.3707 73.9888 1152.78
Ring: 57.9693 83.5896 1178.06
Little: 50.3001 121.206 1178.81
Thumb: 51.0986 77.4079 1101.69
Index: 36.1376 39.1992 1143.23
Middle: 7.1578 58.8525 1160.06
Ring: 60.0091 83.7766 1178.46
Little: 52.5087 122.003 1179.43
Thumb: 54.703 76.4579 1104.72
Index: 42.4459 38.5777 1147.12
Middle: 11.1478 57.1329 1163.26
Ring: 62.7409 83.8327 1179.78
Little: 53.4354 122.251 1180.43
Thumb: 58.6464 78.8202 1107.9
Index: 44.5967 37.957 1146.85
Middle: 12.6069 56.0443 1163.46
Ring: 62.8959 83.2434 1178.53
Little: 52.458 121.267 1179.15
Thumb: 57.3374 73.5486 1117.11
Index: 49.3573 33.8717 1151.74
Middle: 57.8851 70.4383 1154.47
Ring: 51.7795 77.9167 1180.89
Little: 45.6653 115.943 1179.04
Thumb: 60.3537 73.469 1118.93
Index: 51.4541 28.141 1146.57
Middle: 57.2741 69.2132 1146.79
Ring: 26.9541 61.1963 1171.24
Little: 46.2943 105.319 1175.39
Thumb: 59.4485 63.5555 1115.28
Index: 48.635 16.2074 1138.15
Middle: 55.7608 73.9162 1130.02
Ring: 24.2372 51.33 1165.54
Little: 42.4912 95.7265 1172.92
Thumb: 58.2116 58.8084 1113.89
Index: 50.6281 14.7289 1140.94
Middle: 54.783 71.0877 1131.25
Ring: 30.9361 48.4806 1164.4
Little: 44.9239 92.6598 1169.95
Thumb: 56.1951 57.2126 1112.76
Index: 45.0248 10.3157 1136.31
Middle: 51.1992 70.0996 1128.05
Ring: 29.7392 45.5475 1161.67
Little: 42.3232 89.6994 1169.24
Thumb: 64.743 243.587 1079.43
Index: 94.1774 116.231 1192.66
Middle: 82.946 122.411 1189.38
Ring: 87.7641 110.023 1193.42
Little: 66.0304 83.4944 1173.61
Thumb: 46.835 257.151 1095.25
Index: 118.119 103.487 1182.79
Middle: 98.5645 118.13 1177.18
Ring: 102.944 100.564 1183.21
Little: 68.3999 79.3429 1168.72
Thumb: 62.7143 238.504 1136.2
Index: 127.637 104.292 1172.97
Middle: 146.874 121.331 1177.47
Ring: 80.5122 111.49 1195.87
Little: 62.1562 83.1099 1165.49
Thumb: 66.7528 241.421 1137.19
Index: 132.557 99.2222 1165.03
Middle: 151.402 123.615 1172.57
Ring: 81.9438 111.448 1193.79
Little: 68.4499 81.2182 1167.23
Thumb: 61.2088 249.441 1126.32
Index: 134.529 97.9038 1161.65
Middle: 152.629 122.87 1171.16
Ring: 81.2952 110.279 1193.11
Little: 68.4186 80.3755 1166.09
Thumb: 70.8798 217.826 1151.88
Index: 134.611 98.9317 1161.21
Middle: 153.815 123.767 1168.65
Ring: 81.5151 110.241 1191.66
Little: 74.5323 79.5194 1164.67
Thumb: 83.1281 224.713 1121.84
Index: 134.454 96.928 1155.95
Middle: 146.866 116.869 1160.42
Ring: 78.1762 98.9017 1182.92
Little: 72.3969 72.2919 1153.95
Thumb: 85.6276 219.826 1127.69
Index: 137.068 94.1778 1151.68
Middle: 150.735 113.752 1155.31
Ring: 78.6791 97.5291 1180.69
Little: 71.2569 70.5404 1152.9
Thumb: 84.7453 230.917 1126.94
Index: 142.714 96.3999 1143.89
Middle: 154.203 117.605 1150.09
Ring: 79.9439 100.09 1179.05
Little: 73.2161 72.5755 1152.2
Thumb: 88.8357 213.821 1127.95
Index: 144.326 97.7719 1136.12
Middle: 81.5694 119.106 1183.96
Ring: 78.0746 99.7348 1174.35
Little: 69.7645 72.7042 1147.92
Thumb: 87.9361 215.447 1121.17
Index: 144.636 102.825 1130.86
Middle: 85.9929 122.938 1182.19
Ring: 78.5519 103.818 1172.04
Little: 72.7548 76.3432 1146.31
Thumb: 72.7005 244.687 1116.3
Index: 148.107 103.701 1124.17
Middle: 87.8152 124.909 1180.04
Ring: 78.7596 106.363 1170.62
Little: 72.9857 78.1642 1145.9
Thumb: 65.4705 233.849 1113.92
Index: 146.645 105.308 1119.22
Middle: 85.0203 123.096 1176.63
Ring: 78.4237 105.549 1167.01
Little: 67.2697 77.7808 1141.68
Thumb: 72.1915 251.561 1111.11
Index: 143.621 104.154 1118.45
Middle: 83.448 121.918 1174.54
Ring: 75.3381 105.462 1164.93
Little: 67.7884 77.9068 1139.69
Thumb: 74.5404 242.495 1110.4
Index: 143.542 105.995 1114.57
Middle: 82.4809 121.49 1172.23
Ring: 74.8246 105.135 1162.61
Little: 58.1227 77.7957 1137.72
Thumb: 72.1483 244.956 1108.19
Index: 145.508 104.25 1108.88
Middle: 82.2949 121.643 1170.19
Ring: 74.6929 105.107 1160.55
Little: 57.5113 77.8199 1135.61
Thumb: 77.2228 244.596 1109.72
Index: 142.749 106.615 1108.29
Middle: 81.8392 121.942 1167.27
Ring: 74.1645 104.843 1157.34
Little: 59.0086 77.7109 1132.15
Thumb: 58.1842 265.164 1093.52
Index: 141 105.992 1106.14
Middle: 80.2537 121.081 1165.34
Ring: 71.132 103.969 1155.13
Little: 60.2423 77.2565 1129.67
Thumb: 79.49 229.036 1114.89
Index: 141.509 105.74 1104.32
Middle: 77.6658 122.663 1164
Ring: 70.8501 103.574 1153.6
Little: 59.7346 76.9273 1128.08
Thumb: 78.659 228.087 1111.58
Index: 140.676 106.824 1103.52
Middle: 76.482 123.076 1162.7
Ring: 67.942 103.926 1152.31
Little: 57.9368 77.1837 1126.96
Thumb: 82.3466 229.861 1105.72
Index: 140.097 106.579 1103.01
Middle: 77.6771 124.213 1161.38
Ring: 68.4592 105.361 1151.42
Little: 56.9642 78.2732 1126.61
Thumb: 81.3611 242.268 1095.42
Index: 140.426 108.06 1103.53
Middle: 77.6356 124.209 1160.42
Ring: 69.0369 104.883 1150.26
Little: 57.6583 77.6221 1125.18
Thumb: 76.219 244.951 1096.57
Index: 141.116 106.842 1103.05
Middle: 77.8846 124.537 1159.82
Ring: 68.8978 105.374 1149.82
Little: 58.6153 77.6543 1124.93
Thumb: 72.453 221.166 1097.24
Index: 140.606 108.46 1104.87
Middle: 76.9494 124.217 1159.97
Ring: 68.6857 104.704 1149.69
Little: 58.5072 77.4361 1124.45
Thumb: 67.2962 231.553 1095.5
Index: 141.754 109.126 1104.63
Middle: 76.6697 125.785 1161.15
Ring: 70.4127 104.465 1151.01
Little: 59.5655 77.8919 1126.15
Thumb: 65.7421 232.671 1093.47
Index: 141.502 108.007 1106.9
Middle: 77.8337 122.479 1161.92
Ring: 70.052 102.857 1151.65
Little: 61.8864 76.2161 1126.48
Thumb: 66.3721 228.084 1101.63
Index: 140.941 107.114 1110.24
Middle: 79.7481 120.412 1163.2
Ring: 71.1288 101.526 1153.09
Little: 62.256 75.1516 1128.1
Thumb: 70.7075 231.188 1097.42
Index: 139.519 103.473 1113.73
Middle: 78.1963 119.24 1165.76
Ring: 69.976 99.9226 1155.6
Little: 59.4035 74.4477 1130.67
Thumb: 72.9295 238.435 1090.46
Index: 141.744 108.945 1116.14
Middle: 79.9929 120.93 1168.22
Ring: 71.4942 102.01 1158.18
Little: 62.04 75.3228 1133.29
Thumb: 75.9793 232.519 1090.13
Index: 142.255 107.136 1120.16
Middle: 80.7385 119.469 1171.4
Ring: 72.699 100.091 1161.27
Little: 61.9858 74.5284 1136.38
Thumb: 80.1921 222.043 1101.9
Index: 142.886 106.247 1121.18
Middle: 79.6513 118.316 1173.59
Ring: 71.228 99.5625 1163.08
Little: 61.1572 73.0384 1137.5
Thumb: 74.9946 238.78 1107.75
Index: 145.001 105.346 1121.68
Middle: 80.5475 117.546 1176.1
Ring: 71.5137 99.6323 1165.59
Little: 59.8412 73.8854 1139.92
Thumb: 79.8642 234.263 1106.23
Index: 147.517 107.366 1125.78
Middle: 83.5339 118.925 1178.68
Ring: 74.0499 100.917 1168.7
Little: 63.341 73.1684 1143.62
Thumb: 80.1024 234.066 1100.61
Index: 149.573 111.391 1129.24
Middle: 83.986 121.455 1181.33
Ring: 75.9674 102.235 1171.98
Little: 68.1004 75.3435 1147.86
Thumb: 81.151 238.998 1105.88
Index: 143.962 111.171 1138.47
Middle: 82.5403 120.164 1185.25
Ring: 73.6374 101.514 1175.87
Little: 63.6668 74.9086 1151.84
Thumb: 78.4051 246.553 1114.54
Index: 140.006 109.528 1148.87
Middle: 79.9828 117.684 1190.66
Ring: 71.3664 100.385 1180.8
Little: 56.4658 76.0416 1155.94
Thumb: 76.9682 255.814 1102.77
Index: 131.552 107.804 1167.24
Middle: 76.9296 111.106 1199.07
Ring: 69.4408 93.1142 1187.73
Little: 54.6262 73.8801 1161.35
Thumb: 84.2012 232.404 1128.91
Index: 132.256 110.519 1171.53
Middle: 76.3209 112.014 1202.35
Ring: 69.1912 93.378 1190.97
Little: 56.0106 71.375 1164.45
Thumb: 84.4375 242.138 1123.64
Index: 143.842 109.189 1165.42
Middle: 81.4754 117.113 1205.9
Ring: 74.2 97.5977 1195.44
Little: 57.7467 75.0349 1170.01
Thumb: 69.6868 255.866 1119.96
Index: 156.558 114.847 1145.49
Middle: 86.8291 126.832 1205.51
Ring: 79.8081 106.853 1196.55
Little: 67.9833 78.3899 1173.08
Thumb: 70.0136 251.725 1136.6
Index: 154.179 117.17 1146.64
Middle: 83.7562 126.751 1208.14
Ring: 77.361 106.669 1198.91
Little: 67.3709 77.9691 1175.11
Thumb: 14.1667 144.712 1208.69
Index: 127.28 115.989 1177.95
Middle: 74.7932 119.884 1214.39
Ring: 69.0356 105.116 1205.36
Little: 50.0876 81.2721 1179.93
Thumb: 72.7028 116.297 1205.14
Index: -2.41069 23.368 1137.28
Middle: -42.9498 96.6903 1175.16
Ring: -46.5756 91.3989 1156.81
Little: -15.835 43.5781 1099.36
Thumb: 23.2881 150.849 1209.06
Index: 0.476964 21.8126 1113.01
Middle: -41.8841 47.793 1104.01
Ring: -55.4271 86.9167 1121.63
Little: -13.8116 55.5722 1088.83
Thumb: 13.6182 119.973 1202.88
Index: -2.47459 27.0483 1110.01
Middle: -30.1672 51.7922 1093.67
Ring: -51.2239 100.935 1112.15
Little: -6.5722 54.9853 1081.03
Thumb: 5.75641 122.609 1202.81
Index: -2.37459 27.051 1111.51
Middle: -27.4686 44.1268 1087.38
Ring: -48.9356 109.391 1108.91
Little: -3.4654 53.9708 1081.4
Thumb: -2.62499 124.508 1206.94
Index: -3.82621 26.0294 1112.16
Middle: -18.2966 29.3911 1078.99
Ring: -50.2263 104.066 1104.82
Little: -1.36633 51.7057 1081.79
Thumb: -11.3583 132.493 1203.16
Index: -3.02565 25.5723 1113.62
Middle: -14.4837 25.7096 1078.97
Ring: -51.7721 96.9453 1098.09
Little: -0.469574 49.3156 1081.7
Thumb: -13.2318 139.851 1200.1
Index: -4.45683 29.2805 1118.35
Middle: -14.9334 30.6987 1083.84
Ring: -11.5521 36.9434 1073.46
Little: 1.0106 51.3116 1083.65
Thumb: -19.119 146.148 1199.25
Index: -8.68963 41.3251 1113.11
Middle: -7.69821 30.5837 1096.63
Ring: 1.84434 35.2176 1079.66
Little: 9.31891 60.8606 1082.88
Thumb: -33.0427 141.694 1189.58
Index: -7.28204 37.6331 1107.72
Middle: -8.14736 23.6386 1103.18
Ring: 1.45649 31.4172 1083.76
Little: 15.3522 55.1507 1081.99
Thumb: -30.316 155.884 1181.61
Index: -33.5643 36.6244 1131.36
Middle: -14.0318 19.4349 1111.8
Ring: -11.1653 25.626 1107.65
Little: 6.09556 44.3544 1073.13
Thumb: -45.2534 148.236 1164.89
Index: -41.9614 39.9304 1126.99
Middle: -14.9919 14.0202 1118.84
Ring: -13.1323 23.2299 1107.83
Little: 6.91392 41.5826 1075.69
Thumb: -56.0648 144.56 1149.19
Index: -46.5005 40.3306 1121.02
Middle: -11.4269 13.1381 1126.27
Ring: -12.531 21.8218 1104.75
Little: 8.99641 41.2933 1076.63
Thumb: -63.1257 147.161 1135.77
Index: -48.2886 39.7065 1115.81
Middle: -14.1246 15.1669 1123.36
Ring: -11.87 23.4219 1105.96
Little: 12.9734 41.466 1079.52
Thumb: -70.5349 149.729 1126.3
Index: -51.4136 41.3579 1110.69
Middle: -18.4653 15.873 1122.29
Ring: -15.6385 25.5369 1108.54
Little: 13.895 40.1143 1083.39
Thumb: -75.1529 148.424 1118.11
Index: -53.098 41.8137 1103.4
Middle: -20.553 16.7621 1118.09
Ring: -14.773 24.8729 1106.86
Little: 13.6042 40.9807 1084.97
Thumb: -77.946 147.512 1110.98
Index: -55.4439 42.3648 1096.43
Middle: -25.6293 34.901 1092.43
Ring: -15.8422 22.7143 1105.9
Little: 12.7649 39.2887 1088.28
Thumb: -76.3706 146.654 1103.42
Index: -57.4605 44.1967 1093.52
Middle: -27.4696 35.3364 1092.07
Ring: -17.2538 22.6599 1106.45
Little: 11.1946 39.4537 1091.09
Thumb: -76.7315 146.756 1100.42
Index: -60.1118 50.5549 1078.31
Middle: -28.2916 35.5695 1090.43
Ring: -17.5447 22.5268 1105.74
Little: 11.0039 39.3178 1092.24
Thumb: -78.0483 147.336 1098.94
Index: -61.7945 46.6548 1081.63
Middle: -29.8829 36.3571 1089.13
Ring: -19.8883 22.6661 1105.61
Little: 9.32243 39.0406 1092.49
Thumb: -77.3746 149.728 1097.55
Index: -64.3571 47.464 1084.21
Middle: -33.0706 38.3361 1088.02
Ring: -22.5914 23.08 1104.85
Little: 6.41817 39.0748 1092.13
Thumb: -79.7791 150.374 1096.42
Index: -64.8871 45.6547 1084.61
Middle: -33.6519 37.0011 1088.63
Ring: -23.6069 23.2562 1103.46
Little: 6.16559 39.2274 1093.79
Thumb: -79.9145 149.982 1091.42
Index: -65.7162 45.2373 1085.19
Middle: -34.5243 37.6264 1087.73
Ring: -25.3305 24.4276 1104.09
Little: 5.30293 39.7049 1094.46
Thumb: -78.1201 149.549 1088.27
Index: -65.7911 46.5205 1083.86
Middle: -34.9738 39.2837 1084.72
Ring: -26.6617 25.1049 1103.2
Little: 5.19338 39.858 1095.08
Thumb: -78.2976 148.09 1087.19
Index: -65.9775 48.8618 1079.33
Middle: -35.4438 38.5185 1084.96
Ring: -29.0936 26.055 1103.68
Little: 5.52032 39.9405 1098.41
Thumb: -76.9609 148.866 1084.1
Index: -65.6734 49.4501 1077.11
Middle: -35.2628 39.3144 1083.54
Ring: -28.5139 26.5147 1102.82
Little: 5.25413 40.9259 1098.14
Thumb: -76.8017 148.715 1084.06
Index: -64.8086 51.1223 1076.79
Middle: -34.9606 39.4989 1083.21
Ring: -28.3636 26.5628 1102.33
Little: 6.04808 40.5795 1097.92
Thumb: -76.7463 149.258 1082.76
Index: -64.2833 51.3578 1076.13
Middle: -34.5996 39.7864 1082.33
Ring: -28.5827 26.7082 1101.27
Little: 5.96188 40.8685 1097.85
Thumb: -76.8094 149.224 1082.75
Index: -64.8387 48.7676 1078.87
Middle: -34.652 39.5511 1082.68
Ring: -28.406 26.6876 1101.88
Little: 5.96242 40.8373 1097.82
Thumb: -78.2089 148.645 1082.18
Index: -64.2132 45.178 1086.66
Middle: -34.2393 39.5396 1082.58
Ring: -27.8383 26.8303 1103.83
Little: 6.80532 40.7452 1098.53
Thumb: -79.0553 148.762 1083.42
Index: -66.2308 45.8646 1092.89
Middle: -20.9876 79.0709 1078.38
Ring: -28.8277 27.6993 1109.07
Little: 4.70881 41.6147 1101.43
Thumb: -79.5263 150.44 1084.63
Index: -65.0587 44.7873 1097.32
Middle: -19.9524 79.0082 1078.23
Ring: -28.5721 28.0506 1108.95
Little: 5.62441 41.5922 1101.36
Thumb: -79.8866 150.532 1084.7
Index: -65.0167 44.5248 1097.51
Middle: -19.8637 79.0172 1078.27
Ring: -28.4912 28.0787 1109.01
Little: 5.71556 41.6659 1101.48
Thumb: -80.2182 150.209 1086.57
Index: -63.9052 43.1915 1098.95
Middle: -19.2035 78.4584 1078.73
Ring: -26.6422 27.5444 1109.9
Little: 6.91764 41.6385 1101.66
Thumb: -78.9212 148.519 1086.19
Index: -63.1214 42.856 1098.67
Middle: -18.6866 78.2049 1078.8
Ring: -25.4307 26.9274 1109.81
Little: 7.89119 41.4661 1101.83
Thumb: -79.543 148.544 1086.07
Index: -63.3152 42.5774 1098.94
Middle: -18.7396 78.2282 1078.87
Ring: -25.4192 26.9187 1109.86
Little: 7.87314 41.4549 1101.77
Thumb: -80.0116 149.045 1086.14
Index: -62.1385 42.5833 1099.05
Middle: -17.6091 78.2185 1078.91
Ring: -24.1907 26.9216 1109.97
Little: 9.04228 41.4775 1101.75
Thumb: -79.7906 150.551 1086.03
Index: -62.273 42.7541 1097.77
Middle: -17.6889 78.2215 1079.34
Ring: -23.1313 26.3241 1110.45
Little: 9.0014 41.6506 1102.95
Thumb: -76.3913 153.516 1085.06
Index: -61.9755 44.931 1098.26
Middle: -16.5052 79.533 1079.48
Ring: -23.0567 27.7367 1109.97
Little: 9.56114 42.4629 1102.99
Thumb: -76.9877 153.975 1085.47
Index: -61.1598 46.09 1096.03
Middle: -15.9254 80.0628 1080.16
Ring: -21.9659 28.3529 1111.47
Little: 10.2894 43.241 1103.63
Thumb: -75.0022 155.794 1084.95
Index: -61.0482 47.5217 1096.78
Middle: -15.4964 81.4471 1080.17
Ring: -22.4014 29.99 1111.59
Little: 10.2453 44.3522 1103.78
Thumb: -73.6659 154.206 1083.19
Index: -58.9542 47.4236 1095.53
Middle: -13.7714 82.3901 1078.93
Ring: -19.6755 29.7024 1107.6
Little: 12.5693 45.3539 1103.04
Thumb: -68.9923 153.96 1081.42
Index: -57.0523 47.8752 1095.81
Middle: -11.6136 82.5926 1078.62
Ring: -17.721 30.1723 1109.21
Little: 14.0615 45.6847 1103.1
Thumb: -66.741 153.688 1081.46
Index: -54.5107 48.2433 1094.07
Middle: -8.79856 83.0918 1077.82
Ring: -14.0987 29.7106 1107.91
Little: 16.4482 45.8819 1102.07
Thumb: -60.4274 151.742 1081.4
Index: -49.9618 46.6474 1090.6
Middle: -4.35409 82.8734 1077.63
Ring: -10.7994 29.579 1102.54
Little: 20.6299 45.3851 1096.96
Thumb: -52.7961 153.17 1080.41
Index: -45.2054 48.4771 1090.21
Middle: -0.0123901 84.8244 1077.57
Ring: -6.78607 31.4959 1101.89
Little: 25.2077 46.8389 1095.94
Thumb: -42.7577 155.873 1078.48
Index: -36.9942 52.1238 1084.88
Middle: 7.24425 88.1352 1076.45
Ring: -0.746064 35.2193 1090.79
Little: 29.6152 49.3431 1093.23
