Thumb: -71.4287 116.34 1080.64
Index: -70.1238 27.7648 1085.54
Middle: -106.92 41.838 1091.19
Ring: -130.136 64.8383 1080.73
Little: -151.389 110.071 1082.72
Thumb: -64.7246 113.49 1081.67
Index: -67.6064 31.332 1092.01
Middle: -99.7642 37.8274 1087
Ring: -124.767 63.9463 1082.54
Little: -127.595 108.316 1093.24
Thumb: -67.0093 115.244 1082.33
Index: -71.8054 30.7915 1091.93
Middle: -102.807 39.4012 1085.81
Ring: -126.677 65.5374 1082.54
Little: -129.851 110.513 1094.38
Thumb: -70.2282 114.119 1082.6
Index: -75.3246 29.3393 1091.19
Middle: -105.827 38.3193 1085.54
Ring: -128.399 62.4481 1080.54
Little: -130.867 108.754 1094.85
Thumb: -70.8331 114.771 1083.03
Index: -77.8891 30.695 1090.72
Middle: -107.303 38.8216 1084.59
Ring: -128.832 63.1452 1082.91
Little: -131.259 110.442 1095.68
Thumb: -73.8678 114 1084.78
Index: -81.818 32.614 1094.92
Middle: -109.382 37.747 1088.79
Ring: -130.291 61.3596 1088.09
Little: -143.602 96.1541 1086.98
Thumb: -74.4627 113.889 1084.57
Index: -86.1228 33.1357 1091.98
Middle: -111.377 38.6371 1090.49
Ring: -129.497 60.9135 1092.5
Little: -143.55 96.4699 1088.05
Thumb: -76.1569 115.549 1085.1
Index: -88.0578 35.4303 1093.82
Middle: -111.556 40.2805 1093.45
Ring: -127.646 60.188 1094.38
Little: -142.101 95.7927 1090.18
Thumb: -77.0335 114.649 1085.49
Index: -93.2467 38.882 1094.8
Middle: -115.793 40.7087 1091.43
Ring: -128.093 60.0646 1098.15
Little: -143.245 95.2193 1092.02
Thumb: -77.3264 114.722 1085.75
Index: -95.1337 40.0854 1094.89
Middle: -117.71 42.5771 1094.47
Ring: -129.82 61.3699 1099.7
Little: -143.663 96.3515 1093.6
Thumb: -76.97 115.102 1085.79
Index: -97.2382 41.3499 1095.95
Middle: -120.326 43.6425 1091.8
Ring: -128.235 61.4364 1100.95
Little: -141.933 97.3851 1095.09
Thumb: -76.95 114.72 1085.66
Index: -97.8668 40.869 1094.34
Middle: -119.835 43.3658 1093.49
Ring: -127.37 60.9948 1102.95
Little: -142.031 97.1533 1096.32
Thumb: -76.2033 113.949 1086
Index: -94.6668 41.499 1099.58
Middle: -118.726 42.6409 1095.53
Ring: -124.939 60.7574 1105.84
Little: -140.031 95.3071 1097.58
Thumb: -74.6916 112.312 1085.41
Index: -89.5433 39.6408 1099.2
Middle: -114.996 40.2496 1096.48
Ring: -121.232 57.6523 1107.07
Little: -137.012 90.8326 1099.53
Thumb: -70.2253 110.22 1084.17
Index: -83.7994 40.7839 1101.06
Middle: -107.573 40.9339 1101.67
Ring: -114.858 57.5498 1110.56
Little: -128.502 90.3145 1104.84
Thumb: -65.2949 109.804 1084.18
Index: -73.8677 38.3284 1099.7
Middle: -99.387 40.5417 1104.31
Ring: -107.659 54.4027 1111.04
Little: -118.165 87.3423 1106.52
Thumb: -60.5269 108.164 1083.53
Index: -66.0876 39.0872 1103.82
Middle: -92.9335 38.193 1103.62
Ring: -101.531 52.4943 1110.55
Little: -114.328 81.6777 1103.39
Thumb: -55.0137 107.319 1083.09
Index: -57.9184 37.1121 1102.3
Middle: -85.0908 33.6698 1100.56
Ring: -93.5276 50.323 1110.14
Little: -106.996 78.4784 1101.3
Thumb: -48.9681 105.906 1082.75
Index: -48.3637 35.7656 1102.76
Middle: -73.6027 33.927 1103.67
Ring: -85.9414 46.5274 1107.86
Little: -99.6613 74.2781 1099.47
Thumb: -41.9499 104.456 1082.06
Index: -41.5579 32.4046 1098.85
Middle: -63.4217 31.8723 1103.65
Ring: -80.5993 45.3596 1107.5
Little: -90.7132 70.8574 1099.52
Thumb: -34.5211 104.539 1081.28
Index: -30.4822 33.7376 1098.42
Middle: -54.033 28.786 1099.78
Ring: -70.6783 41.8692 1104.2
Little: -82.4924 69.2343 1099.55
Thumb: -29.9542 102.1 1082.92
Index: -22.3778 32.1751 1100.33
Middle: -48.5977 25.1451 1101.68
Ring: -63.5825 41.4587 1109.37
Little: -76.639 65.9751 1103.34
Thumb: -23.9481 98.717 1084.08
Index: -15.0278 30.8906 1105.55
Middle: -42.6453 23.6254 1103.71
Ring: -55.5177 38.2851 1112.68
Little: -69.702 61.9023 1104.08
Thumb: -16.8033 98.6053 1085.86
Index: -9.82827 28.1183 1104.09
Middle: -38.4123 20.1716 1099.96
Ring: -49.3203 35.8498 1110.25
Little: -62.1848 61.0964 1104.24
Thumb: -9.13972 94.9813 1086.17
Index: -5.08178 26.7388 1104.11
Middle: -31.8864 18.5851 1103.63
Ring: -42.572 31.666 1108.94
Little: -55.8025 55.2649 1099.25
Thumb: -2.61 92.743 1085.84
Index: 4.72651 25.2655 1106.73
Middle: -24.4237 14.8067 1099.62
Ring: -37.7422 28.1287 1104.55
Little: -51.305 53.7302 1100.92
Thumb: 3.23041 89.9337 1086.73
Index: 12.7746 21.4426 1104.33
Middle: -15.5147 13.9471 1103.43
Ring: -32.2954 28.0781 1110.15
Little: -46.5348 50.1079 1103.46
Thumb: 9.20306 86.8274 1086.27
Index: 21.3443 20.4166 1107.52
Middle: -9.0035 10.7721 1103.41
Ring: -23.6024 30.3312 1109.68
Little: -40.8436 50.5407 1107.82
Thumb: 15.1775 86.6889 1086.77
Index: 31.8078 17.4499 1107.78
Middle: -1.871 9.0881 1099.47
Ring: -17.3125 30.3382 1109.2
Little: -35.8318 51.27 1108.38
Thumb: 21.2444 85.4552 1086.27
Index: 40.2299 13.395 1106.36
Middle: 4.78804 6.04757 1097.05
Ring: -9.78831 29.0796 1110.13
Little: -31.4964 48.217 1107.34
Thumb: 27.5561 84.2038 1086.04
Index: 47.905 11.2986 1103.03
Middle: 12.7422 3.98809 1095.25
Ring: -1.81881 25.8927 1107.13
Little: -26.2341 44.1359 1104.36
Thumb: 33.0675 83.4404 1086.79
Index: 54.9829 10.0459 1100.81
Middle: 19.2002 2.21498 1091.41
Ring: 5.11206 25.027 1107.23
Little: -20.2201 43.18 1107.68
Thumb: 37.6939 81.1566 1086.49
Index: 60.3261 9.38622 1101.16
Middle: 24.2084 0.594301 1091.22
Ring: 8.96717 21.3858 1105.85
Little: -12.6847 46.1746 1109.83
Thumb: 45.8668 83.5254 1084.67
Index: 66.0337 9.45245 1094.67
Middle: 29.86 3.57822 1088.34
Ring: 14.2228 20.9899 1102.53
Little: -7.10073 48.527 1106.59
Thumb: 49.526 82.1773 1084.72
Index: 70.1948 7.71572 1095.21
Middle: 34.7305 1.27631 1085.28
Ring: 18.153 20.0517 1102.49
Little: -4.87868 47.824 1105.51
Thumb: 54.1818 79.4514 1084.85
Index: 75.1226 4.84027 1094.99
Middle: 39.754 -1.73886 1085.93
Ring: 23.5944 22.0146 1103.62
Little: -1.48371 45.3453 1105.02
Thumb: 57.2521 80.683 1084.54
Index: 81.0667 6.43582 1093.57
Middle: 46.3758 -1.32011 1083.62
Ring: 27.223 21.5835 1102.81
Little: 2.55541 46.2685 1105.99
Thumb: 59.8863 80.2969 1085.91
Index: 85.3513 9.94425 1104.68
Middle: 49.7953 -2.04171 1082.19
Ring: 27.4757 19.3727 1101.14
Little: 3.66763 45.0272 1104.68
Thumb: 62.143 80.7002 1086.72
Index: 88.6898 9.4431 1103.55
Middle: 52.9172 -1.82179 1082.74
Ring: 27.4876 15.8688 1098.85
Little: 6.09722 45.7614 1108.17
Thumb: 65.3861 81.051 1086.15
Index: 90.917 8.08715 1102.57
Middle: 54.5862 -1.45579 1082.07
Ring: 29.331 17.217 1098.17
Little: 12.5602 57.8379 1111.32
Thumb: 66.1804 81.6888 1085.88
Index: 91.9888 8.57834 1105.85
Middle: 54.8136 -1.14414 1083.88
Ring: 24.5284 17.6966 1094.75
Little: 12.1003 58.6629 1115.28
Thumb: 66.1021 81.6682 1085.88
Index: 91.2513 8.94861 1106.56
Middle: 54.773 -1.1909 1082.79
Ring: 24.5846 17.9645 1095.29
Little: 10.077 57.6871 1112.81
Thumb: 67.0908 83.5756 1086.78
Index: 90.1535 18.3236 1111.39
Middle: 52.6898 1.09175 1082.58
Ring: 21.5886 20.5379 1090.93
Little: 10.0433 64.1921 1110.6
Thumb: 65.5709 83.205 1086.53
Index: 88.7282 23.3106 1111.84
Middle: 48.7899 1.3672 1082.58
Ring: 20.7869 22.743 1095.62
Little: 5.79103 59.5086 1111.29
Thumb: 62.4948 85.1389 1086.54
Index: 96.5818 56.1528 1105.13
Middle: 44.0216 3.62015 1082.81
Ring: 11.5741 23.9106 1085
Little: 0.582284 60.9864 1109.03
Thumb: 61.6998 88.7057 1086.18
Index: 94.0812 58.3899 1104.58
Middle: 40.443 7.88442 1082.64
Ring: 8.66831 29.3643 1084.04
Little: -2.89245 66.3148 1108.52
Thumb: 57.5786 89.0256 1086.28
Index: 89.7234 57.7939 1104.14
Middle: 34.8578 8.71432 1081.29
Ring: 3.55435 30.5469 1084.5
Little: -3.83473 72.2903 1107.87
Thumb: 55.1699 89.2809 1086.04
Index: 84.8704 56.0867 1105.91
Middle: 29.4116 9.60093 1080.02
Ring: -2.54981 34.6194 1083.14
Little: -9.50693 75.7131 1105.05
Thumb: 50.7656 90.2738 1086.21
Index: 80.5329 58.4286 1107.51
Middle: 23.3831 11.2605 1080.02
Ring: -7.11863 35.9763 1082.03
Little: -20.8651 68.0636 1099.63
Thumb: 45.1486 91.4146 1085.96
Index: 74.3207 58.5561 1107.05
Middle: 16.5645 12.9696 1078.21
Ring: -13.4454 38.0849 1083.44
Little: -24.3569 73.1254 1102.21
Thumb: 41.5247 92.7623 1086.46
Index: 68.767 59.5427 1111.07
Middle: 10.3532 15.5583 1080.2
Ring: -16.8073 39.2155 1081.62
Little: -31.4047 71.3258 1095.66
Thumb: 36.2922 97.4735 1086.49
Index: 62.3811 64.41 1115.68
Middle: 5.33184 20.1112 1080.38
Ring: -19.5068 42.0948 1081.22
Little: -35.267 75.3555 1094.31
Thumb: 29.7075 95.1053 1087.68
Index: 55.0103 61.868 1111.71
Middle: -3.83099 19.1257 1082.64
Ring: -25.9014 39.6165 1083.41
Little: -33.8359 84.3023 1106.92
Thumb: 25.5117 100.374 1089.36
Index: 50.3319 66.3018 1113.73
Middle: -6.58106 23.3256 1082.92
Ring: -30.3371 45.3977 1084.65
Little: -38.5093 90.0899 1103.2
Thumb: 20.8683 101.474 1092.25
Index: 44.8155 66.5398 1116.88
Middle: -13.0937 25.2124 1085.02
Ring: -34.1643 45.9995 1086.42
Little: -47.9141 83.5971 1100.72
Thumb: 13.0806 101.193 1094.55
Index: 38.164 67.8896 1122.29
Middle: -20.1459 24.0935 1090.92
Ring: -41.9956 45.6754 1091.36
Little: -48.7837 92.6476 1109.67
Thumb: 6.65841 101.054 1097.15
Index: 32.2748 66.1466 1122.54
Middle: -24.6883 22.6955 1094.82
Ring: -47.9012 45.1689 1094.71
Little: -55.7313 90.5378 1113.35
Thumb: 0.953337 102.058 1098.49
Index: 14.9089 43.5229 1128.31
Middle: -27.6423 22.0671 1096.51
Ring: -55.0711 47.4533 1096.21
Little: -69.4338 82.6366 1105.62
Thumb: -4.46694 101.253 1100.52
Index: 10.3456 46.9109 1131.24
Middle: -31.0716 20.9995 1096.76
Ring: -60.9889 46.7938 1096.77
Little: -75.6776 80.256 1100.88
Thumb: -12.8745 105.887 1098.98
Index: -24.1143 35.5922 1100.09
Middle: -17.0408 113.258 1176.63
Ring: -64.0416 47.0568 1088.76
Little: -81.3549 80.1394 1093.01
Thumb: -3.54773 97.9808 1097.06
Index: -38.0306 71.2564 1164.61
Middle: -38.0585 96.8505 1141.58
Ring: -33.7045 38.216 1105.61
Little: -41.0302 63.5453 1075.85
Thumb: -3.2315 103.279 1096.91
Index: -38.403 32.1983 1109.27
Middle: -34.1626 80.3514 1105.39
Ring: -43.1524 45.9131 1064.94
Little: -41.5694 78.2414 1053.76
Thumb: -5.4799 99.0846 1099.87
Index: -42.7635 32.3183 1113.17
Middle: -37.7409 77.6016 1107.74
Ring: -48.3335 42.1436 1069.51
Little: -40.0712 68.4252 1061.39
Thumb: -9.3202 99.8951 1101.63
Index: -46.8859 34.2717 1116.12
Middle: -36.8546 83.4492 1109.36
Ring: -54.2915 42.5718 1076.1
Little: -41.9304 66.5141 1063.88
Thumb: -14.7741 99.4927 1104.61
Index: -49.5029 36.8424 1117.49
Middle: -41.3337 84.1626 1109.78
Ring: -60.2702 41.2982 1081.71
Little: -47.4536 70.1902 1071.68
Thumb: -14.1802 104.218 1110.38
Index: -45.0198 41.3724 1121.29
Middle: -41.0894 90.3268 1115.91
Ring: -59.5236 47.3598 1084.29
Little: -45.8008 72.1308 1068.82
Thumb: -13.9954 106.957 1110.27
Index: -69.2239 61.4988 1133.71
Middle: -44.3581 99.262 1117.95
Ring: -53.9776 45.5236 1082.7
Little: -43.3677 71.3583 1069.33
Thumb: -14.7036 106.637 1112.14
Index: -68.5351 80.8172 1142.4
Middle: -44.6638 97.3043 1119.25
Ring: -52.9765 43.9062 1084.87
Little: -41.8021 68.344 1070.53
Thumb: -13.2537 104.776 1113.9
Index: -71.1572 109.291 1153.04
Middle: -47.8802 94.1084 1120.56
Ring: -51.7418 41.7891 1085.75
Little: -39.1473 68.1481 1072.97
Thumb: -12.4359 102.565 1117.48
Index: -69.1545 108.749 1157.88
Middle: -62.8004 124.36 1132.58
Ring: -49.3041 38.6197 1089.38
Little: -36.3918 69.4846 1073.47
Thumb: -14.196 102.343 1118.97
Index: -32.5064 130.715 1167.9
Middle: -69.225 121.955 1132.49
Ring: -49.0301 37.0516 1090.89
Little: -37.2824 67.9851 1075.36
Thumb: -14.1218 102.34 1119.53
Index: -53.1381 142.063 1170.08
Middle: -79.9015 116.475 1130.68
Ring: -49.2638 37.3102 1091.08
Little: -37.1431 67.49 1074.61
Thumb: -13.5248 102.68 1118.7
Index: -46.0615 143.058 1169.35
Middle: -81.7623 117.43 1129.08
Ring: -46.6381 35.5802 1093.7
Little: -35.3319 67.0413 1075.06
Thumb: -13.7347 104.25 1120.39
Index: -55.4461 145.945 1168.65
Middle: -88.75 111.572 1127.82
Ring: -47.3097 37.2265 1095.6
Little: -30.5545 53.5221 1074.84
Thumb: -14.4841 105.502 1121.65
Index: -58.9278 147.012 1168.24
Middle: -91.7152 106.565 1126.56
Ring: -46.7704 37.7591 1096.92
Little: -30.8349 54.7576 1077.9
Thumb: -16.7895 106.646 1122.68
Index: -65.8652 146.34 1169.34
Middle: -77.3778 55.0202 1116.3
Ring: -48.9332 38.4344 1100.05
Little: -28.9647 52.6555 1081.7
Thumb: -16.8223 106.658 1122.71
Index: -65.6914 146.481 1169.24
Middle: -77.3366 54.7926 1116.58
Ring: -48.8563 38.2239 1100.87
Little: -28.9707 52.5954 1081.75
Thumb: -18.1372 106.733 1123.84
Index: -70.2306 146.533 1169.92
Middle: -78.3178 54.4634 1117.86
Ring: -49.814 37.959 1102.61
Little: -29.7175 52.1801 1083.37
Thumb: -21.4121 114.712 1117.71
Index: -78.4296 149.373 1162.38
Middle: -81.9933 60.429 1111.9
Ring: -53.0893 45.0672 1108.25
Little: -66.7774 96.9294 1082.04
Thumb: -21.2592 117.16 1116.45
Index: -79.9926 150.453 1159.77
Middle: -80.8571 62.2283 1109.29
Ring: -51.3142 46.7008 1107.68
Little: -65.6729 99.1458 1079.78
Thumb: -23.7445 114.414 1114.91
Index: -82.1061 146.248 1160.74
Middle: -83.2536 59.4466 1107.31
Ring: -53.6844 44.0613 1104.98
Little: -68.5683 97.0585 1078.43
Thumb: -25.325 113.712 1113.38
Index: -78.5551 150.576 1161.38
Middle: -85.2506 59.8006 1104.3
Ring: -55.8397 43.7636 1102.4
Little: -69.2531 94.0093 1078.65
Thumb: -25.0394 113.431 1111.73
Index: -79.475 148.366 1161.04
Middle: -84.8793 59.4692 1102.38
Ring: -54.3541 43.0736 1099.81
Little: -69.279 92.0543 1078.21
Thumb: -22.647 114.27 1109.59
Index: -74.2354 149.282 1160.97
Middle: -82.5611 60.4771 1099.88
Ring: -52.8168 44.4259 1098.31
Little: -67.1137 92.5206 1076.56
Thumb: -25.1369 119.346 1108.22
Index: -78.6664 150.236 1159.23
Middle: -80.7909 61.1202 1098.6
Ring: -49.8827 47.5681 1093.89
Little: -68.1308 94.5416 1075.39
Thumb: -25.3082 121.725 1105.93
Index: -62.2208 155.125 1159.19
Middle: -81.4888 63.8194 1096.39
Ring: -48.4199 49.4221 1091.23
Little: -68.3556 97.3604 1072.86
Thumb: -25.3853 121.765 1105.15
Index: -62.188 155.283 1158.45
Middle: -81.5915 63.8949 1095.66
Ring: -48.421 49.3881 1091.36
Little: -66.7176 94.9405 1073.11
Thumb: -25.3035 121.18 1102.05
Index: -60.9394 152.271 1155.6
Middle: -80.0505 62.5036 1091.11
Ring: -45.9554 47.9891 1088.53
Little: -65.6128 93.1251 1069.98
Thumb: -25.1746 121.337 1102.04
Index: -64.9726 153.273 1155.96
Middle: -79.4862 62.2068 1091.01
Ring: -45.49 48.0735 1088.25
Little: -65.1717 92.8882 1070.1
Thumb: -24.9281 121.592 1102.27
Index: -62.8533 151.92 1155.86
Middle: -78.5462 61.732 1091.35
Ring: -43.4283 47.8359 1088.56
Little: -65.2556 95.627 1069.01
Thumb: -24.3584 122.861 1103.79
Index: -62.8377 151.675 1157.85
Middle: -75.8529 60.8561 1092.76
Ring: -39.8845 48.4723 1089.73
Little: -61.1066 90.3442 1072.77
Thumb: -23.2318 124.41 1104.87
Index: -63.1294 151.692 1158.7
Middle: -72.0436 60.2364 1094
Ring: -35.5878 49.331 1092.48
Little: -59.6717 91.3639 1073.33
Thumb: -22.5601 127.266 1107.12
Index: -69.2596 153.105 1160.7
Middle: -68.2413 60.8128 1096.25
Ring: -31.6308 51.6815 1094.99
Little: -58.7251 95.3183 1074.33
Thumb: -21.729 126.93 1109.02
Index: -69.429 153.041 1162.26
Middle: -67.8357 60.7926 1098.66
Ring: -27.9058 51.0001 1096.46
Little: -58.5906 99.2931 1073.73
Thumb: -20.6566 127.481 1111.52
Index: -67.286 151.69 1165.39
Middle: -64.6503 59.9847 1101.11
Ring: -22.1458 51.2951 1099.48
Little: -53.1279 96.7059 1077.06
Thumb: -20.3146 127.722 1113
Index: -61.3318 148.78 1165.57
Middle: -60.0464 57.6604 1102.87
Ring: -17.4954 51.5773 1100.02
Little: -54.454 99.342 1076.51
Thumb: -18.4749 130.631 1116.88
Index: -59.3156 147.819 1169.34
Middle: -53.2284 57.6452 1106.75
Ring: -13.3746 54.8108 1101.9
Little: -44.9263 99.6344 1082.29
Thumb: -15.8466 129.576 1117.82
Index: -51.8536 143.643 1169.21
Middle: -48.9673 56.1488 1106.62
Ring: -9.11852 53.8482 1102.73
Little: -5.9433 80.2335 1096.08
Thumb: -11.9261 130.73 1118.38
Index: -43.3858 144.505 1167.88
Middle: -40.4362 55.2754 1107.58
Ring: -2.66976 54.973 1104.56
Little: 1.0492 81.6423 1097.91
Thumb: -9.61175 133.924 1119.7
Index: -42.3011 147.697 1172.23
Middle: -33.0673 56.9993 1107.53
Ring: 5.92363 59.6424 1103.68
Little: 6.30488 86.4403 1097.57
Thumb: -6.26712 132.834 1121.03
Index: -37.0044 141.758 1172.08
Middle: -25.4473 54.7296 1108.89
Ring: 12.9366 59.4096 1105.19
Little: 15.251 87.6874 1099
Thumb: 1.82934 129.332 1123.65
Index: -29.0666 141.467 1174.92
Middle: -19.8153 51.8143 1111.95
Ring: 18.5983 55.3767 1105.85
Little: 19.9068 82.3429 1102.08
Thumb: 5.961 124.129 1124.06
Index: -28.0986 132.332 1174.96
Middle: -12.6356 45.8358 1112.25
Ring: 25.6853 50.9687 1106
Little: 26.2606 78.146 1102.33
Thumb: 9.43245 123.473 1122.43
Index: -26.1815 130.318 1173.07
Middle: -5.00603 44.0009 1112.05
Ring: 33.4955 51.3495 1105.89
Little: 34.3716 79.5645 1101.42
Thumb: 14.9433 121.939 1122.62
Index: -17.7558 125.28 1173.63
Middle: 0.611251 42.4572 1111.83
Ring: 37.9622 50.4823 1103.36
Little: 39.4959 78.7637 1099.99
Thumb: 22.6687 119.932 1123.43
Index: -9.92738 124.777 1175.12
Middle: 6.54144 40.9697 1111.26
Ring: 40.6401 47.8168 1101.98
Little: 46.9819 76.8628 1100.1
Thumb: 28.678 121.063 1123.69
Index: -6.14465 126.823 1178.2
Middle: 15.6171 41.731 1110.2
Ring: 50.1863 50.2827 1100.38
Little: 53.6647 79.308 1098.74
Thumb: 32.8621 126.577 1120.47
Index: 0.350628 131.563 1171.92
Middle: 21.4289 46.0967 1110.4
Ring: 58.025 56.0641 1101.61
Little: 57.2924 84.2091 1096.66
Thumb: 41.1115 118.482 1121.76
Index: 12.2987 122.72 1172.9
Middle: 27.5528 38.454 1111.04
Ring: 65.4771 47.9797 1103.66
Little: 65.4364 76.434 1097.29
Thumb: 44.9992 119.622 1121.19
Index: 14.9364 123.345 1172.8
Middle: 34.1168 39.3169 1109.88
Ring: 72.6137 50.228 1103.2
Little: 71.5303 78.7408 1096.95
Thumb: 47.181 122.617 1122.06
Index: 17.1936 123.034 1174.11
Middle: 41.2592 42.0403 1109.79
Ring: 78.8315 54.8622 1103.41
Little: 76.575 83.7843 1096.98
Thumb: 53.9704 129.443 1120.42
Index: 23.9546 131.103 1172.06
Middle: 48.1399 49.002 1108.17
Ring: 79.875 59.4075 1104.24
Little: 80.9229 88.5697 1096.48
Thumb: 56.374 128.666 1123.45
Index: 30.7028 128.43 1175.18
Middle: 50.6993 48.4711 1109.97
Ring: 81.0844 59.0586 1105.64
Little: 83.9122 89.3871 1097.82
Thumb: 56.3741 128.671 1123.36
Index: 30.792 128.35 1175.13
Middle: 50.6931 48.4921 1109.8
Ring: 86.2948 60.4228 1105.09
Little: 83.8886 89.4338 1097.64
Thumb: 56.3305 128.568 1123.41
Index: 30.6599 128.372 1175.14
Middle: 48.48 48.6114 1110.45
Ring: 77.6663 58.8412 1105.63
Little: 83.7899 89.2327 1097.74
Thumb: 72.6779 136.285 1118.08
Index: 40.1701 127.221 1176.47
Middle: 73.9945 56.4603 1103.27
Ring: 108.321 74.7691 1092.23
Little: 105.933 105.319 1088.3
Thumb: 71.7922 136.38 1119.04
Index: 39.5003 128.247 1176.34
Middle: 71.1409 56.443 1105.77
Ring: 104.462 75.0426 1089.35
Little: 107.335 106.524 1090.3
Thumb: 71.9805 136.492 1118.96
Index: 25.6769 96.4769 1172.56
Middle: 64.1937 57.9505 1109.27
Ring: 94.5825 74.9209 1088.04
Little: 106.45 105.886 1089.98
Thumb: 69.8878 141.292 1117.35
Index: 26.0529 84.5758 1165.06
Middle: 59.9048 64.4389 1106.94
Ring: 87.4796 81.0905 1087.2
Little: 103.352 111.346 1085.06
Thumb: 71.0221 144.673 1118.98
Index: 29.704 84.6288 1164.85
Middle: 58.4198 68.8704 1109.13
Ring: 89.4197 84.2816 1086.82
Little: 104.096 115.867 1085.17
Thumb: 71.7049 147.066 1118.86
Index: 33.6394 84.1729 1163.63
Middle: 57.5793 71.9565 1110.06
Ring: 84.2206 88.1373 1088.6
Little: 101.465 118.022 1083.67
Thumb: 70.9408 152.347 1121.49
Index: 38.1914 85.6798 1164.46
Middle: 60.7542 76.3694 1111.48
Ring: 88.7213 93.653 1086.06
Little: 101.745 126.264 1084.72
Thumb: 70.4037 154.394 1121.14
Index: 45.0742 82.5972 1158.77
Middle: 61.7875 78.4827 1110.27
Ring: 86.0438 93.8369 1086.01
Little: 100.497 128.51 1083.6
Thumb: 71.5509 156.335 1121.32
Index: 47.9907 83.5682 1159
Middle: 62.7427 80.5716 1109.05
Ring: 84.7951 97.62 1084.92
Little: 98.1139 130.576 1081.85
Thumb: 71.547 156.464 1121.54
Index: 51.1523 82.1367 1155.54
Middle: 62.5845 80.4958 1109.64
Ring: 82.5292 97.2891 1085.03
Little: 97.4536 131.593 1082.58
Thumb: 73.1486 157.953 1122.16
Index: 45.1032 99.3762 1168.86
Middle: 60.9606 82.8057 1108.26
Ring: 77.6277 99.2986 1084.97
Little: 98.3405 133.797 1081.24
Thumb: 73.0724 159.395 1122.46
Index: 50.8617 96.7035 1162.41
Middle: 61.3116 84.3121 1108.02
Ring: 77.8193 101.195 1084.71
Little: 97.9455 135.674 1081.16
Thumb: 73.0747 159.345 1122.51
Index: 51.3589 97.6136 1162.63
Middle: 60.7066 84.5569 1108.54
Ring: 73.6215 101.076 1087.29
Little: 93.2399 135.152 1081.23
Thumb: 73.3065 159.488 1122.78
Index: 69.127 81.9554 1140.01
Middle: 58.8883 84.6014 1111.14
Ring: 72.0983 101.403 1089.17
Little: 97.1204 135.481 1081.81
Thumb: 73.281 159.446 1122.78
Index: 68.8842 81.9384 1140.1
Middle: 57.4144 84.7937 1112.74
Ring: 72.7009 99.6118 1088.85
Little: 97.0579 135.366 1082.64
Thumb: 73.4006 159.819 1124.13
Index: 69.8808 82.2675 1142.07
Middle: 58.3414 83.1739 1113.78
Ring: 74.1534 99.9427 1089.47
Little: 97.567 136.052 1084.09
Thumb: 72.674 158.597 1124.42
Index: 69.0559 80.6688 1141.72
Middle: 56.5756 82.6557 1113.79
Ring: 70.1094 98.2758 1091.56
Little: 93.4991 133.187 1084.02
Thumb: 73.0239 156.953 1124.27
Index: 66.7692 79.5335 1140.99
Middle: 51.9907 81.4797 1115.6
Ring: 65.5355 97.2097 1092.14
Little: 89.8005 130.623 1084.3
Thumb: 71.9658 156.475 1122.19
Index: 63.5627 80.0253 1141.51
Middle: 49.7292 81.1327 1115.81
Ring: 65.7105 95.1949 1092.46
Little: 92.6352 128.279 1083.58
Thumb: 72.1199 154.457 1123.32
Index: 63.4843 78.1727 1142.88
Middle: 50.7631 78.251 1116.02
Ring: 67.1463 93.2459 1092.86
Little: 92.9931 125.837 1085
Thumb: 72.1228 154.495 1123.43
Index: 63.0313 78.2448 1143.33
Middle: 50.7562 78.2905 1116.14
Ring: 68.9213 92.5339 1091.89
Little: 91.6946 125.311 1085.06
Thumb: 72.2682 154.468 1123.97
Index: 62.0928 78.6125 1144.89
Middle: 51.9701 78.3764 1116.62
Ring: 69.1939 92.3126 1092.67
Little: 92.4448 124.852 1086.15
Thumb: 70.9928 152.499 1125.45
Index: 60.2477 76.5699 1146.73
Middle: 49.1566 76.9482 1117.88
Ring: 69.4347 89.6848 1093.51
Little: 90.3964 122.622 1087.75
Thumb: 70.6199 154.017 1125.53
Index: 38.4908 102.659 1170.73
Middle: 49.9942 77.1299 1116.78
Ring: 66.9462 90.6945 1095.82
Little: 90.4381 122.41 1089.3
Thumb: 68.959 154.98 1125.71
Index: 34.3137 103.203 1170.28
Middle: 46.0868 79.2854 1116.38
Ring: 64.7145 91.0409 1096.71
Little: 90.7543 122.566 1089.99
Thumb: 68.4227 154.497 1126.28
Index: 34.2481 101.921 1169.78
Middle: 42.3212 79.4613 1118.79
Ring: 63.9052 90.2541 1098.04
Little: 87.3034 121.984 1090.22
Thumb: 68.2594 154.199 1126.17
Index: 32.1796 103.461 1171.23
Middle: 41.4314 79.6215 1118.74
Ring: 64.4359 89.5823 1100.46
Little: 86.4322 121.962 1089.88
Thumb: 65.7729 150.691 1126.84
Index: 26.7178 103.772 1173.29
Middle: 41.9457 74.1271 1116.68
Ring: 62.9451 85.0122 1100.56
Little: 83.471 115.951 1091.86
Thumb: 64.2237 148.203 1126.09
Index: 34.6021 111.231 1171.94
Middle: 41.9759 71.4954 1110.39
Ring: 58.1105 82.754 1100.63
Little: 80.5728 112.227 1089.95
Thumb: 58.8128 97.3115 1141.79
Index: 2.17996 102.477 1184.53
Middle: -7.34239 52.8831 1139.99
Ring: 23.0013 34.2 1145.66
Little: 50.7525 63.6428 1141.27
Thumb: 71.7045 138.233 1119.21
Index: 39.0143 109.345 1159.05
Middle: 29.4254 68.3951 1115.56
Ring: 37.0097 86.4559 1106.38
Little: 52.5039 101.015 1092.39
Thumb: 62.3113 126.869 1121.73
Index: 24.0172 92.966 1153.55
Middle: 29.352 52.4268 1112
Ring: 26.7536 88.8129 1101.72
Little: 40.6636 96.1288 1087.26
Thumb: 62.4081 122.624 1118.92
Index: 22.1973 91.2969 1151.95
Middle: 23.2629 50.6112 1111.24
Ring: 23.1191 87.1638 1099.73
Little: 37.9531 94.8916 1084
Thumb: 60.5215 111.882 1121.71
Index: 20.0554 91.0742 1158.11
Middle: 14.3977 45.1792 1108.7
Ring: 15.3219 144.863 1123.41
Little: 33.0385 93.2351 1085.26
Thumb: 55.8702 103.457 1121.56
Index: 15.4499 88.7916 1159.01
Middle: 5.2008 39.7286 1110.6
Ring: 16.7216 140.813 1121.75
Little: 21.1895 96.3062 1082.94
Thumb: 54.0431 104.825 1122.39
Index: 14.6508 92.261 1159.49
Middle: 2.56038 41.2347 1114
Ring: 16.4903 143.663 1118.95
Little: 20.5591 93.7814 1084.79
Thumb: 49.8501 103.122 1122.04
Index: 7.28062 93.3993 1159.04
Middle: -8.11489 45.3859 1119.93
Ring: 30.1028 127.524 1115.05
Little: 15.4003 91.4315 1084.88
Thumb: 46.2039 101.382 1122.83
Index: 1.9563 94.0939 1159.47
Middle: -15.2832 47.015 1122.8
Ring: 27.527 125.539 1115.2
Little: 11.0517 88.8464 1086.31
Thumb: 43.8036 99.7852 1121.99
Index: -5.77681 93.2979 1158.25
Middle: -22.4669 52.1588 1124.26
Ring: 26.576 122.78 1112.69
Little: 8.90559 86.9792 1085.76
Thumb: 41.3566 98.8858 1122.32
Index: -12.7806 91.7634 1159.01
Middle: -27.3096 54.8822 1124.2
Ring: 15.4397 109.026 1111.7
Little: 4.88177 87.0586 1085.1
Thumb: 40.3678 98.7599 1123.61
Index: -15.2761 90.0447 1160.9
Middle: -30.4647 59.9357 1123.58
Ring: 14.2742 108.152 1113.27
Little: 2.04646 79.2763 1090.33
Thumb: 36.4675 97.9656 1122.23
Index: -20.4892 93.0737 1160.23
Middle: -36.2178 61.2576 1125.24
Ring: 8.76329 108.25 1112.01
Little: -2.32508 82.1436 1087.42
Thumb: 36.7287 98.0068 1122.4
Index: -21.1073 92.7675 1160.45
Middle: -36.5416 62.2295 1125.81
Ring: 9.19309 107.307 1111.95
Little: -2.48129 85.7799 1085.91
Thumb: 36.2054 99.458 1121.86
Index: -26.1393 92.4578 1159.62
Middle: -36.3855 62.1935 1124.93
Ring: 8.3354 108.774 1112.17
Little: -2.62431 85.0813 1085.93
Thumb: 34.2333 97.8817 1120.48
Index: -27.269 93.3979 1158.68
Middle: -39.2991 61.9565 1124.08
Ring: 5.53211 106.024 1108.17
Little: -4.54398 86.1126 1083.59
Thumb: 32.2699 97.3143 1119.21
Index: -27.0677 94.0735 1158.38
Middle: -34.6597 81.2797 1126.48
Ring: 1.907 104.958 1107.63
Little: -6.64563 84.7742 1082.28
Thumb: 30.3875 98.7011 1119.65
Index: -28.4294 92.2289 1158.61
Middle: -35.1606 81.0855 1126.73
Ring: 0.954082 102.388 1108.65
Little: -8.97997 81.0759 1084.09
Thumb: 28.8453 97.7913 1119.23
Index: -29.5534 89.0795 1157.9
Middle: -36.9628 77.3429 1124.83
Ring: -0.881184 102.015 1108.45
Little: -10.7376 81.5347 1082.96
Thumb: 28.2567 98.4468 1119.07
Index: -29.774 84.7478 1156.49
Middle: -35.88 73.6309 1122.63
Ring: 0.227315 103.191 1108.26
Little: -9.7058 78.8131 1080.87
Thumb: 27.9912 96.7979 1114.72
Index: -23.8345 79.3229 1150.23
Middle: -35.5919 69.9493 1115.55
Ring: 0.468226 102.858 1104.53
Little: -7.43874 86.0699 1075.7
Thumb: 28.3526 97.191 1113.36
Index: -17.6381 79.7305 1148.31
Middle: -34.9469 71.4561 1113.28
Ring: -29.2026 57.9747 1102.55
Little: -7.51271 87.6418 1074.01
Thumb: 28.6923 97.2909 1112.93
Index: -12.7864 85.5076 1150.54
Middle: -37.9825 66.6085 1109.93
Ring: -29.4476 61.5014 1099.31
Little: -7.20439 88.6138 1072.67
Thumb: 29.8076 96.7659 1113.46
Index: -8.84182 90.6049 1153.53
Middle: -37.6254 62.4644 1112.47
Ring: -29.371 53.8483 1094.21
Little: -4.77574 84.4136 1071.04
Thumb: 29.9898 97.1821 1114.36
Index: -10.0699 90.5823 1154.24
Middle: -36.2429 58.8474 1111.15
Ring: -27.8683 52.0371 1093.55
Little: -5.47106 79.44 1071.16
Thumb: 28.7198 97.9438 1115.91
Index: -12.904 91.563 1155.88
Middle: -30.9559 46.4935 1109.51
Ring: -24.6162 48.3998 1089.83
Little: -6.56419 78.962 1070.83
Thumb: 27.7124 97.1474 1116.84
Index: -14.5148 91.189 1156.54
Middle: -29.0864 46.2572 1111.37
Ring: -23.8117 45.7919 1089.87
Little: -10.1318 84.6002 1072.58
Thumb: 28.6865 96.1796 1116.17
Index: -8.21478 88.6879 1155.72
Middle: -26.5342 53.273 1113.97
Ring: -20.3435 42.3616 1088.55
Little: -9.39417 81.1527 1070.89
Thumb: 28.6296 96.0501 1116.2
Index: -8.14975 88.5387 1155.92
Middle: -25.8352 53.1253 1113.43
Ring: -16.2003 39.538 1087.06
Little: -9.92801 81.6998 1069.7
Thumb: 29.1669 97.98 1115.89
Index: -6.00427 89.3061 1155.23
Middle: -23.6454 49.7064 1111.37
Ring: -9.94263 37.2431 1084.95
Little: -9.96086 84.51 1068.62
Thumb: 30.7363 101.701 1115.32
Index: -14.2578 92.6547 1154.68
Middle: -20.5347 39.7195 1107.42
Ring: -1.2556 36.5269 1084.59
Little: -6.3621 89.5541 1069.5
Thumb: 31.2857 105.002 1117.91
Index: -16.4106 95.9659 1158.35
Middle: -14.0156 38.5072 1109.27
Ring: 5.88091 37.17 1086.52
Little: -1.81881 86.1146 1070.87
Thumb: 33.0498 101.345 1120.2
Index: -24.8292 94.6198 1160.28
Middle: -8.30798 32.8091 1107.51
Ring: 10.5169 32.1795 1087.38
Little: 6.64541 76.1617 1070.76
Thumb: 33.0286 101.462 1121.35
Index: -24.7704 96.2342 1161.46
Middle: -6.98585 31.9209 1108.72
Ring: 11.9999 31.7519 1088.65
Little: 11.4274 123.929 1084.39
Thumb: 32.8038 102.807 1124.21
Index: -23.6324 118.994 1171.54
Middle: -8.61333 34.0205 1112.06
Ring: 16.1665 31.7667 1091.97
Little: 7.55244 126.706 1087.1
Thumb: 32.3556 103.309 1127.95
Index: -0.839566 89.4878 1164.49
Middle: -8.72714 34.3399 1115.7
Ring: 16.6503 31.8198 1096.53
Little: 6.80976 127.028 1090.78
Thumb: 32.0944 103.114 1128.08
Index: -2.52604 88.7893 1164.36
Middle: -9.39407 34.8036 1114.76
Ring: 18.2876 30.105 1100.47
Little: 6.59412 126.833 1090.36
Thumb: 32.3852 103.713 1129.01
Index: -0.434688 90.6595 1165.97
Middle: -11.2225 36.5885 1115.61
Ring: 19.7069 30.914 1100.21
Little: 6.68898 127.85 1091.77
Thumb: 32.3905 103.708 1129.02
Index: -0.238857 90.991 1166.11
Middle: -10.9962 36.4097 1115.71
Ring: 19.1229 31.042 1100.25
Little: 6.85625 127.854 1091.6
Thumb: 32.5357 103.726 1129.06
Index: -5.65849 84.0958 1163.52
Middle: -10.8155 36.3605 1115.86
Ring: -23.8318 122.917 1123.87
Little: 6.9887 127.86 1091.63
Thumb: 32.4861 103.705 1129
Index: -1.32499 78.5095 1161.22
Middle: -16.0839 39.6191 1116.79
Ring: -23.4176 119.794 1122.28
Little: 6.96584 127.934 1091.57
Thumb: 32.6876 104.218 1131.93
Index: 0.723035 76.6595 1163.5
Middle: -14.0077 39.3037 1117.34
Ring: -24.4284 115.873 1125.55
Little: 9.70176 127.661 1095.2
Thumb: 33.1495 106.356 1129.29
Index: 7.9916 92.6139 1167.28
Middle: -12.8954 41.7159 1111.72
Ring: -24.1925 117.566 1124.29
Little: 9.76836 131.307 1094.14
Thumb: 31.0431 103.902 1126.04
Index: 6.73283 88.2954 1163.62
Middle: -14.508 39.441 1106.59
Ring: -33.8885 106.73 1119.54
Little: 9.79772 127.095 1090.89
Thumb: 31.0794 104.176 1126.21
Index: 6.81955 88.4401 1163.76
Middle: -14.0904 39.5173 1106.55
Ring: -33.8612 106.861 1119.74
Little: 9.75595 127.453 1090.94
Thumb: 28.8276 106.618 1115.28
Index: -2.12577 76.4282 1146.59
Middle: -12.9551 41.4472 1090.51
Ring: -30.1997 110.38 1112.03
Little: -0.361178 122.94 1079.45
Thumb: 26.5202 107.365 1112.69
Index: -3.54742 76.4711 1143.3
Middle: -16.7219 42.9708 1088.03
Ring: -30.9465 113.039 1110.39
Little: 0.856915 95.5094 1074.49
Thumb: 25.8814 105.671 1111.13
Index: 2.41001 87.3148 1149.51
Middle: -18.275 42.5496 1085.05
Ring: -28.6414 114.724 1108.26
Little: 1.88837 95.9678 1072.71
Thumb: 24.9847 105.903 1109.93
Index: -0.984191 83.2666 1145.39
Middle: -21.102 45.0374 1081.89
Ring: -28.8239 116.538 1107.51
Little: 2.64637 100.455 1071.12
Thumb: 24.8353 106.034 1109.49
Index: -0.281635 82.6376 1144.77
Middle: -21.0329 45.1056 1081.22
Ring: -30.9577 114.871 1107.04
Little: 13.5312 66.7346 1073.68
Thumb: 24.6401 104.652 1108.63
Index: -2.84354 80.2189 1142.38
Middle: -21.1445 44.5254 1078.56
Ring: -30.9657 112.497 1104.42
Little: 11.4548 66.7444 1072.05
Thumb: 24.9289 104.631 1108
Index: -3.70523 82.5939 1144.22
Middle: -20.4694 44.3839 1077.58
Ring: -30.5677 114.434 1103.09
Little: 11.2853 67.0723 1071.14
Thumb: 24.3781 104.566 1107.62
Index: -5.42023 92.7632 1152.57
Middle: -21.5476 44.908 1076.94
Ring: -31.0479 114.83 1103.23
Little: 10.2227 67.2596 1070.71
Thumb: 18.523 98.9895 1100.33
Index: -8.3955 72.321 1133.43
Middle: -24.6723 38.0058 1068.03
Ring: -30.6324 112.439 1096.15
Little: 6.70397 61.0486 1062.1
Thumb: 18.4547 98.9829 1100.33
Index: -11.5767 71.1056 1132.82
Middle: -25.025 38.7486 1067.35
Ring: -30.4233 112.075 1097.98
Little: 10.9568 59.8786 1062.17
Thumb: 16.8008 100.085 1099.33
Index: -13.4402 72.5942 1131.94
Middle: -28.0888 40.7194 1066.63
Ring: -31.8503 113.948 1097.33
Little: 7.44683 61.4002 1061.14
Thumb: 16.7583 100.072 1099.36
Index: -16.225 85.4209 1144.1
Middle: -28.2018 40.7257 1066.73
Ring: -31.8786 113.986 1097.36
Little: 7.35436 61.364 1061.21
Thumb: 16.8748 99.199 1098.23
Index: -13.9583 72.2932 1131.66
Middle: -28.3844 40.6569 1064.58
Ring: -36.7455 110.42 1096
Little: 7.20405 61.3111 1059.33
Thumb: 16.3086 99.4224 1099.22
Index: -7.08704 102.107 1157.7
Middle: -28.1462 39.5371 1066.88
Ring: -45.2417 106.041 1095.25
Little: 7.32256 60.326 1061.36
Thumb: 14.8247 102.893 1096.99
Index: -9.50495 108.807 1153.12
Middle: -31.3837 42.9091 1067.47
Ring: -49.3575 109.637 1090.79
Little: 2.89869 62.3502 1061.62
Thumb: 15.4227 100.494 1092.29
Index: -8.6177 106.826 1148.56
Middle: -32.0434 41.4743 1062.82
Ring: -48.5861 108.536 1086.8
Little: 2.80935 60.1651 1056.93
Thumb: 15.42 100.498 1092.29
Index: -8.94738 106.914 1148.65
Middle: -32.0335 41.4684 1062.82
Ring: -48.5902 108.528 1086.8
Little: 2.80079 60.1714 1056.93
Thumb: 14.8039 100.116 1091.84
Index: -9.3249 106.754 1148.13
Middle: -32.9423 41.2316 1062.55
Ring: -49.1734 108.424 1086.38
Little: 2.18896 59.6821 1056.6
Thumb: 13.1503 99.4653 1095.08
Index: -9.64819 105.026 1149.53
Middle: -34.8057 40.3806 1066.55
Ring: -50.7938 108.308 1088.45
Little: 0.966278 58.4461 1060.45
Thumb: 13.0372 99.4098 1095.2
Index: -10.2878 105.93 1150.26
Middle: -35.0313 40.3522 1066.8
Ring: -24.7219 111.638 1086.71
Little: 1.07835 58.2414 1060.69
Thumb: 22.7757 96.2929 1090.67
Index: -2.11358 88.4132 1145.25
Middle: -24.5058 51.6316 1076.23
Ring: -16.6599 99.519 1086.58
Little: 13.2604 65.7017 1041.93
Thumb: 20.8762 89.3229 1090.5
Index: -16.7345 78.8812 1145.62
Middle: -26.7113 44.0837 1081.51
Ring: -7.18821 94.7539 1086.48
Little: -0.154662 83.4384 1050.64
Thumb: 22.1039 86.0677 1091.9
Index: -14.8858 90.5132 1156.23
Middle: -30.8549 46.5564 1093.32
Ring: -2.9215 100.737 1093.11
Little: -1.28915 80.717 1049.82
Thumb: 10.6552 84.8085 1115.15
Index: -29.3309 106.881 1171.06
Middle: -41.2174 37.513 1103.16
Ring: -8.76958 102.971 1115.66
Little: -7.0726 75.164 1071.35
Thumb: 16.1523 88.0603 1118.31
Index: -37.6684 93.069 1172.31
Middle: -46.2495 87.1156 1135.22
Ring: -5.7254 108.053 1116.43
Little: -0.99354 83.0766 1077.48
Thumb: 12.7423 85.6661 1126.98
Index: -39.3131 88.3472 1181.75
Middle: -51.2206 81.8902 1144.41
Ring: -9.6986 107.17 1123.16
Little: -11.326 85.1919 1086.71
Thumb: 15.5483 86.9878 1133.45
Index: -48.0821 79.3041 1182.89
Middle: -40.1206 112.722 1159.81
Ring: -6.85881 106.289 1131.14
Little: -6.51734 84.4931 1092.81
Thumb: 30.2405 105.229 1146.48
Index: -41.7064 116.257 1190.77
Middle: -10.9772 152.568 1150.78
Ring: 0.604681 129.214 1132.23
Little: 10.8581 97.9661 1105.64
Thumb: 39.4434 111.708 1150
Index: -21.882 75.3927 1195.62
Middle: -18.2508 87.6869 1164.63
Ring: 6.22118 115.652 1141.01
Little: 16.8865 109.63 1105.74
Thumb: 45.9698 112.52 1155.74
Index: -14.3371 71.6225 1198.52
Middle: -15.2071 87.3068 1171.09
Ring: 5.14553 119.98 1147.93
Little: 24.9562 111.259 1110.18
Thumb: 52.7596 117.712 1158.01
Index: -7.13793 78.8476 1201.29
Middle: -8.22634 90.1407 1172.82
Ring: 10.6064 124.198 1150.22
Little: 25.5341 117.132 1109.93
Thumb: 57.0324 117.664 1160.37
Index: -5.50404 87.524 1207.19
Middle: -5.36086 87.3371 1174.85
Ring: 9.99279 123.697 1152.69
Little: 30.3276 116.973 1112.41
Thumb: 62.5129 120.125 1157.85
Index: 0.592834 84.9578 1204.24
Middle: 0.845976 89.9181 1173.91
Ring: 15.6946 127.241 1151.32
Little: 34.7659 119.766 1110.31
Thumb: 67.5385 118.459 1154.07
Index: 5.21007 85.1939 1200.84
Middle: 5.80264 92.213 1170.53
Ring: 17.3691 127.731 1148.27
Little: 39.7814 119.478 1106.77
Thumb: 70.2732 120.621 1150.01
Index: 9.98462 81.2083 1193.56
Middle: 8.73443 89.3762 1164.05
Ring: 20.5671 129.338 1147.55
Little: 44.3345 121.135 1102.66
Thumb: 73.0589 118.973 1144.5
Index: 16.2266 72.0795 1185.82
Middle: 13.4202 85.2968 1158.75
Ring: 23.8943 127.964 1140.01
Little: 46.6695 121.453 1097.88
Thumb: 76.8246 116.383 1138.54
Index: 21.0521 67.5397 1180.39
Middle: 20.8633 78.1264 1152.11
Ring: 31.2684 125.854 1132.98
Little: 50.9054 116.718 1093.41
Thumb: 79.2525 117.124 1133.71
Index: 26.5185 64.8517 1174.87
Middle: 25.6123 74.0387 1146.62
Ring: 34.7493 125.36 1128.48
Little: 53.7258 114.657 1089.1
Thumb: 80.7291 116.896 1130.54
Index: 29.0787 63.3045 1171.32
Middle: 28.13 74.3147 1143.75
Ring: 35.6137 124.839 1128.16
Little: 54.8105 114.655 1086.14
Thumb: 81.2913 112.428 1127.44
Index: 28.7425 59.1766 1167.46
Middle: 27.143 72.1569 1141.06
Ring: 35.1648 122.792 1124.42
Little: 53.6388 111.846 1083.49
Thumb: 79.2702 112.093 1126.64
Index: 20.7171 71.8463 1175.43
Middle: 25.4089 47.7932 1127.67
Ring: 37.9729 124.1 1122.83
Little: 49.2928 111.505 1082.67
Thumb: 77.6037 106.586 1127.28
Index: 17.4136 64.413 1170.21
Middle: 17.8661 47.8223 1128.55
Ring: 35.7016 121.931 1128.81
Little: 46.4087 107.68 1083.09
Thumb: 73.4772 97.005 1131.3
Index: 6.90575 66.263 1175.3
Middle: 6.21653 47.0912 1135.15
Ring: 33.0908 114.812 1136.45
Little: 43.7845 107.67 1083.76
Thumb: 72.8484 94.3651 1132.77
Index: 3.48497 69.7916 1176.35
Middle: 2.07074 49.4748 1137.87
Ring: 47.5602 105.489 1127.94
Little: 39.1284 104.838 1083
Thumb: 71.0417 93.0242 1134.13
Index: -0.0501232 74.6332 1178.49
Middle: -1.7175 51.4871 1139.71
Ring: 45.6492 106.23 1129.27
Little: 38.646 104.757 1083.53
Thumb: 71.0581 93.0314 1134.14
Index: -0.0181999 74.5965 1178.48
Middle: -1.69286 51.484 1139.7
Ring: 46.158 105.086 1128.95
Little: 37.6391 104.702 1083.2
Thumb: 68.705 91.5459 1133.93
Index: -2.70892 74.4863 1177.97
Middle: -5.11489 51.8053 1140.24
Ring: 41.5981 108.82 1115.73
Little: 35.8064 103.141 1083.55
Thumb: 67.1456 91.0208 1134.29
Index: -4.91269 75.4828 1177.8
Middle: -7.09558 51.9257 1142.3
Ring: 40.4298 108.509 1114.95
Little: 35.018 102.47 1083.23
Thumb: 64.9689 91.2127 1135.3
Index: -7.28482 78.3463 1179.74
Middle: -9.36896 52.2456 1143.65
Ring: 39.4416 109.34 1119.76
Little: 32.6786 102.869 1084.25
Thumb: 64.3 90.9405 1135.29
Index: -8.08384 79.3679 1179.77
Middle: -10.8807 54.1582 1139.75
Ring: 39.2261 109.049 1118.72
Little: 29.6182 102.686 1084.24
Thumb: 61.1788 89.9276 1135.68
Index: -11.6841 83.2763 1181.45
Middle: -15.8143 67.6714 1145.12
Ring: 36.3141 109.333 1119
Little: 26.3378 102.112 1084.97
Thumb: 59.8208 90.2782 1136.41
Index: -13.0038 83.8948 1182.34
Middle: -17.3135 69.175 1146.26
Ring: 35.114 109.704 1119.62
Little: 26.023 101.875 1086.22
Thumb: 58.7962 89.6456 1135.37
Index: -14.0372 84.2025 1181.24
Middle: -17.8326 72.3226 1146.03
Ring: 34.3021 110.532 1121.21
Little: 25.1721 102.264 1085.22
Thumb: 57.479 90.323 1135.06
Index: -14.9835 84.571 1181.25
Middle: -18.0095 72.7744 1145.51
Ring: 34.4438 107.781 1119.41
Little: 24.0315 106.389 1085.06
Thumb: 56.3243 92.3654 1136.94
Index: -16.5346 85.0982 1181.91
Middle: -18.7512 73.1831 1146.94
Ring: 33.1721 108.971 1119.88
Little: 23.1518 105.661 1086.08
Thumb: 56.3243 92.3652 1136.94
Index: -16.5178 84.9161 1181.83
Middle: -18.7594 73.207 1146.95
Ring: 33.2371 108.77 1119.73
Little: 23.4207 105.788 1086.33
Thumb: 56.3216 92.3682 1136.94
Index: -16.5261 84.9627 1181.85
Middle: -17.7012 74.1632 1147.22
Ring: 33.2299 108.548 1119.31
Little: 23.4162 105.793 1086.33
Thumb: 56.3243 92.3639 1136.94
Index: -16.4957 85.3732 1182.02
Middle: -16.9625 75.1177 1147.52
Ring: 33.2188 108.524 1118.51
Little: 21.7541 104.852 1086.56
Thumb: 56.3065 92.3748 1136.96
Index: -16.4999 84.9509 1181.85
Middle: -17.6354 74.2405 1147.26
Ring: 33.1198 108.933 1119.81
Little: 23.0516 105.72 1086.67
Thumb: 56.3064 92.3748 1136.96
Index: -16.5515 85.6186 1182.12
Middle: -17.5649 74.3497 1147.29
Ring: 33.1178 108.938 1119.81
Little: 23.052 105.718 1086.66
Thumb: 55.1084 92.5659 1137.2
Index: -18.1205 85.3918 1181.26
Middle: -19.1852 75.8791 1147.31
Ring: 32.622 109.236 1119.59
Little: 22.3044 106.26 1086.7
Thumb: 52.6619 91.1807 1138.42
Index: -21.0033 86.434 1181.58
Middle: -22.4071 78.3625 1148.6
Ring: 31.1728 108.692 1120.08
Little: 21.2065 106.218 1087.5
Thumb: 53.2047 91.0353 1139.47
Index: -20.683 84.5938 1181.22
Middle: -22.0387 75.7716 1148.33
Ring: 30.9869 109.915 1121.11
Little: 22.9669 108.901 1087.5
Thumb: 54.7059 94.04 1140.59
Index: -18.6783 83.4458 1182.45
Middle: -18.1743 69.7684 1147.97
Ring: 30.0108 111.317 1122.4
Little: 23.8877 110.528 1088.75
Thumb: 56.409 93.9984 1137.81
Index: -16.9834 85.3663 1179.67
Middle: -15.7782 68.2545 1146.98
Ring: 31.5617 106.327 1121.72
Little: 25.7634 113.122 1086.37
Thumb: 57.6476 95.2904 1134.49
Index: -15.2416 86.1704 1175.61
Middle: -10.8218 48.2073 1140.25
Ring: 31.6436 107.293 1120.41
Little: 27.4852 115.725 1085
Thumb: 58.4531 95.9981 1130.78
Index: -14.0638 85.1262 1172.26
Middle: -4.95347 41.0667 1136.21
Ring: 32.007 107.188 1117.22
Little: 27.6346 117.157 1081.46
Thumb: 58.3859 95.6364 1129.3
Index: -14.0316 84.5783 1170.71
Middle: -2.85538 38.1899 1135.37
Ring: 6.04766 66.2856 1127.7
Little: 25.532 115.061 1081.03
Thumb: 56.9532 92.7892 1126.5
Index: -15.3198 84.1534 1169.24
Middle: -7.31323 48.2431 1148.17
Ring: 6.74856 38.5818 1131.63
Little: 21.8344 112.824 1079.3
Thumb: 56.6954 91.1567 1126.47
Index: -15.4668 80.9775 1168.76
Middle: -7.28345 46.913 1146.99
Ring: 7.46588 36.1486 1132.33
Little: 17.2341 108.634 1080.14
Thumb: 57.7596 88.7655 1126.74
Index: -13.9009 76.4118 1168.88
Middle: -6.12901 44.8071 1146.18
Ring: 9.36955 32.7604 1130.96
Little: 18.0356 107.54 1080.94
Thumb: 58.2562 90.6246 1125.27
Index: -12.1008 73.4885 1169.65
Middle: -2.98606 42.3091 1144.51
Ring: 16.4883 29.645 1128.33
Little: 13.7118 106.099 1082.11
Thumb: 60.6771 91.5047 1122.46
Index: -8.61681 70.8579 1167.23
Middle: 3.43606 32.7167 1143.72
Ring: 21.2158 29.6958 1126.8
Little: 15.1425 108.216 1080.86
Thumb: 61.2546 91.4682 1119.34
Index: -7.36636 68.8787 1164.47
Middle: 8.83514 25.7349 1132.49
Ring: 22.686 28.996 1121.6
Little: 15.4951 107.838 1079.3
Thumb: 62.3602 91.0161 1114.63
Index: -6.12719 66.7835 1159.29
Middle: 10.7063 23.5302 1119.81
Ring: 22.2623 29.7289 1119.08
Little: 17.3023 108.454 1074.21
Thumb: 62.0087 91.4966 1114.5
Index: -6.03863 65.8169 1161.29
Middle: 20.7736 17.8771 1138.13
Ring: 7.26485 47.3857 1114.96
Little: 18.154 110.925 1073.7
Thumb: 61.2753 97.9782 1109.09
Index: 15.6129 75.4614 1156.46
Middle: 31.927 20.098 1136.83
Ring: 5.0932 55.3905 1112.31
Little: 15.1377 111.97 1068.98
Thumb: 60.2598 97.9248 1106.88
Index: 37.0514 89.7241 1152.19
Middle: 36.0924 17.1132 1132.35
Ring: 2.8764 58.0546 1111.08
Little: 12.0473 112.261 1071.1
Thumb: 58.9339 99.3342 1105.68
Index: 37.7265 84.7629 1152.01
Middle: 37.744 17.4198 1131.38
Ring: 3.91031 53.1246 1110.81
Little: 9.99821 108.33 1072.21
Thumb: 59.1484 97.1513 1105.54
Index: 39.5565 81.5134 1152.28
Middle: 39.6582 14.3044 1129.41
Ring: 5.11227 48.7805 1111.86
Little: 12.2171 103.86 1074.94
Thumb: 59.8053 97.625 1103.76
Index: 41.6602 74.1429 1152.47
Middle: 41.5015 14.0393 1125.85
Ring: 6.05077 50.3528 1115.58
Little: 9.91583 104.151 1079.34
Thumb: 59.9465 96.927 1102.79
Index: 34.3273 71.3433 1155.16
Middle: 43.2524 13.2618 1126.17
Ring: 6.4346 49.5911 1115.05
Little: 9.9456 104.386 1079.14
Thumb: 54.6336 94.8239 1100.71
Index: 24.4829 61.7658 1157.1
Middle: 40.0888 9.82633 1121.26
Ring: 3.68972 43.6795 1112.7
Little: 7.54552 106.188 1077.69
Thumb: 49.1941 95.4677 1100.04
Index: 47.4159 109.743 1150.56
Middle: 34.4171 10.0461 1116.87
Ring: -1.87544 46.2759 1117.33
Little: 1.49274 112.34 1083.56
Thumb: 42.2638 100.204 1100.84
Index: 56.3243 101.743 1149
Middle: 14.8289 18.0424 1110.61
Ring: -9.72104 51.0673 1118.46
Little: -6.56602 123.036 1098.72
Thumb: 38.3577 101.13 1099.14
Index: 51.6276 93.3559 1171.68
Middle: 4.11831 21.9473 1105.58
Ring: -14.6466 50.2738 1112.68
Little: -9.85644 126.305 1105.59
Thumb: 34.5695 102.582 1099.23
Index: 53.4317 92.5616 1170.17
Middle: -0.191464 23.6105 1103.02
Ring: -17.7564 57.7337 1117.49
Little: -14.2594 130.955 1114.54
Thumb: 33.3582 102.02 1096.2
Index: 55.9918 98.6284 1174.75
Middle: -0.269702 23.0699 1099.58
Ring: -17.8913 55.4322 1114.15
Little: -18.559 124.872 1115.85
Thumb: 33.2794 101.212 1094.57
Index: 48.6613 95.7377 1175.2
Middle: 0.641024 21.7559 1095.68
Ring: -17.3828 54.507 1111.32
Little: -20.2058 118.193 1115.47
Thumb: 33.8043 101.105 1093.48
Index: 54.2002 94.0127 1174.16
Middle: 1.43197 21.6169 1094.42
Ring: -15.8278 55.942 1112.47
Little: -18.8726 114.685 1109.53
Thumb: 34.1831 102.433 1092.19
Index: 42.6905 83.823 1175.13
Middle: 3.47605 22.134 1092.07
Ring: -9.9458 71.3871 1123.06
Little: -18.4425 115.192 1113.31
Thumb: 33.1636 101.758 1091.82
Index: 54.5151 87.0735 1172.65
Middle: 3.19357 21.3253 1091.71
Ring: -7.77206 69.7124 1123.62
Little: -15.9115 116.79 1115.06
Thumb: 30.3792 101.708 1089.33
Index: 48.6941 82.3587 1169.69
Middle: 1.6395 20.8944 1091.82
Ring: -8.22491 68.861 1123
Little: -17.923 117.055 1116.09
Thumb: 28.6265 104.838 1088.93
Index: 58.0592 87.1308 1167.43
Middle: 3.97044 22.9078 1088.99
Ring: -5.19115 68.4088 1124.2
Little: -18.5175 115.136 1121.76
Thumb: 26.9098 103.787 1087.67
Index: 61.7261 89.6633 1164.3
Middle: 2.97551 21.8685 1085.8
Ring: 9.81911 109.053 1153.11
Little: -18.5791 114.768 1122.96
Thumb: 26.5254 102.833 1086.11
Index: 61.7982 85.2983 1162.05
Middle: 1.08164 22.1751 1083.39
Ring: 15.6254 119.375 1151.43
Little: -18.6294 111.308 1124.8
Thumb: 25.6415 103.441 1082.85
Index: 59.7877 85.6982 1159.2
Middle: 0.999599 22.4063 1080.19
Ring: 9.00963 105.911 1150.88
Little: -19.6235 112.501 1116.84
Thumb: 24.8982 103.353 1080.87
Index: 65.7218 90.8278 1152.44
Middle: -1.23646 22.9566 1076.18
Ring: 14.8015 115.786 1144.94
Little: -20.9027 110.397 1113.93
Thumb: 22.2649 101.244 1078.07
Index: 57.1263 80.6915 1153
Middle: -3.21832 20.7032 1075.22
Ring: 13.3419 114.83 1142.58
Little: -29.004 91.5658 1100.64
Thumb: 22.6255 100.769 1075.51
Index: 53.5753 73.002 1148.87
Middle: -3.64264 20.744 1071.15
Ring: 15.7164 114.453 1140.85
Little: -29.3835 88.8118 1097.87
Thumb: 21.4206 100.856 1074.29
Index: 56.9464 78.9926 1147.11
Middle: -4.7702 20.8899 1070.08
Ring: 14.6044 112.595 1141.71
Little: -31.0793 89.3775 1097.96
Thumb: 20.8723 100.328 1072.6
Index: 49.9708 70.3866 1144.55
Middle: -5.86432 20.5646 1068.52
Ring: 14.7208 116.073 1140.65
Little: -26.0739 102.914 1085.81
Thumb: 19.6442 99.9224 1071.83
Index: 48.9562 70.9181 1143.9
Middle: -6.99843 20.0867 1067.71
Ring: 12.3325 114.684 1141.31
Little: -28.0655 100.958 1086.94
Thumb: 19.5932 99.9335 1071.84
Index: 51.25 74.84 1145.19
Middle: -6.0764 19.7725 1068.43
Ring: 11.2339 112.523 1142.4
Little: -27.9938 101.269 1086.31
Thumb: 19.291 100.07 1069.9
Index: 54.1219 81.4077 1143.04
Middle: -6.06394 19.7561 1068.03
Ring: 10.9814 113.533 1139.97
Little: -27.6865 102.644 1083.91
Thumb: 19.5305 99.7134 1070.24
Index: 51.9988 77.812 1143.47
Middle: -5.99393 19.4905 1069.32
Ring: 9.30485 110.332 1142.86
Little: -27.2351 102.72 1082.72
Thumb: 19.6529 99.8548 1070.2
Index: 51.1325 76.7041 1143.8
Middle: -5.67638 19.7212 1070.19
Ring: 8.30172 108.926 1142.95
Little: -27.4863 102.343 1083.66
Thumb: 20.2064 100.83 1070.75
Index: 57.2471 90.2038 1144.46
Middle: -5.21044 20.8654 1070.22
Ring: 8.33056 112.268 1142.38
Little: -26.3928 104.348 1082.32
Thumb: 20.8097 100.682 1072.38
Index: 54.5688 86.1974 1147.95
Middle: -5.47594 21.1356 1072.61
Ring: 9.06656 113.033 1143.73
Little: -26.2555 103.8 1083.79
Thumb: 21.4916 99.6323 1073.04
Index: 57.8876 92.3973 1144.24
Middle: -4.50239 19.9109 1076.5
Ring: 6.12403 107.328 1143.93
Little: -25.8022 102.729 1083.58
Thumb: 22.1158 99.5058 1075.01
Index: 53.5236 87.3073 1149.88
Middle: -4.29245 19.9192 1078.63
Ring: 6.0352 109.982 1146.77
Little: -30.4245 94.4051 1094.39
Thumb: 21.5087 98.0414 1077.13
Index: 55.5546 86.1862 1152.94
Middle: -1.46859 17.6717 1082.94
Ring: 6.90762 108.228 1150.29
Little: -25.1534 117.321 1124.87
Thumb: 22.5455 98.6805 1078.91
Index: 58.84 86.3436 1154.35
Middle: -2.05587 19.08 1086.93
Ring: 2.09299 93.988 1151.33
Little: -23.9273 114.911 1127.8
Thumb: 23.364 97.3427 1081.97
Index: 61.1779 89.8456 1155.37
Middle: 0.467328 17.2346 1092.36
Ring: 1.48168 89.7735 1154.53
Little: -23 115.952 1129.9
Thumb: 24.1836 96.6812 1084.7
Index: 58.085 82.8294 1160.28
Middle: 0.498299 16.6646 1094.69
Ring: 7.40489 100.128 1157.9
Little: -21.5045 115.907 1132.97
Thumb: 24.6037 94.7485 1087.51
Index: 59.3938 81.659 1162.71
Middle: 0.482733 14.9872 1097.41
Ring: 6.48988 96.0498 1161.04
Little: -21.0016 112.632 1136.22
Thumb: 25.3089 95.2438 1090.21
Index: 56.065 81.6243 1168.26
Middle: 0.676152 15.7203 1099.95
Ring: 5.35154 99.6747 1163.42
Little: -21.7696 117.461 1136.48
Thumb: 24.8576 93.7198 1093.91
Index: 57.3714 86.4381 1171.98
Middle: 0.169175 14.3056 1103.84
Ring: 4.87574 103.677 1165.45
Little: -23.6986 115.931 1138.77
Thumb: 25.3944 94.6821 1098.54
Index: 51.9366 84.6138 1178.22
Middle: 0.336472 14.7457 1106.62
Ring: -5.76771 82.7034 1165.9
Little: -26.056 108.534 1141.41
Thumb: 25.2158 94.2647 1103.32
Index: 46.1625 87.1323 1184.8
Middle: 0.532551 13.9675 1107.48
Ring: -11.6699 68.7215 1164.32
Little: -30.3518 102.034 1140.61
Thumb: 26.3273 95.6358 1106.19
Index: 49.3418 90.2439 1188.77
Middle: 2.20798 15.1075 1109.8
Ring: -9.44596 64.5971 1164.82
Little: -29.0345 102.181 1143.82
Thumb: 27.6318 96.2035 1110.55
Index: 52.6804 92.7039 1192.34
Middle: 1.58346 16.3031 1110.89
Ring: -7.86177 66.8923 1170.49
Little: -26.6344 101.574 1148.66
Thumb: 28.6802 99.2234 1115.69
Index: 62.5207 88.6647 1194.23
Middle: 2.70106 19.3805 1113.89
Ring: -14.2691 35.0452 1117.97
Little: -19.9522 108.653 1161.57
Thumb: 27.2038 99.6148 1117.33
Index: 59.6833 87.1325 1194.77
Middle: 1.05569 19.7963 1113.22
Ring: -15.5236 35.5095 1119.65
Little: -21.2679 112.469 1163.73
Thumb: 24.232 99.1033 1116.78
Index: 22.0691 27.1641 1153.12
Middle: 0.0399046 18.6219 1113.08
Ring: -18.621 34.939 1115.36
Little: -30.3125 104.893 1147.78
Thumb: 21.3823 99.5084 1108
Index: 7.5569 31.5276 1119.49
Middle: -0.011137 18.6035 1108.27
Ring: -25.1059 44.0381 1111.87
Little: -34.2199 88.9634 1111.15
Thumb: 29.5775 97.9775 1113.35
Index: 6.19921 34.0506 1130.5
Middle: -0.248597 21.614 1113.23
Ring: -21.536 42.5591 1098.94
Little: -6.27796 65.2945 1094.14
Thumb: 28.2119 92.9296 1114.11
Index: 0.624583 29.2227 1128.55
Middle: -3.97795 16.7206 1112.42
Ring: -20.2724 45.4025 1112.39
Little: -3.83726 58.933 1089.87
Thumb: 27.5808 92.6411 1115.37
Index: -1.20655 30.6574 1128.92
Middle: -7.24091 17.7764 1113.65
Ring: -6.08901 24.6605 1105.7
Little: -2.53948 53.7712 1089.59
Thumb: 27.5779 92.1787 1115.43
Index: -3.98088 32.0404 1129.53
Middle: -7.7154 17.6625 1113.02
Ring: -3.29101 22.9806 1106.84
Little: -0.144956 50.7934 1087.78
Thumb: 27.5011 92.6619 1115.17
Index: -6.90076 33.3621 1129.61
Middle: -7.32388 17.5214 1111.8
Ring: -5.29039 24.419 1109.15
Little: 1.95241 47.2915 1081.63
Thumb: 26.7402 91.9867 1117.04
Index: -10.0346 33.5535 1132.87
Middle: -8.8977 17.36 1113.1
Ring: -8.13923 24.6231 1108.78
Little: 0.917352 46.7355 1083.9
Thumb: 27.9159 92.6313 1118.37
Index: -17.0181 39.6513 1140.76
Middle: -13.1998 21.4165 1112.79
Ring: -4.08094 23.7106 1109.23
Little: 3.75004 47.7283 1086.38
Thumb: 29.6932 97.0595 1119.84
Index: -23.3178 50.1886 1147.29
Middle: -13.3958 26.9717 1114.65
Ring: -1.50099 27.6275 1110.84
Little: 7.19023 51.0376 1087.6
Thumb: 31.4966 99.5402 1124.75
Index: -24.2881 56.6048 1150.35
Middle: -12.7633 30.8525 1116.57
Ring: -0.165746 32.9167 1097.51
Little: 9.76853 52.7779 1092.25
Thumb: 31.7197 98.7398 1123.27
Index: -5.1713 115.331 1162.63
Middle: -9.11159 29.4714 1110.39
Ring: 4.59655 30.3707 1094.16
Little: 10.8142 51.7421 1090.68
Thumb: 31.6042 97.1246 1120.78
Index: -3.67553 119.143 1161.48
Middle: -10.6031 27.5515 1111.29
Ring: 7.22446 27.3433 1093.28
Little: 10.0164 50.9429 1087.91
Thumb: 31.0113 97.618 1120.24
Index: -42.875 86.0242 1138.39
Middle: -10.363 27.3622 1111.3
Ring: 4.04332 29.3412 1093.59
Little: 15.2452 46.411 1089.93
Thumb: 26.4474 97.9845 1120.25
Index: -43.2154 73.1736 1135.13
Middle: -13.2718 26.7669 1111.33
Ring: -4.31053 31.8449 1104.44
Little: 10.9553 46.9368 1089.7
Thumb: 24.8712 97.4744 1120.33
Index: -44.1834 71.3024 1135.63
Middle: -13.4996 25.6374 1111.12
Ring: -0.123219 29.1615 1093.56
Little: 8.93335 47.7946 1093.42
Thumb: 24.7327 97.4455 1120.31
Index: -44.7857 72.153 1135.54
Middle: -13.6861 25.6311 1111.1
Ring: 6.54999 25.0909 1093.57
Little: 8.46592 49.2294 1096.82
Thumb: 25.8099 98.0016 1120.6
Index: -48.4369 83.2626 1139.41
Middle: -16.2936 28.308 1110.71
Ring: -13.5453 141.768 1108.29
Little: 13.2168 48.5414 1097.94
Thumb: 22.845 97.1681 1120.39
Index: -51.144 82.2651 1139.12
Middle: -20.0182 27.763 1111.19
Ring: -15.546 141.926 1107.69
Little: 9.16552 48.0609 1097.9
Thumb: 22.275 97.4567 1120.19
Index: -19.2678 41.773 1134.2
Middle: -19.9721 28.2402 1109.2
Ring: -17.3093 142.243 1105.45
Little: 9.55652 48.017 1097.97
Thumb: 21.0783 97.9408 1119.86
Index: -18.7929 41.5597 1133.57
Middle: -20.3698 28.3411 1108.7
Ring: -17.5845 144.069 1106.51
Little: 6.49612 49.2865 1097.16
Thumb: 20.9628 97.9354 1119.73
Index: -18.3723 41.1826 1133.45
Middle: -21.1743 28.5788 1109.06
Ring: -16.9831 144.162 1104.27
Little: 6.90285 49.1487 1097.37
Thumb: 20.8355 97.905 1119.7
Index: -18.9883 41.4329 1133.47
Middle: -21.4389 28.6312 1109.04
Ring: -16.9863 144.231 1104.31
Little: 6.67961 49.1442 1097.34
Thumb: 16.9026 98.0605 1119.59
Index: -23.5641 41.1716 1135.58
Middle: -25.5115 30.4444 1104.59
Ring: -21.4796 143.576 1103.37
Little: 3.44955 48.826 1097.76
Thumb: 16.9683 98.0438 1119.6
Index: -23.4607 41.1887 1135.43
Middle: -25.5429 30.3709 1104.89
Ring: -20.9651 143.843 1103.29
Little: 3.68092 49.071 1098.51
Thumb: 16.9683 98.0438 1119.6
Index: -23.4607 41.1887 1135.43
Middle: -25.5429 30.3709 1104.89
Ring: -20.9651 143.843 1103.29
Little: 3.68092 49.071 1098.51
Thumb: 15.9763 98.1454 1119.89
Index: -25.0249 41.1887 1136.71
Middle: -27.112 30.8093 1105.2
Ring: -21.5752 144.289 1103.67
Little: 2.28819 49.3258 1098.7
Thumb: 16.2978 98.1415 1120.1
Index: -23.9752 40.5877 1137.14
Middle: -25.9761 30.2945 1105.41
Ring: -21.8985 143.825 1104.09
Little: 3.17082 49.1869 1098.88
Thumb: 16.3179 98.237 1119.92
Index: -23.2477 40.2041 1137.15
Middle: -25.8393 30.3263 1105.22
Ring: -24.0431 144.106 1103.91
Little: 2.89036 49.5009 1098.38
Thumb: 16.6884 99.3896 1120.53
Index: -26.7038 43.6068 1137.95
Middle: -26.6443 32.2056 1105.8
Ring: -22.67 145.714 1102.64
Little: 3.1121 50.5846 1099.23
Thumb: 16.7573 98.4946 1121.29
Index: -23.8491 41.2356 1137.9
Middle: -26.2846 30.3485 1108.63
Ring: -24.1786 142.864 1100.94
Little: 5.30086 49.0211 1100.29
Thumb: 16.6422 98.9 1122.45
Index: -21.5445 39.9091 1140
Middle: -24.2948 29.4004 1110.17
Ring: -22.5643 143.347 1103.61
Little: 6.444 49.2109 1101.31
Thumb: 16.5164 96.9706 1122.32
Index: -20.7322 36.9098 1141.08
Middle: -24.6874 27.8334 1109.37
Ring: -20.9973 141.688 1105.07
Little: 5.50111 47.6074 1100.33
Thumb: 17.4567 97.9502 1123.09
Index: -20.3495 38.1122 1142.08
Middle: -27.4054 31.0267 1110.23
Ring: -19.2856 141.586 1101.95
Little: 6.89728 48.4703 1101.14
Thumb: 17.9518 100.141 1123.99
Index: -21.3862 41.7351 1141.27
Middle: -24.4198 31.7185 1110.58
Ring: -20.1755 142.528 1102.76
Little: 9.30152 50.4034 1101.79
Thumb: 18.4095 100.008 1124.38
Index: -20.8327 41.6469 1141.41
Middle: -22.9146 31.0253 1110.81
Ring: -18.6078 141.339 1103.49
Little: 10.9982 50.0279 1102.26
Thumb: 17.8828 102.157 1124.52
Index: -20.0812 43.0237 1141.61
Middle: -21.9584 32.2773 1111.1
Ring: -14.538 142.524 1103.99
Little: 11.5352 51.9857 1102.49
Thumb: 18.0269 102.41 1124.44
Index: -20.5392 43.024 1143.94
Middle: -21.9781 32.5587 1111.18
Ring: -14.2443 142.564 1103.05
Little: 11.1981 52.2849 1102.45
Thumb: 17.9553 102.408 1124.28
Index: -19.2683 43.6127 1139.89
Middle: -21.4947 32.7404 1109.59
Ring: -14.834 143.342 1103.14
Little: 11.246 52.2425 1102.34
Thumb: 17.9266 102.4 1124.22
Index: -19.2121 43.6333 1139.57
Middle: -21.6859 32.6589 1109.99
Ring: -14.4968 143.233 1103.2
Little: 11.2452 52.286 1102.38
Thumb: 17.964 102.287 1124.41
Index: -18.5073 43.2334 1139.41
Middle: -21.6231 32.8188 1109.38
Ring: -13.9431 143.178 1103.1
Little: 11.2388 52.1821 1102.56
Thumb: 19.636 104.543 1123.9
Index: -14.9192 44.8843 1137.95
Middle: -18.4954 34.052 1109.4
Ring: -4.77891 142.505 1099.99
Little: 14.29 54.0007 1101.97
Thumb: 20.4752 103.401 1123.71
Index: -13.2265 43.3592 1137.99
Middle: -16.6411 32.3858 1109.33
Ring: -4.09002 140.69 1100.64
Little: 16.3686 52.6466 1101.71
Thumb: 25.3653 103.066 1123.23
Index: -8.4104 41.9109 1140.31
Middle: -12.6256 32.6376 1108.61
Ring: 1.63457 139.683 1101.27
Little: 20.3681 52.5957 1101.13
Thumb: 28.6823 104.42 1122.3
Index: -6.6179 44.6497 1137.55
Middle: -9.99719 35.2159 1105.36
Ring: 6.11492 141.227 1099.35
Little: 23.2695 53.885 1100.44
Thumb: 34.7847 108.545 1122.86
Index: -2.02804 49.9781 1137.43
Middle: -2.56949 39.429 1104.04
Ring: 12.0091 145.592 1099.63
Little: 29.3052 58.1266 1101.07
Thumb: 41.613 111.652 1119.32
Index: 3.38952 53.9828 1134.18
Middle: 2.14335 43.9129 1100.08
Ring: 23.0161 144.95 1099.65
Little: 34.114 61.66 1096.76
