Thumb: -71.4287 116.34 1080.64
Index: -70.1238 27.7648 1085.54
Middle: -106.92 41.838 1091.19
Ring: -130.136 64.8383 1080.73
Little: -151.389 110.071 1082.72
Thumb: -69.5247 111.62 1082.11
Index: -69.0043 26.5887 1093.25
Middle: -101.25 36.2104 1092.51
Ring: -123.945 57.2644 1084.85
Little: -104.634 137.268 1134.21
Thumb: -70.9521 111.079 1082.61
Index: -74.7006 27.2209 1093.85
Middle: -104.605 36.9456 1092.72
Ring: -125.968 57.6322 1084.6
Little: -108.234 138.325 1134.21
Thumb: -71.8651 112.357 1082.44
Index: -75.3601 27.0869 1091.67
Middle: -106.705 36.9769 1089.06
Ring: -127.146 59.3466 1084.29
Little: -109.141 140.348 1134.32
Thumb: -73.8284 112.602 1083.76
Index: -79.6163 27.4414 1091.74
Middle: -109.655 37.2701 1089.82
Ring: -128.397 59.2049 1085.99
Little: -108.51 144.271 1135.39
Thumb: -75.5872 113.058 1085.01
Index: -82.027 29.409 1092.3
Middle: -110.429 37.116 1090.7
Ring: -124.588 55.7173 1090.23
Little: -108.628 143.301 1137.26
Thumb: -76.9491 114.149 1085.79
Index: -84.7239 30.6674 1092.43
Middle: -110.283 37.482 1092.78
Ring: -126.346 57.5843 1093.54
Little: -111.549 136.483 1140.9
Thumb: -77.7773 115.6 1084.36
Index: -88.9035 34.4263 1094.21
Middle: -111.148 39.0117 1093.16
Ring: -125.632 58.869 1097
Little: -111.248 138.787 1140.53
Thumb: -79.1474 117.408 1084.95
Index: -93.138 36.8744 1092.87
Middle: -114.086 40.8618 1092.67
Ring: -126.289 60.4765 1098.03
Little: -140.165 96.8157 1091.9
Thumb: -79.1549 115.624 1085.77
Index: -96.2125 37.3903 1094.39
Middle: -117.983 41.3517 1094.37
Ring: -127.904 61.7257 1103.23
Little: -142.452 96.816 1092.48
Thumb: -79.163 115.628 1085.48
Index: -96.6311 40.5713 1100.12
Middle: -119.926 42.4204 1092.82
Ring: -127.585 61.6546 1102.62
Little: -142.494 97.5636 1092.39
Thumb: -79.0942 114.93 1085.91
Index: -97.4761 40.5251 1101.03
Middle: -119.625 41.1494 1092.35
Ring: -125.771 61.7438 1106.51
Little: -140.625 95.899 1095.64
Thumb: -79.0014 114.59 1086.66
Index: -95.0204 39.264 1102.16
Middle: -119.903 41.1387 1093.91
Ring: -123.648 60.808 1105.84
Little: -139.447 94.4562 1097.87
Thumb: -76.6005 112.565 1086.29
Index: -91.2568 37.0475 1099.49
Middle: -114.36 39.1204 1097.98
Ring: -118.783 57.3121 1106.61
Little: -136.293 90.5595 1098.5
Thumb: -72.4165 111.967 1086.14
Index: -83.307 36.4603 1102.29
Middle: -106.528 40.829 1103.8
Ring: -111.926 58.0413 1111.55
Little: -129.781 88.5472 1100.24
Thumb: -66.9437 109.959 1083.28
Index: -75.6347 34.9508 1102.68
Middle: -99.6713 40.6008 1103.76
Ring: -106.167 56.156 1108.2
Little: -121.447 85.7463 1099.45
Thumb: -63.4101 108.979 1083.28
Index: -66.014 34.2704 1102.8
Middle: -90.3845 37.4904 1103.46
Ring: -98.9515 52.9324 1109.21
Little: -112.697 80.5436 1102.22
Thumb: -58.2899 104.724 1083.25
Index: -58.7426 32.8095 1105.56
Middle: -84.4194 35.1301 1109.33
Ring: -92.3038 50.7375 1112.8
Little: -106.684 76.4497 1102.2
Thumb: -52.9644 103.878 1082.83
Index: -47.6734 34.8709 1107.16
Middle: -73.9895 30.1293 1106.29
Ring: -84.7095 46.5813 1111.43
Little: -99.0789 72.5394 1099.78
Thumb: -45.0152 103.464 1083.54
Index: -38.4975 34.2636 1103.8
Middle: -62.5949 27.1955 1102.66
Ring: -78.2086 43.5424 1108.24
Little: -88.3584 70.5166 1103.81
Thumb: -34.9072 101.132 1082.73
Index: -28.8454 34.3935 1103.25
Middle: -55.2384 24.1253 1100.18
Ring: -70.7232 42.3752 1107.15
Little: -80.7926 67.6124 1103.08
Thumb: -28.0387 102.034 1082.6
Index: -24.0921 32.5803 1102.35
Middle: -48.7356 26.5294 1103.65
Ring: -63.4083 41.1479 1106.59
Little: -75.347 66.5262 1102.29
Thumb: -21.9073 100.377 1084.78
Index: -17.015 29.8552 1101.91
Middle: -42.7716 24.4648 1104.5
Ring: -55.7444 37.1051 1106.11
Little: -68.4278 63.3153 1102.87
Thumb: -15.1839 96.5696 1086.56
Index: -12.6842 30.4046 1108.56
Middle: -39.1323 21.3616 1105.97
Ring: -50.7329 35.5125 1109.98
Little: -63.8012 59.7454 1101.58
Thumb: -9.3485 94.8367 1086.43
Index: -6.51811 25.0522 1105.14
Middle: -30.8763 20.1942 1105.7
Ring: -42.1836 33.3948 1109.51
Little: -56.2054 56.9556 1101.1
Thumb: -2.48078 93.5399 1085.85
Index: 3.6999 24.7047 1103.87
Middle: -22.8852 17.2648 1102.85
Ring: -36.5894 32.2723 1108.05
Little: -50.2075 55.2155 1100.3
Thumb: 3.10605 92.1019 1086.57
Index: 14.0567 23.245 1104.78
Middle: -15.3863 14.0269 1099.79
Ring: -29.975 27.5448 1105.63
Little: -45.667 51.2842 1100.29
Thumb: 8.55857 90.2254 1086.99
Index: 23.0652 18.8095 1103.75
Middle: -8.5427 9.86152 1094.83
Ring: -22.3429 28.5657 1110.78
Little: -41.1904 48.0676 1104.14
Thumb: 14.1668 86.5374 1087.75
Index: 33.7959 17.5551 1105.74
Middle: -1.5303 6.34964 1096.28
Ring: -16.3134 24.2784 1110.16
Little: -34.0429 54.272 1111.62
Thumb: 19.5644 83.7708 1088.08
Index: 40.8091 14.1831 1104.73
Middle: 4.20176 3.93382 1097.47
Ring: -9.09496 27.3477 1110.78
Little: -29.6241 52.7515 1111.67
Thumb: 25.9923 79.1726 1088.16
Index: 46.8392 10.3964 1105.87
Middle: 12.8199 4.26688 1104.78
Ring: -3.02885 23.8594 1111.22
Little: -24.0921 49.1577 1114.25
Thumb: 31.9921 81.4545 1086.77
Index: 53.8327 10.884 1098.67
Middle: 19.1959 2.44036 1097.06
Ring: 5.46644 27.1892 1106.83
Little: -17.8539 46.6831 1107.85
Thumb: 39.7584 81.4609 1086.75
Index: 59.7812 10.6172 1102.51
Middle: 23.9384 2.93369 1095.59
Ring: 10.8984 26.8177 1107.24
Little: -12.5793 48.7876 1108.23
Thumb: 44.9044 81.7931 1085.31
Index: 66.115 11.1774 1102.55
Middle: 29.8372 2.61981 1093.44
Ring: 15.9852 27.972 1104.93
Little: -9.355 48.6704 1104.92
Thumb: 51.218 83.2814 1084.93
Index: 72.4801 11.6427 1101.5
Middle: 36.1677 2.53437 1086.8
Ring: 11.2393 19.5489 1094.81
Little: -3.8423 52.1468 1106.52
Thumb: 53.7509 82.3987 1083.91
Index: 76.4663 7.18199 1095.21
Middle: 41.9085 1.0711 1086.03
Ring: 19.6862 18.5314 1097.27
Little: -1.5198 49.621 1104.87
Thumb: 57.4701 81.4886 1083.81
Index: 83.5183 11.6204 1105.31
Middle: 46.4759 -0.274687 1085.46
Ring: 24.2843 15.4174 1094.31
Little: 3.85506 51.1973 1104.29
Thumb: 60.2042 80.7241 1085.43
Index: 86.6534 12.2528 1107.95
Middle: 50.8836 -1.90431 1084.5
Ring: 26.3893 17.0279 1099.19
Little: 4.54614 48.5867 1105.39
Thumb: 61.5346 80.4256 1085.78
Index: 87.6145 9.9978 1104.96
Middle: 52.586 -2.1666 1083.76
Ring: 28.3782 16.5576 1099.03
Little: 7.4266 50.3246 1108.95
Thumb: 65.3384 80.8665 1086.89
Index: 90.3027 16.0366 1109.23
Middle: 53.0009 -1.68584 1083.39
Ring: 27.9986 18.3977 1098.13
Little: 10.0462 56.4205 1109.91
Thumb: 65.5749 80.9126 1086.6
Index: 92.0374 19.4518 1110.73
Middle: 54.3347 -2.03304 1083.32
Ring: 27.0035 16.6064 1095.4
Little: 8.57961 53.2045 1111.66
Thumb: 65.6502 81.0992 1086.71
Index: 92.1469 19.7657 1111.77
Middle: 54.7201 -1.93644 1083.38
Ring: 24.2588 20.0154 1097.61
Little: 6.9478 53.5319 1111.32
Thumb: 65.5631 81.8269 1086.62
Index: 91.2185 19.2097 1111.15
Middle: 53.3912 -1.10912 1083.31
Ring: 22.0421 22.2912 1098.59
Little: 5.06807 55.1103 1112.22
Thumb: 65.1948 84.9352 1086.59
Index: 89.456 21.6909 1109.2
Middle: 50.3738 2.56504 1082.32
Ring: 18.5332 23.3731 1091.84
Little: 3.28606 58.1422 1109.12
Thumb: 62.7039 84.7295 1086.53
Index: 96.2032 55.8284 1108.18
Middle: 43.8394 3.16527 1081.91
Ring: 12.6147 25.5763 1091.34
Little: 1.63163 65.0934 1110.75
Thumb: 60.7446 87.5258 1086.12
Index: 93.7505 58.6311 1107.32
Middle: 39.3117 6.63118 1083.28
Ring: 8.54198 28.424 1086.82
Little: -2.89347 66.3951 1108.26
Thumb: 59.6246 88.7336 1086.58
Index: 90.9909 57.5781 1107.49
Middle: 34.1778 8.99674 1082.35
Ring: 5.85442 30.9488 1082.7
Little: -5.03392 69.1174 1106.35
Thumb: 54.9141 90.6001 1086.91
Index: 77.6618 40.8952 1120.76
Middle: 29.7139 10.3265 1080.9
Ring: -0.744692 34.9199 1082.69
Little: -10.9994 72.67 1104.69
Thumb: 51.0813 91.3466 1085.87
Index: 79.3853 56.8378 1106.25
Middle: 23.3091 11.9393 1079.87
Ring: -5.66158 37.0947 1080.59
Little: -20.1117 69.8528 1095.66
Thumb: 44.6136 91.2884 1086.9
Index: 73.4149 57.4518 1108.47
Middle: 15.9807 12.2551 1081.05
Ring: -11.3622 36.4063 1082.88
Little: -25.3369 70.5002 1098.84
Thumb: 40.8487 94.7333 1086.58
Index: 68.3118 61.0256 1109.72
Middle: 10.7189 16.4381 1080.92
Ring: -15.0768 39.6497 1079.86
Little: -29.0411 74.8497 1097.7
Thumb: 34.6572 94.9999 1087.63
Index: 60.9196 61.5408 1111.49
Middle: 4.17414 16.9008 1081.41
Ring: -21.2487 39.864 1082.7
Little: -35.4805 74.7143 1097.12
Thumb: 30.4046 98.7663 1088.05
Index: 55.5946 67.3112 1115.56
Middle: -1.26566 21.5214 1081.31
Ring: -23.9623 42.6064 1080
Little: -39.6318 79.8041 1100.82
Thumb: 26.1198 101.469 1089.9
Index: 33.8008 38.4343 1119.33
Middle: -5.05684 23.9015 1082.22
Ring: -29.0155 45.7044 1084.47
Little: -42.6006 83.5365 1101.15
Thumb: 22.1451 103.069 1092.62
Index: 27.4425 39.4461 1119.91
Middle: -10.2292 26.1864 1084.65
Ring: -32.9264 47.4123 1086.7
Little: -46.0697 86.7424 1103.92
Thumb: 17.8495 100.954 1096.02
Index: 19.7938 39.5699 1124.89
Middle: -19.8579 26.6717 1090.17
Ring: -40.6125 48.5121 1089.94
Little: -54.1545 84.8696 1104.53
Thumb: 12.7294 102.959 1098.32
Index: 14.7342 40.7476 1127.48
Middle: -24.4177 28.0876 1093.83
Ring: -45.9108 50.771 1093.04
Little: -59.9848 86.5002 1104.33
Thumb: 7.32983 104.921 1100.23
Index: 10.9585 42.4925 1132.43
Middle: -27.9173 28.8493 1093.83
Ring: -51.5412 53.0862 1094.18
Little: -65.7228 87.1462 1102.23
Thumb: 1.56519 104.19 1101.66
Index: -4.14303 27.1952 1132.98
Middle: -31.0385 26.0782 1096.42
Ring: -58.7111 54.2041 1094.22
Little: -72.0639 88.6132 1097.02
Thumb: -9.2707 102.976 1101.95
Index: -19.3564 38.0341 1142.05
Middle: -20.7223 112.674 1178.63
Ring: -62.9781 48.0324 1086.18
Little: -79.2058 84.1497 1092.08
Thumb: 8.45259 97.4256 1114.68
Index: 3.49703 113.167 1190.48
Middle: -16.7828 108.522 1153.86
Ring: -32.3064 33.0429 1103.94
Little: -36.6573 60.7032 1075.31
Thumb: 2.44895 92.0225 1107.47
Index: -29.7025 106.363 1185.14
Middle: -23.3854 98.1939 1136.64
Ring: -38.5891 28.2436 1105.45
Little: -33.0151 51.007 1069.98
Thumb: -7.91747 85.6519 1106.57
Index: -24.3294 83.5205 1152.92
Middle: -57.5827 45.1719 1124.7
Ring: -51.328 26.0909 1106.86
Little: -45.4287 44.3512 1071.15
Thumb: -10.4735 87.8282 1111.56
Index: -33.8181 84.5575 1155.42
Middle: -61.4628 47.7048 1125.72
Ring: -50.9071 24.3928 1112.34
Little: -47.1445 46.7244 1078.12
Thumb: -17.8074 86.7314 1111.77
Index: -47.3378 82.4034 1152.23
Middle: -69.4587 44.4392 1120.44
Ring: -59.6562 24.5756 1112.74
Little: -53.9919 47.1008 1077.97
Thumb: -18.4318 88.6063 1114.3
Index: -49.2699 85.9678 1153.91
Middle: -70.5576 46.7875 1120.86
Ring: -60.4402 26.006 1110.93
Little: -51.748 46.7028 1078.95
Thumb: -20.5766 88.1072 1113.64
Index: -57.1022 88.4594 1154.16
Middle: -74.3371 48.6843 1120.4
Ring: -63.8371 26.2406 1109.75
Little: -53.7831 46.0211 1077.7
Thumb: -20.9623 92.1679 1115.83
Index: -47.3493 116.122 1166.33
Middle: -77.3578 57.6386 1123.86
Ring: -63.59 29.8993 1112.17
Little: -48.7304 46.8239 1080.22
Thumb: -21.4811 92.1701 1116.15
Index: -42.7428 131.257 1173.06
Middle: -77.8113 60.9275 1124.88
Ring: -63.7045 29.6459 1113.35
Little: -47.6309 46.6018 1083.88
Thumb: -17.4513 93.437 1116.8
Index: -33.5919 127.305 1174.67
Middle: -72.5247 30.7548 1119.74
Ring: -40.9278 139.854 1107.3
Little: -43.7297 48.4668 1085.11
Thumb: -17.6035 95.0956 1117.39
Index: -51.0968 134.797 1178.89
Middle: -75.328 36.4062 1113.66
Ring: -44.454 142.451 1109.35
Little: -44.0671 51.6321 1090.9
Thumb: -17.5812 98.111 1118.12
Index: -66.2942 60.9926 1143.4
Middle: -75.6688 39.7991 1114.23
Ring: -50.7616 147.123 1109.75
Little: -43.8824 55.3575 1093.81
Thumb: -18.1033 99.5217 1117.11
Index: -65.15 58.8776 1140.83
Middle: -77.5872 43.2302 1111.92
Ring: -54.245 149.203 1109.98
Little: -43.9687 57.2493 1093.66
Thumb: -18.0797 99.5141 1117.09
Index: -59.405 82.0608 1152.54
Middle: -79.4833 45.0487 1113.19
Ring: -39.0075 141.026 1104.19
Little: -42.2016 56.3623 1093.43
Thumb: -22.2184 102.655 1121.77
Index: -64.2342 100.725 1163.62
Middle: -83.4802 51.2391 1109.48
Ring: -44.5966 147.104 1103.65
Little: -42.3605 57.4768 1098.46
Thumb: -24.3322 103.493 1123.76
Index: -54.7488 121.993 1173.65
Middle: -85.7876 52.4728 1110.66
Ring: -48.3026 149.053 1104.61
Little: -44.1002 58.1246 1100.51
Thumb: -30.7715 103.328 1132.71
Index: -58.4356 120.753 1190.97
Middle: -82.9612 44.7967 1115.07
Ring: -45.0462 149.061 1121.87
Little: -79.8397 142.478 1105.47
Thumb: -30.6557 113.731 1116.61
Index: -23.8297 103.28 1183.46
Middle: -49.5498 36.4834 1104.72
Ring: -76.1793 124.039 1165.07
Little: -67.0664 76.2731 1121.78
Thumb: -31.3544 118.498 1114.65
Index: -16.3844 127.095 1183.57
Middle: -51.2938 41.0731 1105.92
Ring: -75.5282 128.801 1168.21
Little: -64.8106 69.5145 1113.4
Thumb: -30.8808 114.828 1109.2
Index: 13.6803 123.377 1143.53
Middle: -57.162 38.614 1113.31
Ring: -48.3651 125.166 1174.5
Little: -66.2984 69.5807 1123.53
Thumb: -34.0701 115.44 1105.85
Index: 1.0169 116.336 1169.27
Middle: -58.0888 38.0308 1110.62
Ring: -53.4185 112.516 1177.14
Little: -69.1813 67.6535 1109.38
Thumb: -39.2699 114.501 1103.54
Index: 4.52877 124.036 1176.61
Middle: -54.5534 41.6119 1124.82
Ring: -50.5465 126.04 1175.99
Little: -68.604 66.7575 1108.31
Thumb: -40.4335 114.874 1100.6
Index: -5.85894 95.3621 1166.71
Middle: -53.9902 33.9473 1106.83
Ring: -49.4279 127.365 1174.6
Little: -67.3457 67.1818 1105.42
Thumb: -40.7071 116.189 1097.76
Index: -6.35794 95.8092 1165.98
Middle: -53.4647 34.8646 1102.77
Ring: -50.8136 127.398 1172.64
Little: -67.8938 68.5192 1101.12
Thumb: -40.8668 115.628 1095.71
Index: -4.64341 96.9899 1164.04
Middle: -53.3007 34.1587 1100.93
Ring: -49.7888 126.702 1170.78
Little: -68.2903 68.1249 1099.48
Thumb: -42.2514 115.125 1094.4
Index: -3.93857 101.434 1162.86
Middle: -51.97 33.0889 1098.94
Ring: -51.2455 124.999 1169.8
Little: -68.7332 67.0646 1097.82
Thumb: -40.7407 117.984 1092.97
Index: -6.93529 96.0858 1162.86
Middle: -49.8404 35.8436 1097.16
Ring: -51.9077 128.305 1168.09
Little: -66.9312 69.7275 1095.81
Thumb: -40.4949 117.708 1090.33
Index: -3.00068 100.742 1159.47
Middle: -48.6466 35.2637 1093.83
Ring: -49.6188 126.467 1165.9
Little: -66.8281 69.5272 1093.15
Thumb: -39.5194 117.405 1090.17
Index: -2.66168 101.763 1159.32
Middle: -47.2897 35.0151 1095.26
Ring: -49.066 128.672 1165.28
Little: -65.9063 69.0714 1093.66
Thumb: -38.7625 117.619 1090.01
Index: 2.18709 101.168 1158.34
Middle: -44.0258 35.0823 1096.62
Ring: -45.1601 132.038 1164.45
Little: -64.1899 68.6496 1095.13
Thumb: -37.7688 118.096 1090.56
Index: 4.86646 100.497 1158.52
Middle: -40.7409 35.1945 1097.21
Ring: -43.5639 131.253 1165.5
Little: -61.9931 69.3539 1096.01
Thumb: -36.0207 118.458 1092.19
Index: 7.44259 101.035 1158.62
Middle: -38.5482 35.5656 1100.06
Ring: -39.624 129.352 1167.86
Little: -60.3745 69.8596 1098.42
Thumb: -35.1264 120.185 1093.25
Index: 10.1615 101.757 1158.54
Middle: -33.5627 36.9292 1101.68
Ring: -36.1501 130.137 1169.14
Little: -58.5259 71.376 1101.26
Thumb: -32.6882 121.148 1095.16
Index: 10.0976 106.146 1159.97
Middle: -31.2828 38.5518 1105.32
Ring: -32.6406 132.014 1170.99
Little: -54.134 71.6574 1104.36
Thumb: -29.8924 120.354 1097.13
Index: 13.239 107.845 1162.48
Middle: -27.0762 37.7866 1106.88
Ring: -30.9066 131.132 1172.98
Little: -50.3073 70.3807 1106.07
Thumb: -26.9127 120.841 1097.59
Index: 16.637 108.834 1162.76
Middle: -21.762 38.4056 1107.52
Ring: -26.6235 127.486 1173.97
Little: -45.8941 70.3476 1106.76
Thumb: -25.7873 120.962 1098.89
Index: 20.0662 108.465 1161.37
Middle: -15.3694 39.0137 1108.83
Ring: -22.3474 127.315 1175.2
Little: -41.4201 69.5079 1108.99
Thumb: -23.1508 123.148 1100.22
Index: 22.1392 115.137 1163.54
Middle: -9.77442 41.3446 1109.7
Ring: -21.5416 128.997 1176.63
Little: -38.0426 71.3395 1109.6
Thumb: -11.4503 113.635 1105.22
Index: 30.5656 100.693 1170.34
Middle: -4.03591 33.4367 1121.58
Ring: -15.2251 124.02 1180.86
Little: -28.6118 62.3031 1113.25
Thumb: -6.98321 103.09 1107.12
Index: 39.2673 82.3731 1169.08
Middle: 4.40485 27.1615 1127.06
Ring: -5.81934 111.248 1183.41
Little: -26.1008 52.4335 1115.01
Thumb: -3.55239 103.788 1108.8
Index: 47.1414 85.8018 1169.57
Middle: 12.1719 28.5053 1128.73
Ring: -1.3865 111.599 1185.11
Little: -20.3506 52.4003 1117.16
Thumb: 3.43244 102.885 1108.16
Index: 50.9626 86.922 1170.96
Middle: 19.6009 25.1179 1124.71
Ring: 2.91315 107.881 1184.69
Little: -12.2858 50.8688 1114.49
Thumb: 8.0346 103.921 1109.74
Index: 58.5504 90.9357 1172.17
Middle: 24.0633 24.5643 1124.65
Ring: 11.1817 104.159 1186.2
Little: -5.40526 52.7531 1122.29
Thumb: 15.0861 104.292 1110.13
Index: 63.2276 100.091 1173.46
Middle: 29.0776 24.4466 1126.55
Ring: 13.7541 111.28 1186.35
Little: 1.51706 52.062 1119.05
Thumb: 24.0907 97.9627 1108.71
Index: 73.2395 94.8277 1172.67
Middle: 37.9984 26.1511 1132.39
Ring: 22.429 106.291 1184.78
Little: 8.85417 46.0689 1116.96
Thumb: 27.9878 97.6311 1108.02
Index: 80.0482 87.876 1170.92
Middle: 47.0139 24.5261 1129.14
Ring: 28.0096 104.554 1184.44
Little: 14.9822 44.5225 1116.34
Thumb: 35.7013 97.2346 1107.73
Index: 86.1665 92.9834 1171.75
Middle: 55.9228 25.2364 1129.85
Ring: 34.4759 106.747 1183.79
Little: 25.1055 44.2522 1116.17
Thumb: 40.7031 99.4467 1107.83
Index: 90.8865 95.4063 1171.71
Middle: 63.8428 26.5503 1128.53
Ring: 38.8164 108.029 1184.01
Little: 29.9828 45.8268 1115.66
Thumb: 44.6896 100.798 1107.23
Index: 95.6433 101.573 1168.8
Middle: 71.5759 28.0065 1125.5
Ring: 44.6172 107.792 1183.59
Little: 34.6661 46.9314 1114.32
Thumb: 52.527 100.451 1109.25
Index: 100.82 99.5863 1171.91
Middle: 75.9656 28.1925 1129.19
Ring: 49.456 106.968 1185.59
Little: 44.6269 46.1688 1115.84
Thumb: 58.0526 101.996 1109.12
Index: 106.36 127.227 1169.91
Middle: 80.1089 21.9458 1114.25
Ring: 56.1645 106.011 1185.7
Little: 49.0904 47.6635 1114.96
Thumb: 65.3891 99.9583 1109.57
Index: 111.677 106.251 1177.81
Middle: 83.9324 24.9423 1129.24
Ring: 62.0417 106.616 1185.92
Little: 53.0214 46.839 1118.18
Thumb: 67.2281 99.5674 1108.55
Index: 115.954 107.995 1174.72
Middle: 87.2498 24.4898 1126.53
Ring: 66.3176 105.779 1184.98
Little: 56.392 46.5848 1116.62
Thumb: 68.7316 99.7133 1110.99
Index: 124.148 81.8231 1167.23
Middle: 85.3008 18.6907 1117.51
Ring: 74.5571 108.384 1186.93
Little: 58.7507 47.0391 1121.74
Thumb: 68.8873 98.2832 1114.45
Index: 124.909 77.8847 1165.87
Middle: 81.8224 24.63 1136.49
Ring: 81.5557 108.226 1189.4
Little: 57.2752 46.6089 1128.02
Thumb: 72.5669 98.0412 1117.77
Index: 120.533 63.1786 1146.14
Middle: 118.808 110.551 1187.25
Ring: 95.7368 108.967 1190.07
Little: 57.5069 100.606 1183.89
Thumb: 72.4242 99.1089 1120.28
Index: 123.102 72.8694 1142.79
Middle: 121.902 73.1768 1182.3
Ring: 104.024 110.555 1189.2
Little: 62.9735 106.702 1187.91
Thumb: 75.5202 102.111 1123.33
Index: 125.06 69.4617 1140.56
Middle: 125.199 74.157 1183.27
Ring: 115.263 111.385 1188.25
Little: 63.0719 51.9937 1144.91
Thumb: 75.9035 106.192 1121.92
Index: 145.307 80.9378 1148.49
Middle: 138.347 94.3897 1176.27
Ring: 122.515 110.915 1182.64
Little: 61.4383 56.4888 1144.04
Thumb: 76.8993 107.392 1123.79
Index: 151.623 92.8449 1149.22
Middle: 140.344 97.2079 1177.84
Ring: 124.426 107.395 1184.01
Little: 68.6402 70.1629 1158.14
Thumb: 76.2802 109.761 1121.9
Index: 151.004 89.281 1143.1
Middle: 141.638 94.683 1172.36
Ring: 126.807 104.49 1179.39
Little: 70.8033 79.0644 1161.11
Thumb: 81.0169 108.544 1125.43
Index: 159.099 97.2581 1140.23
Middle: 153.286 102.073 1168.21
Ring: 136.788 109.835 1177.9
Little: 77.5783 93.2141 1168.09
Thumb: 79.7528 109.378 1124.07
Index: 162.43 111.112 1132.44
Middle: 153.172 112.744 1162.47
Ring: 136.357 109.424 1175.7
Little: 77.7692 93.4229 1167.8
Thumb: 81.0188 111.988 1124.27
Index: 162.922 104.464 1116.5
Middle: 161.346 109.024 1145.8
Ring: 146.722 106.285 1163.36
Little: 87.0263 94.3132 1166.78
Thumb: 81.4641 114.185 1125.32
Index: 163.432 106.301 1117.09
Middle: 160.788 113.844 1146.59
Ring: 147.23 108.577 1164.35
Little: 87.6982 96.937 1167.8
Thumb: 79.3429 117.077 1126.79
Index: 160.263 101.816 1118.71
Middle: 158.651 111.515 1147.36
Ring: 145.063 109.117 1165.24
Little: 84.8644 99.435 1169.18
Thumb: 77.2427 116.906 1127.16
Index: 156.73 96.4558 1118.66
Middle: 156.609 108.997 1146.25
Ring: 142.296 102.443 1165.21
Little: 82.8025 98.492 1169.36
Thumb: 75.0338 118.273 1126.84
Index: 153.053 93.877 1116.83
Middle: 153.801 97.0933 1147.95
Ring: 140.098 103.038 1164.4
Little: 77.7814 84.8631 1170.04
Thumb: 75.14 117.875 1128.27
Index: 152.144 90.8035 1119.61
Middle: 152.822 94.0275 1150.45
Ring: 56.1371 48.3866 1161.85
Little: 105.199 125.888 1189.6
Thumb: 75.4054 116.473 1129.73
Index: 152.992 90.6959 1120.44
Middle: 153.342 93.6481 1151.99
Ring: 59.4957 42.7003 1147.17
Little: 108.578 122.326 1190.89
Thumb: 72.216 116.745 1129.8
Index: 76.9803 46.6011 1123.08
Middle: 51.7072 42.3042 1151.62
Ring: 52.7054 43.6066 1143.04
Little: 103.736 123.081 1192.22
Thumb: 69.244 115.534 1131.77
Index: 57.6585 47.4568 1122.03
Middle: 46.7588 39.4242 1148.89
Ring: 50.0847 42.481 1141.37
Little: 101.454 118.826 1194.09
Thumb: 68.3251 115.661 1132.44
Index: 55.8593 47.7484 1122.42
Middle: 44.0847 39.902 1148.99
Ring: 47.7905 42.9446 1143.9
Little: 101.033 118.166 1194.56
Thumb: 68.1067 115.114 1132.06
Index: 55.8453 47.1609 1122.4
Middle: 44.1747 39.3463 1148.98
Ring: 47.8474 42.372 1143.81
Little: 101.037 116.716 1193.95
Thumb: 68.0079 115.757 1133.32
Index: 54.4269 47.9791 1124.01
Middle: 42.0318 40.7017 1150.43
Ring: 46.4064 43.4735 1145.51
Little: 100.921 118.622 1195.31
Thumb: 66.9001 115.684 1134.04
Index: 52.9082 47.9997 1124.77
Middle: 40.1822 40.8695 1151.06
Ring: 44.5183 43.6231 1146.14
Little: 97.7726 122.594 1196.9
Thumb: 67.2833 115.887 1134.18
Index: 52.7736 48.1814 1124.55
Middle: 39.8222 41.4026 1151.3
Ring: 42.6836 44.4751 1147.06
Little: 97.5627 123.825 1197.3
Thumb: 58.0459 110.737 1136.14
Index: 42.2654 43.2482 1127.6
Middle: 28.3968 35.3618 1148.56
Ring: 30.3105 40.4934 1148.69
Little: 83.4132 114.764 1201.62
Thumb: 57.5191 110.217 1136.61
Index: 40.8792 42.9327 1128.94
Middle: 26.3748 35.6583 1149.92
Ring: 28.4545 40.6114 1149.77
Little: 81.9459 110.173 1202.04
Thumb: 54.8898 110.063 1140.32
Index: 39.2209 41.603 1134.39
Middle: 26.5958 33.5937 1153.09
Ring: 30.8001 39.3475 1154.36
Little: 79.6072 109.026 1204.94
Thumb: 55.0221 109.933 1140.32
Index: 39.3147 42.1586 1135.5
Middle: 26.0356 34.5309 1155.32
Ring: 31.4566 39.1089 1154.88
Little: 79.793 109.043 1204.92
Thumb: 54.7986 110.043 1139.66
Index: 40.0667 41.8787 1134.87
Middle: 26.5151 34.4541 1154.95
Ring: 31.7549 39.0576 1154.28
Little: 78.9582 109.417 1204.41
Thumb: 53.4856 112.571 1138.82
Index: 38.4363 44.5383 1134.36
Middle: 21.9708 40.0666 1158.21
Ring: 30.0025 41.7677 1153.62
Little: 76.9949 112.258 1203.84
Thumb: 51.6173 113.769 1137.2
Index: 36.9996 45.546 1132.88
Middle: 20.2341 42.584 1159.68
Ring: 30.0983 42.683 1153.15
Little: 76.0448 115.59 1202.12
Thumb: 49.0099 109.55 1136.32
Index: 36.6614 39.9112 1130.19
Middle: 43.2941 46.4231 1162.4
Ring: 43.5501 47.4568 1162.06
Little: 76.4653 110.252 1199.97
Thumb: 45.8 110.444 1133.95
Index: 34.7118 40.3565 1128.27
Middle: 40.5476 47.0687 1161.05
Ring: 41.1066 49.0253 1160.75
Little: 72.4799 111.381 1197.74
Thumb: 41.0704 111.087 1132.41
Index: 30.6456 41.9582 1128.47
Middle: 16.6096 39.9506 1159.35
Ring: 36.4936 46.9212 1156.22
Little: 63.4447 112.417 1197.7
Thumb: 40.5505 109.699 1130.46
Index: 30.2212 40.7883 1126.65
Middle: 13.0387 38.3626 1155.79
Ring: 10.381 46.8881 1168.92
Little: 64.698 110.723 1195.13
Thumb: 38.8556 109.576 1128.9
Index: 28.6383 39.9026 1123.96
Middle: 10.8785 38.4818 1154.32
Ring: 6.07254 47.4699 1166.81
Little: 62.4991 111.321 1193.8
Thumb: 33.9361 112.093 1124.93
Index: 20.2035 43.7538 1120.29
Middle: 4.53649 42.9551 1151.81
Ring: -3.13115 51.6083 1161.53
Little: 53.8365 113.125 1190.96
Thumb: 31.3591 114.483 1124.55
Index: 16.1299 46.4334 1120.86
Middle: -0.060802 45.9191 1151.08
Ring: -7.66011 55.4753 1161.51
Little: 49.3883 116.38 1191.24
Thumb: 24.1656 110.182 1124.32
Index: 3.08313 43.6756 1128.04
Middle: -12.6536 46.5689 1156.59
Ring: -20.0476 60.4445 1168.88
Little: 38.1333 109.683 1193.59
Thumb: 23.3364 111.389 1121.83
Index: 1.44905 44.7675 1124.75
Middle: -13.0772 47.6818 1154.54
Ring: -19.5622 61.7834 1167.56
Little: 38.8791 112.463 1190.04
Thumb: 13.5568 108.106 1118.93
Index: 14.819 50.6037 1130.89
Middle: -24.9347 49.0506 1156.32
Ring: -22.6829 63.4916 1168.93
Little: 22.6408 114.445 1188.36
Thumb: 9.93192 108.164 1119.52
Index: -2.80008 43.1456 1134.39
Middle: -11.5022 55.2688 1160.2
Ring: -25.8594 63.4844 1169.8
Little: 19.2221 115.317 1188.84
Thumb: 10.2712 105.345 1118.34
Index: 10.5106 45.4866 1132.08
Middle: -4.93252 53.8925 1156.34
Ring: -25.5391 59.3828 1167.48
Little: 21.3149 135.588 1162.46
Thumb: 8.79345 104.618 1119.56
Index: 21.9959 44.7018 1139.73
Middle: 26.477 74.1998 1152.7
Ring: -16.6508 61.6119 1165.1
Little: 15.2242 138.626 1158.86
Thumb: 8.54829 104.567 1119.35
Index: 23.21 45.5675 1139.3
Middle: 25.8449 74.4533 1151.27
Ring: -17.2962 61.61 1164.72
Little: 15.0556 138.399 1158.29
Thumb: 8.55769 104.549 1119.31
Index: 23.5821 45.8324 1139.14
Middle: 25.9299 73.8836 1151.77
Ring: -17.2538 61.5549 1164.66
Little: 15.127 138.408 1158.44
Thumb: 5.99049 104.675 1119.24
Index: 18.3153 43.8513 1138.87
Middle: 24.2244 74.1722 1151.52
Ring: -18.8147 61.4945 1165.02
Little: 8.05513 140.719 1157.96
Thumb: 1.91856 101.562 1113.39
Index: 14.5393 40.2814 1131.21
Middle: 17.5423 75.0332 1136.52
Ring: -21.9122 58.633 1158.42
Little: 7.99355 136.412 1155.44
Thumb: -1.51915 103.047 1110.74
Index: 9.5185 40.9857 1126.33
Middle: 14.1153 72.7368 1134.92
Ring: -28.829 55.4608 1151.93
Little: 7.46682 133.894 1158.3
Thumb: -2.07929 102.586 1111.92
Index: 10.8823 41.6031 1127.65
Middle: 13.754 73.1211 1134.17
Ring: -28.4323 54.7355 1153.76
Little: 2.88251 135.141 1153.18
Thumb: -2.07929 102.586 1111.92
Index: 10.8823 41.6031 1127.65
Middle: 13.754 73.1211 1134.17
Ring: -28.4323 54.7355 1153.76
Little: 2.88251 135.141 1153.18
Thumb: -0.383583 100.967 1114.91
Index: 9.60645 38.439 1126.85
Middle: 8.05537 54.1248 1148.73
Ring: -11.0184 58.6763 1157.94
Little: 2.11238 133.903 1157.94
Thumb: 1.07761 100.347 1114.63
Index: 9.05659 36.0732 1123.86
Middle: 5.98063 46.6187 1155.43
Ring: -7.58629 54.6983 1162.69
Little: 4.37773 132.377 1156
Thumb: 1.02821 100.358 1114.38
Index: 9.37289 36.395 1123.61
Middle: 6.79945 47.5493 1154.53
Ring: -7.52074 53.7744 1160.85
Little: -0.358541 131.091 1153.07
Thumb: 1.29313 100.125 1114.06
Index: 7.50525 35.2234 1123.04
Middle: 5.31934 46.636 1154
Ring: -6.81185 53.6927 1160.75
Little: 1.83468 130.162 1151.34
Thumb: 5.04941 99.7675 1112.53
Index: 14.5051 35.3573 1121.66
Middle: 11.9583 46.6962 1152.66
Ring: 0.137115 49.2392 1162.95
Little: -3.91685 133.02 1160.76
Thumb: 4.35588 99.3725 1111.85
Index: 7.86645 33.254 1118.83
Middle: 4.33231 42.0294 1151.46
Ring: -2.50383 46.1708 1163
Little: -4.42404 132.451 1160.23
Thumb: 4.41833 99.5803 1110.8
Index: 10.0675 33.9545 1118.35
Middle: 6.00211 43.5304 1150.05
Ring: -2.95527 46.1348 1162.09
Little: -6.67178 131.234 1157.69
Thumb: 4.30665 99.5723 1110.77
Index: 11.3423 35.5065 1117.59
Middle: 4.52333 41.7913 1150.5
Ring: -2.87386 45.9491 1161.89
Little: -5.84035 131.314 1158.47
Thumb: 4.2793 99.5885 1110.73
Index: 11.9182 36.1081 1117.32
Middle: -9.23633 36.7234 1145.91
Ring: -10.8278 40.7748 1157
Little: -8.44997 125.201 1155.52
Thumb: 6.64186 100.16 1111.01
Index: 18.0791 39.3252 1117.69
Middle: -6.84719 36.2499 1146.33
Ring: -13.4367 42.8897 1160.4
Little: -8.09606 128.537 1155.61
Thumb: 9.99151 99.2049 1111.21
Index: 21.079 37.2093 1118.43
Middle: -2.80483 34.7436 1145.94
Ring: -18.8617 41.0868 1154.78
Little: -6.96886 124.573 1154.08
Thumb: 10.6414 101.987 1113.51
Index: 19.7053 38.2698 1119.67
Middle: -3.13871 36.9315 1146.72
Ring: -18.9232 43.2635 1155.65
Little: 5.80005 75.8896 1159.43
Thumb: 15.4924 98.1158 1114.82
Index: 31.8361 35.4027 1120.15
Middle: 30.9664 47.1967 1151.61
Ring: 30.7445 40.5763 1132.82
Little: 12.6284 79.6491 1163.07
Thumb: 12.2103 102.77 1116.46
Index: 13.7549 32.122 1120.06
Middle: 13.2301 36.5364 1153.08
Ring: 13.5072 33.1731 1130.3
Little: -1.53603 88.8697 1163.45
Thumb: 9.41594 104.619 1119.76
Index: 13.6408 35.4465 1129.84
Middle: 16.921 34.8438 1152.27
Ring: 7.34928 36.2456 1137.06
Little: -17.6581 76.9129 1154.91
Thumb: 11.0071 104.538 1121.09
Index: 24.5001 47.5546 1137.18
Middle: 4.8517 42.3625 1161.57
Ring: 7.42222 36.2987 1138.97
Little: -19.4407 75.6187 1153.98
Thumb: 10.0618 105.249 1123.38
Index: 22.4911 46.7719 1150.43
Middle: -0.75846 46.8702 1169.56
Ring: 4.36372 37.474 1142.53
Little: -21.9918 77.7643 1155.74
Thumb: 8.94198 106.766 1123.89
Index: 25.6126 48.2523 1151.71
Middle: 0.471494 53.3282 1170.94
Ring: -2.20372 34.0423 1130.24
Little: -25.1583 78.5299 1153.39
Thumb: 8.48177 103.605 1125.87
Index: 23.9428 45.6496 1155.48
Middle: 40.6709 100.116 1193.13
Ring: -3.88573 31.0446 1133.17
Little: -27.0605 75.9179 1154.07
Thumb: 9.28435 104.819 1126.2
Index: 24.1892 48.2581 1155.64
Middle: 39.2579 101.648 1192.47
Ring: -6.68291 32.3655 1132.49
Little: -29.7739 75.8438 1152.43
Thumb: 9.20909 103.952 1124.79
Index: 23.2361 45.0421 1151.89
Middle: 36.7486 94.2621 1200.69
Ring: -6.9698 31.3551 1128.48
Little: -31.5172 76.4222 1148.52
Thumb: 9.01661 100.938 1122.43
Index: 21.5291 41.8943 1148.01
Middle: 34.8386 93.4535 1196.7
Ring: -7.80447 28.6411 1121.95
Little: -35.6252 60.8704 1131.62
Thumb: 7.54229 97.7007 1119.19
Index: 20.4758 33.7279 1138.67
Middle: 34.2632 89.8927 1195.75
Ring: -9.37937 25.5785 1113.43
Little: -36.9552 56.8084 1125.01
Thumb: 6.96365 95.6992 1115.88
Index: 22.6558 41.3219 1137.4
Middle: 35.8642 99.0071 1190.73
Ring: -10.8616 24.2696 1104.77
Little: -38.2249 54.66 1117.29
Thumb: 6.77708 93.5299 1112.51
Index: 21.1998 36.5192 1130.99
Middle: 39.3799 86.857 1187.58
Ring: -13.2939 23.3802 1097.69
Little: -39.7741 54.033 1111.41
Thumb: 6.30576 94.1453 1108.67
Index: 19.7776 38.9657 1127.37
Middle: 28.4624 80.7015 1187.52
Ring: -12.1612 24.5867 1089.76
Little: -39.897 54.6187 1103.02
Thumb: 6.56206 93.8491 1106.79
Index: 22.9377 41.4749 1124.86
Middle: 30.9538 85.2575 1184.8
Ring: -12.9234 24.4824 1086.82
Little: -38.4981 53.2493 1102.79
Thumb: 4.44895 92.6932 1104.06
Index: 20.7531 37.5958 1120.93
Middle: 34.6143 91.9281 1176.27
Ring: -13.8982 24.1527 1080.75
Little: -42.0799 52.8581 1094.29
Thumb: 3.8599 93.1429 1103.42
Index: 19.7852 37.2815 1119.38
Middle: 35.0859 91.6897 1175.19
Ring: -14.8971 24.8008 1079.92
Little: -41.9078 53.4791 1093.82
Thumb: 4.05705 93.0434 1101.73
Index: 22.3828 40.4667 1113.37
Middle: 33.088 90.3698 1173.25
Ring: -15.4244 25.9886 1075.39
Little: -41.9665 54.0143 1091.57
Thumb: 4.03569 94.7663 1100.05
Index: 21.7026 41.0797 1110.64
Middle: 35.1511 93.1967 1170.01
Ring: -15.6213 27.9354 1073.29
Little: -42.0055 55.6666 1090.25
Thumb: 2.58887 94.1595 1098.45
Index: 21.6448 40.5807 1107
Middle: 39.5779 92.0176 1164.96
Ring: -16.4192 27.7138 1070.29
Little: -40.9093 54.3242 1088.48
Thumb: 2.2297 94.0657 1095.54
Index: 20.5226 40.8768 1104.6
Middle: 39.5567 91.9804 1161.93
Ring: -17.1192 27.612 1068.15
Little: -42.2448 55.136 1086.32
Thumb: 0.454243 93.306 1094.08
Index: 16.4291 37.0226 1102.71
Middle: 29.7681 93.4524 1163.51
Ring: -17.4186 25.6506 1068.93
Little: -43.5116 53.527 1086.14
Thumb: -3.04827 88.3628 1090.91
Index: 15.8155 33.6046 1102.32
Middle: 34.0663 86.9989 1160.6
Ring: -12.8802 27.5591 1091.27
Little: -43.2632 53.6239 1103.06
Thumb: -5.23951 89.1615 1090.4
Index: 13.8979 34.493 1101.28
Middle: 33.5879 87.5608 1159.16
Ring: -14.6416 31.1748 1092.2
Little: -42.5358 54.4846 1102.81
Thumb: -5.32063 92.1013 1089.14
Index: 7.73919 31.5269 1088.86
Middle: 35.5721 94.7521 1153.95
Ring: -20.1398 22.9822 1065.8
Little: -42.52 54.8072 1103.3
Thumb: -8.09055 91.1737 1089.05
Index: 7.72371 32.6039 1091.83
Middle: 30.4226 94.2237 1154.37
Ring: -14.5579 30.0806 1087.71
Little: -42.136 54.8077 1103.56
Thumb: -9.18066 91.4952 1086.94
Index: 4.42584 29.0861 1087.18
Middle: 29.1533 94.4632 1152.02
Ring: -14.5756 30.3267 1084.68
Little: -42.3856 54.4969 1101.37
Thumb: -9.90923 92.1208 1085.29
Index: 3.84311 29.2842 1086.49
Middle: 25.4954 97.9797 1150.39
Ring: -14.5777 31.3295 1083.55
Little: -41.9231 56.2189 1099.07
Thumb: -11.255 93.4044 1085.18
Index: 4.2424 32.2772 1089.72
Middle: 17.1503 112.179 1138.06
Ring: -12.3321 33.151 1082.1
Little: -43.9219 57.1645 1098.44
Thumb: -11.2415 93.3849 1085.2
Index: 4.10095 32.1542 1089.71
Middle: 16.917 112.257 1138
Ring: -18.1428 24.9601 1060.16
Little: -43.9371 57.1377 1098.52
Thumb: -12.0334 92.0313 1085.03
Index: 1.82885 29.1641 1088.45
Middle: 14.3423 110.952 1139.14
Ring: -12.8112 33.8721 1083.82
Little: -44.402 56.0701 1099.07
Thumb: -13.2749 92.6886 1086.8
Index: 0.267046 30.9627 1093.01
Middle: 14.1367 111.068 1141.81
Ring: -16.1059 34.6428 1086.73
Little: -47.0039 58.1739 1101.26
Thumb: -13.1297 93.1198 1090.02
Index: -3.31503 34.0538 1088.58
Middle: 16.878 105.176 1151.63
Ring: -15.251 34.989 1091.85
Little: -46.6052 58.6539 1105.59
Thumb: -12.452 95.2675 1096.83
Index: -10.0105 30.35 1091.8
Middle: 17.7646 112.619 1150.35
Ring: -15.6721 37.183 1097.79
Little: -45.6417 61.2835 1113.45
Thumb: -16.3871 90.389 1104.29
Index: -9.38905 29.2482 1099.41
Middle: 14.3565 108.972 1153.33
Ring: -17.7831 31.3625 1103.75
Little: -47.1164 56.2117 1121.13
Thumb: -14.8318 92.6932 1113.66
Index: -19.0599 24.9813 1110.24
Middle: 14.1113 108.089 1154.47
Ring: -20.0982 28.7765 1116.65
Little: -47.635 62.1809 1133.38
Thumb: -16.8366 95.003 1122.47
Index: -27.6259 27.2569 1119.93
Middle: 7.839 98.4799 1142.94
Ring: -27.4762 26.2734 1122.02
Little: -55.5108 57.0097 1130.05
Thumb: -14.5312 98.2556 1132.41
Index: -33.1472 31.3065 1133.02
Middle: 13.2489 92.6405 1151.03
Ring: -33.1419 29.7479 1139.22
Little: -54.3039 63.4169 1146.59
Thumb: -11.6791 100.41 1138.6
Index: -26.5386 32.1861 1139.73
Middle: 8.63771 85.7954 1158.67
Ring: -38.3531 33.995 1155.15
Little: -48.5621 63.528 1155.21
Thumb: -6.51292 100.951 1145.04
Index: 14.8594 45.9947 1165.7
Middle: 7.33322 74.6969 1160.78
Ring: -36.676 36.9784 1171.4
Little: -42.9795 62.9513 1173.83
Thumb: -0.864557 106.277 1151.26
Index: 22.1715 52.1497 1172.1
Middle: 12.7046 80.9252 1166.74
Ring: -28.458 41.9406 1179.46
Little: -36.0149 67.6412 1179.23
Thumb: 2.42178 105.913 1157.38
Index: 21.3721 49.0785 1179.69
Middle: 16.8473 80.7223 1172.92
Ring: -23.1636 41.7818 1187.12
Little: -28.209 67.9984 1182.31
Thumb: 8.12704 109.436 1157.85
Index: 25.0669 52.0853 1181.59
Middle: 21.4408 84.0923 1174.09
Ring: -18.3285 45.7908 1187
Little: -19.5458 74.9853 1190.57
Thumb: 12.8286 111.018 1159.29
Index: 30.5281 53.5111 1181.04
Middle: 27.6539 84.9422 1173.75
Ring: -14.6968 45.414 1185.7
Little: -18.1417 74.0945 1188.85
Thumb: 19.0694 108.494 1158.94
Index: 45.1699 55.0202 1178.53
Middle: 34.571 84.6636 1172.81
Ring: -4.93792 40.3503 1183.51
Little: -7.76891 69.244 1186.38
Thumb: 23.2923 109.719 1157.96
Index: 50.1388 57.2053 1178.33
Middle: 41.1704 86.0581 1179.63
Ring: 0.821815 41.851 1183.12
Little: -5.01897 71.6682 1185.4
Thumb: 26.6111 111.693 1156.51
Index: 49.6544 56.0897 1176.71
Middle: 43.2806 83.056 1176.22
Ring: 2.42178 43.3291 1179.1
Little: -1.08189 73.3651 1184.23
Thumb: 26.7336 112.545 1153.2
Index: 12.5666 44.4193 1157.68
Middle: 42.0735 83.3672 1168.49
Ring: 1.34133 43.4429 1168.41
Little: 0.343076 75.4945 1183.37
Thumb: 32.1548 114.192 1148.76
Index: 20.4104 43.5309 1151.78
Middle: 48.991 79.4093 1168.71
Ring: 8.80063 44.8494 1166.34
Little: 7.56591 77.184 1180.43
Thumb: 36.6379 108.675 1145.98
Index: 28.339 39.2879 1149.92
Middle: 23.4773 24.9685 1153.2
Ring: 17.3783 38.2225 1165.65
Little: 15.8218 68.9798 1177.2
Thumb: 40.3446 107.496 1142.31
Index: 35.3738 37.3309 1141.68
Middle: 33.0718 22.7912 1145.4
Ring: 23.1779 35.328 1158.66
Little: 23.5978 65.3466 1172.39
Thumb: 42.364 106.901 1137.46
Index: 37.0454 37.283 1138.92
Middle: 34.4718 22.3129 1141.92
Ring: 23.6407 35.1853 1154.08
Little: 19.5492 64.5142 1165.13
Thumb: 43.6618 104.49 1135.69
Index: 38.7595 34.8329 1135.15
Middle: 46.9905 23.8567 1144.66
Ring: 26.3371 32.0728 1150.33
Little: 22.0278 61.118 1162.77
Thumb: 43.4622 102.417 1134.37
Index: 38.0355 32.8901 1134.07
Middle: 35.5983 27.0144 1156.92
Ring: 36.6528 29.3721 1134.55
Little: 22.0425 59.1947 1161.86
Thumb: 45.3024 99.8571 1132.87
Index: 44.0619 29.9566 1134.45
Middle: 43.5326 31.3438 1166.6
Ring: 41.2138 26.6226 1134.26
Little: 34.6924 65.9854 1169.39
Thumb: 37.0461 99.2852 1129.52
Index: 40.543 32.3277 1136.01
Middle: 36.3657 33.9748 1165.79
Ring: 42.1281 37.2328 1143.31
Little: 13.7607 57.4696 1157.2
Thumb: 38.8027 96.1599 1131.09
Index: 55.267 38.6721 1139.39
Middle: 52.9236 44.2328 1172.74
Ring: 54.542 61.9227 1157.14
Little: 15.3753 54.4236 1158.85
Thumb: 35.3884 96.7683 1128.97
Index: 48.3817 38.0692 1136.01
Middle: 46.6789 42.6881 1168.99
Ring: 45.6197 65.5478 1156.9
Little: 10.1285 55.9499 1157.59
Thumb: 36.1084 95.028 1130.19
Index: 53.0331 38.9579 1136.68
Middle: 50.5573 42.5194 1171.19
Ring: 48.5264 64.8988 1158.4
Little: 13.3877 53.2833 1159.53
Thumb: 27.6702 96.3943 1127.62
Index: 43.3554 41.7141 1132.36
Middle: 35.3207 42.6748 1168.14
Ring: 39.7469 68.6778 1156.06
Little: 33.9315 80.7439 1188.38
Thumb: 27.7009 96.3287 1127.66
Index: 37.5163 37.2424 1133.17
Middle: 34.9374 42.9689 1168.78
Ring: 40.3105 75.2914 1154.45
Little: 32.6096 78.9262 1188.25
Thumb: 26.5449 94.9314 1127.46
Index: 35.9752 35.74 1134.21
Middle: 33.0866 42.3195 1169.99
Ring: 41.0635 73.4989 1156.59
Little: 30.3626 76.7496 1188.21
Thumb: 13.4662 103.583 1116.66
Index: 5.32731 41.4352 1120.84
Middle: 15.6363 65.7455 1139.22
Ring: 15.7392 83.7767 1152.13
Little: 18.0555 105.108 1177.85
Thumb: 13.7453 102.834 1116.03
Index: 5.67689 41.6236 1119.73
Middle: 14.9406 63.5725 1137.92
Ring: 25.066 95.2031 1144
Little: 17.6257 102.602 1177.11
Thumb: 8.01624 99.825 1116.81
Index: -3.91814 37.2879 1122.65
Middle: 9.38824 61.6546 1140.42
Ring: 19.4638 93.3999 1144.62
Little: 12.4512 101.569 1177.69
Thumb: 7.80793 99.7938 1117.1
Index: -3.69282 37.6564 1124.47
Middle: 9.24033 62.3811 1141.09
Ring: 18.018 92.827 1145.44
Little: 11.864 103.648 1177.34
Thumb: 6.22402 100.31 1117.28
Index: -4.2049 39.1585 1124.49
Middle: 7.97417 63.2999 1140.92
Ring: 17.2021 93.2287 1145.58
Little: 12.2959 101.203 1179.48
Thumb: 5.99297 100.208 1116.84
Index: -3.41705 39.6152 1123.04
Middle: 6.78418 64.1026 1141.53
Ring: 16.9896 93.8451 1143.92
Little: 12.6309 101.29 1178.56
Thumb: 6.08437 100.161 1116.96
Index: -3.72214 39.4397 1123.37
Middle: 8.61284 65.0786 1140.11
Ring: 16.8778 93.9454 1143.86
Little: 13.9293 97.8964 1181.04
Thumb: 6.08303 100.165 1116.96
Index: -3.72444 39.445 1123.37
Middle: 8.35902 64.8886 1140.34
Ring: 16.8284 93.9385 1143.89
Little: 13.0324 96.629 1182.73
Thumb: 6.06711 100.155 1116.92
Index: -3.73143 39.4459 1123.32
Middle: 8.35704 64.836 1140.28
Ring: 16.8065 93.9254 1143.85
Little: 13.0502 96.6662 1182.66
Thumb: 6.06482 100.162 1116.91
Index: -3.83348 39.5638 1123.14
Middle: 7.67234 64.9141 1141.32
Ring: 16.8093 93.9127 1143.86
Little: 13.0125 96.6317 1182.66
Thumb: 6.06567 100.161 1116.91
Index: -3.83347 39.5705 1123.15
Middle: 7.67417 64.9133 1141.32
Ring: 17.7517 94.0187 1144.22
Little: 12.9701 96.5557 1182.68
Thumb: 6.06775 100.163 1116.91
Index: -3.6066 39.5543 1123.25
Middle: 7.45992 64.621 1141.56
Ring: 18.5539 94.1062 1144.58
Little: 12.966 96.5563 1182.68
Thumb: 6.06701 100.163 1116.91
Index: -3.74447 39.5566 1123.2
Middle: 7.67343 64.9127 1141.31
Ring: 9.92834 83.113 1151.66
Little: 14.153 98.0079 1182.64
Thumb: 6.12643 100.844 1117.75
Index: -4.07094 39.657 1123.94
Middle: 7.6057 64.9404 1141.47
Ring: 11.809 81.8317 1155.06
Little: 10.6228 95.1958 1182.64
Thumb: 6.2834 100.473 1118.25
Index: -3.82992 39.6733 1123.75
Middle: 7.55908 62.436 1141.43
Ring: 10.9085 81.6873 1154.8
Little: 4.28006 90.8124 1177.57
Thumb: 9.09912 100.98 1118.27
Index: -1.33484 40.0645 1123.17
Middle: 11.1331 62.6654 1140.91
Ring: 15.2858 80.3944 1153.66
Little: 10.1818 89.9481 1176.52
Thumb: 9.24489 100.851 1118.52
Index: 0.528515 39.5814 1124.46
Middle: 12.2796 61.9836 1139.31
Ring: 15.3058 80.1014 1154.18
Little: 10.1305 79.3013 1175.67
Thumb: 10.5909 102.255 1117.32
Index: 5.74709 41.103 1118.45
Middle: 14.7867 58.5133 1137.87
Ring: 19.007 72.4367 1156.44
Little: 15.2497 85.861 1172.76
Thumb: 12.7403 99.9617 1115.85
Index: 9.58711 40.5645 1116.53
Middle: 19.5266 58.3218 1132.96
Ring: 21.7293 72.0721 1151.32
Little: 19.3003 84.3601 1171.4
Thumb: 13.0602 98.3714 1114.4
Index: 34.0905 61.3287 1099.15
Middle: 24.8113 57.3342 1130.72
Ring: 25.373 72.291 1147.43
Little: 22.9584 86.3477 1169.8
Thumb: 13.6647 98.9342 1118.13
Index: 23.2869 45.4601 1108.75
Middle: 30.943 56.1273 1125.72
Ring: 30.7493 69.1949 1136.99
Little: 30.986 80.8261 1171
Thumb: 16.2468 99.9124 1117.34
Index: 10.5715 32.4403 1115.82
Middle: 36.0921 57.8142 1122.71
Ring: 34.1408 70.4203 1135.89
Little: 33.5942 80.8564 1169.65
Thumb: 19.7728 97.6374 1117.97
Index: 15.1905 28.7276 1112.11
Middle: 40.2634 55.8886 1122.84
Ring: 39.9871 68.0238 1134.29
Little: 38.7235 79.4786 1167.83
Thumb: 23.0775 98.7598 1115.29
Index: 19.591 31.4166 1110.73
Middle: 43.3425 56.8309 1119.1
Ring: 39.1493 68.7981 1129.36
Little: 41.0435 82.2736 1164.25
Thumb: 23.5931 98.4587 1114.38
Index: 22.6187 30.8943 1109.16
Middle: 44.1438 57.4653 1115.63
Ring: 42.3164 70.5134 1128.87
Little: 29.026 92.8153 1159.52
Thumb: 23.6624 98.393 1114.38
Index: 20.4918 31.0932 1108.75
Middle: 45.3552 56.3551 1111.17
Ring: 47.4749 85.1805 1132.06
Little: 33.9384 84.8862 1160.4
Thumb: 25.8186 100.459 1114.53
Index: 6.287 33.8458 1105.33
Middle: 44.924 66.6496 1109.17
Ring: 53.5044 83.3408 1130.36
Little: 47.1543 99.085 1163.3
Thumb: 34.8647 105.286 1114.01
Index: 34.2996 45.6643 1103.86
Middle: 54.3512 76.24 1109.91
Ring: 61.5962 84.2797 1131.27
Little: 63.8744 103.016 1166.91
Thumb: 36.8374 102.606 1113.23
Index: 36.7833 44.8822 1101.44
Middle: 57.6822 71.055 1111.18
Ring: 62.225 80.4588 1129.02
Little: 61.2689 95.1068 1164.02
Thumb: 36.8254 102.601 1113.21
Index: 36.7395 45.0618 1101.89
Middle: 57.8834 70.978 1110.41
Ring: 64.7772 79.573 1129.8
Little: 61.6396 92.8343 1163.76
Thumb: 39.2745 100.683 1112.34
Index: 59.8209 61.5761 1091.22
Middle: 61.1747 68.518 1114.08
Ring: 63.4931 76.9279 1126.44
Little: 54.7222 97.8658 1160.21
Thumb: 38.8591 91.6565 1110.99
Index: 62.7287 54.6107 1089.42
Middle: 61.4746 57.2834 1117.01
Ring: 63.4154 68.795 1124.86
Little: 65.6537 84.8988 1161.63
Thumb: 39.5015 87.8852 1109.51
Index: 62.4183 60.8875 1082.29
Middle: 63.517 54.692 1114.39
Ring: 64.0602 66.6722 1122.77
Little: 55.775 69.9252 1153.26
Thumb: 37.2396 87.4002 1106.45
Index: 59.2404 61.0265 1077.72
Middle: 61.6095 54.5801 1109.63
Ring: 85.4627 109.898 1134.89
Little: 56.1202 65.4675 1149.43
Thumb: 42.3038 91.5882 1105.97
Index: 68.3409 69.3153 1077.09
Middle: 65.8195 71.1508 1104.85
Ring: 90.2711 119.599 1130.75
Little: 64.8841 69.3051 1147.75
Thumb: 35.9608 94.2508 1108.76
Index: 69.4881 73.7608 1081.45
Middle: 72.7251 63.9878 1115.42
Ring: 84.4054 121.44 1127.18
Little: 60.8275 69.2586 1151.68
Thumb: 31.2357 93.8984 1102.32
Index: 67.431 67.4064 1077.34
Middle: 68.5241 58.8097 1109.97
Ring: 78.9716 120.887 1115.33
Little: 53.2167 64.1883 1152.41
Thumb: 30.6723 93.7878 1101.85
Index: 63.3017 67.1472 1075.75
Middle: 66.153 60.1426 1107.02
Ring: 80.3981 125.211 1115.82
Little: 53.7086 63.1743 1144.55
Thumb: 32.4221 95.3535 1096.83
Index: 68.3797 71.224 1070.47
Middle: 69.2589 62.6245 1100.82
Ring: 78.4226 131.042 1111.05
Little: 64.3279 78.3532 1143.44
Thumb: 31.031 94.1126 1097.9
Index: 69.0014 86.5747 1064.44
Middle: 64.6188 93.8101 1092.85
Ring: 78.3746 127.389 1110.59
Little: 64.0913 83.1399 1150.83
Thumb: 30.8613 95.2442 1094.41
Index: 68.8906 87.6809 1061.77
Middle: 64.4606 94.1553 1090.26
Ring: 80.0265 126.477 1108.62
Little: 49.1908 98.0137 1142.5
Thumb: 29.9921 91.1672 1092.46
Index: 67.4098 85.5697 1058.02
Middle: 64.4262 93.4141 1086.7
Ring: 77.3847 125.685 1104.39
Little: 45.5905 93.1937 1139.08
Thumb: 27.9633 91.5107 1087.67
Index: 66.3673 90.054 1051.78
Middle: 61.9676 96.8596 1081.03
Ring: 84.0874 118.395 1105.52
Little: 44.2904 92.7112 1134.38
Thumb: 27.3861 91.5302 1084.9
Index: 63.5322 95.1417 1047.25
Middle: 61.7686 98.3813 1077.92
Ring: 83.8801 119.558 1101.28
Little: 44.0517 92.007 1131.64
Thumb: 25.6351 93.035 1081.36
Index: 63.7634 95.3991 1043.91
Middle: 59.335 100.19 1074.28
Ring: 81.4112 121.614 1096.6
Little: 44.0303 92.444 1128.51
Thumb: 25.6677 93.0453 1081.35
Index: 63.491 94.5865 1043.21
Middle: 60.1471 101.09 1074.3
Ring: 81.5165 121.513 1096.64
Little: 42.9452 92.8351 1128.26
Thumb: 26.526 93.4104 1087.79
Index: 56.2514 75.2968 1162.39
Middle: -2.2849 24.2107 1100.84
Ring: 15.4107 106.225 1145.25
Little: -15.1997 113.703 1121.98
Thumb: 25.8707 96.9344 1083.64
Index: 63.0356 87.0812 1160.05
Middle: -3.55338 19.1221 1080.53
Ring: 15.0994 113.783 1153.34
Little: -21.2122 109.113 1129.15
Thumb: 25.3572 98.6106 1081.5
Index: 63.9856 89.7477 1156.5
Middle: -3.82213 20.9328 1077.44
Ring: 12.9554 106.355 1154.69
Little: -17.2629 114.599 1122.85
Thumb: 24.8095 98.4923 1079.13
Index: 62.1776 84.8467 1154.47
Middle: -5.28818 21.2505 1076.3
Ring: 8.81088 96.3331 1152.2
Little: -16.4627 115.227 1121.56
Thumb: 24.4399 99.8636 1075.67
Index: 61.7367 84.7031 1150.73
Middle: -4.95985 22.3744 1071.09
Ring: 11.3701 101.924 1149.58
Little: -31.636 87.6444 1108.71
Thumb: 23.0119 100.572 1073.89
Index: 59.7033 83.556 1149.2
Middle: -5.33739 22.6397 1069.75
Ring: 9.70067 102.643 1147.53
Little: -34.0826 85.1727 1106.19
Thumb: 22.5368 100.93 1073
Index: 61.0185 85.516 1147.69
Middle: -6.24671 23.2665 1067.16
Ring: 10.594 105.33 1146.73
Little: -35.2866 84.2061 1103.86
Thumb: 22.3296 100.722 1073.31
Index: 60.9293 85.577 1147.84
Middle: -6.55726 23.0225 1068.72
Ring: 15.3594 113.608 1142.21
Little: -36.7081 82.415 1102.43
Thumb: 22.5033 100.535 1072.49
Index: 61.2809 85.2896 1147.16
Middle: -5.46735 22.5004 1067.56
Ring: 15.558 113.487 1140.04
Little: -35.0304 83.8044 1102.34
Thumb: 21.5899 100.62 1070.56
Index: 61.2454 86.0169 1145.31
Middle: -5.73936 22.2932 1067.62
Ring: 14.6616 112.254 1140.43
Little: -31.1526 90.9949 1103.14
Thumb: 21.2111 101.39 1070.43
Index: 56.8862 82.2617 1145.51
Middle: -5.31266 22.5488 1067.89
Ring: 13.8869 113.503 1140.46
Little: -26.3546 102.376 1090.95
Thumb: 21.2312 101.341 1070.63
Index: 56.9907 82.4176 1145.72
Middle: -5.24003 22.5177 1068.53
Ring: 14.1507 113.86 1140.86
Little: -31.0894 93.3435 1100.77
Thumb: 21.317 101.381 1070.99
Index: 58.9166 86.7616 1146.65
Middle: -5.34748 22.6312 1069.89
Ring: 12.5745 112.931 1142.16
Little: -32.5112 91.4908 1100.65
Thumb: 21.1967 101.391 1071.14
Index: 58.92 87.301 1146.9
Middle: -5.29126 22.6475 1071.85
Ring: 12.8646 114.33 1141.19
Little: -32.7899 90.9613 1097.87
Thumb: 22.1905 98.7856 1071.14
Index: 56.1066 84.8925 1149.07
Middle: -5.44476 20.664 1076.71
Ring: 10.671 113.598 1140.6
Little: -31.0259 93.0377 1093.04
Thumb: 22.1606 98.6523 1073.29
Index: 55.472 84.7186 1151.3
Middle: -4.41753 19.7379 1079.17
Ring: 10.0958 113.601 1143
Little: -24.7438 111.23 1119.9
Thumb: 23.8004 97.0886 1076.6
Index: 57.0067 85.0175 1154.77
Middle: -3.12979 18.3142 1083.45
Ring: 10.3125 112.007 1145.58
Little: -24.1931 110.182 1124.41
Thumb: 24.4297 96.6109 1079.66
Index: 57.4357 84.2619 1157.7
Middle: -2.12613 17.7769 1087.07
Ring: 10.9674 112.182 1148.85
Little: -23.6382 109.532 1127.62
Thumb: 25.1726 95.7746 1082.9
Index: 60.0535 83.8395 1160.36
Middle: -1.03046 16.8097 1090.82
Ring: 12.6078 111.24 1152.33
Little: -21.7998 111.206 1131.58
Thumb: 24.6584 96.8338 1084.72
Index: 62.5025 86.8677 1161.41
Middle: 0.676972 17.1964 1094.04
Ring: 10.8093 110.504 1155.13
Little: -21.8969 111.434 1133.86
Thumb: 25.4524 96.4468 1087.39
Index: 62.3847 85.1393 1164.48
Middle: 1.20948 16.6575 1097.13
Ring: 9.82084 105.013 1160.46
Little: -18.3006 116.334 1135.59
Thumb: 24.7441 95.7705 1090.46
Index: 58.8759 83.6203 1167.87
Middle: 0.893236 15.8086 1099.85
Ring: 7.84908 101.963 1164.73
Little: -21.0968 114.855 1138.83
Thumb: 24.7124 93.8227 1094.09
Index: 58.2833 84.9747 1172.4
Middle: 0.165833 14.3104 1104.7
Ring: 3.71358 96.1583 1167.59
Little: -23.4356 103.465 1140.34
Thumb: 23.7961 94.1226 1098.75
Index: 54.8382 89.2103 1179
Middle: 0.371022 13.695 1105.62
Ring: -4.00495 87.5472 1169.74
Little: -27.0243 109.726 1142.08
Thumb: 24.9068 95.4186 1101.84
Index: 43.7926 86.6963 1184.33
Middle: 1.88027 14.5162 1107.57
Ring: -11.6086 63.0382 1159.98
Little: -30.0887 106.722 1138.52
Thumb: 26.7082 95.4919 1105.88
Index: 45.7677 84.3321 1188.21
Middle: 2.10029 15.1434 1110.36
Ring: -9.57896 65.8614 1165.67
Little: -28.0629 105.956 1143.2
Thumb: 27.9308 97.623 1109.07
Index: 57.0456 95.8713 1188.2
Middle: 2.68795 17.6059 1111.52
Ring: -4.24922 68.1008 1170.76
Little: -26.7279 101.513 1147.52
Thumb: 25.6254 97.6501 1116.79
Index: 38.9664 26.3128 1146.56
Middle: 3.85145 16.2936 1115.52
Ring: 11.8222 107.649 1188.22
Little: -18.9968 113.787 1167
Thumb: 24.8847 99.972 1118.41
Index: 35.0407 26.9657 1146.99
Middle: 1.67348 18.9346 1115.95
Ring: -14.9715 34.7135 1119.6
Little: -22.5805 99.6501 1164.44
Thumb: 26.7167 98.9714 1118.54
Index: 22.5336 30.0095 1149.59
Middle: 0.196206 19.9417 1110.44
Ring: -20.0383 38.1478 1119.56
Little: -30.3989 93.6575 1147.02
Thumb: 32.295 105.392 1119
Index: 7.34912 40.4985 1125.52
Middle: 4.677 27.4201 1106.55
Ring: -16.0138 48.0007 1103.54
Little: -7.3488 70.7713 1095.54
Thumb: 31.8109 103.652 1115.19
Index: 10.5097 34.2322 1114.66
Middle: -20.1807 44.938 1101.98
Ring: -15.2477 48.3044 1091.3
Little: -12.0207 86.4069 1069.09
Thumb: 29.8133 97.0108 1110.11
Index: 1.52779 32.7769 1110.97
Middle: -19.2132 36.8612 1091.14
Ring: -12.7099 39.0948 1081.51
Little: -8.97396 97.2424 1071.4
Thumb: 33.0874 101.11 1110.63
Index: 5.69909 36.247 1112.59
Middle: -14.6419 41.614 1088.14
Ring: -6.91329 41.0061 1082.92
Little: 2.35251 101.337 1069.99
Thumb: 33.2471 102.057 1111.3
Index: 6.25147 36.0928 1117.77
Middle: -7.71465 34.0856 1091.86
Ring: -2.46915 39.4209 1081.8
Little: 1.33696 97.6135 1067.49
Thumb: 34.0441 101.03 1111.28
Index: -5.93938 42.9558 1119.9
Middle: -5.97699 36.4004 1084.49
Ring: 1.3321 36.2374 1084.03
Little: 2.69629 94.8769 1067.35
Thumb: 34.6365 100.397 1111.69
Index: -9.14036 44.6782 1122.33
Middle: -9.2074 33.6686 1093.86
Ring: 2.27717 36.1803 1081.47
Little: 0.415804 93.3665 1066.55
Thumb: 34.5707 100.151 1112.03
Index: -10.1968 45.1058 1123.33
Middle: -11.5262 35.5031 1093.28
Ring: 3.58579 35.5244 1080.93
Little: 0.606234 92.5203 1066.62
Thumb: 36.9928 100.99 1112.22
Index: -3.25951 85.2918 1146.49
Middle: -6.84227 35.9892 1091.37
Ring: 5.82371 35.4393 1083.45
Little: 3.64238 92.0303 1066.65
Thumb: 37.0216 101.331 1112.8
Index: -3.5856 97.0911 1153.52
Middle: -6.37994 30.5994 1106.55
Ring: 6.21711 35.2494 1085.01
Little: 8.56087 91.6779 1067.04
Thumb: 37.4594 101.137 1114.62
Index: -11.1172 96.8304 1153.89
Middle: -9.38056 32.209 1111.7
Ring: 5.82423 34.4786 1089.47
Little: 15.7499 117.837 1074.8
Thumb: 36.1516 101.211 1116.4
Index: -14.1355 99.5992 1155.8
Middle: -10.8721 32.6407 1113.54
Ring: 8.37364 32.6171 1091.63
Little: 14.6377 117.499 1075.94
Thumb: 35.5536 103.083 1118.16
Index: -30.3218 77.492 1145.76
Middle: -9.60422 33.5712 1112.96
Ring: 12.4616 33.6941 1090.37
Little: 12.2603 127.024 1077.47
Thumb: 34.9537 102.36 1119
Index: -33.2914 83.9078 1149.7
Middle: -10.4541 33.3398 1113.63
Ring: 13.3174 31.9706 1091.82
Little: 16.7875 122.127 1079.13
Thumb: 30.7666 103.706 1119.79
Index: -11.4306 137.446 1176.86
Middle: -11.439 33.0212 1112.42
Ring: 14.2309 32.4387 1091.32
Little: 15.344 125.47 1080.84
Thumb: 29.7631 103.033 1123.47
Index: 0.370645 132.694 1179.52
Middle: -12.8816 33.061 1113.59
Ring: 12.1767 33.0226 1092.46
Little: 13.5272 125.955 1085.42
Thumb: 28.7932 102.047 1123.23
Index: -0.275278 132.579 1178.37
Middle: -15.0814 33.1968 1113.2
Ring: 12.7633 30.8022 1093.9
Little: 13.749 121.951 1083.96
Thumb: 28.5906 103.449 1126.35
Index: -1.59032 133.123 1179.61
Middle: -19.1176 39.1969 1111.18
Ring: 11.9017 32.1285 1097.79
Little: 13.1591 127.922 1086.2
Thumb: 28.5373 103.47 1126.37
Index: -1.62717 133.155 1179.63
Middle: -19.1996 39.2389 1111.19
Ring: 12.0845 32.089 1097.79
Little: 13.114 127.952 1086.22
Thumb: 25.2849 103.256 1125.65
Index: -27.6078 132.665 1180.53
Middle: -19.5522 37.3273 1109.44
Ring: 10.1715 31.8336 1096.34
Little: 6.50401 134.138 1090.03
Thumb: 25.2466 103.212 1126.04
Index: -25.94 132.921 1181.18
Middle: -19.6946 37.3654 1109.79
Ring: 9.91837 31.8607 1096.68
Little: 5.94761 134.554 1090.57
Thumb: 22.5229 104.058 1126.12
Index: -28.2872 130.935 1180.77
Middle: -19.8133 36.964 1108.05
Ring: 9.99758 32.9746 1094.83
Little: 2.54209 135.31 1091.37
Thumb: 22.5225 104.058 1126.12
Index: -28.2875 130.936 1180.77
Middle: -19.8143 36.9646 1108.05
Ring: 9.99662 32.9748 1094.83
Little: 2.54207 135.31 1091.37
Thumb: 22.5599 104.07 1126.14
Index: 1.77117 131.037 1181.21
Middle: -24.0496 39.5248 1108.99
Ring: 9.95606 32.9878 1094.89
Little: 2.5668 135.301 1091.38
Thumb: 22.7565 103.586 1126.29
Index: 2.33975 129.904 1181.49
Middle: -23.245 38.6656 1108.91
Ring: 10.7946 32.5368 1094.71
Little: 2.38192 134.787 1091.72
Thumb: 20.3776 104.67 1126.37
Index: -1.30265 130.502 1181.95
Middle: -24.0829 38.7978 1108.51
Ring: 10.5024 33.5392 1094.23
Little: -0.742944 135.612 1092.08
Thumb: 21.0055 104.158 1126.09
Index: -1.27415 130.143 1181.44
Middle: -22.4347 37.5002 1108.7
Ring: 12.1885 32.6424 1094.42
Little: -0.387953 134.451 1091.4
Thumb: 20.0722 103.947 1126.76
Index: -2.82014 129.611 1182.1
Middle: -22.4188 36.467 1110.21
Ring: 12.3515 31.8117 1096.23
Little: -1.48144 133.389 1091.44
Thumb: 19.6445 103.8 1127.27
Index: -2.93336 130.319 1181.68
Middle: -22.8477 36.9663 1109.62
Ring: 11.9987 31.118 1098.04
Little: -1.61696 132.611 1091.26
Thumb: 19.5464 103.865 1127.45
Index: -3.05395 130.163 1182.69
Middle: -23.1194 37.1626 1109.82
Ring: 12.5979 31.026 1098.41
Little: -1.29749 132.472 1091.29
Thumb: 19.742 103.327 1127.94
Index: -2.23241 129.778 1182.24
Middle: -23.3619 36.6814 1111.15
Ring: 12.452 30.1001 1099.96
Little: -0.691875 131.462 1091.21
Thumb: 18.9745 102.767 1128.28
Index: -4.01077 129.611 1181.84
Middle: -22.2248 34.5902 1112.55
Ring: 12.6331 29.1343 1101.14
Little: -1.58367 130.232 1091.11
Thumb: 19.0757 102.624 1128.29
Index: -28.2819 130.775 1181.88
Middle: -22.0873 34.4171 1112.6
Ring: 12.7759 28.9705 1101.2
Little: -3.50804 130.921 1091.29
Thumb: 19.0768 102.623 1128.29
Index: -28.2811 130.785 1181.85
Middle: -22.0762 34.9347 1111.32
Ring: 12.779 28.9704 1101.2
Little: -3.58917 130.934 1091.29
Thumb: 19.5843 103.22 1128.51
Index: -28.4448 131.751 1181.7
Middle: -20.8674 35.0117 1111.94
Ring: 14.0704 29.3102 1101.96
Little: -3.25623 131.035 1091.25
Thumb: 19.736 103.002 1128.53
Index: -28.6935 131.319 1181.71
Middle: -20.4032 34.6221 1111.92
Ring: 14.5584 29.0867 1101.93
Little: -3.24131 130.737 1091.29
Thumb: 19.8441 103.417 1128.95
Index: -29.4304 132.573 1183.25
Middle: -19.9658 34.7482 1112.59
Ring: 15.0089 29.3916 1102.73
Little: 0.197886 129.279 1091.31
Thumb: 20.2845 103.53 1129.21
Index: -24.1451 134.392 1183.89
Middle: -19.3562 34.7081 1113.09
Ring: 15.6054 29.3871 1103.3
Little: 0.637944 129.309 1090.84
Thumb: 20.669 105.106 1129.47
Index: -24.4393 136.199 1183.96
Middle: -19.2988 36.5447 1113.28
Ring: 15.5075 30.7622 1104.51
Little: 2.12864 130.045 1091.03
Thumb: 21.7955 105.902 1129.78
Index: -21.0393 136.601 1183.96
Middle: -17.9561 37.2696 1113.42
Ring: 16.6357 31.5052 1105.15
Little: 2.8873 131.02 1091.38
Thumb: 21.8986 105.758 1129.51
Index: -30.2874 134.897 1183.06
Middle: -17.3826 37.1831 1112.33
Ring: 17.3296 31.5144 1103.95
Little: 2.89778 130.886 1091.19
Thumb: 24.0319 106.364 1129.46
Index: -26.4924 134.885 1184.48
Middle: -13.6288 37.0558 1111.48
Ring: 19.5005 32.6197 1102.39
Little: 4.66622 131.68 1091.79
Thumb: 26.7877 107.28 1129.06
Index: 0.658743 135.882 1185.43
Middle: -10.0866 37.8134 1110.13
Ring: 22.8825 33.8379 1101.28
Little: 6.88674 133.126 1091.35
Thumb: 29.311 106.462 1127.59
Index: -5.26839 135.827 1185.53
Middle: -6.31919 36.606 1107.74
Ring: 26.8479 33.3832 1098.71
Little: 5.46499 134.27 1090.8
Thumb: 34.6777 110.103 1125.92
Index: -15.1541 134.334 1183
Middle: -2.35229 41.293 1105.15
Ring: 31.042 37.5308 1095.87
Little: 13.7474 136.648 1089.65
Thumb: 40.7439 114.682 1123.46
Index: -7.51756 137.931 1179.3
Middle: 3.40666 46.0035 1102.86
Ring: 37.9124 42.038 1093.34
Little: 21.5481 140.493 1086.88
