Thumb: -71.4287 116.34 1080.64
Index: -70.1238 27.7648 1085.54
Middle: -106.92 41.838 1091.19
Ring: -130.136 64.8383 1080.73
Little: -151.389 110.071 1082.72
Thumb: -67.848 115.478 1081.34
Index: -66.001 31.9931 1086.12
Middle: -98.5625 38.0921 1087.55
Ring: -125.356 61.8918 1078.39
Little: -132.616 104.965 1099.52
Thumb: -68.7944 114.774 1081.89
Index: -71.4052 32.8457 1089.21
Middle: -103.178 38.9599 1084.26
Ring: -126.557 61.7106 1082.16
Little: -127.691 110.034 1100.11
Thumb: -70.6813 113.652 1082.17
Index: -73.6661 31.2437 1088.91
Middle: -105.967 38.2561 1084.9
Ring: -128.965 61.4796 1082.86
Little: -130.598 108.567 1100.37
Thumb: -71.2883 114.205 1083.26
Index: -77.2573 32.9855 1091.72
Middle: -108.653 39.8522 1085.66
Ring: -128.604 61.2862 1083.48
Little: -133.708 104.968 1102.14
Thumb: -73.5145 113.411 1083.69
Index: -80.8563 32.7443 1091
Middle: -110.523 39.4477 1088.8
Ring: -130.482 60.4954 1088.69
Little: -142.937 96.0351 1093.57
Thumb: -74.5833 114.63 1084.45
Index: -84.2024 34.7367 1091.01
Middle: -111.914 40.6389 1089.26
Ring: -127.752 59.9006 1093.18
Little: -143.282 94.154 1085.7
Thumb: -75.4203 114.909 1084.52
Index: -88.0843 37.1789 1092.41
Middle: -111.581 40.3497 1091.78
Ring: -128.034 60.2582 1095.68
Little: -143.739 94.6719 1087.86
Thumb: -75.1306 115.056 1085.67
Index: -92.6274 41.2493 1090.55
Middle: -114.872 42.8236 1092.76
Ring: -128.623 60.7937 1095.91
Little: -143.434 95.5567 1091.05
Thumb: -76.2769 115.416 1086.87
Index: -94.5489 41.3139 1090.54
Middle: -117.974 44.5779 1094.46
Ring: -128.851 63.0752 1102
Little: -143.669 96.0183 1094.09
Thumb: -77.4129 114.149 1086.2
Index: -97.564 42.1419 1092.81
Middle: -119.852 43.7834 1095.24
Ring: -127.399 63.1898 1106.67
Little: -144.421 95.0484 1095.91
Thumb: -77.0788 113.001 1086.49
Index: -97.3361 40.6435 1096.84
Middle: -121.295 43.2614 1095.24
Ring: -126.93 62.6018 1105.25
Little: -142.348 94.6037 1097.64
Thumb: -76.6812 112.968 1086.29
Index: -95.4104 40.5995 1097.25
Middle: -119.259 43.1001 1097.15
Ring: -124.637 61.0076 1106.07
Little: -141.541 93.0481 1097.7
Thumb: -73.7846 111.647 1085.28
Index: -89.7072 39.1182 1099.16
Middle: -114.704 42.0137 1100.46
Ring: -119.686 59.3483 1106.83
Little: -137.611 90.3113 1098.19
Thumb: -69.6855 111.236 1084.96
Index: -84.1494 39.0525 1096.18
Middle: -107.876 41.1333 1101.55
Ring: -113.852 57.7705 1107.56
Little: -129.859 88.4057 1103.53
Thumb: -64.9552 110.787 1083.54
Index: -74.2793 38.7145 1097.89
Middle: -100.06 39.2979 1100.28
Ring: -104.287 58.3151 1108.89
Little: -120.511 84.2956 1102.95
Thumb: -60.3553 109.035 1082.99
Index: -67.5528 36.8307 1098.5
Middle: -93.008 37.4895 1101.7
Ring: -98.2425 54.696 1107.75
Little: -113.565 80.0356 1102.74
Thumb: -56.7697 106.285 1082.8
Index: -59.7352 32.5564 1098.35
Middle: -83.1155 35.5765 1104.52
Ring: -89.8375 52.4266 1111.02
Little: -107.647 74.5336 1101.38
Thumb: -50.6165 104.44 1083.9
Index: -49.3573 32.4131 1102.82
Middle: -71.7997 33.6159 1105.82
Ring: -81.9179 48.9242 1111.01
Little: -98.5858 76.9262 1109.15
Thumb: -43.7068 103.553 1082.97
Index: -40.1075 33.6455 1103.91
Middle: -63.2747 31.0517 1103.89
Ring: -76.9635 46.0261 1108.02
Little: -91.8875 69.9527 1103.18
Thumb: -36.4302 102.774 1083.03
Index: -31.0379 31.4444 1099.36
Middle: -52.9204 28.0113 1103.7
Ring: -69.9961 42.3313 1105.62
Little: -82.7432 66.7091 1103.3
Thumb: -30.8469 98.6513 1084.36
Index: -19.9194 35.9529 1110.46
Middle: -48.9511 27.1748 1107.56
Ring: -62.2964 38.9431 1110.1
Little: -76.2411 63.7672 1105.1
Thumb: -25.0334 97.2094 1085.44
Index: -13.2631 29.7479 1105.48
Middle: -42.7311 25.0704 1107.54
Ring: -54.1483 37.5822 1113.09
Little: -68.2673 60.0743 1106.68
Thumb: -17.0844 98.265 1086.34
Index: -7.94211 31.6226 1107.47
Middle: -37.8729 23.5134 1105.85
Ring: -48.0623 36.9384 1111.51
Little: -62.6705 61.3505 1102.84
Thumb: -9.00052 94.47 1086.26
Index: -4.78825 25.0279 1104.51
Middle: -30.5831 19.6388 1106.49
Ring: -41.647 34.9448 1111.17
Little: -57.2596 56.5061 1099.07
Thumb: -3.96324 91.69 1086.43
Index: 3.11318 25.1522 1108.57
Middle: -22.3301 15.7332 1105.35
Ring: -36.663 32.8246 1110.44
Little: -51.4205 52.9956 1097.63
Thumb: 0.801176 90.1719 1086.97
Index: 14.6109 22.2137 1108.69
Middle: -14.9157 12.855 1104.85
Ring: -30.0668 26.3802 1107.86
Little: -45.0101 51.1542 1100.39
Thumb: 4.55122 87.6567 1087.81
Index: 23.2702 19.6876 1109.7
Middle: -5.50626 9.87391 1106.65
Ring: -21.9138 28.7616 1111
Little: -37.7669 50.1632 1103.42
Thumb: 11.8926 85.2488 1088.54
Index: 32.758 16.025 1113.4
Middle: -0.198922 7.62123 1104.08
Ring: -16.5276 26.2246 1110.5
Little: -34.021 50.8968 1104.76
Thumb: 18.4178 85.9549 1088.61
Index: 42.1021 13.9845 1107.1
Middle: 7.24363 4.65409 1097.26
Ring: -7.97048 28.3324 1109.77
Little: -31.1113 50.4103 1105.05
Thumb: 23.4586 82.7294 1088.12
Index: 48.9684 12.8291 1107.05
Middle: 13.4758 1.51164 1097.58
Ring: -1.55239 26.7396 1109.6
Little: -24.4641 47.7101 1105.77
Thumb: 30.1703 82.1342 1088.61
Index: 55.3748 10.2253 1103.88
Middle: 19.5856 -0.331999 1092.49
Ring: 5.55202 23.9159 1108.87
Little: -15.3166 51.2384 1109.48
Thumb: 37.9964 81.2949 1087.57
Index: 60.5654 10.8822 1105.83
Middle: 24.8439 1.29127 1095.12
Ring: 9.12974 23.2109 1105.3
Little: -11.557 49.567 1106.71
Thumb: 43.6561 82.5707 1085
Index: 67.612 9.18909 1101.43
Middle: 32.1586 2.24088 1092.16
Ring: 17.6197 28.0927 1102.83
Little: -10.0007 42.6696 1103.11
Thumb: 46.5229 82.6095 1084.89
Index: 72.3321 9.16149 1099.54
Middle: 36.2272 0.415667 1086.08
Ring: 22.4657 27.2435 1102.11
Little: -4.32591 50.1618 1104.75
Thumb: 54.3073 84.6451 1083.89
Index: 78.9833 9.58438 1097.03
Middle: 43.4051 2.162 1081.53
Ring: 29.9686 29.2957 1104.12
Little: 2.34283 51.8626 1100.51
Thumb: 56.687 82.8615 1084.8
Index: 85.4548 8.54774 1099.66
Middle: 47.8086 0.0976429 1082.42
Ring: 33.5774 26.928 1105.05
Little: 6.49171 51.7624 1103.26
Thumb: 59.5397 83.0681 1084.85
Index: 87.0239 9.25053 1099.54
Middle: 51.7856 -0.0700016 1082.01
Ring: 36.8656 26.8482 1103.63
Little: 8.5083 47.5104 1101.64
Thumb: 62.2776 83.9032 1085.33
Index: 87.8907 7.79504 1092.52
Middle: 54.3842 0.732044 1083.03
Ring: 39.062 27.2828 1102.6
Little: 13.7375 57.1182 1111.99
Thumb: 64.6752 82.4199 1085.59
Index: 90.1472 5.72464 1094.01
Middle: 56.6152 -0.691927 1081.87
Ring: 60.3195 89.9094 1145.93
Little: 17.9877 58.8829 1118.2
Thumb: 68.0376 83.1163 1086.27
Index: 91.5824 5.43529 1096.41
Middle: 56.5429 0.492821 1082.9
Ring: 62.6113 94.0209 1148.06
Little: 20.4746 64.9688 1117.66
Thumb: 67.9261 83.0965 1086.32
Index: 91.4358 5.37929 1096.44
Middle: 56.6067 0.423079 1082.39
Ring: 58.6973 77.6961 1162.03
Little: 23.0149 77.2413 1104.17
Thumb: 67.7165 83.2298 1086.42
Index: 91.0937 5.56335 1097
Middle: 56.1699 0.635511 1081.64
Ring: 59.5173 83.4156 1161.94
Little: 28.3764 97.1356 1129
Thumb: 66.282 84.8649 1086.77
Index: 90.945 24.7668 1110.66
Middle: 51.8324 2.58845 1082.48
Ring: 57.0929 88.0011 1161.96
Little: 23.9479 91.9658 1139.09
Thumb: 65.0227 86.0194 1086.75
Index: 87.0416 26.1838 1110.89
Middle: 45.8698 5.09642 1081.26
Ring: 55.4611 86.536 1162.29
Little: 22.2149 90.4573 1140.5
Thumb: 63.2843 87.9619 1087.39
Index: 83.7326 26.9215 1111.36
Middle: 42.3544 7.38824 1081.42
Ring: 54.018 91.4279 1162.25
Little: 21.7486 98.9169 1140.51
Thumb: 60.4965 87.8775 1086.92
Index: 78.1338 26.1595 1110.7
Middle: 36.9239 8.15337 1081.75
Ring: 51.0633 94.8443 1160.85
Little: 18.3504 100.178 1139.32
Thumb: 56.4939 88.6647 1087.31
Index: 72.8873 26.1878 1110.73
Middle: 31.3743 9.55316 1081.91
Ring: 49.9719 101.312 1156.53
Little: 15.1227 105.025 1138.73
Thumb: 51.9946 91.1635 1086.34
Index: 66.8188 27.5925 1109.45
Middle: 25.2117 12.6954 1080.98
Ring: 40.7286 92.8485 1161.6
Little: 10.8051 108.863 1138.09
Thumb: 49.0475 92.4961 1087.38
Index: 60.5761 29.0287 1110.24
Middle: 19.2279 15.3418 1080.53
Ring: 38.7865 103.127 1157.98
Little: 7.4352 111.526 1137.92
Thumb: 44.0208 97.6988 1087.74
Index: 58.5498 38.4116 1115.32
Middle: 14.9229 19.9446 1079.19
Ring: 37.878 113.132 1154.06
Little: 0.697205 112.802 1139.08
Thumb: 38.4358 96.9729 1088.17
Index: 47.3286 33.1312 1113.7
Middle: 8.28695 19.6579 1079.01
Ring: 20.8974 104.218 1161.38
Little: -6.59857 115.984 1136.28
Thumb: 29.7456 96.9927 1088.44
Index: 41.9545 37.0649 1117.27
Middle: 1.34422 19.0598 1080.99
Ring: 13.7343 107.926 1161.52
Little: -17.048 109.77 1137.63
Thumb: 23.4859 95.5849 1089.33
Index: 34.2404 34.0555 1117.21
Middle: -6.10945 17.7364 1082.66
Ring: 7.07741 109.864 1161.2
Little: -23.4453 111.921 1137.65
Thumb: 17.9133 96.0653 1092.44
Index: 26.4879 35.1849 1122.68
Middle: -13.5542 18.7279 1087.81
Ring: 1.03921 110.411 1164.6
Little: -28.1668 118.715 1139.61
Thumb: 14.4414 99.4251 1094.22
Index: 22.1239 37.6386 1123.18
Middle: -17.7525 22.4252 1089.38
Ring: -1.70638 112.077 1166.86
Little: -32.1456 117.207 1141.74
Thumb: 7.81341 101.596 1097.62
Index: 16.57 37.2507 1127.46
Middle: -23.3944 24.0869 1093.58
Ring: -6.15388 108.834 1171.72
Little: -36.3543 118.457 1147.78
Thumb: 3.91602 104.686 1100.14
Index: 9.00153 26.0149 1121.97
Middle: -24.0948 25.4782 1095.3
Ring: -10.5189 112.381 1174.46
Little: -39.3599 124.84 1151.08
Thumb: -2.34518 102.5 1101.17
Index: -1.65764 27.3182 1131.3
Middle: -30.0977 23.1826 1096.59
Ring: -24.5445 117.539 1170.76
Little: -50.9907 124.576 1146.04
Thumb: -7.29544 101.645 1103.63
Index: -16.855 30.7471 1138.73
Middle: -31.4745 20.7575 1100.31
Ring: -50.0403 84.667 1160.66
Little: -66.2406 109.251 1133.46
Thumb: -10.6624 100.195 1100.45
Index: -34.0632 44.9823 1145.49
Middle: -34.8749 18.7886 1107.03
Ring: -39.1043 127.07 1127.92
Little: -61.9024 87.7877 1107.52
Thumb: -3.27086 91.1798 1099.67
Index: -5.61846 108.412 1171.44
Middle: -45.8253 17.3283 1110.69
Ring: -52.6451 44.8977 1111.53
Little: -31.491 55.3173 1069.4
Thumb: -2.6076 97.1277 1104.84
Index: 0.682096 108.271 1165.62
Middle: -47.0044 24.5217 1117.22
Ring: -42.6549 37.4488 1112.49
Little: -27.8141 58.9248 1073.14
Thumb: -6.31826 95.1275 1105.06
Index: -15.0491 117.945 1175.23
Middle: -54.788 25.2062 1116.94
Ring: -44.6529 33.3855 1111.9
Little: -36.5059 59.7869 1075.33
Thumb: -15.1907 100.834 1103.53
Index: -38.2076 92.7955 1145.11
Middle: -56.1883 26.9014 1116.48
Ring: -45.3297 35.5268 1115.34
Little: -39.7614 60.5224 1076.59
Thumb: -18.6157 98.4848 1105.98
Index: -44.6081 91.7668 1146.06
Middle: -61.2357 26.042 1113.24
Ring: -52.1002 31.8048 1108.63
Little: -47.1794 61.1872 1079.39
Thumb: -21.5212 99.7926 1103.97
Index: -50.0052 95.3675 1143.45
Middle: -61.9848 26.5601 1109.64
Ring: -57.9204 34.8433 1108.98
Little: -47.5328 59.333 1078.48
Thumb: -17.4929 109.261 1092.88
Index: -48.8383 111.951 1131.79
Middle: -54.4092 37.2435 1082.84
Ring: -69.6756 71.0992 1089.65
Little: -34.652 59.4372 1065.22
Thumb: -17.5173 107.801 1089.12
Index: -52.9618 113.341 1122.15
Middle: -56.7332 38.1335 1085.23
Ring: -60.3929 78.5787 1078.95
Little: -31.4714 79.0037 1054.74
Thumb: -19.5893 105.791 1091.91
Index: -56.3263 115.555 1120.94
Middle: -56.9334 36.8392 1088.47
Ring: -63.7144 75.4075 1088.24
Little: -33.7344 74.4284 1058.85
Thumb: -20.4066 107.852 1089.77
Index: -53.1891 106.197 1119.24
Middle: -48.9035 33.4233 1091.4
Ring: -62.5771 76.359 1087.21
Little: -30.5249 74.6114 1059.47
Thumb: -22.6771 109.108 1091.12
Index: -56.5783 107.292 1118.68
Middle: -49.761 34.7194 1092.2
Ring: -68.1555 60.0294 1108.84
Little: -32.4329 73.875 1063.74
Thumb: -23.5337 108.799 1091.22
Index: -59.4227 104.738 1116.21
Middle: -49.2544 34.2496 1091.63
Ring: -70.1104 60.5405 1104.33
Little: -30.6419 72.9669 1063.77
Thumb: -23.7391 109.013 1091.35
Index: -60.6432 104.903 1115.69
Middle: -49.709 34.3666 1093.28
Ring: -69.5155 59.453 1106.53
Little: -32.1325 69.0464 1067.94
Thumb: -24.7926 105.074 1090.94
Index: -62.1192 103.626 1114.66
Middle: -51.9557 31.0138 1094.04
Ring: -72.6189 57.2695 1106.37
Little: -33.9118 61.3174 1072.63
Thumb: -24.7437 107.365 1090.35
Index: -62.565 106.101 1113.39
Middle: -51.2472 33.0254 1094.33
Ring: -72.4789 57.0859 1106.17
Little: -29.6213 53.4209 1087.13
Thumb: -26.3866 108.73 1090.76
Index: -63.8215 107.755 1113.67
Middle: -47.4511 31.8157 1100.65
Ring: -75.4312 60.6336 1104.55
Little: -32.6765 54.7821 1087.54
Thumb: -27.1658 107.482 1089.97
Index: -64.9793 106.919 1112.15
Middle: -49.5769 30.7212 1100.76
Ring: -76.8408 58.8343 1105.51
Little: -34.5555 55.8423 1083.58
Thumb: -30.9146 108.795 1091.92
Index: -73.2367 99.4869 1106.37
Middle: -48.9179 30.3584 1097.54
Ring: -77.3555 54.3817 1102.59
Little: -32.8969 59.8223 1079.71
Thumb: -33.879 109.517 1091.8
Index: -77.5208 98.7785 1104.83
Middle: -51.1059 30.9552 1097.46
Ring: -80.0829 54.6832 1101.25
Little: -30.4228 94.7688 1026.9
Thumb: -37.6033 112.497 1088.15
Index: -82.4998 67.2091 1097.28
Middle: -49.9316 33.259 1092.22
Ring: -80.4561 55.0055 1099.62
Little: -30.6301 98.928 1022.56
Thumb: -38.7059 112.005 1087.15
Index: -82.5174 63.4633 1097.15
Middle: -50.0997 32.7884 1093.16
Ring: -83.6497 55.7522 1096.23
Little: -27.62 99.0985 1022.45
Thumb: -39.3679 111.956 1084.58
Index: -80.2732 59.4412 1095.87
Middle: -50.0681 32.5764 1089.91
Ring: -83.7653 54.9393 1092.87
Little: -23.819 100.421 1020.7
Thumb: -39.2928 111.971 1084.42
Index: -81.9217 60.2305 1093.18
Middle: -50.8996 32.624 1088.19
Ring: -85.2733 56.2288 1088.12
Little: -23.6386 100.891 1020.54
Thumb: -41.7451 106.786 1083.39
Index: -103.942 71.2227 1059.06
Middle: -87.9256 41.923 1110.7
Ring: -95.0013 57.6493 1079.31
Little: -1.04978 85.5722 1033.73
Thumb: -39.8618 110.075 1078.24
Index: -81.1676 57.9692 1086.07
Middle: -51.3648 30.8945 1081.27
Ring: -84.4058 52.9898 1082.43
Little: -20.0556 95.8521 1015.92
Thumb: -39.2732 110.696 1074.22
Index: -78.6143 56.4841 1077.76
Middle: -48.2077 33.6376 1071.08
Ring: -80.2318 50.6795 1078.9
Little: -23.3331 96.6771 1007.06
Thumb: -39.2195 110.755 1074.3
Index: -78.3279 56.2813 1078.16
Middle: -47.9836 33.6163 1071.55
Ring: -80.1952 50.7431 1078.89
Little: -23.2033 96.2977 1007.24
Thumb: -38.4576 109.939 1069.53
Index: -72.9631 48.8486 1070.71
Middle: -45.875 31.5564 1067.64
Ring: -56.1406 99.7045 995.618
Little: -10.2306 105.872 1005.56
Thumb: -35.1135 113.311 1068.71
Index: -68.2799 51.8548 1073.55
Middle: -40.721 36.528 1065.15
Ring: -47.976 95.6206 995.43
Little: -5.02772 101.348 1006.39
Thumb: -33.8602 112.785 1069.55
Index: -66.5337 53.8305 1071.07
Middle: -38.1376 36.9235 1064.83
Ring: -45.8002 93.9618 996.709
Little: -2.22371 102.73 1007.94
Thumb: -32.9547 113.091 1070.17
Index: -65.3714 51.8789 1074.79
Middle: -36.2899 38.1283 1065.13
Ring: -42.9928 89.6884 997.985
Little: -1.15475 102.098 1008.71
Thumb: -32.0725 112.16 1072.9
Index: -63.0165 51.3342 1077.59
Middle: -33.0325 36.9632 1069.65
Ring: -41.3607 82.6772 1002.65
Little: -1.88097 100.696 1011.31
Thumb: -31.127 110.721 1074.89
Index: -60.8361 50.0935 1080.69
Middle: -30.6153 35.6731 1072.18
Ring: -41.1197 85.6992 1005.59
Little: -1.19975 100.361 1012.81
Thumb: -28.0511 110.901 1077.67
Index: -56.6381 50.387 1083.49
Middle: -25.2751 34.9338 1076.98
Ring: -38.6454 77.7985 1009.89
Little: 2.49988 100.363 1015.3
Thumb: -25.2455 110.891 1079.46
Index: -50.3653 49.7344 1085.69
Middle: -19.2666 34.1606 1081.38
Ring: -35.9924 83.433 1010.56
Little: 1.82203 102.352 1017.54
Thumb: -22.7999 110.431 1080.48
Index: -46.6536 48.7872 1088.18
Middle: -14.941 34.3358 1082.23
Ring: -31.4241 82.3872 1011.14
Little: 3.74846 101.867 1018.32
Thumb: -18.6455 108.193 1082.4
Index: -42.7043 46.5703 1089.38
Middle: -6.0903 29.8167 1094.14
Ring: -29.8191 85.6894 1012.56
Little: 8.3718 99.3461 1019.96
Thumb: -12.7442 107.306 1085.33
Index: -33.9234 43.4862 1089.09
Middle: -0.213627 27.9391 1093.67
Ring: -19.7955 86.4257 1014.24
Little: 18.3443 102.653 1022.56
Thumb: -5.06427 106.397 1085.33
Index: -29.1698 41.1483 1088.43
Middle: 7.07652 26.6915 1092.63
Ring: -10.4027 88.5966 1016.43
Little: 23.9809 96.288 1023.41
Thumb: 0.0129993 102.952 1087.14
Index: -21.1361 38.5307 1088.71
Middle: 14.3809 23.6824 1095.28
Ring: -4.08512 92.8342 1023.9
Little: 30.1238 94.9329 1025.51
Thumb: 4.84654 102.107 1087.77
Index: -14.7279 36.5868 1090.69
Middle: 22.8116 23.8571 1097.12
Ring: 2.77952 95.3886 1025.17
Little: 36.1804 94.129 1026.64
Thumb: 9.05077 100.195 1089.02
Index: -6.36123 35.1795 1091.01
Middle: 29.0967 22.4785 1096.93
Ring: 7.01399 90.3865 1022.86
Little: 41.9199 94.8294 1028.02
Thumb: 15.8916 99.1307 1088.22
Index: 1.62902 33.2075 1091.32
Middle: 31.3997 27.6484 1079.88
Ring: 12.4149 92.0348 1029.15
Little: 46.2133 94.7908 1025.7
Thumb: 25.0544 96.7394 1085.91
Index: 5.70265 33.9891 1084.33
Middle: 37.5257 25.6575 1075.84
Ring: 23.1846 90.3263 1026.4
Little: 57.524 92.3045 1024.41
Thumb: 29.2542 96.1054 1086.28
Index: 16.2265 31.1045 1085.73
Middle: 48.8674 25.0466 1078.67
Ring: 30.4652 93.6251 1031.47
Little: 64.4888 93.7741 1026.21
Thumb: 33.2765 95.7786 1086.63
Index: 22.2289 30.4007 1085.54
Middle: 55.3591 24.288 1080.38
Ring: 34.5477 95.3771 1040.34
Little: 68.1688 95.4919 1026.92
Thumb: 39.4133 94.4936 1086.16
Index: 29.4387 26.467 1086.33
Middle: 61.7553 24.0063 1076.54
Ring: 39.8605 90.4047 1033.58
Little: 72.2143 94.992 1025.17
Thumb: 43.3083 94.3097 1085.99
Index: 35.0608 27.958 1083.69
Middle: 69.1503 24.6784 1076.22
Ring: 42.2873 89.5766 1033.08
Little: 73.944 95.8544 1023.93
Thumb: 52.5437 99.3457 1087.26
Index: 46.0623 31.3448 1088.12
Middle: 76.1587 28.9442 1078.48
Ring: 53.1162 93.1923 1030.13
Little: 86.3075 99.7106 1026.53
Thumb: 57.349 95.6168 1088.28
Index: 49.2562 30.8301 1083.06
Middle: 84.2617 24.4074 1081.75
Ring: 58.7364 89.5595 1030.72
Little: 91.9158 96.3266 1027.97
Thumb: 62.4142 94.6785 1089.55
Index: 53.2475 29.5048 1088.28
Middle: 87.0466 24.42 1080.23
Ring: 62.5159 86.063 1032.23
Little: 95.4282 93.8463 1028.24
Thumb: 66.1658 95.0326 1089.87
Index: 54.0538 30.9931 1088.7
Middle: 86.0041 22.5079 1081.15
Ring: 64.1746 88.1357 1032.72
Little: 100.182 98.5279 1029.59
Thumb: 70.8578 91.7935 1090.68
Index: 56.1987 26.5296 1091.42
Middle: 85.4632 18.939 1079.7
Ring: 64.968 82.2254 1022.55
Little: 102.164 86.6689 1028.75
Thumb: 71.4287 90.8847 1091.13
Index: 53.4212 25.4709 1093.65
Middle: 78.3394 17.9268 1077.73
Ring: 62.3772 75.5914 1018.01
Little: 98.8576 85.408 1028.18
Thumb: 69.2521 91.7252 1092.05
Index: 46.2111 27.7763 1095.55
Middle: 66.0675 23.8541 1076.02
Ring: 53.4314 73.6198 1020.48
Little: 98.2648 47.5344 1056.37
Thumb: 66.2746 93.6567 1094.27
Index: 42.2911 31.1826 1099.89
Middle: 57.2478 28.0628 1076.54
Ring: 42.3178 90.3319 1022.99
Little: 85.0734 51.5005 1053.82
Thumb: 66.9123 97.6986 1097.25
Index: 40.8171 36.0779 1104.91
Middle: 47.6483 36.0788 1080.03
Ring: 34.541 92.603 1029.27
Little: 74.353 66.8483 1052.86
Thumb: 66.4576 100.621 1095.27
Index: 37.6108 40.271 1106.55
Middle: 35.7928 41.9129 1077.61
Ring: 32.7001 113.456 1037.36
Little: 70.9552 81.651 1044.42
Thumb: 67.1479 106.175 1099.36
Index: 40.593 42.6433 1119.03
Middle: 31.9493 46.4183 1090.11
Ring: 34.0329 115.652 1040.31
Little: 69.3849 85.5714 1049.77
Thumb: 66.21 105.517 1100.46
Index: 40.8211 41.7441 1124.6
Middle: 31.2481 64.8466 1093.14
Ring: 31.7662 66.02 1083.34
Little: 78.1828 101.595 1049.28
Thumb: 65.0105 106.44 1098.95
Index: 44.2151 42.1543 1125.3
Middle: 28.8692 67.246 1092.01
Ring: 30.4716 64.7502 1085.67
Little: 75.9122 102.178 1049.23
Thumb: 68.0338 106.69 1096.74
Index: 45.7399 42.088 1127.1
Middle: 27.722 67.5884 1096.56
Ring: 31.6514 65.1796 1086.11
Little: 73.6638 103.667 1045.69
Thumb: 66.6568 106.123 1090.46
Index: 40.3886 42.6654 1118.34
Middle: 28.6402 67.6189 1085.53
Ring: 28.1726 68.6628 1082.95
Little: 51.7552 105.028 1028.42
Thumb: 67.5758 106.996 1091.37
Index: 46.0058 43.5202 1119.87
Middle: 27.9594 70.3865 1093.87
Ring: 26.7988 72.1821 1085.09
Little: 55.2311 108.182 1032.27
Thumb: 69.4067 106.203 1086.96
Index: 33.5142 58.1361 1107.27
Middle: 28.5049 70.1642 1095.59
Ring: 23.8891 68.9878 1087.93
Little: 57.9912 109.493 1029.16
Thumb: 69.6219 107.385 1087.12
Index: 33.0548 55.7582 1108.01
Middle: 28.593 59.1877 1100.14
Ring: 25.8816 55.802 1101.33
Little: 54.2137 114.15 1027.84
Thumb: 70.8654 110.181 1089.01
Index: 34.4327 57.274 1108.4
Middle: 38.5889 40.789 1130.27
Ring: 27.7493 58.1206 1102.49
Little: 54.0018 115.169 1030.95
Thumb: 70.7784 110.242 1089.95
Index: 34.4883 57.5507 1109.04
Middle: 38.5934 40.488 1130.55
Ring: 26.4688 59.132 1103.26
Little: 53.6753 115.596 1031.81
Thumb: 70.721 110.271 1090.01
Index: 33.8188 59.0523 1109.17
Middle: 40.7923 39.9241 1131.81
Ring: 26.2103 59.6456 1103.02
Little: 53.9553 115.584 1031.95
Thumb: 69.7711 109.91 1092.25
Index: 28.796 62.1376 1110.96
Middle: 39.4085 39.3897 1133.05
Ring: 26.0874 58.1254 1106.83
Little: 53.2356 118.718 1032.49
Thumb: 70.0608 109.426 1093.12
Index: 29.9221 57.5919 1111.42
Middle: 39.8968 39.2082 1134.85
Ring: 24.3538 59.1402 1106.16
Little: 56.4051 118.427 1033.68
Thumb: 69.9306 109.447 1093.49
Index: 29.131 59.6985 1111.94
Middle: 40.0684 39.8204 1136.96
Ring: 24.3777 59.0664 1106.55
Little: 52.7943 114.986 1035.63
Thumb: 68.4588 109.18 1094.08
Index: 26.9057 60.9338 1112.77
Middle: 37.9232 39.7226 1137.16
Ring: 22.238 59.5719 1107.7
Little: 55.6852 115.243 1037.66
Thumb: 67.3974 110.005 1095.84
Index: 25.8954 64.0677 1114.91
Middle: 37.0422 40.7248 1139.22
Ring: 21.5906 59.4276 1109.99
Little: 50.9767 116.668 1037.36
Thumb: 67.3352 110.021 1095.84
Index: 24.8455 66.6474 1114.99
Middle: 36.8064 41.0236 1139.77
Ring: 20.5398 60.1487 1109.34
Little: 53.7725 113.687 1040.19
Thumb: 65.6597 109.285 1096.22
Index: 20.842 66.097 1115.51
Middle: 30.5477 43.6049 1139.96
Ring: 16.9949 60.8172 1109.1
Little: 54.519 111.873 1042.24
Thumb: 65.6123 109.399 1096.55
Index: 24.0236 62.1354 1115.63
Middle: 29.8093 43.6026 1139.27
Ring: 14.5881 64.83 1105.68
Little: 46.5951 108.424 1042.31
Thumb: 65.1399 107.553 1095.72
Index: 20.8716 63.0481 1113.87
Middle: 26.7656 44.4121 1140.94
Ring: 13.8449 62.8101 1105.08
Little: 62.3496 104.569 1045.9
Thumb: 59.5741 101.343 1099.8
Index: 11.0896 61.7696 1115.2
Middle: 17.0129 39.3336 1142.75
Ring: 4.78938 60.6172 1102.47
Little: 40.8217 105.881 1038.43
Thumb: 59.2637 101.374 1099.67
Index: 7.98262 65.2985 1114.05
Middle: 18.3732 40.6149 1146.8
Ring: 5.18362 57.3625 1104.9
Little: 39.6743 106.25 1037.52
Thumb: 58.3443 98.7512 1101.2
Index: 8.85688 61.4124 1116.87
Middle: 17.6475 39.5533 1146.44
Ring: 5.40615 52.4663 1106.8
Little: 42.2136 101.283 1039.89
Thumb: 57.0378 94.5309 1100.17
Index: 12.121 53.5018 1117.43
Middle: 13.1277 37.4466 1144.62
Ring: 6.10611 44.9211 1109.7
Little: 37.2815 97.9012 1033.36
Thumb: 54.3884 91.1712 1100.46
Index: 13.7458 46.0028 1118
Middle: 2.49839 39.6909 1132.13
Ring: 7.60577 37.2374 1110.93
Little: 32.6739 93.1606 1034.01
Thumb: 48.8351 91.2623 1095.27
Index: 14.3674 36.6144 1113.75
Middle: -2.73781 44.3331 1124.08
Ring: 7.63597 36.5182 1107.25
Little: 24.0323 94.0902 1029.99
Thumb: 46.4329 91.5968 1093.33
Index: 17.0254 32.6036 1111.6
Middle: -4.52043 44.6986 1120.86
Ring: 6.79695 35.8831 1104.35
Little: 18.0941 91.4013 1030.28
Thumb: 45.3427 90.6705 1091.33
Index: 16.2408 31.6107 1108.65
Middle: -8.09675 45.1814 1115.24
Ring: 6.4961 32.7584 1103.77
Little: 22.136 94.2247 1026.41
Thumb: 40.5217 89.4942 1090.8
Index: 11.7338 29.7618 1109.92
Middle: -11.3353 48.0987 1111.51
Ring: 2.09117 32.4213 1102.2
Little: 16.3567 90.7186 1025.61
Thumb: 37.146 87.8278 1089.2
Index: 4.32732 30.4375 1106.6
Middle: -17.3825 49.4621 1109.27
Ring: -3.0107 32.07 1101.75
Little: 15.3816 90.1339 1023.85
Thumb: 33.896 87.665 1089.97
Index: -1.74859 33.7634 1106.89
Middle: -19.7305 54.2439 1105.9
Ring: -7.70083 32.5287 1101.64
Little: 15.8857 88.3817 1025.49
Thumb: 33.3214 88.1623 1088.49
Index: -4.96761 41.6072 1104.17
Middle: -21.0974 60.6445 1099.44
Ring: -10.3873 39.2894 1094.43
Little: 17.9286 89.472 1023.68
Thumb: 34.1979 91.1037 1084.95
Index: -14.1098 44.4789 1122.3
Middle: -15.142 60.85 1096.72
Ring: -29.6793 65.0073 1057.89
Little: 16.9846 89.2912 1020.35
Thumb: 32.144 89.9171 1084.74
Index: -20.0285 46.9354 1121.53
Middle: -13.7713 61.3969 1098.03
Ring: -28.6448 74.0683 1047.81
Little: 20.5202 89.168 1020.21
Thumb: 29.1901 88.0442 1081.81
Index: -24.3409 51.6775 1125.03
Middle: -19.4143 62.6238 1098.17
Ring: -31.5584 81.3478 1042.33
Little: 25.4705 88.7985 1019.41
Thumb: 27.2892 89.2728 1080.29
Index: -27.5917 56.1635 1124.38
Middle: -21.0223 65.7317 1097.12
Ring: -34.5862 83.0763 1043.24
Little: 26.7075 88.6355 1021.82
Thumb: 25.2787 89.0998 1082.28
Index: -30.9062 60.1724 1123.87
Middle: -22.3572 66.716 1098.3
Ring: -32.9325 84.4796 1043.55
Little: 26.009 87.4378 1023.96
Thumb: 20.2646 89.0682 1081.25
Index: -35.8119 62.0487 1121.41
Middle: -27.3819 70.9824 1096.92
Ring: -38.8214 88.952 1043.31
Little: 28.4258 84.0365 1030.3
Thumb: 19.459 88.3732 1082.09
Index: -37.7762 64.1059 1124.44
Middle: -28.1486 71.2778 1099.1
Ring: -33.4388 93.559 1040.75
Little: 25.15 83.5477 1028.18
Thumb: 18.9249 87.8168 1081.63
Index: -37.8924 62.1205 1123.75
Middle: -28.7172 69.4312 1098.33
Ring: -35.3243 91.2502 1040.9
Little: 22.2193 84.6123 1025.56
Thumb: 17.723 88.5621 1081.02
Index: -38.8604 62.9131 1124.36
Middle: -29.2222 71.1374 1097.15
Ring: -34.44 91.7054 1039.99
Little: 20.594 84.4291 1024.67
Thumb: 16.7606 89.32 1080.24
Index: -40.1521 63.884 1121.97
Middle: -30.8855 71.9261 1096.08
Ring: -41.468 87.8167 1043.52
Little: 18.6258 86.09 1023.79
Thumb: 15.1659 88.1937 1079.67
Index: -41.3283 63.5995 1123.17
Middle: -31.8738 70.908 1096.16
Ring: -42.6564 87.3664 1041.97
Little: 23.1708 83.5652 1026.51
Thumb: 12.5845 87.8974 1078.98
Index: -42.2171 62.9195 1124.51
Middle: -34.8728 71.5774 1095.4
Ring: -46.9292 86.9622 1044.55
Little: 8.70719 88.0536 1018.06
Thumb: 10.3626 88.9266 1076.54
Index: -40.0179 81.8534 1113.46
Middle: -40.1015 70.0236 1092.3
Ring: -48.5767 88.1508 1043.44
Little: 10.3948 90.6218 1016.82
Thumb: 8.00704 91.3261 1079.46
Index: -44.9646 76.2319 1118.45
Middle: -32.6976 73.3991 1089
Ring: -40.9487 52.9793 1086.86
Little: -2.90032 97.323 1012.18
Thumb: 8.06103 92.3041 1080.82
Index: -43.2664 73.8417 1113.99
Middle: -30.8063 75.1505 1089.66
Ring: -21.5051 71.7972 1077.28
Little: -3.26925 95.1612 1013.06
Thumb: 8.37891 92.2255 1080.55
Index: -38.6936 70.7807 1107.89
Middle: -31.7176 76.9849 1086.51
Ring: -21.1716 71.201 1077.41
Little: -3.76304 95.3291 1012.69
Thumb: 8.90977 92.0159 1080.38
Index: -37.5605 64.9101 1112.02
Middle: -37.2365 59.4429 1093.79
Ring: -21.4604 69.8785 1076.77
Little: 7.39687 93.9228 1016.84
Thumb: 9.14298 91.8237 1080.33
Index: -31.4836 54.3657 1106.04
Middle: -34.6039 57.6403 1093.17
Ring: -38.169 54.06 1086.27
Little: 9.38672 94.1122 1017.63
Thumb: 10.3949 91.1534 1080.89
Index: -24.5471 44.0028 1109.68
Middle: -31.9221 54.4152 1093.83
Ring: -35.4421 52.4521 1086.12
Little: 10.0535 92.7728 1018.36
Thumb: 10.7499 89.4043 1081.02
Index: -22.314 39.6419 1110.36
Middle: -30.7367 52.8736 1093.59
Ring: -34.443 49.7463 1085.82
Little: 12.6563 88.7412 1021.67
Thumb: 12.1414 88.2472 1076.72
Index: -26.1297 40.7902 1101.73
Middle: -29.2927 49.2977 1089.37
Ring: -32.6332 46.2952 1082.8
Little: 15.4413 87.9074 1019.1
Thumb: 12.1634 89.1053 1074.21
Index: -20.8342 38.7561 1102.01
Middle: -28.3422 48.9601 1086.63
Ring: -28.9486 38.8413 1077.41
Little: 14.4659 90.5626 1015.77
Thumb: 12.5747 88.3201 1073.3
Index: -23.3129 40.1402 1097.95
Middle: -27.2404 51.3654 1072.19
Ring: -17.1996 60.4566 1065.13
Little: 15.9464 87.6313 1017.77
Thumb: 17.2182 91.2496 1072.19
Index: -19.5255 40.9523 1100.77
Middle: -19.6184 50.5027 1070.95
Ring: -8.54977 65.3662 1063.74
Little: 19.5613 92.6101 1014.92
Thumb: 18.7486 92.8181 1082.24
Index: -14.6058 38.4164 1097.46
Middle: -10.985 49.3096 1070.76
Ring: -6.60523 28.1689 1076.3
Little: 23.6403 92.7373 1022.53
Thumb: 19.6748 97.2936 1083.22
Index: -9.64699 39.3125 1098.52
Middle: -11.5128 32.4003 1097.52
Ring: 1.40263 27.6967 1082.08
Little: 27.7688 93.0727 1024.02
Thumb: 21.7762 96.3429 1086.04
Index: -6.94543 37.4073 1105.41
Middle: -10.5459 31.3745 1101.02
Ring: 3.67661 26.1059 1087.03
Little: 27.2013 92.9522 1016.8
Thumb: 21.2926 102.129 1089.56
Index: -2.31515 40.9133 1109.01
Middle: -8.13132 34.6937 1104
Ring: 8.48197 30.3846 1091.19
Little: 33.5743 95.1215 1025.09
Thumb: 24.4558 100.782 1091.91
Index: -0.977751 39.5887 1111.23
Middle: -9.32923 34.8465 1104.19
Ring: 8.05556 30.1142 1091.65
Little: 42.7019 92.6309 1029.03
Thumb: 21.0581 100.547 1096.2
Index: -2.0713 36.3597 1111.92
Middle: -8.85163 36.3523 1093.05
Ring: 11.7436 48.9925 1080.81
Little: 41.7519 89.2095 1034.08
Thumb: 20.0619 102.486 1099.74
Index: -7.11333 42.5332 1105.38
Middle: -8.28977 32.9701 1103.43
Ring: 11.9294 46.8447 1084.64
Little: 41.6854 82.2534 1040.46
Thumb: 18.9625 99.9656 1102.38
Index: -8.774 40.5113 1106.99
Middle: -12.0013 32.6647 1101.73
Ring: 11.2123 47.611 1087.77
Little: 45.6835 84.4151 1049.79
Thumb: 19.7714 98.8655 1101.82
Index: -1.57593 34.1787 1115.88
Middle: -9.51505 29.5746 1102.88
Ring: 11.9452 43.9881 1085.95
Little: 46.5495 83.9824 1049.34
Thumb: 19.168 98.699 1102.3
Index: -2.83646 33.9868 1115.17
Middle: -10.6641 31.3277 1100.9
Ring: 11.0916 46.9933 1085.69
Little: 45.8309 84.2131 1049.17
Thumb: 18.5278 92.8598 1098.89
Index: -7.75626 29.0317 1105.78
Middle: -14.4405 26.9964 1096.47
Ring: 7.11292 42.3469 1080.66
Little: 40.301 81.4483 1038.21
Thumb: 17.5606 89.7644 1097.38
Index: -9.80018 26.536 1106.97
Middle: -18.0137 26.4851 1087.78
Ring: 10.8354 59.2016 1073.51
Little: 53.3261 86.6501 1061.77
Thumb: 15.7952 85.9789 1095.85
Index: -39.4761 66.2479 1041.86
Middle: -17.785 29.0239 1079.22
Ring: 20.5751 90.6161 1066.73
Little: 54.1156 82.745 1062.16
Thumb: 11.9365 83.5678 1093.26
Index: -41.6153 62.6852 1034.95
Middle: -16.2702 24.7662 1075.67
Ring: 19.9706 86.4505 1064.25
Little: 52.9358 80.0885 1063.55
Thumb: 11.7093 82.0624 1090.73
Index: -42.4674 59.6094 1031.23
Middle: -15.8732 25.6427 1066.45
Ring: 11.0306 74.3577 1022.77
Little: 46.6515 71.1125 1035.08
Thumb: 9.94696 79.8998 1088.82
Index: -45.2811 52.546 1031.55
Middle: -13.152 44.9052 1054.82
Ring: 11.1388 74.9601 1020.08
Little: 44.7869 68.8199 1030.75
Thumb: 8.53076 78.7616 1086.74
Index: -47.6175 37.0976 1054.19
Middle: -14.2574 45.5885 1051.65
Ring: 11.7067 73.0276 1016.13
Little: 44.7578 66.1442 1029.97
Thumb: 7.96287 78.9661 1085.94
Index: -47.5512 38.2172 1051.36
Middle: -13.589 48.9597 1051.39
Ring: 10.4007 71.2456 1013.84
Little: 45.5391 67.8008 1029.06
Thumb: 6.69216 78.6139 1085.96
Index: -50.9114 40.9067 1047.99
Middle: -15.5093 51.4681 1051.47
Ring: 10.7303 76.6415 1011.64
Little: 44.0794 67.9529 1028.69
Thumb: 6.1415 79.2388 1084.74
Index: -51.7448 42.6582 1045.97
Middle: -16.552 53.7471 1049.24
Ring: 9.56021 76.786 1010.5
Little: 43.3705 68.6816 1027.31
Thumb: 3.92706 78.937 1084.16
Index: -52.2909 41.6619 1043.42
Middle: -16.7447 54.4059 1047.67
Ring: 6.1209 71.2551 1008.15
Little: 43.0699 69.3162 1027.72
Thumb: 3.85068 78.9699 1084.36
Index: -51.673 43.4648 1041.28
Middle: -16.8081 54.7252 1047.82
Ring: 6.49785 71.7945 1008.29
Little: 42.9263 69.0567 1028.05
Thumb: 0.310754 79.9236 1082.46
Index: -44.1954 74.0221 1023.46
Middle: -16.4185 53.6849 1045.69
Ring: 8.09795 73.9718 1006.46
Little: 40.3808 67.0684 1027.97
Thumb: 0.231981 80.0793 1081.25
Index: -44.8197 72.4456 1021.96
Middle: -16.5911 53.6093 1044.35
Ring: 6.21786 71.8399 1005.38
Little: 39.856 66.9716 1026.65
Thumb: -1.25313 80.1245 1080.26
Index: -46.3665 71.5675 1018.71
Middle: -17.9648 54.9702 1043.22
Ring: 27.015 102.655 1043.3
Little: 39.2215 67.6488 1025.76
Thumb: -1.46349 80.9721 1079.81
Index: -45.7763 74.1961 1018.07
Middle: -18.5231 55.5087 1042.76
Ring: 27.2914 102.59 1048.14
Little: 39.5589 67.9095 1026.02
Thumb: -2.62848 82.2367 1076.73
Index: -44.3915 91.672 1040.98
Middle: -22.6083 55.6696 1042.41
Ring: 23.7299 103.997 1048.26
Little: 36.2816 67.6336 1022.01
Thumb: -2.6305 82.2403 1076.69
Index: -44.4897 91.6689 1039.53
Middle: -22.7446 55.7433 1042.34
Ring: 24.4493 103.938 1048.44
Little: 37.109 68.863 1021.83
Thumb: -1.77434 83.7639 1076.02
Index: -42.3494 93.1925 1037.9
Middle: -21.7124 54.7317 1039.66
Ring: 26.5436 104.306 1048.25
Little: 39.0427 68.496 1022.63
Thumb: -3.79209 83.1371 1073.92
Index: -43.3155 90.6724 1035.1
Middle: -19.9643 54.4814 1037.94
Ring: 23.0589 103.814 1047.77
Little: 39.9894 69.0156 1022.35
Thumb: -3.81483 83.0387 1073.97
Index: -43.3912 90.5157 1035.62
Middle: -20.0939 53.9917 1038.36
Ring: 24.6362 105.829 1045.79
Little: 39.9147 68.7146 1022.39
Thumb: -3.83525 83.0439 1073.95
Index: -43.4325 90.3079 1034.83
Middle: -19.8387 55.5575 1038.84
Ring: 24.5661 105.887 1046.03
Little: 40.4003 69.4606 1022.32
Thumb: -5.31703 83.5199 1074.22
Index: -45.3038 91.1152 1035.95
Middle: -22.6234 54.9496 1039.82
Ring: 23.0528 107.313 1046.4
Little: 38.7795 70.9134 1022.05
Thumb: -7.14684 82.6729 1076.72
Index: -48.6276 88.847 1040.18
Middle: -25.0786 54.086 1045.53
Ring: 19.1386 103.586 1050.29
Little: 36.1258 72.1716 1023.01
Thumb: -6.60775 84.1975 1083.23
Index: -48.4988 91.2105 1049.22
Middle: -26.7038 52.4 1053.53
Ring: 18.7139 106.725 1054.05
Little: 34.9953 71.7469 1028.78
Thumb: -6.30053 82.4671 1087.9
Index: -48.7204 88.2743 1053.38
Middle: -28.5446 49.4301 1059.76
Ring: 13.3222 94.8913 1048.34
Little: 35.5916 71.8214 1033.06
Thumb: -4.54542 82.9198 1096.61
Index: -49.1543 87.1499 1065.58
Middle: -29.1054 50.5729 1071.24
Ring: -20.101 24.4547 1062.92
Little: 34.0707 71.9126 1039.63
Thumb: -9.57085 84.3311 1100.67
Index: -55.3337 77.449 1080.19
Middle: -44.9059 22.6093 1077.52
Ring: -27.6997 21.5941 1077.63
Little: 32.0169 70.9086 1046.29
Thumb: -10.0298 87.6119 1108.15
Index: -54.1369 44.826 1100.37
Middle: -53.4243 43.8741 1093.49
Ring: -40.7106 26.1034 1093.11
Little: 18.057 69.6537 1046.8
Thumb: -7.75477 91.273 1115.58
Index: -57.4708 52.5061 1116.48
Middle: -53.6729 49.704 1108.01
Ring: -44.2309 30.7341 1109.56
Little: 11.0181 68.9584 1052.24
Thumb: -3.69226 95.02 1122.89
Index: -53.8136 62.9938 1116.42
Middle: -47.4212 42.8788 1124.97
Ring: -39.0065 30.8055 1132.57
Little: 12.8083 67.4443 1061.32
Thumb: -0.0719385 98.1772 1128.71
Index: -41.6056 43.9575 1157.48
Middle: -46.0873 45.2814 1135.62
Ring: -32.7975 36.71 1134.2
Little: 24.2577 77.6948 1065.77
Thumb: 4.18737 103.005 1132.96
Index: -36.7371 48.2607 1158.71
Middle: -41.2621 51.4237 1138.67
Ring: -30.0999 42.6251 1143.2
Little: 32.4026 85.2096 1072.32
Thumb: 7.30566 105.262 1136.85
Index: -34.4462 50.9532 1167.9
Middle: -36.4959 52.4418 1143.14
Ring: -22.6255 42.9634 1162.21
Little: 29.1755 83.6678 1073.87
Thumb: 17.2495 109.808 1136.78
Index: -50.2601 75.5777 1163.82
Middle: -32.0155 52.7275 1171.53
Ring: -14.9515 51.3301 1168.82
Little: 40.9889 90.3455 1076.86
Thumb: 21.3103 111.842 1137.24
Index: -44.4045 81.195 1161.58
Middle: -26.8573 54.996 1173.25
Ring: -9.45744 52.5482 1169.34
Little: 45.9883 94.011 1077.42
Thumb: 27.116 112.307 1135.08
Index: -36.5549 82.824 1163.53
Middle: -20.8273 56.3427 1172.99
Ring: -3.75253 53.3729 1167.86
Little: 42.0887 88.7761 1071.22
Thumb: 29.7077 112.338 1134.48
Index: -34.6437 82.2513 1161.61
Middle: -17.7382 54.794 1168.12
Ring: -1.07511 51.2883 1162.55
Little: 47.6801 90.6903 1071.91
Thumb: 33.2505 111.532 1131.13
Index: -30.1372 77.1056 1156.77
Middle: -11.2321 54.4429 1156.99
Ring: 5.16888 48.6573 1158.01
Little: 47.6999 91.7926 1066.2
Thumb: 36.329 107.056 1127.6
Index: -23.5439 70.4725 1147.95
Middle: -7.0873 49.7244 1149.97
Ring: 10.5299 41.3937 1150.09
Little: 48.1032 90.0756 1061.19
Thumb: 41.2301 101.998 1123.57
Index: -14.5027 59.9837 1144.21
Middle: 1.58765 43.3267 1136.01
Ring: 19.796 32.5621 1139.27
Little: 54.7361 89.3578 1058.78
Thumb: 44.2335 101.77 1117.56
Index: 2.10965 47.7382 1149.7
Middle: 6.33783 38.5944 1137.03
Ring: 26.6712 30.3964 1131.65
Little: 47.5872 89.8772 1052.17
Thumb: 45.5447 99.6169 1114.76
Index: 9.48916 43.0453 1145.58
Middle: 9.84975 36.7137 1132.04
Ring: 30.1849 27.1254 1125.24
Little: 47.6487 91.8644 1048.76
Thumb: 43.5153 99.2794 1113.26
Index: 7.35696 43.4484 1143.41
Middle: 8.75178 34.7525 1128.43
Ring: 24.1126 26.2405 1121.32
Little: 48.3028 91.2841 1045.91
Thumb: 43.6648 99.3259 1113.34
Index: 7.21135 44.2196 1145.79
Middle: 6.31152 35.8778 1135.12
Ring: 17.916 29.3091 1118.99
Little: 48.1569 90.8905 1045.77
Thumb: 45.4384 96.3341 1108.64
Index: -0.615818 49.6455 1147
Middle: 1.83108 41.2276 1138.24
Ring: 8.43304 34.5015 1120.9
Little: 44.0035 87.1918 1043.44
Thumb: 45.6788 89.7956 1101.09
Index: -5.72212 52.4018 1146.17
Middle: -0.885878 39.991 1135.47
Ring: 5.06522 38.2739 1131.75
Little: 38.6353 78.9596 1035.17
Thumb: 45.4516 87.2943 1095.39
Index: -11.1873 57.5999 1149.28
Middle: -6.28883 63.0209 1115.06
Ring: 40.4255 101.746 1051.95
Little: 50.8191 78.9862 1035.14
Thumb: 45.1909 86.3271 1095.48
Index: -11.8292 58.9593 1152.49
Middle: -14.1344 45.0516 1131.93
Ring: 40.8918 99.9907 1054.42
Little: 48.3542 78.2838 1034.49
Thumb: 45.8654 85.9468 1093.12
Index: -11.4674 61.0497 1154.5
Middle: -13.3623 47.0787 1135.2
Ring: 40.8222 97.0098 1056.79
Little: 51.5085 77.4189 1035.7
Thumb: 46.0629 85.9115 1093.19
Index: -11.6593 60.5736 1155.78
Middle: -13.3227 47.8615 1135.5
Ring: 40.6141 97.1263 1055.91
Little: 47.3521 78.7978 1030.75
Thumb: 45.3182 86.32 1093.32
Index: -11.5703 62.1424 1155.12
Middle: -13.6094 48.0474 1136.07
Ring: 39.3547 94.6089 1059.65
Little: 45.8141 79.1648 1029.98
Thumb: 44.4179 86.4033 1094.26
Index: -15.8853 64.9306 1155.53
Middle: -14.1125 49.1318 1140.04
Ring: 38.3233 93.9827 1061.68
Little: 38.7256 79.3164 1027.69
Thumb: 43.7261 85.7671 1094.33
Index: -18.9748 65.6748 1152.36
Middle: -14.0569 48.3054 1140.84
Ring: 36.9563 92.7354 1061.45
Little: 46.1804 77.2335 1032.87
Thumb: 40.6116 84.988 1092.52
Index: -23.5547 68.274 1151.27
Middle: -16.1619 48.3362 1141.14
Ring: 33.806 92.7399 1059.65
Little: 44.1969 74.9126 1035.29
Thumb: 39.633 85.4377 1092.16
Index: -25.3996 69.9219 1146.83
Middle: -18.0202 50.1054 1140.76
Ring: 33.1257 93.1273 1059.21
Little: 43.1596 75.1047 1034.75
Thumb: 36.9378 85.2993 1091.64
Index: -27.8166 69.7571 1147.46
Middle: -20.1343 49.9563 1141.03
Ring: 30.6814 92.7826 1060.12
Little: 30.9318 79.0708 1025.43
Thumb: 36.8169 85.9449 1091.68
Index: -27.9291 72.7903 1146.93
Middle: -18.3411 49.3342 1144.45
Ring: 30.4272 93.3449 1060.17
Little: 30.6472 79.6552 1025.39
Thumb: 36.7989 85.9013 1091.72
Index: -27.8039 74.0848 1144.9
Middle: -19.6758 50.6403 1142.09
Ring: 30.7872 92.8547 1060.86
Little: 39.6078 79.64 1028.67
Thumb: 36.8027 85.9059 1091.71
Index: -27.81 74.136 1144.83
Middle: -19.5419 50.4912 1142.36
Ring: 30.7878 92.8475 1060.86
Little: 37.364 79.9193 1027.33
Thumb: 36.7943 85.9041 1091.71
Index: -27.8118 74.1009 1144.89
Middle: -19.6727 50.6426 1142.09
Ring: 30.7781 92.8598 1060.85
Little: 38.8264 79.7278 1028.23
Thumb: 36.8085 85.8989 1091.73
Index: -27.802 74.0689 1144.93
Middle: -19.6278 50.5947 1142.12
Ring: 30.7936 92.8285 1060.87
Little: 44.7832 73.2065 1040.4
Thumb: 36.8084 85.8994 1091.73
Index: -27.8053 74.0618 1144.94
Middle: -19.6274 50.5949 1142.12
Ring: 30.7935 92.8294 1060.87
Little: 44.853 73.1504 1040.51
Thumb: 35.2054 84.9393 1093.12
Index: -29.3263 76.5638 1146.99
Middle: -21.4502 52.3623 1145.05
Ring: 29.0576 91.0255 1062.07
Little: 42.481 70.4903 1042.06
Thumb: 34.3487 84.9933 1093.34
Index: -29.3505 74.4112 1145.55
Middle: -22.5595 52.6146 1145.71
Ring: 28.3914 91.2619 1062.3
Little: 41.3678 69.8527 1043.45
Thumb: 34.2708 84.9527 1093.39
Index: -26.1442 79.7467 1141.08
Middle: -24.0828 54.5579 1143.07
Ring: 28.5009 91.2821 1062.3
Little: 41.4005 69.5277 1043.9
Thumb: 31.884 84.8017 1096.63
Index: -28.8299 76.1076 1142.91
Middle: -26.2421 52.6191 1144.71
Ring: 25.9545 92.1968 1065.81
Little: 38.948 71.2165 1046.59
Thumb: 33.0548 86.6772 1094.68
Index: -26.546 73.7966 1147.68
Middle: -23.1198 50.655 1145.14
Ring: 26.7196 95.0117 1064.53
Little: 39.35 74.971 1043.89
Thumb: 35.0836 89.2048 1094.36
Index: -23.2989 68.135 1150.42
Middle: -16.703 45.4068 1144.16
Ring: 21.0827 95.0188 1067.15
Little: 41.0466 80.5423 1042.95
Thumb: 38.2125 88.5086 1091.95
Index: -18.9401 63.598 1150.91
Middle: -12.094 42.4783 1142.66
Ring: 26.2184 98.1958 1061.26
Little: 44.1717 80.6019 1040.28
Thumb: 40.535 87.3077 1092.12
Index: -13.4552 59.8614 1151.66
Middle: -9.75364 41.9432 1139.69
Ring: -10.0185 92.7909 1054.08
Little: 43.1601 85.5839 1032.77
Thumb: 43.0651 88.3447 1086.39
Index: -4.76798 53.8714 1150.23
Middle: -2.69928 38.6205 1137.2
Ring: -17.2004 90.7812 1053.79
Little: 43.6646 88.7659 1027.44
Thumb: 43.2174 87.923 1086.46
Index: -1.99306 50.4225 1150.03
Middle: 0.956095 33.9543 1137.15
Ring: -16.1054 92.0564 1055.54
Little: 44.1142 86.3217 1031.58
Thumb: 42.8404 86.6168 1084.9
Index: -1.37812 47.5696 1149.91
Middle: 1.29606 32.1004 1136.56
Ring: -14.3221 87.4681 1059.2
Little: 38.3301 88.7481 1026.46
Thumb: 42.9953 85.2643 1084.02
Index: 1.55807 43.7365 1149.49
Middle: 6.07073 28.0129 1137.41
Ring: -14.8376 85.6562 1060.99
Little: 37.8134 87.1662 1028.09
Thumb: 43.1423 83.4122 1083.07
Index: 2.21405 41.5051 1147.9
Middle: 7.33893 25.5777 1136.09
Ring: -1.1729 83.8841 1062.08
Little: 35.2521 86.8132 1025.5
Thumb: 46.3744 87.9853 1079.71
Index: 12.1781 38.6229 1147.43
Middle: 14.3208 27.0737 1132.21
Ring: 1.55264 82.1408 1064.87
Little: 39.9505 94.713 1022.89
Thumb: 46.246 87.8599 1078.06
Index: 21.0015 28.1597 1126.94
Middle: 11.1034 27.0614 1125.52
Ring: -3.75993 78.3286 1066.09
Little: 30.0275 100.729 1017.03
Thumb: 50.6856 89.6453 1062.01
Index: 22.6673 34.2928 1112.94
Middle: 14.0496 34.0476 1115.07
Ring: 3.99483 81.0224 1049.79
Little: 35.5356 97.6503 999.917
Thumb: 50.064 93.0721 1058.86
Index: 13.4865 49.1603 1095.6
Middle: 1.18436 42.344 1105.29
Ring: -5.36341 71.1158 1057.67
Little: 43.8688 96.6731 1001.86
Thumb: 48.7788 92.7847 1055.19
Index: 4.84258 50.4883 1101.67
Middle: -2.72793 45.309 1102.04
Ring: 30.4909 34.28 1094.15
Little: 41.7921 96.9874 996.253
Thumb: 46.9828 92.385 1053.51
Index: 3.82135 50.7857 1100.27
Middle: -5.31808 46.1498 1099.36
Ring: 29.3081 33.3762 1092.79
Little: 37.4531 95.6444 991.442
Thumb: 47.0377 92.4696 1053.44
Index: 6.18227 47.7629 1102.8
Middle: -5.14218 45.9733 1099.69
Ring: 31.9036 33.1219 1093.35
Little: 35.674 96.1802 990.909
Thumb: 50.6149 90.2542 1053.94
Index: 8.47334 45.7051 1101.44
Middle: -2.88099 44.3632 1100.18
Ring: 34.3686 29.7918 1091.74
Little: 47.3848 86.2257 1002.49
Thumb: 52.9057 89.0158 1054.17
Index: 5.23361 47.7318 1100.1
Middle: -1.31666 42.9403 1099.81
Ring: 37.3057 28.0004 1091.36
Little: 49.7327 85.2728 1002.54
Thumb: 54.0564 85.6947 1054.81
Index: 3.86188 46.39 1103.08
Middle: -1.05325 40.7267 1099.88
Ring: 40.2665 24.8702 1092.72
Little: 50.7784 83.3434 1002.52
Thumb: 51.1469 83.5713 1055.26
Index: 0.449453 46.403 1104.84
Middle: -5.90731 41.4472 1100.88
Ring: 35.2054 23.4705 1093.77
Little: 28.699 44.4354 1034.6
Thumb: 48.2136 82.9446 1056.6
Index: -5.27525 51.9185 1103.94
Middle: -10.7035 42.6994 1101.26
Ring: 33.0719 23.5679 1096.43
Little: 37.6615 58.9569 1022.56
Thumb: 47.7063 87.0958 1059.89
Index: -0.771685 60.741 1095.52
Middle: -15.1196 48.5379 1107.93
Ring: 23.5848 32.1137 1101.41
Little: 24.0941 55.1831 1031.54
Thumb: 40.1494 91.3227 1057.86
Index: 15.9983 126.951 1078.98
Middle: -22.3123 49.7025 1103.94
Ring: 14.5265 33.8686 1095.07
Little: 24.6079 92.7866 998.574
Thumb: 36.435 90.4771 1058.34
Index: 14.7995 126.493 1078.16
Middle: -29.3375 52.1533 1102.68
Ring: 7.80987 33.7623 1094.47
Little: 22.3183 92.624 999.457
Thumb: 36.9734 89.8634 1056.86
Index: 15.2852 124.37 1076.77
Middle: -31.0723 52.6454 1098.26
Ring: 3.22047 37.0104 1092.32
Little: 21.117 91.1873 997.334
Thumb: 38.4361 87.9478 1055.67
Index: 19.0511 123.666 1074.91
Middle: -31.9805 52.8739 1094.79
Ring: 4.09484 35.1631 1090.56
Little: 23.4738 89.7311 996.105
Thumb: 38.3557 87.6623 1055.65
Index: 19.0526 122.869 1075.78
Middle: -34.4935 54.7998 1091.77
Ring: 3.73421 35.2307 1090.66
Little: 23.6879 89.6697 996.073
Thumb: 39.2793 88.0553 1054.86
Index: 18.7739 126.498 1072.33
Middle: -32.9673 52.2834 1089.4
Ring: 3.9626 35.0027 1088.17
Little: 26.152 89.2618 995.294
Thumb: 39.3132 88.0708 1055
Index: 18.9285 124.461 1073.08
Middle: -32.8252 51.9543 1089.24
Ring: 4.05904 35.0839 1088.48
Little: 26.24 89.0308 995.448
Thumb: 38.0956 87.7462 1053.73
Index: 17.2634 123.506 1074.02
Middle: -34.5032 49.4891 1083.15
Ring: 4.11281 32.6098 1086.53
Little: 30.974 89.3736 995.277
Thumb: 37.6178 87.9481 1054.07
Index: 17.2626 124.829 1073.33
Middle: -35.9075 51.9007 1084.61
Ring: 3.40264 33.3662 1087.78
Little: 30.3674 89.2438 995.213
Thumb: 39.017 90.9118 1055.72
Index: 15.4815 126.83 1071.86
Middle: -33.7976 50.9707 1082.75
Ring: 5.57046 35.6074 1089.03
Little: 35.6808 90.0341 996.387
Thumb: 40.144 92.9003 1054
Index: 17.8136 129.182 1070.66
Middle: -33.2753 54.4595 1081.83
Ring: 4.23315 37.8219 1085.39
Little: 35.9392 93.3511 994.097
Thumb: 40.0049 93.4033 1052.65
Index: 15.8455 130.73 1068.52
Middle: -33.3587 52.3107 1075.74
Ring: 3.06001 38.1154 1082.42
Little: 35.3352 94.5478 990.309
Thumb: 34.5853 91.9962 1052.59
Index: 12.0188 134.299 1066.07
Middle: -37.4254 48.1622 1074.1
Ring: 1.21818 34.8933 1083.49
Little: 25.1224 93.7622 988.894
Thumb: 33.3387 91.5674 1050
Index: 12.1286 133.523 1063.64
Middle: -39.4496 48.6068 1070.74
Ring: -1.17814 33.7194 1078.71
Little: 25.014 94.348 986.09
Thumb: 33.1999 91.6243 1049.91
Index: 11.7139 133.873 1063.05
Middle: -39.7063 48.7 1070.34
Ring: -0.450303 31.0994 1075.42
Little: 21.8845 93.8455 985.453
Thumb: 33.3326 91.8377 1049.5
Index: 11.7688 133.733 1062.83
Middle: -39.4383 48.875 1070.7
Ring: -4.11111 31.153 1069.91
Little: 22.5505 94.2247 985.185
Thumb: 32.8465 92.9754 1048.72
Index: 11.9453 134.77 1062.54
Middle: -40.3257 50.5993 1069.72
Ring: -5.22169 32.4643 1068.48
Little: 21.7453 96.4053 984.506
Thumb: 32.9656 92.9291 1048.72
Index: 12.015 134.133 1062.99
Middle: -40.2291 50.5719 1069.67
Ring: -5.10358 32.4148 1068.47
Little: 21.4702 96.4592 984.35
Thumb: 34.1596 93.5432 1049.35
Index: 12.6281 134.893 1062.76
Middle: -39.3925 51.0197 1068.62
Ring: -4.38675 33.0903 1068.34
Little: 24.5027 96.6919 984.695
Thumb: 33.8115 94.7429 1045.05
Index: 5.45341 131.928 1061.22
Middle: -38.5906 48.8294 1060.52
Ring: -3.06297 31.9215 1059.05
Little: 24.28 102.777 981.039
Thumb: 34.3595 95.0658 1047.8
Index: 9.76452 135.52 1063.32
Middle: -38.303 50.4985 1065.79
Ring: -2.80626 33.422 1065.74
Little: 23.9942 98.1909 983.053
Thumb: 33.8318 94.3615 1046.6
Index: 9.14425 135.344 1062.51
Middle: -38.9258 49.9006 1064.46
Ring: -4.02454 33.7294 1065.53
Little: 23.9236 98.0217 982.029
Thumb: 33.8318 94.3615 1046.6
Index: 9.9142 136.367 1062.23
Middle: -38.9258 49.9006 1064.46
Ring: -4.02454 33.7294 1065.53
Little: 23.9236 98.0217 982.029
Thumb: 33.079 94.9283 1047.23
Index: 8.25887 137.55 1060.44
Middle: -39.2424 49.4938 1063.87
Ring: -4.46505 34.1739 1066.38
Little: 17.3434 94.4889 982.7
Thumb: 34.8652 94.3911 1049.2
Index: 8.29008 139.987 1059.02
Middle: -36.2878 46.9742 1064.07
Ring: -1.91885 33.2139 1068.41
Little: 19.7554 93.5343 984.535
Thumb: 33.8734 93.0002 1050.96
Index: 6.30513 137.589 1059.86
Middle: -36.4356 44.2714 1065.62
Ring: -2.26996 31.9764 1071.47
Little: 20.4033 89.7415 986.11
Thumb: 32.9967 92.2266 1053.8
Index: 4.02524 137.027 1063.76
Middle: -35.4703 40.8102 1067.99
Ring: -0.89398 29.8433 1074.07
Little: 20.2641 88.7088 988.706
Thumb: 33.7621 93.26 1057.33
Index: 3.74297 136.996 1066.71
Middle: -33.3687 40.4084 1072.59
Ring: 1.29929 30.3391 1078.23
Little: 20.4759 88.946 992.394
Thumb: 35.979 93.556 1059.99
Index: 5.72542 137.207 1069.84
Middle: -30.8997 40.5513 1075.68
Ring: 3.90857 30.6122 1081.32
Little: 16.82 82.6199 999.927
Thumb: 34.5748 93.7403 1063.98
Index: 4.44123 138.076 1072.13
Middle: -33.509 41.5479 1076.98
Ring: 0.924651 31.1917 1084
Little: 15.1662 78.3778 1006.75
Thumb: 35.9495 90.2878 1067.36
Index: 3.18906 132.808 1071.64
Middle: -31.6686 36.6154 1076.14
Ring: 2.98933 26.707 1085.53
Little: 37.1279 83.9544 1008.82
Thumb: 35.9867 90.2962 1070.85
Index: 5.35515 134.646 1074.32
Middle: -34.0466 39.795 1079.47
Ring: 0.299209 28.3497 1089.59
Little: 37.4379 82.9343 1012.41
Thumb: 33.6139 87.0306 1072.21
Index: 3.33545 131.109 1076.33
Middle: -35.9594 36.259 1082.66
Ring: 2.11115 24.7243 1095.92
Little: 33.2556 80.0714 1013.68
Thumb: 33.5669 87.3991 1075.35
Index: 3.59895 130.794 1081.41
Middle: -36.4269 37.0473 1084.87
Ring: 1.76649 24.6382 1097.4
Little: 32.3498 82.4036 1016.62
Thumb: 34.7541 87.7547 1077.49
Index: 3.96347 130.552 1082.73
Middle: -34.8755 36.7078 1085.45
Ring: 2.68369 25.4253 1099.8
Little: 32.058 83.0866 1017.09
Thumb: 34.5957 86.7304 1078.47
Index: 3.5948 129.77 1085.06
Middle: -34.1709 34.7634 1087.93
Ring: 2.76764 24.2909 1100.81
Little: 37.4206 82.9604 1021.09
Thumb: 35.8268 88.9485 1079.61
Index: 5.10508 126.682 1091.03
Middle: -32.7036 37.0981 1093.17
Ring: 4.73499 27.6616 1104.82
Little: 35.1741 79.9688 1026.59
Thumb: 38.1804 90.0203 1087.24
Index: 6.11143 124.882 1098.84
Middle: -22.872 32.6807 1111.25
Ring: 5.33366 27.9921 1109.21
Little: 41.8979 85.1549 1032.21
Thumb: 36.3323 92.0071 1087.9
Index: 6.65138 128.256 1100.28
Middle: -24.582 34.1202 1111.73
Ring: 3.04248 29.4749 1107.73
Little: 39.983 89.3445 1032.71
Thumb: 37.5531 91.4696 1086.48
Index: 8.80661 128.2 1098.96
Middle: -24.9348 34.777 1109.41
Ring: 3.67238 28.6769 1104.87
Little: 40.9723 89.6739 1031.24
Thumb: 41.2121 87.424 1074.2
Index: 1.55001 83.608 1103.07
Middle: -0.202332 19.3077 1108.45
Ring: 14.644 121.264 1035.54
Little: 29.7015 87.1234 1021.16
Thumb: 37.2503 85.7051 1069.05
Index: -11.9345 59.6093 1092.36
Middle: 0.14634 16.2345 1107.01
Ring: 13.1666 94.8847 1048.63
Little: 22.9097 88.1288 1018.22
Thumb: 36.073 96.9584 1077.68
Index: -7.99328 52.2515 1099
Middle: 0.817654 25.6431 1112.43
Ring: 7.80396 95.4415 1063.94
Little: 25.0938 101.569 1026.2
Thumb: 30.9814 96.8831 1074.18
Index: -8.01751 44.7268 1095.42
Middle: -0.00478458 24.8803 1112.04
Ring: -0.600832 89.155 1063.02
Little: 11.4685 106.796 1017.74
Thumb: 27.7946 93.6834 1074.63
Index: -3.64486 34.1941 1103.65
Middle: -6.47571 20.8816 1104.6
Ring: -13.4811 30.8213 1075.86
Little: 21.5642 96.976 1022.32
Thumb: 26.2682 93.4113 1073.97
Index: 3.38715 29.6827 1109.23
Middle: -5.34456 19.7767 1105.68
Ring: -10.794 28.9059 1080.35
Little: 23.4443 94.8848 1023.22
Thumb: 24.8544 90.3861 1073.27
Index: -0.78299 27.1665 1108.34
Middle: -9.1132 17.5758 1104.71
Ring: -14.485 27.3256 1077.41
Little: 20.5095 90.3999 1023.22
Thumb: 22.9534 90.4422 1072.74
Index: -8.07622 29.4751 1105.52
Middle: -13.7389 19.5639 1106
Ring: -15.4158 37.6905 1074.46
Little: 20.5604 90.2658 1022.62
Thumb: 23.4113 90.9083 1073.34
Index: -7.88035 30.1436 1110.29
Middle: -11.8453 18.4085 1102.75
Ring: -12.4747 37.796 1074.87
Little: 18.3737 91.0169 1020.88
Thumb: 24.4664 91.4995 1072.87
Index: -9.79935 31.9006 1106.88
Middle: -10.0671 18.9465 1103.04
Ring: -10.062 42.1681 1070.18
Little: 27.4318 89.8228 1023.01
Thumb: 25.5872 88.6553 1080.83
Index: -8.35741 30.6562 1107.34
Middle: -12.6889 17.6635 1108.44
Ring: -4.24776 19.6714 1085.37
Little: 33.1987 84.974 1031.69
Thumb: 23.6363 93.1085 1086.85
Index: -3.70918 29.7896 1108.63
Middle: -9.71358 16.9546 1106.07
Ring: 3.57124 21.1245 1088.61
Little: 21.1524 87.4386 1029.69
Thumb: 20.8705 95.1115 1094.42
Index: -38.3017 53.7033 1079.45
Middle: -11.5263 18.2055 1103.73
Ring: 1.87038 23.6774 1082.19
Little: 23.458 85.3494 1034.28
Thumb: 17.1874 96.4394 1097.48
Index: -39.1479 51.5768 1076.7
Middle: -10.9135 18.2462 1103.4
Ring: 2.04067 32.7818 1075.97
Little: 30.255 85.3206 1037.62
Thumb: 15.5282 96.8118 1096.17
Index: -40.0241 59.4677 1058.22
Middle: -9.71122 17.6666 1101.72
Ring: 5.69519 32.5157 1072.99
Little: 40.4295 88.5477 1040.21
Thumb: 11.3784 96.0338 1096.8
Index: -42.494 62.565 1053.83
Middle: -10.9013 16.3531 1104.72
Ring: 4.96255 33.6328 1074.62
Little: 36.3368 86.7994 1040.46
Thumb: 9.5201 95.3319 1096.04
Index: -45.3439 67.0418 1048.46
Middle: -12.3503 15.501 1104.18
Ring: 3.86115 33.4775 1073.49
Little: 35.5501 83.7354 1039.69
Thumb: 7.41698 96.5714 1095.06
Index: -44.8116 75.7242 1039.04
Middle: -11.7816 16.2952 1103.07
Ring: 11.9129 18.8536 1089.31
Little: 38.4715 83.3558 1042.4
Thumb: 7.11768 96.6643 1094.31
Index: -45.3708 74.677 1038.59
Middle: -15.2998 16.8309 1102.78
Ring: 8.51752 23.5648 1080.4
Little: 41.6435 87.9518 1055.46
Thumb: 6.62849 96.6194 1093.93
Index: -46.3927 77.8084 1037.37
Middle: -17.6965 17.0597 1101.6
Ring: 6.38843 23.7198 1079.97
Little: 40.348 84.4289 1053.68
Thumb: 5.45058 96.337 1093.33
Index: -47.1306 80.1413 1035.9
Middle: -17.1563 16.4747 1100.48
Ring: 5.30236 19.7308 1084.64
Little: 38.3016 80.2142 1048.78
Thumb: 4.3067 96.547 1092.71
Index: -47.6395 78.4649 1033.85
Middle: -18.5551 16.6941 1100.84
Ring: 2.9664 24.104 1079.91
Little: 39.1525 70.9051 1058.11
Thumb: 3.83261 96.1421 1092.38
Index: -47.3318 76.4652 1033.19
Middle: -18.6175 16.3166 1101.1
Ring: 3.19345 23.9691 1079.14
Little: 39.1657 69.3432 1058.3
Thumb: 4.56635 96.0913 1091.17
Index: -46.4506 79.0698 1030.15
Middle: -22.3672 17.1121 1100.2
Ring: 5.73794 17.9909 1090.21
Little: 41.1306 68.6888 1064.79
Thumb: 3.98253 97.7915 1090.26
Index: -45.606 84.0794 1029.08
Middle: -21.8747 18.6322 1100.85
Ring: 8.47684 19.4734 1089.69
Little: 42.1376 72.7925 1072.7
Thumb: 4.03709 97.9564 1090.26
Index: -47.1274 79.5745 1029.36
Middle: -22.6919 18.9719 1100.65
Ring: 8.08781 19.7109 1089.33
Little: 42.3671 72.4652 1071.2
Thumb: 3.9062 97.9064 1090.13
Index: -46.3327 81.8307 1027.19
Middle: -22.4555 18.8121 1100.22
Ring: 7.81282 19.7297 1089.95
Little: 42.4105 72.8121 1071.15
Thumb: 3.83644 97.8284 1090.02
Index: -46.274 80.1377 1027.86
Middle: -22.2197 18.5896 1099.31
Ring: 8.74011 19.7528 1093.6
Little: 42.523 72.7756 1070.86
Thumb: 4.02686 97.8812 1090.32
Index: -45.37 83.757 1025.46
Middle: -22.2418 18.7706 1101.56
Ring: 10.4495 19.8833 1093.94
Little: 43.274 72.7063 1072.72
Thumb: 4.08138 97.723 1090.87
Index: -43.1561 78.2564 1026.27
Middle: -20.3027 18.3796 1103.52
Ring: 8.15529 19.7824 1092.31
Little: 43.5597 72.7032 1074.78
Thumb: 4.91238 98.4419 1091.8
Index: -42.6912 82.3949 1026.08
Middle: -20.1322 19.2678 1105.9
Ring: 10.5448 20.5192 1095.54
Little: 44.5463 73.5726 1075.3
Thumb: 4.73316 98.0448 1092.22
Index: -42.7353 83.954 1026.67
Middle: -19.2257 18.6128 1106.2
Ring: 10.6599 20.1205 1096.55
Little: 44.6262 73.0345 1075.88
Thumb: 4.7676 98.1014 1092.43
Index: -42.9523 83.4037 1029.88
Middle: -18.2506 18.5102 1106.55
Ring: 11.9137 20.1642 1097.45
Little: 44.9358 73.0719 1076.32
Thumb: 4.75909 98.0079 1092.1
Index: -42.9313 84.0496 1029.57
Middle: -18.0126 18.2603 1105.53
Ring: 12.7821 20.0481 1096.86
Little: 44.9884 73.1427 1075.9
Thumb: 4.76127 97.9848 1092.13
Index: -42.971 83.2211 1029.57
Middle: -17.959 18.2296 1105.55
Ring: 12.81 20.0493 1097.26
Little: 45.0697 73.1317 1075.86
Thumb: 5.12751 98.0084 1091.89
Index: -42.2953 82.2303 1029.05
Middle: -15.482 17.887 1105.35
Ring: 15.2896 20.0942 1096.58
Little: 45.9001 73.344 1075.6
Thumb: 5.36225 98.3996 1091.77
Index: -42.5463 78.4345 1029.83
Middle: -15.2805 18.3448 1105.22
Ring: 15.2539 20.7736 1100.21
Little: 46.007 73.9348 1075.62
Thumb: 5.31649 100.04 1092.21
Index: -43.1129 74.9807 1033.58
Middle: -14.14 19.9222 1105.5
Ring: 14.7066 22.5039 1100.11
Little: 45.8009 76.4934 1076.87
Thumb: 6.47406 100.956 1092.19
Index: -42.2044 77.9308 1031.56
Middle: -14.7869 21.1986 1105.99
Ring: 16.2829 23.3783 1100.02
Little: 46.6165 77.0231 1076.5
Thumb: 7.25187 101.298 1092.98
Index: -39.1948 82.4768 1028.56
Middle: -11.8876 21.2098 1106.28
Ring: 16.8134 23.6101 1100.16
Little: 47.7285 77.5556 1077.9
Thumb: 8.27109 102.121 1092.56
Index: -38.9363 83.3797 1028.57
Middle: -11.6721 22.0129 1105.83
Ring: 16.8886 24.4129 1100.56
Little: 48.5945 77.6188 1077.55
Thumb: 10.1773 102.809 1092.19
Index: -35.4407 86.5199 1026.2
Middle: -9.05371 22.5458 1104.85
Ring: 18.441 25.0238 1099.51
Little: 50.9356 78.532 1078.1
Thumb: 14.2892 104.323 1091.05
Index: -33.5414 87.0118 1026.38
Middle: -5.166 23.8904 1103.08
Ring: 22.6405 26.6186 1098.24
Little: 54.521 81.002 1075
Thumb: 16.7475 103.974 1090.39
Index: -28.538 89.6936 1023.38
Middle: -1.62649 23.3328 1102.45
Ring: 24.9203 26.1286 1094.49
Little: 57.4975 81.969 1074.71
Thumb: 22.3478 106.098 1090.63
Index: -25.4865 81.1559 1027.48
Middle: 1.82995 24.6513 1096.9
Ring: 30.8648 28.5577 1091.26
Little: 63.1847 85.5134 1073.49
Thumb: 28.6709 109.923 1091.27
Index: -18.1351 85.5159 1027.93
Middle: 6.73308 28.4765 1092.08
Ring: 36.941 32.4166 1088.3
Little: 69.4322 90.17 1072.67
