Thumb: -71.4287 116.34 1080.64
Index: -70.1238 27.7648 1085.54
Middle: -106.92 41.838 1091.19
Ring: -130.136 64.8383 1080.73
Little: -151.389 110.071 1082.72
Thumb: -63.7853 116.35 1081.95
Index: -68.2143 31.2511 1088.06
Middle: -97.2758 40.3328 1084.79
Ring: -122.098 64.6915 1079.99
Little: -136.538 100.613 1080.44
Thumb: -65.1708 119.468 1082.14
Index: -69.5946 33.8259 1090.52
Middle: -100.232 42.3884 1080.02
Ring: -124.529 68.9081 1078.18
Little: -137.152 103.667 1080.24
Thumb: -66.8431 118.864 1082.93
Index: -74.1619 33.9177 1087.21
Middle: -104.08 43.3618 1080.14
Ring: -124.13 67.6149 1084.31
Little: -139.034 104.353 1080.78
Thumb: -71.2963 115.039 1083.9
Index: -77.4311 30.454 1088.8
Middle: -107.694 39.3922 1083.95
Ring: -128.868 63.147 1084.86
Little: -141.727 98.068 1085.31
Thumb: -73.4444 114.752 1084.59
Index: -82.1307 31.1941 1090.2
Middle: -110.107 39.4487 1088.49
Ring: -129.47 61.8925 1087.47
Little: -143.79 98.3566 1086.1
Thumb: -75.0435 114.818 1084.67
Index: -85.6209 33.1175 1089.64
Middle: -110.822 39.2163 1090.55
Ring: -128.742 60.2592 1090.66
Little: -143.487 96.2167 1086.39
Thumb: -77.408 113.045 1084.55
Index: -89.8333 34.0871 1095.91
Middle: -112.569 38.2718 1094.15
Ring: -128.136 58.1958 1094.82
Little: -143.27 93.7004 1089.95
Thumb: -78.065 113.676 1084.62
Index: -93.6558 38.583 1099.21
Middle: -115.215 41.6038 1097.29
Ring: -129.177 59.4694 1097.62
Little: -143.858 95.0537 1091.66
Thumb: -77.6614 113.587 1084.49
Index: -95.8161 40.1237 1097.73
Middle: -118.603 42.8259 1096.73
Ring: -128.694 61.6765 1101.25
Little: -143.356 95.4677 1092.57
Thumb: -79.034 112.579 1085.47
Index: -97.3207 41.6502 1101.1
Middle: -121.257 42.6826 1096.83
Ring: -127.958 60.3155 1105.09
Little: -144.071 94.2422 1095.56
Thumb: -78.7815 112.108 1086.21
Index: -96.6483 41.4047 1102.53
Middle: -120.85 42.6507 1099.22
Ring: -127.428 61.1605 1108.13
Little: -143.931 93.7762 1096.55
Thumb: -77.677 111.822 1086.41
Index: -94.7738 41.2138 1103.32
Middle: -120.26 41.1964 1097.11
Ring: -125.631 60.5456 1109.04
Little: -141.764 92.205 1097.49
Thumb: -75.0726 112.324 1085.07
Index: -89.7182 40.7405 1101.1
Middle: -114.124 40.959 1096.92
Ring: -119.488 59.4656 1107.69
Little: -135.901 90.0022 1096.87
Thumb: -71.2396 113.703 1085.54
Index: -82.2738 38.8507 1096.43
Middle: -107.31 39.1355 1094.87
Ring: -112.722 55.7585 1107.25
Little: -129.299 86.855 1099.75
Thumb: -67.0684 110.812 1084.15
Index: -74.1539 36.1444 1101.02
Middle: -101.907 37.3232 1099.87
Ring: -106.833 54.2228 1110.42
Little: -120.984 82.3112 1100.11
Thumb: -63.054 107.849 1083.01
Index: -66.6315 34.6074 1101.58
Middle: -93.6508 36.6048 1104.42
Ring: -100.27 51.7725 1111.02
Little: -112.962 79.8839 1103.79
Thumb: -57.107 106.489 1082.74
Index: -60.4162 32.1716 1099.39
Middle: -82.9493 34.8311 1105.43
Ring: -92.1633 49.4258 1110.38
Little: -106.241 75.9285 1101.94
Thumb: -51.6785 103.189 1082.59
Index: -48.8204 35.2824 1105.42
Middle: -74.5825 32.4527 1106.24
Ring: -83.9408 47.99 1111.88
Little: -100.403 70.0679 1100.9
Thumb: -44.0402 106.398 1082.63
Index: -38.6061 33.1183 1099.89
Middle: -62.9597 30.7034 1103.15
Ring: -76.8358 45.721 1105.71
Little: -89.7331 71.5702 1102.35
Thumb: -37.8019 101.544 1083.93
Index: -28.0595 33.8074 1105.18
Middle: -54.0442 24.5599 1103.98
Ring: -68.941 41.2669 1108.7
Little: -82.659 65.3123 1103.9
Thumb: -30.7711 100.936 1084.98
Index: -21.4285 32.9095 1103.73
Middle: -48.0352 24.6109 1104.83
Ring: -62.2491 38.5404 1106.93
Little: -76.4063 64.4769 1106.47
Thumb: -23.6806 99.6002 1085.91
Index: -15.4548 30.0874 1104.95
Middle: -42.7338 22.6195 1104.27
Ring: -53.925 38.3995 1108.08
Little: -70.3154 62.2608 1104.17
Thumb: -15.7144 98.4823 1086.64
Index: -10.9665 29.7445 1104.21
Middle: -37.69 22.8232 1105.17
Ring: -48.713 36.799 1106.72
Little: -64.2368 61.622 1100.08
Thumb: -9.37275 96.2735 1088.14
Index: -4.67602 25.5021 1103.47
Middle: -30.2814 20.9121 1106.22
Ring: -41.0104 33.7528 1108.05
Little: -57.4229 58.0725 1100.73
Thumb: -2.62165 92.5235 1087.41
Index: 3.38841 23.523 1105.11
Middle: -21.7209 16.3036 1103.98
Ring: -37.8576 29.375 1106.31
Little: -50.9116 55.2948 1104.84
Thumb: 3.11923 90.1893 1086.1
Index: 12.936 23.3857 1104.21
Middle: -16.2642 11.5447 1097.77
Ring: -30.5761 30.5796 1107.06
Little: -44.9751 54.2681 1104.07
Thumb: 7.9 89.9545 1088.46
Index: 22.8302 19.081 1104.44
Middle: -8.62987 10.1661 1097.94
Ring: -23.5166 28.5924 1108.57
Little: -39.6222 50.438 1106.15
Thumb: 15.8439 86.8582 1087.56
Index: 31.3042 15.8827 1104.33
Middle: -1.56849 8.64338 1099.4
Ring: -17.3535 28.7161 1108.21
Little: -36.2611 51.7169 1107.34
Thumb: 21.9475 86.4861 1087.46
Index: 40.2339 14.1403 1102.11
Middle: 4.57196 6.63807 1095.54
Ring: -11.1157 28.4854 1106.68
Little: -32.3592 47.0288 1104.21
Thumb: 27.5595 85.0408 1086.6
Index: 47.8292 12.8217 1101.92
Middle: 11.9585 4.46525 1092.83
Ring: -4.1254 26.33 1104.73
Little: -26.3307 46.4154 1106.1
Thumb: 31.9502 82.3706 1086.36
Index: 55.3508 9.74772 1100.53
Middle: 19.1313 1.57324 1094.14
Ring: 2.29518 21.8012 1105.44
Little: -18.5206 44.8539 1108.67
Thumb: 39.8083 80.2401 1085.81
Index: 60.3308 10.6865 1105.7
Middle: 23.6701 1.20651 1094.61
Ring: 8.23709 22.2229 1105.44
Little: -12.8974 47.2918 1107.13
Thumb: 45.7167 79.2804 1085.32
Index: 66.472 10.3624 1105.52
Middle: 28.65 1.13486 1095.14
Ring: 14.1941 22.2476 1103.57
Little: -9.44123 48.835 1105.78
Thumb: 51.3843 82.3512 1084.64
Index: 71.3251 10.7635 1100.58
Middle: 34.1684 1.79101 1087.02
Ring: 19.8608 25.0467 1100.87
Little: -4.2326 51.8648 1103.3
Thumb: 55.2693 83.644 1084.91
Index: 76.0171 10.0313 1099.73
Middle: 40.2371 1.92731 1084.35
Ring: 18.9229 19.1774 1095.57
Little: -3.55918 44.4655 1099.58
Thumb: 59.3399 84.0606 1085.14
Index: 82.4736 9.8522 1100.59
Middle: 47.3895 1.31687 1082.88
Ring: 21.2127 17.8062 1091.31
Little: -1.991 42.8235 1094.64
Thumb: 60.9635 84.6618 1085.69
Index: 86.0241 7.43077 1096.79
Middle: 51.9017 1.37664 1081.67
Ring: 23.3863 17.868 1091.63
Little: -0.529138 42.5757 1096.31
Thumb: 63.6731 85.1592 1085.69
Index: 88.8533 7.173 1096.88
Middle: 54.2639 1.77344 1082.3
Ring: 25.3105 18.2561 1090.19
Little: 2.57518 45.1422 1099.18
Thumb: 64.9449 84.6826 1086.17
Index: 89.8925 6.49926 1096.26
Middle: 56.3381 1.07788 1083.43
Ring: 24.583 17.7889 1088.92
Little: 5.5344 51.3006 1105.3
Thumb: 65.8644 84.009 1086.18
Index: 90.1004 5.78631 1095.81
Middle: 56.4153 0.59486 1083.35
Ring: 24.8838 17.9287 1090.47
Little: 7.6318 53.7548 1107.55
Thumb: 67.0584 83.4173 1086.43
Index: 89.2178 4.98418 1097.41
Middle: 55.9743 0.282976 1082.06
Ring: 23.0162 20.993 1095.43
Little: 8.306 58.9341 1108.16
Thumb: 66.3114 83.8717 1086.73
Index: 91.2191 20.2244 1111.42
Middle: 53.652 0.946695 1082.5
Ring: 20.3133 22.4185 1095.19
Little: 5.0751 56.4046 1108.01
Thumb: 65.8923 84.5718 1086.07
Index: 87.0859 18.8982 1111.24
Middle: 49.3526 2.70046 1083.5
Ring: 15.86 24.216 1090.21
Little: 3.15822 59.6985 1108.09
Thumb: 63.7106 85.067 1086.26
Index: 86.2125 29.7533 1118.18
Middle: 44.0356 3.68007 1084.64
Ring: 11.655 26.1072 1089.54
Little: -0.619173 63.0786 1108.02
Thumb: 62.132 85.9788 1086.19
Index: 80.0082 21.0889 1111.7
Middle: 40.1028 5.19824 1084.82
Ring: 7.72033 28.1724 1084.69
Little: -3.5902 64.7035 1107.67
Thumb: 58.4091 88.3749 1086.33
Index: 74.7907 21.3835 1108.99
Middle: 35.5679 7.83547 1085.34
Ring: 3.74227 30.7882 1084.58
Little: -2.96912 74.4553 1107.28
Thumb: 55.5524 90.9067 1085.95
Index: 71.3608 25.0199 1109.38
Middle: 31.3426 11.0623 1079.9
Ring: -0.356211 34.1865 1082.79
Little: -6.41584 75.4812 1105.54
Thumb: 51.1995 93.1209 1085.96
Index: 86.4317 69.4109 1154.02
Middle: 24.4696 13.9933 1079.91
Ring: -5.23478 37.46 1082.98
Little: -18.3463 70.625 1097.54
Thumb: 48.337 94.7384 1086.15
Index: 80.4666 70.6054 1155.95
Middle: 18.341 17.0299 1080.38
Ring: -8.63799 39.8504 1079.9
Little: -22.9198 72.0504 1092.66
Thumb: 42.4336 95.8447 1087.23
Index: 70.8229 69.6325 1159
Middle: 10.4648 19.3988 1079.64
Ring: -14.8121 41.3037 1081.25
Little: -29.0525 74.1547 1094.23
Thumb: 35.9504 96.2515 1086.95
Index: 65.6612 73.9946 1159.16
Middle: 4.84253 19.3838 1080.21
Ring: -20.9205 41.2906 1081.31
Little: -35.5242 74.1702 1093.44
Thumb: 33.048 101.032 1088.63
Index: 68.9298 91.9473 1148.12
Middle: 1.65978 24.526 1079.04
Ring: -22.2615 45.1242 1081.38
Little: -37.6754 78.791 1092.01
Thumb: 26.795 102.049 1089.24
Index: 60.6481 89.4859 1158.5
Middle: -4.97905 25.269 1080.34
Ring: -29.5026 47.255 1081.88
Little: -44.5266 80.885 1091.66
Thumb: 22.7706 103.607 1092.4
Index: 57.1362 93.3189 1164.06
Middle: -11.4427 28.1194 1084.04
Ring: -33.9351 49.1985 1085.34
Little: -48.8114 83.7072 1094.13
Thumb: 14.7602 99.7786 1095.3
Index: 51.1651 88.6248 1170.32
Middle: -20.0308 24.1985 1088.43
Ring: -42.7959 45.9915 1090.7
Little: -54.2683 84.2917 1108.15
Thumb: 8.97392 102.872 1097.17
Index: 46.3087 94.2837 1172.79
Middle: -23.6593 25.6871 1093.22
Ring: -46.9614 47.7482 1093.16
Little: -62.1423 82.6465 1104.51
Thumb: 0.370022 100.124 1099.29
Index: 32.5926 82.627 1175.67
Middle: -28.9781 21.1868 1095.73
Ring: -54.5703 44.1143 1096.77
Little: -66.1449 83.8167 1114.4
Thumb: -3.78789 104.187 1100.68
Index: 16.9739 75.7952 1175.88
Middle: -29.3246 23.1886 1096.58
Ring: -58.3122 48.4049 1093.64
Little: -72.7925 85.2161 1108.06
Thumb: -10.5727 105.833 1098.91
Index: -13.0032 30.4656 1135.99
Middle: -31.4166 22.9636 1101.19
Ring: -61.3399 47.5753 1087.79
Little: -77.5106 85.197 1094.1
Thumb: -7.99445 106.434 1097.72
Index: -28.2857 38.5036 1103
Middle: -51.2421 58.8882 1096.69
Ring: -52.6529 48.7626 1068.73
Little: -64.4349 84.3188 1061.85
Thumb: -5.12495 101.235 1105.75
Index: -51.7061 49.4291 1137.83
Middle: -37.3792 27.3592 1092.68
Ring: -33.8555 32.1988 1102.85
Little: -36.8575 59.6427 1070.97
Thumb: -12.0203 91.1983 1110.48
Index: -55.9434 38.0855 1128.48
Middle: -50.3336 16.7257 1115.85
Ring: -45.0883 24.0185 1110.54
Little: -43.1479 49.6112 1075.68
Thumb: -15.5104 93.8753 1113.31
Index: -62.2538 37.1991 1151.79
Middle: -55.0638 20.0319 1119.18
Ring: -49.1701 26.6321 1111.57
Little: -43.1849 48.3135 1076.72
Thumb: -17.5289 98.245 1116.21
Index: -64.2819 42.0221 1153.47
Middle: -58.6908 25.4924 1121.12
Ring: -49.1548 29.7312 1113.6
Little: -46.0337 53.204 1079.01
Thumb: -20.3207 99.8622 1115.84
Index: -71.8877 48.1859 1153.21
Middle: -62.4271 27.6322 1120.79
Ring: -53.8568 32.1474 1112.2
Little: -48.3466 54.432 1078.14
Thumb: -21.6458 103.33 1117.55
Index: -75.402 54.5482 1151.77
Middle: -60.6012 29.741 1118.11
Ring: -53.7695 34.9313 1113.56
Little: -46.6113 56.7132 1081.85
Thumb: -24.755 103.362 1116
Index: -84.6752 63.7052 1149.05
Middle: -64.3123 29.8202 1117.57
Ring: -59.8404 36.4589 1110.74
Little: -49.8891 57.6004 1083.42
Thumb: -23.1227 107.135 1118.44
Index: -88.4155 76.9298 1142.49
Middle: -62.7261 35.355 1112.04
Ring: -52.5677 39.5587 1089.48
Little: -57.6714 78.2499 1091.42
Thumb: -23.2402 110.022 1121.41
Index: -91.5376 86.0573 1138.55
Middle: -67.2716 41.3181 1113.79
Ring: -50.8178 40.9906 1094.31
Little: -55.5669 78.0508 1093.86
Thumb: -23.3247 111.221 1122.97
Index: -92.2457 87.4099 1138.28
Middle: -69.5806 44.4107 1113.64
Ring: -52.1703 43.1768 1095.69
Little: -55.3886 83.1749 1093.19
Thumb: -22.8639 111.472 1122.81
Index: -94.6943 94.3847 1139.91
Middle: -72.4772 47.3138 1112.09
Ring: -50.2237 42.5852 1095.31
Little: -53.8407 88.5394 1090.63
Thumb: -24.6487 109.127 1122.64
Index: -97.9778 94.0716 1139.97
Middle: -75.2974 46.2313 1110.1
Ring: -47.0519 38.4021 1094.53
Little: -52.2747 85.7326 1089.83
Thumb: -24.7075 109.287 1124.1
Index: -71.4177 155.285 1165.28
Middle: -79.1751 49.4406 1111.16
Ring: -46.6367 38.6309 1095.44
Little: -50.3629 87.9761 1089.69
Thumb: -27.0683 109.253 1125.4
Index: -60.8196 146.917 1169.75
Middle: -78.9469 47.688 1111.47
Ring: -47.8636 38.2647 1096.55
Little: -52.4659 86.4106 1091.47
Thumb: -27.6953 108.89 1125.95
Index: -59.7287 147.332 1171.37
Middle: -80.0546 47.8168 1112.06
Ring: -48.4593 37.7985 1097.36
Little: -53.5462 86.3314 1092.51
Thumb: -27.7753 109.161 1127.42
Index: -61.1954 146.415 1171.49
Middle: -81.3027 48.3242 1115.1
Ring: -50.6216 38.5061 1099.96
Little: -53.3539 87.0862 1093.04
Thumb: -27.9742 109.539 1127.26
Index: -69.2811 150.212 1169.87
Middle: -81.8199 48.93 1115.22
Ring: -51.1075 38.1163 1103.6
Little: -54.1534 85.8823 1093.79
Thumb: -29.4597 114.28 1127.44
Index: -75.9535 149.835 1173.28
Middle: -81.6384 55.1101 1109.18
Ring: -49.0801 42.3796 1102.31
Little: -55.5707 94.0074 1093.32
Thumb: -30.847 113.097 1128.14
Index: -75.8984 151.61 1172.97
Middle: -85.2285 55.6849 1109.88
Ring: -52.6562 41.9134 1102.77
Little: -60.0886 87.6665 1096.01
Thumb: -32.5096 110.266 1125.43
Index: -65.0515 147.285 1175.45
Middle: -87.8891 54.4901 1106.57
Ring: -54.8399 39.1098 1100.86
Little: -61.0797 89.5758 1092.23
Thumb: -38.5978 112.429 1121.46
Index: -78.0294 146.875 1168.24
Middle: -86.5565 50.6946 1100.91
Ring: -51.7938 38.7643 1097.7
Little: -62.6765 88.0744 1087.2
Thumb: -37.7807 115.8 1119.82
Index: -81.6412 152.207 1166.72
Middle: -84.3041 52.9541 1099.35
Ring: -49.2716 41.8246 1096.14
Little: -61.2939 90.8606 1085.59
Thumb: -36.7011 112.277 1115.89
Index: -78.9869 150.848 1162.57
Middle: -86.5059 52.1998 1094.83
Ring: -52.1295 39.1131 1091.93
Little: -61.2605 88.7695 1081.38
Thumb: -35.9654 113.501 1114.36
Index: -73.2374 150.834 1161.91
Middle: -84.9674 53.2013 1092.41
Ring: -50.5964 40.2218 1090.25
Little: -56.7026 92.8614 1078.57
Thumb: -35.9654 113.501 1114.36
Index: -73.2374 150.834 1161.91
Middle: -84.9674 53.2013 1092.41
Ring: -50.5964 40.2218 1090.25
Little: -62.208 86.0313 1081.28
Thumb: -35.9654 113.501 1114.36
Index: -73.2374 150.834 1161.91
Middle: -84.9674 53.2013 1092.41
Ring: -49.9022 40.8466 1086.62
Little: -68.4551 92.3416 1078
Thumb: -34.8089 114.738 1112.9
Index: -73.3799 152.584 1158.98
Middle: -83.4212 54.5675 1089.76
Ring: -48.2589 41.983 1085.19
Little: -67.503 88.2618 1077.94
Thumb: -32.789 116.18 1113
Index: -71.1063 151.67 1160.97
Middle: -79.8517 54.1237 1091.71
Ring: -44.4463 43.0912 1085.35
Little: -67.0317 89.9452 1078.73
Thumb: -32.4802 116.664 1112.77
Index: -71.0726 151.946 1160.66
Middle: -78.8108 53.9603 1091.66
Ring: -43.2273 43.3982 1085.22
Little: -66.3351 89.9772 1078.46
Thumb: -29.3536 118.89 1112.53
Index: -68.2949 154.873 1160.32
Middle: -75.6625 56.1881 1091.37
Ring: -41.2536 45.789 1085.02
Little: -63.6922 92.7024 1078.32
Thumb: -27.4467 118.462 1114.18
Index: -66.2724 153.452 1162.33
Middle: -73.4825 55.4108 1093.49
Ring: -38.149 44.6607 1088.98
Little: -61.2521 90.0364 1080.88
Thumb: -27.0683 117.66 1115.62
Index: -72.7837 151.354 1163.42
Middle: -70.4633 52.4274 1095.93
Ring: -34.4299 43.7859 1088.59
Little: -60.0216 87.5946 1082.91
Thumb: -25.9871 114.938 1118.62
Index: -72.8648 146.839 1166.4
Middle: -71.875 51.0741 1099.58
Ring: -30.9023 40.775 1091.72
Little: -58.9657 93.0809 1082
Thumb: -24.7742 129.651 1102.04
Index: -41.5541 146.992 1179.95
Middle: -66.6972 60.0943 1100.88
Ring: -29.2792 59.3929 1070.66
Little: -68.4839 111.93 1076.31
Thumb: -27.2637 128.493 1104.02
Index: -48.058 96.0757 1146.22
Middle: -58.4068 52.0668 1104.9
Ring: -15.873 55.2525 1103.59
Little: -70.8974 126.414 1073.7
Thumb: -22.9872 125.341 1106.7
Index: -41.9896 99.2237 1151.09
Middle: -53.7226 48.8797 1106.1
Ring: -12.3822 51.8048 1104.49
Little: -69.5116 116.676 1079.66
Thumb: -9.66134 123.409 1108.15
Index: -5.13292 137.224 1168.9
Middle: -52.7879 55.2372 1111.28
Ring: -8.99764 49.0292 1106.53
Little: -66.4803 116.712 1098.55
Thumb: -4.83192 117.997 1106.57
Index: -16.6443 126.585 1184.35
Middle: -46.9567 49.2893 1111.45
Ring: -2.31916 44.0546 1105.8
Little: -63.307 112.838 1102.04
Thumb: 0.225323 95.4324 1107.99
Index: 24.6073 92.2648 1183.15
Middle: -44.5054 31.7556 1114.03
Ring: 12.5029 26.251 1112.11
Little: -50.1317 113.499 1131.05
Thumb: -10.4999 102.65 1110.62
Index: 47.7029 112.617 1169.46
Middle: -27.8142 55.4008 1153.58
Ring: -14.1777 106.808 1183.63
Little: -62.911 62.219 1127.01
Thumb: -4.72141 103.55 1110.4
Index: 52.8659 120.018 1161.42
Middle: -28.3412 40.4417 1139.38
Ring: -9.49086 103.407 1184.08
Little: -55.6405 57.6833 1121.13
Thumb: 1.56106 103.48 1110.53
Index: 59.1863 123.064 1159.5
Middle: -17.5662 32.0844 1133.59
Ring: -2.05357 101.677 1179.18
Little: -51.119 54.2897 1122.32
Thumb: 9.61489 99.3446 1109.63
Index: 67.0426 120.878 1152.86
Middle: -8.29434 28.166 1133.82
Ring: 5.41406 90.5827 1179.72
Little: -42.3838 49.4219 1122.52
Thumb: 16.6792 98.8273 1109.68
Index: 72.9061 120.947 1159.7
Middle: -3.2001 27.2447 1132.32
Ring: 7.30009 80.2867 1182.62
Little: -36.2267 49.3496 1120.42
Thumb: 21.6367 99.4365 1108.99
Index: 72.0899 110.19 1177.33
Middle: 7.02948 26.3619 1131.01
Ring: 16.1505 101.662 1163.8
Little: -28.2717 46.3822 1119.85
Thumb: 27.9662 99.6931 1107.88
Index: 78.2009 108.524 1176.22
Middle: 13.1988 27.5703 1130.82
Ring: 23.0693 103.563 1162.21
Little: -21.7913 46.8722 1120.11
Thumb: 32.242 98.2392 1107.01
Index: 49.7388 30.4795 1113.52
Middle: 17.9725 19.4294 1117.21
Ring: 27.0844 105.414 1140.16
Little: -13.6837 43.8412 1120.1
Thumb: 39.3446 103.092 1106.81
Index: 60.839 39.2999 1120.85
Middle: 25.3136 23.9161 1114.37
Ring: 33.1163 111.357 1139.57
Little: -6.50663 48.1457 1116.86
Thumb: 43.1807 100.897 1108.56
Index: 66.1429 36.8959 1121.07
Middle: 31.2884 21.3781 1116.59
Ring: 38.0213 109.372 1142.4
Little: -0.824772 45.0037 1120.14
Thumb: 51.0495 98.9388 1108.55
Index: 70.7379 35.4126 1122.3
Middle: 36.1186 20.2473 1117.55
Ring: 47.5022 101.825 1163.48
Little: 5.87014 44.0347 1120.34
Thumb: 56.7291 99.0299 1108.41
Index: 77.2489 35.7056 1123.25
Middle: 42.031 20.3713 1118.04
Ring: 53.1672 102.916 1164.96
Little: 9.52924 44.0043 1119.62
Thumb: 59.9158 103.406 1109.44
Index: 79.2168 38.4477 1121.74
Middle: 45.8338 24.5077 1118.1
Ring: 55.2032 106.177 1164.38
Little: 13.009 47.887 1119.37
Thumb: 61.2037 104.354 1110.94
Index: 77.5847 37.6122 1119.86
Middle: 46.5635 24.903 1118.6
Ring: 61.2074 106.013 1166.14
Little: 17.9172 51.0811 1122.47
Thumb: 59.427 104.775 1114.06
Index: 76.1582 38.4879 1121.96
Middle: 45.3139 25.5196 1124.23
Ring: 68.2595 108.66 1168.44
Little: 18.5331 51.9594 1132.37
Thumb: 59.3059 104.918 1115.28
Index: 71.4618 36.2119 1118.1
Middle: 42.7439 26.7233 1128.33
Ring: 70.2108 109.919 1169.18
Little: 14.871 53.8716 1137.58
Thumb: 63.6579 103.383 1122.23
Index: 119.453 70.7094 1163.66
Middle: 41.043 28.0645 1141.35
Ring: 83.6615 102.501 1174.05
Little: 17.5856 58.6622 1155.54
Thumb: 63.6501 103.385 1122.23
Index: 119.649 70.9947 1163.57
Middle: 57.0967 40.972 1153.57
Ring: 85.6648 101.35 1177.88
Little: 16.0933 59.1954 1156.51
Thumb: 70.2445 112.635 1121.69
Index: 132.442 80.1657 1153.14
Middle: 69.8067 48.3981 1150.53
Ring: 72.1747 71.0591 1167.2
Little: 27.4131 65.3523 1161.35
Thumb: 70.3134 112.469 1123.78
Index: 132.287 78.9829 1154.4
Middle: 69.1672 49.6342 1154.76
Ring: 70.4696 63.5443 1171.73
Little: 28.442 65.8116 1165.48
Thumb: 73.2907 113.4 1123.41
Index: 137.246 80.7581 1150.22
Middle: 85.6877 56.3525 1158.24
Ring: 71.5694 60.2906 1173.01
Little: 35.8008 65.8377 1168.14
Thumb: 75.6886 113.632 1123.03
Index: 142.236 83.4136 1147.81
Middle: 129.162 100.817 1166.79
Ring: 113.906 103.675 1181.28
Little: 40.8927 66.0721 1170.3
Thumb: 82.5587 111.016 1121.18
Index: 146.799 100.986 1113.98
Middle: 153.104 102.369 1153.1
Ring: 138.129 98.5472 1171.07
Little: 55.4492 64.1701 1173.8
Thumb: 82.9509 113.685 1122.81
Index: 147.346 104.891 1113.99
Middle: 154.51 106.617 1152.62
Ring: 140.491 102.423 1170.63
Little: 59.4305 65.713 1175.21
Thumb: 82.2846 113.363 1123.53
Index: 149.278 100.887 1110.73
Middle: 152.09 101.613 1145.23
Ring: 142.491 95.5931 1166.78
Little: 60.4275 64.4797 1176.76
Thumb: 79.129 114.748 1127.47
Index: 143.427 98.7684 1110.59
Middle: 148.622 101.047 1143.99
Ring: 140.323 93.0123 1167.66
Little: 60.9358 66.4473 1180.95
Thumb: 78.9551 114.368 1127.23
Index: 142.956 98.4587 1108.7
Middle: 147.5 100.507 1141.65
Ring: 140.143 90.8482 1166.59
Little: 60.8271 65.5589 1178.49
Thumb: 78.3238 114.436 1127.53
Index: 141.841 98.4811 1108.76
Middle: 146.217 100.393 1141.93
Ring: 138.357 87.6164 1168.85
Little: 66.1325 65.7173 1176.02
Thumb: 76.78 114.547 1127.84
Index: 139.773 92.7727 1108.16
Middle: 143.727 94.3897 1140.76
Ring: 56.4067 47.4483 1165.97
Little: 113.795 108.143 1182.68
Thumb: 76.0966 115.145 1131.1
Index: 139.141 91.6335 1112.14
Middle: 143.076 94.2655 1144.06
Ring: 57.2954 48.6178 1170.83
Little: 112.815 104.619 1185.87
Thumb: 75.1971 114.454 1131.09
Index: 138.272 90.1986 1111.81
Middle: 141.07 92.554 1143.61
Ring: 57.0494 41.4451 1145.73
Little: 111.496 105.647 1186.78
Thumb: 70.0921 115.162 1132.86
Index: 133.032 86.2463 1119.02
Middle: 135.232 88.1692 1152.28
Ring: 51.7864 42.4262 1141.01
Little: 103.854 105.022 1191.45
Thumb: 69.9604 115.235 1132.85
Index: 132.683 86.2938 1118.94
Middle: 134.788 88.0268 1152.25
Ring: 51.7095 42.465 1142.84
Little: 104.107 105.237 1190.85
Thumb: 70.0894 115.173 1132.88
Index: 133.563 83.5448 1120.43
Middle: 135.72 84.3839 1154.15
Ring: 50.9019 42.6282 1144.34
Little: 104.918 106.112 1190.73
Thumb: 67.1843 113.702 1133.25
Index: 61.6205 44.5828 1128.58
Middle: 59.9897 45.7384 1161.37
Ring: 45.9429 41.8487 1144.45
Little: 99.6813 106.9 1192.93
Thumb: 65.1522 110.346 1134.74
Index: 59.1291 41.6443 1132.53
Middle: 61.1559 44.1479 1164.97
Ring: 42.0561 39.225 1147.1
Little: 95.5997 108.635 1195.9
Thumb: 62.7021 110.476 1137.56
Index: 48.1165 41.8693 1133.38
Middle: 47.5128 39.0509 1166.71
Ring: 37.4941 40.1089 1149.52
Little: 94.0635 115.87 1198.07
Thumb: 61.8985 109.671 1138.8
Index: 47.4903 41.4124 1135.47
Middle: 40.2539 37.2255 1165.02
Ring: 38.1787 38.8492 1148.5
Little: 93.179 113.826 1199.86
Thumb: 61.7506 109.867 1138.77
Index: 47.1014 41.8711 1135.89
Middle: 40.293 39.1884 1167.92
Ring: 37.9528 39.0949 1148.64
Little: 92.9996 112.342 1200
Thumb: 56.2135 107.773 1141.42
Index: 42.861 39.3561 1139.44
Middle: 38.4834 37.9384 1169.48
Ring: 33.1224 36.8538 1151.9
Little: 83.4034 110.807 1205.03
Thumb: 56.837 107.729 1141.04
Index: 43.5501 39.3294 1138.71
Middle: 38.7978 36.1862 1169.32
Ring: 32.0395 37.4555 1156.65
Little: 82.7606 108.891 1203.59
Thumb: 54.7602 106.889 1142.25
Index: 45.6265 37.8006 1141.67
Middle: 51.6351 40.1342 1167.94
Ring: 51.71 51.1767 1166.66
Little: 75.6147 108.568 1205.25
Thumb: 52.7698 105.011 1142.96
Index: 51.3174 36.6847 1146.21
Middle: 52.4994 39.3144 1169.91
Ring: 52.2955 49.046 1166.29
Little: 73.3442 106.432 1206.29
Thumb: 52.3578 106.232 1140.58
Index: 45.0734 36.6089 1140.34
Middle: 49.9674 45.1766 1173.56
Ring: 38.6891 54.5249 1185.61
Little: 75.8729 108.402 1203.99
Thumb: 33.9167 110.619 1134.2
Index: 24.6879 46.0396 1144.32
Middle: 21.2294 51.021 1166.23
Ring: 4.65684 54.7287 1170
Little: 49.2562 105.563 1200.36
Thumb: 44.7154 109.038 1144.26
Index: 19.7223 42.8546 1127.76
Middle: 54.3602 52.1422 1168.79
Ring: 20.1992 42.3307 1150.9
Little: 77.3225 117.955 1210.38
Thumb: 41.0118 120.263 1133.76
Index: 36.2073 51.9463 1144.84
Middle: 35.4902 65.0104 1172.94
Ring: 34.371 63.1225 1176.8
Little: 54.3074 127.259 1199.46
Thumb: 26.3883 101.209 1127.01
Index: 11.8513 32.7259 1127.14
Middle: 16.4272 33.1227 1146.86
Ring: 15.855 36.4405 1167.42
Little: 22.0213 131.76 1178.58
Thumb: 24.0688 99.8963 1125.64
Index: 9.12017 31.2489 1124.98
Middle: 11.4269 37.7233 1150.35
Ring: 42.8527 75.4529 1173.17
Little: 17.5913 128.949 1176.62
Thumb: 20.4874 100.302 1123.35
Index: 2.48318 32.7368 1123.23
Middle: 5.76603 38.9144 1148.41
Ring: 45.0431 90.8498 1166.54
Little: 14.3097 130.294 1173.65
Thumb: 18.9871 101.943 1121.7
Index: 0.8705 34.6723 1123.64
Middle: 2.73656 41.5493 1148.77
Ring: 40.8415 94.379 1166.58
Little: 23.6576 128.568 1182.97
Thumb: 14.9909 105.745 1121.87
Index: -4.92729 39.1278 1127.6
Middle: -1.71147 46.8564 1155.79
Ring: 37.1701 97.9664 1168.53
Little: 20.4594 137.637 1178.47
Thumb: 14.4215 105.25 1121.94
Index: -6.18584 39.0427 1130.28
Middle: -9.33475 45.9198 1160.52
Ring: 41.3387 97.2837 1169.45
Little: 23.0416 140.595 1172.24
Thumb: 11.0241 106.489 1120.42
Index: 4.48218 44.5327 1134.2
Middle: -17.1908 52.1846 1161.98
Ring: 29.1632 73.3571 1184.19
Little: 23.9156 139.289 1174.61
Thumb: 10.826 106.611 1120.42
Index: 4.18947 44.4667 1133.98
Middle: -17.4434 52.3379 1161.98
Ring: 34.988 80.0284 1181.17
Little: 21.3329 142.294 1170.88
Thumb: 6.06332 108.827 1121.26
Index: -5.33441 46.6282 1133.77
Middle: -25.0859 55.3385 1161.78
Ring: 30.6158 77.4063 1178.83
Little: 15.3987 144.053 1165.61
Thumb: 5.35324 108.812 1119.6
Index: -6.14072 46.9709 1132.08
Middle: -24.1391 56.6342 1159.53
Ring: 28.3943 77.6928 1177.63
Little: 15.4727 142.921 1161.42
Thumb: 3.84191 108.734 1118.98
Index: -8.27953 46.4588 1133.29
Middle: -24.9137 57.2069 1160.26
Ring: 18.0513 108.331 1145.96
Little: 7.15343 144.863 1156.16
Thumb: 2.37024 110.02 1117.5
Index: -10.915 47.961 1133.02
Middle: -27.5163 59.9896 1159.83
Ring: 16.4453 110.012 1144.55
Little: 6.19348 146.982 1153.8
Thumb: -0.0682144 108.357 1116.58
Index: -13.0902 45.9924 1130.29
Middle: -30.5436 56.3298 1157.65
Ring: 14.3891 107.385 1143.38
Little: 5.28881 142.975 1153.09
Thumb: -0.458906 108.51 1116.57
Index: -13.6364 46.3369 1130.32
Middle: -31.0001 56.4658 1157.57
Ring: 14.0003 107.48 1143.36
Little: 11.5137 143.266 1156.09
Thumb: -3.06518 110.424 1115.53
Index: -15.5703 48.1452 1132.27
Middle: -34.522 59.6759 1157.44
Ring: 12.5582 109.207 1145.21
Little: 15.9083 135.942 1171.15
Thumb: -3.04814 110.488 1115.48
Index: -15.7934 48.3064 1132.33
Middle: -34.8045 59.9143 1157.37
Ring: 13.5196 108.831 1146.56
Little: 1.9981 143.79 1148.69
Thumb: -3.02905 110.25 1115.45
Index: -16.1418 48.0486 1131.76
Middle: -34.6337 59.4812 1157.22
Ring: 15.8964 97.7503 1164.97
Little: 2.33944 144.695 1149.7
Thumb: -3.53667 105.233 1116.17
Index: -7.6572 41.1951 1131.84
Middle: -27.4925 50.4611 1157.96
Ring: 19.5963 92.6034 1166.29
Little: 2.79676 139.516 1150.97
Thumb: -1.84881 104.782 1116.23
Index: -8.47246 40.1928 1128.31
Middle: -12.7828 52.2876 1158.93
Ring: 24.3589 91.2321 1165.67
Little: 4.4025 137.849 1151.56
Thumb: -0.278408 102.595 1112.28
Index: 1.68098 37.4571 1118.32
Middle: -6.5381 45.0103 1149.21
Ring: -18.8991 50.207 1165.46
Little: -5.28475 126.372 1149.92
Thumb: 0.825944 100.062 1112.12
Index: 7.97787 38.0292 1118.23
Middle: 4.84645 49.8304 1148.04
Ring: -5.52181 47.943 1163.35
Little: -1.91432 128.003 1149.12
Thumb: 0.893023 100.055 1112.13
Index: 7.9138 38.3439 1118.25
Middle: -0.872835 47.1887 1146.55
Ring: -4.70134 48.252 1163.72
Little: -1.92613 127.689 1149.08
Thumb: 0.853596 99.978 1112.24
Index: 7.16291 37.7184 1118.73
Middle: -1.73161 46.409 1146.15
Ring: -4.13737 48.6223 1164.17
Little: 0.49679 130.193 1148.93
Thumb: 2.11366 100.356 1111.04
Index: 10.0994 37.8918 1116.73
Middle: 0.751436 46.447 1144.86
Ring: 0.648499 48.0441 1162.4
Little: -8.50697 126.134 1151.85
Thumb: 2.2319 100.426 1111.13
Index: 6.64416 35.0984 1116.78
Middle: 1.20564 46.663 1145.22
Ring: -0.193015 47.8466 1162.2
Little: -7.58649 131.836 1155.63
Thumb: 2.26877 100.328 1110.93
Index: -7.04313 30.932 1111.17
Middle: 2.0593 46.4275 1145.72
Ring: 0.300371 47.4055 1162.6
Little: -11.1508 126.392 1155.16
Thumb: 2.22764 100.579 1111.22
Index: -8.28612 31.6439 1113.26
Middle: -6.45596 45.032 1145.95
Ring: -5.2104 47.0396 1164.25
Little: -12.3389 128.145 1153.06
Thumb: 8.73459 101.604 1111.79
Index: 1.099 32.2424 1112.59
Middle: 0.316027 40.4807 1146.51
Ring: -20.491 41.3493 1152.13
Little: -6.78984 127.284 1154.02
Thumb: 12.9727 101.575 1111.96
Index: 4.55981 32.0779 1112.24
Middle: 3.47578 40.975 1146.37
Ring: -11.9999 48.007 1156.9
Little: 3.77573 79.145 1157.38
Thumb: 13.6683 102.841 1115.22
Index: 8.04416 32.985 1116.59
Middle: 5.91968 35.9932 1159.11
Ring: 10.0017 31.1546 1125.33
Little: -0.599491 97.1866 1158.52
Thumb: 12.7753 100.377 1116.82
Index: 8.33481 30.7319 1118.97
Middle: 2.77252 34.348 1161.25
Ring: 12.6912 31.5935 1131.26
Little: -0.124846 88.2115 1165.07
Thumb: 11.3558 101.304 1118.9
Index: 12.0119 32.3952 1128.37
Middle: 12.3315 45.0413 1170.83
Ring: 10.8529 32.8867 1135.89
Little: -6.18435 85.1935 1166.82
Thumb: 10.5923 103.796 1120.91
Index: 11.2216 35.8064 1134.04
Middle: 1.1025 46.29 1172.18
Ring: 6.79007 35.5706 1139.05
Little: -11.5137 92.8616 1165.77
Thumb: 10.9396 100.959 1123.48
Index: 15.6344 34.8828 1142.42
Middle: 49.2793 98.6936 1194.75
Ring: 7.10129 35.3248 1145.63
Little: -14.1733 90.0268 1168.36
Thumb: 7.28217 105.586 1125.7
Index: 26.4258 53.4958 1152.19
Middle: 46.1189 99.4695 1199.5
Ring: 5.82448 39.8781 1146.45
Little: -18.3599 86.1419 1166.18
Thumb: 6.85303 103.464 1127.15
Index: 22.8433 45.7785 1156.31
Middle: 43.32 99.681 1202.07
Ring: -2.97043 30.635 1137.78
Little: -21.7169 83.7304 1166.76
Thumb: 8.1344 101.71 1126.2
Index: 20.9792 42.7751 1151.92
Middle: 40.8383 102.832 1199.84
Ring: -2.60453 32.9766 1143.97
Little: -24.8993 87.1062 1163.65
Thumb: 8.0293 99.9915 1125.11
Index: 23.5059 44.3188 1153.62
Middle: 35.555 88.8612 1204.03
Ring: -7.25829 26.9165 1129.57
Little: -29.3115 72.6665 1151.59
Thumb: 8.04232 98.4753 1121.94
Index: 22.1903 40.2869 1145.8
Middle: 37.653 99.5698 1199.63
Ring: -9.63979 25.2846 1121.07
Little: -32.3935 66.9687 1144.03
Thumb: 8.34793 97.665 1119.08
Index: 21.5672 39.8295 1142.07
Middle: 38.1819 91.6511 1197.35
Ring: -9.71401 24.6692 1115.08
Little: -32.7299 65.4167 1137.93
Thumb: 7.89388 94.3372 1115.43
Index: 20.9393 34.3769 1136.46
Middle: 37.1723 89.0765 1193.67
Ring: -6.3437 28.8433 1125.97
Little: -32.4847 60.7013 1132.15
Thumb: 7.5623 92.5856 1112.01
Index: 22.7816 36.8418 1130.45
Middle: 35.2651 95.6328 1181.76
Ring: -9.31321 27.0261 1117.76
Little: -40.63 48.6064 1111.75
Thumb: 6.59111 89.0153 1108.19
Index: 20.2968 29.5805 1120.74
Middle: 33.2404 88.5315 1179.36
Ring: -9.94339 26.1416 1111.01
Little: -42.1036 46.2337 1102.42
Thumb: 6.77701 90.4085 1105.41
Index: 22.244 33.8338 1117.44
Middle: 35.1412 84.7325 1178.79
Ring: -10.3781 27.499 1104.48
Little: -42.4301 48.5173 1097.43
Thumb: 6.72862 91.6077 1103.67
Index: 21.6137 34.2927 1113.78
Middle: 35.8767 83.8579 1177.4
Ring: -10.9847 27.4998 1099.85
Little: -42.6144 50.0844 1094.84
Thumb: 5.75601 92.1451 1102.97
Index: 21.2337 35.5039 1113.8
Middle: 32.2214 87.4167 1175.93
Ring: -12.3166 28.2278 1099.21
Little: -43.4432 50.9069 1093.87
Thumb: 5.88389 93.02 1101
Index: 23.3586 39.7775 1110.81
Middle: 30.0646 91.1091 1172.01
Ring: -13.0847 29.3108 1095.88
Little: -43.2685 52.3291 1090.37
Thumb: 5.34887 93.498 1099.91
Index: 20.5521 39.1546 1106.09
Middle: 29.1047 87.3786 1172.66
Ring: -13.5002 29.914 1094.11
Little: -44.029 53.1624 1088.75
Thumb: 3.79436 92.9231 1097.9
Index: 21.3506 37.9487 1100.85
Middle: 40.9129 81.2454 1166.56
Ring: -17.2346 24.3419 1074.72
Little: -44.822 50.6385 1089.67
Thumb: 1.14171 94.5883 1096.89
Index: 20.6719 42.7363 1099.46
Middle: 41.9059 86.3322 1163.28
Ring: -15.1874 25.656 1073.8
Little: -42.3 51.0691 1096.11
Thumb: -0.59448 93.4123 1095.23
Index: 20.4122 44.8012 1097.64
Middle: 38.2223 91.8061 1158.86
Ring: -16.6033 24.4677 1072.06
Little: -40.094 56.9821 1106
Thumb: -2.26535 92.4013 1091.87
Index: 17.0592 39.9842 1096.95
Middle: 35.0884 90.9935 1157.42
Ring: -18.3167 23.3924 1068.64
Little: -42.057 56.733 1102.72
Thumb: -4.36076 92.347 1090.51
Index: 15.0535 39.1842 1092.86
Middle: 31.002 95.9227 1151.91
Ring: -18.4495 22.8946 1067.35
Little: -42.0651 55.466 1102.7
Thumb: -6.56978 92.2316 1089.62
Index: 5.01994 32.5698 1086.35
Middle: 26.2355 98.0373 1153.53
Ring: -19.2952 22.783 1066.26
Little: -43.0988 55.4742 1102.63
Thumb: -7.45473 92.947 1088.93
Index: 3.77569 32.7811 1083.82
Middle: 16.3462 109.666 1113.44
Ring: -20.3128 23.5229 1065.69
Little: -42.6748 55.6559 1103.79
Thumb: -7.82335 93.6832 1087.53
Index: 3.84607 33.6527 1081.56
Middle: 14.7375 110.325 1112.75
Ring: -22.2613 24.323 1064.13
Little: -40.0023 58.325 1105.12
Thumb: -9.76697 94.2551 1086.42
Index: -0.502072 33.6475 1080.08
Middle: 15.687 109.947 1110.6
Ring: -20.6954 26.0052 1060.81
Little: -42.2171 58.6928 1100.81
Thumb: -10.4805 94.7822 1085.92
Index: -0.232151 34.5954 1080.38
Middle: 14.9351 108.792 1109.83
Ring: -20.9252 26.5526 1060.2
Little: -42.4295 59.0963 1100.64
Thumb: -10.77 92.9726 1084.68
Index: -0.983846 31.5376 1081.09
Middle: 16.4196 109.499 1110.56
Ring: -14.4399 32.274 1083.79
Little: -44.0811 60.3468 1102.73
Thumb: -11.3552 92.5636 1085.19
Index: -0.0172148 33.2346 1083.48
Middle: 15.815 109.409 1112.38
Ring: -15.0552 32.7383 1085.11
Little: -45.1149 60.1983 1103.11
Thumb: -12.0721 92.4227 1086.73
Index: -4.36598 31.0001 1084.17
Middle: 13.3377 108.532 1108.47
Ring: -16.4709 34.3256 1088.86
Little: -44.847 61.0673 1105.62
Thumb: -12.6022 92.9349 1089.56
Index: -6.09513 30.9175 1086.3
Middle: 14.5471 107.945 1111.13
Ring: -17.1412 34.8661 1091.73
Little: -45.4045 62.8667 1109.27
Thumb: -12.6022 92.9349 1089.56
Index: -6.09829 30.9198 1086.3
Middle: 16.6932 111.149 1113.78
Ring: -17.1412 34.8661 1091.73
Little: -45.4045 62.8667 1109.27
Thumb: -13.2589 93.6774 1104.55
Index: -13.0183 31.7059 1102.63
Middle: 18.9524 107.315 1132.39
Ring: -31.2509 25.2575 1085.92
Little: -47.6553 68.8084 1128.16
Thumb: -3.28903 94.5452 1111.66
Index: 25.73 63.4144 1145.27
Middle: 22.5288 122.429 1151.79
Ring: -7.8182 25.8067 1085.16
Little: -31.7807 75.8253 1141.7
Thumb: -13.2579 93.6729 1104.56
Index: -12.6139 34.1368 1103.23
Middle: 5.94608 65.7948 1134.43
Ring: -34.8128 23.6042 1097.29
Little: -50.8959 58.1587 1124.2
Thumb: -23.1069 82.4386 1146.25
Index: -15.7713 32.3684 1164.33
Middle: -5.51441 68.6657 1171.45
Ring: -20.0519 44.6732 1196.38
Little: -63.3445 40.8512 1156.04
Thumb: -7.91626 99.6723 1137.16
Index: 15.5099 43.4636 1130.27
Middle: 10.1332 54.1382 1158.29
Ring: 1.5096 32.2431 1123.99
Little: -25.6585 52.0542 1161.02
Thumb: -25.1197 104.785 1153.44
Index: -25.0567 31.9597 1144.59
Middle: -14.8204 62.694 1170.95
Ring: -15.1312 49.7698 1197.59
Little: -21.3921 104.557 1212.47
Thumb: -11.7721 98.5153 1149.02
Index: -9.49084 37.3211 1162.78
Middle: -2.39862 68.0689 1177.76
Ring: 10.3923 87.6538 1217.71
Little: -19.4879 105.625 1206.77
Thumb: -2.0403 102.702 1138.7
Index: 47.7705 88.9717 1203.95
Middle: -29.9675 39.807 1174.36
Ring: 1.64136 108.155 1202.08
Little: -36.208 123.167 1170.29
Thumb: 3.83451 106.417 1142.09
Index: 56.0318 96.6652 1207.01
Middle: -24.0762 38.6625 1174.85
Ring: 1.60874 106.496 1198.66
Little: -30.229 125.99 1176.59
Thumb: 8.47483 107.685 1145.9
Index: 61.5247 94.1131 1207.59
Middle: -17.6848 40.9222 1180.39
Ring: 2.48976 104.713 1175.47
Little: -22.3492 126.445 1186.2
Thumb: 13.9977 108.51 1145.72
Index: 69.4048 98.3674 1206.54
Middle: -12.1258 41.065 1179.55
Ring: 8.44607 105.643 1175.41
Little: -17.3944 129.994 1182.74
Thumb: 19.1792 109.345 1144.35
Index: 78.1981 103.112 1204.14
Middle: -6.40412 41.4524 1177.66
Ring: 14.1467 107.186 1174.16
Little: -12.1328 129.288 1181.92
Thumb: 23.3364 108.893 1141.74
Index: 80.6149 99.3664 1202.01
Middle: -0.210621 43.985 1178.41
Ring: 18.7591 107.683 1171.1
Little: -6.7194 131.11 1179.73
Thumb: 29.5745 109.37 1140.15
Index: 85.3954 97.8942 1200.84
Middle: 4.16007 43.6596 1174.51
Ring: 22.6423 104.098 1169.17
Little: -1.54874 131.265 1177.16
Thumb: 32.0445 107.009 1136.49
Index: 93.8044 95.9003 1191.39
Middle: 13.1224 36.6567 1165.82
Ring: 27.5795 99.3057 1165.67
Little: 3.3403 127.644 1170.05
Thumb: 39.1496 103.914 1131.32
Index: 105.878 95.8123 1181.87
Middle: 23.9447 32.1609 1159.22
Ring: 28.4969 61.7742 1174.94
Little: 10.252 122.291 1170.93
Thumb: 43.323 102.096 1127.89
Index: 114.006 101.103 1175.16
Middle: 32.9505 28.4408 1153.3
Ring: 23.448 36.8397 1164.32
Little: 18.6957 100.887 1170.31
Thumb: 46.077 101.343 1125.02
Index: 117.074 95.9228 1169.83
Middle: 31.2781 22.6282 1139.5
Ring: 23.6742 33.9151 1157.05
Little: 22.7318 97.759 1166.27
Thumb: 44.8062 99.4373 1123.39
Index: 116.497 94.8613 1169.02
Middle: 28.6325 24.2111 1144.48
Ring: 15.3163 34.865 1156.5
Little: 17.7233 101.014 1160.87
Thumb: 42.6658 100.079 1122.48
Index: 117.799 94.7377 1163.11
Middle: 18.5692 24.0111 1137.08
Ring: 9.84242 36.2138 1155.9
Little: 17.7108 102.479 1161.41
Thumb: 37.564 99.2067 1126.03
Index: 98.8492 62.7132 1161.58
Middle: 23.37 32.5796 1157.17
Ring: 3.89068 40.0168 1165.1
Little: 21.3907 122.106 1161.14
Thumb: 34.1921 96.2769 1119.78
Index: 84.7052 51.0203 1159.76
Middle: 13.0942 33.2564 1151.95
Ring: -8.14802 40.8831 1156.83
Little: 26.8229 125.469 1161.3
Thumb: 33.9259 96.0865 1119.77
Index: 89.5174 55.1339 1160.06
Middle: 12.5634 32.8288 1151.77
Ring: -9.10453 41.2799 1156.98
Little: 17.5582 122.889 1153.43
Thumb: 31.2577 95.5295 1119.42
Index: 84.6429 51.7238 1159.43
Middle: 5.26595 35.4739 1153.57
Ring: -11.6886 44.7552 1160.49
Little: 25.8186 128.878 1153.46
Thumb: 32.107 95.4237 1118.52
Index: 85.5875 52.7776 1159.14
Middle: 6.97304 36.1521 1153.46
Ring: -9.52348 46.1473 1161.15
Little: 24.6279 129.397 1152.33
Thumb: 31.4995 95.0363 1118.34
Index: 85.6704 52.265 1158.22
Middle: 8.99016 38.5342 1153.85
Ring: -10.1047 45.7501 1161.07
Little: 30.636 130.976 1157.04
Thumb: 30.4453 95.0847 1119.82
Index: 74.3562 45.8984 1159.52
Middle: 8.44255 38.5977 1155.68
Ring: -11.9348 45.1367 1162.26
Little: 26.8714 130.798 1155.95
Thumb: 29.8257 96.5764 1120.17
Index: 73.4601 46.4879 1159.22
Middle: 6.55589 40.0012 1157.28
Ring: -12.8464 47.6572 1163.9
Little: 27.6044 132.783 1155.91
Thumb: 28.7752 95.9461 1120.81
Index: 72.4855 47.445 1161.5
Middle: 5.8631 39.9218 1159.54
Ring: -13.3365 48.059 1166.21
Little: 27.0747 133.191 1156.41
Thumb: 24.6884 93.3799 1119.63
Index: 67.3642 43.2416 1159.28
Middle: 0.241238 39.2023 1159.79
Ring: -18.6656 47.7888 1166.3
Little: 26.0064 130.487 1154.86
Thumb: 22.9794 94.4015 1119.76
Index: 76.9062 50.5635 1157.77
Middle: -0.512927 40.9918 1159.38
Ring: -23.5476 47.3519 1163.88
Little: 23.9394 130.816 1155.16
Thumb: 22.4156 94.577 1120.4
Index: 76.7973 51.4015 1158.75
Middle: -0.817336 41.6373 1160.81
Ring: -23.8741 48.0817 1165.34
Little: 23.1251 131.868 1155.62
Thumb: 20.8585 95.9169 1121.09
Index: 74.7603 51.8767 1158.9
Middle: -3.60412 42.4039 1161.86
Ring: -26.2803 49.8386 1165.78
Little: 22.5297 133.137 1156.67
Thumb: 20.8972 96.3802 1121.06
Index: 71.1859 49.5896 1159.76
Middle: -3.26031 43.0602 1162.04
Ring: -26.1761 50.3213 1165.83
Little: 23.7118 132.251 1155.7
Thumb: 20.8593 96.3876 1121.08
Index: 70.716 49.3925 1159.94
Middle: -3.33728 43.1373 1162.12
Ring: -26.3582 50.3764 1165.75
Little: 22.3523 134.112 1156.63
Thumb: 20.6383 96.6883 1122
Index: 70.24 50.1055 1161.6
Middle: -3.44544 43.69 1163.47
Ring: -27.1596 51.5017 1167.14
Little: 21.7548 134.724 1157.23
Thumb: 20.9191 96.6043 1120.65
Index: 69.6462 48.534 1159.3
Middle: -1.44216 44.0048 1162.54
Ring: -17.1131 51.6023 1174.27
Little: 22.8825 134.029 1156.29
Thumb: 20.6554 96.6354 1120.97
Index: 63.7161 44.9599 1159.34
Middle: 6.00587 45.247 1167.7
Ring: -17.1606 51.6673 1174.76
Little: 23.0631 134.034 1156.79
Thumb: 19.0418 98.1063 1119.68
Index: 61.29 45.5901 1158.46
Middle: 2.69488 47.0166 1166.2
Ring: -20.9181 53.9728 1172.61
Little: 23.8037 135.002 1157.83
Thumb: 19.1371 97.7421 1121.45
Index: 62.3219 46.9458 1161.32
Middle: 4.22711 47.0186 1168.85
Ring: -20.4743 54.8095 1175.97
Little: 21.882 134.56 1156.31
Thumb: 17.5074 97.2379 1120.56
Index: 56.0913 42.4443 1159.62
Middle: -1.9259 45.8747 1165.56
Ring: -23.4808 54.7961 1174.59
Little: 21.0112 133.13 1156.25
Thumb: 16.1495 97.0936 1124.28
Index: 58.5669 43.2361 1159.99
Middle: -9.61707 39.8007 1165.1
Ring: -20.7729 49.7961 1176.82
Little: 24.7849 130.147 1165.99
Thumb: 16.1495 97.0936 1124.28
Index: 58.5654 43.2353 1159.99
Middle: -9.64518 39.794 1165.09
Ring: -22.4789 51.6295 1177.83
Little: 25.923 129.099 1166.17
Thumb: 19.4927 97.3093 1121.94
Index: 71.4928 47.008 1156.11
Middle: -8.08071 39.53 1160.87
Ring: -20.8928 51.3098 1173.7
Little: 28.9692 128.173 1164.49
Thumb: 19.5437 95.0906 1121.99
Index: 69.6993 44.9411 1156.28
Middle: -5.69021 36.4992 1161.29
Ring: 24.8814 72.3318 1174.3
Little: 12.2616 98.649 1183.18
Thumb: 24.9056 94.0229 1124.06
Index: 79.7526 42.7348 1147.85
Middle: 1.34197 32.8815 1160.14
Ring: 36.3487 78.4411 1161.96
Little: 29.0686 91.3974 1181.1
Thumb: 32.774 98.3943 1120.43
Index: 88.5175 47.2341 1142.25
Middle: 21.6264 45.029 1153.77
Ring: 45.5165 82.6229 1157.86
Little: 33.9391 102.956 1172.6
Thumb: 31.1005 96.8824 1121.15
Index: 35.607 28.8803 1131.19
Middle: -2.02752 31.0927 1152.26
Ring: 45.9253 77.1603 1154.61
Little: 30.7416 71.455 1175.27
Thumb: 31.5368 96.5105 1121.19
Index: 25.4408 26.9083 1125.82
Middle: 25.249 37.2288 1145.38
Ring: 34.7508 30.3789 1147.94
Little: 33.0366 70.9846 1175.19
Thumb: 33.9769 95.705 1118.56
Index: 27.8263 26.7444 1118.08
Middle: 31.5244 35.0945 1139.4
Ring: 42.1626 28.3104 1140.24
Little: 41.9336 66.3736 1171.51
Thumb: 37.5594 94.5975 1116.42
Index: 41.6669 27.708 1116.69
Middle: 37.6584 33.1707 1137.33
Ring: 46.6378 25.4362 1136.82
Little: 48.7676 93.0467 1169.09
Thumb: 40.4055 97.816 1117.71
Index: 44.2965 30.5703 1114.26
Middle: 42.0166 35.6493 1136.24
Ring: 49.1156 27.5685 1134.09
Little: 54.5994 94.7395 1169.26
Thumb: 41.9441 98.058 1116.98
Index: 45.2073 30.3393 1113.11
Middle: 46.8192 33.2313 1128.44
Ring: 47.9563 30.7812 1131.38
Little: 52.8943 78.6555 1166.35
Thumb: 43.5566 97.2082 1113
Index: 41.9496 29.2515 1108.86
Middle: 47.4522 33.7102 1126.88
Ring: 47.7226 32.2866 1122.97
Little: 51.2077 102.193 1161.25
Thumb: 48.935 95.6392 1112.31
Index: 52.0971 27.9455 1106.81
Middle: 55.2614 36.6329 1135.11
Ring: 34.6462 24.0665 1139.78
Little: 71.1795 96.99 1164.11
Thumb: 48.6362 96.1418 1111.14
Index: 41.2338 27.1115 1104.97
Middle: 42.8607 21.2781 1140.35
Ring: 33.9944 24.8845 1139.18
Little: 62.0478 95.2824 1159.46
Thumb: 47.8411 95.139 1108.22
Index: 44.0625 25.8477 1101.42
Middle: 44.5673 20.4229 1137.62
Ring: 37.5945 22.8629 1135.6
Little: 64.2848 84.4132 1153.86
Thumb: 47.3897 94.7207 1106.91
Index: 45.1895 25.4157 1100.05
Middle: 46.0551 19.8237 1136
Ring: 38.6852 22.5282 1135.57
Little: 62.7893 79.4274 1154.71
Thumb: 47.5748 91.4633 1106.77
Index: 46.4708 22.1602 1099.51
Middle: 48.6041 16.4073 1135.48
Ring: 40.3728 18.6972 1133.96
Little: 62.1725 75.9751 1153.19
Thumb: 47.7094 89.1967 1105.25
Index: 52.0445 19.9346 1099.23
Middle: 52.8108 14.706 1135.04
Ring: 45.0537 16.5604 1133.59
Little: 64.5169 69.746 1152.67
Thumb: 47.3649 88.9713 1103.22
Index: 50.716 19.5932 1096.53
Middle: 51.524 13.9752 1132.02
Ring: 44.9042 15.6145 1128.57
Little: 62.7418 72.8236 1150.72
Thumb: 46.1425 88.6545 1102.37
Index: 46.7297 19.2581 1094.49
Middle: 53.4976 12.3576 1128.14
Ring: 42.8639 14.365 1122.07
Little: 65.1184 66.4818 1152.09
Thumb: 44.1996 90.2012 1104.23
Index: 42.6108 21.1242 1095.72
Middle: 32.659 9.86056 1116.81
Ring: 73.9629 112.619 1114.41
Little: 58.5418 73.2607 1152.29
Thumb: 33.578 96.8213 1115.31
Index: 25.663 26.2927 1104.57
Middle: 80.5126 87.9596 1115.47
Ring: 72.049 119.895 1129.02
Little: 45.175 82.2847 1161.74
Thumb: 25.7933 96.8592 1113.01
Index: 11.1774 26.0107 1100.53
Middle: 66.6959 120.152 1103.97
Ring: 84.0823 113.805 1134.35
Little: 37.0624 77.3551 1157.79
Thumb: 22.9893 98.6735 1111.62
Index: 6.2084 28.609 1098.12
Middle: 62.2017 118.821 1099.62
Ring: 76.1614 119.42 1128.22
Little: 33.458 77.6403 1155.72
Thumb: 23.0952 98.5624 1111.75
Index: 7.35791 26.6425 1094.35
Middle: 62.2026 118.773 1099.84
Ring: 76.0258 119.558 1128.79
Little: 33.483 77.5367 1155.89
Thumb: 23.0147 98.3576 1111.48
Index: 8.26175 25.5296 1092.46
Middle: 63.4406 119.915 1100.96
Ring: 75.7204 119.617 1129.86
Little: 30.0452 94.4991 1158.36
Thumb: 23.029 98.3699 1111.47
Index: 8.26053 25.5329 1092.37
Middle: 63.1693 119.545 1100.23
Ring: 75.8048 119.553 1129.85
Little: 31.9315 97.895 1159.93
Thumb: 23.0343 98.3668 1111.47
Index: 8.27634 25.5185 1092.35
Middle: 63.2566 119.601 1100.36
Ring: 75.7742 119.57 1129.84
Little: 31.4117 99.6164 1159.91
Thumb: 22.1634 95.6335 1104.35
Index: 7.80152 23.8026 1087.64
Middle: 62.7237 116.315 1092.69
Ring: 75.6252 115.41 1123.81
Little: 33.4644 94.473 1153.46
Thumb: 22.5361 96.9879 1101.73
Index: 8.34048 25.3515 1085.15
Middle: 63.1425 117.609 1089.77
Ring: 74.2849 119.322 1124.78
Little: 34.3828 96.8266 1151.36
Thumb: 22.5414 96.9747 1101.71
Index: 8.35274 25.2268 1084.77
Middle: 63.1171 117.735 1090.01
Ring: 74.3189 119.325 1124.79
Little: 35.6168 96.8036 1151.87
Thumb: 22.8094 97.5274 1101.31
Index: 6.47042 26.3623 1083
Middle: 62.4765 118.258 1088.43
Ring: 75.2011 119.329 1121.2
Little: 29.3376 96.5764 1148
Thumb: 22.5519 100.114 1095.19
Index: 6.08508 29.0067 1077.52
Middle: 58.4261 117.434 1082.6
Ring: 75.9876 120.803 1113.72
Little: 35.291 98.2507 1144.28
Thumb: 21.6301 100.204 1094.36
Index: 5.69164 28.6458 1076.49
Middle: 60.2624 119.4 1081.69
Ring: 73.0272 121.977 1112.47
Little: 34.8895 96.8273 1143.55
Thumb: 20.6918 100.036 1093.67
Index: 3.83793 28.9084 1076.46
Middle: 59.5919 118.55 1080.91
Ring: 72.5018 120.886 1110.5
Little: 32.6751 95.1024 1142.14
Thumb: 17.2343 99.7451 1087.91
Index: 1.93395 28.6949 1071.45
Middle: 56.9186 119.867 1075.56
Ring: 68.958 120.915 1102.88
Little: 26.7181 93.1685 1135.15
Thumb: 15.9821 100.206 1084.05
Index: 3.49671 28.4642 1067.52
Middle: 56.2069 120.975 1071.66
Ring: 68.7119 120.688 1098.72
Little: 27.6881 96.6517 1132.92
Thumb: 15.6841 99.8081 1082.77
Index: 1.44579 28.4152 1065.23
Middle: 55.8492 120.726 1070.02
Ring: 68.2312 120.576 1096.95
Little: 28.2642 99.7093 1132.68
Thumb: 15.7169 99.7975 1082.76
Index: 1.73548 28.334 1065.24
Middle: 54.5601 120.064 1070.2
Ring: 67.7638 121.389 1098.98
Little: 22.2446 80.8393 1127.4
Thumb: 16.5587 101.166 1079.68
Index: 2.1149 29.8563 1064.09
Middle: 54.9978 119.666 1067.41
Ring: 67.6102 122.579 1095.53
Little: 21.9292 83.723 1124.75
Thumb: 16.6692 101.315 1079.7
Index: 2.05604 30.0073 1063.98
Middle: 55.2267 119.723 1067.54
Ring: 67.7625 122.561 1095.73
Little: 21.7621 84.0288 1124.79
Thumb: 16.537 101.466 1079.78
Index: 1.59422 30.003 1063.29
Middle: 55.1967 119.806 1068.07
Ring: 67.7224 122.348 1095.03
Little: 22.0694 82.2931 1124.92
Thumb: 16.7742 101.467 1079.43
Index: 1.36895 29.9934 1062.6
Middle: 55.4654 119.637 1067.82
Ring: 67.9285 122.34 1095.31
Little: 21.3382 83.4679 1124.64
Thumb: 16.7954 101.442 1079.44
Index: 1.48418 29.9928 1062.65
Middle: 55.4446 119.679 1067.84
Ring: 67.8572 122.455 1095.48
Little: 21.9321 82.2661 1124.43
Thumb: 16.8093 101.412 1079.46
Index: 1.49817 30.057 1063.1
Middle: 55.448 119.524 1067.85
Ring: 67.8806 122.431 1095.67
Little: 21.82 82.1935 1124.63
Thumb: 16.9363 101.328 1079.58
Index: 1.40292 30.7413 1065.23
Middle: 55.483 119.546 1067.87
Ring: 68.276 121.95 1095.59
Little: 21.4718 83.9955 1124.68
Thumb: 15.5993 100.906 1079.44
Index: 2.14937 30.229 1067.83
Middle: 53.5673 117.657 1067.02
Ring: 66.9098 121.615 1096.9
Little: 19.7069 83.8732 1124.61
Thumb: 15.8746 99.6707 1082.99
Index: 4.47805 28.3786 1071.24
Middle: 53.6471 116.049 1070.68
Ring: 67.4044 119.566 1100.57
Little: 21.9704 80.4246 1128.24
Thumb: 15.7756 100.048 1085.24
Index: 5.95312 29.1971 1075.15
Middle: 50.2556 115.547 1072.83
Ring: 64.5091 122.852 1111.23
Little: 21.9213 83.3791 1129.85
Thumb: 16.9669 99.3439 1087.35
Index: 5.84097 29.7632 1080.32
Middle: 51.5458 115.636 1074.72
Ring: 64.8134 122.861 1113.7
Little: 23.4221 82.1936 1133.51
Thumb: 17.1392 99.5977 1090.01
Index: 8.14665 29.1735 1083.03
Middle: 52.2687 116.64 1077.12
Ring: 64.8613 123.491 1117.66
Little: 23.9415 82.3568 1136.16
Thumb: 16.4439 96.53 1094.95
Index: 7.86299 26.1515 1086.61
Middle: 51.5976 113.643 1081.37
Ring: 64.3822 119.225 1119.14
Little: 24.8004 77.8137 1139.38
Thumb: 26.6694 93.0377 1105.1
Index: 50.9014 29.8718 1118.87
Middle: 65.4336 110.427 1116.52
Ring: 64.8244 70.1885 1167.12
Little: 11.0732 71.9966 1149.01
Thumb: 28.2496 89.9915 1091.63
Index: 43.1573 17.0037 1119.54
Middle: 34.293 102.541 1162.81
Ring: 16.5161 47.6636 1128.73
Little: -9.19647 52.6604 1098.4
Thumb: 28.0335 92.6745 1095.51
Index: 40.1796 18.1735 1123.79
Middle: 25.4144 86.694 1171.33
Ring: 17.6206 27.1558 1112.77
Little: -9.67866 51.5632 1093.3
Thumb: 28.2104 95.3129 1099.88
Index: 38.5388 21.1655 1130.51
Middle: 16.58 63.0983 1178.01
Ring: 13.0028 30.9153 1116.79
Little: -8.16848 54.8026 1094.17
Thumb: 28.1988 94.6591 1103.82
Index: 34.2366 22.111 1138.37
Middle: 12.6866 89.8419 1180.76
Ring: 9.79166 27.3754 1116.25
Little: -7.02735 53.6852 1093.78
Thumb: 28.2796 92.8689 1108.57
Index: 33.5689 22.7368 1146.58
Middle: 14.8781 97.7419 1182.62
Ring: 9.45262 25.3753 1118.75
Little: -8.36473 51.83 1098.72
Thumb: 31.0798 95.7932 1111.87
Index: 37.689 23.7481 1146.76
Middle: 19.3405 87.1741 1185.24
Ring: 10.3925 28.5904 1121.88
Little: -4.35339 54.1598 1103.47
Thumb: 32.1141 98.1234 1116.71
Index: 43.2234 24.2588 1141.91
Middle: 34.0424 95.6828 1195.48
Ring: 12.0481 25.4807 1114.2
Little: -2.12352 55.5541 1112.47
Thumb: 31.1366 99.3086 1118.55
Index: 34.8169 26.2911 1145.38
Middle: 31.9564 106.921 1194.74
Ring: 9.35628 27.3689 1113.83
Little: -19.4304 113.45 1164.35
Thumb: 26.8699 98.6031 1118.44
Index: 22.7547 29.0728 1151.16
Middle: 1.35686 30.7984 1133.17
Ring: 4.8448 26.7525 1112.97
Little: -28.955 99.4484 1152.25
Thumb: 33.456 100.644 1117.69
Index: 7.50756 71.4329 1166.62
Middle: -5.80213 43.5312 1121.3
Ring: -19.0501 44.9182 1102.18
Little: -8.35359 65.8993 1097.89
Thumb: 33.627 99.6412 1119.16
Index: 0.813483 88.5247 1166.55
Middle: 3.7265 23.389 1109.8
Ring: -17.5423 46.8535 1089.76
Little: -5.45278 90.3284 1091.39
Thumb: 31.4947 97.02 1117.06
Index: -6.91305 55.5093 1151.45
Middle: -2.02595 21.7045 1111.55
Ring: -13.9041 41.5794 1081.77
Little: 3.23121 91.5415 1082.49
Thumb: 32.5496 98.0997 1120.36
Index: -8.22402 42.2005 1141.37
Middle: -2.69911 24.4633 1111.71
Ring: -10.1317 41.6592 1083.15
Little: 6.46276 91.9557 1084.15
Thumb: 33.2895 97.3447 1118.71
Index: -1.0636 36.0228 1136.35
Middle: -5.19146 27.4273 1103.64
Ring: -6.55055 39.114 1080.51
Little: 7.55727 91.0762 1082.6
Thumb: 34.2181 96.9515 1117.87
Index: -0.220939 35.614 1135.78
Middle: -5.22141 27.7292 1102.56
Ring: -3.95774 36.8387 1081.49
Little: 9.32915 89.7687 1081.16
Thumb: 34.0622 97.0693 1117.8
Index: 7.57964 90.8656 1156.81
Middle: -9.24573 30.7928 1101.81
Ring: -0.347027 34.8318 1080.66
Little: 10.2251 88.9229 1081.24
Thumb: 34.6014 96.7211 1117.51
Index: 0.120836 88.8947 1155.68
Middle: -8.78916 30.5329 1101.39
Ring: -0.0446072 34.6365 1080.33
Little: 10.8621 88.6469 1080.96
Thumb: 33.9328 95.7909 1116.52
Index: -4.21069 87.9145 1150
Middle: -7.84425 28.8947 1099.39
Ring: 0.522185 32.4744 1080.3
Little: 12.2876 85.8961 1078.7
Thumb: 34.0145 97.2438 1121.61
Index: -7.36441 98.3562 1155.7
Middle: -7.94898 30.025 1105.63
Ring: 3.63902 32.3278 1085.39
Little: 18.2349 111.052 1071.62
Thumb: 32.5755 97.5325 1122.9
Index: -9.96876 98.5839 1155.26
Middle: -9.68198 30.4778 1106.99
Ring: 5.36782 31.048 1087.04
Little: 8.23699 101.262 1076.36
Thumb: 33.2611 98.0532 1122.59
Index: -19.0345 100.246 1153.06
Middle: -9.47863 30.0803 1109.67
Ring: 8.60004 30.5924 1086.3
Little: -5.10163 84.4421 1083.98
Thumb: 33.2204 98.5746 1122.23
Index: -0.858031 135.855 1168.02
Middle: -8.00858 29.6608 1109.52
Ring: 14.8015 28.7674 1086.6
Little: -3.20099 83.8106 1084.51
Thumb: 32.1239 99.5566 1122.14
Index: 7.63105 138.579 1171.17
Middle: -11.4877 33.0211 1106.8
Ring: 14.2672 28.9711 1088.37
Little: -0.279727 75.8645 1088.93
Thumb: 26.7617 107.343 1125.05
Index: -17.7318 147.574 1176.98
Middle: -13.8896 38.9531 1109.61
Ring: 16.2973 35.4172 1091.66
Little: -2.71409 90.0808 1089.59
Thumb: 25.6069 105.69 1126.15
Index: -20.7612 146.043 1177.2
Middle: -15.13 37.3729 1110.47
Ring: 16.0707 33.6156 1092.79
Little: -3.58045 82.04 1093.02
Thumb: 24.3268 105.232 1126.77
Index: -9.84124 146.672 1177.47
Middle: -15.9748 36.7253 1110.85
Ring: 14.8309 32.753 1094.36
Little: -4.22136 82.5064 1092.63
Thumb: 22.7402 105.935 1127.31
Index: -18.0227 148.799 1175.33
Middle: -17.17 37.2654 1111.13
Ring: 14.1379 33.0735 1095.59
Little: -4.59105 83.1122 1091.26
Thumb: 22.5707 106.056 1127.37
Index: -9.31238 147.441 1176.92
Middle: -18.6249 38.398 1110.52
Ring: 13.4939 33.2953 1095.55
Little: -5.0138 83.9869 1092.59
Thumb: 21.9454 105.881 1126.87
Index: -17.542 148.921 1175.58
Middle: -19.1443 37.9817 1110.49
Ring: 12.2041 33.2843 1094.88
Little: -9.90649 91.6088 1088.58
Thumb: 21.8497 106.022 1127.01
Index: -17.9426 149.228 1176.01
Middle: -19.7395 38.7104 1109.94
Ring: 11.4261 33.5596 1094.93
Little: -11.1134 72.8889 1097.65
Thumb: 18.3319 101.052 1125.55
Index: -14.623 139.454 1174.58
Middle: -21.8267 33.0221 1107.97
Ring: 9.77369 27.6103 1096.02
Little: -12.3532 73.7881 1092.14
Thumb: 18.5057 100.863 1125.21
Index: -14.3629 139.264 1174.14
Middle: -22.1549 33.1243 1107.55
Ring: 9.90242 27.4102 1095.71
Little: -11.8713 72.527 1092.17
Thumb: 18.5057 100.863 1125.21
Index: -14.3627 139.264 1174.14
Middle: -23.9873 34.2074 1107.56
Ring: 9.90245 27.4102 1095.71
Little: -13.2632 78.8261 1089.19
Thumb: 18.5007 100.855 1125.21
Index: -14.3001 139.382 1173.79
Middle: -23.9213 34.1333 1107.61
Ring: 10.0594 27.6389 1094.75
Little: -12.2973 82.613 1087.51
Thumb: 19.1344 101.792 1124.97
Index: -30.8608 140.987 1170.85
Middle: -28.7051 38.5912 1107.54
Ring: 11.376 28.4861 1094.55
Little: -12.3729 85.0944 1086.37
Thumb: 19.2787 101.756 1124.78
Index: -33.9435 141.168 1170.32
Middle: -28.3988 38.424 1107.38
Ring: 11.6963 28.4385 1094.34
Little: -12.2245 84.9811 1086.21
Thumb: 19.2787 101.756 1124.78
Index: -33.9435 141.168 1170.32
Middle: -28.3988 38.424 1107.38
Ring: 11.6963 28.4385 1094.34
Little: -12.2245 84.9811 1086.21
Thumb: 19.2942 101.727 1124.81
Index: -33.9391 141.19 1170.27
Middle: -28.4031 38.4129 1107.4
Ring: 11.697 28.4015 1094.39
Little: -12.1877 84.9535 1086.23
Thumb: 19.292 101.732 1124.81
Index: -35.1833 139.576 1169.49
Middle: -28.4356 38.4646 1107.34
Ring: 10.6195 27.0641 1100.87
Little: -12.193 84.9568 1086.22
Thumb: 18.899 100.876 1123.85
Index: -33.5073 137.136 1172.16
Middle: -27.8668 35.613 1109.87
Ring: 10.5093 26.4252 1099.43
Little: -15.3423 81.3915 1087.48
Thumb: 18.6425 100.882 1124.24
Index: -34.2797 136.593 1172.37
Middle: -27.3869 35.0886 1110.29
Ring: 11.8212 26.0242 1100.96
Little: -12.4104 78.8895 1088.83
Thumb: 18.7075 100.791 1124.21
Index: -34.2251 136.526 1172.31
Middle: -27.2389 34.9159 1110.31
Ring: 11.9362 25.9222 1100.95
Little: -12.3111 78.7728 1088.79
Thumb: 19.5486 101.691 1125.57
Index: -16.9858 137.933 1175.99
Middle: -25.2015 35.0719 1111.32
Ring: 14.2105 26.6767 1102.4
Little: -10.7299 79.1136 1089.86
Thumb: 19.6038 101.751 1125.67
Index: -11.2376 136.552 1176.16
Middle: -24.7329 34.8853 1111.33
Ring: 14.4692 26.6948 1102.58
Little: -10.483 79.0353 1089.88
Thumb: 19.628 101.764 1125.65
Index: -10.9713 136.363 1176.11
Middle: -23.6247 34.2346 1111.26
Ring: 14.5505 26.7326 1102.4
Little: -10.468 79.1596 1090.16
Thumb: 19.7188 101.802 1125.6
Index: -9.88181 136.823 1176.41
Middle: -23.7338 34.424 1111.2
Ring: 14.3179 26.789 1102.39
Little: -10.571 79.3083 1090.2
Thumb: 19.652 102.176 1125.72
Index: -18.7026 139.881 1175.02
Middle: -23.012 34.3545 1110.94
Ring: 15.2061 26.8827 1103.46
Little: 7.67499 53.2229 1103.04
Thumb: 19.6671 102.194 1125.65
Index: -13.9991 137.763 1174.95
Middle: -22.6373 34.6202 1109.72
Ring: 15.1938 26.7133 1104.73
Little: 12.6449 52.1239 1103.85
Thumb: 19.9675 102.041 1125.49
Index: -20.055 140.334 1175.22
Middle: -22.2893 34.8242 1108.67
Ring: 15.0974 26.6117 1104.51
Little: 14.8842 51.7095 1103.96
Thumb: 22.6279 102.403 1125.91
Index: -18.2827 140.443 1175.97
Middle: -19.6035 34.9451 1109.84
Ring: 15.9828 27.1798 1104.81
Little: 11.2988 53.6398 1103.37
Thumb: 23.3032 102.455 1125.25
Index: -17.7857 139.557 1175.74
Middle: -15.247 32.848 1109.36
Ring: 17.4422 27.2181 1103.97
Little: 11.6424 53.905 1102.51
Thumb: 25.3801 108.136 1125.68
Index: -17.2611 143.5 1175.68
Middle: -10.122 37.0437 1109.27
Ring: 22.7938 32.8413 1103.95
Little: 15.8676 59.2652 1102.62
Thumb: 28.2115 108.231 1124.36
Index: -16.113 142.593 1173.4
Middle: -5.45223 36.8482 1106.56
Ring: 25.8706 33.2635 1100.19
Little: 18.4492 59.3101 1101.44
Thumb: 33.8799 110.764 1123.88
Index: -11.5896 142.968 1173.77
Middle: -2.7578 40.8552 1106.05
Ring: 32.5003 35.9629 1099.22
Little: 23.8746 62.3139 1100.92
Thumb: 39.2606 111.229 1123.93
Index: -2.61281 141.631 1177.09
Middle: 3.3498 40.5662 1107.61
Ring: 37.6284 38.9162 1090.28
Little: 13.1302 83.5029 1092.25
