Thumb: -71.4287 116.34 1080.64
Index: -70.1238 27.7648 1085.54
Middle: -106.92 41.838 1091.19
Ring: -130.136 64.8383 1080.73
Little: -151.389 110.071 1082.72
Thumb: -64.4609 114.801 1082.12
Index: -65.6051 30.8738 1096.67
Middle: -99.2929 39.4396 1087.27
Ring: -123.621 64.4398 1080.54
Little: -130.605 105.726 1090.57
Thumb: -67.6579 114.466 1082.08
Index: -73.7295 30.6914 1094.52
Middle: -104.189 38.7485 1085.17
Ring: -127.725 65.2001 1080.61
Little: -133.026 107.532 1090.91
Thumb: -68.4508 114.919 1082.84
Index: -75.7777 29.2942 1091.07
Middle: -105.185 39.0132 1085.25
Ring: -127.913 65.3913 1083.65
Little: -131.442 110.146 1091.64
Thumb: -70.9113 114.227 1084.16
Index: -79.8922 29.8869 1089.34
Middle: -108.652 39.1514 1086.28
Ring: -128.865 63.4007 1085.8
Little: -132.544 109.283 1095.08
Thumb: -70.9724 116.375 1084.4
Index: -81.5245 33.2142 1090.58
Middle: -109.627 41.9585 1089.07
Ring: -126.958 63.8186 1086.58
Little: -141.193 101.153 1084.99
Thumb: -74.1744 113.801 1085.14
Index: -86.3254 32.6079 1088.32
Middle: -111.553 39.5384 1094.73
Ring: -128.757 61.2345 1093.68
Little: -143.159 96.3054 1086.62
Thumb: -76.3033 112.985 1085.14
Index: -88.4034 34.9775 1094.48
Middle: -114.419 39.5599 1094.68
Ring: -127.941 58.6761 1096.22
Little: -143.606 94.1762 1089.87
Thumb: -77.7364 113.868 1085.68
Index: -92.5134 38.4347 1095.74
Middle: -115.211 41.2451 1097.1
Ring: -129.524 59.1888 1096.83
Little: -144.481 94.7533 1091.75
Thumb: -77.7791 114.3 1086.08
Index: -95.1774 41.3226 1096.08
Middle: -117.43 42.7997 1096.26
Ring: -128.454 60.8455 1101.15
Little: -144.028 95.0599 1093.22
Thumb: -77.2685 114.641 1086.45
Index: -97.5138 41.2313 1091.46
Middle: -119.733 44.8284 1097.09
Ring: -127.571 61.8829 1103.84
Little: -143.393 95.9888 1095.82
Thumb: -77.0281 113.94 1086.46
Index: -96.788 40.4966 1094.51
Middle: -120.639 44.087 1096.02
Ring: -127.655 61.7251 1104.5
Little: -143.716 96.0037 1095.26
Thumb: -76.0597 113.136 1085.79
Index: -95.7503 39.7815 1093.76
Middle: -119.366 43.0698 1095.23
Ring: -126.29 61.3754 1106.34
Little: -141.594 94.3413 1095.37
Thumb: -73.5764 112.497 1085.31
Index: -91.3063 40.6077 1097.02
Middle: -115.437 41.0721 1094.59
Ring: -121.556 58.938 1107.58
Little: -136.404 91.3218 1099.44
Thumb: -69.5312 111.352 1084.82
Index: -83.6286 40.31 1100.16
Middle: -107.689 41.1437 1100.49
Ring: -113.855 58.3738 1110.77
Little: -129.164 88.8037 1102.52
Thumb: -66.508 109.322 1083.84
Index: -76.8522 34.9445 1100.03
Middle: -100.572 37.8243 1101.35
Ring: -108.456 56.1337 1111.51
Little: -121.276 83.7661 1101.99
Thumb: -61.3337 108.732 1082.92
Index: -68.8577 34.3246 1100.68
Middle: -90.9899 37.5972 1103.79
Ring: -98.8109 54.6651 1109.78
Little: -113.976 80.9139 1100.23
Thumb: -57.8098 106.968 1082.63
Index: -58.7273 33.373 1102.77
Middle: -84.7662 33.3493 1104.43
Ring: -92.1136 51.2999 1109.83
Little: -107.293 76.4654 1100
Thumb: -48.7254 108.75 1082.48
Index: -48.5912 35.2499 1095.83
Middle: -72.2284 34.0397 1098.79
Ring: -85.93 49.2832 1102.88
Little: -99.274 73.9228 1098.37
Thumb: -41.715 107.533 1082.25
Index: -39.9946 34.7083 1099.9
Middle: -61.9409 31.3735 1100.71
Ring: -79.912 44.8309 1100.98
Little: -86.5857 80.1085 1102.03
Thumb: -35.4846 104.331 1082.28
Index: -30.5739 32.0096 1101.24
Middle: -52.5755 29.2685 1105.49
Ring: -70.9356 41.0386 1103.99
Little: -80.6237 67.9921 1100.66
Thumb: -25.93 104.453 1082.81
Index: -24.4929 32.0994 1095.23
Middle: -48.8653 28.5197 1099.69
Ring: -63.1082 40.414 1103.94
Little: -77.2803 68.0713 1102.16
Thumb: -21.637 99.9174 1084.5
Index: -19.1926 27.6367 1098.6
Middle: -44.063 22.3596 1099.35
Ring: -55.3407 39.249 1107.82
Little: -70.731 64.3859 1102.36
Thumb: -15.2706 98.5861 1086.3
Index: -11.6056 29.6931 1105.11
Middle: -38.6943 22.0814 1102.28
Ring: -48.8875 37.222 1108.37
Little: -63.8436 61.9378 1102.59
Thumb: -9.90714 95.593 1087.2
Index: -3.21498 26.5414 1105.95
Middle: -32.1116 18.2611 1102.81
Ring: -41.075 36.3397 1111.26
Little: -55.7193 56.9525 1103.07
Thumb: -1.5168 94.193 1085.53
Index: 3.52165 24.1639 1102.56
Middle: -23.8998 16.2765 1098.93
Ring: -38.0607 31.6295 1103.52
Little: -50.3554 54.7271 1098.1
Thumb: 2.05952 89.0876 1085.57
Index: 12.4086 21.0667 1106.14
Middle: -15.8732 12.9145 1103.18
Ring: -31.1227 27.2458 1107.35
Little: -45.5655 48.812 1101.92
Thumb: 10.1745 89.1257 1086.15
Index: 20.9345 19.3022 1105.44
Middle: -9.11265 11.2565 1098.87
Ring: -23.1737 31.0255 1110.05
Little: -40.9796 49.0688 1101.85
Thumb: 17.0331 89.085 1086.18
Index: 31.5182 17.2669 1104.32
Middle: -1.45285 9.17526 1094.27
Ring: -17.0093 26.4566 1104.93
Little: -38.1202 48.9051 1101.53
Thumb: 22.0977 87.9912 1086.99
Index: 40.5229 14.0557 1101.14
Middle: 6.58833 7.60439 1094.65
Ring: -8.57358 26.745 1106.89
Little: -31.7768 45.7326 1101.71
Thumb: 27.228 84.8767 1087.08
Index: 47.4661 11.497 1103.32
Middle: 11.7119 4.18168 1093.31
Ring: -4.03029 24.4225 1107.01
Little: -26.6098 45.4612 1104.97
Thumb: 32.6204 84.4205 1086.81
Index: 56.2415 10.8502 1102.67
Middle: 21.1452 3.02323 1094.55
Ring: 3.41037 22.8887 1105.67
Little: -19.2447 45.1102 1107.36
Thumb: 37.8612 82.3409 1085.17
Index: 61.7968 10.4875 1103.38
Middle: 25.49 0.900343 1088.97
Ring: 10.577 22.2743 1105.42
Little: -13.7007 42.8 1106.8
Thumb: 44.0761 82.3187 1085.66
Index: 66.3641 10.3034 1101.09
Middle: 29.5593 1.14503 1086.44
Ring: 15.0539 22.3984 1104.63
Little: -9.82747 48.2011 1107.29
Thumb: 51.1672 82.242 1083.85
Index: 70.9723 8.82152 1097.02
Middle: 35.1953 1.18087 1084.44
Ring: 14.3401 20.3666 1100.28
Little: -4.24463 52.8005 1107.4
Thumb: 53.3182 81.3322 1083.86
Index: 77.2535 9.03296 1100.63
Middle: 40.9256 -0.927546 1085.45
Ring: 19.9734 18.0459 1098.8
Little: -0.987552 49.6624 1106.04
Thumb: 57.5832 81.7297 1084.45
Index: 82.1391 10.3438 1101.14
Middle: 46.7001 -0.641174 1083.4
Ring: 24.335 16.7968 1097.5
Little: 2.18298 47.8918 1105.02
Thumb: 60.4681 81.5535 1085.34
Index: 86.6261 9.11389 1102.65
Middle: 50.4557 -1.03172 1082.69
Ring: 26.5769 18.1635 1099.48
Little: 3.91631 47.9155 1104.39
Thumb: 62.3357 80.4261 1085.76
Index: 89.2191 7.14268 1102.16
Middle: 52.2395 -2.06632 1084.45
Ring: 27.0136 17.6739 1099.04
Little: 6.4866 49.401 1106.91
Thumb: 65.8459 81.5606 1086.35
Index: 89.8485 9.1961 1106.43
Middle: 53.6706 -0.97735 1083.11
Ring: 25.2824 17.881 1093.69
Little: 7.14798 51.3456 1108.11
Thumb: 66.321 82.045 1086.87
Index: 93.8591 19.6753 1109.69
Middle: 56.0798 -1.19022 1084.53
Ring: 24.3491 18.2661 1094.83
Little: 6.95184 52.9099 1109.42
Thumb: 66.9326 82.6342 1086.66
Index: 93.4502 22.4652 1112.22
Middle: 54.6272 -0.283741 1082.89
Ring: 22.8287 20.8391 1094.66
Little: 7.00778 55.9792 1110.64
Thumb: 66.4337 83.6193 1086.85
Index: 92.3127 23.9393 1112.71
Middle: 53.4506 0.764338 1081.77
Ring: 20.4487 22.7986 1094.82
Little: 5.54611 58.5059 1110.32
Thumb: 65.2918 84.4528 1087.36
Index: 88.6434 22.3237 1106.6
Middle: 49.8792 2.21003 1083.23
Ring: 18.7255 24.3664 1096.34
Little: 3.8444 58.8798 1110
Thumb: 63.8939 84.8095 1086.66
Index: 84.7407 24.1226 1111.1
Middle: 44.3051 3.24765 1082.36
Ring: 12.0183 26.3323 1091.26
Little: -0.301993 63.3327 1107.41
Thumb: 61.7404 86.7484 1086.71
Index: 93.9308 55.0123 1106.64
Middle: 41.0215 5.34654 1082.54
Ring: 7.48946 28.7144 1085.05
Little: -4.63517 64.345 1106.17
Thumb: 58.0023 89.2119 1086.39
Index: 90.9378 58.0125 1106.51
Middle: 37.0929 7.90488 1082.23
Ring: 4.60245 30.6031 1084.89
Little: -5.12245 69.3389 1107.21
Thumb: 54.5086 90.7429 1085.98
Index: 85.1327 56.821 1105.98
Middle: 29.5318 10.8887 1081.18
Ring: -0.467779 33.5562 1082.98
Little: -6.49888 76.094 1106.57
Thumb: 51.3137 90.3295 1085.96
Index: 78.9356 55.5354 1108.35
Middle: 22.6963 11.5456 1081.2
Ring: -6.78874 36.3883 1081.64
Little: -19.1042 70.7586 1100.82
Thumb: 47.983 92.3816 1086.29
Index: 73.5592 55.3457 1109.3
Middle: 16.1926 15.123 1080.91
Ring: -10.9777 39.5847 1080.16
Little: -24.9973 71.4859 1095.83
Thumb: 44.3939 95.3832 1086.83
Index: 69.6399 60.1396 1109.64
Middle: 10.8207 18.9407 1080.72
Ring: -14.9278 43.4122 1079.21
Little: -30.0333 76.1182 1093
Thumb: 37.9974 96.6315 1088.5
Index: 61.2751 60.1514 1111.97
Middle: 4.31175 20.0569 1082.62
Ring: -19.8196 43.5558 1080.78
Little: -35.2937 77.4284 1094.01
Thumb: 27.7948 95.4501 1087.73
Index: 53.2596 59.2434 1110.82
Middle: -1.83825 17.1174 1081.65
Ring: -27.07 39.3717 1082.45
Little: -39.0309 79.3019 1102.53
Thumb: 23.2769 96.2534 1089.8
Index: 46.422 60.9901 1115.76
Middle: -9.16942 19.0995 1084.56
Ring: -33.409 41.9903 1084.37
Little: -45.1983 81.7028 1101.1
Thumb: 19.8826 99.5034 1091.89
Index: 42.8396 65.2557 1118.12
Middle: -14.5222 23.4605 1084.88
Ring: -37.2929 45.7243 1086.41
Little: -51.9759 82.0972 1099.49
Thumb: 14.4628 103.049 1094.58
Index: 39.0512 69.0342 1122.64
Middle: -18.5153 26.0194 1090.05
Ring: -41.6658 48.1049 1092.11
Little: -55.9243 83.8927 1104.4
Thumb: 11.252 104.808 1097.66
Index: 16.8881 41.2963 1125.29
Middle: -22.1189 27.8454 1091.19
Ring: -44.4714 50.0464 1091.74
Little: -59.0886 85.6754 1104.6
Thumb: 4.6524 106.157 1098.97
Index: 6.28727 28.6884 1121.48
Middle: -26.5855 28.0393 1094
Ring: -51.2876 51.1751 1094.49
Little: -66.7978 84.4802 1102.78
Thumb: -2.2681 104.414 1101.11
Index: -0.967934 27.35 1128.16
Middle: -30.8995 24.676 1096.31
Ring: -58.5699 50.1834 1093
Little: -74.1738 84.5537 1101.53
Thumb: -13.5135 101.789 1100.04
Index: -15.1142 30.9853 1138.44
Middle: -33.1935 18.3102 1101.35
Ring: -64.8391 44.1626 1088.5
Little: -81.5686 82.4319 1095.69
Thumb: -11.0736 75.9423 1116.03
Index: -35.1285 87.0131 1178.58
Middle: -52.7652 63.8932 1146.04
Ring: -50.1642 15.9996 1110.04
Little: -55.156 51.5371 1089.21
Thumb: -8.47479 90.5681 1123.05
Index: -30.9014 104.146 1173.05
Middle: -36.0878 86.9209 1136.78
Ring: -40.4444 21.2237 1110.69
Little: -48.2658 69.413 1087.69
Thumb: -10.4405 93.0942 1117.7
Index: -49.9251 45.2283 1140.27
Middle: -50.9628 27.2649 1104.56
Ring: -45.3459 27.0207 1112.54
Little: -42.5623 56.0357 1078.84
Thumb: -16.4819 96.7261 1116.56
Index: -56.6812 44.5066 1146.69
Middle: -53.4171 23.8554 1113.94
Ring: -52.5934 31.6092 1109.56
Little: -43.6927 50.6969 1079.63
Thumb: -20.4681 97.1401 1118.39
Index: -62.5367 45.4869 1149.58
Middle: -58.9832 24.4376 1119.03
Ring: -51.246 27.8352 1112.92
Little: -49.9049 52.3827 1080.26
Thumb: -22.0458 98.4832 1119.15
Index: -64.1878 43.4933 1149.02
Middle: -61.1609 27.1047 1114.2
Ring: -53.4254 29.4828 1113.58
Little: -51.6713 54.5323 1082.15
Thumb: -23.2589 99.7008 1119.25
Index: -73.5858 56.9247 1152.8
Middle: -63.1356 28.0047 1118.26
Ring: -56.628 31.5498 1112.05
Little: -48.1751 50.9716 1078.56
Thumb: -24.0212 99.6923 1120.1
Index: -74.4224 79.2658 1153.48
Middle: -65.2897 29.3766 1117.38
Ring: -57.6259 31.6521 1114.01
Little: -48.2056 50.2959 1080.39
Thumb: -20.2791 110.852 1123
Index: -54.5167 155.607 1177.78
Middle: -63.7926 41.7132 1120.63
Ring: -70.3914 85.0885 1115.75
Little: -42.3974 61.7786 1088.73
Thumb: -21.7035 110.711 1123.52
Index: -56.4098 156.542 1175.77
Middle: -66.9248 43.6229 1118.27
Ring: -49.6506 97.9849 1110.6
Little: -40.8882 62.3467 1092.24
Thumb: -23.1899 113.296 1124.26
Index: -52.05 154.862 1172.79
Middle: -69.2423 47.3679 1115.44
Ring: -51.0687 101.204 1114.76
Little: -41.8777 65.5988 1095.13
Thumb: -25.3032 116.878 1125.23
Index: -58.8994 161.365 1169.2
Middle: -69.5261 50.6509 1112.46
Ring: -49.8727 106.684 1114.57
Little: -42.7187 68.6026 1095.78
Thumb: -27.2035 117.203 1124.92
Index: -60.8011 162.03 1169.65
Middle: -72.4208 50.8779 1113.66
Ring: -51.4979 107.126 1114.25
Little: -44.4726 68.7893 1095.73
Thumb: -27.945 117.306 1125.01
Index: -55.5745 158.849 1171.62
Middle: -74.8728 52.3696 1112.43
Ring: -58.1371 108.507 1113.71
Little: -45.8598 70.6636 1100.42
Thumb: -28.5987 117.123 1125.2
Index: -65.8885 162.495 1170.09
Middle: -75.3044 51.3132 1111.64
Ring: -61.2931 110.572 1112.07
Little: -44.3225 68.4212 1099.52
Thumb: -31.9887 114.873 1125.26
Index: -68.9325 160.18 1169.32
Middle: -78.2839 48.7264 1111.94
Ring: -64.7676 108.165 1112.73
Little: -47.5172 66.0808 1099.63
Thumb: -32.81 115.445 1125.07
Index: -73.3914 162.83 1170.08
Middle: -79.5707 49.1078 1112.77
Ring: -63.8532 107.556 1111.08
Little: -46.9543 67.3135 1102.04
Thumb: -34.0297 115.875 1125.08
Index: -75.2183 163.425 1169.81
Middle: -80.7762 49.6226 1112.37
Ring: -65.2282 107.559 1110.36
Little: -47.9396 67.6453 1102.09
Thumb: -35.4641 112.678 1124.71
Index: -75.5339 159.046 1171.41
Middle: -81.7938 46.6838 1110.8
Ring: -68.2905 103.42 1110.75
Little: -49.6925 64.4974 1101.29
Thumb: -36.5272 110.543 1121.11
Index: -77.1129 159.906 1164.35
Middle: -84.8982 46.0713 1106.69
Ring: -43.6288 141.781 1100.7
Little: -51.702 62.6049 1097.79
Thumb: -37.1521 110.721 1120.05
Index: -77.9412 159.843 1162.56
Middle: -85.3117 46.5386 1104.52
Ring: -50.7285 151.333 1095.47
Little: -52.1419 62.7272 1096.72
Thumb: -35.655 109.935 1115.83
Index: -68.3701 157.656 1160.71
Middle: -84.8285 46.0848 1101.7
Ring: -51.1945 152.332 1092.03
Little: -51.1047 61.9962 1092.69
Thumb: -35.9833 110.337 1112.28
Index: -68.0783 158.7 1156.29
Middle: -86.827 48.1243 1097.09
Ring: -50.129 151.915 1085.25
Little: -51.655 62.4287 1089.22
Thumb: -35.5038 109.507 1111.64
Index: -67.3755 158.582 1155.35
Middle: -86.8066 49.1965 1093.07
Ring: -48.7451 151.435 1084.51
Little: -52.027 61.9236 1088.5
Thumb: -34.8873 113.649 1109.27
Index: -69.9693 163.569 1153.02
Middle: -85.8668 53.0153 1090.96
Ring: -47.204 155.43 1082.2
Little: -51.8186 66.1417 1086.28
Thumb: -33.6185 112.599 1108.07
Index: -71.7367 161.136 1152.01
Middle: -84.632 53.2029 1087.3
Ring: -47.9663 153.873 1081.58
Little: -48.9216 64.3282 1084.73
Thumb: -34.3027 113.136 1106.84
Index: -80.0656 152.093 1146.66
Middle: -84.5762 52.9303 1086.45
Ring: -49.531 154.496 1080.71
Little: -49.2876 65.3626 1084.53
Thumb: -34.259 113.245 1106.86
Index: -80.1361 152.025 1146.71
Middle: -84.3135 52.8443 1086.49
Ring: -49.6581 154.562 1080.76
Little: -49.0763 65.4274 1084.53
Thumb: -33.5746 113.045 1105.47
Index: -81.0661 150.686 1144.7
Middle: -82.5698 51.4674 1085.68
Ring: -49.5864 153.985 1079.15
Little: -47.3603 64.8889 1083.21
Thumb: -32.1031 112.622 1106.32
Index: -80.6439 148.992 1145.26
Middle: -80.1916 50.0642 1087.23
Ring: -48.853 153.272 1080.01
Little: -45.3233 64.2261 1084.23
Thumb: -31.592 112.701 1106.95
Index: -80.054 148.689 1146
Middle: -80.1613 50.5817 1087.61
Ring: -48.626 153.241 1080.66
Little: -44.4036 64.2224 1084.81
Thumb: -29.578 114.303 1109.02
Index: -68.0145 149.424 1150.62
Middle: -77.5622 51.4841 1090.36
Ring: -47.0315 154.251 1081.15
Little: -42.0347 65.6321 1087.03
Thumb: -27.0641 115.438 1111.23
Index: -64.3358 147.908 1154.22
Middle: -72.5053 50.5165 1093.3
Ring: -48.067 155.439 1083.35
Little: -37.373 66.1682 1089.06
Thumb: -25.2303 115.566 1114.47
Index: -65.0066 147.718 1151.73
Middle: -68.1411 47.0402 1100.02
Ring: -42.1216 153.146 1082.38
Little: -31.5443 65.0673 1093.57
Thumb: -25.5859 116.004 1117.68
Index: -73.343 144.26 1149.09
Middle: -65.6039 46.379 1101.52
Ring: -42.0666 153.413 1084.37
Little: -29.6806 65.0016 1098
Thumb: -22.8716 116.241 1119.48
Index: -65.6026 139.719 1153.02
Middle: -59.8746 45.4746 1102.41
Ring: -41.3177 152.934 1086.38
Little: -25.4148 65.0724 1099.96
Thumb: -20.1935 117.879 1119.87
Index: -63.2163 138.773 1152.1
Middle: -56.0269 46.8463 1101.47
Ring: -33.021 152.61 1089.11
Little: -21.7015 66.7684 1099.84
Thumb: -15.4655 115.162 1120.26
Index: -59.5677 136.852 1151.16
Middle: -52.1096 42.816 1106.4
Ring: -29.0587 149.628 1089.54
Little: -16.4452 63.9986 1100.31
Thumb: -6.2386 115.861 1121.19
Index: -51.3699 139.949 1152.1
Middle: -45.0689 45.8197 1104.72
Ring: -18.946 151.128 1088.59
Little: -10.4532 65.0035 1101.44
Thumb: -1.67962 110.751 1123.41
Index: -44.8011 131.544 1155.96
Middle: -40.3633 41.142 1105.02
Ring: -19.1277 148.229 1092.64
Little: -3.59904 59.5909 1102.43
Thumb: 5.66677 110.834 1125.11
Index: -37.6912 131.534 1157.44
Middle: -32.0435 41.9896 1103.43
Ring: -10.6925 148.68 1096.41
Little: 3.61537 60.021 1103.69
Thumb: 10.0425 111.515 1125.87
Index: -33.6012 129.35 1158.46
Middle: -24.4113 40.9543 1104.08
Ring: -8.3331 148.248 1095.92
Little: 11.5652 60.2688 1103.33
Thumb: 15.3286 109.394 1128.9
Index: -31.6339 129.055 1161.35
Middle: -16.9337 38.1327 1106.64
Ring: -1.87548 144.116 1099.94
Little: 16.8149 58.1966 1106.09
Thumb: 21.5414 111.624 1126.05
Index: -21.3995 118.578 1156.74
Middle: -7.04369 36.0933 1110.65
Ring: 4.01768 146.147 1097.44
Little: 23.9204 60.7191 1102.66
Thumb: 27.2044 109.185 1125.2
Index: -16.7589 116.633 1154.1
Middle: -1.55865 34.7319 1107.43
Ring: 10.2651 143.996 1094.84
Little: 28.8718 57.9693 1103.16
Thumb: 32.226 107.14 1125.56
Index: -10.6404 114.001 1155.08
Middle: 4.51565 33.0026 1105.98
Ring: 14.3637 142.334 1095.16
Little: 33.6616 55.9114 1102.46
Thumb: 38.2307 103.414 1124.07
Index: -3.67429 109.538 1153.73
Middle: 12.3623 28.5574 1104.79
Ring: 19.0365 138.3 1093.04
Little: 42.0753 51.8024 1101.39
Thumb: 43.4801 109.491 1124.57
Index: 1.48473 115.195 1154.54
Middle: 21.9885 32.5144 1108.08
Ring: 23.1022 143.543 1093.7
Little: 48.3847 57.8782 1102.84
Thumb: 48.0177 110.3 1125.83
Index: 5.81709 113.88 1155.49
Middle: 28.4574 32.8834 1108.93
Ring: 26.9655 144.328 1095.29
Little: 55.4346 57.7321 1100.52
Thumb: 53.5812 111.849 1128.28
Index: 9.60716 112.108 1155.48
Middle: 34.5721 34.9059 1108.79
Ring: 33.4986 146.665 1097.97
Little: 61.7985 59.9437 1101.87
Thumb: 63.0577 111.762 1126.9
Index: 22.3938 117.61 1157.43
Middle: 39.2653 36.5075 1106.78
Ring: 43.8894 147.526 1097.05
Little: 68.156 59.3517 1100.69
Thumb: 69.0564 111.389 1127.64
Index: 28.2305 117.516 1157.79
Middle: 46.2118 35.7463 1107.93
Ring: 47.966 148.178 1096.42
Little: 74.1252 58.8911 1101.6
Thumb: 71.3035 110.029 1128.23
Index: 30.6364 114.473 1158.03
Middle: 47.9371 34.6672 1108.09
Ring: 49.9984 146.577 1096.84
Little: 75.7203 57.9793 1102.55
Thumb: 72.5781 106.41 1129.25
Index: 20.7946 102.202 1151.5
Middle: 47.4656 31.0237 1110.9
Ring: 54.1826 143.013 1099.02
Little: 74.2523 54.2574 1102.93
Thumb: 72.4408 107.33 1129.8
Index: 29.1218 108.256 1157.2
Middle: 45.7778 32.6357 1110.81
Ring: 54.7303 144.549 1100.08
Little: 72.789 55.4819 1102.87
Thumb: 72.1182 106.872 1131.78
Index: 9.50769 66.1587 1137.87
Middle: 42.941 32.8744 1113.63
Ring: 45.1296 149.407 1110.67
Little: 69.7392 54.7257 1101.96
Thumb: 71.0241 109.132 1133.75
Index: 10.9716 64.9708 1144.62
Middle: 41.2958 34.6228 1118.16
Ring: 41.0847 151.489 1119.97
Little: 66.8975 56.9361 1102.28
Thumb: 73.4437 108.767 1134.47
Index: 9.08742 70.6756 1153.77
Middle: 37.9773 35.7565 1123.02
Ring: 44.7911 152.975 1124.2
Little: 63.6648 57.0284 1102.22
Thumb: 76.6177 112.109 1133.53
Index: 12.6479 75.8944 1158.39
Middle: 35.6753 40.4773 1128.71
Ring: 49.4473 157.785 1127.36
Little: 55.2991 64.1743 1100.73
Thumb: 80.1768 112.226 1133.73
Index: 17.2873 76.1082 1163.29
Middle: 34.8038 43.0622 1130.76
Ring: 55.306 159.492 1130.59
Little: 54.2108 68.4299 1108.62
Thumb: 82.5433 115.476 1132.06
Index: 24.2215 74.1361 1167.18
Middle: 40.7241 44.1382 1129.24
Ring: 58.5554 160.142 1132.48
Little: 53.183 74.4862 1106.58
Thumb: 83.1559 115.502 1130.98
Index: 25.4544 73.7464 1166.93
Middle: 41.8972 43.5875 1129.54
Ring: 59.152 159.878 1131.75
Little: 53.9823 73.2807 1103.28
Thumb: 84.881 115.374 1130.5
Index: 27.3534 73.0091 1168
Middle: 42.9612 43.8058 1129.39
Ring: 50.5784 109.642 1121.62
Little: 56.3746 72.9926 1102.73
Thumb: 83.9537 116.252 1130.29
Index: 50.5331 55.7534 1146.66
Middle: 40.656 46.283 1125.82
Ring: 38.3043 58.8784 1107.79
Little: 43.5514 80.7242 1080.71
Thumb: 83.5286 117.829 1130.67
Index: 47.3427 57.918 1150.59
Middle: 40.8271 47.7794 1124.95
Ring: 38.4599 60.0359 1106.43
Little: 40.9336 85.151 1081.03
Thumb: 84.1789 118.943 1131.05
Index: 41.9425 63.3005 1153.08
Middle: 40.5841 49.3661 1126.1
Ring: 37.5638 62.6472 1107.92
Little: 38.6375 91.4019 1083.08
Thumb: 83.5095 119.492 1131.12
Index: 44.1505 61.5082 1152.36
Middle: 41.0893 49.31 1125.18
Ring: 37.3582 61.7976 1107.38
Little: 38.097 90.0627 1084.46
Thumb: 83.6424 119.346 1131.47
Index: 48.8949 57.9361 1153.59
Middle: 44.2069 47.0315 1127.22
Ring: 35.5986 63.4746 1108.52
Little: 36.5459 93.375 1086.7
Thumb: 83.4121 119.342 1131.95
Index: 47.1709 58.8347 1154.3
Middle: 41.0526 49.3618 1126.83
Ring: 35.7604 63.2115 1108.76
Little: 36.5449 93.7925 1086.98
Thumb: 82.2028 119.028 1133.24
Index: 48.0391 56.977 1155.68
Middle: 43.1101 46.8055 1128.17
Ring: 33.4514 63.9658 1110.99
Little: 34.2833 95.6748 1086.5
Thumb: 81.9804 118.91 1133.16
Index: 47.7048 56.7785 1155.91
Middle: 42.5477 46.3013 1130.6
Ring: 31.5384 64.2168 1113.56
Little: 33.8571 95.4055 1087.8
Thumb: 81.7805 118.775 1133.22
Index: 47.3403 59.4268 1149.02
Middle: 43.43 44.5216 1138.32
Ring: 31.1573 64.0816 1113.94
Little: 33.6555 95.1416 1088
Thumb: 81.7813 118.778 1133.21
Index: 47.2682 59.4696 1149.04
Middle: 43.4626 44.5108 1138.27
Ring: 31.2314 63.9987 1113.98
Little: 33.6593 95.1434 1087.99
Thumb: 79.7222 117.331 1136.41
Index: 47.3522 56.8354 1151.3
Middle: 40.3689 43.9874 1142.4
Ring: 30.5132 61.9783 1114.59
Little: 32.777 92.4927 1089.94
Thumb: 79.7191 117.207 1136.55
Index: 44.4697 58.3384 1152.34
Middle: 40.3829 43.9477 1141.89
Ring: 28.9843 62.8238 1116.72
Little: 33.7673 91.3406 1089.73
Thumb: 76.0547 111.361 1137.57
Index: 41.1887 52.1917 1152.3
Middle: 31.3253 42.2167 1137.78
Ring: 20.5525 63.6102 1118.41
Little: 30.2956 95.1599 1091.73
Thumb: 75.1068 111.006 1136.02
Index: 37.639 53.1357 1152.24
Middle: 30.2323 42.1531 1135.24
Ring: 20.088 62.1271 1116.47
Little: 29.8915 96.6568 1090.3
Thumb: 72.982 110.176 1135.7
Index: 34.2214 52.8842 1151.87
Middle: 24.4891 44.7805 1135.29
Ring: 18.3477 61.6402 1112.29
Little: 30.7408 99.9731 1088.74
Thumb: 72.3311 112.102 1137.85
Index: 39.5292 52.0113 1152.42
Middle: 26.4816 45.2037 1130.18
Ring: 19.449 62.8206 1110.97
Little: 32.3611 98.4786 1087.66
Thumb: 70.6558 112.112 1139.83
Index: 37.1475 52.576 1154.82
Middle: 11.1083 64.8993 1133.7
Ring: 16.9003 63.347 1112.09
Little: 29.1133 100.506 1089.69
Thumb: 69.7453 112.812 1140.9
Index: 39.5953 52.054 1155.41
Middle: 12.0709 64.1585 1132.41
Ring: 18.023 61.4985 1112.87
Little: 27.5607 97.4934 1089.86
Thumb: 67.7057 109.992 1141.22
Index: 35.4607 50.1294 1156.36
Middle: 10.6301 58.3167 1129.63
Ring: 16.3227 57.5786 1114.39
Little: 26.2341 100.6 1092.46
Thumb: 66.5471 108.487 1140.97
Index: 32.8511 49.457 1155.8
Middle: 17.1875 48.4011 1124.39
Ring: 17.117 54.0732 1118.47
Little: 26.7255 99.5222 1093.11
Thumb: 64.5588 105.376 1140.5
Index: 26.9199 76.0748 1167.11
Middle: 20.8339 40.5482 1123.7
Ring: 19.0468 46.9313 1118.95
Little: 23.1092 100.693 1094.21
Thumb: 61.9155 103.531 1138.42
Index: 29.85 88.2594 1170.86
Middle: 14.0143 41.5418 1122.07
Ring: 18.3763 44.2731 1115.13
Little: 21.5403 102.03 1091.89
Thumb: 58.4167 101.167 1134.52
Index: 25.7895 86.9935 1167.64
Middle: 10.3513 38.8149 1119.47
Ring: 18.8753 38.129 1111.74
Little: 16.9556 104.104 1089.61
Thumb: 58.6478 102.374 1134.11
Index: 22.7354 84.5864 1165.56
Middle: 12.6054 38.2044 1117.87
Ring: 17.0083 40.9687 1110.26
Little: 16.194 103.614 1088.81
Thumb: 57.3375 103.729 1130.67
Index: 21.7028 86.9477 1162.57
Middle: 10.608 40.0134 1114.36
Ring: 18.1906 39.9475 1109.93
Little: 12.2139 104.441 1085.15
Thumb: 54.19 102.998 1129.43
Index: 20.0356 86.816 1161.25
Middle: 5.62562 40.6183 1113.05
Ring: 14.0219 39.624 1110.22
Little: 14.0788 108.514 1084.13
Thumb: 52.9674 102.974 1129.11
Index: 16.6933 88.9833 1160.78
Middle: 3.81879 41.2395 1112.41
Ring: 12.2743 39.3468 1111.51
Little: 12.4455 107.357 1083.18
Thumb: 49.411 102.756 1127.36
Index: 11.4101 88.368 1159.01
Middle: -0.897967 41.0942 1112.94
Ring: -11.7591 58.8952 1111.06
Little: 14.8422 109.054 1081.55
Thumb: 45.6798 103.328 1129.57
Index: 5.37736 93.3341 1162.82
Middle: -7.69945 44.1108 1118.37
Ring: -18.5242 68.682 1110.79
Little: 17.538 108.033 1084.41
Thumb: 41.0304 100.293 1129.31
Index: -1.55172 90.9247 1161.49
Middle: -17.9641 46.8911 1120.78
Ring: -28.2903 76.5493 1114.78
Little: 15.5666 106.861 1083.97
Thumb: 38.6295 100.418 1129.53
Index: -7.8123 93.0422 1163.46
Middle: -23.6651 52.3369 1123.02
Ring: -30.7875 85.8647 1117.89
Little: 0.823953 97.7636 1085.72
Thumb: 36.8763 98.1183 1130.06
Index: -13.0788 91.9638 1163.8
Middle: -28.871 56.065 1124.04
Ring: -31.3381 85.8027 1121.68
Little: -3.42471 94.798 1087.12
Thumb: 35.2403 98.9847 1129.32
Index: -16.7127 91.3 1163.16
Middle: -32.8839 60.0771 1124.55
Ring: -35.2213 82.6189 1123.03
Little: -7.61799 92.8796 1087.82
Thumb: 34.575 98.9532 1129.49
Index: -20.065 93.1558 1162.45
Middle: -35.1694 61.4105 1123.96
Ring: -35.0122 85.6176 1123.98
Little: -8.05629 92.3929 1088.67
Thumb: 31.7467 100.273 1129.94
Index: -23.3822 93.9657 1163.65
Middle: -37.4005 63.2077 1124.34
Ring: -36.9526 89.6114 1124.46
Little: -12.2875 89.6466 1091.1
Thumb: 30.4314 100.414 1128.75
Index: -24.0758 94.0532 1161.82
Middle: -39.1997 62.3884 1123.5
Ring: -38.6657 88.7479 1122
Little: -12.3635 92.7045 1087.92
Thumb: 28.4682 99.849 1128.3
Index: -25.6115 94.5149 1161.81
Middle: -41.2133 62.0701 1122.54
Ring: -40.8117 88.5232 1121.84
Little: -14.0542 92.5681 1087.43
Thumb: 27.6966 100.894 1126.52
Index: -25.3808 92.1819 1159.96
Middle: -41.1433 62.7933 1121.09
Ring: -40.8411 86.0311 1121.26
Little: -15.2983 91.0588 1086.67
Thumb: 27.2275 99.8874 1126.1
Index: -30.8534 94.6848 1162.27
Middle: -42.6052 62.6513 1120.83
Ring: -41.1029 87.0967 1119.32
Little: -13.1225 90.0889 1086.76
Thumb: 26.723 99.5668 1125.3
Index: -34.8737 91.6815 1163.29
Middle: -41.1502 58.8888 1120.13
Ring: -41.7539 84.2684 1120.99
Little: -15.042 88.998 1087.04
Thumb: 26.0238 97.4923 1125.72
Index: -38.1315 83.3732 1159.54
Middle: -40.8968 55.8371 1119.23
Ring: -44.5793 76.6678 1121.21
Little: -13.2266 87.9598 1084.99
Thumb: 28.6867 98.2401 1117.73
Index: -32.8931 73.443 1151.11
Middle: -35.9814 67.488 1118.3
Ring: -41.07 74.8033 1117.17
Little: -8.90556 89.0708 1079.54
Thumb: 29.4093 98.332 1116.37
Index: -33.0736 77.7775 1152.62
Middle: -35.0091 64.49 1116.25
Ring: -40.2857 74.452 1115.19
Little: -9.56925 90.0698 1077.48
Thumb: 31.1904 98.1527 1118.3
Index: -32.2921 72.8806 1151.51
Middle: -35.2942 56.7076 1114.47
Ring: -27.94 54.0287 1098.15
Little: -7.52667 88.3749 1076.13
Thumb: 31.3828 98.0663 1118.34
Index: -31.0315 69.0728 1149.9
Middle: -33.5561 58.2215 1114.93
Ring: -27.3397 54.2031 1096.03
Little: -10.1556 84.0019 1073.39
Thumb: 31.3442 98.5883 1118.27
Index: -16.2013 90.2234 1159.21
Middle: -31.0832 53.2305 1113.78
Ring: -26.0521 52.3123 1093.44
Little: -11.2945 82.3601 1072.32
Thumb: 31.0968 97.0729 1118.81
Index: -11.2655 89.3279 1160.26
Middle: -28.8719 47.353 1112.62
Ring: -25.1852 49.8257 1091.17
Little: -12.8997 82.2119 1072.73
Thumb: 31.0075 96.583 1118.4
Index: -10.4724 88.3671 1159.56
Middle: -28.8951 46.44 1112.13
Ring: -23.435 47.598 1089.86
Little: -12.9775 81.5824 1072.26
Thumb: 30.9678 96.4149 1118.33
Index: -10.4592 87.9418 1159.33
Middle: -27.0167 46.5366 1111.82
Ring: -20.141 44.6064 1088.38
Little: -12.5921 81.6629 1071.65
Thumb: 31.0155 96.3224 1117.83
Index: -14.8497 83.3674 1157.18
Middle: -26.9845 45.5214 1110.96
Ring: -14.5325 39.7874 1085.52
Little: -12.5849 81.771 1070.83
Thumb: 31.1025 96.2376 1117.91
Index: -11.5501 86.7184 1158.5
Middle: -26.2966 43.7491 1109.74
Ring: -8.15771 36.0861 1083.06
Little: -9.87038 84.7681 1071.71
Thumb: 31.3586 97.7802 1117.6
Index: -13.3505 89.7047 1156.12
Middle: -20.4593 36.7838 1104.35
Ring: -2.27263 34.7454 1081.72
Little: -8.33609 87.6845 1070.92
Thumb: 31.6956 102.524 1119.96
Index: -15.8114 96.7948 1156.26
Middle: -12.4234 36.4752 1104.24
Ring: 3.92662 36.8923 1085.18
Little: -3.46758 88.1901 1070.33
Thumb: 32.4319 102.351 1120.46
Index: -20.3045 100.84 1157.08
Middle: -11.3917 36.1508 1104.5
Ring: 9.0278 34.8151 1085.54
Little: 4.75922 78.4746 1067.94
Thumb: 33.2704 102.745 1123.74
Index: -2.55948 128.292 1172.37
Middle: -8.41022 35.0221 1108.4
Ring: 10.3457 35.0105 1089.28
Little: 8.71597 81.4008 1073.03
Thumb: 33.276 102.746 1123.74
Index: -24.0674 120.706 1168.5
Middle: -7.84431 34.6746 1108.31
Ring: 14.1799 33.1776 1088.87
Little: 7.99547 80.0629 1072.46
Thumb: 33.276 102.746 1123.74
Index: -24.0674 120.706 1168.5
Middle: -7.84431 34.6746 1108.31
Ring: 14.1799 33.1776 1088.87
Little: 7.99547 80.0629 1072.46
Thumb: 36.8759 101.438 1127.16
Index: 9.72077 125.95 1175.44
Middle: -12.778 38.4109 1113.34
Ring: 18.1992 31.7715 1092.26
Little: 15.065 83.4131 1077.43
Thumb: 36.8836 101.156 1126.49
Index: 10.7107 126.18 1176.95
Middle: -13.017 38.1402 1113.35
Ring: 19.063 31.6411 1090.59
Little: 13.8177 82.4047 1076.68
Thumb: 37.0295 101.217 1126.66
Index: 11.0278 126.254 1177.2
Middle: -39.5733 94.6164 1133.89
Ring: 19.3922 31.6522 1090.76
Little: 21.7992 86.0614 1079.15
Thumb: 37.3795 101.16 1126.58
Index: 9.46247 127.681 1178.02
Middle: -39.574 96.3878 1135.2
Ring: 21.6545 29.9183 1094.32
Little: 22.2326 85.7465 1079.57
Thumb: 37.3971 101.156 1126.58
Index: 5.2435 128.766 1178.42
Middle: -9.97831 44.6436 1116.72
Ring: -22.7138 123.615 1121.89
Little: 22.2417 85.7438 1079.58
Thumb: 37.0426 100.974 1127.34
Index: 6.36088 128.318 1178.79
Middle: -5.14989 84.1623 1131.61
Ring: 19.8563 29.8633 1095.75
Little: 21.8157 84.9565 1086.27
Thumb: 35.6009 100.779 1128.73
Index: 1.47497 126.55 1180.79
Middle: -6.14507 85.3851 1134.85
Ring: 18.4477 29.7269 1097.11
Little: 21.4057 86.1365 1090.59
Thumb: 34.5236 100.144 1128.25
Index: -1.48574 125.661 1180.78
Middle: -10.0953 77.0023 1131.55
Ring: 15.946 31.0516 1091.97
Little: 20.5156 86.0804 1090.14
Thumb: 33.8309 97.8674 1128.26
Index: -1.23324 123.503 1179.7
Middle: -4.05839 82.4408 1133.93
Ring: -12.0221 53.8906 1101.76
Little: 19.5079 86.4065 1088.26
Thumb: 30.1893 93.7658 1123.83
Index: -2.60164 118.336 1177.35
Middle: -6.79612 76.6882 1130.62
Ring: -14.8497 48.4523 1098.2
Little: 16.3312 80.8106 1084.95
Thumb: 29.223 92.6402 1123.4
Index: -6.95462 118.056 1177.34
Middle: -7.80891 75.3701 1130.01
Ring: -15.7397 47.4822 1097.45
Little: -5.71758 83.3861 1081.58
Thumb: 15.0508 89.5591 1084.89
Index: 30.2306 104.426 1154.32
Middle: -3.34594 60.4352 1109.45
Ring: -35.7558 43.4325 1104.06
Little: -38.0089 75.7148 1074.02
Thumb: 28.4789 95.1926 1115.3
Index: -1.61162 118.29 1169.83
Middle: -12.605 74.6657 1122.05
Ring: -16.3709 51.5087 1090.62
Little: -12.9051 66.0531 1081.33
Thumb: 28.2242 94.4488 1114.68
Index: -2.14095 116.642 1168.76
Middle: -8.59538 78.849 1122.97
Ring: -17.5721 55.4365 1091.91
Little: -15.1317 67.8152 1079.72
Thumb: 28.2511 94.4273 1114.69
Index: -2.01639 116.438 1168.7
Middle: -9.2025 78.5916 1122.94
Ring: -17.4849 52.8617 1090.86
Little: -15.1067 67.1705 1080.21
Thumb: 28.2894 94.404 1114.69
Index: -1.57128 117.174 1168.89
Middle: -9.24195 78.7741 1122.97
Ring: -17.9639 57.4268 1092.78
Little: -15.3935 68.3251 1079.67
Thumb: 28.2967 94.4057 1114.69
Index: -1.88268 116.806 1168.76
Middle: -9.177 78.5929 1122.9
Ring: -17.9647 55.7844 1092.1
Little: -15.4266 68.2486 1079.69
Thumb: 32.4054 102.281 1108.82
Index: 12.2954 117.598 1173.61
Middle: -20.0299 84.3242 1125.66
Ring: -20.2356 61.6018 1084.99
Little: -18.1017 79.5652 1083.38
Thumb: 32.1839 102.769 1105.84
Index: 15.8058 118.515 1170.41
Middle: -15.1262 80.8707 1118.65
Ring: -19.9935 61.828 1082.33
Little: -18.5444 80.5445 1080.73
Thumb: 31.1286 106.478 1104.49
Index: -16.4613 109.426 1172.96
Middle: -16.0873 82.4041 1117.85
Ring: -20.4244 60.211 1077.62
Little: -20.2669 84.3117 1080.17
Thumb: -5.66632 86.6935 1095.89
Index: -30.5042 77.5563 1173.01
Middle: -43.2674 67.7763 1118.7
Ring: -62.8461 76.4174 1119.68
Little: -68.4969 88.1392 1097.37
Thumb: 28.1301 105.446 1102.64
Index: -23.5237 87.9033 1159.72
Middle: -15.6205 83.9109 1116.99
Ring: -23.0263 57.6714 1073.89
Little: -22.7034 86.99 1078.11
Thumb: 28.0362 105.15 1102.38
Index: -22.6379 101.194 1169.11
Middle: -16.5326 83.628 1116.86
Ring: -24.9347 57.3082 1074.33
Little: -23.2283 88.112 1077.8
Thumb: 28.679 107.187 1099.85
Index: -20.4139 103.672 1168.08
Middle: -15.6905 85.0848 1114.9
Ring: -24.6778 59.2933 1072.34
Little: -23.0121 91.438 1075.72
Thumb: 28.5834 107.129 1099.57
Index: -20.6756 103.711 1167.29
Middle: -16.2111 84.9365 1114.3
Ring: -24.39 58.8424 1071.31
Little: -22.8549 91.4205 1075.43
Thumb: 29.1988 107.595 1099.28
Index: -24.7657 91.7532 1161.16
Middle: -15.5145 83.4895 1113.47
Ring: -25.9332 61.5689 1073.82
Little: -24.5774 93.1291 1076.05
Thumb: 29.2132 107.587 1099.28
Index: -25.1003 88.7158 1159.01
Middle: -15.4602 83.5194 1113.5
Ring: -25.3757 60.7096 1072.95
Little: -24.5454 92.9706 1076.1
Thumb: 27.7912 107.228 1100.16
Index: -25.0834 84.7892 1155.84
Middle: -18.1632 87.7745 1117.95
Ring: -27.4613 60.9707 1074.21
Little: -26.2237 89.1755 1077.74
Thumb: 28.4899 107.152 1101.07
Index: -24.3479 89.506 1155.84
Middle: -26.9016 56.6837 1097.12
Ring: -31.1701 65.131 1078.81
Little: -24.0637 85.3262 1077.7
Thumb: 21.651 103.139 1109.02
Index: -26.4018 88.3099 1166.52
Middle: -26.6657 68.6399 1117.45
Ring: -27.7706 50.763 1079.59
Little: -28.7008 77.3833 1084.85
Thumb: -3.13045 93.3152 1118.16
Index: -16.6533 94.7139 1194.18
Middle: -42.6803 56.5864 1149.81
Ring: -44.315 29.1175 1098.97
Little: -59.2816 61.6039 1111.88
Thumb: 1.89029 84.8363 1126.73
Index: -51.7652 79.9827 1181.6
Middle: -56.6143 59.5141 1128.82
Ring: -49.0085 59.9502 1110.38
Little: -50.6711 61.6833 1101.68
Thumb: -14.7158 89.9364 1129.83
Index: 42.2022 64.9842 1182.59
Middle: -22.7965 41.189 1172.1
Ring: -13.8745 48.6261 1169.78
Little: -29.2784 101.371 1194.58
Thumb: -10.3071 90.0913 1134.51
Index: 53.0676 66.4763 1181.51
Middle: -30.5865 27.7784 1167.17
Ring: -23.3901 39.9807 1172.95
Little: -39.3565 47.8284 1155.39
Thumb: -8.062 94.9441 1140
Index: 49.7144 62.025 1185.03
Middle: -39.6247 27.7789 1168.56
Ring: -28.089 38.1261 1173.58
Little: -40.9074 54.0607 1163.35
Thumb: -4.65468 101.963 1145.91
Index: 56.039 67.9962 1187.2
Middle: -33.6291 34.796 1176.22
Ring: -37.6943 35.4774 1167.53
Little: -38.9739 62.3694 1171.25
Thumb: -1.60107 105.355 1150.48
Index: 57.3434 66.526 1189.92
Middle: -19.9641 47.6755 1185.27
Ring: -20.4636 34.3027 1159.72
Little: -35.1171 68.4744 1179.61
Thumb: 4.67924 106.509 1154.43
Index: 54.974 61.3452 1193.76
Middle: -10.6393 52.0245 1189.01
Ring: 1.74088 51.4626 1177.26
Little: -28.8707 68.4253 1181.68
Thumb: 7.78414 110.978 1159.42
Index: 68.0426 73.7236 1195.01
Middle: -1.42143 58.0531 1194.02
Ring: 6.48456 56.2677 1184.26
Little: -19.7667 71.9219 1186.61
Thumb: 12.2223 111.035 1161.39
Index: 75.7226 75.6365 1191.19
Middle: 7.03891 57.6984 1194.78
Ring: 11.4853 55.8799 1187.99
Little: -11.2409 69.0884 1188.14
Thumb: 20.0816 113.093 1158.89
Index: 77.2605 72.2095 1191.29
Middle: 17.2528 58.4591 1191.28
Ring: 20.247 52.9188 1184.74
Little: -4.00005 70.7119 1184.44
Thumb: 22.5771 112.313 1158.71
Index: 78.1988 68.4332 1189.54
Middle: 15.9105 59.124 1193.24
Ring: 21.3589 57.1439 1184.91
Little: -3.56944 71.5948 1184.95
Thumb: 29.5357 115.071 1155.03
Index: 86.5369 72.8549 1186.52
Middle: 25.1701 61.4483 1189.48
Ring: 30.3692 59.9679 1181.25
Little: 5.51268 73.4736 1181.75
Thumb: 31.8788 112.257 1151.76
Index: 91.0357 72.4877 1184.94
Middle: 3.14678 43.3608 1181.7
Ring: 30.2982 57.1914 1178.03
Little: 5.9116 71.5248 1177.99
Thumb: 36.8658 110.034 1147
Index: 98.7873 72.677 1178.45
Middle: 9.98179 39.8354 1175.34
Ring: 36.9134 54.145 1171.53
Little: 12.1843 67.8206 1172.1
Thumb: 40.4855 109.274 1142.73
Index: 106.923 74.4586 1168.5
Middle: 27.1969 41.5528 1176.79
Ring: 43.2432 39.3959 1154.83
Little: 18.7462 65.9754 1168.69
Thumb: 44.2709 103.766 1137.44
Index: 49.1648 33.3236 1137.1
Middle: 29.0812 31.2307 1165.2
Ring: 51.0798 34.5182 1144.88
Little: 24.2181 58.4762 1161.27
Thumb: 45.0426 102.261 1135.94
Index: 46.4766 32.4363 1134.4
Middle: 33.3513 28.1807 1162.49
Ring: 45.4909 28.9042 1135.22
Little: 27.4649 56.9805 1161.53
Thumb: 43.7715 101.883 1135.41
Index: 41.3562 32.122 1133.51
Middle: 43.1463 39.1421 1163.76
Ring: 54.3113 45.3118 1147.46
Little: 24.8409 57.4324 1161.49
Thumb: 44.051 101.961 1135.26
Index: 40.9211 32.331 1132.98
Middle: 46.3214 42.9438 1161.81
Ring: 54.3625 46.7032 1148.29
Little: 25.2716 57.5032 1161.45
Thumb: 47.7507 96.9071 1134.42
Index: 65.0939 31.8193 1141.28
Middle: 68.6014 74.0807 1146.68
Ring: 69.6067 71.7582 1176.38
Little: 39.0276 57.7316 1168.44
Thumb: 49.7795 96.4344 1133.68
Index: 71.2308 32.5672 1138.71
Middle: 72.1915 74.3096 1146.84
Ring: 75.1888 73.1482 1173.2
Little: 44.5137 56.4244 1167.85
Thumb: 49.2001 94.0768 1133.02
Index: 71.1339 29.863 1137.28
Middle: 71.8886 72.0031 1146.18
Ring: 75.7984 72.2122 1168.59
Little: 44.6924 54.7186 1167.44
Thumb: 49.4526 91.8311 1133.55
Index: 71.9995 27.8023 1137.51
Middle: 71.8807 69.446 1146.63
Ring: 74.8448 73.3853 1166.9
Little: 44.5275 52.5504 1168
Thumb: 50.2805 91.1803 1134.17
Index: 81.6741 69.1715 1113.37
Middle: 81.6972 78.057 1143.62
Ring: 84.8154 69.1798 1157.5
Little: 62.8342 65.9313 1178.9
Thumb: 49.6809 90.6805 1133.13
Index: 81.7468 69.4827 1112.11
Middle: 78.0871 73.469 1143.66
Ring: 80.567 69.9016 1166.22
Little: 57.3866 61.2477 1173.74
Thumb: 50.8454 90.5338 1135.34
Index: 82.3853 70.6369 1113.37
Middle: 80.7579 79.6583 1142.85
Ring: 84.9354 73.072 1164.67
Little: 69.5872 63.6275 1183
Thumb: 50.8784 90.2723 1134.59
Index: 83.6572 70.9959 1113.27
Middle: 81.2303 80.2641 1142.31
Ring: 84.5431 73.6075 1163.55
Little: 69.1743 59.2294 1180.63
Thumb: 50.297 90.1157 1134.03
Index: 82.595 70.8897 1111.8
Middle: 81.0318 79.3948 1141.36
Ring: 83.4311 75.4166 1160.4
Little: 70.0607 58.9472 1177.26
Thumb: 49.4179 90.0008 1133.67
Index: 80.4536 70.8704 1110.02
Middle: 80.3089 79.1296 1139.87
Ring: 82.9932 74.2293 1157.95
Little: 69.3134 55.0807 1174.52
Thumb: 48.2045 89.9103 1132.49
Index: 78.998 70.4076 1108.87
Middle: 75.9463 77.8923 1137.83
Ring: 81.5407 74.2766 1157.17
Little: 65.9926 53.1936 1172.03
Thumb: 43.6323 87.7573 1133.59
Index: 75.6918 68.6218 1111.38
Middle: 71.3908 76.9327 1139.77
Ring: 76.6001 73.0027 1157.36
Little: 61.485 51.8898 1174.16
Thumb: 44.2923 87.7192 1133.67
Index: 76.3972 69.5651 1111.07
Middle: 73.206 78.9834 1139.29
Ring: 77.3416 73.3031 1157.33
Little: 66.1682 56.5396 1176.93
Thumb: 44.2212 87.7169 1133.65
Index: 76.5141 69.3398 1111.27
Middle: 73.1287 78.965 1139.27
Ring: 76.0478 73.3536 1160.23
Little: 64.8302 54.2727 1175.77
Thumb: 44.303 87.7336 1133.67
Index: 76.4748 69.6518 1111.06
Middle: 73.2181 79.0031 1139.28
Ring: 76.1464 73.3962 1160.24
Little: 64.9613 54.3332 1175.8
Thumb: 44.2985 87.7132 1133.71
Index: 76.2949 69.3938 1111.17
Middle: 73.2215 79.0084 1139.38
Ring: 76.2422 74.4709 1160.32
Little: 64.7916 54.2683 1175.88
Thumb: 44.1366 87.7441 1133.66
Index: 76.2591 69.5303 1111.09
Middle: 73.0341 78.9418 1139.31
Ring: 75.8402 73.1992 1160.29
Little: 62.8252 51.8407 1174.46
Thumb: 44.1713 87.6734 1133.68
Index: 76.3152 69.5088 1111.09
Middle: 73.0591 78.9077 1139.3
Ring: 75.9005 73.163 1160.29
Little: 62.9164 51.7849 1174.46
Thumb: 44.1784 87.7287 1133.66
Index: 76.3208 69.5557 1111.09
Middle: 72.9554 78.9344 1139.25
Ring: 75.9104 73.2289 1160.28
Little: 62.928 51.856 1174.45
Thumb: 44.1788 87.7423 1133.75
Index: 76.4015 69.6742 1111.15
Middle: 72.9402 78.9279 1139.34
Ring: 75.9128 73.2497 1160.37
Little: 62.9329 51.8775 1174.54
Thumb: 43.9309 87.479 1133.75
Index: 76.1711 69.4117 1111.2
Middle: 72.6911 78.6815 1139.38
Ring: 75.6407 72.9964 1160.41
Little: 63.3361 65.9265 1179.11
Thumb: 42.4025 90.7651 1135.47
Index: 73.8894 73.2792 1111.57
Middle: 70.9814 81.7626 1140.08
Ring: 78.0329 75.1291 1162.31
Little: 64.0286 67.7904 1179.69
Thumb: 42.5841 90.7648 1135.48
Index: 74.2519 73.4528 1111.73
Middle: 70.9056 81.4218 1140.35
Ring: 78.1866 75.4271 1163.01
Little: 63.9374 68.4894 1179.86
Thumb: 42.6009 90.7736 1135.49
Index: 74.2688 73.4591 1111.74
Middle: 70.9223 81.4311 1140.37
Ring: 78.203 75.4389 1163.03
Little: 63.951 68.5053 1179.88
Thumb: 41.499 91.2582 1135.15
Index: 73.0377 72.7937 1112.07
Middle: 69.3987 80.8249 1140.69
Ring: 76.0369 75.7523 1161.54
Little: 60.9105 68.5 1180.15
Thumb: 38.9043 93.8683 1134.35
Index: 69.5633 73.9692 1111.14
Middle: 66.638 82.1331 1139.71
Ring: 69.1292 80.0998 1159.41
Little: 55.866 66.5139 1177.62
Thumb: 38.2462 94.1045 1129.3
Index: 67.4536 70.1764 1107.55
Middle: 60.6632 73.7194 1138.11
Ring: 70.8913 71.4144 1157.21
Little: 34.4314 53.3967 1163.26
Thumb: 37.7372 94.0221 1126.46
Index: 65.648 69.3756 1104.42
Middle: 59.6197 72.4568 1134.41
Ring: 70.1342 70.4351 1153.94
Little: 31.2713 52.8739 1159.24
Thumb: 38.0974 93.7369 1125.67
Index: 65.6606 68.9525 1103.24
Middle: 62.6633 75.4569 1132.29
Ring: 69.3447 71.0197 1152.21
Little: 31.4896 52.4401 1158.24
Thumb: 37.6465 94.4572 1123.14
Index: 64.0447 69.2167 1100.03
Middle: 59.1607 73.9168 1130.08
Ring: 59.8407 70.5717 1141.7
Little: 20.4639 48.8705 1149.71
Thumb: 37.3792 94.3614 1122.38
Index: 63.2659 68.4181 1099.1
Middle: 58.2355 71.4415 1126.79
Ring: 59.8185 71.8618 1140.7
Little: 20.0883 48.2947 1150.99
Thumb: 40.986 95.8184 1117.73
Index: 65.9763 69.8598 1093.18
Middle: 60.3432 71.3124 1121.25
Ring: 64.3612 72.8479 1135.78
Little: 24.9139 49.6191 1146.84
Thumb: 41.2824 96.1142 1117.77
Index: 65.9595 70.1113 1093.71
Middle: 60.8595 72.0995 1121.78
Ring: 64.4867 73.1968 1135.38
Little: 50.1636 75.4501 1161.84
Thumb: 43.2772 98.0273 1116.17
Index: 32.9894 29.2833 1108.99
Middle: 60.0157 73.0031 1119.64
Ring: 61.1223 71.0563 1128.51
Little: 52.9441 107.006 1167.42
Thumb: 43.5775 99.8847 1112.9
Index: 32.4182 31.52 1105.9
Middle: 58.4099 55.1763 1131.05
Ring: 55.4283 79.3049 1128.53
Little: 50.8799 106.763 1162.5
Thumb: 44.2316 98.7203 1110.03
Index: 36.2276 29.6649 1104.06
Middle: 61.8601 56.4726 1126.93
Ring: 60.0092 78.049 1126.44
Little: 55.1085 106.898 1160.57
Thumb: 45.7822 98.482 1110.02
Index: 40.5494 29.2206 1103.47
Middle: 65.4411 56.6049 1125.81
Ring: 59.7918 78.8433 1124.43
Little: 52.8207 89.8762 1155.22
Thumb: 45.771 98.4644 1109.99
Index: 43.6479 28.9522 1104.29
Middle: 65.6506 55.9822 1124.72
Ring: 59.9567 78.8382 1124.48
Little: 52.667 85.8448 1153.11
Thumb: 44.0835 92.7692 1108.45
Index: 45.6912 22.5305 1100.76
Middle: 66.1891 54.3534 1120.05
Ring: 59.3457 73.2536 1121.71
Little: 53.1352 81.0725 1152.92
Thumb: 43.684 91.5926 1107.48
Index: 45.4544 21.1152 1098.7
Middle: 65.3364 54.3874 1117.58
Ring: 59.4744 72.0494 1120.48
Little: 53.98 79.0782 1151.91
Thumb: 43.6196 90.4953 1106.98
Index: 50.5798 20.4963 1098.12
Middle: 66.5644 50.1918 1117.87
Ring: 59.4596 70.9949 1120.06
Little: 54.7089 66.3963 1150.46
Thumb: 39.8782 86.9979 1103.62
Index: 45.5199 18.3743 1096.81
Middle: 61.9596 50.5869 1111.78
Ring: 55.1055 67.4606 1116.6
Little: 49.7368 62.8142 1147.07
Thumb: 41.4688 90.9816 1112.05
Index: 52.6732 23.416 1105.85
Middle: 61.8669 31.5257 1116.62
Ring: 78.7196 90.4705 1132.38
Little: 48.823 81.2638 1156.73
Thumb: 34.533 96.6817 1115.42
Index: 50.2352 32.4729 1109.32
Middle: 65.0007 56.4972 1119.08
Ring: 75.4476 101.901 1140.89
Little: 39.2131 88.1541 1159.08
Thumb: 28.1344 97.2194 1113.91
Index: 43.2614 33.5478 1105.26
Middle: 73.3795 120.981 1108.01
Ring: 61.9443 126.229 1127.47
Little: 34.8613 95.3274 1159.99
Thumb: 21.4835 101.908 1113.27
Index: 12.4302 29.714 1097.19
Middle: 68.6608 121.175 1104.77
Ring: 60.7925 130.271 1124.92
Little: 31.5666 98.8322 1160.31
Thumb: 19.8487 100.587 1114.39
Index: 10.2172 27.9215 1094.54
Middle: 72.9449 121.42 1106.86
Ring: 58.7982 128.851 1130.03
Little: 29.399 97.583 1161.65
Thumb: 19.7806 100.425 1114.07
Index: 11.1778 27.6468 1094
Middle: 75.8885 122.539 1106.68
Ring: 57.9616 129.264 1129.26
Little: 30.1524 97.5596 1161.32
Thumb: 18.3862 98.8141 1109.51
Index: 10.7563 27.7274 1096.5
Middle: 67.6062 124.976 1098.57
Ring: 55.5711 128.539 1125.47
Little: 27.0028 97.1556 1157.49
Thumb: 20.7124 99.459 1107.84
Index: 12.2768 28.5653 1094.79
Middle: 69.6168 124.825 1096.39
Ring: 56.7793 128.844 1126.57
Little: 27.488 97.2472 1155.38
Thumb: 20.8674 98.0221 1107.12
Index: 9.78974 27.0923 1091.03
Middle: 69.8925 122.387 1095.85
Ring: 58.5959 126.305 1128.74
Little: 27.5778 98.9169 1154.7
Thumb: 20.8987 98.2926 1106.97
Index: 9.29949 27.4914 1090.8
Middle: 69.728 122.484 1095.53
Ring: 58.4509 126.289 1129.28
Little: 27.3333 98.9353 1154.47
Thumb: 19.4863 95.2224 1100.75
Index: 6.92517 25.2216 1084.51
Middle: 68.7264 118.811 1090.74
Ring: 57.3189 123.028 1126.14
Little: 25.1326 99.5822 1149.3
Thumb: 19.729 96.1463 1097.26
Index: 6.29944 27.2873 1081.35
Middle: 66.3659 119.705 1086.4
Ring: 58.3972 123.27 1122.13
Little: 25.3291 102.271 1145.94
Thumb: 19.7197 96.1496 1097.26
Index: 6.32746 27.1707 1081.07
Middle: 73.7599 120.658 1087.25
Ring: 58.4262 123.245 1122.11
Little: 25.3292 101.733 1145.95
Thumb: 18.2142 97.2152 1091.97
Index: 5.27616 28.9144 1074.92
Middle: 69.0641 121.073 1083.2
Ring: 59.8208 123.067 1116.94
Little: 20.6141 106.153 1141.59
Thumb: 17.7353 97.3619 1092
Index: 4.3042 29.1054 1074.86
Middle: 70.9379 121.065 1083
Ring: 59.7351 123.06 1115.68
Little: 20.3889 106.404 1140.76
Thumb: 26.8279 88.092 1083.8
Index: 44.4423 14.1528 1086.12
Middle: 66.9928 83.6993 1154.98
Ring: 36.9882 97.278 1141.37
Little: -5.91505 97.7913 1122.67
Thumb: 6.3702 103.267 1077.43
Index: -5.21218 31.9558 1073.91
Middle: 30.015 98.0119 1157.35
Ring: 4.00568 112.485 1119.24
Little: -31.2414 113.437 1104.93
Thumb: 11.4716 97.4518 1074.59
Index: -7.86773 29.4815 1071.95
Middle: 35.444 101.258 1150.35
Ring: -34.9084 38.8773 1083.57
Little: -32.0566 99.0032 1114.39
Thumb: 13.1073 99.8214 1073.89
Index: -5.26624 32.6823 1070.02
Middle: 32.277 102.423 1152.58
Ring: -32.4846 44.1719 1086.19
Little: -34.2256 97.8073 1108.57
Thumb: 13.0645 99.9628 1072.73
Index: -6.0824 33.1066 1067.43
Middle: 29.0075 101.277 1153.3
Ring: -33.5554 44.9487 1084.24
Little: -36.0679 98.3379 1106.99
Thumb: 12.7692 99.3481 1072
Index: -6.35948 32.1578 1067.25
Middle: 31.0565 100.93 1151.99
Ring: -34.6761 45.2305 1084.66
Little: -37.1182 95.0435 1105.4
Thumb: 14.7169 100.651 1070.46
Index: -5.48491 33.723 1065.49
Middle: 29.791 98.8097 1152.41
Ring: -35.8481 43.2469 1074.32
Little: -38.828 88.4456 1092
Thumb: 14.8015 100.833 1070.57
Index: -6.16816 34.3491 1066.93
Middle: 31.3611 99.2663 1152.38
Ring: -35.282 42.9851 1074.24
Little: -37.5124 93.4979 1094.47
Thumb: 14.809 100.858 1070.45
Index: -5.81124 34.36 1067.16
Middle: 31.3707 101.657 1152.27
Ring: -35.1937 42.7604 1074.47
Little: -37.7244 96.5466 1094.4
Thumb: 15.5646 101.338 1071.65
Index: -4.89357 34.7766 1068.66
Middle: 26.8872 98.2795 1155.31
Ring: -34.5456 43.3271 1075.52
Little: -39.7708 93.6528 1092.28
Thumb: 15.6216 101.097 1071.81
Index: -4.47651 34.501 1071.69
Middle: 27.0076 100.102 1155.31
Ring: -34.2087 42.7912 1075.4
Little: -40.8882 91.2648 1088.94
Thumb: 16.4226 101.172 1073.29
Index: -3.01787 34.2967 1072.04
Middle: 27.0943 100.466 1156.88
Ring: -32.6262 41.8329 1074.79
Little: -40.9074 89.2281 1089.96
Thumb: 16.2821 101.171 1073.77
Index: -2.82044 34.029 1073.48
Middle: 26.3429 98.4929 1157.56
Ring: -31.8102 41.165 1075.47
Little: -44.0756 82.9618 1089.79
Thumb: 18.2884 101.797 1077.89
Index: -1.37162 34.5524 1078.73
Middle: 33.3999 107.51 1157.8
Ring: -28.9139 41.3909 1077.47
Little: -42.1956 81.9413 1088.7
Thumb: 18.3319 100.213 1079.87
Index: -0.352144 32.7831 1084.36
Middle: 30.9715 104.799 1160.89
Ring: -27.1073 39.0541 1082.66
Little: -43.0888 79.2486 1091.97
Thumb: 19.3454 98.997 1081.73
Index: 1.51737 31.5329 1087.19
Middle: 35.1704 103.056 1160.65
Ring: -26.445 37.9749 1086.39
Little: -41.34 79.6622 1094.98
Thumb: 18.4786 97.3556 1084.51
Index: 1.29333 29.7838 1093.09
Middle: 31.4811 98.7816 1166.94
Ring: -27.4681 36.5348 1089.99
Little: -40.9143 80.9408 1100.38
Thumb: 20.2082 97.8661 1087.93
Index: 2.34834 30.6873 1096.29
Middle: 33.39 99.9441 1170.54
Ring: -27.2349 37.2068 1090.56
Little: -38.0778 84.5764 1105.84
Thumb: 19.1944 96.4006 1090.94
Index: 1.59979 29.4411 1100.02
Middle: 33.3705 101.375 1173.05
Ring: -28.0046 35.345 1093.61
Little: -41.4407 79.7444 1105.57
Thumb: 20.3586 96.5182 1093.96
Index: 1.04316 29.4502 1100.51
Middle: 26.7556 100.106 1177.2
Ring: -27.7657 36.1769 1093.36
Little: -41.5982 78.7663 1104.49
Thumb: 21.4029 97.0524 1097.8
Index: 0.807829 29.7102 1101.75
Middle: 20.017 101.484 1180.89
Ring: -27.1552 37.3865 1095.64
Little: -42.6514 79.2219 1105.28
Thumb: 21.8865 96.4954 1101.92
Index: 1.5352 28.7917 1104.96
Middle: 10.6597 97.3843 1184.35
Ring: -26.0029 36.6311 1093.5
Little: -41.663 79.2388 1103.45
Thumb: 22.9661 96.4283 1104.77
Index: 3.45245 28.8264 1106.79
Middle: 8.57379 99.6857 1187.31
Ring: -24.5168 36.9575 1100.29
Little: -39.8539 81.0829 1106.61
Thumb: 25.7539 98.276 1109.91
Index: 7.05378 31.1212 1107.9
Middle: 20.0237 108.311 1190.84
Ring: -20.8072 38.3943 1108.12
Little: -37.2316 80.8002 1113.88
Thumb: 27.4604 98.6526 1117.43
Index: 40.9394 35.1344 1149.2
Middle: 3.74281 17.4368 1117.37
Ring: -15.3771 35.1893 1119.36
Little: -32.7815 78.0858 1130.95
Thumb: 25.5749 98.2038 1118.27
Index: 31.8025 27.9379 1154.01
Middle: -0.856339 18.021 1116.76
Ring: -17.451 35.7951 1120.86
Little: -34.9112 77.2326 1128.29
Thumb: 23.7238 101.163 1118.43
Index: 22.1655 29.4548 1151.31
Middle: 0.773601 20.3178 1111.52
Ring: -18.5605 38.4524 1120.33
Little: -35.5875 77.7641 1117.98
Thumb: 18.0619 95.6547 1126.41
Index: -9.55449 35.5513 1153.92
Middle: -34.4284 37.7088 1142.26
Ring: -30.3387 39 1128.64
Little: -38.3525 73.4034 1107.47
Thumb: 33.277 97.5802 1118.98
Index: -10.5004 63.812 1160.53
Middle: 2.29278 21.9165 1111.82
Ring: -20.0487 45.2617 1111.53
Little: -7.30885 61.6131 1091.73
Thumb: 34.4384 97.7185 1116.74
Index: -9.3636 46.0463 1150.39
Middle: -1.24841 23.8938 1112.09
Ring: -12.5088 40.4721 1085.76
Little: -2.789 58.3465 1089.22
Thumb: 36.2888 99.0948 1115.93
Index: -9.47902 48.6678 1147.96
Middle: -1.57725 26.4264 1111.14
Ring: -8.21158 40.5093 1083.98
Little: 9.97756 93.5625 1082.39
Thumb: 33.1549 93.8928 1114.33
Index: -3.02201 35.6636 1131.19
Middle: -5.02246 25.2825 1096.5
Ring: -7.77669 34.7557 1078.75
Little: 10.4059 87.3436 1078.56
Thumb: 33.6197 93.8278 1114.59
Index: -6.00235 38.3119 1131.98
Middle: -6.08311 26.1797 1096.53
Ring: -6.17008 34.4001 1078.54
Little: 12.5614 86.4378 1077.95
Thumb: 32.1929 94.8077 1116.85
Index: -9.01171 39.9329 1132.16
Middle: -6.43962 26.9752 1097.11
Ring: -4.11644 34.5577 1078.82
Little: 8.91815 88.7526 1077.26
Thumb: 30.8444 95.5397 1118.1
Index: -15.7752 44.1461 1132.76
Middle: -5.31543 26.0976 1098.83
Ring: -2.97229 34.1648 1079.68
Little: 2.37684 79.4712 1080.09
Thumb: 29.0619 96.795 1117.28
Index: -19.8406 46.9346 1129.41
Middle: -7.0453 27.8769 1096.59
Ring: 1.64919 32.0754 1078.75
Little: 1.65818 77.7235 1079.21
Thumb: 28.7882 97.297 1117.83
Index: -24.1272 49.9312 1128.83
Middle: -6.18325 27.3072 1098.25
Ring: 4.68389 30.8154 1079.7
Little: 11.0341 117.127 1060.64
Thumb: 29.1982 97.866 1120.58
Index: -28.2844 51.4093 1136.7
Middle: -9.28443 26.7836 1108.37
Ring: 6.6495 30.5518 1082.73
Little: 4.86553 114.324 1063.61
Thumb: 28.871 98.8829 1122.83
Index: -36.2778 60.3912 1131.88
Middle: -6.79261 26.7193 1108.63
Ring: 10.2196 30.9029 1084.04
Little: -2.01158 105.255 1063.66
Thumb: 25.4557 103.786 1124.74
Index: -39.0054 61.958 1128.28
Middle: -8.37764 31.5635 1107.03
Ring: 13.12 34.8794 1085.25
Little: 2.80904 114.828 1061.87
Thumb: 16.2748 103.824 1124.67
Index: -44.8822 61.2336 1113.4
Middle: -8.23324 27.9578 1105.19
Ring: 19.2517 33.5408 1085.61
Little: 22.8414 114.801 1072.08
Thumb: 15.861 104.149 1124.62
Index: -47.8471 62.9192 1113.76
Middle: -7.74486 30.3668 1099.56
Ring: 14.3629 32.3249 1090.31
Little: 23.57 92.7212 1081.37
Thumb: 11.1281 103.652 1123.71
Index: -54.0227 66.673 1108.07
Middle: -10.7863 29.4399 1098.82
Ring: 14.288 31.0184 1092.82
Little: 19.1965 94.2959 1080.36
Thumb: -5.65418 85.9944 1103
Index: -69.0735 49.568 1068.14
Middle: -10.3233 5.71171 1100.32
Ring: 14.4343 8.53135 1095.14
Little: 22.0668 69.7311 1069.32
Thumb: 2.29246 92.5189 1100.52
Index: -54.3483 56.1229 1071.13
Middle: -14.1445 15.6778 1094.01
Ring: -18.6262 19.7331 1106.53
Little: 8.98239 31.7889 1091.16
Thumb: 1.05372 94.6418 1098.43
Index: -53.1645 56.0752 1065.88
Middle: -17.0741 16.6197 1097.97
Ring: -22.001 22.7362 1103.11
Little: 8.05261 34.4084 1091.66
Thumb: 0.36377 95.3106 1096.67
Index: -54.5393 57.3489 1063.37
Middle: -16.937 16.1948 1100.97
Ring: -22.1742 23.3828 1104.2
Little: 5.08498 37.2231 1093.96
Thumb: 0.841635 95.317 1095.28
Index: -52.5383 73.4726 1052.03
Middle: -19.2631 16.4434 1102.16
Ring: -22.6379 24.0076 1103.82
Little: 6.55194 36.8664 1092.49
Thumb: 0.53758 94.5636 1093.59
Index: -52.3737 72.5371 1049.27
Middle: -21.2532 16.2335 1101.7
Ring: -24.3864 23.6648 1103.03
Little: 3.70333 37.4584 1092.28
Thumb: 0.132148 95.5699 1092.79
Index: -48.6599 75.7326 1037.32
Middle: -21.4784 16.971 1100.75
Ring: -2.17251 83.327 1017.21
Little: 7.19214 37.0752 1092.11
Thumb: 0.925765 95.769 1091.68
Index: -47.1849 77.9942 1032.96
Middle: -22.8555 17.2529 1101.57
Ring: 2.79815 91.4835 1015.71
Little: 9.42183 37.6092 1093.19
Thumb: 0.825687 95.852 1091.31
Index: -46.8533 78.0126 1031.52
Middle: -23.8357 17.4504 1100.75
Ring: 2.77333 91.2858 1015.3
Little: 9.13176 37.7503 1092.71
Thumb: 0.0597353 95.8528 1090.35
Index: -47.7734 77.3386 1031.21
Middle: -24.5639 17.5118 1100.23
Ring: 0.987515 91.3574 1014.32
Little: 8.78192 37.5857 1093.89
Thumb: 0.203959 95.8085 1090.36
Index: -47.6836 78.2882 1031.17
Middle: -24.2064 17.4943 1101.45
Ring: 0.818161 91.1172 1014.37
Little: 6.58556 39.6175 1094
Thumb: 0.179342 95.8195 1090.32
Index: -47.6022 78.2724 1031.04
Middle: -24.1938 17.5002 1101.33
Ring: 1.89371 90.9536 1014.21
Little: 8.84514 37.8073 1093.89
Thumb: -0.342618 96.1224 1091.49
Index: -47.6288 78.3634 1032.02
Middle: -22.3097 17.6023 1103.62
Ring: 0.362644 86.3555 1015.55
Little: 10.2369 36.8837 1096.09
Thumb: -0.330963 96.0256 1091.58
Index: -47.466 75.5047 1032.94
Middle: -22.5293 17.5753 1103.86
Ring: 1.27974 87.484 1015.58
Little: 9.54369 37.2611 1096.57
Thumb: -0.324005 96.0236 1091.6
Index: -47.3965 74.8366 1033.14
Middle: -22.4912 17.577 1103.93
Ring: 0.492434 87.7425 1015.64
Little: 8.76628 37.8349 1096.74
Thumb: -0.234543 95.882 1092.73
Index: -47.5968 73.4047 1034.61
Middle: -21.0229 17.4258 1106.53
Ring: 0.606304 89.6901 1016.84
Little: 6.68249 39.663 1098.48
Thumb: -0.200109 95.8563 1092.79
Index: -47.0805 72.3918 1034.93
Middle: -21.2369 17.4474 1106.64
Ring: 0.226314 86.9961 1016.89
Little: 6.83283 39.5726 1098.87
Thumb: -0.00839996 95.8373 1092.7
Index: -46.8467 72.6247 1034.78
Middle: -20.2962 17.2189 1106.15
Ring: 0.419391 87.1803 1016.78
Little: 7.29906 39.5733 1098.64
Thumb: -0.219087 96.1039 1092.88
Index: -46.3329 65.552 1038.58
Middle: -19.48 17.5253 1106.79
Ring: 0.774889 89.1283 1017.16
Little: 8.85381 37.998 1097.73
Thumb: 1.16629 96.291 1092.93
Index: -45.5991 71.7554 1035.26
Middle: -18.4736 17.4506 1106.55
Ring: 1.3667 86.5257 1017.15
Little: 10.5083 39.5032 1099.54
Thumb: 1.19676 96.3116 1092.98
Index: -45.6287 71.7475 1035.36
Middle: -18.4568 17.489 1106.66
Ring: 1.46792 86.7943 1017.19
Little: 10.609 39.4887 1099.76
Thumb: 1.17971 96.2941 1092.97
Index: -45.6622 72.3284 1035.25
Middle: -16.4402 17.1789 1106
Ring: 2.19619 85.6192 1017.13
Little: 10.5651 39.4997 1099.72
Thumb: 1.55657 97.9427 1095.44
Index: -44.4737 66.6914 1040.03
Middle: -16.0556 18.601 1108.04
Ring: 0.977446 82.5337 1020.46
Little: 11.5257 41.9768 1103.15
Thumb: 1.59504 97.9209 1095.39
Index: -44.2217 66.9572 1039.44
Middle: -16.7295 18.666 1108.32
Ring: 1.84456 86.1194 1019.81
Little: 11.2133 42.2639 1103.19
Thumb: 3.69429 97.5969 1094.8
Index: -42.2945 71.7927 1034.75
Middle: -12.0619 17.922 1108.02
Ring: 4.90534 85.1248 1019.23
Little: 14.3758 41.9822 1101.84
Thumb: 5.5138 99.8702 1093.36
Index: -40.5069 75.8639 1034.88
Middle: -12.0889 20.4146 1105.95
Ring: 7.45353 89.5283 1017.67
Little: 14.987 44.1803 1099.89
Thumb: 9.62791 99.905 1093.76
Index: -37.1585 76.6288 1035.56
Middle: -8.57067 20.286 1104.78
Ring: 10.0659 89.8344 1017.98
Little: 19.3046 43.9478 1099.29
Thumb: 13.2398 101.587 1091.79
Index: -32.1892 78.4483 1031.47
Middle: -4.22726 21.5938 1100.99
Ring: 16.6262 91.878 1016.09
Little: 23.5354 45.8562 1097.05
Thumb: 17.2181 102.646 1091.96
Index: -28.8898 73.1483 1036.32
Middle: 0.434161 22.6911 1096.91
Ring: 20.8431 94.8118 1016.14
Little: 25.42 46.2253 1094.93
Thumb: 24.5118 107.03 1091.29
Index: -22.6981 78.2276 1037.84
Middle: 4.092 27.6823 1093.86
Ring: 24.6276 104.888 1015.29
Little: 28.8336 52.0452 1091.78
