Thumb: -71.4287 116.34 1080.64
Index: -70.1238 27.7648 1085.54
Middle: -106.92 41.838 1091.19
Ring: -130.136 64.8383 1080.73
Little: -151.389 110.071 1082.72
Thumb: -71.1715 109.308 1082.77
Index: -68.8302 27.2745 1102.68
Middle: -99.82 34.9456 1096.73
Ring: -115.376 58.6371 1097.12
Little: -107.604 135.03 1135.5
Thumb: -72.4753 110.613 1081.91
Index: -73.7165 26.8339 1098.43
Middle: -104.088 37.0484 1094.79
Ring: -116.433 63.931 1096.19
Little: -109.998 137.057 1133.88
Thumb: -75.0692 109.561 1083.46
Index: -76.0834 24.9721 1099.04
Middle: -106.045 35.1489 1095.47
Ring: -117.468 62.3499 1098.68
Little: -110.973 134.684 1137.22
Thumb: -76.2498 110.744 1084.49
Index: -79.3175 24.7811 1096.76
Middle: -108.58 34.9017 1092.83
Ring: -130.933 57.0345 1084.81
Little: -110.246 139.395 1138.13
Thumb: -76.9856 112.183 1085.57
Index: -83.4625 26.7603 1096.56
Middle: -110.567 37.0695 1095.46
Ring: -127.206 56.0751 1089.23
Little: -110 141.743 1139.09
Thumb: -78.4041 111.948 1085.7
Index: -85.6729 31.0043 1101.17
Middle: -111.088 36.6265 1097.09
Ring: -127.473 56.982 1094.2
Little: -110.859 141.117 1139.76
Thumb: -78.9209 112.025 1084.96
Index: -88.8012 34.5676 1100.36
Middle: -111.715 39.4251 1098.93
Ring: -127.962 58.1041 1096.34
Little: -143.48 93.5434 1090.43
Thumb: -80.3455 112.844 1085.53
Index: -92.2217 37.6351 1101.39
Middle: -113.982 40.776 1101.17
Ring: -127.79 59.0912 1101.67
Little: -144.036 93.5786 1093.2
Thumb: -80.2584 112.826 1085.95
Index: -95.7084 38.5173 1099.84
Middle: -118.216 41.0999 1099.61
Ring: -126.16 61.2259 1106.11
Little: -144.25 93.9976 1094.56
Thumb: -79.9499 112.59 1086.09
Index: -97.5969 40.5597 1101.96
Middle: -119.567 42.815 1101.27
Ring: -126.554 61.855 1107.28
Little: -143.696 94.6239 1094.92
Thumb: -79.4565 113.194 1086.61
Index: -96.7984 41.3198 1103.54
Middle: -120.443 42.4264 1099.38
Ring: -126.947 61.3649 1107.32
Little: -142.691 95.0807 1096.49
Thumb: -77.8965 112.81 1086.94
Index: -94.2122 40.8128 1101.25
Middle: -118.717 41.9664 1099.35
Ring: -124.92 60.0431 1107.08
Little: -141.773 93.9441 1096.14
Thumb: -74.8819 112.153 1085.92
Index: -89.5239 40.3862 1098.96
Middle: -114.273 40.5626 1098.42
Ring: -120.453 58.8967 1107.85
Little: -136.73 91.4421 1097.01
Thumb: -70.7343 111.353 1085.26
Index: -82.5297 39.1339 1098.82
Middle: -107.569 39.0938 1100.44
Ring: -113.417 56.8192 1109.23
Little: -129.827 86.9765 1098.7
Thumb: -65.9246 110.934 1082.84
Index: -73.4146 38.0357 1096.72
Middle: -101.515 39.7348 1101.39
Ring: -105.554 56.2324 1107.91
Little: -118.567 85.2248 1101.31
Thumb: -61.0884 110.029 1082.75
Index: -65.1985 37.3298 1098.33
Middle: -91.5092 38.498 1104.12
Ring: -98.7278 55.0182 1109.76
Little: -112.459 82.4794 1101.71
Thumb: -56.7941 107.313 1083.84
Index: -56.9824 32.8705 1096.39
Middle: -84.5562 33.0753 1101.02
Ring: -92.6373 50.888 1109.55
Little: -106.999 75.7008 1102.51
Thumb: -50.1862 104.647 1084.24
Index: -50.1644 33.9813 1101.06
Middle: -71.8304 33.5962 1106.54
Ring: -84.6785 48.6529 1110.6
Little: -100.13 71.8405 1101.65
Thumb: -43.5569 103.814 1082.61
Index: -39.0813 35.1132 1104.16
Middle: -63.5326 31.5054 1104.95
Ring: -78.6565 45.5509 1107.97
Little: -92.2064 70.7875 1100.28
Thumb: -34.8507 103.815 1082.47
Index: -30.6111 33.1693 1100.46
Middle: -53.0425 28.6679 1103.8
Ring: -70.506 42.1665 1103.33
Little: -83.0839 70.1634 1099.62
Thumb: -26.6587 106.186 1082.21
Index: -23.0738 32.733 1097.37
Middle: -49.0284 27.8491 1097.13
Ring: -63.1226 43.0834 1102.45
Little: -75.03 70.7676 1095.56
Thumb: -20.484 104.569 1083.4
Index: -17.1473 31.2462 1098.9
Middle: -41.262 26.6314 1100.07
Ring: -54.6861 40.1497 1103.73
Little: -68.233 66.8519 1096.16
Thumb: -15.6557 100.306 1086.15
Index: -11.059 28.994 1104.81
Middle: -36.6014 22.7876 1101.12
Ring: -49.7834 35.1806 1104.2
Little: -62.6656 62.2703 1101.9
Thumb: -8.90567 96.4697 1086.16
Index: -5.86537 23.0995 1102.32
Middle: -30.4055 20.2847 1103.66
Ring: -42.1565 31.6998 1104.54
Little: -57.1703 58.3521 1100
Thumb: -2.55133 94.735 1085.06
Index: 2.36105 21.6301 1101.66
Middle: -22.2037 17.3904 1101.18
Ring: -36.3108 32.0335 1106.51
Little: -51.064 55.3157 1097.1
Thumb: 5.05141 93.007 1084.49
Index: 11.5663 22.0151 1105.06
Middle: -15.1877 14.374 1097.56
Ring: -31.3393 31.1603 1105.47
Little: -46.4888 54.121 1095.28
Thumb: 10.3255 90.7999 1085.55
Index: 22.4242 21.1233 1107.73
Middle: -9.55423 12.0023 1096.01
Ring: -25.6057 28.4495 1105.45
Little: -40.8583 51.2465 1099.75
Thumb: 16.3786 91.1279 1086.26
Index: 30.7522 16.9594 1100.52
Middle: -0.444366 10.4444 1095.14
Ring: -17.8255 28.4761 1106.99
Little: -37.9008 50.5371 1099.86
Thumb: 21.9692 89.0286 1086.52
Index: 39.9205 15.7587 1103.94
Middle: 4.89536 8.35883 1092.54
Ring: -12.417 25.0605 1105.37
Little: -32.3733 48.2875 1100.87
Thumb: 28.1815 86.5983 1086.01
Index: 47.9123 11.6861 1101.65
Middle: 13.02 5.10171 1090.04
Ring: -5.17487 22.2711 1103.36
Little: -26.2195 45.6469 1101.23
Thumb: 33.2415 84.2195 1086.83
Index: 55.8698 10.5942 1103.13
Middle: 19.4933 2.812 1091.17
Ring: 3.40082 19.5979 1105.16
Little: -19.1888 44.2932 1105.13
Thumb: 35.5242 81.7598 1086.21
Index: 63.1291 5.94194 1097.88
Middle: 27.0777 -0.876305 1089.23
Ring: 12.2062 23.89 1107.45
Little: -14.371 38.5816 1101.37
Thumb: 42.7598 82.3464 1085.25
Index: 64.912 9.34223 1103.29
Middle: 29.5639 1.59858 1091.68
Ring: 13.1493 19.881 1102.27
Little: -10.0133 42.5646 1101.13
Thumb: 51.779 81.6842 1084.5
Index: 72.1336 11.8491 1103.26
Middle: 34.3277 1.96553 1086.51
Ring: 21.6052 26.0793 1104.59
Little: -3.34347 49.6124 1102.16
Thumb: 55.8617 83.2499 1083.64
Index: 76.955 12.6091 1102.84
Middle: 39.8611 2.79525 1084.76
Ring: 20.2011 17.9824 1096.4
Little: -3.73012 41.8284 1098.24
Thumb: 58.5146 83.076 1084.76
Index: 82.6665 8.78697 1095.58
Middle: 47.9288 0.978987 1082.92
Ring: 22.3174 18.6732 1096.67
Little: 1.93638 45.5441 1102.51
Thumb: 62.4117 82.6976 1085.58
Index: 85.7029 9.30796 1100.42
Middle: 50.6066 0.61331 1083.34
Ring: 22.5105 18.4546 1095.17
Little: 0.996515 45.8484 1101.27
Thumb: 63.7343 82.4727 1085.64
Index: 88.1392 8.0231 1098.24
Middle: 54.039 -0.0582447 1082.23
Ring: 22.9561 16.6038 1092.78
Little: 2.51668 45.2274 1103.16
Thumb: 65.0013 81.4824 1086.33
Index: 90.4381 8.52066 1103.72
Middle: 54.7897 -1.11311 1083.3
Ring: 23.3133 16.9512 1094.46
Little: 5.95172 50.3621 1108.46
Thumb: 66.9754 83.3778 1086.09
Index: 92.1656 12.8037 1106.03
Middle: 56.2553 0.716145 1083.2
Ring: 24.9947 18.9615 1094.29
Little: 9.50958 56.1944 1110.27
Thumb: 67.3487 83.6714 1086.1
Index: 93.8773 21.6331 1109.64
Middle: 56.1153 0.965641 1083.13
Ring: 22.342 19.63 1091.69
Little: 8.17005 56.1131 1110.64
Thumb: 67.2228 83.573 1086.39
Index: 91.9374 19.7271 1108.63
Middle: 53.5463 1.23653 1084.21
Ring: 18.5921 21.1414 1089.13
Little: 5.93164 57.4758 1109.91
Thumb: 65.138 83.4883 1086.61
Index: 87.8118 21.6983 1112.24
Middle: 48.2708 2.324 1085.82
Ring: 15.9528 22.649 1090.76
Little: 3.15577 59.291 1112.03
Thumb: 63.7482 86.8156 1086.88
Index: 84.5311 21.226 1112.26
Middle: 46.2965 5.12468 1082.2
Ring: 12.6793 25.8392 1087.05
Little: 1.59909 63.7341 1109.75
Thumb: 61.9816 87.3178 1086.91
Index: 80.9314 22.7586 1111.15
Middle: 40.9328 6.39709 1081.73
Ring: 8.0995 28.6472 1085.5
Little: -1.0363 67.5281 1110.49
Thumb: 59.1933 87.6116 1086.27
Index: 78.41 23.9024 1110.04
Middle: 35.9426 7.30295 1082.71
Ring: 3.45961 30.7272 1084.12
Little: -5.05779 68.9239 1106.83
Thumb: 54.823 88.2068 1087.12
Index: 94.5083 70.9306 1159.68
Middle: 29.5799 8.59812 1081.94
Ring: -2.33234 32.6764 1084
Little: -10.4851 70.7039 1105.44
Thumb: 51.4821 90.7754 1086.11
Index: 89.8095 74.721 1157.14
Middle: 23.5409 12.3143 1079.91
Ring: -6.99261 36.7898 1082.19
Little: -18.7554 70.2498 1098.7
Thumb: 47.7634 93.2021 1086.31
Index: 82.0462 71.1432 1159.2
Middle: 16.7363 16.3808 1079.19
Ring: -10.6364 39.3302 1080.92
Little: -23.8762 71.2163 1097.32
Thumb: 42.531 93.6269 1087.64
Index: 79.5714 79.7626 1162.34
Middle: 10.1453 17.0967 1079.36
Ring: -16.1675 40.8283 1080.03
Little: -29.2191 74.3213 1094.31
Thumb: 37.7261 95.952 1088.45
Index: 71.9778 86.1694 1164.99
Middle: 4.23458 19.969 1081.92
Ring: -20.7449 43.019 1080.22
Little: -34.7623 77.2524 1096.51
Thumb: 32.7651 99.482 1089.38
Index: 64.0404 87.2839 1166.32
Middle: 0.0789061 23.5692 1079.95
Ring: -24.1267 45.0514 1080.56
Little: -38.9866 79.2748 1097.04
Thumb: 26.5693 102.507 1090.48
Index: 55.9634 84.5522 1168.14
Middle: -5.53559 25.5444 1083.3
Ring: -28.8551 47.171 1082.98
Little: -44.4169 81.1627 1096.33
Thumb: 22.1594 103.04 1092.14
Index: 51.9596 88.2268 1169.55
Middle: -11.7538 26.7862 1086.61
Ring: -33.3005 47.8488 1086.04
Little: -47.2682 84.7101 1102.67
Thumb: 12.3804 99.9346 1094.67
Index: 46.5363 85.7366 1171.29
Middle: -20.2337 22.6039 1090.37
Ring: -42.1926 44.0303 1090.62
Little: -56.7565 80.5854 1105.77
Thumb: 7.71116 101.991 1096.3
Index: 43.0908 89.542 1172.54
Middle: -24.2423 23.9476 1093.96
Ring: -48.0144 47.2998 1093.53
Little: -62.0144 84.0308 1107.12
Thumb: 2.04103 103.056 1099.22
Index: 30.2358 79.5296 1175.43
Middle: -28.9103 24.3784 1095.78
Ring: -53.8408 48.7061 1096.65
Little: -68.5216 82.8849 1105.16
Thumb: -6.12368 100.541 1100.6
Index: 18.8561 81.7223 1180.23
Middle: -30.7924 19.0082 1095.44
Ring: -61.5253 45.6841 1097.47
Little: -75.8277 82.0589 1104.75
Thumb: -11.0409 99.6444 1102.21
Index: -18.8689 28.5446 1146.28
Middle: -35.1038 17.286 1099.3
Ring: -65.07 45.448 1086.78
Little: -80.416 85.2333 1092.49
Thumb: -11.0564 99.4434 1101.29
Index: -39.2284 38.2148 1150.1
Middle: -37.1914 19.4208 1103.25
Ring: -61.1762 52.191 1104.3
Little: -64.9428 97.7082 1083.32
Thumb: 0.275437 101.815 1121.06
Index: -50.7635 69.4877 1152.25
Middle: -18.5436 30.1509 1094.02
Ring: -41.0671 42.6894 1115.6
Little: -31.4458 81.2122 1094.05
Thumb: -9.82712 101.968 1112.15
Index: -50.8708 43.483 1146.89
Middle: -43.0124 25.6989 1113.66
Ring: -52.0682 49.2097 1097.67
Little: -40.3263 57.7433 1065.91
Thumb: -11.4433 104.67 1113.61
Index: -53.2335 45.1103 1147.1
Middle: -47.2954 29.6641 1115.17
Ring: -55.304 43.2792 1095.58
Little: -40.4599 59.5902 1066.78
Thumb: -15.7455 104.489 1116.1
Index: -60.5956 45.897 1149.55
Middle: -51.0569 29.018 1118.03
Ring: -61.7602 45.2222 1099.2
Little: -42.2988 58.8243 1069.01
Thumb: -20.8604 103.078 1118.43
Index: -69.7623 47.139 1144.79
Middle: -57.8183 29.1712 1115.08
Ring: -58.2439 39.3498 1093.95
Little: -47.9009 60.6086 1067.24
Thumb: -22.8987 107.909 1116.08
Index: -77.1188 54.3584 1144.94
Middle: -60.0533 33.6182 1114.72
Ring: -58.1629 42.4909 1092.53
Little: -41.2231 59.382 1064.5
Thumb: -23.018 111.777 1116.11
Index: -80.8678 58.7096 1141.05
Middle: -61.3497 38.2996 1114.17
Ring: -54.4312 44.8308 1091.38
Little: -35.6735 62.3457 1064.34
Thumb: -30.5084 107.811 1116.15
Index: -93.1201 56.8452 1118.32
Middle: -61.9516 33.4815 1102.74
Ring: -49.185 38.7548 1085.27
Little: -32.4506 61.639 1065.07
Thumb: -25.9751 109.754 1088.46
Index: -80.6967 68.0285 1076.09
Middle: -63.9949 35.659 1108.57
Ring: -28.4372 33.7526 1096.76
Little: -34.0739 62.1342 1065.87
Thumb: -43.0092 108.286 1102.95
Index: -105.029 59.4111 1105.85
Middle: -70.7831 30.103 1105.92
Ring: -54.6831 34.735 1090
Little: -35.8432 52.9185 1068.1
Thumb: -39.5337 109.398 1097.87
Index: -105.017 63.9221 1096.82
Middle: -71.0385 32.5549 1102.23
Ring: -52.7285 34.337 1088.63
Little: -35.0546 52.9984 1064.59
Thumb: -41.4884 109.785 1098.11
Index: -107.054 66.0563 1090.17
Middle: -73.6782 33.0377 1101.23
Ring: -51.9875 33.3925 1092.75
Little: -33.9016 56.0947 1063.46
Thumb: -42.7608 109.535 1096.54
Index: -108.762 66.7473 1083.83
Middle: -74.5868 32.3997 1102.09
Ring: -51.7118 32.8855 1092.32
Little: -30.2464 54.6513 1063.92
Thumb: -43.3735 110.053 1097.31
Index: -110.763 75.1659 1074.14
Middle: -75.8958 33.2223 1102.47
Ring: -49.904 32.6857 1101.03
Little: -27.214 59.2772 1065.68
Thumb: -44.4241 109.261 1095.66
Index: -109.985 75.7081 1065.28
Middle: -78.4348 32.6884 1103.28
Ring: -48.7772 31.5396 1096.62
Little: -21.7307 56.8648 1067.21
Thumb: -44.6889 110.229 1094.59
Index: -108.079 80.5243 1059.15
Middle: -78.0145 33.5465 1105.03
Ring: -48.8194 32.6191 1097.83
Little: -18.8133 59.5381 1070.57
Thumb: -44.7609 110.611 1094.11
Index: -103.477 92.4398 1051.7
Middle: -79.755 34.4881 1103.68
Ring: -48.7753 32.9477 1097.7
Little: -16.1405 61.1418 1073.13
Thumb: -44.508 112.209 1093.48
Index: -104.605 88.277 1047.88
Middle: -81.0891 36.6101 1100.53
Ring: -48.9444 34.6905 1099.41
Little: -16.2685 52.067 1076.87
Thumb: -45.972 111.475 1090.82
Index: -103.658 89.2003 1041.66
Middle: -80.3494 35.2879 1100.61
Ring: -52.0756 34.2088 1096.45
Little: -16.4896 59.0957 1072.91
Thumb: -45.4273 111.453 1086.82
Index: -105.107 82.8372 1035.25
Middle: -82.6439 36.0785 1095.52
Ring: -51.0642 34.2085 1095.31
Little: -15.5968 57.0031 1071.49
Thumb: -45.9738 111.753 1083.7
Index: -98.8581 93.3565 1024.65
Middle: -84.3875 36.7599 1092.91
Ring: -52.3214 34.7014 1092.49
Little: -16.0271 57.2933 1071.04
Thumb: -46.4752 112.197 1081.02
Index: -97.0819 94.2575 1018.69
Middle: -82.6135 36.2287 1089.28
Ring: -51.0243 34.9432 1090.38
Little: -16.0067 52.6598 1071.2
Thumb: -45.826 111 1078.58
Index: -95.7069 94.8966 1014.75
Middle: -83.9469 35.6072 1083.95
Ring: -51.7676 33.8914 1087.48
Little: -15.2653 54.572 1067.13
Thumb: -45.1109 110.972 1077.71
Index: -93.7151 94.6949 1012.73
Middle: -83.6899 35.6706 1081.43
Ring: -51.1055 33.8042 1086.29
Little: -14.2692 53.6523 1067.74
Thumb: -44.4205 110.6 1074.97
Index: -90.8619 101.326 1009.36
Middle: -83.7099 35.8458 1080.01
Ring: -50.7993 33.1635 1082.34
Little: -13.8743 52.7766 1065.64
Thumb: -44.1079 110.639 1073.58
Index: -90.1652 101.413 1007.09
Middle: -83.9064 35.9245 1079.16
Ring: -49.8027 33.1799 1081.63
Little: -12.7907 55.2931 1061.94
Thumb: -43.5747 110.717 1072.82
Index: -93.3783 97.3559 1006.85
Middle: -83.0041 35.8791 1078.74
Ring: -48.5369 33.1681 1081.63
Little: -11.9235 55.0783 1061.73
Thumb: -43.003 111.531 1072.58
Index: -95.3616 88.4128 1010.23
Middle: -81.0486 36.1901 1080.15
Ring: -46.3136 33.82 1080.42
Little: -10.5223 56.6883 1061.72
Thumb: -42.6987 111.291 1072.27
Index: -93.5004 87.5346 1010.1
Middle: -77.4885 35.2392 1083.27
Ring: -46.1615 33.6778 1080.03
Little: -10.3074 55.4055 1062.7
Thumb: -39.7057 111.27 1072.51
Index: -88.3081 95.2301 1006.49
Middle: -77.643 35.6304 1082.39
Ring: -41.0002 33.8943 1081.84
Little: -5.37468 56.1269 1064.33
Thumb: -37.5983 110.97 1073.46
Index: -85.5802 93.9626 1007.52
Middle: -74.5594 34.9827 1085
Ring: -37.6062 33.5969 1083.05
Little: -2.25698 58.2871 1065.48
Thumb: -36.3903 111.514 1075.62
Index: -84.4254 97.1412 1010.37
Middle: -69.837 34.3749 1089.46
Ring: -33.5237 34.5248 1087.48
Little: 0.714368 60.0698 1068.4
Thumb: -34.9217 111.309 1077.86
Index: -85.2713 85.5764 1016.16
Middle: -66.7013 33.6304 1093.16
Ring: -30.8547 34.609 1090.46
Little: 2.75522 60.8902 1069.95
Thumb: -32.1168 111.956 1079.33
Index: -82.087 86.8721 1017.31
Middle: -62.417 34.1177 1097.06
Ring: -26.6945 35.4802 1091.91
Little: 6.32881 60.3454 1071.56
Thumb: -29.7989 110.866 1079.64
Index: -80.9545 79.1531 1021.23
Middle: -56.2194 32.2266 1099.35
Ring: -21.2183 35.0233 1094.64
Little: 10.0514 60.876 1071.63
Thumb: -26.8121 114.035 1081.33
Index: -76.9686 79.0003 1024.67
Middle: -49.7856 34.3609 1101.51
Ring: -14.8709 38.5523 1095.67
Little: 14.5783 66.3473 1071.14
Thumb: -21.4985 109.229 1083.16
Index: -75.7188 73.1447 1029.38
Middle: -47.4921 29.3719 1100.22
Ring: -12.9313 33.59 1096.56
Little: 17.6499 60.5308 1072.45
Thumb: -18.0378 107.588 1085.75
Index: -68.3413 76.0425 1028.03
Middle: -39.2842 26.0231 1100.07
Ring: -6.20723 32.1402 1097.64
Little: 22.832 60.9209 1073.89
Thumb: -13.3118 105.368 1088.58
Index: -61.6925 70.0712 1030.38
Middle: -33.3401 22.6417 1098.26
Ring: 1.85186 29.8419 1096.41
Little: 30.3297 60.6086 1075.29
Thumb: -5.04015 100.293 1091.31
Index: -55.074 81.8785 1027.84
Middle: -29.0542 17.9753 1099.95
Ring: 9.97 24.7837 1099.4
Little: 38.7526 56.8594 1078.66
Thumb: 2.55172 96.8988 1092.66
Index: -47.396 80.1214 1029.36
Middle: -20.472 14.6218 1102.02
Ring: 15.7001 21.1594 1099.13
Little: 45.5647 52.7448 1081.29
Thumb: 8.14637 97.4627 1092.48
Index: -41.7202 74.3709 1028.87
Middle: -13.9883 15.133 1104.05
Ring: 23.2132 22.0325 1098.07
Little: 52.3334 52.7406 1079.72
Thumb: 14.1865 96.9389 1090.04
Index: -35.248 69.2058 1027.36
Middle: -4.56714 15.1658 1108.22
Ring: 29.3873 21.4598 1094.99
Little: 59.062 51.0331 1081.42
Thumb: 19.4245 96.6807 1089.59
Index: -26.9246 70.4967 1025.22
Middle: 3.84353 13.7939 1105.69
Ring: 37.768 21.8439 1093.2
Little: 66.398 53.4419 1080.24
Thumb: 26.74 96.1629 1089.9
Index: -18.8727 74.6696 1023.16
Middle: 11.0299 13.0972 1105.71
Ring: 45.1894 21.4657 1092.25
Little: 74.1649 50.7989 1082.29
Thumb: 33.5159 96.4224 1090.32
Index: -13.0922 72.6013 1025.64
Middle: 18.4421 12.8697 1104.04
Ring: 53.4176 22.0534 1093.57
Little: 81.3095 50.072 1082.69
Thumb: 38.1194 97.6774 1088.63
Index: -7.57216 73.3821 1022.84
Middle: 27.0242 13.7617 1101.74
Ring: 60.1611 23.8146 1092.89
Little: 87.0283 55.6882 1078.63
Thumb: 42.6434 98.9281 1088.45
Index: -2.24199 78.8868 1020.18
Middle: 32.6378 14.6941 1102.93
Ring: 67.1799 25.9022 1093.17
Little: 93.1368 58.0714 1079.83
Thumb: 50.6218 98.2144 1091.62
Index: 3.71254 74.0118 1026.13
Middle: 36.4473 13.8212 1105.19
Ring: 75.0478 25.1112 1095.43
Little: 100.239 57.7397 1080.26
Thumb: 55.1011 97.3085 1089.69
Index: 13.5508 75.3444 1019.95
Middle: 44.3213 12.6333 1100.09
Ring: 79.9016 24.254 1095.61
Little: 105.843 56.3725 1078.96
Thumb: 60.0043 96.9374 1090.24
Index: 14.0145 79.8231 1020.68
Middle: 54.2253 12.3677 1102.06
Ring: 85.6519 24.3949 1097.24
Little: 110.993 56.7388 1079.44
Thumb: 65.9746 93.6608 1089.32
Index: 14.8397 81.1674 1022.69
Middle: 53.099 10.0319 1100.93
Ring: 84.4574 18.8656 1095.59
Little: 111.394 52.8827 1074.38
Thumb: 67.4749 93.8233 1090.86
Index: 17.7475 77.5619 1024.78
Middle: 52.6647 10.9741 1106.34
Ring: 83.5882 18.6541 1097.61
Little: 110.346 53.2185 1071.96
Thumb: 67.0446 92.3983 1093.9
Index: 14.4772 77.9386 1030.07
Middle: 48.5979 10.0071 1107.26
Ring: 76.6504 19.6076 1088.85
Little: 105.424 53.198 1066.42
Thumb: 64.7601 96.0958 1096.99
Index: 10.0315 74.3398 1038.25
Middle: 48.6376 13.8081 1110.58
Ring: 67.2143 24.5971 1085.13
Little: 100.361 73.5172 1067.6
Thumb: 64.7031 95.6384 1098.85
Index: 13.613 52.6211 1059.69
Middle: 36.2749 20.5371 1100.56
Ring: 54.633 25.5957 1084.27
Little: 94.1069 73.9003 1066.01
Thumb: 66.2396 97.7194 1098.78
Index: 9.80257 54.8347 1070.25
Middle: 31.3233 27.6583 1103.2
Ring: 47.969 30.3038 1085.55
Little: 86.6427 75.5377 1062.88
Thumb: 67.3044 101.765 1100.16
Index: 46.1213 37.1701 1117.51
Middle: 31.4455 27.3763 1124.05
Ring: 39.0897 34.3566 1093.96
Little: 74.4295 81.7157 1045.51
Thumb: 66.1007 101.787 1099.45
Index: 40.3324 39.085 1117.21
Middle: 27.4477 30.0801 1125.13
Ring: 35.3098 53.7176 1081.59
Little: 70.196 97.2058 1034.19
Thumb: 65.9337 104.875 1096.07
Index: 40.0191 41.3601 1122.6
Middle: 34.489 30.9051 1126.76
Ring: 31.5074 58.9349 1083.3
Little: 61.0094 101.115 1030.41
Thumb: 67.2664 106.986 1093.03
Index: 46.2202 43.8318 1117.25
Middle: 35.8331 33.4699 1125.2
Ring: 32.8887 63.6589 1083.03
Little: 50.851 100.105 1026.32
Thumb: 67.7949 108.106 1091.31
Index: 35.6448 53.5006 1108.28
Middle: 38.8124 33.5079 1123.46
Ring: 32.2283 66.2921 1085.77
Little: 46.4681 102.626 1025.72
Thumb: 68.6656 107.337 1088.23
Index: 36.2067 52.8834 1105.67
Middle: 37.4388 35.6029 1125.55
Ring: 30.2245 47.7441 1101.96
Little: 43.2114 105.691 1023.53
Thumb: 68.6973 107.277 1088.06
Index: 34.3174 57.1733 1105.28
Middle: 37.7077 35.7633 1126.7
Ring: 29.1844 49.3051 1099.39
Little: 42.7446 104.626 1024.04
Thumb: 68.6181 108.134 1087.94
Index: 34.3048 57.3902 1105.73
Middle: 38.2895 36.2204 1126.43
Ring: 25.6549 53.5659 1097.67
Little: 47.8383 116.211 1022.26
Thumb: 69.1981 109.25 1089.54
Index: 34.2843 55.9823 1108.53
Middle: 41.3025 37.5574 1130.39
Ring: 26.0663 56.0466 1100
Little: 48.7406 116.501 1024.04
Thumb: 67.9226 111.171 1088.98
Index: 31.9746 61.3929 1108.65
Middle: 41.6553 38.6792 1129.61
Ring: 27.6388 55.0548 1103.85
Little: 49.6526 120.525 1024.75
Thumb: 67.8871 110.977 1089.83
Index: 31.1998 61.8403 1109.11
Middle: 40.7361 39.2957 1131.58
Ring: 26.8759 55.7732 1104.86
Little: 51.1461 120.139 1025.95
Thumb: 68.9745 111.278 1090.88
Index: 32.0663 61.5319 1111.64
Middle: 42.5881 39.8634 1133.65
Ring: 26.4519 58.0426 1105.52
Little: 52.1822 121.923 1026.69
Thumb: 69.0381 110.513 1091.45
Index: 29.2551 63.0949 1111.06
Middle: 41.6247 39.2893 1133.55
Ring: 26.1794 57.6245 1106.39
Little: 52.1237 121.183 1027.3
Thumb: 68.231 110.601 1092.17
Index: 28.1267 63.5091 1111.46
Middle: 40.2407 39.8204 1134.69
Ring: 24.6149 58.1276 1107.03
Little: 51.5645 121.116 1027.95
Thumb: 65.7574 108.204 1094.89
Index: 25.75 63.752 1114.83
Middle: 37.5129 37.9773 1138.2
Ring: 22.3041 55.911 1110.8
Little: 49.9333 118.894 1030.65
Thumb: 65.4777 108.256 1094.78
Index: 25.6278 63.6282 1114.84
Middle: 37.241 37.4955 1136.84
Ring: 21.8076 56.0839 1110.57
Little: 48.3684 118.613 1030.56
Thumb: 65.5727 108.049 1094.78
Index: 24.688 64.2525 1115.65
Middle: 34.8782 38.7459 1137.27
Ring: 21.7759 56.1009 1110.25
Little: 51.6896 119.197 1030.78
Thumb: 62.8012 105.545 1098.3
Index: 19.6767 64.7689 1117.34
Middle: 28.2028 37.0642 1138.58
Ring: 14.2107 58.1582 1109.87
Little: 48.7219 116.001 1033.54
Thumb: 62.6217 105.956 1098.55
Index: 18.859 66.3609 1117.35
Middle: 26.3718 39.0393 1139.98
Ring: 13.8999 59.0296 1109.61
Little: 46.813 116.45 1033.16
Thumb: 62.3864 105.893 1098.32
Index: 18.7435 66.0461 1116.95
Middle: 25.373 39.5951 1140.38
Ring: 11.5533 61.5134 1106.42
Little: 45.9463 116.427 1032.91
Thumb: 58.4314 102.961 1096.93
Index: 15.6558 67.479 1116.2
Middle: 20.1893 37.0999 1138.54
Ring: 7.32777 58.9917 1103.59
Little: 44.3444 112.862 1030.95
Thumb: 57.0596 103.356 1097.26
Index: 12.3965 67.5375 1115.36
Middle: 16.1324 41.4763 1143.9
Ring: 5.32648 59.3651 1105.27
Little: 43.5703 112.746 1031.98
Thumb: 56.4321 102.956 1096.92
Index: 13.77 66.1153 1116.16
Middle: 18.502 38.713 1143.35
Ring: 4.57579 59.4389 1105.89
Little: 39.5934 111.911 1031.7
Thumb: 55.2649 100.234 1098.21
Index: 10.4446 61.1549 1118.16
Middle: 17.3027 37.0913 1146.12
Ring: 4.82707 55.4955 1108.32
Little: 36.5847 107.187 1032.69
Thumb: 55.1276 97.8656 1096.18
Index: 13.7373 47.9097 1117.85
Middle: 14.6369 36.7845 1144.16
Ring: 7.52166 48.3716 1109.47
Little: 33.9059 103.677 1029.95
Thumb: 52.6591 93.3548 1099.09
Index: 18.3798 38.7659 1120.89
Middle: 7.55193 42.0998 1138.45
Ring: 10.186 40.0794 1115.05
Little: 32.4707 97.2784 1032.28
Thumb: 49.8503 91.6897 1096.39
Index: 16.0707 35.4209 1122.58
Middle: 0.973991 44.0554 1133.83
Ring: 7.67294 38.2561 1112.1
Little: 27.7082 94.799 1030.89
Thumb: 45.5819 89.2755 1093.76
Index: 14.6229 31.3736 1118.19
Middle: -5.8573 45.951 1124.47
Ring: 5.34172 36.2611 1109.14
Little: 24.7434 93.3869 1028.91
Thumb: 44.6814 89.5418 1086.83
Index: 15.1552 31.4338 1109.58
Middle: -7.36098 42.2547 1121.21
Ring: 5.48643 36.3177 1102.91
Little: 21.12 94.7807 1021.34
Thumb: 43.0222 89.5143 1085.58
Index: 12.8767 31.1117 1109.09
Middle: -9.22425 42.3126 1119.5
Ring: 3.72045 35.5564 1102.39
Little: 18.8274 95.3702 1020.37
Thumb: 40.1553 89.8619 1084.41
Index: 8.26525 32.4718 1106.97
Middle: -14.5946 39.85 1121.3
Ring: -0.940926 37.0519 1100.99
Little: 16.1823 96.867 1019.4
Thumb: 37.3965 89.2714 1085.77
Index: -14.6289 47.6074 1152.8
Middle: -16.7003 49.8453 1114.77
Ring: -4.20364 35.9098 1103.92
Little: 22.0921 96.7495 1019.78
Thumb: 35.0643 89.7501 1086.6
Index: -18.1971 63.6138 1140.2
Middle: -21.9046 53.8553 1113.01
Ring: -7.32458 37.7421 1104.99
Little: 18.9744 93.3254 1020.24
Thumb: 35.2089 89.5501 1086.1
Index: -24.259 66.8141 1134.43
Middle: -12.36 46.4164 1123.32
Ring: -12.5396 40.9651 1098.58
Little: 21.1137 90.6827 1019.67
Thumb: 32.5011 89.1777 1082.48
Index: -26.3029 77.4363 1123.1
Middle: -16.2877 48.8083 1119.2
Ring: 15.6838 109.857 1040.17
Little: 16.9035 91.7383 1014.56
Thumb: 26.9906 90.1208 1082.05
Index: -27.0696 79.9861 1123.03
Middle: -25.4492 61.9221 1101.2
Ring: 18.2263 100.394 1053.57
Little: 12.6705 93.1358 1013.84
Thumb: 25.4699 89.5929 1081.34
Index: -28.2731 81.5735 1122.43
Middle: -28.4358 63.74 1099.28
Ring: 13.6616 110.61 1039.67
Little: 11.3319 91.4119 1013.18
Thumb: 23.8927 88.5678 1079.68
Index: -31.8265 84.1558 1119.74
Middle: -31.3865 63.7156 1099.62
Ring: 15.925 98.8458 1050.65
Little: 10.2275 90.5527 1011.56
Thumb: 20.9761 87.3855 1081.81
Index: -30.3376 85.7962 1118.31
Middle: -36.0208 66.0956 1099.39
Ring: 13.0382 96.9609 1052.76
Little: 7.90302 87.992 1014.03
Thumb: 18.9179 87.4553 1081.18
Index: -32.2011 86.34 1117.85
Middle: -38.5327 67.3628 1098.59
Ring: 12.8987 98.6852 1051.6
Little: 6.49566 89.1175 1013.66
Thumb: 19.4854 87.6513 1082.2
Index: -34.7723 88.204 1116.85
Middle: -37.9226 68.2086 1099.12
Ring: 13.0358 97.4051 1052.74
Little: 8.04778 87.3767 1014.7
Thumb: 16.0236 87.9607 1080.86
Index: -41.6463 90.7418 1114.88
Middle: -42.8167 69.9367 1098.87
Ring: 9.38688 97.817 1051.37
Little: 4.26137 87.8013 1013.69
Thumb: 16.1031 87.1541 1080.17
Index: -41.2034 90.57 1114.47
Middle: -42.9612 68.8154 1097.86
Ring: 8.92709 96.8877 1050.79
Little: 11.4894 87.9215 1014.65
Thumb: 15.1804 88.3293 1077.89
Index: -42.5848 88.7687 1114.72
Middle: -44.7388 68.1372 1099.05
Ring: 5.63622 97.6422 1049.15
Little: 13.3983 85.9941 1018.27
Thumb: 12.7047 86.4744 1076.93
Index: -45.2428 88.7875 1114.22
Middle: -47.87 68.0105 1098.69
Ring: 4.4582 97.8071 1047.03
Little: 9.6592 85.8483 1015.86
Thumb: 11.0623 86.7588 1076.65
Index: -47.6954 83.8001 1114.84
Middle: -39.2624 70.4947 1092.09
Ring: 0.219748 96.3228 1047.13
Little: 12.4514 85.1716 1016.2
Thumb: 9.40799 87.2196 1076.77
Index: -49.3111 77.6954 1122.04
Middle: -38.7362 72.1781 1090.81
Ring: -38.0845 62.0608 1080.32
Little: 8.20001 88.5532 1013.61
Thumb: 9.66201 88.0623 1077.3
Index: -42.8489 75.0971 1117.55
Middle: -33.9962 73.7731 1088.81
Ring: -29.9692 67.3165 1075.04
Little: 11.4788 88.8967 1016
Thumb: 9.61053 88.895 1077.41
Index: -41.8449 70.3242 1115.04
Middle: -33.1954 75.4283 1087.74
Ring: -28.8103 70.8847 1071.75
Little: 12.9766 88.7589 1016.87
Thumb: 10.5396 88.1679 1077.6
Index: -38.3752 66.0365 1113.64
Middle: -35.1769 74.3812 1082.17
Ring: -31.4001 52.9778 1088.65
Little: 17.8669 81.1585 1026.45
Thumb: 10.0935 88.286 1076.9
Index: -33.9504 59.2221 1103.56
Middle: -46.1548 63.9177 1079.71
Ring: -29.4558 51.9249 1089.91
Little: 16.8044 82.3635 1025.32
Thumb: 10.0735 88.3019 1076.42
Index: -32.8572 59.6451 1100.84
Middle: -35.86 68.5018 1079.5
Ring: -27.7163 50.6314 1090.12
Little: 17.2218 82.0481 1024.88
Thumb: 10.2353 88.4142 1076.32
Index: -35.5176 52.3415 1102.12
Middle: -41.7492 57.5961 1077.34
Ring: -26.0921 49.292 1087.38
Little: 16.9671 81.9244 1025.14
Thumb: 10.4296 88.5393 1075.35
Index: -32.849 47.8172 1105.48
Middle: -39.9826 54.21 1075.5
Ring: -23.6891 45.9001 1079.4
Little: 17.0293 82.2497 1024.22
Thumb: 11.5163 88.4377 1074.66
Index: -31.0491 47.6952 1105.82
Middle: -30.8379 57.948 1075.72
Ring: -20.8242 57.0391 1068.86
Little: 17.8996 82.2357 1023.66
Thumb: 13.8968 89.0226 1071.85
Index: -27.9286 42.2957 1102.45
Middle: -27.2157 53.2359 1069.49
Ring: -17.8964 54.8622 1065.53
Little: 22.3384 84.2663 1021.23
Thumb: 15.7465 93.0675 1074.86
Index: -20.4315 41.1359 1101.81
Middle: -20.9796 48.7034 1073.12
Ring: -12.554 48.5095 1068.63
Little: 15.9788 93.8995 1014.23
Thumb: 16.8806 96.5584 1079.79
Index: -17.9237 39.6747 1104.81
Middle: -22.9464 55.4725 1082.71
Ring: -8.7722 28.2032 1077.33
Little: 12.1448 96.8021 1010.39
Thumb: 16.6803 96.1266 1082.03
Index: -37.0141 48.2993 1100.17
Middle: -15.8348 35.7631 1081.05
Ring: 1.68915 22.971 1077.16
Little: 19.6919 91.2829 1014.05
Thumb: 17.4266 94.8123 1084.61
Index: -39.404 48.2634 1093.72
Middle: -12.5482 29.3494 1084.78
Ring: 3.39707 23.4196 1076.94
Little: 25.7246 90.8197 1017.82
Thumb: 14.4803 97.9566 1091.58
Index: -44.8702 48.737 1085.86
Middle: -10.6261 32.025 1088.83
Ring: 7.33744 27.8862 1076.94
Little: 30.9685 91.0577 1027.1
Thumb: 11.5253 100.165 1095.66
Index: -43.8163 56.2937 1077.72
Middle: -10.5351 33.5702 1090.06
Ring: -2.00057 102.201 1033.54
Little: 14.1176 45.6459 1090.08
Thumb: 10.3217 102.08 1098.43
Index: -43.8018 65.4858 1067.75
Middle: -9.44042 33.4592 1093.21
Ring: 3.16827 98.959 1029.77
Little: 14.9917 45.0609 1098.76
Thumb: 10.0778 101.689 1099.89
Index: -42.6094 65.8732 1061.38
Middle: -9.74372 33.9483 1092.48
Ring: 5.38827 97.0212 1028.39
Little: 14.8016 44.3554 1102.55
Thumb: 8.60709 100.149 1101.54
Index: -43.5955 61.5269 1066.02
Middle: -11.9671 31.7648 1094.54
Ring: 3.18509 93.7027 1029.76
Little: 14.8464 40.8015 1102.88
Thumb: 9.61924 99.1431 1105.42
Index: -41.5076 69.7938 1061.71
Middle: -11.2951 30.0047 1101.24
Ring: 11.5284 95.2101 1032.35
Little: 15.7479 39.9631 1105.22
Thumb: 8.90921 96.5204 1105.17
Index: -39.2069 73.1982 1051.49
Middle: -11.3999 27.0391 1097.89
Ring: 10.1468 92.0347 1030.74
Little: 16.9216 37.8438 1104.24
Thumb: 7.74475 93.9077 1103.12
Index: -41.6234 67.74 1051.41
Middle: -13.6932 26.0124 1092.26
Ring: 6.51004 87.2586 1027.04
Little: 15.2712 35.6867 1099.95
Thumb: 7.30338 92.0357 1101.3
Index: -39.6046 68.3137 1043.73
Middle: -10.7255 24.2384 1085.12
Ring: 9.71518 88.2643 1025.05
Little: 17.3425 33.9044 1092.33
Thumb: 7.27846 89.1669 1098.19
Index: -40.2841 66.8471 1040.14
Middle: -13.0521 24.4048 1078.5
Ring: 8.86306 86.0631 1021.95
Little: 16.9127 31.8543 1086.68
Thumb: 6.99699 85.8123 1094.38
Index: -45.6367 52.3049 1049.53
Middle: -16.8684 25.6389 1069.48
Ring: 2.15527 84.1976 1018.01
Little: 14.6012 33.4187 1074.34
Thumb: 5.01074 85.5626 1092.58
Index: -44.6895 49.6172 1047.3
Middle: -15.8415 25.5049 1068
Ring: 1.08794 82.4926 1016.11
Little: 12.7122 37.2499 1071.49
Thumb: 4.55604 86.5755 1091.72
Index: -44.8852 55.8589 1043.93
Middle: -17.0256 27.7878 1065.31
Ring: 2.23796 81.9768 1015.21
Little: 12.9105 38.3183 1069.84
Thumb: 2.87653 85.0646 1089.93
Index: -46.4472 42.6 1052.7
Middle: -17.5375 28.6602 1058.24
Ring: -1.2262 80.9687 1013.47
Little: 14.6278 42.7281 1062.27
Thumb: 2.98556 84.8426 1088.66
Index: -47.5936 37.3471 1060.13
Middle: -19.1547 29.802 1055.03
Ring: -2.08584 80.3993 1012.19
Little: 10.0492 40.024 1054.15
Thumb: 2.19499 85.7685 1088.32
Index: -48.7679 41.8006 1057.63
Middle: -20.0558 33.5167 1052.96
Ring: -2.50907 81.8183 1011.84
Little: 12.4932 45.1889 1049.82
Thumb: 1.82885 85.6028 1087.35
Index: -50.649 45.1351 1053.93
Middle: -20.4822 35.5326 1051.19
Ring: -2.39975 82.4396 1010.81
Little: 13.379 47.2088 1047.27
Thumb: 0.61179 86.4656 1086.1
Index: -51.5642 47.7804 1051.95
Middle: -22.821 36.122 1049.48
Ring: -4.11546 82.7673 1009.61
Little: 10.838 46.5439 1046.59
Thumb: 0.367018 85.4761 1083.44
Index: -51.374 49.3842 1046.29
Middle: -22.3555 35.4966 1046.83
Ring: -3.64927 82.5701 1006.89
Little: 10.8061 45.6566 1043.9
Thumb: -0.324293 85.602 1083.42
Index: -51.0527 54.488 1044
Middle: -22.0223 36.4468 1047.37
Ring: -4.61771 82.1383 1006.91
Little: 10.024 46.1056 1043.1
Thumb: -3.24147 85.3298 1079.6
Index: -52.4662 67.8215 1039.81
Middle: -24.2945 35.159 1043.42
Ring: -8.26875 83.236 1003.08
Little: 4.67659 45.0259 1038.06
Thumb: -4.83833 83.9899 1078.17
Index: -53.812 68.4318 1039.06
Middle: -25.4443 36.45 1042.09
Ring: -9.00755 82.9751 1001.58
Little: 1.78133 42.7168 1038.07
Thumb: -7.07069 82.8024 1078.67
Index: -55.0065 74.0818 1038.9
Middle: -27.615 36.5702 1040.76
Ring: -12.0511 79.6722 1002.19
Little: 0.00115919 41.3656 1037.3
Thumb: -7.31318 82.6009 1078.35
Index: -55.557 77.6046 1039.47
Middle: -28.7597 36.7782 1041.59
Ring: -13.4237 81.0569 1002.28
Little: -1.3337 39.9148 1037.66
Thumb: -8.16503 83.5737 1078.29
Index: -55.8997 77.0025 1039.46
Middle: -29.3919 38.3228 1042.41
Ring: -12.9578 79.6436 1002.17
Little: -2.53273 38.9631 1039.62
Thumb: -8.27488 83.7608 1076.82
Index: -54.9601 75.1993 1037.26
Middle: -28.0715 36.5957 1033.52
Ring: -11.7907 75.8203 1000.64
Little: -2.4305 38.4582 1040.25
Thumb: -8.26475 83.781 1076.87
Index: -55.083 74.4474 1036.79
Middle: -27.9727 38.0471 1033.99
Ring: -11.7955 75.7807 1000.7
Little: -2.46547 38.3817 1040.4
Thumb: -8.28562 83.7842 1076.82
Index: -53.4372 79.6344 1045.23
Middle: -28.4824 37.3071 1031
Ring: -10.6116 77.6641 1000.94
Little: -2.26069 38.6603 1040.01
Thumb: -8.22368 83.7864 1076.88
Index: -53.4401 79.6135 1045.21
Middle: -28.6984 35.6139 1031.66
Ring: 12.4781 102.516 1025.24
Little: -2.40716 38.5418 1040.27
Thumb: -11.2779 84.5966 1077.28
Index: -57.464 77.2772 1042.83
Middle: -31.8632 45.4409 1035.6
Ring: 12.6568 98.4701 1025.2
Little: -6.628 38.3518 1041.88
Thumb: -11.2544 84.9106 1077.72
Index: -55.6055 81.6955 1054.14
Middle: -31.6402 46.062 1040.99
Ring: 12.3701 98.5603 1027.14
Little: -8.66676 37.5157 1044.91
Thumb: -12.9744 85.363 1079.76
Index: -58.641 81.8435 1058.91
Middle: -35.2665 45.3404 1043.86
Ring: 9.03417 100.508 1032.88
Little: -14.0791 35.8608 1050.97
Thumb: -14.7395 84.5858 1087.71
Index: -59.7233 79.7372 1066.99
Middle: -36.138 45.0547 1055.04
Ring: -11.4154 83.3159 1032.07
Little: -16.4276 33.742 1062.95
Thumb: -5.70512 80.3172 1095.34
Index: -46.6975 70.8214 1072.62
Middle: -22.8822 41.2306 1056.68
Ring: -3.35555 81.6355 1038.15
Little: -7.73451 36.3833 1078.43
Thumb: -16.0058 80.605 1099.8
Index: -61.2864 126.653 1066.14
Middle: -28.879 33.5677 1074.78
Ring: -38.6126 36.1672 1076.68
Little: 26.4294 70.039 1047.81
Thumb: -10.5799 85.1774 1106.45
Index: -47.9899 29.9879 1094.06
Middle: -52.068 41.2578 1090.29
Ring: -44.8063 26.2238 1100.18
Little: 20.2453 71.5838 1047.77
Thumb: -6.93731 88.708 1114.02
Index: -39.7572 28.6405 1122.3
Middle: -57.0093 38.6201 1112.48
Ring: -43.6397 26.6987 1120.34
Little: 25.7324 75.0076 1056.42
Thumb: -3.18837 88.6335 1120.97
Index: -36.1036 28.9491 1134.43
Middle: -52.4477 38.4565 1123.65
Ring: -40.0809 27.713 1135.09
Little: 27.0752 74.7308 1059.25
Thumb: 1.79376 98.2203 1125.64
Index: -33.5617 38.2211 1144.11
Middle: -45.1674 45.2117 1131.29
Ring: -30.827 35.3099 1142.82
Little: 23.7731 80.421 1062.08
Thumb: 9.26405 99.6937 1131.32
Index: -23.9042 43.1546 1155.99
Middle: -40.7241 51.7367 1146.66
Ring: -27.1132 40.924 1153.55
Little: 29.8874 81.5393 1067.39
Thumb: 11.2067 100.805 1136.69
Index: -53.2481 77.7889 1156.1
Middle: -38.5229 53.8657 1160.08
Ring: -24.4111 44.1329 1164.38
Little: 33.0527 86.6086 1073.98
Thumb: 16.4362 105.229 1140.31
Index: -45.9773 87.1763 1155.92
Middle: -30.6924 57.0069 1159.02
Ring: -15.826 46.1847 1169.1
Little: 37.0779 88.7798 1075.25
Thumb: 21.7256 109.168 1140.05
Index: -46.2285 81.6021 1159.86
Middle: -24.3873 59.3146 1161.83
Ring: -8.12112 49.0481 1169.19
Little: 40.2646 90.5266 1075.33
Thumb: 24.3325 107.443 1140.93
Index: -39.9689 84.175 1160.58
Middle: -21.4248 57.6212 1162.67
Ring: -5.91858 46.7327 1167.9
Little: 42.274 89.3464 1075.85
Thumb: 27.1651 107.136 1137.05
Index: -40.4663 78.4411 1157.2
Middle: -17.9868 58.0902 1153.12
Ring: -2.29896 46.7618 1165.26
Little: 49.3214 93.0794 1073.42
Thumb: 30.6152 107.852 1134.82
Index: -29.8469 84.7938 1155.73
Middle: -11.9069 56.7975 1153.58
Ring: 2.40354 45.0803 1158.98
Little: 49.3705 97.3024 1069.45
Thumb: 35.566 106.608 1128.03
Index: -23.6011 75.4 1147.07
Middle: -6.26346 53.5377 1142.05
Ring: 10.3533 41.8898 1151.3
Little: 52.6415 98.833 1061.7
Thumb: 41.7296 102.761 1122.19
Index: -16.1483 63.6158 1138.45
Middle: 1.58231 44.9585 1135.02
Ring: 22.1452 34.5799 1139.69
Little: 51.8888 97.1109 1052.64
Thumb: 43.1188 97.4038 1118.31
Index: -7.54349 55.7206 1138.23
Middle: 4.51759 41.9567 1129.8
Ring: 26.3582 27.8438 1134.04
Little: 46.7609 90.0141 1048.28
Thumb: 46.6872 96.4458 1112.59
Index: -3.06592 47.9091 1133.9
Middle: 10.5824 37.1255 1125.25
Ring: 29.8111 26.7432 1127.2
Little: 53.9158 96.5806 1043.11
Thumb: 45.4546 94.1842 1110.11
Index: 7.40578 30.0978 1147.4
Middle: 4.05703 33.232 1123.24
Ring: 23.7697 25.7539 1124.04
Little: 53.4182 96.6235 1040.63
Thumb: 45.2235 94.7266 1109.33
Index: 2.82758 31.9305 1150.11
Middle: 1.12651 36.1932 1123.51
Ring: 16.652 30.0318 1119.75
Little: 50.2534 94.9956 1039.06
Thumb: 46.9217 94.286 1107.9
Index: -9.00997 45.3057 1144.48
Middle: 2.03555 39.6215 1130.66
Ring: 13.3027 38.182 1110.03
Little: 46.3482 93.8352 1037.39
Thumb: 44.603 88.0089 1096.61
Index: -11.8969 43.1315 1118.12
Middle: -8.11946 41.8697 1109.17
Ring: 14.9392 106.107 1034.02
Little: 43.8415 88.4413 1027.05
Thumb: 44.7667 87.0061 1094.22
Index: -17.735 55.4877 1135.38
Middle: -7.31117 46.8614 1117.25
Ring: 38.1413 101.722 1054.22
Little: 39.273 81.5884 1026.21
Thumb: 46.0923 88.3014 1092.92
Index: -15.9845 58.4589 1144.38
Middle: -7.67539 48.2887 1120.88
Ring: 37.9886 101.219 1054.01
Little: 37.9954 81.6224 1025.56
Thumb: 46.0506 88.3612 1092.9
Index: -15.9697 58.5025 1144.39
Middle: -7.90473 47.9217 1121.19
Ring: 37.9754 101.662 1053.55
Little: 45.932 85.6778 1026.55
Thumb: 45.9174 88.6512 1090.88
Index: -13.2503 59.866 1149.91
Middle: -9.05313 49.09 1118.88
Ring: 24.2036 108.605 1035.89
Little: 42.7649 85.8014 1024.69
Thumb: 42.6549 85.8545 1092.46
Index: -16.9496 60.086 1155.23
Middle: -14.046 50.7263 1123.13
Ring: 31.4502 100.197 1050.28
Little: 41.492 81.6424 1027.99
Thumb: 42.339 83.7843 1092.95
Index: -18.215 62.7477 1155.63
Middle: -14.8316 51.229 1126.83
Ring: 34.7228 95.0732 1054.36
Little: 34.5409 76.5047 1025.6
Thumb: 41.3352 83.2913 1093.66
Index: -22.2938 67.2224 1151.64
Middle: -15.6881 53.7372 1126.19
Ring: 27.5428 100.014 1040.91
Little: 47.8801 75.2907 1033.11
Thumb: 38.1969 84.7533 1092.59
Index: -24.5372 69.5522 1151.86
Middle: -19.7175 46.8826 1139.56
Ring: 33.8348 92.7284 1060.89
Little: 44.1673 78.0224 1032.22
Thumb: 36.6746 84.2313 1092.4
Index: -26.7977 70.7951 1149.33
Middle: -18.9384 57.6367 1123.89
Ring: 32.1609 92.077 1060.71
Little: 42.7862 77.5751 1031.82
Thumb: 34.6858 84.2876 1092.4
Index: -29.1564 70.9109 1147.59
Middle: -21.608 58.7152 1123.21
Ring: 30.6689 91.7383 1060.56
Little: 41.5652 76.7695 1032.05
Thumb: 33.9773 83.9319 1093.08
Index: -27.0091 75.2531 1144.13
Middle: -21.7207 57.6532 1125.08
Ring: 22.3152 102.053 1041.67
Little: 39.3015 76.9043 1031.71
Thumb: 33.8957 83.9064 1092.99
Index: -26.9498 75.1079 1144.11
Middle: -21.8131 57.4844 1125.24
Ring: 23.744 101.999 1042.76
Little: 39.8496 77.0496 1031.98
Thumb: 33.6971 83.7752 1092.37
Index: -24.9087 75.8234 1138.55
Middle: -20.681 54.1733 1130.74
Ring: 20.6288 102.401 1041.5
Little: 38.0166 77.1925 1031.28
Thumb: 33.7585 83.8294 1092.53
Index: -24.9921 75.9295 1137.96
Middle: -20.3585 53.3076 1132.61
Ring: 21.0534 102.212 1041.48
Little: 38.1554 76.763 1031.62
Thumb: 33.7469 83.8322 1092.53
Index: -25.1259 75.3481 1138.7
Middle: -20.3652 53.3265 1132.61
Ring: 28.7797 91.2297 1061.35
Little: 38.0863 76.7069 1031.69
Thumb: 33.7166 83.8456 1092.53
Index: -25.3592 75.6603 1138.73
Middle: -20.4094 53.3606 1132.63
Ring: 28.7788 91.2398 1061.35
Little: 38.0983 76.7081 1031.7
Thumb: 33.748 83.8411 1092.53
Index: -25.1138 75.7986 1138.37
Middle: -21.142 54.4214 1130.69
Ring: 28.8595 91.3318 1061.24
Little: 38.0821 76.7066 1031.69
Thumb: 32.1547 84.1384 1092.36
Index: -29.2598 78.1088 1140.1
Middle: -23.9789 57.609 1129.11
Ring: 27.7359 92.0709 1061.11
Little: 36.4309 77.2506 1031.48
Thumb: 31.8689 84.2498 1092.56
Index: -30.0973 78.5331 1140.5
Middle: -24.3631 58.3824 1131.09
Ring: 27.136 92.107 1061.36
Little: 35.286 76.905 1031.88
Thumb: 31.511 86.0174 1095.11
Index: -29.3081 77.2405 1143.63
Middle: -25.404 50.24 1146.97
Ring: 26.2048 93.9354 1064.24
Little: 36.186 78.7746 1035.65
Thumb: 31.6878 86.8298 1094.21
Index: -27.6249 76.8101 1142.45
Middle: -23.9921 48.8978 1147.16
Ring: 27.0741 96.5642 1062.59
Little: 33.6309 82.1206 1032.57
Thumb: 33.8476 87.6661 1094.07
Index: -21.9274 69.2065 1145.82
Middle: -19.0158 44.5755 1145.5
Ring: 28.6695 98.4632 1061.98
Little: 32.1192 84.6195 1030.82
Thumb: 33.3181 85.52 1092.55
Index: -23.6588 65.4728 1138.99
Middle: -20.461 52.9773 1127.21
Ring: 12.3616 88.3188 1066.71
Little: 34.9513 83.6224 1032.88
Thumb: 35.7929 84.4622 1090.94
Index: -19.2453 58.4391 1142.89
Middle: -14.8819 51.2095 1123.9
Ring: 15.6708 88.9657 1063.93
Little: 30.5678 83.8396 1028.93
Thumb: 37.8095 84.3573 1088.89
Index: -6.53951 41.6437 1155.25
Middle: -9.87618 50.7037 1122.05
Ring: 14.4534 87.9064 1063.79
Little: 34.0527 86.253 1027.15
Thumb: 41.3805 84.8346 1087.6
Index: -10.2085 48.7913 1150.07
Middle: -3.05273 30.8168 1138.75
Ring: 19.178 87.3745 1064.9
Little: 36.8637 87.1755 1026.63
Thumb: 43.1276 87.3239 1085.42
Index: -2.44939 46.4743 1150.03
Middle: 3.17516 30.5951 1137.48
Ring: 20.8393 88.7057 1064.37
Little: 44.745 85.3848 1031.35
Thumb: 44.7088 87.1786 1083.8
Index: 1.90289 42.7918 1149.24
Middle: 8.99101 27.5951 1136.68
Ring: 20.8411 87.4518 1064.94
Little: 44.4754 89.5233 1028.68
Thumb: 44.942 88.3743 1082.1
Index: 5.6432 41.3474 1147.15
Middle: 12.1621 27.2778 1135.43
Ring: 19.7708 85.7604 1066.16
Little: 39.9935 92.4153 1025.85
Thumb: 46.2095 88.1704 1080.56
Index: 11.1725 38.2232 1146
Middle: 14.5639 25.4882 1131.02
Ring: 21.3765 84.6106 1065.79
Little: 43.0178 89.6054 1028.3
Thumb: 47.756 87.3958 1075.28
Index: 20.9584 28.9279 1123.07
Middle: 11.7681 27.726 1125.58
Ring: 5.57162 77.6798 1061.58
Little: 44.6509 88.7123 1022.95
Thumb: 48.2789 86.7572 1066.34
Index: 18.1608 29.5241 1116.16
Middle: 12.3907 26.9703 1116.94
Ring: 7.33065 79.1605 1052.19
Little: 45.151 87.7935 1014.38
Thumb: 44.7214 87.8223 1061.67
Index: 1.70013 39.7531 1105.06
Middle: -3.57873 60.6234 1087.65
Ring: -10.2656 69.3184 1054.17
Little: 45.8768 88.4705 1009.75
Thumb: 45.7724 91.3565 1056.96
Index: 1.51653 45.9374 1102.5
Middle: -3.15758 66.5208 1084.19
Ring: -9.6964 73.8425 1050.87
Little: 46.2292 90.8975 1004.95
Thumb: 40.6244 87.0836 1054.93
Index: -4.98579 43.3535 1104.98
Middle: -10.8316 65.5463 1083.03
Ring: -16.2198 72.1672 1047.95
Little: 42.4875 83.1286 1003.6
Thumb: 40.8557 87.1415 1052.95
Index: -4.70871 43.3408 1101.96
Middle: -8.262 64.941 1080.51
Ring: -15.256 70.1785 1046.81
Little: 42.3045 83.6738 1001.57
Thumb: 40.657 84.0379 1054.86
Index: -5.13587 40.8034 1104.25
Middle: -9.35236 62.0674 1083.48
Ring: -15.0957 70.9579 1046.74
Little: 42.1015 80.3894 1003.23
Thumb: 41.1511 84.4643 1054.22
Index: -4.79784 41.1903 1102.62
Middle: -7.93594 60.2209 1084.43
Ring: -14.0189 68.4408 1047.87
Little: 42.8024 80.5111 1002.72
Thumb: 44.0997 83.2943 1055.08
Index: -0.550201 39.5285 1105.23
Middle: -4.74467 57.9982 1085.1
Ring: -10.7513 66.5938 1050.06
Little: 43.9464 82.0313 1002.24
Thumb: 42.5938 83.0903 1055.8
Index: -4.67923 41.9817 1106.61
Middle: -3.87245 61.9135 1083.5
Ring: -13.7213 70.9931 1046.31
Little: 43.3702 80.9244 1002.96
Thumb: 39.2233 83.3056 1056.17
Index: -8.86158 43.0441 1107.39
Middle: -15.3914 40.1513 1104.82
Ring: 31.2179 97.2732 1029.05
Little: 40.7586 81.3911 1003.4
Thumb: 55.1829 90.9058 1061.19
Index: -16.3461 67.1169 1088.96
Middle: 16.0946 27.0756 1101.13
Ring: 42.3269 104.843 1035.96
Little: 51.3229 91.3776 1010.46
Thumb: 47.8211 89.6411 1060.59
Index: 8.93426 84.4688 1096.64
Middle: 1.98212 27.5777 1096.89
Ring: 30.5983 96.0946 1036.53
Little: 51.9691 92.3543 1008.9
Thumb: 46.6894 89.5405 1060.73
Index: 5.59054 86.4839 1094.43
Middle: -3.93444 29.2979 1092.73
Ring: 29.7301 94.6384 1036.6
Little: 31.2224 90.4916 1000.32
Thumb: 44.7524 87.9211 1059.87
Index: 0.0122395 83.8893 1092.19
Middle: -3.86686 25.1329 1091.98
Ring: 28.5107 92.9984 1035.26
Little: 29.7657 89.9094 997.725
Thumb: 45.4752 84.8127 1058.46
Index: -0.513783 83.0224 1088.72
Middle: -5.51644 23.4485 1089.28
Ring: 29.0785 89.694 1034.03
Little: 31.5919 87.7521 996.066
Thumb: 45.4851 84.9251 1057.29
Index: 0.77809 84.1868 1087.72
Middle: -4.86875 22.4873 1085.76
Ring: 28.7943 90.3182 1033.18
Little: 27.6568 88.6755 994.084
Thumb: 45.0317 85.0248 1056.3
Index: -0.182997 83.945 1085.32
Middle: -5.87177 22.9505 1084.65
Ring: 28.7102 90.2147 1031.89
Little: 27.7724 88.2334 992.679
Thumb: 44.9866 85.0692 1056.26
Index: -0.260472 84.3575 1085.15
Middle: -6.43999 23.5122 1084.74
Ring: 28.5808 90.2649 1031.92
Little: 27.9662 88.8826 992.477
Thumb: 44.5788 85.8153 1055.74
Index: -0.719234 85.0816 1084.54
Middle: -2.72599 20.2964 1085.68
Ring: 28.1339 90.5582 1031.5
Little: 28.444 89.0562 992.143
Thumb: 42.5845 86.8168 1054.27
Index: -3.25133 84.6445 1081.49
Middle: -4.68987 20.9603 1083.46
Ring: 26.6008 92.3736 1029.69
Little: 27.5491 91.6444 990.096
Thumb: 43.5065 89.1625 1053.51
Index: -3.19047 86.2245 1080.66
Middle: -3.06973 22.8215 1080.07
Ring: 27.7111 93.6412 1028.6
Little: 30.7822 94.3764 988.228
Thumb: 42.7552 88.7398 1052.77
Index: -4.23713 86.4661 1079.65
Middle: -5.10635 23.2353 1079.16
Ring: 24.9747 93.9691 1026.02
Little: 20.9374 88.2571 986.587
Thumb: 43.888 88.9386 1052.31
Index: -2.94683 87.3464 1078.88
Middle: -3.9327 23.3564 1078.58
Ring: 27.8132 93.8832 1027.04
Little: 24.8934 90.428 985.506
Thumb: 40.1286 92.5994 1045.52
Index: -5.24929 86.573 1074.04
Middle: -3.91583 22.9568 1069.29
Ring: 22.9301 100.111 1018.76
Little: 21.2614 95.0291 979.808
Thumb: 38.3889 92.0865 1044.2
Index: -5.91642 87.4595 1072.82
Middle: -5.00178 21.4844 1069.17
Ring: 21.5226 100.866 1017.63
Little: 19.7079 96.8248 978.559
Thumb: 39.2498 90.9383 1045.84
Index: -6.87207 86.7944 1071.35
Middle: -5.60038 21.1921 1070.19
Ring: 25.1514 98.7168 1018.02
Little: 26.0816 93.4343 979.027
Thumb: 38.8856 89.0872 1044.79
Index: -8.73443 85.1766 1068.56
Middle: -8.40409 19.5508 1067.3
Ring: 26.1261 95.9304 1015.99
Little: 26.2514 90.304 976.101
Thumb: 39.0097 89.8656 1042.81
Index: -8.29881 85.5635 1066.66
Middle: -9.61693 20.5033 1063.68
Ring: 25.6288 96.9129 1014.62
Little: 26.5207 91.2071 974.03
Thumb: 38.2621 90.2017 1041.6
Index: -8.75436 83.749 1064.7
Middle: -8.90949 19.2867 1060.54
Ring: 25.7261 97.0355 1012.64
Little: 27.5939 91.7368 972.494
Thumb: 37.774 90.6285 1041.24
Index: -10.0638 84.6322 1063.02
Middle: -9.25422 19.4043 1059.93
Ring: 25.2777 97.3516 1011.57
Little: 28.3643 92.0158 972.045
Thumb: 37.7377 90.6643 1041.23
Index: -9.82014 84.8513 1063.2
Middle: -9.54635 19.6229 1060.23
Ring: 26.1831 97.5504 1012.22
Little: 27.2675 90.383 971.974
Thumb: 38.1318 90.6919 1041.55
Index: -9.38285 84.7587 1063.6
Middle: -9.04143 19.5101 1060.03
Ring: 26.2658 97.5381 1012.33
Little: 28.1373 91.0907 972.22
Thumb: 38.1215 90.7029 1041.61
Index: -9.36921 84.8099 1063.74
Middle: -9.08439 19.5558 1060.14
Ring: 26.2197 97.5656 1012.41
Little: 28.0471 91.1082 972.279
Thumb: 37.7802 90.6578 1041.79
Index: -9.73249 84.7963 1063.81
Middle: -7.42286 18.7428 1062.69
Ring: 25.9373 97.3484 1012.53
Little: 27.0751 89.5181 972.77
Thumb: 37.1817 90.2596 1041.34
Index: -9.9901 83.1164 1064.66
Middle: -7.74759 18.5207 1063.45
Ring: 25.7578 96.9676 1011.92
Little: 27.2597 88.9566 972.204
Thumb: 37.6751 89.8584 1043.4
Index: -9.63192 83.0439 1065.78
Middle: -6.44894 18.0335 1066.83
Ring: 26.1664 96.0055 1013.38
Little: 28.2936 86.9047 974.286
Thumb: 38.7664 88.4867 1046.62
Index: -8.60071 82.5896 1068.9
Middle: -5.76643 17.2555 1071.06
Ring: 20.3156 101.203 1005.26
Little: 27.6848 81.9776 978.813
Thumb: 40.8135 88.2957 1049.17
Index: -7.24284 81.4096 1069.8
Middle: -2.33106 16.0887 1073.23
Ring: 22.6151 92.7756 1011.47
Little: 32.3736 79.916 981.215
Thumb: 40.8814 86.6342 1052.72
Index: -6.78429 80.2991 1074.21
Middle: -3.44771 15.0464 1075.96
Ring: 12.7636 88.1446 1009.01
Little: 31.4212 78.5255 984.857
Thumb: 41.0259 85.5328 1053.12
Index: -6.38947 77.5449 1075.95
Middle: -1.32224 14.5901 1083.86
Ring: 13.0962 88.771 1009.01
Little: 31.3189 78.5328 985.06
Thumb: 43.2132 87.3768 1056.27
Index: -4.42689 78.6304 1078.15
Middle: 0.3904 16.065 1085.4
Ring: 16.3961 91.1945 1010.91
Little: 35.8432 81.452 987.809
Thumb: 42.4566 84.2469 1058.9
Index: -6.42555 76.5525 1080.43
Middle: -2.67777 14.2324 1087.7
Ring: 17.621 88.7529 1014.89
Little: 33.9535 77.2223 990.721
Thumb: 41.6348 84.364 1065.55
Index: -8.52637 74.8819 1084.46
Middle: -3.20372 13.3908 1092.89
Ring: 18.5484 86.0121 1020
Little: 45.4077 84.2144 997.937
Thumb: 42.3821 85.0894 1067.28
Index: -7.7646 74.3282 1086.17
Middle: -0.238832 12.8732 1094.91
Ring: 19.7354 86.5852 1022.29
Little: 66.7668 97.8772 1013.35
Thumb: 42.6671 85.5015 1071.26
Index: -7.87378 74.612 1089.16
Middle: -0.755439 13.1789 1097.25
Ring: 14.5822 81.7094 1022.81
Little: 45.6236 84.1557 1003.41
Thumb: 43.3178 84.6481 1071.86
Index: -6.4383 74.5133 1089.68
Middle: -0.905684 13.1181 1098.68
Ring: 20.9806 85.5016 1026.8
Little: 70.2634 89.3238 1027.34
Thumb: 44.1401 84.5544 1073.52
Index: -4.86945 74.3403 1092.36
Middle: -0.667234 13.371 1100.58
Ring: 20.7618 84.6661 1029.47
Little: 71.4871 93.5393 1026.23
Thumb: 44.2581 83.2494 1078.72
Index: -13.5711 64.886 1094.43
Middle: -2.45829 12.6383 1104.09
Ring: 20.2591 83.3625 1034.83
Little: 71.1494 91.9518 1031.07
Thumb: 44.6553 82.3361 1082.08
Index: -18.6716 49.9032 1104.27
Middle: -2.67401 12.0416 1107.07
Ring: 19.2472 85.4745 1038.68
Little: 66.1637 88.5373 1032.82
Thumb: 43.5722 83.3466 1081.46
Index: -22.5858 47.8026 1103.54
Middle: -5.12271 13.8113 1106.73
Ring: 14.4958 85.2586 1036.81
Little: 66.6003 91.6383 1032.87
Thumb: 43.5968 83.3088 1081.49
Index: -22.6719 47.2948 1103.82
Middle: -4.25045 13.4467 1107.67
Ring: 14.5337 85.1789 1036.92
Little: 66.531 91.5434 1032.86
Thumb: 47.0312 92.5303 1070.63
Index: -20.4661 49.5083 1098.16
Middle: 0.56336 24.0449 1101.05
Ring: 15.4347 107.205 1040.54
Little: 43.4482 95.0367 1020.94
Thumb: 34.9531 84.4884 1051.82
Index: -29.3504 51.6586 1088.77
Middle: -5.24604 14.2056 1086.61
Ring: 11.1895 94.497 1036.56
Little: -2.13444 87.6994 1006.13
Thumb: 33.0726 91.2903 1051.3
Index: -20.7735 39.7316 1085.75
Middle: -15.7043 44.5059 1081.87
Ring: 7.72745 100.247 1038.16
Little: 9.94192 98.9074 1006.18
Thumb: 32.8366 92.4512 1050.68
Index: -18.2911 39.1875 1084.96
Middle: -5.47414 23.032 1090.38
Ring: 11.4776 108.755 1034.91
Little: 10.8906 109.599 1001.95
Thumb: 31.9684 91.9119 1052.01
Index: -8.9029 29.9659 1077.94
Middle: -7.4489 21.9835 1089.57
Ring: 10.588 107.068 1035.39
Little: 10.4653 111.805 1001.11
Thumb: 31.2849 92.5465 1051.45
Index: -8.40804 28.5617 1079.21
Middle: -6.28059 20.647 1087.04
Ring: 18.2113 114.417 1032.11
Little: 14.5263 110.611 1000.71
Thumb: 28.8822 89.28 1047.77
Index: -11.8504 24.01 1104.98
Middle: -8.73482 16.0156 1080.72
Ring: 11.4741 123.624 1021.5
Little: 12.1439 105.076 995.588
Thumb: 29.2917 87.5309 1048.4
Index: -11.6295 21.8917 1103.98
Middle: -20.4969 29.2374 1074.12
Ring: -15.1898 123.583 1017.36
Little: 12.0706 103.66 996.116
Thumb: 30.3944 86.6501 1048.88
Index: -12.3598 21.3186 1103.04
Middle: -18.8148 38.9476 1069.78
Ring: 0.161287 89.9817 1031.44
Little: 6.90337 104.296 994.026
Thumb: 32.6662 86.1066 1054.59
Index: -13.0466 20.9871 1107.77
Middle: -16.8857 34.5979 1072.6
Ring: 5.75146 98.7368 1031.21
Little: 3.1827 95.9362 998.085
Thumb: 33.5998 83.0043 1054.47
Index: -15.7078 18.6883 1105.86
Middle: -16.5359 32.0006 1071.06
Ring: 7.27803 99.3621 1029.61
Little: 5.76656 95.0415 996.994
Thumb: 34.7172 83.8781 1057.26
Index: -13.8281 18.1984 1105.7
Middle: -12.2266 22.766 1072.91
Ring: 6.01372 100.263 1029.55
Little: 6.71358 90.684 999.292
Thumb: 34.6242 83.9687 1057.73
Index: -13.3043 17.6023 1105.49
Middle: -12.1976 22.6379 1072.19
Ring: -1.14354 100.98 1026.48
Little: 4.40919 87.1337 999.548
Thumb: 33.7782 84.704 1061.02
Index: -13.436 17.7775 1107.14
Middle: -9.59629 22.3126 1075.01
Ring: 1.74451 90.9547 1030.59
Little: 9.2189 73.3903 1006.08
Thumb: 31.7587 84.5174 1059.81
Index: -15.9801 17.9677 1105.67
Middle: -4.9247 18.7895 1078.33
Ring: 0.710983 96.4985 1027.48
Little: 3.66306 76.4433 1001.92
Thumb: 29.4434 91.3458 1062.98
Index: -15.6463 21.9317 1107.54
Middle: -4.20687 24.8668 1079.38
Ring: -3.81166 96.7336 1028.7
Little: 6.1045 82.6418 1003.36
Thumb: 29.3938 91.4159 1063
Index: -15.7571 22.0304 1107.53
Middle: -4.54298 27.2268 1078.47
Ring: -3.84585 96.9039 1028.71
Little: 5.11773 79.2759 1004.51
Thumb: 26.8785 90.7323 1064.57
Index: -19.8238 21.7006 1105.33
Middle: -4.61637 27.235 1076.97
Ring: -7.65759 93.3425 1027.43
Little: 5.86801 83.5485 1002.08
Thumb: 24.5629 89.8317 1066.44
Index: -21.5552 19.2509 1104.75
Middle: -4.9689 25.1806 1079.59
Ring: -8.62507 90.458 1027.8
Little: 6.81583 83.2209 1002.31
Thumb: 25.7403 88.4177 1066.95
Index: -22.5666 18.3242 1103.15
Middle: -6.18599 25.5025 1076.51
Ring: -11.5399 86.5787 1024.51
Little: 9.93953 82.9202 1001.86
Thumb: 25.5758 88.4459 1066.73
Index: -23.1886 18.6322 1102.67
Middle: -6.41481 25.5446 1076.22
Ring: -11.5572 83.7272 1024.82
Little: 11.3227 85.0713 1000.68
Thumb: 25.3526 88.5749 1066.72
Index: -24.2011 18.7816 1101.02
Middle: -5.84949 25.6467 1075.01
Ring: -13.6035 80.7235 1023.31
Little: 11.5058 84.6388 999.717
Thumb: 24.7516 87.8795 1066.05
Index: -25.2628 18.2856 1100.4
Middle: -5.83217 25.4807 1075.11
Ring: -14.0147 78.9003 1021.99
Little: 12.2671 84.9834 998.19
Thumb: 24.4074 87.9159 1065.99
Index: -26.4012 18.7718 1099.37
Middle: -5.48201 25.1649 1075.17
Ring: -15.4954 76.8402 1021.17
Little: 12.6559 84.5655 997.982
Thumb: 23.7481 87.3562 1067.43
Index: -26.5558 17.9804 1100.26
Middle: -4.45481 22.8151 1077.4
Ring: -15.5348 75.0863 1021.9
Little: 13.0111 82.6668 999.312
Thumb: 23.5129 87.7064 1067.21
Index: -26.8925 18.2471 1099.92
Middle: -4.48839 22.8786 1077.07
Ring: -16.0504 75.6791 1020.93
Little: 12.8497 82.1539 999.428
Thumb: 23.82 88.5715 1068.78
Index: -26.4239 18.0236 1099.02
Middle: -2.87005 23.2343 1078.07
Ring: -15.5335 72.4915 1021.38
Little: 14.6076 81.3042 1000.67
Thumb: 23.7092 88.6171 1068.86
Index: -25.8733 17.9745 1100.37
Middle: -2.48087 23.1222 1078.09
Ring: 1.41996 83.7985 1032.82
Little: 14.5209 81.3187 1000.73
Thumb: 23.7119 88.6165 1068.86
Index: -25.7865 17.9479 1100.4
Middle: -2.50002 23.1637 1078.11
Ring: -16.2799 73.3939 1020.35
Little: 14.5175 81.3113 1000.73
Thumb: 23.7324 86.0612 1073.61
Index: -25.6821 15.5951 1103.9
Middle: -2.79915 20.1758 1083.72
Ring: -16.2023 68.2924 1025.27
Little: 16.0284 79.8577 1004.78
Thumb: 23.6943 86.0116 1074.12
Index: -25.85 15.8007 1105.43
Middle: -3.93351 23.6636 1081.86
Ring: -16.2756 68.9879 1025.56
Little: 16.4185 79.9379 1005.92
Thumb: 23.6169 85.9471 1074.14
Index: -25.9777 15.7427 1105.73
Middle: -4.1811 23.4027 1082.37
Ring: -15.5908 70.423 1025.35
Little: 14.6296 74.9482 1007.14
Thumb: 26.3718 89.0172 1076
Index: -23.5159 18.1323 1105.83
Middle: -3.04755 27.2338 1079.74
Ring: -11.7213 70.0661 1025.73
Little: 21.7266 82.8275 1006.9
Thumb: 26.1183 89.6394 1077.37
Index: -22.577 18.6924 1105.62
Middle: -0.599086 27.0212 1081.97
Ring: -12.1885 71.2526 1026.8
Little: 20.289 79.8948 1009.27
Thumb: 26.1351 89.6271 1077.35
Index: -22.434 18.6402 1105.64
Middle: -1.25497 27.9983 1080.88
Ring: -12.2325 70.9605 1026.88
Little: 21.4953 83.7922 1008.08
Thumb: 26.5282 90.257 1077.82
Index: -21.1707 18.8002 1105.84
Middle: 0.119924 30.6562 1081.19
Ring: -11.8187 70.8331 1027.35
Little: 22.1091 84.2586 1008.73
Thumb: 26.8202 90.302 1077.78
Index: -20.4741 18.5908 1106.07
Middle: 0.681688 30.6338 1081.05
Ring: -12.0096 69.9205 1027.05
Little: 23.4492 86.8518 1008.18
Thumb: 27.1188 90.4217 1078.51
Index: -20.4819 18.8594 1106.66
Middle: 0.832386 30.7278 1081.79
Ring: -11.6903 69.9517 1027.72
Little: 23.9017 86.9143 1008.91
Thumb: 27.1151 90.4195 1078.5
Index: -20.5316 18.8704 1106.69
Middle: 0.753758 30.7776 1081.75
Ring: -11.1566 71.0812 1027.68
Little: 24.144 87.4937 1008.84
Thumb: 27.3458 90.4549 1078.52
Index: -17.2942 18.1429 1107.49
Middle: 0.778713 30.7961 1082.14
Ring: -10.8785 71.3294 1027.57
Little: 24.1025 87.091 1008.91
Thumb: 29.0969 91.8617 1078.7
Index: -15.5884 18.9599 1107.79
Middle: 2.8632 32.69 1081.21
Ring: -8.16199 72.285 1027.21
Little: 26.8052 88.5879 1009.05
Thumb: 29.8994 92.3689 1078.85
Index: -14.4757 19.3523 1105.64
Middle: 3.81974 33.1216 1081.66
Ring: -7.18237 72.2068 1027.48
Little: 27.8403 89.0502 1009.14
Thumb: 31.7901 94.6483 1085.85
Index: -8.52792 19.6688 1106.02
Middle: 9.47051 32.2027 1081.18
Ring: 0.961794 85.7867 1026.08
Little: 33.9088 88.1579 1016.59
Thumb: 36.4434 92.2088 1084.33
Index: -8.47406 17.6927 1097.57
Middle: 11.6305 31.7388 1073.69
Ring: 4.27576 82.3913 1022.19
Little: 40.0894 90.4605 1014.62
Thumb: 42.3443 95.7898 1085.26
Index: -2.65809 20.6719 1098.73
Middle: 17.5431 34.7563 1074.66
Ring: 9.2148 87.5961 1021.41
Little: 45.9384 94.9604 1015.91
Thumb: 50.2326 104.45 1084.05
Index: 3.60161 30.863 1095.38
Middle: 23.5496 45.0049 1070.75
Ring: 16.5965 95.082 1020.76
Little: 52.8579 99.8918 1015.12
