Thumb: 32.9554 91.7207 1121.92
Index: -64.5745 28.1944 1098.23
Middle: -101.42 40.8207 1097.63
Ring: -124.543 62.0639 1082.41
Little: -141.773 103.039 1080.87
Thumb: 31.5569 103.068 1121.72
Index: -69.6834 34.3096 1096.84
Middle: -102.701 37.671 1091.46
Ring: -95.3638 37.1122 1078.34
Little: -105.935 70.5118 1081.78
Thumb: 27.6739 93.1396 1113.25
Index: -74.3478 33.7916 1096.42
Middle: -106.183 39.6661 1096.67
Ring: -100.875 38.8577 1087.52
Little: -110.843 71.2889 1082.7
Thumb: 22.6312 92.0482 1114.7
Index: -76.5904 32.0496 1097.18
Middle: -109.002 38.8132 1095.5
Ring: -101.819 37.1387 1085.74
Little: -115.17 70.0316 1080.48
Thumb: 17.4312 92.8173 1110.37
Index: -80.7381 30.6988 1095.08
Middle: -110.824 36.8177 1094.61
Ring: -104.477 37.0196 1088.32
Little: -115.487 69.2691 1079.55
Thumb: 11.971 93.3444 1115.36
Index: -82.8544 32.5392 1095.7
Middle: -111.938 38.0627 1097.63
Ring: -105.761 38.0787 1088.71
Little: -116.597 70.2655 1080.94
Thumb: 6.52183 93.5815 1113.09
Index: -86.0899 32.2161 1094.21
Middle: -113.123 38.1657 1096.89
Ring: -106.708 38.3521 1090.49
Little: -118.196 70.548 1084.73
Thumb: 1.1908 91.8328 1112.14
Index: -89.8953 35.255 1094.62
Middle: -111.172 40.8179 1099.37
Ring: -110.995 41.1132 1089.96
Little: -120.798 73.6864 1086.63
Thumb: -1.64089 89.9194 1113.07
Index: -96.8652 36.3389 1093.68
Middle: -114.264 42.177 1100.79
Ring: -117.079 44.8244 1091.73
Little: -112.36 132.844 1143.3
Thumb: -4.60897 89.3194 1111.75
Index: -96.7112 39.4088 1098.67
Middle: -118.82 42.7558 1098.84
Ring: -130.482 58.326 1106.78
Little: -111.169 139.791 1143.83
Thumb: -9.49996 87.7749 1110
Index: -98.477 40.8222 1099.5
Middle: -121.89 43.7899 1098.7
Ring: -129.76 59.8942 1108.4
Little: -109.296 140.016 1145.09
Thumb: -13.822 84.9816 1112.49
Index: -99.1121 38.7644 1098.93
Middle: -123.712 41.4932 1097.55
Ring: -127.872 59.4719 1110.58
Little: -109.307 133.997 1146.79
Thumb: -10.9965 85.1022 1113.04
Index: -96.6622 38.8984 1100.65
Middle: -119.809 43.5566 1101.8
Ring: -124.385 59.7717 1109.01
Little: -107.201 136.9 1146.26
Thumb: -8.13471 82.943 1109.36
Index: -92.4301 37.4226 1101.83
Middle: -115.664 40.7944 1101.49
Ring: -120.741 58.7524 1110.8
Little: -103.993 135.37 1146.05
Thumb: -5.58635 85.9464 1108.73
Index: -84.6075 36.2783 1101.25
Middle: -107.484 39.992 1102.33
Ring: -113.043 58.2307 1111.84
Little: -99.9534 133.811 1144.67
Thumb: -3.0458 85.78 1109.13
Index: -78.7342 34.672 1098.44
Middle: -100.882 37.9047 1099.94
Ring: -104.827 55.2075 1111.58
Little: -96.4686 133.615 1142.59
Thumb: 3.34918 86.5575 1109.42
Index: -68.8928 34.303 1100.78
Middle: -92.4872 38.3416 1103.1
Ring: -98.3625 55.5576 1111.65
Little: -93.0627 130.875 1141.81
Thumb: 11.3554 88.8494 1110.18
Index: -61.2224 31.3218 1100.76
Middle: -84.005 35.5456 1101.88
Ring: -92.2779 50.3302 1109.8
Little: -89.1471 127.537 1141.72
Thumb: 19.1885 92.2588 1109.07
Index: -51.5619 31.636 1101.45
Middle: -74.1848 31.4545 1102.54
Ring: -87.1914 48.6507 1109.78
Little: -92.2021 68.0747 1097.8
Thumb: 25.0063 90.6338 1106.63
Index: -42.2864 28.7393 1100.83
Middle: -64.7774 31.129 1104.28
Ring: -77.5908 48.6094 1108.36
Little: -84.1635 71.4075 1103.16
Thumb: 35.4335 91.9725 1105.47
Index: -33.6818 27.1966 1099.42
Middle: -54.9713 26.7832 1105.24
Ring: -69.0487 43.5547 1110.29
Little: -77.6591 75.6613 1106.35
Thumb: 42.7832 91.3055 1108.63
Index: -27.7052 27.6318 1097.94
Middle: -48.604 29.5905 1105.03
Ring: -63.1884 42.9872 1108.06
Little: -73.5424 72.5733 1102.4
Thumb: 46.8087 94.0451 1112.09
Index: -20.9224 26.0415 1100.13
Middle: -43.3739 27.0863 1104.06
Ring: -55.9026 39.6989 1105.04
Little: -68.2898 65.779 1102.61
Thumb: 54.4291 93.8112 1113
Index: -13.192 28.2017 1103.92
Middle: -37.5919 24.9552 1103.92
Ring: -50.7981 39.8173 1105.97
Little: -64.2692 64.7944 1102.05
Thumb: 61.3125 94.0199 1113.51
Index: -6.5377 26.0085 1103.48
Middle: -30.2027 22.7279 1106.37
Ring: -41.9619 37.1696 1109.05
Little: -57.6043 60.1685 1100.51
Thumb: 66.2035 88.2299 1112.67
Index: 0.940849 21.1718 1103.36
Middle: -21.8429 20.3253 1107.25
Ring: -35.3307 34.7102 1109.1
Little: -52.1046 55.1626 1101.09
Thumb: 76.4717 88.5275 1108.44
Index: 9.87956 20.6227 1106.6
Middle: -15.6368 15.1651 1100.77
Ring: -29.3889 33.0469 1103.03
Little: -45.5199 53.046 1098.22
Thumb: 84.6836 85.8606 1109.68
Index: 18.5428 16.7008 1107.45
Middle: -9.7565 12.0313 1100.73
Ring: -23.5752 34.4744 1104.03
Little: -40.3425 49.9687 1092.44
Thumb: 93.6099 85.0734 1111.84
Index: 30.6378 17.948 1111.52
Middle: -3.45578 5.70784 1093.75
Ring: -17.3644 30.851 1104.87
Little: -37.3662 49.2801 1096.37
Thumb: 99.6465 87.378 1114.3
Index: 39.2413 16.4091 1105.47
Middle: 5.8795 5.1275 1093.07
Ring: -9.14956 30.2931 1103.19
Little: -31.2185 49.877 1101.11
Thumb: 112.732 89.3145 1115.1
Index: 45.8429 13.8068 1103.79
Middle: 12.2707 3.49992 1089.51
Ring: -3.35665 29.0208 1102.55
Little: -24.4043 49.4174 1101.25
Thumb: 122.498 91.6494 1113.25
Index: 54.1827 8.61584 1103.09
Middle: 20.1442 0.084259 1094.1
Ring: 4.63055 26.3371 1104.95
Little: -18.3344 41.9557 1099.8
Thumb: 127.542 91.1845 1111.47
Index: 61.1099 9.7743 1107.65
Middle: 25.6304 -2.90737 1094.72
Ring: 11.5161 26.7068 1106.39
Little: -11.293 45.1192 1103.25
Thumb: 133.778 90.8387 1109.49
Index: 64.8094 9.9835 1106.72
Middle: 30.6469 -1.7565 1090.81
Ring: 16.1521 25.4057 1103.39
Little: -9.62589 49.3011 1105.87
Thumb: 137.93 91.151 1109.16
Index: 71.2694 10.9488 1103.42
Middle: 36.0301 -0.521646 1087.62
Ring: 22.0601 28.8528 1102.02
Little: -5.96066 46.413 1100.24
Thumb: 146.5 94.9594 1103.51
Index: 77.0011 7.81758 1102.7
Middle: 41.8306 -3.68951 1082.5
Ring: 28.9841 32.5967 1103.45
Little: -0.454494 46.6759 1104.1
Thumb: 148.41 94.1296 1106.12
Index: 81.1322 8.75179 1105.44
Middle: 45.6973 -4.93948 1081.99
Ring: 32.346 29.3132 1105.57
Little: 5.64709 50.6041 1105.95
Thumb: 153.661 96.4254 1109.35
Index: 84.126 8.74955 1106.23
Middle: 49.5171 -4.95539 1076.91
Ring: 35.3794 29.6894 1106.52
Little: 7.46908 51.2482 1106.7
Thumb: 158.346 96.8997 1112.03
Index: 85.8024 6.27121 1104.15
Middle: 52.3109 -5.42547 1081.27
Ring: 37.6799 31.3679 1110.95
Little: 9.6497 51.4032 1106.44
Thumb: 160.437 98.8961 1114.23
Index: 88.2248 11.1192 1103.49
Middle: 54.8063 -0.374338 1082.33
Ring: 39.8444 32.2004 1105.33
Little: 14.5225 62.6462 1107.17
Thumb: 163.594 97.5516 1114.17
Index: 89.2916 6.72876 1097.54
Middle: 56.7526 -0.997023 1080.5
Ring: 49.5496 74.0009 1159.53
Little: 20.7201 84.9016 1131.36
Thumb: 165.941 96.7717 1114.27
Index: 89.7881 4.88953 1100.19
Middle: 57.0232 -3.0633 1083.51
Ring: 53.1471 84.27 1162.93
Little: 21.0719 82.5178 1135.48
Thumb: 166.314 95.4417 1114.15
Index: 89.7669 19.7543 1109.1
Middle: 53.2324 -1.12988 1082.96
Ring: 52.2 87.6364 1162.3
Little: 18.2723 78.5494 1132.75
Thumb: 166.308 96.551 1115.16
Index: 87.6385 22.9115 1109.84
Middle: 50.4706 1.36352 1083.49
Ring: 51.8414 94.3829 1162.59
Little: 17.8313 85.7572 1132.43
Thumb: 164.459 96.7621 1115.59
Index: 84.7821 26.8181 1107.6
Middle: 47.0436 4.82886 1083.06
Ring: 43.3432 76.8483 1159.78
Little: 14.5987 85.8821 1132.4
Thumb: 162.403 93.9169 1117.86
Index: 80.2519 24.1012 1105.87
Middle: 42.4719 5.74701 1082.36
Ring: 46.5668 94.2411 1162.71
Little: 13.2235 89.7387 1133.44
Thumb: 157.228 93.314 1117.58
Index: 74.7319 23.6806 1106.35
Middle: 37.4318 7.77424 1082.46
Ring: 38.7871 85.0454 1161.61
Little: 12.2976 100.463 1136.1
Thumb: 150.222 91.2869 1116.48
Index: 70.4977 26.307 1107.11
Middle: 32.7395 11.7987 1080.39
Ring: 38.5421 91.5212 1162.21
Little: 9.5936 100.568 1135.64
Thumb: 145.975 91.661 1115.87
Index: 65.5782 25.7936 1108.19
Middle: 27.3306 11.2828 1082.44
Ring: 33.8009 90.0435 1162.17
Little: 9.51576 112.708 1137.66
Thumb: 141.887 91.409 1116.87
Index: 59.5844 28.6331 1108.04
Middle: 20.7849 13.4034 1081.2
Ring: 31.1693 101.607 1163.06
Little: 5.51432 118.687 1136.1
Thumb: 135.674 92.1793 1121.79
Index: 49.1262 25.8709 1107.19
Middle: 12.4266 15.3344 1088.24
Ring: 23.4872 105.175 1162.57
Little: -1.75427 121.191 1135.39
Thumb: 124.073 92.1219 1121.45
Index: 47.4413 34.2405 1112.5
Middle: 8.06868 15.5341 1079.91
Ring: 17.6632 106.747 1163.97
Little: -7.35937 123.147 1136.04
Thumb: 111.608 93.1217 1123.78
Index: 41.5644 36.9858 1110.93
Middle: 0.908803 15.6927 1078.79
Ring: 7.93594 101.976 1163.91
Little: -17.1619 118.366 1138.36
Thumb: 104.711 93.4328 1126.76
Index: 33.2576 35.2292 1114.95
Middle: -6.07058 17.9366 1093.84
Ring: -0.687392 103.022 1165.46
Little: -24.9014 118.164 1138.29
Thumb: 97.2233 94.631 1129.28
Index: 28.1902 36.2413 1120.15
Middle: -11.5144 15.7884 1090.1
Ring: -4.06648 106.823 1168.33
Little: -29.5768 118.879 1141.54
Thumb: 94.4629 93.9545 1129.9
Index: 21.7827 37.817 1120.09
Middle: -18.3752 19.237 1090.38
Ring: -5.79017 114.614 1170.81
Little: -35.8198 115.666 1144.4
Thumb: 87.8534 95.5239 1130.48
Index: 30.9647 66.4324 1118.68
Middle: -25.8521 19.8444 1091.93
Ring: -10.7989 115.526 1172.92
Little: -39.9184 120.697 1147.26
Thumb: 86.4743 94.2125 1132.05
Index: 25.5974 65.1123 1122.1
Middle: -30.2027 18.7132 1095.61
Ring: -18.1164 109.729 1175.91
Little: -44.9815 119.594 1150.78
Thumb: 80.1877 94.2495 1140.08
Index: -2.4548 25.8938 1128.62
Middle: -33.1795 17.4572 1098.11
Ring: -27.8318 112.814 1175.39
Little: -54.7563 117.028 1148.54
Thumb: 66.7989 96.5688 1160.98
Index: -19.7873 33.668 1140.72
Middle: -35.3648 13.2441 1100.61
Ring: -47.2863 124.792 1166.26
Little: -70.8518 103.49 1134.16
Thumb: 23.0411 104.176 1181.13
Index: -41.9446 28.1732 1107.62
Middle: -41.8434 10.5773 1101.33
Ring: -82.0842 118.654 1136.33
Little: -80.127 108.688 1097.11
Thumb: 61.9927 153.964 1222.56
Index: -43.3991 32.1522 1106.53
Middle: -44.3067 14.6304 1104.67
Ring: -90.7006 82.6839 1106.88
Little: -44.6465 54.8417 1066.06
Thumb: 54.6182 178.06 1223.82
Index: -44.3391 33.9506 1112.03
Middle: -48.3826 18.0418 1110.31
Ring: -52.9916 31.4332 1099.51
Little: -38.5175 54.0232 1070.63
Thumb: 47.0372 185.645 1228.6
Index: -42.6157 37.3791 1113.02
Middle: -52.7791 24.7761 1109.59
Ring: -55.2636 36.8157 1101.14
Little: -42.4565 60.5882 1071.43
Thumb: 50.0294 213.015 1225.64
Index: -48.3062 38.2109 1121.01
Middle: -55.565 25.1393 1115.76
Ring: -58.6615 37.2299 1104.91
Little: -47.0948 61.309 1075.78
Thumb: 24.1404 168.922 1246.57
Index: -52.6189 40.1132 1119.73
Middle: -58.4766 26.7862 1109.8
Ring: -62.3083 40.1715 1091.21
Little: -42.3976 57.3095 1071.57
Thumb: 27.853 186.058 1245.12
Index: -75.9046 61.192 1145.09
Middle: -60.0909 33.2646 1115.91
Ring: -62.8104 41.776 1102.3
Little: -43.4508 54.6442 1079.41
Thumb: -73.6401 177.054 1182.51
Index: -80.9649 65.5305 1151.96
Middle: -62.7359 33.8743 1113.26
Ring: -64.8982 38.6225 1106.53
Little: -46.1284 49.671 1086.12
Thumb: -56.1703 167.758 1184.2
Index: -74.6953 95.8282 1185.09
Middle: -61.2905 35.2564 1123.6
Ring: -62.3625 114.383 1133.4
Little: -44.7608 49.7792 1090.96
Thumb: -59.7097 162.356 1177.09
Index: -77.8154 88.4018 1176.18
Middle: -65.8736 39.1058 1121.35
Ring: -57.5288 118.743 1129.05
Little: -41.3603 51.2034 1089.07
Thumb: -32.6053 231.566 1124.37
Index: 80.9579 166.385 1107.18
Middle: 83.5913 145.776 1117.48
Ring: 21.1928 131.012 1139.8
Little: 66.5438 125.529 1089.2
Thumb: -25.9806 248.568 1127.31
Index: 67.3668 156.47 1142.42
Middle: 51.8194 133.651 1144.07
Ring: 11.0894 128.264 1151.38
Little: 53.212 103.131 1092.49
Thumb: -30.2776 261.086 1122.32
Index: 63.8819 158.427 1148.43
Middle: 60.2734 122.709 1134.16
Ring: 2.97334 131.784 1153.71
Little: 50.6566 105.218 1089.26
Thumb: -26.0557 251.669 1116.27
Index: 69.0362 149.796 1141.79
Middle: 61.0735 119.544 1139.31
Ring: -0.160787 132.895 1154.94
Little: 50.2228 103.038 1093.54
Thumb: -26.6065 250.411 1114.59
Index: 76.0479 133.547 1113.5
Middle: 56.9581 119.962 1144.95
Ring: 18.5552 128.043 1154.52
Little: -0.753828 95.9352 1161.05
Thumb: -26.9915 250.3 1112.07
Index: 64.771 144.415 1132.1
Middle: 42.2643 135.537 1152.42
Ring: 34.4636 131.119 1157.91
Little: -4.89857 96.9009 1162.54
Thumb: -22.9243 248.412 1107.84
Index: 73.4833 135.728 1127.59
Middle: 61.7693 123.885 1136.14
Ring: 26.2765 126.964 1159.9
Little: -7.04051 96.5094 1165.2
Thumb: -40.1158 254.934 1111.87
Index: 59.6253 149.503 1153.85
Middle: 65.4222 122.669 1138.85
Ring: 26.1248 128.138 1158.71
Little: -10.7591 97.1536 1165.5
Thumb: -21.4391 253.779 1104.84
Index: 59.8957 149.72 1153.66
Middle: 63.2422 129.911 1146.61
Ring: 18.6818 131 1156.74
Little: -7.22175 100.469 1166.74
Thumb: -19.069 253.601 1103.4
Index: 57.7497 149.071 1156.8
Middle: 63.1953 128.091 1139.13
Ring: 23.9174 130.738 1151.43
Little: -11.6656 100.8 1166.08
Thumb: -57.2559 259.353 1102.71
Index: 34.7012 172.322 1170.22
Middle: 59.8598 126.28 1140.5
Ring: 13.4687 131.476 1152.96
Little: -8.9446 101.636 1163.77
Thumb: -29.6318 250.759 1091.78
Index: 42.4139 163.077 1165.52
Middle: 62.0554 124.967 1138.57
Ring: 6.24126 132.559 1151.16
Little: -11.8977 101.944 1161.8
Thumb: -40.3602 252.666 1094.93
Index: 74.3279 128.761 1114.48
Middle: 65.4627 132.04 1134.32
Ring: 5.63929 131.825 1146.69
Little: -15.4278 101.333 1158.36
Thumb: -24.2819 245.505 1091.14
Index: 70.0763 144.737 1136.42
Middle: 59.6145 132.035 1134.42
Ring: 4.79332 131.914 1145.73
Little: -15.1365 101.704 1156.95
Thumb: -22.41 245.253 1089.4
Index: 65.1182 146.37 1143.05
Middle: 45.4064 130.346 1136.79
Ring: 6.20963 131.754 1142.54
Little: -11.6906 101.965 1156.66
Thumb: -28.0862 267.304 1080.73
Index: 54.9698 155.48 1150.51
Middle: 44.5857 129.276 1135.13
Ring: 9.99051 132.543 1138.95
Little: -6.4238 102.332 1154.27
Thumb: -42.9431 277.154 1068.37
Index: 35.5807 170.175 1152.06
Middle: 45.7679 127.521 1130.37
Ring: 9.84075 131.59 1133.61
Little: -2.05183 102.665 1152.53
Thumb: -40.4878 276.333 1068.17
Index: 45.9396 160.898 1131.48
Middle: 38.1589 129.419 1119.52
Ring: 27.5181 134.703 1129.97
Little: 0.295472 103.947 1150.71
Thumb: -57.9629 274.644 1056.22
Index: 42.9977 164.927 1127.84
Middle: 44.1884 141.143 1119.86
Ring: 27.5329 135.585 1128.46
Little: 2.09245 105.168 1149.76
Thumb: -56.6454 276.005 1054.88
Index: 81.6637 135.62 1100.88
Middle: 48.2491 141.123 1117.24
Ring: 26.1482 136.308 1121.73
Little: 5.38848 106.991 1149.07
Thumb: -81.8487 277.382 1061.27
Index: 83.368 140.77 1099.75
Middle: 49.6942 144.457 1116.04
Ring: 30.2661 139.536 1124.7
Little: 7.63842 109.834 1148.62
Thumb: -87.7862 277.186 1058.84
Index: 84.6408 137.289 1095.97
Middle: 43.1522 148.572 1122.01
Ring: 38.1411 140.529 1126.5
Little: 8.50119 111.284 1149.03
Thumb: -72.6974 262.403 1088.79
Index: 85.9872 138.916 1088.54
Middle: 40.088 151.82 1121.94
Ring: 18.2976 142.128 1136.22
Little: 4.83606 112.557 1152.38
Thumb: -40.9718 261.433 1078.57
Index: 86.3378 144.666 1102.17
Middle: 39.5711 152.187 1122.99
Ring: 20.9595 141.706 1137.25
Little: 6.43435 111.306 1153.05
Thumb: -33.8069 253.588 1079.4
Index: 87.5997 146.804 1091.32
Middle: 46.0047 155.658 1117.29
Ring: 27.1303 144.205 1133.48
Little: 13.5104 113.364 1153.95
Thumb: -46.6895 257.015 1084.26
Index: 88.4304 143.78 1092.11
Middle: 40.1423 152.655 1116.6
Ring: 30.5206 143.091 1128.44
Little: -1.06739 107.877 1147.25
Thumb: -31.2434 251.359 1081.12
Index: 33.5181 196.537 1158.11
Middle: 41.1146 153.779 1113.84
Ring: 40.7803 144.468 1122.53
Little: 2.4608 107.657 1148.75
Thumb: -30.634 247.879 1085.21
Index: 30.9364 196.222 1160.69
Middle: 46.534 148.525 1121.6
Ring: 44.9853 141.346 1123.2
Little: 7.37494 103.429 1149.94
Thumb: -16.6606 240.798 1095.49
Index: 35.607 195.388 1166.47
Middle: 53.969 149.76 1123.17
Ring: 33.0997 136.99 1136.55
Little: 19.4867 104.504 1158.67
Thumb: -6.25254 233.101 1101.62
Index: 42.3036 190.011 1168.67
Middle: 59.7678 144.451 1125.01
Ring: 38.9049 131.562 1137.63
Little: 23.6794 98.6449 1158.88
Thumb: 0.931026 231.509 1105.82
Index: 48.9256 187.031 1171.47
Middle: 65.1804 144.395 1127.18
Ring: 42.0961 132.271 1162.5
Little: 29.6761 97.0488 1159.77
Thumb: 1.93778 229.803 1105.7
Index: 52.2295 190.227 1170.15
Middle: 69.7885 147.658 1126.16
Ring: 63.1619 140.966 1160.99
Little: 36.4911 99.311 1160.69
Thumb: 11.1605 246.496 1103.1
Index: 56.8669 190.257 1170.6
Middle: 75.363 145.194 1127.85
Ring: 50.9714 134.872 1165.87
Little: 40.2862 98.7585 1160.68
Thumb: 3.60159 247.01 1097.66
Index: 58.4065 192.066 1169.25
Middle: 77.8383 148.943 1130.04
Ring: 55.2463 135.044 1168.86
Little: 49.4409 98.8302 1161.32
Thumb: 5.21557 248.023 1096.07
Index: 69.254 187.729 1168.67
Middle: 88.411 143.519 1127.57
Ring: 62.9812 133.07 1173.42
Little: 57.6009 96.6452 1162.13
Thumb: 1.87486 250.25 1088
Index: 73.1999 187.779 1169.74
Middle: 89.4873 144.641 1126.52
Ring: 67.2477 134.97 1175.81
Little: 59.7886 97.0846 1162.78
Thumb: -6.43481 254.403 1085.2
Index: 81.645 187.308 1168.81
Middle: 97.769 145.057 1127.3
Ring: 76.1621 136.747 1176.27
Little: 72.9623 100.657 1164.32
Thumb: -1.16966 254.574 1085.7
Index: 85.0676 189.765 1168.5
Middle: 100.338 148.785 1120.27
Ring: 78.8982 137.656 1172.69
Little: 76.7873 101.987 1163.73
Thumb: 0.471011 255.51 1087.4
Index: 89.3769 191.054 1168.9
Middle: 104.207 148.231 1121.16
Ring: 85.888 139.834 1173.8
Little: 81.9365 103.016 1163.69
Thumb: 1.4544 252.381 1090.37
Index: 90.6343 191.489 1171.11
Middle: 106.836 149.679 1125.82
Ring: 91.2791 138.13 1175.82
Little: 90.1907 101.974 1164.1
Thumb: -0.683918 253.474 1082.2
Index: 98.6933 189.55 1172
Middle: 76.9096 163.116 1157.37
Ring: 96.4608 137.618 1176.24
Little: 94.0221 101.597 1165.7
Thumb: 45.2309 245.549 1106.09
Index: 109.274 186.594 1170.79
Middle: 102.069 160.196 1185.13
Ring: 102.545 135.622 1174.14
Little: 98.0361 99.3632 1163.5
Thumb: 45.4833 242.909 1103.64
Index: 108.841 191.811 1168.86
Middle: 106.401 164.196 1184.09
Ring: 105.586 137.986 1176.34
Little: 110.276 105.452 1164.82
Thumb: 72.3621 238.461 1107.6
Index: 113.974 186.738 1169.53
Middle: 111.94 159.013 1185.7
Ring: 109.89 134.081 1178.71
Little: 111.115 100.438 1166.34
Thumb: 80.6909 239.867 1111.51
Index: 116.067 190.243 1167.7
Middle: 117.5 160.071 1184.37
Ring: 113.09 134.488 1180.85
Little: 115.631 101.44 1165.66
Thumb: 85.2123 249.173 1104.61
Index: 154.324 173.367 1152.91
Middle: 138.53 156.685 1176.86
Ring: 133.99 133.422 1171.41
Little: 157.286 103.914 1131.17
Thumb: 91.3209 244.773 1108.12
Index: 166.246 167.353 1139.27
Middle: 144.424 157.856 1171.88
Ring: 158.808 138.064 1149.13
Little: 155.14 104.914 1129.78
Thumb: 101.18 246.463 1108.77
Index: 163.943 171.757 1132.12
Middle: 130.469 160.08 1163.92
Ring: 163.851 137.331 1142.16
Little: 158.117 105.6 1119.55
Thumb: 99.3674 222.426 1112.42
Index: 171.022 168.629 1120.28
Middle: 133.378 159.177 1156.58
Ring: 175.331 138.651 1095.04
Little: 155.826 106.05 1086.94
Thumb: 94.7864 238.651 1113.39
Index: 176.507 140.569 1068.71
Middle: 159.933 162.122 1155.34
Ring: 172.724 137.524 1070.78
Little: 151.157 108.191 1126.58
Thumb: 93.7416 244.716 1099.73
Index: 174.275 142.592 1065.6
Middle: 168.704 161.342 1143.3
Ring: 164.537 136.45 1047.79
Little: 145.859 108.015 1130.28
Thumb: 90.3479 250.445 1104.8
Index: 168.94 141.713 1056.94
Middle: 167.701 162.962 1143.04
Ring: 161.599 135.524 1046.5
Little: 144.348 109.002 1131.52
Thumb: 102.125 232.147 1108.49
Index: 164.088 153.867 1053.75
Middle: 174.223 130.934 1049.92
Ring: 152.687 148.943 1033.45
Little: 143.02 110.934 1132.48
Thumb: 104.285 246.873 1105.14
Index: 159.826 162.326 1060.46
Middle: 167.959 127.121 1046.97
Ring: 150.909 148.782 1036.64
Little: 152.614 116.62 1099.85
Thumb: 110.106 223.111 1099.11
Index: 145.976 152.527 1036.25
Middle: 163.295 123.737 1045.94
Ring: 146.224 145.339 1034.57
Little: 148.998 111.613 1096.07
Thumb: 105.99 185.707 1088.28
Index: 136.271 164.542 1029.9
Middle: 160.899 143.735 1037
Ring: 140.644 157.467 1028.03
Little: 148.074 121.347 1090.21
Thumb: 114.465 223.49 1102.69
Index: 139.532 166.712 1032.3
Middle: 144.621 153.466 1027.01
Ring: 141.971 167.448 1032.53
Little: 145.252 122.379 1090.35
Thumb: 113.477 230.201 1105.76
Index: 137.059 161.3 1033.79
Middle: 141.43 153.343 1027.38
Ring: 132.47 168.359 1028.31
Little: 110.461 133.042 1044.55
Thumb: 113.678 232.007 1107.29
Index: 129.708 160.768 1029.81
Middle: 140.435 152.429 1027.89
Ring: 146.679 157.442 1062.12
Little: 124.815 126.854 1063.63
Thumb: 114.809 218.727 1108.46
Index: 137.636 161.455 1037.42
Middle: 141.13 152.954 1029.68
Ring: 142.588 155.865 1069.13
Little: 123.989 128.094 1061.47
Thumb: 113.947 222.16 1109.03
Index: 139.844 163.31 1037.2
Middle: 140.872 154.251 1030.58
Ring: 141.451 155.436 1072.02
Little: 123.655 128.076 1063.23
Thumb: 113.934 221.894 1106.51
Index: 129.99 158.162 1033.54
Middle: 145.865 147.239 1036.33
Ring: 143.137 151.953 1071.39
Little: 120.776 126.009 1062.49
Thumb: 113.49 220.162 1105.72
Index: 128.057 156.476 1033.2
Middle: 158.574 155.521 1047.91
Ring: 136.537 148.299 1081.7
Little: 120.162 124.034 1063.7
Thumb: 121.735 203.802 1101.62
Index: 133.413 155.991 1036.3
Middle: 150.52 156.8 1040.71
Ring: 135.58 147.834 1082.59
Little: 116.022 118.99 1081.28
Thumb: 110.092 187.725 1109.65
Index: 126 149.258 1032.49
Middle: 148.56 131.77 1051.57
Ring: 132.809 144.175 1082.37
Little: 116.76 115.917 1080.97
Thumb: 114.245 190.922 1105.19
Index: 130.127 144.136 1034.82
Middle: 158.214 128.568 1064.49
Ring: 133.08 140.701 1086.37
Little: 120.608 112.261 1083.13
Thumb: 115.617 193.514 1104.99
Index: 133.598 142.254 1036.73
Middle: 154.815 123.15 1060.45
Ring: 135.056 138.754 1087.54
Little: 122.768 110.896 1082.85
Thumb: 113.561 192.465 1103.83
Index: 137.402 138.022 1039.71
Middle: 167.732 128.554 1108.54
Ring: 128.723 134.699 1096.57
Little: 123.26 107.526 1084.31
Thumb: 111.709 183.338 1109.45
Index: 151.175 150.707 1084.22
Middle: 171.104 120.655 1107.76
Ring: 128.155 132.174 1100.1
Little: 122.516 104.048 1091.14
Thumb: 113.515 183.079 1104.96
Index: 157.784 122.135 1071.65
Middle: 172.217 122.934 1113.98
Ring: 133.713 124.101 1100.02
Little: 117.943 96.6317 1099.26
Thumb: 123.907 190.279 1099.42
Index: 162.372 122.253 1072.98
Middle: 170.565 118.077 1116.57
Ring: 128.375 122.562 1105.25
Little: 119.014 94.1772 1108.25
Thumb: 140.32 208.305 1114.62
Index: 158.801 109.621 1082.65
Middle: 177.583 125.984 1102.59
Ring: 132.073 115.332 1108.51
Little: 107.822 90.7354 1115.58
Thumb: 136.698 185.167 1127.46
Index: 157.287 99.1552 1087.02
Middle: 156.836 125.324 1137.35
Ring: 127.398 109.381 1120.57
Little: 69.6021 102.106 1156.08
Thumb: 132.164 182.938 1126.98
Index: 135.891 142.509 1090.19
Middle: 163.448 92.8026 1078.92
Ring: 122.958 106.077 1125.32
Little: 66.1148 102.193 1161.69
Thumb: 130.804 186.402 1116.73
Index: 132.404 138.975 1086.97
Middle: 154.937 88.7845 1062.38
Ring: 129.677 98.2209 1118.32
Little: 62.1791 98.9885 1156.23
Thumb: 146.875 216.143 1138.33
Index: 128.14 137.807 1092.27
Middle: 150.151 91.9619 1051.75
Ring: 129.079 97.4692 1109.34
Little: 59.9223 97.8871 1154.66
Thumb: 135.729 230.688 1131.58
Index: 126.986 142.459 1098.58
Middle: 150.818 101.727 1076.02
Ring: 127.847 99.8339 1103.51
Little: 58.4943 95.562 1148.66
Thumb: 132.041 226.233 1126.18
Index: 121.553 140.842 1093.09
Middle: 128.424 109.055 1098.81
Ring: 98.329 109.887 1132.71
Little: 54.8849 92.5461 1145.47
Thumb: 124.324 239.841 1126.48
Index: 116.199 152.336 1099.55
Middle: 131.872 109.502 1095.94
Ring: 75.1302 118.647 1144.23
Little: 55.7457 92.7445 1144.55
Thumb: 122.753 242.671 1119.42
Index: 116.069 148.941 1099.23
Middle: 135.746 111.681 1093.85
Ring: 72.9825 118.859 1144.16
Little: 53.3338 93.6081 1145.93
Thumb: 102.68 251.944 1102.85
Index: 115.806 148.072 1098.96
Middle: 134.793 113.111 1100.64
Ring: 74.246 121.312 1153.34
Little: 53.4158 94.3667 1148.85
Thumb: 84.4013 253.293 1094.6
Index: 106.244 148.343 1096.24
Middle: 130.359 105.588 1090.94
Ring: 84.4189 118.162 1160.32
Little: 51.6118 91.593 1153.54
Thumb: 86.9285 244.929 1055.95
Index: 105.102 145.332 1092.26
Middle: 136.551 78.0439 1055.98
Ring: 80.939 120.716 1157.12
Little: 46.2158 96.1556 1153.47
Thumb: 104.189 231.732 1056.45
Index: 126.619 129.871 1104.37
Middle: 121.035 67.4779 1031.55
Ring: 85.1489 117.766 1154
Little: 42.9485 96.7894 1152.3
Thumb: 92.7702 233.342 1037.51
Index: 123.053 128.547 1097.85
Middle: 116.158 59.6369 1035.2
Ring: 80.2145 118.666 1152.73
Little: 40.0353 98.1757 1152.12
Thumb: 75.2608 234.358 1027.34
Index: 114.167 142.722 1108.46
Middle: 137.595 69.8579 1085.99
Ring: 78.2826 118.069 1154.73
Little: 46.538 99.8179 1161.8
Thumb: 72.7372 230.751 1022.57
Index: 112.445 142.847 1107.74
Middle: 132.57 62.5553 1086.43
Ring: 77.8028 117.614 1155.11
Little: 43.9409 100.497 1162.54
Thumb: 77.5185 221.949 1020.53
Index: 110.905 138.767 1109.66
Middle: 132.283 68.7164 1098.75
Ring: 85.9949 112.463 1159.01
Little: 39.3734 101.086 1163.01
Thumb: 72.6055 222.857 1018.83
Index: 108.589 137.166 1108.11
Middle: 130.978 81.8038 1114.87
Ring: 86.5599 113.053 1159.36
Little: 39.6089 101.985 1164.49
Thumb: 76.1554 215.846 1016.37
Index: 107.731 133.145 1105.18
Middle: 129.338 79.5186 1112.14
Ring: 78.9186 118.033 1159.53
Little: 40.0311 102.738 1164.65
Thumb: 78.2162 210.885 1015.56
Index: 107.536 133.221 1101.7
Middle: 127.14 72.3047 1105.23
Ring: 74.7278 118.74 1158.71
Little: 39.1105 102.351 1164.32
Thumb: 77.3809 208.62 1012.97
Index: 108.295 130.755 1100.82
Middle: 125.364 70.6336 1101.58
Ring: 75.0913 119.169 1156.66
Little: 38.8996 103.403 1162.99
Thumb: 78.931 203.047 1016.98
Index: 102.1 137.431 1096.82
Middle: 122.486 69.202 1098.32
Ring: 73.6395 118.278 1156.44
Little: 33.1483 104.343 1162.19
Thumb: 74.8322 205.946 1014.73
Index: 97.0822 140.712 1096.59
Middle: 119.908 75.445 1102.28
Ring: 72.3369 122.246 1155.42
Little: 33.7643 107.94 1162.77
Thumb: 68.051 220.383 1015.48
Index: 77.8067 145.012 1095.06
Middle: 68.2614 131.589 1127.67
Ring: 74.8814 119.748 1155.71
Little: 31.1615 108.713 1162.78
Thumb: 65.2194 223.637 1016.27
Index: 72.1956 146.133 1094.85
Middle: 62.6179 137.899 1127.72
Ring: 74.868 122.362 1154.82
Little: 31.4076 109.307 1162.48
Thumb: 80.1318 190.419 1031.24
Index: 72.3804 148.985 1090.46
Middle: 62.7157 138.944 1126.57
Ring: 75.7942 122.455 1153.58
Little: 29.137 109.826 1160.21
Thumb: 79.1512 190.599 1036.28
Index: 72.297 153.088 1089.24
Middle: 71.8991 135.43 1123.54
Ring: 69.1175 129.256 1153.06
Little: 28.8956 111.069 1158.76
Thumb: 76.8412 190.784 1032.68
Index: 81.4281 157.345 1080.15
Middle: 81.0356 130.058 1122.77
Ring: 71.954 128.206 1149.62
Little: 28.8985 111.815 1157.04
Thumb: 77.1722 187.815 1032.76
Index: 81.5786 153.775 1081.68
Middle: 80.6226 128.49 1123
Ring: 83.5068 118.008 1147.98
Little: 26.0736 111.171 1155.18
Thumb: 76.9803 191.621 1029.37
Index: 79.6461 156.811 1080.44
Middle: 83.9502 127.971 1122.65
Ring: 82.9837 119.557 1146.93
Little: 27.1087 111.341 1154.62
Thumb: 86.6357 174.319 1045.64
Index: 86.4135 147.006 1082.61
Middle: 82.2093 127.785 1122.25
Ring: 82.7304 118.739 1146.75
Little: 22.5437 111.342 1152.39
Thumb: 90.9693 166.431 1052.29
Index: 85.7387 150.72 1081.75
Middle: 84.6649 126.105 1125
Ring: 64.229 128.035 1148.12
Little: 38.0821 97.1227 1145.25
Thumb: 88.1892 179.066 1034.28
Index: 89.3873 143.82 1088.69
Middle: 114.498 90.5697 1112.76
Ring: 56.7943 129.161 1149.7
Little: 38.2268 93.8998 1145.15
Thumb: 91.7051 201.996 1022.22
Index: 88.2811 153.29 1091.28
Middle: 98.9961 120.758 1146.47
Ring: 56.3824 128.367 1153.93
Little: 36.1505 90.1495 1143.74
Thumb: 97.0884 208.238 1025.61
Index: 86.1957 155.955 1101.25
Middle: 98.2475 122.943 1153.35
Ring: 54.8541 130.22 1158.13
Little: 36.8392 89.4004 1144.44
Thumb: 102.047 207.135 1030.41
Index: 86.8656 158.203 1112.68
Middle: 91.567 125.462 1163.51
Ring: 52.3485 127.894 1161.92
Little: 34.4343 79.1153 1138.27
Thumb: 93.8809 222.563 1039.35
Index: 80.5657 161.289 1114.76
Middle: 86.5337 134.217 1169.55
Ring: 49.7577 128.009 1163.67
Little: 35.4404 82.6075 1138.48
Thumb: 83.6077 234.365 1055.21
Index: 80.0788 170.773 1133.43
Middle: 70.2932 143.697 1173.04
Ring: 49.3073 128.947 1175.21
Little: 46.1703 80.4915 1139.24
Thumb: 13.219 283.971 1085.52
Index: 70.904 182.325 1138.77
Middle: 73.1824 149.072 1180.03
Ring: 49.6616 131.682 1178.01
Little: 58.741 87.4007 1139.6
Thumb: 34.5677 270.68 1071.08
Index: 84.9827 169.812 1150.18
Middle: 62.1483 148.307 1181.59
Ring: 48.3158 129.935 1182.74
Little: 58.5348 87.8181 1147.48
Thumb: -45.613 268.939 1092.08
Index: 102.132 161.988 1146.76
Middle: 80.9792 155.676 1191.25
Ring: 51.5745 132.787 1186.47
Little: 27.868 93.9467 1146.53
Thumb: -59.1364 260.877 1103.69
Index: 93.4219 174.427 1169.51
Middle: 76.1769 155.107 1192.91
Ring: 59.2018 131.915 1188.87
Little: 39.7545 95.4972 1168.86
Thumb: 42.5668 241.283 1116.04
Index: 88.0106 169.306 1172.06
Middle: 67.9072 150.823 1198.45
Ring: 55.6223 128.263 1193.64
Little: 41.9469 94.1407 1176.79
Thumb: 1.60516 254.39 1126.41
Index: 83.3406 166.222 1177.32
Middle: 65.4025 143.943 1201.51
Ring: 53.6848 121.693 1195.8
Little: 41.4319 88.3881 1177.21
Thumb: 10.2464 259.311 1098.43
Index: 108.182 148.31 1166.44
Middle: 63.6882 134.657 1201.74
Ring: 52.6264 112.328 1195.35
Little: 42.5436 80.0401 1177.82
Thumb: -7.60981 253.971 1098.1
Index: 126.879 138.354 1140.44
Middle: 60.4044 128.777 1200.86
Ring: 52.3989 107.043 1193.26
Little: 41.369 75.0197 1173.74
Thumb: 28.8054 240.322 1100.57
Index: 136.564 125.811 1128.31
Middle: 60.3013 122.657 1201.86
Ring: 54.0571 101.472 1194.06
Little: 45.9145 70.8226 1172.39
Thumb: 62.0997 215.164 1111.99
Index: 110.258 134.936 1161.25
Middle: 60.07 120.51 1200.23
Ring: 54.0721 99.3752 1192.11
Little: 45.0042 68.8212 1169.95
Thumb: 59.4841 209.409 1103.23
Index: 100.074 137.84 1164.04
Middle: 58.4922 112.814 1198.05
Ring: 53.8615 92.2428 1187.88
Little: 45.8032 63.2913 1162.79
Thumb: 58.9609 208.276 1104.78
Index: 103.144 131.906 1158.68
Middle: 55.7839 110.822 1196.54
Ring: 49.7402 89.9768 1185.84
Little: 45.0863 62.0386 1160.35
Thumb: 59.2008 203.026 1108.2
Index: 122.282 112.561 1119.04
Middle: 53.3777 108.746 1194.76
Ring: 48.1427 88.2442 1183.5
Little: 46.238 61.3964 1157.36
Thumb: 59.7112 204.643 1105.8
Index: 123.213 109.83 1109.13
Middle: 47.9908 106.888 1193.19
Ring: 47.5028 87.2172 1182.41
Little: 44.2125 60.2953 1156.25
Thumb: 60.6511 203.305 1111.79
Index: 116.275 108.289 1122.33
Middle: 49.3257 103.674 1190.34
Ring: 44.9238 84.2087 1178.24
Little: 44.0881 58.5624 1152.47
Thumb: 59.5881 205.259 1106.36
Index: 114.685 109.607 1123.65
Middle: 48.197 103.419 1189.07
Ring: 38.1154 83.307 1174.68
Little: 44.6181 58.9163 1150.57
Thumb: 58.4632 205.11 1105.4
Index: 116.434 109.725 1117.76
Middle: 47.6121 104.773 1187.1
Ring: 43.4694 82.3457 1174.08
Little: 43.6393 57.9627 1146.72
Thumb: 55.4296 204.648 1099.86
Index: 101.443 120.743 1151.44
Middle: 43.8441 105.377 1181.87
Ring: 36.5851 82.0857 1167.83
Little: 44.9535 58.9256 1142.87
Thumb: 54.0118 203.334 1097.45
Index: 102.9 121.346 1146.66
Middle: 42.8423 106.692 1180.71
Ring: 36.6552 83.2233 1167.11
Little: 43.1196 59.806 1141.52
Thumb: 54.2545 200.031 1099.03
Index: 88.3734 132.191 1161.39
Middle: 40.013 107.762 1178.76
Ring: 27.7895 83.443 1162.91
Little: 39.031 59.5628 1140.5
Thumb: 52.109 201.224 1095.37
Index: 91.1301 131.765 1155.99
Middle: 37.16 109.071 1175.67
Ring: 25.9888 83.9846 1159.81
Little: 37.408 60.0023 1137.85
Thumb: 51.4657 197.83 1092.54
Index: 91.4342 134.167 1151.08
Middle: 41.5782 110.501 1171.88
Ring: 32.7691 85.3025 1158.41
Little: 39.9851 61.0944 1134.33
Thumb: 50.7476 200.184 1092.23
Index: 69.3417 140.258 1160.81
Middle: 127.042 113.045 1080.54
Ring: 27.368 86.1903 1153.87
Little: 40.5412 62.2828 1132.6
Thumb: 53.9007 198.4 1091.07
Index: 70.8535 139.458 1160.26
Middle: 127.925 137.473 1083.64
Ring: 30.67 86.6 1155.22
Little: 39.5408 62.8035 1131.62
Thumb: 54.438 196.287 1086.91
Index: 103.442 124.743 1130
Middle: 127.013 139.63 1082.47
Ring: 27.0711 87.9452 1154.15
Little: 36.2864 63.3338 1131.57
Thumb: 53.2081 189.741 1086.62
Index: 106.253 122.87 1124.58
Middle: 126.361 140.034 1086.07
Ring: 25.0326 88.8646 1154.24
Little: 34.286 64.1125 1132.27
Thumb: 49.8509 189.305 1084.94
Index: 100.258 116.903 1126.79
Middle: 114.399 135.807 1109.74
Ring: 25.6126 89.3737 1155.4
Little: 35.4472 64.867 1132.82
Thumb: 49.5717 209.059 1082.08
Index: 93.9663 122.559 1132.75
Middle: 116.011 138.741 1107.34
Ring: 26.227 91.8333 1156.39
Little: 36.261 66.9009 1134.19
Thumb: 52.6844 145.914 1096.75
Index: 86.3929 123.087 1141.27
Middle: 92.3375 128.101 1121.88
Ring: 25.3066 90.9568 1158.53
Little: 33.9733 65.5575 1135.88
Thumb: 50.254 146.892 1094.05
Index: 72.4667 132.489 1151.47
Middle: 71.1098 125.745 1122.55
Ring: 25.3767 91.6018 1162.19
Little: 31.1398 65.393 1139.72
Thumb: 53.1701 147.424 1095.85
Index: 49.3309 148.508 1147.44
Middle: 73.4854 123.696 1126.86
Ring: 27.3169 89.9741 1166.56
Little: 30.2348 63.7993 1143.47
Thumb: 51.8916 146.232 1104.19
Index: 63.7537 140.932 1151.01
Middle: 76.6714 126.202 1135.31
Ring: 29.5547 94.3097 1176.12
Little: 30.2277 66.8009 1153.75
Thumb: 50.4005 148.527 1109.03
Index: 69.3302 140.093 1154.71
Middle: 80.5095 130.433 1142.48
Ring: 32.2272 96.0451 1183.61
Little: 34.3944 68.3277 1161.6
Thumb: 51.5168 146.155 1109.84
Index: 74.4556 138.561 1155.13
Middle: 75.4059 126.847 1142.16
Ring: 35.0991 97.2977 1188.18
Little: 34.8297 68.8209 1167.75
Thumb: 55.1711 145.287 1111.83
Index: 79.5354 140.424 1152.87
Middle: 71.8749 127.392 1136.81
Ring: 39.8138 105.282 1193.17
Little: 33.9522 74.5354 1176.59
Thumb: 57.1444 148.133 1113.74
Index: 85.9049 141.568 1152.06
Middle: 68.8355 127.274 1127.68
Ring: 46.8039 109.934 1195.7
Little: 35.1639 77.8809 1181.39
Thumb: 59.1545 150.696 1117.49
Index: 96.1094 139.833 1147.6
Middle: 72.4037 132.25 1129.74
Ring: 48.0925 117.851 1199.83
Little: 34.548 84.2014 1187.22
Thumb: 65.12 148.767 1119.16
Index: 107.725 122.009 1133.33
Middle: 60.3119 134.298 1150.44
Ring: 51.3055 123.655 1202.68
Little: 40.6564 91.265 1193.55
Thumb: 72.0919 144.574 1118.96
Index: 106.957 146.506 1159.87
Middle: 58.5835 138.259 1159.51
Ring: 46.2949 128.413 1201.95
Little: 36.3759 97.0761 1196.34
Thumb: 72.4281 143.823 1117.79
Index: 113.401 155.203 1160.29
Middle: 72.1057 146.7 1170.53
Ring: 52.6298 133.198 1201.57
Little: 46.1489 101.691 1196.95
Thumb: 84.734 147.116 1130.48
Index: 121.359 134.057 1145
Middle: 68.4141 151.45 1171.9
Ring: 54.9969 141.798 1202.35
Little: 47.332 110.079 1200.8
Thumb: 88.269 148.983 1129.68
Index: 129.165 149.457 1158.59
Middle: 77.1208 156.28 1183.46
Ring: 61.6794 141.521 1201.26
Little: 49.7523 109.675 1197.75
Thumb: 91.6524 147.753 1127.06
Index: 130.699 160.197 1159.62
Middle: 82.2656 157.755 1178.46
Ring: 66.5804 144.479 1198.98
Little: 57.5874 112.957 1197.89
Thumb: 104.278 150.946 1114.52
Index: 142.251 153.553 1157.26
Middle: 117.75 146.058 1162.2
Ring: 71.0011 143.214 1198.91
Little: 57.9974 111.95 1196.26
Thumb: 104.021 231.446 1104.82
Index: 148.742 157.369 1148.59
Middle: 112.249 151.903 1165.82
Ring: 74.1909 142.009 1194.67
Little: 64.0987 110.152 1190.99
Thumb: 99.1251 246.136 1100.26
Index: 147.058 149.125 1149.1
Middle: 128.499 141.495 1157.91
Ring: 81.2761 138.887 1192.46
Little: 65.5154 107.202 1186.7
Thumb: 96.7957 245.59 1060.98
Index: 135.892 161.22 1158.28
Middle: 118.573 126.49 1149.17
Ring: 77.3782 136.358 1189.24
Little: 54.1944 108.814 1184.67
Thumb: 108.517 234.019 1056.68
Index: 138.926 151.772 1156.62
Middle: 104.859 148.557 1176
Ring: 86.4836 133.779 1189.58
Little: 54.6128 109.742 1184.91
Thumb: 112.146 230.274 1053.91
Index: 143.013 139.766 1153.56
Middle: 110.952 141.543 1176.61
Ring: 90.0731 128.116 1188.18
Little: 55.975 106.163 1184.13
Thumb: 119.18 221.271 1051.66
Index: 146.279 128.723 1153.11
Middle: 113.635 135.533 1179.66
Ring: 91.4242 124.24 1188.07
Little: 58.1845 103.52 1184.86
Thumb: 117.003 224.718 1047.39
Index: 150.579 117.228 1145.28
Middle: 118.034 129.563 1175.73
Ring: 90.2433 121.94 1183.6
Little: 55.3535 102.22 1179.94
Thumb: 130.361 207.627 1056.09
Index: 150.383 114.165 1140.63
Middle: 130.496 114.091 1169.08
Ring: 91.2336 117.665 1178.12
Little: 57.7851 98.957 1176.42
Thumb: 127.958 176.503 1061.29
Index: 149.587 110.208 1137.11
Middle: 126.186 113.262 1167.05
Ring: 96.1736 111.741 1175.41
Little: 61.1457 95.4857 1175.36
Thumb: 127.459 173.718 1060
Index: 140.663 122.772 1135.18
Middle: 128.818 109.675 1165.29
Ring: 92.626 112.545 1173.82
Little: 57.7859 95.9134 1173.77
Thumb: 127.913 176.457 1052.93
Index: 115.111 139.931 1120.52
Middle: 121.737 114.665 1165.37
Ring: 92.7769 112.273 1173.2
Little: 57.9666 95.9477 1173.88
Thumb: 115.188 218.936 1041.97
Index: 108.904 144.17 1116.45
Middle: 120.355 116.097 1165.55
Ring: 93.8826 112.149 1173.64
Little: 58.8778 96.1515 1175.14
Thumb: 102.928 239.616 1054.3
Index: 107.417 142.64 1117.44
Middle: 116.648 115.631 1166.94
Ring: 92.462 110.139 1174.7
Little: 57.0095 94.6532 1175.74
Thumb: 107.606 219.59 1039.39
Index: 107.886 144.991 1117.4
Middle: 122.838 114.856 1165.22
Ring: 94.7858 111.319 1173.58
Little: 60.6902 94.1593 1175.83
Thumb: 100.443 225.552 1039.84
Index: 113.035 147.223 1120.18
Middle: 127.34 114.635 1162.04
Ring: 96.9492 113.052 1172.14
Little: 63.4016 95.2872 1175.89
Thumb: 112.228 193.072 1037.62
Index: 131.412 110.812 1112.57
Middle: 127.496 112.994 1161.27
Ring: 93.1883 112.97 1171.41
Little: 60.7285 93.6576 1174.03
Thumb: 104.07 202.092 1030.79
Index: 127.328 106.567 1111.69
Middle: 121.878 114.076 1161.13
Ring: 105.667 101.209 1168.32
Little: 57.9192 93.9577 1173.79
Thumb: 100.442 206.515 1034.52
Index: 128.673 103.768 1110.59
Middle: 126.734 105.562 1152.95
Ring: 105.626 100.688 1167.48
Little: 56.7586 93.0893 1173.05
Thumb: 99.8011 201.63 1032.28
Index: 120.387 101.638 1104.14
Middle: 126.179 103.526 1152.93
Ring: 102.217 101.221 1167.86
Little: 55.326 93.0854 1173.43
Thumb: 88.9806 233.07 1049.13
Index: 114.185 110.792 1104.12
Middle: 102.573 115.976 1151.85
Ring: 101.614 99.2672 1167.36
Little: 53.1986 93.2012 1173.45
Thumb: 99.5472 198.752 1031.27
Index: 114.162 112.205 1105.07
Middle: 97.3644 118.052 1149.95
Ring: 102.568 98.3921 1167.11
Little: 53.6027 93.3716 1173.95
Thumb: 88.7009 234.32 1046.8
Index: 113.353 111.938 1103.96
Middle: 87.7647 124.439 1150.44
Ring: 103.725 96.8878 1166.36
Little: 54.9641 92.5378 1174.17
Thumb: 92.9078 225.303 1040.74
Index: 113.198 111.737 1103.4
Middle: 85.3874 128.616 1147.42
Ring: 103.531 97.583 1166.18
Little: 56.644 91.7584 1174.19
Thumb: 97.8482 201.905 1028.41
Index: 115.693 107.516 1105.87
Middle: 86.3967 130.162 1145.99
Ring: 102.129 99.3127 1166.95
Little: 58.1792 91.0302 1174.31
Thumb: 98.8875 200.615 1029.09
Index: 102.871 111.132 1093.71
Middle: 86.7556 130.694 1144.84
Ring: 97.3327 103.316 1169.55
Little: 58.0857 90.8094 1174.97
Thumb: 95.8476 217.852 1041.33
Index: 101.774 122.935 1091.81
Middle: 90.7047 129.418 1144.2
Ring: 100.752 99.6476 1167.39
Little: 59.0348 90.8273 1174.81
Thumb: 99.2535 211.235 1039.2
Index: 103.605 118.468 1094.13
Middle: 90.7616 126.652 1143.49
Ring: 101.052 98.4047 1167.89
Little: 52.6993 93.3439 1173.83
Thumb: 102.865 207.554 1036.24
Index: 104.631 114.978 1097.1
Middle: 124.965 96.7816 1155.44
Ring: 99.7417 98.5978 1169.05
Little: 56.9911 91.6082 1176.04
Thumb: 100.338 215.469 1038.18
Index: 106.849 117.813 1099.45
Middle: 125.325 97.802 1154.34
Ring: 100.711 99.73 1169.29
Little: 56.2559 95.1146 1177.51
Thumb: 107.946 183.979 1039.89
Index: 120.492 127.479 1126.15
Middle: 129.421 93.2585 1150.76
Ring: 101.95 99.4513 1167.97
Little: 57.4542 95.4754 1177.29
Thumb: 105.316 192.754 1038.69
Index: 121.806 131.132 1123.15
Middle: 109.326 122.069 1155.04
Ring: 106.838 98.9988 1164.76
Little: 57.6389 98.4002 1176.42
Thumb: 102.018 181.677 1045.77
Index: 140.645 102.469 1114.99
Middle: 86.7634 132.164 1148.02
Ring: 87.6232 111.571 1160.24
Little: 59.8995 101.273 1176.84
Thumb: 101.375 176.509 1041.17
Index: 138.962 94.4556 1110.2
Middle: 96.2586 136.002 1138.11
Ring: 97.4841 109.434 1159.86
Little: 57.8627 105.406 1174.73
Thumb: 96.8062 189.25 1032.63
Index: 138.48 99.9518 1105.03
Middle: 102.153 133.902 1135.15
Ring: 101.226 107.831 1156.21
Little: 62.2991 102.856 1171.94
Thumb: 100.236 176.231 1007.5
Index: 136.015 104.794 1108.46
Middle: 130.98 91.5594 1139.88
Ring: 100.911 109.71 1153.89
Little: 60.8763 103.876 1169.4
Thumb: 85.2351 127.347 1075.99
Index: 133.523 90.4696 1108.83
Middle: 126.633 94.5211 1142.19
Ring: 99.5832 105.985 1154.23
Little: 43.5892 77.7809 1149.56
Thumb: 86.6464 119.966 1070.42
Index: 132.52 84.8289 1104.09
Middle: 127.872 83.2504 1137.41
Ring: 103.277 104.175 1152.55
Little: 28.6436 42.5071 1130.86
Thumb: 88.8384 112.012 1111.98
Index: 132.65 81.1483 1103.92
Middle: 129.311 83.3422 1136.17
Ring: 109.197 98.7194 1154.47
Little: 29.7428 42.3188 1133.05
Thumb: 89.4487 110.324 1119.43
Index: 133.795 88.5022 1092.62
Middle: 133.095 83.3142 1129.31
Ring: 113.991 99.9788 1149.56
Little: 33.6001 41.8782 1134.35
Thumb: 90.8996 111.845 1116.46
Index: 134.031 90.4357 1088.73
Middle: 135.411 86.7686 1125.18
Ring: 104.349 111.129 1146.04
Little: 35.9402 42.2318 1133.93
Thumb: 108.622 106.659 1112.6
Index: 130.499 106.68 1077.16
Middle: 138.499 88.5283 1122.76
Ring: 105.87 113.642 1143.87
Little: 40.0761 43.1038 1134.36
Thumb: 118.082 102.86 1105.85
Index: 133.771 104.579 1075.49
Middle: 140.793 88.9718 1117.7
Ring: 128.343 91.1362 1137.61
Little: 44.0551 43.6763 1134.34
Thumb: 117.231 101.588 1102.63
Index: 132.278 106.736 1067.81
Middle: 141.676 90.2116 1109.66
Ring: 130.296 92.2846 1130.11
Little: 45.8298 43.386 1133.39
Thumb: 105.507 127.709 1140.05
Index: 126.456 112.891 1061.54
Middle: 141.254 90.8428 1106.24
Ring: 130.295 92.5873 1126.96
Little: 50.3088 43.3844 1129.46
Thumb: 111.254 132.178 1143.3
Index: 127.915 110.97 1063.84
Middle: 136.762 109.948 1097.36
Ring: 128.789 93.1811 1127.69
Little: 49.2362 42.3881 1131.08
Thumb: 113.253 123.892 1134.24
Index: 126.349 107.508 1063.96
Middle: 135.192 108.645 1096.44
Ring: 127.774 92.0426 1127.6
Little: 53.8252 43.0142 1133.7
Thumb: 79.4715 125.618 1125.91
Index: 119.785 100.98 1065.24
Middle: 130.268 105.326 1096.58
Ring: 122.349 88.5434 1125.81
Little: 56.7318 41.4446 1131.4
Thumb: 76.1024 124.552 1122.05
Index: 126.537 97.7203 1067.6
Middle: 122.766 116.072 1090.83
Ring: 122.022 86.147 1126.23
Little: 56.5716 40.9412 1128.89
Thumb: 73.2891 122.473 1120.18
Index: 124.151 99.6885 1064.84
Middle: 124.544 111.882 1090.68
Ring: 43.9442 13.2908 1127.01
Little: 59.7122 40.2287 1121.36
Thumb: 70.7537 135.314 1125.46
Index: 116.484 120.127 1061.58
Middle: 119.173 124.67 1090.21
Ring: 39.7828 18.2739 1117.06
Little: 67.4824 62.6683 1125.55
Thumb: 44.1341 137.411 1114.39
Index: 40.9981 90.6194 1193.7
Middle: 28.3859 98.9867 1165.61
Ring: 13.0398 39.5434 1119.82
Little: 17.2109 49.5123 1109.68
Thumb: 46.7098 135.921 1119.23
Index: 44.9419 19.6139 1118.04
Middle: 24.3102 98.7033 1165.72
Ring: 2.86454 21.1227 1103.55
Little: -16.8497 52.2245 1111.25
Thumb: 52.6442 135.259 1124.49
Index: 42.807 20.5215 1112.79
Middle: 24.5703 98.597 1164.75
Ring: 0.0748386 24.6652 1103.44
Little: -18.4629 56.6375 1109.3
Thumb: 49.2423 135.311 1120.88
Index: 43.1441 20.2333 1110.72
Middle: 30.6699 104.545 1165.07
Ring: 0.68195 22.9632 1098.83
Little: -21.6851 56.8425 1105.18
Thumb: 56.8017 133.117 1124.91
Index: 45.0329 19.0847 1108.79
Middle: 32.6145 101.921 1161.17
Ring: 1.83349 21.9463 1098.46
Little: -21.4617 55.0524 1102.56
Thumb: 48.2864 132.317 1118.69
Index: 43.7709 19.3824 1105.79
Middle: 28.756 99.0444 1157.05
Ring: 0.830467 21.8444 1094.64
Little: -23.9787 53.3643 1096.91
Thumb: 55.6693 131.452 1122.31
Index: 44.6918 19.3387 1103.32
Middle: 30.301 100.496 1162.93
Ring: 1.21231 21.4118 1092.03
Little: -22.6531 53.1629 1097.88
Thumb: 55.4025 130.972 1118.48
Index: 45.7425 17.0983 1100.63
Middle: 31.8359 95.8998 1162.91
Ring: 1.40151 20.0731 1091.72
Little: -22.3632 50.2586 1096.2
Thumb: 69.6004 132.374 1111.05
Index: 44.7991 18.8915 1098.02
Middle: 33.0128 96.8987 1164.15
Ring: 2.34896 19.4271 1088.97
Little: -21.7637 47.6622 1093.02
Thumb: 136.076 103.47 1127.12
Index: 44.0629 19.1118 1094.81
Middle: 37.9581 95.8367 1168.42
Ring: 1.07646 19.1259 1089.02
Little: -22.615 46.8686 1096.36
Thumb: 136.786 105.71 1116.02
Index: 45.9163 24.0008 1089.55
Middle: 44.4364 108.066 1170.23
Ring: 3.60566 22.5254 1086.07
Little: -21.1437 46.6975 1087.56
Thumb: 134.955 103.657 1111.23
Index: 44.4945 24.0872 1089.75
Middle: 31.0679 89.8217 1175.13
Ring: 2.84639 22.6087 1082.01
Little: -22.2862 46.9417 1084.4
Thumb: 133.737 102.329 1108.64
Index: 43.985 24.5367 1085.19
Middle: 26.7141 79.2694 1169.81
Ring: 1.6058 23.9138 1081.2
Little: -22.1953 47.8597 1080.54
Thumb: 133.112 100.751 1102.67
Index: 41.8585 24.6682 1080.94
Middle: 33.1613 88.5021 1169.99
Ring: 0.028367 24.0133 1075.31
Little: -23.977 48.3367 1078.49
Thumb: 133.736 102.334 1099.77
Index: 41.7049 25.5353 1078.07
Middle: 32.6441 88.8129 1167.56
Ring: 0.18195 24.7055 1073.35
Little: -24.3087 49.1223 1074.83
Thumb: 133.781 103.232 1095.39
Index: 40.6895 25.5821 1075.13
Middle: 36.5355 94.5898 1165.74
Ring: -1.00725 24.6768 1069.81
Little: -25.4543 50.1887 1077.47
Thumb: 132.484 103.705 1094.21
Index: 40.9399 25.534 1073.32
Middle: 35.7504 93.5271 1163.38
Ring: -0.580788 24.013 1068.66
Little: -25.5196 48.8072 1074.59
Thumb: 132.863 104.929 1092.19
Index: 38.7125 25.5389 1071.94
Middle: 34.572 93.7822 1162.69
Ring: -2.97569 24.1156 1069.4
Little: -27.8531 48.6271 1073.11
Thumb: 129.114 104.446 1093.61
Index: 41.6255 23.4277 1070.13
Middle: 36.3037 100.34 1160.53
Ring: -3.54666 24.0054 1066.3
Little: -27.7713 48.3559 1070.76
Thumb: 130.938 105.442 1092.43
Index: 42.66 24.07 1070.21
Middle: 35.9592 98.7781 1158.94
Ring: -2.6421 24.6348 1062.19
Little: -27.4267 48.9679 1070.05
Thumb: 131.392 106.369 1091.08
Index: 41.5521 22.4041 1069.17
Middle: 38.1105 106.028 1155.11
Ring: -3.52559 22.6524 1064.01
Little: -27.8779 47.0313 1071.44
Thumb: 131.839 106.818 1092.62
Index: 42.7033 23.9832 1072.54
Middle: 39.4919 105.536 1156.67
Ring: -1.58452 23.9854 1064.67
Little: -26.7232 48.6695 1071.69
Thumb: 132.61 107.803 1094.31
Index: 42.8058 24.0683 1073.06
Middle: 40.2383 109.817 1156.49
Ring: -1.43699 23.9768 1066.55
Little: -26.8667 49.0687 1073.84
Thumb: 132.539 107.658 1098.34
Index: 40.4704 23.2026 1074.13
Middle: 35.4509 107.549 1156.83
Ring: -2.24104 22.4882 1067.57
Little: -27.6133 47.3861 1073.69
Thumb: 132.48 108.132 1098.93
Index: 41.3651 22.9735 1077.61
Middle: 36.1793 108.624 1156.28
Ring: -2.61397 22.5562 1065.5
Little: -27.4587 46.4843 1069.42
Thumb: 131.095 108.069 1101.75
Index: 41.9559 22.5046 1081.15
Middle: 37.1079 105.893 1159.45
Ring: -2.35537 21.7846 1073.65
Little: -26.9329 45.6035 1073.67
Thumb: 130.515 108.758 1105.92
Index: 42.2602 21.8487 1088.19
Middle: 33.2213 105.293 1160.24
Ring: -1.3945 20.1614 1076.94
Little: -25.9029 43.3919 1072.65
Thumb: 132.37 107.998 1105.54
Index: 41.4267 23.5928 1095.1
Middle: 37.2287 103.438 1163.32
Ring: 0.765248 19.298 1079.3
Little: -24.2892 42.6833 1077.08
Thumb: 131.285 107.165 1109.15
Index: 41.7728 23.7207 1098.51
Middle: 30.6429 93.1638 1169.33
Ring: 0.476503 19.5542 1084.1
Little: -22.7057 42.2616 1079.92
Thumb: 133.475 107.179 1110.54
Index: 41.5929 21.5528 1102.59
Middle: 31.6338 95.5098 1172.4
Ring: 0.815832 16.8828 1085.7
Little: -22.5079 39.0634 1080.99
Thumb: 134.939 109.089 1113.4
Index: 42.5475 20.2427 1103.65
Middle: 31.866 95.9469 1175
Ring: 1.50948 17.06 1091.89
Little: -22.4652 38.2091 1084.64
Thumb: 136.837 110.623 1116.53
Index: 42.701 20.3546 1109.4
Middle: 31.8618 95.2753 1178.61
Ring: 1.01962 17.6055 1097.75
Little: -21.6006 37.8062 1086.54
Thumb: 136.994 112.009 1120.21
Index: 41.0005 21.3675 1115.12
Middle: 30.6596 96.725 1181.43
Ring: 1.55744 16.2486 1097.04
Little: -19.9309 37.9476 1089.31
Thumb: 135.843 110.775 1125.55
Index: 40.8738 22.06 1122.13
Middle: 29.7308 96.2574 1185.85
Ring: 2.35765 15.7833 1101.69
Little: -20.1389 38.0303 1094.27
Thumb: 131.612 109.227 1133.57
Index: 37.0097 23.5836 1129.47
Middle: 22.9954 96.2229 1188.71
Ring: 1.34818 15.8349 1104.48
Little: -21.5168 41.8085 1100.44
Thumb: 124.2 105.826 1151.29
Index: 32.4135 23.1481 1133.82
Middle: 12.3727 85.8306 1191.16
Ring: 3.11893 15.6449 1106.53
Little: -21.0262 45.5726 1102.02
Thumb: 124.643 106.747 1154.47
Index: 32.6554 23.6826 1137.52
Middle: 11.3124 82.9212 1193.71
Ring: 3.66895 15.755 1107.81
Little: -20.1201 40.5421 1098.69
Thumb: 129.292 107.271 1149.68
Index: 35.1863 24.0366 1141.81
Middle: 15.2103 92.2964 1198.22
Ring: 4.95651 16.9209 1109.87
Little: -15.7081 41.4557 1105.37
Thumb: 136.887 110.953 1139.64
Index: 40.5103 24.7646 1143.4
Middle: 29.965 97.015 1205.75
Ring: 5.21162 18.3411 1115.52
Little: -8.50787 41.461 1117
Thumb: 131.671 110.145 1144.7
Index: 34.2369 30.2279 1147.76
Middle: 33.6899 109.224 1204.75
Ring: 1.59749 23.2013 1113.52
Little: -5.72744 46.3843 1114.95
Thumb: 118.18 106.208 1162.18
Index: 22.6653 30.2829 1148.39
Middle: 12.1443 97.2015 1188.83
Ring: 3.91743 21.6703 1112.97
Little: -10.0259 47.7047 1111.22
Thumb: 69.3176 111.899 1198.27
Index: 0.361223 29.8733 1133.06
Middle: -23.3409 46.0899 1131.2
Ring: 3.47848 20.8203 1109.31
Little: -8.45513 58.4553 1101.12
Thumb: 93.3586 186.223 1229.37
Index: 2.30712 26.2994 1115.95
Middle: -36.3202 42.1905 1119.76
Ring: 4.38587 20.2964 1109.76
Little: -7.00061 58.2519 1089.23
Thumb: 95.9649 141.325 1231.48
Index: -5.91536 22.827 1115.7
Middle: -41.048 40.5737 1114.27
Ring: -3.64916 16.3413 1111.9
Little: -9.71856 52.3004 1086.06
Thumb: 90.7582 207.975 1215.56
Index: -4.63639 24.7982 1113.76
Middle: -28.4122 35.2373 1087.22
Ring: -2.84354 18.3236 1108.57
Little: -5.36215 50.9371 1083.88
Thumb: 80.7895 135.623 1229.57
Index: -9.50665 28.2431 1116.53
Middle: -21.1777 29.4335 1084.69
Ring: -6.86254 21.5986 1109.65
Little: 3.64151 45.681 1083.67
Thumb: 80.4495 136.243 1231.27
Index: -9.17098 28.1928 1113.94
Middle: -19.9801 28.0427 1083.88
Ring: -6.6622 21.2517 1103.76
Little: 5.37849 45.8296 1081.39
Thumb: 109.751 163.678 1226.97
Index: -4.5597 51.1026 1106.23
Middle: -2.10709 38.2631 1082.87
Ring: 5.66722 43.1356 1086.4
Little: 3.43371 76.1664 1073.22
Thumb: 110.934 153.554 1222.74
Index: -10.1298 51.7272 1109.87
Middle: -2.42005 35.1012 1084.82
Ring: 6.04423 40.6081 1084.63
Little: -0.799689 78.7613 1073.72
Thumb: 93.3895 137.992 996.733
Index: 109.699 80.8581 1125.27
Middle: -3.17092 23.608 1107.2
Ring: -8.68017 34.3303 1117.6
Little: 9.54936 71.8961 1142.52
Thumb: 90.5041 147.817 1006.44
Index: 103.138 96.3648 1133.22
Middle: -2.3752 15.1254 1115.74
Ring: -8.97825 26.0578 1126.79
Little: -13.9521 53.1847 1147.89
Thumb: 130.78 118.039 1093.45
Index: 101.249 100.553 1139.53
Middle: 0.741775 13.7103 1114.28
Ring: -8.44507 25.1019 1125.69
Little: -23.1533 52.9894 1146.35
Thumb: 129.721 118.783 1105.15
Index: 98.1054 100.398 1146.75
Middle: 2.83039 11.6804 1113.54
Ring: -6.42246 22.8528 1122.19
Little: -26.1815 51.3012 1142.54
Thumb: 128.471 115.612 1109.59
Index: 92.116 104.165 1155.93
Middle: 0.507112 13.2084 1118.84
Ring: -9.07374 24.9611 1125.57
Little: -30.5032 54.9252 1140.94
Thumb: 99.0588 101.692 1122.97
Index: 87.2955 104.45 1159.2
Middle: -11.7972 17.1696 1121.94
Ring: -11.6168 24.7216 1122.13
Little: -35.083 54.5066 1135.44
Thumb: 116.25 107.276 1119.11
Index: 4.20686 26.9159 1119.43
Middle: -16.9133 17.0971 1120.37
Ring: -14.1656 23.4264 1119.52
Little: -39.2673 53.1018 1130.6
Thumb: 111.916 113.278 1128.78
Index: 11.6692 34.779 1126.82
Middle: -15.3907 17.8799 1118.18
Ring: -13.365 24.6093 1117.59
Little: -33.527 68.5542 1139.79
Thumb: 82.3994 102.613 1134.75
Index: 8.50044 33.3739 1127.76
Middle: -16.4344 16.5721 1118.49
Ring: -14.9608 23.7392 1119.5
Little: -36.815 67.4895 1137.86
Thumb: 94.3759 104.576 1129.39
Index: 5.37462 33.0228 1125.93
Middle: -17.7863 17.3719 1117.73
Ring: -17.2526 24.7897 1118.04
Little: -38.9577 68.3045 1137.36
Thumb: 98.4494 105.081 1121.41
Index: 7.08333 34.8279 1126.75
Middle: -19.9434 17.7766 1117.23
Ring: -17.5931 24.4792 1116.57
Little: -39.4011 68.2409 1136.54
Thumb: 102.005 108.315 1118.74
Index: 6.99969 34.4301 1125.89
Middle: 33.2828 98.8645 1192.9
Ring: -17.4243 23.3491 1115.22
Little: -39.7558 66.9684 1135.36
Thumb: 102.338 107.817 1119.22
Index: 7.47455 32.734 1124.72
Middle: 32.2402 98.5079 1192.24
Ring: -19.3685 23.7764 1114.51
Little: -41.2742 67.6433 1133.95
Thumb: 100.421 107.351 1118.54
Index: 7.63087 32.8231 1124.76
Middle: 31.693 98.8542 1192.01
Ring: -20.2693 23.8979 1114.55
Little: -41.9184 67.7896 1133.71
Thumb: 101.733 111.128 1115.81
Index: 6.93328 33.2276 1125.12
Middle: 27.6331 100.616 1192.06
Ring: -21.9187 24.379 1114.07
Little: -44.1452 68.5539 1131.52
Thumb: 104.752 110.987 1113.65
Index: 8.64282 32.8098 1125.48
Middle: 26.8672 101.671 1192.27
Ring: -22.4527 25.069 1114.47
Little: -44.6054 69.4328 1131.46
Thumb: 98.3485 110.34 1110.23
Index: 6.99147 33.3205 1125.43
Middle: 23.8491 101.861 1192.31
Ring: -23.4962 25.0844 1113.91
Little: -45.89 69.4788 1130.35
Thumb: 103.429 113.046 1108.35
Index: 7.44842 32.386 1124.77
Middle: 22.7165 102.684 1192.2
Ring: -24.4221 25.1868 1113.2
Little: -46.4972 69.1947 1128.89
Thumb: 101.108 114.237 1109.11
Index: 10.1124 32.4257 1125.15
Middle: 22.4449 102.7 1192.13
Ring: -24.2252 25.1026 1113.07
Little: -46.5179 69.1461 1128.66
Thumb: 96.3114 115.078 1110.39
Index: 9.78069 29.2917 1124.43
Middle: 21.4381 103.274 1192.64
Ring: -23.9553 25.1445 1113.67
Little: -46.781 69.3998 1128.71
Thumb: 92.6563 115.088 1119.66
Index: 9.90481 30.8959 1125.89
Middle: 20.9234 103.817 1192.83
Ring: -23.5171 24.9826 1114.08
Little: -46.7827 69.2198 1128.73
Thumb: 105.731 112.458 1124.46
Index: 9.50359 32.0791 1126.75
Middle: 20.7194 104.174 1193.12
Ring: -23.5437 24.9432 1114.22
Little: -46.8653 69.179 1128.68
Thumb: 117.066 115.743 1119.81
Index: 8.62754 32.6166 1127.19
Middle: 22.0858 103.936 1193.51
Ring: -23.3841 24.9203 1115.16
Little: -46.5193 69.1206 1130.1
Thumb: 106.183 113.958 1121.23
Index: 7.59248 29.9875 1125.93
Middle: 22.1104 104.825 1193.85
Ring: -23.0739 25.1732 1116.07
Little: -46.6765 67.3336 1130.63
Thumb: 105.288 114.496 1120
Index: 9.53417 30.984 1126.86
Middle: 22.5127 104.635 1193.77
Ring: -21.8302 24.302 1115.73
Little: -45.9813 65.8259 1130.62
Thumb: 121.868 116.106 1110.86
Index: 10.7333 30.838 1126.6
Middle: 23.3039 105.835 1193.5
Ring: -20.6274 24.1548 1115.47
Little: -44.9174 66.574 1130.2
Thumb: 123.699 117.813 1107.53
Index: 9.50999 29.1919 1125.49
Middle: 22.2184 105.022 1193.68
Ring: -20.5755 24.1663 1115.59
Little: -45.1454 66.1646 1129.87
Thumb: 123.959 118.461 1108.23
Index: 9.47863 29.2077 1125.22
Middle: 21.8264 104.87 1193.71
Ring: -20.1918 24.0331 1115.17
Little: -44.9927 65.9997 1129.39
Thumb: 117.122 110.484 1114.65
Index: 9.21503 31.2591 1126.6
Middle: 22.6364 105.847 1194.16
Ring: -19.2731 24.9011 1116.25
Little: -43.8648 68.7672 1130.19
Thumb: 124.372 119.332 1109.74
Index: 10.3615 31.0766 1127.11
Middle: 24.9158 105.528 1194.76
Ring: -18.7681 24.926 1117.4
Little: -43.0535 68.6849 1132.17
Thumb: 121.77 113.819 1113.32
Index: 9.30123 33.4428 1127.66
Middle: 24.6186 107.74 1195.41
Ring: -18.9319 27.326 1117.65
Little: -43.3164 67.1848 1131.36
Thumb: 116.668 110.724 1120.22
Index: 8.75982 35.1674 1127.15
Middle: 25.9219 108.058 1195.2
Ring: -17.5225 27.847 1117.01
Little: -41.2945 70.7865 1130.96
Thumb: 126.07 120.708 1116.12
Index: 10.0144 37.1092 1126.41
Middle: 26.6782 109.827 1194.75
Ring: -15.6525 29.2902 1116.21
Little: -39.998 72.277 1130.19
Thumb: 105.424 115.823 1122.48
Index: 11.3541 38.5143 1126.32
Middle: 31.188 112.653 1194.12
Ring: -13.2635 29.6516 1116.6
Little: -37.5478 72.5958 1131.24
Thumb: 107.579 112.975 1115.89
Index: 14.1728 39.4075 1125.52
Middle: -10.727 23.4129 1114.96
Ring: -11.3271 30.1011 1114.55
Little: -35.3865 73.1005 1129.17
Thumb: 112.735 113.503 1116.59
Index: 17.0385 40.4841 1123.95
Middle: -7.12694 24.1193 1112.43
Ring: -7.61543 30.9379 1112.44
Little: -31.9989 73.9434 1127.51
Thumb: 115.089 116.831 1120.25
Index: 23.4304 47.3402 1127.14
Middle: -4.26309 27.0464 1111.83
Ring: -3.93793 33.5471 1111.72
Little: -31.8042 61.8429 1113.39
Thumb: 118.136 121.601 1121.66
Index: 29.8403 46.8426 1120.79
Middle: -1.09797 30.3027 1104.65
Ring: 3.09703 34.9375 1105.38
Little: -25.0586 62.7743 1107.24
