Thumb: 32.9554 91.7207 1121.92
Index: -64.5745 28.1944 1098.23
Middle: -101.42 40.8207 1097.63
Ring: -124.543 62.0639 1082.41
Little: -141.773 103.039 1080.87
Thumb: 35.3796 97.7772 1106.08
Index: -66.1892 39.8344 1101.46
Middle: -102.085 41.6127 1097.51
Ring: -97.0583 38.0111 1080.95
Little: -111.769 68.883 1082.72
Thumb: 29.5469 92.8085 1109.15
Index: -74.3726 34.0376 1092.84
Middle: -106.992 39.9576 1097.21
Ring: -101.61 37.8242 1085.87
Little: -117.969 67.8533 1079.84
Thumb: 25.1849 91.4036 1104.93
Index: -76.2937 31.9202 1087.96
Middle: -108.405 36.7099 1087.9
Ring: -103.173 37.4048 1085.73
Little: -119.323 66.1857 1078.72
Thumb: 21.128 88.4536 1104.4
Index: -80.3186 32.6238 1089.73
Middle: -111.763 37.9916 1089.53
Ring: -104.837 38.8314 1087.32
Little: -118.41 67.1437 1081.04
Thumb: 12.0352 91.55 1101.47
Index: -83.7707 34.3936 1089.15
Middle: -113.263 38.4794 1093.54
Ring: -104.487 38.2293 1088.73
Little: -117.401 66.7453 1082.92
Thumb: 7.98741 90.2449 1098.22
Index: -86.0297 35.4729 1090
Middle: -112.546 38.2339 1095.3
Ring: -104.454 39.5883 1087.48
Little: -115.887 69.4041 1084.01
Thumb: 3.15198 89.3842 1099.52
Index: -90.3082 37.1651 1087.51
Middle: -114.371 42.956 1099.75
Ring: -105.809 40.4234 1086.74
Little: -116.567 72.5622 1086.11
Thumb: 1.01723 88.3908 1095.98
Index: -94.2359 39.1263 1088.04
Middle: -115.743 42.6017 1099.96
Ring: -109.21 41.452 1087.37
Little: -118.476 73.2381 1088.89
Thumb: -2.01301 85.7644 1097.53
Index: -98.3527 40.4977 1090.59
Middle: -120.709 43.3757 1098.3
Ring: -113.685 43.718 1090.9
Little: -120.522 74.3224 1090.36
Thumb: -5.86416 84.3769 1097.47
Index: -98.0152 41.6149 1091.94
Middle: -121.426 44.0171 1099
Ring: -119.325 47.9647 1095.04
Little: -120.276 75.0514 1090.12
Thumb: -8.30747 82.1458 1094.61
Index: -97.3465 42.3741 1095.07
Middle: -119.859 44.4263 1100.66
Ring: -121.252 46.9172 1093.09
Little: -120.209 74.9453 1091.62
Thumb: -7.34456 83.3592 1094.52
Index: -96.0351 42.2563 1095.35
Middle: -119.629 42.3634 1096.97
Ring: -119.874 46.321 1094.44
Little: -118.77 74.7144 1095.65
Thumb: -8.72159 81.2304 1093.81
Index: -89.877 40.7415 1095.92
Middle: -109.234 47.763 1102.13
Ring: -113.534 46.9643 1094.18
Little: -116.047 76.4563 1093.64
Thumb: -5.11508 81.9059 1092.49
Index: -85.4212 39.6115 1098.2
Middle: -108.4 41.6299 1102.76
Ring: -106.394 42.9435 1095.15
Little: -112.072 74.1214 1095.87
Thumb: -2.65867 87.2288 1095.61
Index: -76.5527 38.2742 1098
Middle: -103.245 38.1877 1099.65
Ring: -98.4522 40.1896 1093.42
Little: -105.187 71.3024 1094.71
Thumb: 2.99487 89.8503 1097.01
Index: -68.8258 37.1911 1097.36
Middle: -94.3729 36.4596 1101.51
Ring: -88.6204 37.231 1092.99
Little: -98.6551 69.4128 1097.68
Thumb: 9.08684 91.289 1098.1
Index: -59.9516 34.9468 1097.27
Middle: -84.8003 34.3508 1102.39
Ring: -88.378 37.3559 1094.16
Little: -92.3398 67.2712 1097.6
Thumb: 17.6664 91.3412 1099.56
Index: -51.7476 32.7938 1097.42
Middle: -75.684 33.1747 1108.2
Ring: -71.454 31.2908 1089.89
Little: -84.8958 63.5917 1097.51
Thumb: 25.0832 94.5415 1101.63
Index: -42.277 32.5161 1099.09
Middle: -64.8055 29.5685 1104.63
Ring: -61.7851 28.7941 1089.59
Little: -77.0066 60.7702 1097.27
Thumb: 33.4148 96.2863 1102.24
Index: -32.8365 31.9805 1099.1
Middle: -54.3166 29.8102 1106.23
Ring: -53.6949 28.9722 1092.23
Little: -68.6689 58.3118 1091.56
Thumb: 42.4205 94.0076 1107.16
Index: -25.3325 34.5184 1103.95
Middle: -49.5035 32.9786 1109.71
Ring: -49.5419 28.8739 1092
Little: -62.8814 58.6642 1091.23
Thumb: 49.8127 94.593 1106.93
Index: -18.2298 30.9835 1102.94
Middle: -43.3428 28.4896 1106.18
Ring: -45.5226 28.4714 1094.17
Little: -54.3639 57.225 1093.78
Thumb: 55.5987 94.9847 1108.23
Index: -12.509 28.4054 1102.34
Middle: -39.5001 20.6921 1101.77
Ring: -37.5768 24.8356 1093.99
Little: -48.2411 53.4492 1093.1
Thumb: 60.0066 93.1443 1112.32
Index: -7.22557 26.87 1102.69
Middle: -30.96 21.6024 1103.24
Ring: -46.8875 31.0208 1106.47
Little: -62.0602 54.7688 1096
Thumb: 68.5117 91.5324 1112.38
Index: 0.653949 24.9805 1102.96
Middle: -24.4712 19.0112 1100.05
Ring: -40.2235 30.5482 1104.32
Little: -56.5487 53.0581 1095.66
Thumb: 78.5869 92.8621 1114.04
Index: 9.38807 21.2876 1101.45
Middle: -16.6054 17.0339 1100.64
Ring: -30.7052 29.54 1106.24
Little: -48.8162 49.7328 1093.7
Thumb: 82.3781 91.1835 1117.34
Index: 9.83063 24.8591 1109.11
Middle: -9.16843 14.0512 1104.85
Ring: -27.3221 26.2861 1105.92
Little: -42.7281 49.8019 1100.86
Thumb: 93.3591 91.1223 1117.65
Index: 31.9494 20.368 1106.94
Middle: -2.4379 10.0701 1096.79
Ring: -18.6742 27.5787 1107.21
Little: -38.9915 49.3196 1103.38
Thumb: 101.126 88.8895 1112.34
Index: 38.8758 16.9884 1104.2
Middle: 4.61866 6.7836 1098.43
Ring: -11.2471 24.6151 1107.56
Little: -34.279 47.6209 1105.58
Thumb: 111.54 92.1335 1113.62
Index: 47.1205 17.1894 1101.26
Middle: 11.8752 6.06834 1094.53
Ring: -3.95284 22.4438 1101.24
Little: -29.0916 46.0097 1102.1
Thumb: 124.187 97.7666 1118.86
Index: 53.0134 12.7321 1100.72
Middle: 17.763 3.34599 1096.68
Ring: 1.43896 18.9398 1101.91
Little: -24.2783 41.1961 1104.55
Thumb: 127.53 95.1905 1113.24
Index: 58.9705 11.9518 1101.63
Middle: 23.2985 1.07405 1093.49
Ring: 6.85987 17.7416 1100.22
Little: -17.0708 41.0657 1104.24
Thumb: 135.819 95.2175 1111.62
Index: 63.6968 16.9625 1106.14
Middle: 31.7846 13.3327 1127.8
Ring: 7.01678 18.3674 1100.26
Little: -14.9735 40.2306 1099.57
Thumb: 139.382 97.412 1111.09
Index: 70.6842 18.2207 1104.45
Middle: 32.7393 5.64707 1093.93
Ring: 13.582 17.8866 1088.92
Little: -7.27523 39.5015 1090.77
Thumb: 147.724 94.6679 1111.06
Index: 75.5992 17.0111 1104.73
Middle: 35.5848 2.92167 1086.1
Ring: 18.5938 17.3286 1092.19
Little: -5.94593 40.4513 1090.92
Thumb: 148.094 97.9016 1109.64
Index: 81.8504 18.6863 1105.16
Middle: 41.3718 1.62509 1082.25
Ring: 24.8551 16.2751 1092.61
Little: 3.12528 45.5492 1098.6
Thumb: 151.839 103.238 1110.33
Index: 88.0124 18.4572 1104.69
Middle: 48.2024 -0.210575 1083.54
Ring: 37.0303 29.2711 1101.02
Little: 9.20693 44.8622 1094.95
Thumb: 157.385 103.901 1114.63
Index: 89.293 17.2521 1106.43
Middle: 50.6874 -0.319237 1081.06
Ring: 39.2846 30.443 1099.5
Little: 19.6512 72.5796 1096.69
Thumb: 162.831 102.598 1110.15
Index: 88.9953 16.2981 1110.27
Middle: 50.1284 -2.9991 1084.11
Ring: 39.3667 28.7765 1103.41
Little: 20.173 71.0014 1100.05
Thumb: 164.57 105.443 1112.21
Index: 92.8855 20.945 1113.93
Middle: 52.9804 -1.83888 1084.23
Ring: 42.0323 29.8871 1103.89
Little: 31.4346 69.2197 1106.71
Thumb: 164.982 103.78 1117.63
Index: 90.5061 19.4872 1105.14
Middle: 53.3999 -1.48118 1082.82
Ring: 57.2338 88.4212 1144.88
Little: 38.6389 42.3714 1102.59
Thumb: 165.912 102.414 1117.67
Index: 88.7028 19.3534 1106.28
Middle: 51.1656 -0.266588 1079.42
Ring: 58.5827 95.1658 1152.76
Little: 38.5953 39.3911 1095.28
Thumb: 166.664 101.535 1116.39
Index: 86.3235 20.9141 1104.88
Middle: 47.2256 1.37173 1081.14
Ring: 58.5401 94.8559 1155.79
Little: 36.9437 44.1143 1095.32
Thumb: 164.475 101.314 1114.98
Index: 84.7737 25.2587 1110.6
Middle: 43.7873 4.67724 1081.58
Ring: 59.9991 100.199 1154.86
Little: 34.3943 46.2874 1093.99
Thumb: 163.753 100.213 1114.99
Index: 81.4809 27.3941 1110.67
Middle: 38.4937 6.97492 1079.54
Ring: 57.9141 100.462 1152.39
Little: 31.6053 50.8726 1093.73
Thumb: 157.153 99.4178 1114.88
Index: 77.3944 28.3688 1111.89
Middle: 34.1689 8.15456 1080.1
Ring: 54.3854 101.342 1153.98
Little: 27.3822 54.8645 1096.21
Thumb: 152.45 96.4162 1114.07
Index: 71.9213 29.1398 1113.88
Middle: 28.0435 9.32345 1080.73
Ring: 50.1203 100.983 1154.05
Little: 21.609 55.2548 1093.73
Thumb: 146.509 95.1365 1117.04
Index: 66.0736 29.834 1113.35
Middle: 22.1494 11.4908 1081.82
Ring: 45.1982 101.543 1160.57
Little: 13.8974 57.5797 1094.26
Thumb: 142.384 94.2041 1118.45
Index: 59.1495 29.5298 1110.17
Middle: 15.4968 13.0396 1078.36
Ring: 40.2483 103.15 1159.8
Little: 8.90868 59.724 1095.03
Thumb: 134.536 95.7926 1120.51
Index: 72.5486 64.1226 1107.67
Middle: 8.83444 14.3676 1077.54
Ring: 27.7248 92.4588 1164.58
Little: 6.69151 54.4937 1093.68
Thumb: 127.284 95.9645 1123.12
Index: 63.675 64.6955 1110.21
Middle: 2.88706 15.6494 1080.35
Ring: 18.9352 103.53 1164.03
Little: -0.669357 54.1613 1089.91
Thumb: 113.073 94.469 1125.55
Index: 55.5183 63.3385 1111.91
Middle: -2.58559 15.0545 1081.26
Ring: 3.86634 94.8172 1162.17
Little: -9.00392 56.5948 1089.66
Thumb: 105.546 96.1892 1121.67
Index: 47.8205 63.4219 1112.46
Middle: -8.45765 15.2029 1081.02
Ring: 6.00999 115.613 1161.03
Little: -15.4972 54.6259 1080.05
Thumb: 98.4453 95.7698 1122.88
Index: 43.0528 64.0958 1114.47
Middle: -15.5209 18.048 1083.55
Ring: 4.21934 117.234 1165.27
Little: -21.4215 57.4737 1085
Thumb: 95.1199 97.6693 1125.59
Index: 36.2563 64.0864 1117.37
Middle: -23.1392 17.813 1092.53
Ring: -9.27729 104.328 1169.69
Little: -28.8202 57.9825 1087.55
Thumb: 89.2929 96.5822 1126.87
Index: 31.9708 65.3595 1120.46
Middle: -27.193 18.7866 1092.02
Ring: -11.8059 109.157 1170.71
Little: -32.9069 58.5533 1090.37
Thumb: 84.899 95.0859 1125.93
Index: 26.235 63.7753 1119.79
Middle: -32.8373 17.4108 1096.04
Ring: -15.3861 107.739 1172.01
Little: -39.3094 56.8901 1092.87
Thumb: 81.766 99.3477 1133.7
Index: 11.1461 55.8956 1131.15
Middle: -33.6984 17.1406 1095.9
Ring: -25.9722 114.474 1170.17
Little: -43.9366 58.184 1092.07
Thumb: 67.152 100.608 1157.49
Index: -18.2316 43.0113 1140.29
Middle: -36.6499 16.5187 1101.89
Ring: -48.324 124.969 1162.19
Little: -46.713 58.7096 1089.87
Thumb: 23.7418 106.655 1195.34
Index: -42.2327 39.821 1109.49
Middle: -40.7607 17.0574 1105.62
Ring: -78.8745 100.367 1133.08
Little: -37.555 58.5841 1071.19
Thumb: -22.0157 111.548 1190.11
Index: -51.3062 40.4449 1110.22
Middle: -45.2074 11.1305 1109.62
Ring: -88.6356 94.3503 1111.6
Little: -35.5226 51.4982 1070.98
Thumb: -32.2394 134.622 1199.39
Index: -48.6551 47.8331 1111.85
Middle: -46.6139 22.8206 1108.68
Ring: -46.7866 36.0301 1102.81
Little: -34.9213 57.9384 1069.48
Thumb: -45.7625 141.957 1200.73
Index: -49.1115 47.5175 1118.1
Middle: -51.9195 28.0239 1110.12
Ring: -42.3662 35.3992 1112.71
Little: -37.5887 62.3492 1078.24
Thumb: -59.7397 146.001 1198.77
Index: -56.9895 47.54 1115.6
Middle: -57.3912 26.3947 1112.85
Ring: -51.5597 35.6521 1109.5
Little: -44.4124 62.6288 1076.65
Thumb: -81.3938 148.838 1202.78
Index: -58.6073 33.0432 1108.06
Middle: -69.657 40.9251 1073.27
Ring: -61.4307 40.6999 1078.01
Little: -43.0286 71.7462 1059.74
Thumb: -93.748 154.828 1198.48
Index: -56.6443 33.3314 1106.44
Middle: -69.4763 43.3829 1070.26
Ring: -57.1011 39.344 1078.42
Little: -39.5183 69.6874 1060.34
Thumb: -107.556 156.055 1183.44
Index: -61.0198 35.0542 1108.93
Middle: -63.8561 68.1564 1077.58
Ring: -53.0348 39.5116 1078.07
Little: -34.6659 66.9619 1064.49
Thumb: -116.988 167.686 1177.09
Index: -63.1414 35.5522 1111.38
Middle: -61.3198 61.5893 1079.31
Ring: -52.4431 38.1245 1077.42
Little: -33.768 63.4369 1066.9
Thumb: -115.108 165.384 1155.31
Index: -64.9432 33.8507 1120.79
Middle: -61.1746 63.0974 1083.32
Ring: -56.5678 36.0856 1074.1
Little: -37.8835 62.9778 1057.23
Thumb: -119.489 166.867 1144.75
Index: -68.8521 38.2521 1114.17
Middle: -66.6013 47.884 1085.69
Ring: -55.2279 35.7769 1073.84
Little: -36.3993 56.9183 1065.5
Thumb: -124.95 171.262 1133.07
Index: -66.6492 41.5149 1105.35
Middle: -72.3842 46.973 1085.86
Ring: -54.5407 33.7308 1077.71
Little: -38.0554 52.9133 1070.77
Thumb: -128.061 174.694 1124.13
Index: -71.893 45.0667 1100.37
Middle: -72.8136 33.5798 1093.73
Ring: -56.0742 51.5919 1071.22
Little: -36.2625 52.2096 1071.34
Thumb: -131.441 178.105 1120.87
Index: -72.0193 44.9346 1098.94
Middle: -75.2586 33.2637 1093.69
Ring: -54.2586 49.3297 1073.46
Little: -36.0944 53.0956 1070.63
Thumb: -134.21 177.92 1110.83
Index: -73.9757 47.1262 1096.8
Middle: -75.3419 35.4499 1090.03
Ring: -52.534 48.0791 1076.79
Little: -30.719 50.5818 1069.48
Thumb: -135.455 177.696 1102.73
Index: -96.1298 88.0885 1037.58
Middle: -78.991 35.659 1089.98
Ring: -53.9499 45.6884 1081.46
Little: -28.6839 47.2154 1073.04
Thumb: -136 177.128 1097.61
Index: -96.0744 94.8436 1032.19
Middle: -81.4148 35.5798 1085.19
Ring: -54.7978 48.9267 1079.31
Little: -22.5492 56.1063 1061.79
Thumb: -135.538 177.42 1090.59
Index: -94.262 98.9936 1028.27
Middle: -81.6151 36.302 1085.01
Ring: -54.5575 49.1923 1080.67
Little: -21.9076 50.0899 1069.93
Thumb: -135.875 179.031 1087.13
Index: -92.2738 97.4562 1027.03
Middle: -82.9489 28.3571 1101.58
Ring: -54.1462 49.7645 1081
Little: -19.8639 53.9414 1072.12
Thumb: -135.587 180.784 1080.33
Index: -90.8172 105.369 1020.51
Middle: -85.364 29.147 1100.62
Ring: -56.2167 47.6535 1081.3
Little: -20.5373 53.7594 1070.96
Thumb: -135.726 181.394 1073.8
Index: -88.8202 107.337 1015.82
Middle: -85.383 29.7615 1098.19
Ring: -55.5828 48.0889 1078.55
Little: -19.9034 53.5075 1070.59
Thumb: -135.43 181.78 1068.9
Index: -87.4697 107.924 1010.42
Middle: -86.1797 29.4352 1091.13
Ring: -56.3635 46.7501 1076.67
Little: -20.4751 52.6101 1068.94
Thumb: -135.618 185.089 1066.23
Index: -86.5881 105.735 1007.81
Middle: -86.9324 29.6777 1089.74
Ring: -56.8554 46.576 1074.76
Little: -10.1963 80.3671 1067.47
Thumb: -134.536 184.742 1062.93
Index: -84.8709 102.076 1005.39
Middle: -86.8601 29.3858 1086.26
Ring: -56.5857 46.3433 1072.37
Little: -10.4562 78.9566 1073.02
Thumb: -133.936 185.36 1060.53
Index: -86.4426 101.514 1004.03
Middle: -86.8611 30.4952 1084.07
Ring: -56.2578 47.2201 1071.27
Little: -9.59309 80.4391 1070.73
Thumb: -133.773 185.057 1058.12
Index: -86.6668 103.212 1001.82
Middle: -86.7704 30.5101 1080.89
Ring: -56.107 47.555 1067.2
Little: -9.37404 80.4779 1067.85
Thumb: -133.688 185.983 1058.64
Index: -86.0007 101.541 1000.93
Middle: -86.6103 30.6639 1080.52
Ring: -55.8959 47.5106 1067.14
Little: -9.17449 80.3212 1067.45
Thumb: -132.759 183.944 1058.7
Index: -93.4443 89.7064 1004.95
Middle: -85.5801 30.5278 1078.61
Ring: -55.2364 47.5488 1065.09
Little: -8.92241 79.7649 1064.17
Thumb: -135.006 185.923 1059.09
Index: -90.3925 92.4498 1003.3
Middle: -82.3489 31.129 1078.3
Ring: -52.658 49.103 1064.69
Little: -7.07537 82.9132 1064.08
Thumb: -134.534 185.285 1056.44
Index: -91.2829 92.6862 1004
Middle: -82.8656 32.2976 1078.74
Ring: -32.4632 105.035 1012.39
Little: 1.41434 106.813 1057.14
Thumb: -133.351 184.419 1058.97
Index: -90.6833 86.9711 1008.55
Middle: -80.9216 32.2308 1082.29
Ring: -32.4919 102.583 1013.43
Little: 2.15964 104.37 1056.09
Thumb: -134.527 181.617 1061.9
Index: -90.2392 81.8383 1013.38
Middle: -77.1811 32.066 1086.08
Ring: -32.5855 99.3625 1009.56
Little: 0.236681 96.5018 1038
Thumb: -134.257 179.928 1061.61
Index: -88.6731 82.6658 1014.47
Middle: -73.1614 31.1896 1089.6
Ring: -31.0913 103.492 1009.82
Little: 0.932316 96.8817 1034.26
Thumb: -133.351 179.644 1066.1
Index: -85.9445 80.4112 1017.63
Middle: -68.986 30.9445 1094.75
Ring: -28.087 106.617 1015.59
Little: 3.12966 97.2225 1034.79
Thumb: -134.714 176.29 1068.89
Index: -84.5032 82.854 1018.24
Middle: -65.4781 29.7958 1100.02
Ring: -29.4744 101.642 1011.92
Little: 4.39537 98.5137 1036.03
Thumb: -133.931 172.72 1071.43
Index: -80.8829 88.6304 1017.04
Middle: -61.0548 29.4744 1105.35
Ring: -24.8643 105.569 1011.2
Little: 7.65605 98.2723 1035.13
Thumb: -132.384 172.427 1074.25
Index: -76.3688 82.3448 1019.12
Middle: -55.8327 28.3968 1106.85
Ring: -19.6873 105.062 1012.55
Little: 12.0403 97.9058 1036.45
Thumb: -131.818 168.229 1075.95
Index: -70.604 79.2161 1020.61
Middle: -49.9498 24.37 1102.69
Ring: -16.5859 103.569 1014.68
Little: 15.2019 96.4498 1034.58
Thumb: -122.119 165.334 1082.91
Index: -59.9105 87.685 1017.64
Middle: -45.5496 22.3111 1102.76
Ring: -10.1364 93.5795 1010.54
Little: 24.2047 96.3979 1043.04
Thumb: -117.251 163.349 1084.7
Index: -56.5167 86.7511 1018.69
Middle: -39.5826 17.4251 1104.75
Ring: -4.36136 92.1165 1012.32
Little: 30.1143 93.7157 1041.74
Thumb: -111.005 159.429 1084.95
Index: -50.2191 86.0928 1020.6
Middle: -32.0061 14.9101 1102.89
Ring: 2.48626 88.23 1015.29
Little: 36.8937 90.7633 1036.63
Thumb: -107.016 152.702 1087.71
Index: -45.7948 85.4937 1020.81
Middle: -22.9925 14.2987 1105.57
Ring: 7.79141 92.7514 1015.32
Little: 41.0085 90.3554 1034.79
Thumb: -101.58 149.347 1087.32
Index: -38.6163 83.4867 1020.32
Middle: -15.2546 11.6013 1106.01
Ring: 14.7518 89.5724 1015.46
Little: 47.9761 88.1272 1035.08
Thumb: -97.6883 146.742 1089.05
Index: -32.5571 80.3479 1022.18
Middle: -7.05048 11.0966 1104.87
Ring: 19.833 88.4845 1015.74
Little: 54.5143 90.0908 1034.67
Thumb: -90.9391 143.081 1082.13
Index: -27.3817 85.702 1021.83
Middle: -1.55231 10.4218 1105.12
Ring: 27.4164 87.9656 1014.98
Little: 59.0091 84.5184 1034.56
Thumb: -88.7351 141.63 1085.44
Index: -22.2265 83.6123 1021.43
Middle: 5.92159 9.46766 1106.93
Ring: 31.1245 88.3715 1013.95
Little: 63.6631 85.5354 1032.86
Thumb: -84.6567 143.256 1083.08
Index: -11.7538 74.6573 1020.58
Middle: 14.3333 7.69876 1103.8
Ring: 40.8544 85.5467 1013.92
Little: 71.797 84.2099 1033.91
Thumb: -78.7775 143.432 1088.74
Index: -7.46438 76.0115 1020.39
Middle: 22.2418 8.12099 1104.1
Ring: 46.6251 89.0376 1014.61
Little: 57.8079 41.652 1095.91
Thumb: -77.5076 142.24 1092.75
Index: -0.295174 72.4355 1020.59
Middle: 28.8857 8.04487 1105.54
Ring: 50.4409 91.8508 1013.76
Little: 64.3333 43.4002 1099.33
Thumb: -70.9645 141.202 1096.38
Index: 7.63723 72.0022 1020.5
Middle: 34.4133 7.73502 1106.01
Ring: 58.3132 88.9598 1013.65
Little: 89.19 88.4252 1033.87
Thumb: -65.5388 141.869 1095.13
Index: 13.2878 79.0085 1018.72
Middle: 41.7375 8.20718 1108.74
Ring: 66.4954 87.9797 1014.62
Little: 98.1018 91.2011 1035.38
Thumb: -60.4624 146.462 1094.24
Index: 17.6115 84.5803 1016.34
Middle: 46.3962 7.78371 1107.63
Ring: 72.6587 84.7173 1014.43
Little: 104.88 91.6046 1035.92
Thumb: -55.0359 147.618 1098.42
Index: 21.3763 79.6717 1018.94
Middle: 48.9098 8.10585 1110.81
Ring: 74.7215 82.9785 1014.99
Little: 107.388 88.6797 1035.65
Thumb: -50.6157 150.819 1105.44
Index: 17.1336 81.4818 1023.73
Middle: 48.4569 7.86722 1109.41
Ring: 71.2836 86.6444 1015.51
Little: 103.171 83.9325 1034.16
Thumb: -47.067 153.448 1113.25
Index: 15.0541 82.8607 1026.09
Middle: 44.6674 6.92709 1110.92
Ring: 69.7675 84.1387 1017.01
Little: 102.407 81.7658 1034.85
Thumb: -37.0639 156.102 1124.05
Index: 15.5751 81.5936 1032.99
Middle: 37.1522 11.1345 1110.16
Ring: 57.9391 64.5282 1024.04
Little: 100.408 83.4425 1032.46
Thumb: -29.3616 160 1134.26
Index: 13.886 75.7252 1040.91
Middle: 35.5431 14.4612 1112.05
Ring: 49.9019 30.4365 1083.63
Little: 83.4522 52.6163 1055.02
Thumb: -29.5873 161.833 1139.69
Index: 13.9303 60.3522 1060.34
Middle: 32.1178 21.0254 1120.27
Ring: 46.3112 31.53 1089.91
Little: 74.5849 61.9477 1050.01
Thumb: -19.3035 167.222 1153.9
Index: 9.13537 62.6474 1071.45
Middle: 28.7819 26.8605 1122.37
Ring: 38.3704 37.9145 1094.74
Little: 65.3693 68.0339 1046.23
Thumb: -13.7634 167.115 1154.7
Index: 13.0845 56.8321 1085.55
Middle: 31.1281 30.8774 1132.9
Ring: 35.226 37.7123 1103.97
Little: 59.5617 82.9016 1041.86
Thumb: -6.44737 168.089 1163.5
Index: 38.3698 44.042 1106.92
Middle: 36.2283 32.7585 1134.75
Ring: 36.4824 39.4353 1105.66
Little: 70.4867 105.079 1038.3
Thumb: -3.1432 168.328 1167.83
Index: 30.1418 52.3547 1103.22
Middle: 37.74 32.9423 1134.15
Ring: 34.2046 42.8074 1107.32
Little: 69.1884 106.733 1038.64
Thumb: 3.86687 169.11 1174.24
Index: 32.1894 52.5894 1104.7
Middle: 37.2161 35.6548 1132.02
Ring: 34.9795 44.1983 1107.19
Little: 51.541 108.201 1030.74
Thumb: 13.2364 172.134 1181.49
Index: 33.5758 56.9561 1106.72
Middle: 40.034 36.7003 1132.88
Ring: 34.3703 46.6175 1106.26
Little: 49.8433 112.295 1029.86
Thumb: 22.0482 173.163 1184.87
Index: 33.0717 58.3928 1106.21
Middle: 38.9767 38.6256 1132.74
Ring: 33.7867 48.9002 1106.16
Little: 50.7536 118.516 1027.48
Thumb: 33.9891 174.931 1186.75
Index: 32.4752 60.0818 1105.1
Middle: 38.2085 40.1863 1126.76
Ring: 36.4767 50.5096 1108.52
Little: 52.2111 120.742 1026.83
Thumb: 39.0092 172.416 1188.86
Index: 31.8554 60.5819 1107.23
Middle: 38.0826 40.5225 1127.79
Ring: 28.0884 58.8018 1105.23
Little: 52.715 120.569 1028.67
Thumb: 43.6416 171.477 1192.43
Index: 33.8307 59.3078 1109.15
Middle: 38.0617 40.2535 1126.45
Ring: 27.2221 60.013 1105.92
Little: 52.8212 121.344 1030.63
Thumb: 46.9824 170.94 1194.53
Index: 33.8054 58.9736 1111.37
Middle: 37.5772 41.0503 1127.3
Ring: 27.3071 60.7088 1106.81
Little: 52.7272 121.496 1031.97
Thumb: 46.6944 169.77 1195.99
Index: 31.8448 59.8348 1111.9
Middle: 38.4533 39.4608 1129.63
Ring: 25.9767 60.8928 1107.14
Little: 51.6497 121.21 1032.95
Thumb: 47.818 167.169 1195.77
Index: 30.1112 60.4481 1111.72
Middle: 39.2991 39.3044 1133.07
Ring: 23.5161 61.1707 1108.25
Little: 49.9635 120.986 1033.05
Thumb: 46.9921 166.664 1195.67
Index: 29.2856 58.3069 1111.48
Middle: 39.4339 37.9651 1133.42
Ring: 22.4895 59.2421 1109.55
Little: 48.9317 120.718 1032.66
Thumb: 41.7978 164.769 1195.76
Index: 26.1645 57.3237 1113.93
Middle: 37.0395 35.9599 1134.51
Ring: 20.0708 59.0787 1111.98
Little: 45.9913 119.328 1034.83
Thumb: 38.98 161.903 1193.63
Index: 25.315 56.9547 1113.53
Middle: 35.1153 36.6713 1134.04
Ring: 19.6564 58.5743 1112.16
Little: 45.9987 119.867 1034.05
Thumb: 36.4349 160.328 1193.19
Index: 43.4991 45.6628 1122.93
Middle: 31.045 35.7082 1134.22
Ring: 16.3877 58.9319 1110.97
Little: 45.6068 116.979 1034.66
Thumb: 32.8395 159.741 1191.84
Index: 42.1376 44.2194 1122.04
Middle: 25.9099 38.1523 1137.9
Ring: 14.078 58.8967 1108.41
Little: 46.6885 116.656 1033.63
Thumb: 27.5069 155.538 1188.75
Index: 34.7042 43.9881 1132.62
Middle: 22.8785 39.4343 1140.95
Ring: 12.2197 59.5577 1108.96
Little: 47.4235 117.021 1034.33
Thumb: 20.6743 151.51 1183.58
Index: 32.3678 44.166 1137.53
Middle: 22.6918 39.8121 1142.02
Ring: 12.0088 61.832 1109
Little: 44.4796 115.93 1036.46
Thumb: 14.6355 150.393 1177.75
Index: 29.0938 43.8512 1140.89
Middle: 19.4407 40.4458 1142.26
Ring: 8.75801 61.8942 1106.6
Little: 44.412 114.445 1035.37
Thumb: 11.8465 147.214 1173.78
Index: 27.036 43.8975 1141.14
Middle: 17.0226 41.169 1141.6
Ring: 6.4006 62.9004 1104.44
Little: 41.8481 114.715 1033.85
Thumb: 6.83255 144.135 1167.23
Index: 28.4404 43.3787 1140.6
Middle: 15.9154 42.2849 1143.19
Ring: 5.82721 62.6099 1105.59
Little: 40.3503 113.448 1034.34
Thumb: -2.89832 138.279 1165.83
Index: 14.8508 41.692 1145.95
Middle: 14.8549 35.8453 1143.7
Ring: 3.45662 55.4163 1107.4
Little: 39.1544 107.49 1037.35
Thumb: -4.21861 135.48 1161.26
Index: 21.4292 39.4574 1148.13
Middle: 9.71581 38.6308 1138.51
Ring: 7.58886 50.1807 1107.65
Little: 35.3004 104.484 1032.94
Thumb: -8.45803 130.443 1159.83
Index: 20.5765 36.607 1145.75
Middle: 5.66015 39.5711 1122.34
Ring: 10.5236 45.4582 1113.81
Little: 34.4929 101.94 1032.72
Thumb: -10.875 126.997 1152.33
Index: 13.7687 37.2639 1132.35
Middle: 4.28942 44.5657 1119.25
Ring: 14.287 41.8998 1108.49
Little: 38.17 99.1537 1027.64
Thumb: -8.05354 128.39 1149.87
Index: 10.5853 39.9404 1125.3
Middle: 4.36971 44.6892 1114.94
Ring: 14.275 42.537 1103.64
Little: 35.2404 98.1105 1021.45
Thumb: -10.3489 126.034 1148.54
Index: 0.389725 43.5089 1133.19
Middle: 8.22144 36.2326 1108.81
Ring: 12.4352 39.6593 1104.7
Little: 32.2821 101.294 1018.07
Thumb: -9.81366 122.327 1142.35
Index: -1.04364 45.2079 1135.1
Middle: 6.61725 34.636 1113.17
Ring: 9.31421 40.7159 1106.84
Little: 25.3962 100.075 1018.07
Thumb: -11.4226 121.236 1137.78
Index: -4.76809 47.9317 1130.75
Middle: 2.00001 38.0638 1108.85
Ring: 6.61739 42.6962 1105.19
Little: 29.1342 100.216 1016.87
Thumb: -12.5657 123.782 1138.65
Index: -9.1836 50.644 1130.71
Middle: -2.17945 38.6909 1112.2
Ring: 5.00376 43.1812 1108.36
Little: 30.9144 97.9287 1017.21
Thumb: -13.6129 125.829 1136.04
Index: -16.9889 57.0379 1130.79
Middle: -8.34182 41.0153 1119.05
Ring: -1.88304 45.465 1111.6
Little: 28.2933 92.9126 1017.94
Thumb: -23.1175 118.935 1137.1
Index: -24.1296 72.8596 1127.91
Middle: -15.1894 42.3891 1131.92
Ring: -13.3057 47.0412 1116.38
Little: 33.5151 95.6594 1028.65
Thumb: -23.3557 117.272 1135.75
Index: -29.0802 76.8776 1131.09
Middle: -17.5642 42.2753 1156.21
Ring: -17.7488 49.2059 1117.67
Little: 29.6859 93.8382 1031.32
Thumb: -24.7838 117.937 1134.31
Index: -35.8401 85.2236 1130.09
Middle: -25.0897 47.9048 1159.92
Ring: -25.6045 52.7926 1117.6
Little: 27.1398 92.8578 1033.66
Thumb: -26.3945 116.895 1129.74
Index: -34.6857 91.14 1129.25
Middle: -30.096 48.6476 1156.94
Ring: -28.9195 52.9077 1117.47
Little: 26.3923 93.4007 1032.22
Thumb: -29.0821 116.353 1128.49
Index: -40.1636 97.1297 1123.15
Middle: -39.5015 51.1125 1156.14
Ring: -36.8335 55.1935 1117.35
Little: 19.3037 90.8263 1030.6
Thumb: -30.5203 118.421 1130.21
Index: -48.2221 93.9981 1122.35
Middle: -46.7618 53.1786 1152.04
Ring: -39.9147 56.7456 1117.99
Little: 18.6982 91.7658 1031.34
Thumb: -33.1112 116.429 1129.93
Index: -40.7271 104.663 1121.15
Middle: -55.1832 54.7943 1140.65
Ring: -42.0805 58.0314 1116.45
Little: 19.707 91.6189 1032.26
Thumb: -35.8229 117.374 1132.83
Index: -41.5794 105.529 1120.85
Middle: -57.8208 54.4981 1141.4
Ring: -45.1 58.7015 1113.64
Little: 17.5467 88.8582 1033.56
Thumb: -36.8743 116.268 1132.33
Index: -41.3012 105.785 1121.07
Middle: -57.369 52.8399 1142.05
Ring: -45.4342 57.5915 1114.22
Little: 17.5085 89.4678 1033.01
Thumb: -39.5572 117.16 1131.3
Index: -43.4149 106.262 1119.79
Middle: -59.3581 52.8048 1141.08
Ring: -46.8258 56.9237 1114.55
Little: 13.4103 89.5158 1031.1
Thumb: -41.3544 116.056 1129.93
Index: -57.9407 92.6254 1113.87
Middle: -58.6196 49.7846 1138.32
Ring: -47.0781 56.0109 1112.92
Little: 12.632 91.5652 1030.33
Thumb: -43.6566 118.954 1135.21
Index: -57.2385 88.8143 1115.9
Middle: -53.8324 44.448 1140.09
Ring: -46.6177 52.3717 1113.18
Little: 9.85692 93.2587 1028.9
Thumb: -48.0137 122.106 1141.03
Index: -55.094 84.045 1112.69
Middle: -54.2637 39.0467 1137.42
Ring: -46.424 49.0884 1111.3
Little: 6.05693 94.1942 1025.9
Thumb: -48.9052 125.973 1147.45
Index: -51.1843 78.8882 1108.57
Middle: -49.1297 39.7037 1129.13
Ring: -41.5056 50.1844 1099.75
Little: 0.425312 98.7832 1019.92
Thumb: -49.0785 129.171 1144.51
Index: -48.1774 72.1202 1103.77
Middle: -49.846 42.0302 1122.68
Ring: -38.9627 56.2139 1089.54
Little: 1.94305 98.8968 1016.56
Thumb: -48.6691 134.924 1148.1
Index: -46.0055 66.3422 1102.1
Middle: -47.2485 40.9958 1122.6
Ring: -37.2768 57.1052 1085.45
Little: 0.783354 99.0262 1015.02
Thumb: -50.8278 137.266 1148.33
Index: -42.2333 60.8385 1096.91
Middle: -42.2741 31.8746 1111.16
Ring: -35.8662 55.4804 1084.2
Little: 2.50693 97.9236 1013.81
Thumb: -53.0983 140.595 1149.11
Index: -12.0301 30.8577 1111.92
Middle: -39.2832 26.8809 1114.84
Ring: -37.0511 56.1679 1082.73
Little: -5.21901 98.5424 1012.4
Thumb: -55.5614 142.072 1148.29
Index: -9.69756 29.1753 1112.71
Middle: -35.8092 22.5706 1115.71
Ring: -35.9445 54.1943 1081.73
Little: -5.32109 95.8795 1012.11
Thumb: -53.2625 146.13 1149.38
Index: -8.72072 28.92 1109.8
Middle: -26.3693 18.4614 1114.76
Ring: -35.2644 49.6908 1081.07
Little: -4.59091 96.6399 1009.26
Thumb: -54.2827 146.997 1148.81
Index: -24.9863 44.109 1100.37
Middle: -26.3129 19.5099 1115.49
Ring: -31.5965 45.6686 1075.03
Little: -2.17267 97.5423 1008.71
Thumb: -56.698 148.851 1148.39
Index: -24.6613 48.707 1101.71
Middle: -20.5777 16.2429 1110.8
Ring: -29.4231 43.0225 1075.33
Little: -4.36489 96.807 1010.13
Thumb: -56.608 152.363 1147.82
Index: -24.3894 50.0789 1100.71
Middle: -20.9238 19.2737 1091.98
Ring: -25.2759 37.9957 1072.6
Little: -1.29294 97.24 1009.49
Thumb: -60.4257 153.599 1143.17
Index: -21.8271 52.0826 1099.83
Middle: -21.4379 39.0226 1085.92
Ring: -15.5233 29.9313 1074.88
Little: 2.9941 100.233 1009.85
Thumb: -64.5809 154.888 1137.72
Index: -12.6397 36.877 1109.59
Middle: -18.5808 36.0221 1091.79
Ring: -8.44782 27.9941 1077.37
Little: 10.6038 99.5824 1012.62
Thumb: -70.4166 158.517 1134.52
Index: -33.774 43.7736 1087.77
Middle: -13.7565 34.0215 1094.67
Ring: -0.178667 26.1055 1082.92
Little: 23.5775 98.875 1017.06
Thumb: -81.5033 159.792 1121.6
Index: -38.1307 49.3436 1078.32
Middle: -10.6075 33.9582 1097.74
Ring: 3.26698 26.1611 1084.83
Little: 26.4979 93.0234 1022.19
Thumb: -86.2895 163.552 1113.44
Index: -44.5468 54.4801 1078.56
Middle: -8.30325 36.5483 1097.64
Ring: 9.25288 26.2587 1090.47
Little: 34.9183 92.5214 1029.85
Thumb: -88.536 164.466 1105.13
Index: -45.0004 58.7786 1069.18
Middle: -9.9964 36.7291 1098.55
Ring: 10.1783 24.5689 1094.69
Little: 38.5441 91.2119 1034.51
Thumb: -88.518 162.55 1106.05
Index: -47.762 59.5858 1071.72
Middle: -9.60807 37.801 1104.28
Ring: 9.86542 50.0589 1088.8
Little: 30.1375 78.4469 1045.51
Thumb: -89.3131 160.157 1095.92
Index: -44.9143 65.7637 1060.16
Middle: -8.5813 35.8573 1100.07
Ring: 11.7493 46.1302 1087.14
Little: 38.9422 81.8899 1053.37
Thumb: -88.917 157.071 1097.54
Index: -45.838 67.1296 1060.18
Middle: -10.0321 35.0847 1099.06
Ring: 11.2284 46.3468 1089.12
Little: 41.9456 84.8954 1056.51
Thumb: -86.6079 153.485 1094.35
Index: -43.6891 70.2461 1058.65
Middle: -9.47379 34.5984 1103.13
Ring: 11.1856 46.07 1089.23
Little: 40.3853 77.3577 1069.23
Thumb: -82.0317 147.526 1082.23
Index: -41.9964 68.7406 1052.9
Middle: -10.8912 30.0828 1097.94
Ring: 10.5084 44.1683 1084.61
Little: 44.9501 80.2442 1063.76
Thumb: -84.0696 142.153 1082.42
Index: -40.9839 73.0376 1046.78
Middle: -10.0956 28.9024 1092.68
Ring: 10.9396 42.105 1080.79
Little: 41.5298 75.5188 1061.19
Thumb: -81.6111 136.984 1077.14
Index: -41.3478 74.0545 1042.65
Middle: -11.8237 29.3071 1086.83
Ring: 13.6899 71.3057 1080.53
Little: 44.3189 78.5764 1058.92
Thumb: -81.7271 136.017 1071.23
Index: -43.5057 62.457 1043.03
Middle: -13.6036 25.4072 1081.99
Ring: 11.9941 66.4074 1078.53
Little: 41.0666 73.3045 1054.3
Thumb: -80.9217 135.221 1075.01
Index: -45.4879 58.3939 1041.95
Middle: -15.5526 41.2978 1063.95
Ring: 4.23447 71.0076 1072.46
Little: 33.4228 61.8154 1056.02
Thumb: -77.5023 124.851 1074.56
Index: -44.0029 58.9401 1037.36
Middle: -15.0888 42.5449 1060.42
Ring: 2.24821 68.9615 1070.97
Little: 9.22768 33.6805 1062.53
Thumb: -76.1811 119.883 1073.85
Index: -43.8224 65.5057 1030.87
Middle: -14.6474 46.0441 1053.69
Ring: 1.94938 68.6631 1067.03
Little: 8.81983 33.1724 1058.21
Thumb: -32.904 234.134 1043.05
Index: -44.586 68.1252 1029.28
Middle: -15.7835 47.6684 1050.09
Ring: 1.01349 67.8895 1066.46
Little: 8.64248 33.4943 1056.42
Thumb: -53.0619 200.547 1030.71
Index: -44.4538 62.823 1029.6
Middle: -16.1227 48.8344 1047.6
Ring: 0.260764 68.3676 1063.98
Little: 9.88568 37.6223 1047.85
Thumb: -32.104 120.34 1027.09
Index: -48.2754 41.879 1045.85
Middle: -18.1511 49.3889 1048.05
Ring: 6.2662 81.7452 1056.47
Little: 8.09062 42.3374 1043.8
Thumb: -34.9154 116.859 1031.36
Index: -52.0274 46.5453 1041.71
Middle: -22.4726 15.5089 1042.77
Ring: 2.97491 79.3978 1056.72
Little: 8.09999 46.1262 1036.47
Thumb: -35.1123 115.185 1032.82
Index: -55.3295 50.0677 1037.59
Middle: -25.7971 15.3923 1038.76
Ring: 1.20138 80.3889 1051.88
Little: 4.64864 45.3882 1032.75
Thumb: -35.3089 113.902 1032.68
Index: -57.628 58.3268 1033.43
Middle: -27.1139 18.4364 1035.29
Ring: 0.174972 81.8209 1049.07
Little: 2.31449 45.4435 1031.04
Thumb: -36.684 114.11 1032.78
Index: -58.0869 60.6261 1031.48
Middle: -26.6093 21.5618 1034.09
Ring: -0.720341 82.3416 1049.21
Little: 1.73195 45.0971 1032.31
Thumb: -35.6656 113.135 1031.54
Index: -59.4688 66.4711 1030.17
Middle: -28.4817 21.7314 1032.39
Ring: -2.0658 82.4531 1047.91
Little: -1.02341 44.4182 1030.49
Thumb: -37.2181 113.183 1029.37
Index: -61.6026 67.5449 1027.46
Middle: -30.4589 21.2659 1030.48
Ring: -3.64957 82.454 1044.74
Little: -4.50988 42.484 1028.87
Thumb: -38.5396 113.96 1029.84
Index: -62.7377 68.9155 1028.04
Middle: -33.4086 22.5663 1031.03
Ring: -6.27719 83.5897 1044.52
Little: -7.80416 42.3034 1031.87
Thumb: -39.1372 114.932 1027.49
Index: -63.2162 71.7025 1028.75
Middle: -34.2737 25.0079 1028.62
Ring: -7.34408 84.8823 1043.4
Little: -9.44826 42.1034 1032.16
Thumb: -38.9131 114.254 1027.58
Index: -63.1495 72.1661 1029.25
Middle: -32.6383 23.5008 1030.87
Ring: -7.70996 85.7847 1043.1
Little: -9.27274 41.9197 1033.16
Thumb: -39.5453 113.135 1023.31
Index: -62.2149 73.6187 1027.1
Middle: -30.3014 23.1254 1029.2
Ring: -6.95372 85.8205 1041.93
Little: -7.83912 41.9003 1032.47
Thumb: -38.6375 112.928 1022.01
Index: -61.8427 67.8175 1025.78
Middle: -30.1522 23.5831 1028.04
Ring: -7.02597 86.6288 1040.84
Little: -9.33172 39.1575 1035.13
Thumb: -38.9466 112.434 1020.82
Index: -61.7154 69.0648 1024.6
Middle: -30.0774 23.857 1025.98
Ring: -6.78481 85.6394 1040.41
Little: -8.26228 39.4406 1035.5
Thumb: -39.6882 112.553 1021.59
Index: -62.2895 70.6917 1026.23
Middle: -30.6391 23.9093 1026.3
Ring: -7.44143 85.3688 1040.52
Little: -7.81644 40.4806 1035.54
Thumb: -41.5314 114.619 1022.42
Index: -63.6832 59.5447 1027.01
Middle: -32.1263 23.3947 1030.44
Ring: -11.9033 86.1906 1033.31
Little: -11.3785 40.277 1038.93
Thumb: -45.2795 114.938 1026.38
Index: -65.6126 59.928 1034.47
Middle: -33.4316 20.9463 1040.5
Ring: -20.8059 87.9411 1019.45
Little: -11.483 42.9107 1042.79
Thumb: -48.808 115.751 1033.06
Index: -66.7769 65.1688 1040.52
Middle: -34.1627 20.7557 1046.38
Ring: -22.3202 85.9307 1022.01
Little: -13.248 41.5057 1050.2
Thumb: -52.9821 118.068 1038.99
Index: -67.0324 60.8532 1051.03
Middle: -35.8784 19.811 1056.2
Ring: -20.9375 84.8795 1036.04
Little: -18.2919 34.9806 1064.91
Thumb: -56.7744 121.441 1045.94
Index: -66.6814 58.5899 1066.02
Middle: -37.6807 19.2621 1066.71
Ring: -21.1853 83.804 1047.53
Little: -20.836 34.1095 1076.58
Thumb: -57.7159 125.566 1056.04
Index: -66.24 53.5736 1082.08
Middle: -37.3432 9.75788 1091.42
Ring: -19.351 84.9085 1061.59
Little: 5.00534 68.4454 1042.47
Thumb: -75.3084 121.363 1081.06
Index: -56.5056 36.7484 1125.62
Middle: -37.4789 15.279 1105.12
Ring: -17.0776 95.9266 1071.56
Little: 1.12597 72.4725 1047.32
Thumb: -78.095 127.065 1096.15
Index: -57.1077 43.6328 1136.2
Middle: -40.7863 19.6877 1120.62
Ring: -14.5609 96.5849 1073.25
Little: 8.0982 80.3692 1052.71
Thumb: -76.1592 134.366 1107.35
Index: -59.5202 66.3054 1133.98
Middle: -39.2258 25.6564 1136.59
Ring: -13.9891 100.769 1079.68
Little: 6.15644 80.1926 1059.47
Thumb: -71.2951 142.253 1116.42
Index: -54.1993 71.7337 1144.63
Middle: -33.7824 34.008 1142.04
Ring: -6.86609 105.067 1085.59
Little: 8.97738 82.0062 1065.57
Thumb: -67.3052 149.111 1120.14
Index: -50.2696 73.8173 1150.61
Middle: -29.0288 37.5718 1150.59
Ring: -1.61066 108.342 1088.4
Little: 4.07159 77.0335 1073.09
Thumb: -64.0202 155.447 1131.62
Index: -45.7039 80.6174 1159.02
Middle: -22.8275 41.9786 1164.31
Ring: -24.2464 86.8123 1126.06
Little: 6.39836 79.9854 1078.51
Thumb: -60.8008 156.02 1132.21
Index: -41.3363 84.714 1156.69
Middle: -16.1299 43.6872 1165.65
Ring: -18.4356 90.1358 1126.5
Little: 12.6084 83.2934 1078.45
Thumb: -57.6405 157.931 1135.84
Index: -38.1915 84.2849 1160.28
Middle: -12.071 46.3247 1169.19
Ring: -17.1207 94.3506 1128.56
Little: 15.5131 84.7824 1080.15
Thumb: -54.7979 158.045 1137.81
Index: -32.4941 84.0896 1160.9
Middle: -5.47733 45.76 1169.46
Ring: -14.615 93.302 1129.01
Little: 19.5086 85.4624 1079.34
Thumb: -49.5489 157.079 1134.11
Index: -30.1367 84.4823 1153.38
Middle: -1.83401 45.09 1164.68
Ring: -9.80194 93.4957 1125.01
Little: 25.6595 86.7048 1075.26
Thumb: -46.4249 156.619 1136.48
Index: -25.1091 76.4045 1152.03
Middle: 1.8698 41.1291 1157.49
Ring: -3.30906 90.3201 1121.5
Little: 30.1361 83.8836 1071.92
Thumb: -41.8084 151.468 1139.6
Index: -19.2399 72.7106 1146.57
Middle: 8.4881 37.2861 1149.12
Ring: -1.53036 86.269 1116.64
Little: 40.7518 89.3609 1068.73
Thumb: -42.3819 145.646 1144.3
Index: -8.09451 67.3481 1137.43
Middle: 21.0199 29.9577 1130.78
Ring: -0.851495 52.6098 1155.24
Little: 38.88 92.8198 1056.58
Thumb: -40.0716 141.288 1141.42
Index: 0.232854 55.8162 1135.14
Middle: 26.6554 28.454 1123.18
Ring: 7.41235 46.3401 1148.11
Little: 41.6726 90.3297 1050.44
Thumb: -36.5779 133.313 1137.17
Index: 3.42972 53.8758 1131.11
Middle: 28.5333 24.7897 1116.54
Ring: 8.34645 45.8728 1143.83
Little: 46.2135 92.482 1047.61
Thumb: -34.6885 128.477 1135.48
Index: 14.2817 39.3694 1138.25
Middle: 18.6797 29.3599 1108.63
Ring: 7.64173 42.1495 1138.65
Little: 49.8367 92.3742 1047.68
Thumb: -30.1294 124.781 1134.66
Index: 11.5708 39.8074 1138.72
Middle: 13.7099 26.3799 1108.34
Ring: 2.83952 43.4097 1136.12
Little: 44.9491 90.1044 1045.23
Thumb: -24.0072 123.231 1136.2
Index: -1.17676 40.1608 1154.01
Middle: 3.21848 21.3846 1126.88
Ring: 6.47761 38.812 1125.4
Little: 38.6753 89.3963 1034.13
Thumb: -19.104 123.753 1135.42
Index: -7.79643 49.6625 1158.15
Middle: -5.62427 30.7106 1136.89
Ring: -0.0271339 43.5589 1127.81
Little: 36.9563 86.4635 1036.2
Thumb: -15.5669 121.921 1130.67
Index: -12.1394 55.8771 1158.01
Middle: -9.4453 34.7666 1140.56
Ring: -1.97399 46.3682 1131.83
Little: 44.7223 86.9569 1037.5
Thumb: -15.2215 119.581 1127.61
Index: -15.894 58.641 1158.59
Middle: -13.1886 37.0509 1143.42
Ring: -6.28099 48.4317 1131.64
Little: 44.1602 84.9251 1039.77
Thumb: -15.4104 117.168 1125.84
Index: -16.2147 58.9258 1159.37
Middle: -13.8247 38.3834 1147.2
Ring: -7.21928 48.951 1134.31
Little: 46.1385 83.0989 1042.28
Thumb: -14.0443 116.953 1129.52
Index: -14.0119 60.3501 1163.5
Middle: -14.3711 40.6695 1148.92
Ring: -7.09486 51.1088 1133.86
Little: 48.8111 82.355 1045.63
Thumb: -13.9181 115.182 1129.28
Index: -13.9415 59.8594 1162.44
Middle: -15.2891 41.2397 1150.27
Ring: -7.81259 51.5446 1135.5
Little: 49.1763 80.9402 1048.96
Thumb: -13.8694 116.236 1135.68
Index: -16.802 65.8908 1153.27
Middle: -13.759 54.1019 1168.01
Ring: -8.04864 52.5324 1140.49
Little: 54.9362 80.2946 1060.47
Thumb: -15.4636 116.028 1136.15
Index: -21.1511 68.4178 1154.02
Middle: -20.5107 60.6342 1147.35
Ring: -10.2156 52.2139 1140.77
Little: 54.6745 79.1884 1063.33
Thumb: -14.8249 117.361 1135.87
Index: -5.00947 58.5347 1141.17
Middle: -25.8954 69.7475 1147.57
Ring: -12.472 55.0662 1139.45
Little: 51.3128 78.5053 1062
Thumb: -16.4555 117.08 1135.71
Index: -8.86004 57.6182 1140.84
Middle: -28.9862 71.3743 1144.55
Ring: -12.7097 55.3426 1142.93
Little: 49.2221 78.342 1062.2
Thumb: -18.7101 116.776 1134.85
Index: -9.14202 55.3619 1142.67
Middle: -29.2168 74.1279 1140.2
Ring: -16.7236 56.2773 1138.53
Little: 46.4166 78.4766 1061.48
Thumb: -20.0474 116.02 1135.52
Index: -11.0489 55.0361 1142.78
Middle: -29.2953 75.6731 1137.13
Ring: -17.9228 55.72 1139.38
Little: 45.0498 78.3269 1062.16
Thumb: -20.3552 115.943 1135.77
Index: -10.9752 54.2589 1143.42
Middle: -29.8991 75.5418 1137.77
Ring: -18.3416 55.4958 1140.12
Little: 44.1466 78.6337 1061.94
Thumb: -20.2376 115.801 1136.13
Index: -10.4633 51.6266 1144.53
Middle: -29.789 75.2636 1138.05
Ring: -17.9796 55.1487 1140.67
Little: 44.2791 78.962 1061.5
Thumb: -20.6762 116.274 1135.68
Index: -11.7112 51.9261 1145.09
Middle: -29.5286 75.6738 1137.55
Ring: -18.1164 55.6611 1140.5
Little: 45.0228 77.8361 1062.94
Thumb: -20.5979 116.09 1135.42
Index: -11.3545 51.4027 1145.85
Middle: -29.4692 76.7433 1135.85
Ring: -18.7383 55.4561 1142.54
Little: 44.2911 77.9122 1063.14
Thumb: -21.3285 115.924 1135.81
Index: -11.8902 50.952 1145.91
Middle: -30.4348 77.2899 1134.85
Ring: -19.405 55.0178 1142.59
Little: 44.0512 78.0036 1063.52
Thumb: -21.4684 115.664 1135.95
Index: -11.7049 50.9087 1145.99
Middle: -30.624 77.3089 1134.16
Ring: -19.3963 55.0089 1142.33
Little: 44.548 78.5309 1063.96
Thumb: -22.3978 118.403 1137.29
Index: -14.8715 52.6215 1145.4
Middle: -32.6048 79.2872 1133.19
Ring: -21.0871 56.0905 1144
Little: 43.0749 78.718 1064.32
Thumb: -21.9951 124.339 1141.5
Index: -16.9303 55.2052 1146.62
Middle: -33.4685 82.0208 1134.56
Ring: -22.5629 58.5357 1145.33
Little: 41.0644 78.1045 1065.01
Thumb: -21.2192 128.5 1148.08
Index: -13.4662 52.8184 1146.15
Middle: -33.5884 78.3239 1137.68
Ring: -21.1744 56.6269 1144.28
Little: 42.5968 80.9294 1063.94
Thumb: -20.5836 133.147 1151.68
Index: -6.80996 49.089 1147.04
Middle: -28.9674 74.9076 1138.04
Ring: -17.5081 54.4303 1142.23
Little: 42.4606 82.3736 1059
Thumb: -19.4273 134.406 1155.32
Index: -7.09971 47.6327 1138.6
Middle: -22.8934 75.7559 1132.48
Ring: -12.907 51.7835 1136.57
Little: 43.4092 85.5751 1055.89
Thumb: -15.9957 138.376 1160.51
Index: -21.8252 63.3671 1172.95
Middle: -19.9346 71.3471 1131.11
Ring: -9.61365 48.6756 1134.74
Little: 43.265 87.1231 1051.64
Thumb: -6.1537 145.118 1170.3
Index: -30.0867 89.0271 1137.88
Middle: -16.7201 58.1834 1136.7
Ring: -5.94625 43.6238 1133.9
Little: 37.1679 90.238 1042.69
Thumb: -3.27273 142.737 1172.94
Index: -27.7519 92.1873 1138.67
Middle: -15.1902 55.3072 1137.09
Ring: -3.64652 40.3173 1135.13
Little: 38.9444 88.5746 1047
Thumb: 5.05907 143.442 1175.02
Index: -24.1444 88.2534 1140.55
Middle: -8.04348 48.7154 1144.48
Ring: 4.50314 38.364 1136.97
Little: 39.8509 89.98 1043.07
Thumb: 12.0598 144.689 1176.5
Index: -21.711 84.0505 1140.95
Middle: -2.99209 45.0987 1145.61
Ring: 8.38278 38.3522 1131.88
Little: 45.9655 89.5929 1045.68
Thumb: 19.215 143.009 1180.22
Index: -19.6911 72.3522 1148.87
Middle: -0.0551853 41.771 1144.78
Ring: 11.4924 35.8142 1132.9
Little: 45.5824 88.4254 1044.87
Thumb: 24.5978 140.205 1182.29
Index: -17.344 73.1385 1149.84
Middle: 2.12702 41.2328 1144.96
Ring: 16.9683 35.0893 1134.61
Little: 44.1648 91.2404 1044.01
Thumb: 30.1681 135.885 1179.67
Index: -12.9871 70.2301 1149.21
Middle: 7.71659 37.0358 1144.18
Ring: 20.1784 34.68 1131.88
Little: 46.3368 90.8928 1041.15
Thumb: 36.247 132.259 1177.41
Index: -10.068 69.8581 1147.41
Middle: 11.7975 34.8598 1143.73
Ring: 18.9848 35.0266 1125.47
Little: 47.3094 91.682 1038.09
Thumb: 41.8913 136.919 1175.9
Index: -9.72803 64.7609 1145.43
Middle: 23.7644 27.4488 1145.71
Ring: 14.6249 34.7028 1117.17
Little: 47.2111 92.3665 1032.65
Thumb: 94.1763 119.806 1144.67
Index: 2.41521 66.2869 1146.42
Middle: 33.2276 33.8784 1143.92
Ring: 2.35427 42.6308 1107.38
Little: 43.19 84.0485 1022.65
Thumb: 56.8007 116.87 1057.89
Index: 5.91948 67.4635 1145.19
Middle: 37.2637 34.9252 1141.78
Ring: -3.16903 50.8127 1100.82
Little: 44.1051 87.805 1022.45
Thumb: 56.4777 133.725 1064
Index: 13.8149 69.6427 1146
Middle: 41.6172 39.2542 1141.03
Ring: 0.717299 53.6338 1102.21
Little: 43.9524 93.1267 1022.08
Thumb: 54.7562 134.088 1063.84
Index: 23.8348 58.7399 1147.96
Middle: 42.7027 35.6997 1136.26
Ring: 3.79305 51.2879 1104.1
Little: 44.6205 93.4546 1022.38
Thumb: 54.9292 117.198 1069.75
Index: 23.7182 56.6438 1151.34
Middle: 43.1679 31.1446 1136.41
Ring: 2.01291 48.3813 1103.85
Little: 43.8307 91.4825 1023.94
Thumb: 54.9356 112.26 1071.25
Index: 24.2321 50.287 1151.76
Middle: 42.9584 23.8966 1136.45
Ring: -2.97583 44.9924 1100.95
Little: 45.2878 84.1389 1026.7
Thumb: 55.4526 112.993 1072.01
Index: 25.7132 48.7689 1150.71
Middle: 45.2469 22.632 1134.26
Ring: -0.0640497 43.708 1101.7
Little: 45.5925 87.119 1025.58
Thumb: 51.7512 112.911 1073.24
Index: 28.5857 46.184 1148.18
Middle: 40.3483 20.552 1127.82
Ring: -1.02952 44.6134 1105.69
Little: 33.2467 91.7986 1025.09
Thumb: 62.2379 91.8208 1113.29
Index: 27.8724 41.4827 1156.87
Middle: 31.0157 8.48078 1136.05
Ring: 35.2438 20.2865 1124.57
Little: 12.7182 112.021 1074.38
Thumb: 49.4187 93.5579 1093.3
Index: 35.3746 34.0453 1144.7
Middle: 17.2118 24.1406 1155.57
Ring: 20.7915 27.1482 1124.21
Little: 0.388649 121.402 1085.98
Thumb: 54.2836 87.3845 1087.79
Index: 43.5508 37.798 1139.44
Middle: 9.51252 33.4043 1157.82
Ring: 13.1116 32.6331 1122.28
Little: -4.08109 127.691 1089.69
Thumb: 81.8723 84.9767 1143.06
Index: 39.7675 13.5743 1127.94
Middle: 9.98616 90.265 1176.53
Ring: 6.54636 31.2088 1117.57
Little: -6.61299 129.954 1094.99
Thumb: 155.707 111.864 1158.84
Index: 43.5441 5.63212 1112.98
Middle: 8.27832 88.9181 1175.75
Ring: 7.82069 31.0372 1118.8
Little: -8.13466 126.109 1097.17
Thumb: 127.738 91.4611 1162.32
Index: 44.4043 5.67892 1111.19
Middle: 11.7964 96.4623 1168.64
Ring: 8.26882 31.6388 1116.22
Little: -7.91479 123.239 1093.21
Thumb: 130.791 93.1959 1158.04
Index: 45.8282 5.32757 1112.08
Middle: 13.4467 95.4146 1168.08
Ring: 9.78459 33.0086 1120.29
Little: -9.00821 121.387 1093.66
Thumb: 133.348 91.5022 1150.84
Index: 46.5175 5.26026 1104.63
Middle: 17.3481 102.456 1159.68
Ring: 9.94007 33.533 1114.07
Little: -9.23427 121.485 1092.78
Thumb: 134.897 94.2705 1141.39
Index: 46.8457 5.95975 1104.58
Middle: 22.2627 108.434 1156.35
Ring: 11.9826 33.9099 1115.71
Little: -10.3199 96.4073 1092.32
Thumb: 134.719 93.1509 1129.16
Index: 48.6755 7.34351 1103.22
Middle: 26.642 109.63 1146.39
Ring: 14.9122 34.0032 1112.66
Little: -11.9444 78.7801 1095.77
Thumb: 136.053 95.0889 1124.61
Index: 47.8896 8.52029 1097.7
Middle: 26.211 103.276 1151.91
Ring: 14.4542 35.2851 1111.91
Little: -10.3517 58.2185 1087
Thumb: 133.084 98.3358 1117.02
Index: 47.5211 10.0814 1096.51
Middle: 27.2723 104.246 1152.05
Ring: 14.5356 39.277 1113.23
Little: -11.3277 57.4893 1086.55
Thumb: 132.699 97.6709 1111.24
Index: 45.6914 10.5509 1092.57
Middle: 28.6169 106.844 1149.18
Ring: 14.3863 42.112 1113.09
Little: -11.9461 57.5957 1085.83
Thumb: 129.717 95.835 1108
Index: 45.2566 10.3558 1089.55
Middle: 29.1327 103.053 1150.28
Ring: 12.2182 36.9112 1106.78
Little: -12.2208 57.3504 1083.42
Thumb: 131.056 96.7807 1105.78
Index: 43.6613 11.3153 1089.16
Middle: 27.7653 101.43 1148.94
Ring: 9.92453 36.8719 1101.64
Little: -12.8358 58.3934 1078.38
Thumb: 130.472 97.6188 1102.06
Index: 42.9219 15.8504 1089.32
Middle: 30.8769 105.898 1138.65
Ring: 8.77762 35.6257 1097.44
Little: -14.2517 58.667 1076.42
Thumb: 130.316 98.1588 1099.85
Index: 43.3146 21.4703 1090.7
Middle: 29.9648 103.471 1139.45
Ring: 8.53908 33.7245 1092.25
Little: -14.4922 58.6103 1072.65
Thumb: 129.693 98.7585 1097.16
Index: 42.7697 21.0082 1088.35
Middle: 29.4882 102.171 1138.63
Ring: 7.51542 38.2705 1093.8
Little: -14.2445 57.891 1070.18
Thumb: 129.017 98.5089 1096.07
Index: 42.5571 20.9999 1087.16
Middle: 28.4425 101.119 1134.4
Ring: 5.38153 32.5844 1082.82
Little: -16.1733 58.3822 1063.66
Thumb: 128.12 97.2664 1095.65
Index: 43.9472 20.5497 1085.39
Middle: 28.1296 101.682 1125.24
Ring: 5.71456 32.9356 1080.11
Little: -16.5796 59.806 1066.64
Thumb: 127.61 98.0363 1095.97
Index: 43.4286 19.3437 1084.11
Middle: 28.5496 103.301 1114.76
Ring: 5.38674 33.8497 1079.77
Little: -17.0751 60.8719 1066.5
Thumb: 129.924 97.8986 1096.38
Index: 44.2796 17.5692 1084.38
Middle: 27.6278 101.228 1126.19
Ring: 6.06932 33.9253 1081.99
Little: -16.2831 59.9838 1066.82
Thumb: 130.21 99.6897 1097.6
Index: 44.176 16.6704 1086.31
Middle: 27.5878 104.959 1126.99
Ring: 5.34532 31.7031 1080.47
Little: -16.8322 58.8034 1066.84
Thumb: 130.102 99.8102 1098.01
Index: 44.1292 16.5509 1086.18
Middle: 27.0689 105.303 1126.75
Ring: 4.99263 31.7101 1080.72
Little: -17.0327 58.7327 1066.93
Thumb: 130.427 101.812 1099.84
Index: 43.9532 14.263 1085.76
Middle: 25.5782 104.665 1126.79
Ring: 6.43224 31.5292 1080.77
Little: -17.5289 58.4075 1066.58
Thumb: 130.926 100.011 1102.48
Index: 43.0593 13.7211 1087.7
Middle: 24.7644 102.922 1127.65
Ring: 5.69954 30.8491 1081.4
Little: -18.302 59.2264 1069.95
Thumb: 128.682 98.8585 1105.12
Index: 43.4029 14.9991 1094.77
Middle: 24.915 104.22 1128.93
Ring: 5.14715 29.6611 1085.27
Little: -17.9904 57.1025 1069.04
Thumb: 127.687 99.4917 1110.98
Index: 43.9023 13.2982 1096.82
Middle: 24.1981 104.669 1129.18
Ring: 5.44897 28.9572 1085.91
Little: -16.6886 57.0153 1069.29
Thumb: 129.333 100.201 1111.2
Index: 43.2347 14.6353 1103.91
Middle: 26.6087 105.343 1133.89
Ring: 6.4332 28.4009 1092.56
Little: -15.411 54.5159 1073.95
Thumb: 130.086 100.07 1113.54
Index: 43.5703 14.3871 1104.35
Middle: 25.6056 101.076 1134.47
Ring: 8.97556 28.151 1092.51
Little: -15.4361 55.2852 1075.1
Thumb: 131.732 99.045 1115.3
Index: 43.3685 15.2499 1109.93
Middle: 27.308 99.0793 1135.23
Ring: 6.92339 26.6114 1093.65
Little: -14.4559 54.7188 1077.61
Thumb: 132.845 100.578 1116.5
Index: 42.7643 15.1683 1113.41
Middle: 30.8678 102.042 1125.16
Ring: 9.17039 23.4348 1090.94
Little: -14.1548 54.8503 1083.09
Thumb: 135.004 100.189 1120.45
Index: 42.3249 14.8494 1119.58
Middle: 29.2753 94.7959 1128.84
Ring: 10.8798 23.8735 1099.03
Little: -13.7925 52.665 1085.41
Thumb: 136.249 103.659 1124.62
Index: 43.2864 16.4697 1124.44
Middle: 29.1177 96.8748 1130.68
Ring: 12.3814 27.5104 1105.59
Little: -12.8758 53.1704 1088.94
Thumb: 131.906 100.688 1131.55
Index: 40.2597 18.3742 1130.56
Middle: 28.7343 96.4117 1134
Ring: 10.5673 29.4202 1111.1
Little: -14.2943 53.2389 1089.46
Thumb: 129.563 102.285 1143.05
Index: 36.833 20.3642 1137.64
Middle: 28.6131 98.6265 1136.87
Ring: 12.1845 29.3388 1115.85
Little: -13.7851 52.4708 1093.41
Thumb: 123.282 102.415 1160.25
Index: 33.752 22.6214 1142.64
Middle: 25.1243 99.1692 1144.81
Ring: 11.6738 30.3883 1118.83
Little: -12.614 53.1844 1093.75
Thumb: 122.952 102.006 1164.58
Index: 33.5242 24.1429 1150.66
Middle: 23.7154 96.5985 1152.36
Ring: 13.2326 30.0793 1122.08
Little: -10.2709 52.8797 1095.65
Thumb: 128.197 102.762 1163.95
Index: 35.9741 22.3929 1152.37
Middle: 27.12 97.9274 1150.38
Ring: 13.3198 32.7886 1126.28
Little: -25.563 104.644 1150.75
Thumb: 137.442 102.588 1145.87
Index: 41.7589 25.3597 1155.25
Middle: 30.8458 95.6078 1151.93
Ring: 13.1192 32.4792 1128.09
Little: -21.9667 107.998 1161.84
Thumb: 132.607 106.042 1152.35
Index: 32.8381 27.916 1154.52
Middle: 27.15 100.318 1164.84
Ring: 9.48711 26.4136 1120.12
Little: -23.878 102.036 1160.08
Thumb: 118.042 107.313 1173.82
Index: 18.627 27.7541 1155.53
Middle: 13.0003 95.1643 1174.23
Ring: 7.32893 25.3608 1124.38
Little: -30.9682 96.2185 1152.2
Thumb: 68.0799 101.709 1208.07
Index: 0.560465 29.5936 1111.98
Middle: -2.6299 79.1803 1136.25
Ring: -24.5127 40.5922 1108.78
Little: -31.85 83.656 1104.36
Thumb: 32.2025 108.147 1215.6
Index: 2.1456 29.7975 1110.78
Middle: -1.93097 82.8437 1126.01
Ring: -21.5056 42.6329 1099.55
Little: -14.5025 88.1189 1083.42
Thumb: 13.4729 118.374 1195.81
Index: 1.48208 31.1172 1104.81
Middle: -13.3022 49.3513 1108.82
Ring: -14.6903 40.1426 1086.16
Little: -11.334 92.0006 1062.95
Thumb: 1.90235 120.584 1200.2
Index: -1.52469 29.7936 1112.68
Middle: -24.9621 41.5209 1102.81
Ring: -11.3381 42.1561 1081.84
Little: 1.3571 88.5465 1057.63
Thumb: -1.17375 126.011 1200.22
Index: -0.663628 30.2158 1115.43
Middle: -10.1056 27.3971 1098.32
Ring: -5.29618 39.2082 1082.03
Little: 4.25082 89.6409 1056.91
Thumb: -10.5896 128.581 1203.06
Index: -5.68373 30.3825 1112.52
Middle: -4.17136 23.4778 1096.51
Ring: -0.498898 37.0411 1079.5
Little: 6.54215 88.64 1060.54
Thumb: -16.6387 133.554 1199.47
Index: -8.24457 32.3713 1115.54
Middle: -5.74162 23.6152 1104.49
Ring: -0.332843 36.725 1083.31
Little: 8.65145 87.3614 1058.11
Thumb: -26.2011 135.541 1195.23
Index: -11.319 32.7043 1115.04
Middle: -6.40155 23.4819 1103.02
Ring: 2.91699 34.9694 1083.49
Little: 9.85673 89.2186 1054.74
Thumb: -35.2143 136.993 1188.85
Index: -11.6321 30.4352 1117.52
Middle: -4.71329 22.6041 1100.78
Ring: 2.90309 34.8543 1082.26
Little: 24.3774 98.0112 1059.36
Thumb: -45.8501 137.1 1180.08
Index: -7.12457 31.333 1107.52
Middle: -7.55258 20.255 1102.31
Ring: 4.12059 31.454 1083.63
Little: 20.8909 92.2384 1055.1
Thumb: -57.7404 134.226 1164.54
Index: -8.45257 29.0397 1107.04
Middle: -10.0856 20.8267 1098.37
Ring: 6.31612 28.3949 1083.55
Little: 29.0911 91.9451 1057.91
Thumb: 111.934 91.3669 1067.56
Index: -5.38235 24.6757 1114.6
Middle: -9.87154 15.765 1122.91
Ring: -7.91206 27.5228 1114.6
Little: -9.64514 104.848 1157.65
Thumb: 106.874 104.677 1077.49
Index: 1.27328 26.471 1112.79
Middle: -11.171 19.0535 1123.16
Ring: -2.29083 28.5619 1115.29
Little: -13.076 104.899 1154.3
Thumb: 91.1266 104.137 1109.36
Index: 15.4748 30.4022 1124.93
Middle: -13.5911 16.5396 1118.69
Ring: -5.87029 24.8112 1115.8
Little: -21.3001 98.4456 1146.31
Thumb: 111.904 104.518 1099.63
Index: 10.1775 32.9713 1126.61
Middle: -15.5756 16.5776 1118.02
Ring: -7.6373 23.8386 1117.54
Little: -27.4745 72.8939 1144.49
Thumb: 105.525 104.511 1124.38
Index: 8.55854 35.8343 1130.07
Middle: -16.0932 17.2604 1119.15
Ring: -9.59764 24.7073 1117.4
Little: -30.3089 69.7065 1144.24
Thumb: 86.4849 87.2337 1125.31
Index: 7.94115 37.5202 1131.24
Middle: -17.9787 17.2372 1118.9
Ring: -10.9736 24.5043 1116.82
Little: -32.2466 71.9743 1142.35
Thumb: 83.3107 89.9322 1127.16
Index: 3.76736 36.1672 1128.74
Middle: -19.3832 18.0451 1117.86
Ring: -13.9231 25.5144 1116.52
Little: -33.2469 99.7463 1137.45
Thumb: 89.4085 95.4017 1129.94
Index: 4.2829 36.438 1127.72
Middle: -21.3174 18.8122 1117.19
Ring: -14.7 25.4251 1115.59
Little: -34.6387 99.3248 1134.35
Thumb: 89.8285 94.6856 1125.12
Index: 4.53966 37.0303 1127.08
Middle: -22.5779 18.9983 1116.41
Ring: -17.1053 25.4703 1115.06
Little: -36.0301 99.1412 1133.76
Thumb: 18.8062 78.4154 1117.8
Index: 3.0658 38.2662 1128.86
Middle: -23.215 18.3007 1116.68
Ring: -19.2201 25.6108 1115.64
Little: -40.8211 71.7744 1135.31
Thumb: 17.9127 79.1485 1118.57
Index: 3.62589 40.9997 1127.01
Middle: -23.7102 18.7987 1113.84
Ring: -19.9274 26.2927 1113.2
Little: -42.3662 71.7518 1131.37
Thumb: 17.0849 79.7707 1118.7
Index: 3.23989 42.2457 1126.94
Middle: -26.0503 19.8957 1113.29
Ring: -19.9506 26.4719 1112.06
Little: -43.7239 71.8956 1129.72
Thumb: 13.7952 80.3848 1116.34
Index: 13.4595 40.2025 1127.02
Middle: -29.0561 22.6376 1115.02
Ring: -21.6509 28.6878 1113.55
Little: -44.8091 74.6265 1130.43
Thumb: 14.6782 76.5031 1114.91
Index: 12.2946 39.999 1126.01
Middle: -29.4839 20.5178 1113.02
Ring: -22.8733 26.9013 1111.92
Little: -46.3769 72.9371 1128.24
Thumb: 42.6962 69.2759 1097.91
Index: 6.29128 30.9626 1122.81
Middle: -29.2954 22.0628 1112.95
Ring: -22.5918 28.3911 1111.38
Little: -46.3702 74.4099 1127.97
Thumb: 43.0912 69.5924 1097.73
Index: 8.28019 29.8611 1122.06
Middle: -29.4637 22.2905 1112
Ring: -22.6103 28.5572 1110.83
Little: -46.5589 74.519 1127.39
Thumb: 45.9309 68.1276 1097.66
Index: 8.92135 28.1431 1123.33
Middle: -26.9721 20.8803 1112.52
Ring: -22.5659 29.1985 1111.44
Little: -47.9184 69.4297 1125.36
Thumb: 45.4694 68.306 1098.23
Index: 8.53275 28.3665 1123.18
Middle: -28.4303 21.3812 1112.21
Ring: -22.2268 28.9529 1111.55
Little: -47.8937 69.0073 1125.15
Thumb: 45.5254 68.2442 1099.97
Index: 8.22848 27.0723 1124.34
Middle: -27.2602 21.0288 1114.81
Ring: -22.0705 29.0096 1113.78
Little: -47.7112 69.2939 1127.19
Thumb: 47.1888 68.2127 1098.93
Index: 8.29376 27.2558 1124.63
Middle: -27.591 21.1288 1114.99
Ring: -22.1382 28.9913 1113.92
Little: -47.7222 69.2838 1127.48
Thumb: 47.0471 68.8194 1099.21
Index: 7.4116 27.2291 1124.6
Middle: -26.4861 20.9363 1116.65
Ring: -20.5537 28.623 1115.45
Little: -46.3877 68.4662 1129.17
Thumb: 47.1693 68.9364 1099.25
Index: 7.7667 26.2127 1123.52
Middle: -26.0585 20.7647 1116.44
Ring: -19.9464 28.3856 1115.16
Little: -44.9412 74.6171 1130.21
Thumb: 47.7829 69.1559 1099.25
Index: 9.64549 25.7359 1122.88
Middle: -24.8991 20.2433 1116.14
Ring: -18.2878 27.6214 1114.79
Little: -43.7186 73.1194 1130.18
Thumb: 48.5129 70.0916 1100.23
Index: 10.1298 25.9943 1122.2
Middle: -23.7412 20.2956 1115.81
Ring: -18.2387 27.8963 1114.83
Little: -44.0361 74.0032 1130.27
Thumb: 49.5636 70.1447 1099.84
Index: 10.8112 25.853 1122.7
Middle: -23.1412 19.9951 1116.87
Ring: -17.3241 27.4744 1115.51
Little: -43.2864 73.2026 1130.91
Thumb: 50.336 70.0514 1099.57
Index: 10.2906 26.3176 1123.12
Middle: -22.9027 20.1221 1116.2
Ring: -17.0769 27.5016 1115.01
Little: -43.2325 73.1809 1129.57
Thumb: 51.5009 70.4228 1100.31
Index: 9.31346 26.7266 1122.53
Middle: -22.4621 20.8931 1116.81
Ring: -16.0844 28.0875 1115.54
Little: -42.023 73.8714 1130.48
Thumb: 52.131 72.2476 1102.21
Index: 10.4499 30.5335 1125.02
Middle: -21.9341 22.9701 1117.29
Ring: -15.226 30.0614 1115.84
Little: -41.097 75.9522 1130.67
Thumb: 52.6176 72.3083 1101.89
Index: 10.6483 30.8232 1125.21
Middle: -21.2932 22.7445 1117.07
Ring: -14.6425 29.9738 1115.71
Little: -40.8257 75.8696 1130.69
Thumb: 55.2884 73.4013 1102.31
Index: 12.4986 31.3083 1125.19
Middle: -19.8195 24.1819 1117.12
Ring: -14.7873 31.8726 1116.16
Little: -39.4633 78.0694 1130.72
Thumb: 56.9304 73.2349 1099.23
Index: 13.7013 31.6853 1124.97
Middle: -16.7992 23.2757 1116.33
Ring: -12.9168 31.5018 1115.34
Little: -37.9967 77.5762 1130.12
Thumb: 58.2212 74.6494 1103.41
Index: 17.0539 32.4792 1124.79
Middle: -13.4528 23.8551 1116.27
Ring: -8.70984 31.9157 1115.17
Little: -35.1813 77.768 1129.98
Thumb: 62.8661 75.6635 1101.57
Index: 20.9439 32.5001 1121.51
Middle: -8.69422 23.1163 1112.6
Ring: -4.02025 31.2697 1112.92
Little: -31.1111 76.0242 1127.83
Thumb: 68.2876 77.9256 1103.07
Index: 25.4823 33.9039 1121.02
Middle: -7.01368 26.8246 1112.33
Ring: 1.79043 33.4959 1111.41
Little: -25.3593 78.3432 1126.81
Thumb: 72.2004 79.4984 1105.95
Index: 27.2935 54.3717 1124.3
Middle: 0.689319 28.7589 1106.23
Ring: 7.30249 36.4971 1105.83
Little: -17.8312 81.0388 1123.65
