Thumb: 32.9554 91.7207 1121.92
Index: -64.5745 28.1944 1098.23
Middle: -101.42 40.8207 1097.63
Ring: -124.543 62.0639 1082.41
Little: -141.773 103.039 1080.87
Thumb: 39.0425 91.2043 1105.23
Index: -68.0318 29.9558 1096.88
Middle: -100.766 35.9804 1089.4
Ring: -117.766 52.2411 1074.83
Little: -103.334 122.534 1124.58
Thumb: 31.8499 88.3701 1108.78
Index: -73.2663 32.0921 1098.33
Middle: -105.876 37.906 1089.19
Ring: -122.038 54.6015 1071.44
Little: -105.416 139.311 1128.3
Thumb: 25.6605 86.9234 1112.67
Index: -77.0875 28.7596 1093.39
Middle: -106.163 39.8235 1093.44
Ring: -122.891 54.69 1079.13
Little: -106.359 141.526 1127.09
Thumb: 21.6464 86.1005 1116.45
Index: -80.973 28.4791 1090.71
Middle: -110.286 39.4792 1091.1
Ring: -125.704 56.1323 1082.72
Little: -107.743 141.434 1128.46
Thumb: 11.4245 84.183 1115.35
Index: -82.4383 30.2971 1093.96
Middle: -112.215 40.8707 1094.21
Ring: -127.467 57.4435 1088.98
Little: -108.17 143.502 1129.31
Thumb: 6.63246 84.8549 1113.77
Index: -87.6529 32.0325 1095.24
Middle: -112.696 40.5721 1094.73
Ring: -127.757 57.4717 1094.99
Little: -111.76 139.23 1131.99
Thumb: 1.10565 85.4715 1114.65
Index: -89.5919 32.3791 1095.22
Middle: -112.463 41.6718 1097.69
Ring: -126.802 59.7733 1097.86
Little: -111.455 138.215 1135.91
Thumb: -1.57715 83.5459 1111.7
Index: -96.405 33.0395 1088.11
Middle: -116.212 43.2152 1097.29
Ring: -127.85 60.7808 1104.05
Little: -113.826 135.632 1137.35
Thumb: -3.59787 79.3089 1107.54
Index: -99.773 34.3114 1089.17
Middle: -120.081 41.4906 1097.39
Ring: -128.803 61.548 1104.87
Little: -112.794 136.142 1138.47
Thumb: -10.5595 78.8221 1107.71
Index: -101.522 35.2681 1091.37
Middle: -122.513 41.4362 1095.65
Ring: -130.915 61.5828 1103.38
Little: -142.708 96.4908 1101.98
Thumb: -11.6564 78.6473 1109.1
Index: -101.353 36.574 1095.78
Middle: -122.363 42.8383 1099.54
Ring: -127.998 62.2658 1107.87
Little: -143.601 94.5581 1098.38
Thumb: -10.2229 79.1273 1107.67
Index: -98.2597 37.3593 1097.46
Middle: -120.86 40.6411 1098.66
Ring: -125.957 60.2697 1109.59
Little: -142.466 91.6965 1096.46
Thumb: -10.6597 82.995 1107.87
Index: -91.8521 37.603 1100.45
Middle: -116.159 38.9125 1099.69
Ring: -121.571 58.3244 1109.27
Little: -139.768 89.2357 1099.61
Thumb: -7.43469 87.7727 1105.63
Index: -84.0178 36.8953 1099.61
Middle: -107.985 37.0023 1100.04
Ring: -113.575 57.229 1111.12
Little: -132.757 84.2766 1099.42
Thumb: -4.87888 85.9975 1100.98
Index: -78.1881 35.4129 1097.44
Middle: -100.589 38.6321 1103.49
Ring: -106.607 59.6537 1114.17
Little: -125.238 82.7037 1100.88
Thumb: 1.26578 86.092 1100.15
Index: -68.4836 32.9996 1100.27
Middle: -94.5552 35.5487 1103.06
Ring: -100.1 53.37 1112.54
Little: -115.074 83.1427 1106.9
Thumb: 6.55352 86.6362 1100.48
Index: -61.6819 32.7237 1097.85
Middle: -85.759 35.1946 1103.2
Ring: -92.1158 53.7438 1109.21
Little: -108.36 77.7682 1101.93
Thumb: 14.4089 87.5374 1101.36
Index: -50.3902 35.0923 1102.34
Middle: -74.157 33.2155 1102.55
Ring: -84.7341 48.6743 1104.68
Little: -100.694 75.8473 1100.94
Thumb: 22.5666 87.3676 1100.67
Index: -42.0213 33.8966 1100.6
Middle: -64.872 31.1225 1100.76
Ring: -78.8643 47.3481 1101.97
Little: -93.7552 74.7368 1100.5
Thumb: 31.8193 87.8156 1098.8
Index: -32.4176 33.1714 1099.59
Middle: -54.709 29.3887 1103.02
Ring: -70.4871 43.9958 1100.78
Little: -85.1759 68.0082 1100.08
Thumb: 40.13 89.4074 1102.84
Index: -25.2216 32.8194 1096.46
Middle: -48.7004 28.8852 1099.3
Ring: -60.6997 42.5442 1105.5
Little: -76.8597 68.4637 1101.5
Thumb: 46.3655 90.3735 1107.72
Index: -17.9932 32.8017 1097.85
Middle: -43.2851 29.0806 1102.63
Ring: -58.6048 39.5627 1103.77
Little: -69.1636 64.5336 1098.13
Thumb: 55.1711 90.82 1113.68
Index: -12.7191 30.5674 1100.24
Middle: -38.7041 24.2471 1099.34
Ring: -52.457 37.4374 1104.6
Little: -65.5817 62.5134 1096.94
Thumb: 56.3258 85.6883 1105.88
Index: -6.85934 27.6589 1099.28
Middle: -30.2138 22.7961 1100.86
Ring: -45.3868 35.3362 1105.92
Little: -59.5872 59.6104 1097.32
Thumb: 63.5114 84.1168 1091.35
Index: 1.72193 25.8733 1097.94
Middle: -22.4631 20.4363 1098.07
Ring: -39.1178 33.0279 1103.03
Little: -52.4129 57.0051 1096.17
Thumb: 73.4953 84.3227 1092.36
Index: 10.8829 23.0515 1100.46
Middle: -17.3962 15.1633 1094.12
Ring: -33.5174 29.7049 1103.77
Little: -47.0809 52.26 1096.32
Thumb: 81.9077 84.5017 1094.3
Index: 20.4581 20.4331 1094.53
Middle: -10.6089 14.4872 1095.01
Ring: -26.1125 29.4049 1103.87
Little: -40.7858 53.6873 1099.1
Thumb: 89.4209 82.7997 1088.37
Index: 31.3472 19.8809 1102.56
Middle: -3.71509 11.0947 1091.85
Ring: -20.447 26.7572 1100.65
Little: -37.685 57.0719 1102.9
Thumb: 98.3642 89.4531 1094.25
Index: 38.8013 15.9501 1107.95
Middle: 2.25008 4.83976 1093.71
Ring: -11.4325 28.5383 1108.6
Little: -29.9779 57.1435 1106.74
Thumb: 108.325 88.4319 1095.43
Index: 45.0927 13.3329 1105.93
Middle: 9.13844 2.47389 1089.54
Ring: -4.20201 26.5644 1107.1
Little: -28.5199 43.8866 1102.6
Thumb: 115.411 91.5619 1102.95
Index: 53.1492 12.544 1104.87
Middle: 17.2197 1.32632 1088.66
Ring: 3.1699 24.2233 1106.42
Little: -22.1931 42.4665 1103.77
Thumb: 125.056 90.4107 1099.78
Index: 58.9467 11.9459 1102.18
Middle: 23.8969 3.44595 1092.65
Ring: 8.77033 23.9338 1105.1
Little: -15.3993 44.911 1105.26
Thumb: 132.951 89.423 1099.3
Index: 64.3809 12.1617 1105.09
Middle: 28.7207 2.41898 1088.57
Ring: 15.2873 28.0659 1105.64
Little: -11.646 46.345 1103.19
Thumb: 138.406 93.7839 1104.73
Index: 70.2073 10.6421 1102.93
Middle: 33.3534 0.0918999 1085.42
Ring: 21.9927 31.4842 1107.7
Little: -7.46242 44.7595 1100.11
Thumb: 143.929 94.4945 1109.27
Index: 73.2591 7.98251 1104.28
Middle: 37.3823 -1.43606 1083.42
Ring: 25.5336 28.8555 1105.63
Little: -3.38232 41.9362 1098.01
Thumb: 148.229 100.703 1110.87
Index: 79.5648 7.91498 1102.88
Middle: 44.4669 -2.49891 1084.9
Ring: 30.7787 25.7811 1104.23
Little: 3.04041 43.8907 1105.62
Thumb: 153.054 101.097 1109.51
Index: 82.9182 8.07156 1103.22
Middle: 47.4426 -2.85671 1080.37
Ring: 33.8382 25.6911 1103.98
Little: 7.95089 49.6855 1110.65
Thumb: 157.439 99.3193 1110.53
Index: 85.9074 7.20742 1100.74
Middle: 50.8377 -2.70256 1079.15
Ring: 37.0085 25.0833 1102.24
Little: 11.3549 48.9079 1111.16
Thumb: 160.242 101.999 1112.24
Index: 88.4591 7.63995 1102.07
Middle: 53.3218 -2.63119 1080.52
Ring: 39.2748 24.8644 1100.53
Little: 26.8597 93.5173 1132.62
Thumb: 163.661 102.001 1113.13
Index: 89.0549 7.06209 1103.81
Middle: 54.0471 -3.58264 1082.34
Ring: 39.9519 24.8082 1101.07
Little: 25.4161 86.8529 1139.07
Thumb: 164.154 101.423 1114.47
Index: 88.8714 6.84556 1103.34
Middle: 54.5109 -3.34081 1080.87
Ring: 55.2658 77.0463 1164.39
Little: 25.6217 88.399 1139.22
Thumb: 164.097 101.627 1115.28
Index: 91.1232 20.0789 1109.88
Middle: 53.0436 -1.10933 1080.3
Ring: 57.7624 87.3572 1163.87
Little: 25.5158 96.05 1140.38
Thumb: 164.418 100.718 1115.53
Index: 87.849 22.165 1108.27
Middle: 48.8704 2.55779 1080.43
Ring: 53.7459 81.0954 1164.31
Little: 24.9772 100.907 1140.34
Thumb: 161.363 99.2268 1115.14
Index: 84.125 23.333 1109.46
Middle: 44.6835 4.24385 1082.62
Ring: 52.0059 85.514 1165.22
Little: 22.5689 98.0282 1141.94
Thumb: 159.584 96.745 1116.63
Index: 79.7103 21.743 1106.44
Middle: 40.4094 5.24606 1082.59
Ring: 49.9829 86.7689 1165.52
Little: 21.1182 100.617 1141.81
Thumb: 156.318 97.3576 1117.54
Index: 76.0678 25.3072 1108.94
Middle: 35.8185 6.6854 1080.94
Ring: 44.9784 87.9704 1165.03
Little: 17.0029 103.815 1140.89
Thumb: 152.25 93.4003 1117.53
Index: 95.979 83.7509 1149.3
Middle: 28.3451 7.90833 1079.64
Ring: 40.1906 89.7175 1164.68
Little: 12.9491 106.938 1140.29
Thumb: 147.175 93.6224 1117.19
Index: 91.7666 82.634 1147
Middle: 22.3016 10.4026 1081.15
Ring: 38.197 94.3516 1165.16
Little: 9.27832 107.285 1141.55
Thumb: 141.308 92.2618 1119.06
Index: 86.4052 82.566 1145.09
Middle: 15.3448 11.696 1080.05
Ring: 32.3214 95.8861 1165.07
Little: 4.58624 110.743 1140.41
Thumb: 133.352 93.8771 1113.63
Index: 72.5328 76.6472 1152.51
Middle: 9.76875 12.5682 1080.9
Ring: 20.7106 93.02 1161.97
Little: -4.16535 113.25 1134.23
Thumb: 124.19 94.4831 1118.78
Index: 64.9543 77.689 1157.55
Middle: 2.87554 14.9819 1081.91
Ring: 13.4715 94.0026 1162.78
Little: -10.2217 116.377 1135.02
Thumb: 112.148 96.4789 1123.62
Index: 60.4159 88.0502 1157.2
Middle: -2.36941 15.357 1079.08
Ring: 8.27426 108.498 1162.88
Little: -19.3752 119.285 1133.41
Thumb: 104.393 94.6192 1124.75
Index: 51.6213 82.3117 1162.76
Middle: -8.98106 16.1735 1081.85
Ring: -5.71756 87.8062 1162.3
Little: -23.6203 121.255 1136.77
Thumb: 98.1394 94.2824 1123.94
Index: 50.3206 89.2793 1161.61
Middle: -15.6521 17.9769 1084.48
Ring: -15.6357 85.3143 1162.27
Little: -32.3969 114.771 1138.67
Thumb: 94.323 94.1347 1126.76
Index: 42.2924 88.2448 1168.14
Middle: -23.3167 18.5547 1089.49
Ring: -15.1736 100.045 1169.74
Little: -37.6628 115.535 1142.8
Thumb: 88.0058 93.9002 1127
Index: 38.533 89.4853 1163.94
Middle: -27.3031 18.4377 1092.75
Ring: -26.9589 81.3355 1166.79
Little: -41.9975 116.91 1146.45
Thumb: 84.6064 94.6892 1127.03
Index: 32.8734 87.7522 1165.55
Middle: -32.339 17.6421 1092.25
Ring: -26.9348 88.8637 1172.8
Little: -45.7476 119.983 1149.17
Thumb: 79.1458 96.3603 1138.39
Index: -1.48374 45.6023 1148.61
Middle: -33.1833 16.4552 1093.56
Ring: -33.3635 98.7579 1173.56
Little: -54.6925 121.052 1147.94
Thumb: 67.4237 96.4907 1158.84
Index: -11.4006 51.9135 1147.88
Middle: -35.7977 14.5543 1097.83
Ring: -56.9312 80.3557 1156.73
Little: -69.9528 118.89 1135.82
Thumb: 29.5341 112.851 1191.18
Index: -40.0057 62.8198 1141.34
Middle: -39.581 16.765 1104.32
Ring: -78.575 103.622 1132
Little: -39.7664 54.768 1073.36
Thumb: 59.2824 154.631 1226.17
Index: -57.4739 46.9946 1121.56
Middle: -42.8871 17.7508 1105.54
Ring: -42.4156 31.853 1104.06
Little: -33.8051 52.3613 1072.37
Thumb: 56.0436 169.052 1229.64
Index: -60.887 40.2798 1144.22
Middle: -49.4658 21.8059 1112.42
Ring: -43.0739 32.4488 1108.12
Little: -35.8621 54.6112 1073.6
Thumb: 42.7748 186.702 1230.31
Index: -67.2728 33.2709 1146.12
Middle: -57.9105 17.4202 1116.05
Ring: -53.1009 28.1796 1110.45
Little: -45.5912 49.7662 1077.97
Thumb: 44.9814 181.301 1235.62
Index: -67.0295 42.3307 1146.75
Middle: -57.046 26.5864 1116.71
Ring: -54.5777 39.2952 1111.89
Little: -42.5425 58.8304 1077.29
Thumb: 48.957 234.51 1216.54
Index: -74.5378 47.3989 1147.21
Middle: -61.322 28.4088 1115.62
Ring: -58.3004 40.7014 1110
Little: -42.7471 59.0373 1077.67
Thumb: 49.123 171.928 1231
Index: -79.8276 55.7617 1151.7
Middle: -62.0351 28.0236 1115.16
Ring: -59.5548 38.7895 1096.65
Little: -47.9938 61.9769 1084.78
Thumb: 56.185 173.957 1228.45
Index: -85.5276 59.1701 1150.96
Middle: -64.4268 26.9355 1110.82
Ring: -62.9371 38.3684 1095.59
Little: -53.0847 62.8465 1085.9
Thumb: 29.9759 142.577 1085.86
Index: 52.0722 103.942 1123.08
Middle: -63.581 35.7844 1117.76
Ring: -31.6223 51.1372 1123.28
Little: -54.293 64.9747 1122.61
Thumb: 32.0896 125.224 1089.16
Index: 42.5795 112.338 1127.9
Middle: -66.4333 31.4586 1126.84
Ring: -34.1178 47.9015 1129.49
Little: -59.4121 58.3493 1126.17
Thumb: 88.4079 143.518 1109.43
Index: 37.3008 110.951 1134.41
Middle: -72.5261 32.2553 1123.81
Ring: -28.4529 49.4905 1121.86
Little: -65.5736 59.113 1122.37
Thumb: 88.0986 141.952 1098.08
Index: -26.522 50.072 1120.03
Middle: -77.5066 33.4975 1122.23
Ring: -33.1875 49.9824 1123.13
Little: -70.1655 60.247 1120.76
Thumb: 89.6683 157.994 1099.65
Index: -47.8032 36.6665 1108.92
Middle: -80.3885 34.6369 1122.96
Ring: -36.1846 48.3165 1125.95
Little: -60.0105 115.617 1182.09
Thumb: 51.2869 107.41 1124.22
Index: -47.0031 37.6095 1108.81
Middle: -80.635 35.5503 1120.17
Ring: -36.125 47.3218 1125.36
Little: -62.6948 116.087 1180.38
Thumb: 40.9197 111.093 1137
Index: -49.3512 36.1318 1110.12
Middle: -83.4638 34.5369 1119.99
Ring: -39.1025 40.012 1123.9
Little: -70.0014 122.859 1178.25
Thumb: 55.7096 114.92 1136.95
Index: -51.9832 36.0936 1110.75
Middle: -85.0845 34.2476 1118.06
Ring: -45.2066 32.5934 1109.08
Little: -75.0586 124.423 1175.4
Thumb: 80.8099 143.356 1109.83
Index: -52.6728 37.5479 1110.84
Middle: -87.5887 36.8549 1117.48
Ring: -45.4938 33.8366 1109.6
Little: -77.6031 125.961 1173.96
Thumb: 81.5902 154.779 1110.22
Index: -7.74048 90.7685 1181.57
Middle: -88.3668 37.2701 1116.64
Ring: -45.8794 34.2467 1111.28
Little: -82.8352 127.495 1170.24
Thumb: 79.4574 151.689 1107.51
Index: -8.79301 94.3082 1182.24
Middle: -89.3382 37.6646 1116.26
Ring: -46.7045 34.5705 1112.27
Little: -84.476 126.372 1168.28
Thumb: 80.3659 148.137 1106.26
Index: -8.93157 98.7245 1182.85
Middle: -90.6811 38.7597 1113.81
Ring: -47.9613 34.9916 1111.81
Little: -86.7638 129.429 1164.91
Thumb: 80.0557 146.923 1106.37
Index: -13.7952 97.7032 1181.3
Middle: -92.1429 38.8982 1111.68
Ring: -49.398 35.0788 1110.49
Little: -88.3307 123.14 1162.42
Thumb: 83.1428 154.518 1105.59
Index: -14.3169 99.0654 1178.64
Middle: -91.8528 38.6595 1107.34
Ring: -49.0904 35.0388 1106.91
Little: -89.0808 119.351 1158.06
Thumb: 82.8349 154.214 1109.86
Index: -15.9095 100.447 1176.81
Middle: -91.9778 39.6535 1102.93
Ring: -49.2282 35.85 1103.99
Little: -90.4854 120.785 1153.84
Thumb: 80.9779 145.262 1101.7
Index: -11.9589 106.783 1175.36
Middle: -90.5955 38.9731 1098.87
Ring: -47.8517 35.5816 1101.01
Little: -91.3525 120.613 1150.43
Thumb: 83.5126 151.03 1106.87
Index: -12.7809 106.156 1174.23
Middle: -91.0157 39.1611 1096.73
Ring: -48.344 35.325 1099.48
Little: -91.7752 122.018 1148.22
Thumb: 65.6301 125.211 1119.6
Index: -11.7104 104.493 1171.71
Middle: -90.9478 39.1333 1095.23
Ring: -48.2278 35.2646 1097.02
Little: -90.5718 121.415 1147.54
Thumb: 67.5191 124.999 1116.1
Index: -6.91434 107.448 1169.25
Middle: -90.0636 40.25 1095.18
Ring: -47.3126 36.3475 1095.69
Little: -88.5968 126.368 1147.51
Thumb: 68.1131 128.514 1113.66
Index: -9.17378 108.364 1167.89
Middle: -88.1716 40.7744 1092.57
Ring: -45.813 39.8746 1101.56
Little: -89.0439 124.654 1144.26
Thumb: 72.193 128.509 1114
Index: -7.63747 109.756 1167.94
Middle: -88.5588 42.7566 1091.73
Ring: -45.9151 38.2892 1093.9
Little: -87.7804 129.066 1142.4
Thumb: 74.249 132.901 1108.17
Index: -2.66004 110.685 1165.85
Middle: -85.7921 42.4576 1093.37
Ring: -42.987 39.1712 1093.12
Little: -83.9456 124.167 1145.18
Thumb: 77.8112 134.935 1107.48
Index: -0.788714 112.914 1167.15
Middle: -83.1589 42.1352 1095.87
Ring: -40.3171 39.3596 1095.76
Little: -82.5548 125.986 1145.99
Thumb: 73.9287 137.803 1108.09
Index: 3.3233 116.983 1167.37
Middle: -77.9775 40.6343 1097.89
Ring: -35.0601 39.6537 1097.35
Little: -80.0359 123.641 1147.23
Thumb: 70.9552 131.741 1106.49
Index: 3.70003 116.384 1168.52
Middle: -76.524 40.5871 1099.55
Ring: -33.6064 39.7777 1098.79
Little: -79.7922 128.703 1148.18
Thumb: 64.1575 125.556 1101.07
Index: 7.03737 119.004 1170.06
Middle: -71.6677 38.5433 1104.78
Ring: -28.7897 39.5237 1102.86
Little: -77.0584 126.018 1151.69
Thumb: 62.465 126.788 1109.02
Index: 11.5212 117.845 1170.37
Middle: -66.9532 36.6759 1106.18
Ring: -24.1565 38.7298 1103.45
Little: -72.4673 121.168 1154.91
Thumb: 73.5893 130.41 1105.99
Index: 9.65967 113.542 1173.01
Middle: -63.3086 36.1507 1109.67
Ring: -20.5451 38.7845 1106.93
Little: -70.67 122.486 1156.25
Thumb: 74.4791 132.128 1106.43
Index: 14.3687 110.053 1172.61
Middle: -56.2325 33.7893 1111.55
Ring: -13.7761 38.0995 1106.86
Little: -65.4024 119.883 1158.83
Thumb: 87.4653 132.492 1104.25
Index: 18.1886 108.573 1175.25
Middle: -52.7631 30.4073 1111.25
Ring: -10.17 34.5961 1107.87
Little: -62.1351 114.421 1159.52
Thumb: 94.3286 129.927 1101.51
Index: 28.7895 110.311 1176.94
Middle: -46.2311 30.1643 1113.63
Ring: -3.72911 33.9891 1108.91
Little: -53.876 113.096 1163.58
Thumb: 103.032 140.432 1120.51
Index: 30.2824 103.529 1180.23
Middle: -40.6807 27.7292 1112.87
Ring: 1.97022 31.6507 1110.15
Little: -50.4508 111.782 1163.81
Thumb: 112.439 146.58 1103.73
Index: 37.1107 101.231 1180.53
Middle: -32.2548 25.3956 1113.45
Ring: 10.2487 30.4743 1110.16
Little: -43.8499 109.751 1165.5
Thumb: 108.652 144.914 1096.46
Index: 41.4503 103.077 1181.96
Middle: -24.1307 23.1682 1116.54
Ring: 18.0975 30.1169 1113.13
Little: -42.0396 113.659 1165.4
Thumb: 114.257 150.488 1089.16
Index: 50.1073 104.945 1180.95
Middle: -15.5511 22.4474 1116.65
Ring: 26.3638 30.5468 1112.2
Little: -29.829 101.573 1167.89
Thumb: 120.325 151.838 1091.75
Index: 55.4911 105.08 1181.58
Middle: -8.51433 21.8987 1116.52
Ring: 33.4083 30.1898 1112.39
Little: -23.3403 98.6519 1166.75
Thumb: 125.416 150.265 1094.24
Index: 61.3252 104.122 1181.55
Middle: -1.47288 19.8093 1115.37
Ring: 40.396 28.6843 1112
Little: -21.3124 104.338 1165.52
Thumb: 132.093 160.721 1097.64
Index: 71.1309 108.877 1178.38
Middle: 6.12039 18.0346 1114.75
Ring: 47.6788 27.7194 1110.26
Little: -14.475 103.214 1165.45
Thumb: 94.7841 259.552 1093.37
Index: 75.5434 107.83 1179.89
Middle: 13.4963 16.5851 1115.54
Ring: 54.6237 26.8068 1111.55
Little: -6.20959 95.8935 1165.9
Thumb: 117.134 251.959 1105.95
Index: 81.0847 116.737 1177.84
Middle: 21.9459 22.6004 1113.22
Ring: 63.023 34.5833 1109.82
Little: -4.47638 107.421 1163.29
Thumb: 93.9362 254.44 1146.72
Index: 84.0242 121.605 1178.75
Middle: 30.8253 22.786 1114.07
Ring: 71.2852 36.4296 1109.94
Little: 23.9303 60.8815 1137.68
Thumb: 108.493 257.132 1071.7
Index: 97.7325 143.884 1176.78
Middle: 69.6722 32.4492 1111.98
Ring: 77.5267 37.6618 1110.21
Little: 53.2369 65.6861 1124.77
Thumb: 148.876 221.275 1077.27
Index: 104.556 134.818 1177.58
Middle: 76.7344 29.2031 1112.19
Ring: 81.6541 37.0289 1110.17
Little: 49.3619 66.2967 1124.73
Thumb: 131.426 258.225 1081.6
Index: 107.668 135.955 1178.95
Middle: 81.0046 27.2675 1113.01
Ring: 88.9186 35.9226 1111.86
Little: 54.7494 64.5211 1124.86
Thumb: 120.142 271.895 1089.67
Index: 115.301 133.788 1176.74
Middle: 82.9827 25.2005 1112.19
Ring: 90.7752 32.8573 1110.73
Little: 59.5965 63.0665 1124.95
Thumb: 107.783 277.156 1074.57
Index: 121.433 123.761 1176.86
Middle: 82.365 22.3685 1111.78
Ring: 88.9604 29.2694 1111.82
Little: 61.2097 60.978 1127.04
Thumb: 129.506 261.333 1065.78
Index: 128.359 121.253 1173.27
Middle: 77.0196 21.2738 1113.83
Ring: 80.7489 26.5463 1112.49
Little: 61.155 59.5833 1129.56
Thumb: 136.322 256.5 1058.62
Index: 136.3 115.422 1169.22
Middle: 70.3517 21.3351 1125.29
Ring: 75.2718 24.8997 1115.67
Little: 58.5285 59.6909 1135.76
Thumb: 141.656 116.823 1115.27
Index: 143.501 101.626 1163.57
Middle: 65.4436 23.9539 1142.71
Ring: 64.9094 21.369 1123.09
Little: 50.0109 48.9914 1131.41
Thumb: 155.625 119.54 1099.97
Index: 150.401 101.635 1156.19
Middle: 59.5285 26.5788 1144.19
Ring: 58.743 25.487 1129.87
Little: 50.0652 53.2407 1135.02
Thumb: 148.75 114.902 1102.02
Index: 154.086 98.0624 1146.92
Middle: 54.4251 33.6705 1150.49
Ring: 53.2528 29.2029 1133.49
Little: 48.7885 57.1532 1138.2
Thumb: 160.517 122.891 1090.59
Index: 156.473 104.139 1145.61
Middle: 58.0379 37.9573 1155.3
Ring: 38.6637 42.0208 1156.95
Little: 24.9505 66.1279 1170.55
Thumb: 145.049 124.897 1095.06
Index: 161.336 104.647 1133.62
Middle: 146.551 126.056 1147.63
Ring: 43.4298 42.2664 1158.22
Little: 31.0492 65.32 1174.31
Thumb: 142.521 125.398 1107.64
Index: 152.514 122.944 1111.86
Middle: 146.134 132.542 1140.47
Ring: 47.7084 41.5703 1160.43
Little: 35.2341 64.4177 1177.3
Thumb: 141.308 127.052 1096.71
Index: 138.331 132.879 1094.31
Middle: 145.945 137.271 1134.27
Ring: 51.9168 43.2237 1162.66
Little: 40.3395 65.9156 1180.56
Thumb: 139.559 125.377 1100.78
Index: 149.151 127.437 1101.65
Middle: 146.396 136.714 1130.96
Ring: 52.2423 44.0171 1165.5
Little: 107.036 117.76 1186.83
Thumb: 138.781 125.322 1105.81
Index: 151.212 120.848 1103.24
Middle: 144.107 137.584 1125.11
Ring: 51.5279 46.3669 1167.65
Little: 109.981 116.457 1186.18
Thumb: 137.344 127.405 1118.85
Index: 150.497 122.858 1100.39
Middle: 145.664 139.113 1123.43
Ring: 50.0447 48.0482 1166.62
Little: 110.631 117.53 1185.09
Thumb: 134.055 130.277 1126.06
Index: 149.245 123.864 1096.7
Middle: 154.221 136.255 1124.93
Ring: 52.4736 49.3202 1168.4
Little: 115.356 117.643 1183.88
Thumb: 164.907 136.159 1113.33
Index: 148.667 115.736 1106.33
Middle: 152.065 136.477 1130.33
Ring: 52.0314 45.8385 1139.74
Little: 107.994 119.349 1185.58
Thumb: 160.491 132.258 1112.68
Index: 159.15 108.014 1109.99
Middle: 160.197 121.529 1138.39
Ring: 53.7396 46.2895 1141.6
Little: 113.771 119.184 1185.1
Thumb: 158.03 130.783 1115.92
Index: 154.197 128.811 1096.86
Middle: 160.39 119.219 1140.43
Ring: 53.4803 45.686 1142.38
Little: 113.564 118.27 1186.17
Thumb: 158.333 131.354 1115.22
Index: 156.177 125.092 1099.75
Middle: 160.592 118.085 1141.01
Ring: 54.2405 46.048 1142.16
Little: 114.317 119.047 1186.51
Thumb: 159.52 133.449 1114.02
Index: 139.147 139.193 1088.29
Middle: 154.279 131.425 1134.6
Ring: 53.6328 46.1998 1143.67
Little: 113.833 119.116 1187.46
Thumb: 157.583 132.069 1115.3
Index: 141.928 136.653 1091.08
Middle: 153.265 130.42 1135.12
Ring: 52.3872 45.4057 1144.2
Little: 113.235 119.835 1187.97
Thumb: 158.773 132.281 1113.93
Index: 142.82 135.699 1091.42
Middle: 155.408 123.246 1138.5
Ring: 52.3926 45.199 1144.69
Little: 113.224 120.288 1187.85
Thumb: 162.335 129.396 1110.88
Index: 143.728 131.056 1092.31
Middle: 154.937 115.56 1140.99
Ring: 49.8669 43.2216 1145.56
Little: 112.311 115.4 1188.59
Thumb: 159.366 126.006 1089.22
Index: 146.631 130.679 1099.35
Middle: 145.661 132.559 1139.37
Ring: 45.5106 42.2097 1147.2
Little: 103.193 114.812 1192.14
Thumb: 132.722 117.631 1121.44
Index: 145.329 124.973 1101.12
Middle: 144.587 126.891 1141.29
Ring: 41.2523 40.6593 1149.52
Little: 100.188 112.662 1193.53
Thumb: 170.556 127.802 1082.2
Index: 146.321 123.488 1106.08
Middle: 141.994 126.945 1145.02
Ring: 38.774 41.2047 1150.25
Little: 96.3754 113.741 1195.93
Thumb: 174.635 138.671 1075.68
Index: 123.107 125.348 1099.1
Middle: 139.327 120.536 1153.33
Ring: 34.6594 41.1189 1150.4
Little: 90.2482 114.504 1198.04
Thumb: 157.975 120.446 1101.32
Index: 116.772 123.803 1099.98
Middle: 136.27 117.09 1152.77
Ring: 31.7671 41.2906 1152.35
Little: 87.1052 114.125 1199
Thumb: 142.273 129.304 1096.31
Index: 129.121 121.229 1109.89
Middle: 139.188 108.815 1163.08
Ring: 30.0181 37.4083 1156.89
Little: 84.387 112.443 1201.54
Thumb: 145.183 132.615 1093.28
Index: 120.789 122.475 1107.01
Middle: 136.724 108.916 1165.39
Ring: 29.3404 35.9816 1156.61
Little: 81.565 112.13 1202.09
Thumb: 145.833 132.1 1090.52
Index: 107.432 120.763 1103.02
Middle: 133 102.782 1172.38
Ring: 26.9353 34.9494 1157.53
Little: 76.9218 108.886 1202.74
Thumb: 136.187 113.823 1096.7
Index: 135.353 115.292 1126.26
Middle: 128.532 99.0174 1174.93
Ring: 21.0527 28.1989 1166.67
Little: 71.8169 102.597 1203.08
Thumb: 119.872 104.756 1094.02
Index: 112.685 124.409 1104.22
Middle: 126.779 98.1844 1172.57
Ring: 18.5635 29.2246 1168.79
Little: 70.5674 102.503 1200.95
Thumb: 112.998 99.4588 1086.67
Index: 123.874 122.715 1106.83
Middle: 128.928 101.062 1163.56
Ring: 18.805 30.4802 1167.45
Little: 33.7448 49.6775 1154.1
Thumb: 112.654 98.3563 1076.45
Index: 106.119 120.885 1095.29
Middle: 123.219 90.2919 1165.37
Ring: 12.3451 30.0752 1166.58
Little: 36.1747 60.2983 1160.67
Thumb: 108.959 97.8894 1075.53
Index: 122.629 117.729 1110.62
Middle: 120.84 91.2821 1165.93
Ring: 11.854 27.298 1166.09
Little: 35.5324 58.1994 1158.79
Thumb: 113.081 102.01 1075.43
Index: 120.689 116.701 1114.67
Middle: 115.914 90.8995 1169.03
Ring: 8.34714 24.7914 1164.5
Little: 31.7151 55.9482 1158.06
Thumb: 105.042 95.382 1088.38
Index: 120.978 113.909 1116.01
Middle: 113.445 90.4239 1167.8
Ring: 5.39038 25.9375 1163.2
Little: 28.6605 56.9823 1156.38
Thumb: 111.426 92.4585 1069.08
Index: 114.311 117.526 1112.35
Middle: 109.857 91.1671 1168.96
Ring: 2.0231 25.4874 1161.09
Little: 25.7702 56.8669 1155.46
Thumb: 101.631 98.546 1070.83
Index: 93.969 118.356 1098.77
Middle: 102.46 92.178 1171.03
Ring: -2.42844 23.8821 1154.37
Little: 13.3602 54.442 1158.59
Thumb: 103.562 104.24 1057.18
Index: 83.9377 115.179 1091.9
Middle: 101.416 94.2962 1168.13
Ring: -2.94296 21.0741 1153.43
Little: 11.1333 51.5334 1158.58
Thumb: 89.2619 89.9582 1057.34
Index: 79.5013 112.277 1087.78
Middle: 93.3303 93.1911 1166.15
Ring: -19.3871 38.1385 1153.19
Little: -9.24027 55.2291 1143.84
Thumb: 91.0697 82.3883 1043.93
Index: 98.6962 93.3483 1129.4
Middle: -25.1509 34.4313 1144.66
Ring: -27.7861 40.511 1150.57
Little: -25.03 60.7763 1147.87
Thumb: 86.2458 82.9744 1036.38
Index: 9.52659 37.6349 1126.21
Middle: -19.6286 38.9686 1148.6
Ring: -39.4787 47.6824 1149.29
Little: -31.2959 64.2003 1143.52
Thumb: 86.3447 86.5961 1026.52
Index: 2.53944 38.4116 1126.33
Middle: -25.864 41.2431 1148.81
Ring: -43.3021 51.6508 1151.76
Little: -32.7242 67.1805 1146.3
Thumb: 84.6615 80.4964 1034.15
Index: -3.01461 41.9292 1129.63
Middle: -25.7476 37.2455 1144.17
Ring: -39.2184 52.2237 1152.61
Little: -34.6399 72.4999 1147.89
Thumb: 88.9292 76.6958 1039.18
Index: -14.6799 42.2052 1130.04
Middle: -28.5823 38.6883 1144.21
Ring: -34.3888 47.2334 1144.59
Little: -38.5976 76.3791 1146.99
Thumb: 83.0485 75.6866 1029.95
Index: -21.4866 44.6075 1130.56
Middle: -31.2185 36.6953 1140.77
Ring: -39.7463 50.015 1143.66
Little: -40.4054 80.226 1146.61
Thumb: 78.5404 66.8965 1040.04
Index: -13.7635 47.8798 1132.48
Middle: -21.9466 44.3301 1143.04
Ring: -39.8538 50.9392 1143.31
Little: -42.2206 81.2732 1144.84
Thumb: 79.8689 58.4853 1053.13
Index: -21.4281 53.2711 1135.57
Middle: -37.6333 47.6747 1145.2
Ring: -40.997 53.1163 1139.45
Little: -48.0304 89.9205 1144.66
Thumb: 79.2571 46.5186 1071.63
Index: -43.1442 56.772 1125.89
Middle: -46.4033 57.5582 1145.8
Ring: 4.5716 88.9546 1176.94
Little: -55.0572 104.611 1137.27
Thumb: 124.344 65.2712 1064.98
Index: -34.4328 44.0598 1127.07
Middle: -36.7251 52.7588 1144.1
Ring: 11.0349 95.0464 1177.31
Little: -51.4753 113.584 1143.16
Thumb: 121.471 69.1693 1068.14
Index: -34.4141 46.9197 1117.81
Middle: -37.771 55.4192 1135.89
Ring: 4.14401 90.0855 1173.74
Little: -51.4981 117.044 1139.67
Thumb: 122.253 70.4624 1073.05
Index: -31.88 42.9143 1116.78
Middle: -40.4372 57.7664 1136.51
Ring: 3.1008 91.4065 1173.98
Little: -51.2 121.192 1141.63
Thumb: 107.131 66.8332 1091
Index: -32.8643 46.7755 1125.43
Middle: 20.0098 81.7165 1176.96
Ring: 14.9748 104.754 1181.33
Little: -50.5355 127.891 1147.18
Thumb: 98.725 65.2565 1097.23
Index: -25.9104 49.9013 1129.11
Middle: 21.7644 91.175 1170.68
Ring: 14.9884 109.682 1180.48
Little: -51.4579 133.044 1143.93
Thumb: 91.2567 65.7011 1098.8
Index: -24.5362 52.4367 1133.33
Middle: 17.5463 88.8216 1174.15
Ring: 14.5707 111.264 1179.87
Little: -51.0832 136.496 1143.63
Thumb: 90.6447 125.453 1154.54
Index: -2.33379 61.8763 1139.59
Middle: 11.9042 86.87 1176
Ring: 13.5103 112.405 1179.44
Little: -52.0407 138.221 1142.28
Thumb: 102.666 89.14 1130.8
Index: -16.405 58.1907 1147.74
Middle: 15.1013 93.7988 1178.64
Ring: 11.5642 116.44 1181.92
Little: -51.4395 142.225 1144.35
Thumb: 61.3592 70.1343 1117.22
Index: -11.4145 60.4562 1151.02
Middle: 13.2884 95.0504 1178.96
Ring: 10.8487 118.395 1181.83
Little: -53.2958 143.02 1143.27
Thumb: 76.219 80.4634 1133.24
Index: -21.9605 58.9205 1146.87
Middle: 14.6463 95.544 1176.79
Ring: 8.34133 117.154 1179.11
Little: -53.5005 145.863 1139.39
Thumb: 86.2139 65.7576 1121.91
Index: -21.032 61.2684 1150.92
Middle: 11.6737 97.4896 1179.68
Ring: 8.33235 120.503 1180.39
Little: -53.8048 147.698 1138.23
Thumb: 73.4296 77.3791 1132.04
Index: -21.936 64.3215 1154.37
Middle: 5.08169 99.6915 1181.39
Ring: 5.234 124.189 1181.84
Little: -57.006 150.923 1136.24
Thumb: 90.6663 70.3015 1112
Index: -23.847 67.8513 1152.66
Middle: -15.6043 96.599 1179.16
Ring: 3.26171 129.588 1181.61
Little: -61.2207 151.562 1129.66
Thumb: 90.541 70.8147 1125.07
Index: -30.3466 69.957 1155.95
Middle: -21.6498 102.084 1183.02
Ring: 0.723731 136.541 1184.48
Little: -63.986 154.197 1127.86
Thumb: 83.049 68.1656 1136.79
Index: -34.0976 79.8745 1162.85
Middle: -21.7798 114.161 1187.85
Ring: -4.19981 145.369 1184.92
Little: -67.0453 158.762 1120.83
Thumb: -0.612743 97.9492 1116.87
Index: -38.7523 87.8999 1165.21
Middle: -23.0784 123.147 1189.9
Ring: -9.6018 151.444 1185.24
Little: -68.6053 162.652 1117.88
Thumb: 0.277853 78.752 1120.6
Index: -2.04739 110.459 1161.33
Middle: -24.6686 138.865 1195.66
Ring: -11.1574 165.5 1185.11
Little: -75.5977 162.674 1111.11
Thumb: -1.21272 77.2363 1123.67
Index: -11.4263 110.721 1171.28
Middle: -10.1171 146.209 1196.16
Ring: -18.8795 165.559 1189.1
Little: -77.5146 163.182 1112.87
Thumb: -1.86224 78.3583 1123.6
Index: -9.39663 111.697 1173.81
Middle: -12.7761 145.554 1199.25
Ring: -20.37 165.242 1191.69
Little: -78.2817 163.269 1115.22
Thumb: -1.06001 82.5255 1125.17
Index: -9.30958 109.867 1174.77
Middle: -13.488 142.737 1200.15
Ring: -12.9841 165.464 1192.3
Little: -80.3323 159.358 1116.38
Thumb: -0.486654 77.5581 1125.27
Index: -10.9999 107.739 1177.24
Middle: -15.718 138.976 1203.21
Ring: -17.3175 161.351 1195.92
Little: -81.6276 154.595 1118.98
Thumb: -2.06301 71.73 1123.55
Index: -8.86214 100.291 1176.06
Middle: -18.2017 130.667 1203.43
Ring: -18.637 153.431 1196.76
Little: -81.3284 151.786 1118.78
Thumb: -0.110405 72.2527 1122.32
Index: -9.21922 94.011 1175.54
Middle: -19.2958 123.024 1203.34
Ring: -19.6979 145.952 1197.78
Little: -81.1864 145.295 1119.3
Thumb: -0.1408 69.8672 1121.64
Index: -10.1788 87.9844 1170.83
Middle: -22.3153 116.162 1201.2
Ring: -18.2659 141.652 1194.6
Little: -82.4414 136.329 1116.35
Thumb: -2.9067 65.5934 1114.45
Index: -31.3596 82.7881 1180.71
Middle: -19.2787 107.325 1200.75
Ring: -22.0623 129.959 1196.9
Little: -78.8361 128.663 1118.25
Thumb: -4.25817 59.2853 1108.09
Index: -42.2713 73.0632 1173.8
Middle: -22.4927 93.0743 1198.54
Ring: -23.5977 116.206 1195.26
Little: -78.9109 120.634 1117.44
Thumb: -36.8935 100.94 1113.18
Index: -31.1772 90.3975 1177.87
Middle: -30.7135 131.087 1196.23
Ring: -21.3729 151.668 1190.46
Little: -57.7366 189.81 1109.47
Thumb: -37.086 104.673 1110.79
Index: -35.2478 91.2895 1178.22
Middle: -39.064 132.28 1194.36
Ring: -26.4648 151.454 1189.04
Little: -61.203 192.935 1114.58
Thumb: -37.1057 103.93 1108.39
Index: -44.7013 102.813 1183.82
Middle: -36.867 132.48 1194.98
Ring: -24.5341 151.335 1189
Little: -61.015 193.135 1116.83
Thumb: -35.0026 107.353 1108.43
Index: -41.148 94.3145 1182.35
Middle: -39.9001 126.748 1195.19
Ring: -31.9838 146.767 1189.1
Little: -14.3827 176.981 1170.46
Thumb: -38.1801 106.044 1108.38
Index: -44.8474 95.9003 1180.52
Middle: -40.6708 125.843 1193.49
Ring: -33.5538 146.66 1187.65
Little: -66.4883 189.334 1114.27
Thumb: -38.4604 105.797 1107.72
Index: -33.4304 87.0968 1171.58
Middle: -40.6217 128.757 1192.36
Ring: -33.0685 146.882 1186.24
Little: -66.7762 188.734 1111.06
Thumb: -45.8502 102.99 1104.96
Index: -37.4411 88.2388 1170.34
Middle: -43.1435 126.336 1190.72
Ring: -31.0342 144.004 1185.18
Little: -69.0718 189.416 1115.56
Thumb: -42.2431 102.277 1102.52
Index: -40.0275 89.823 1168.88
Middle: -43.2175 128.45 1188.35
Ring: -35.0465 144.472 1182.31
Little: -71.4374 188.405 1111.78
Thumb: -43.5803 100.885 1100.81
Index: -40.6306 88.9859 1168.45
Middle: -42.1909 125.629 1187.68
Ring: -36.8174 143.069 1181.4
Little: -22.4337 174.636 1162.92
Thumb: -43.0492 78.4403 1089
Index: -30.6401 73.5634 1159.87
Middle: -44.9751 111.687 1182.43
Ring: -41.2875 129.825 1177.62
Little: -33.9231 163.949 1161.44
Thumb: -43.2921 77.0791 1082.69
Index: -42.1815 81.5785 1167.89
Middle: -43.9268 113.963 1182.74
Ring: -41.2765 137.112 1177.97
Little: -34.8532 166.715 1160.27
Thumb: -39.6937 73.9378 1083.01
Index: -43.2325 83.989 1165.23
Middle: -44.756 116.53 1179.27
Ring: -41.7764 139.143 1173.76
Little: -34.9472 169.024 1155.16
Thumb: -41.6657 76.185 1081.05
Index: -43.3865 85.4328 1164.17
Middle: -45.2662 118.637 1178.32
Ring: -42.9212 141.246 1172.75
Little: -32.6661 171.144 1154.22
Thumb: -42.21 66.9828 1076.93
Index: -52.4788 93.2024 1164.62
Middle: -46.4494 121.86 1177.18
Ring: -39.0649 141.295 1171.01
Little: -32.3208 173.179 1151.32
Thumb: -44.67 70.8976 1076.19
Index: -54.7323 96.8018 1164.06
Middle: -49.1899 126.397 1175.77
Ring: -40.8081 145.561 1169.22
Little: -34.6118 176.596 1148.82
Thumb: -43.6085 70.6569 1075.29
Index: -56.0719 99.1982 1164.16
Middle: -45.9757 125.713 1176.27
Ring: -40.113 146.315 1169.54
Little: -33.1408 177.945 1149.24
Thumb: -45.6487 74.0182 1074.51
Index: -58.327 100.92 1162.81
Middle: -45.7068 125.775 1174.92
Ring: -42.9543 147.477 1167.95
Little: -35.355 179.077 1147.61
Thumb: -43.2289 73.512 1075.22
Index: -56.6568 99.1023 1163.02
Middle: -48.0462 126.514 1174.87
Ring: -43.5331 146.802 1167.94
Little: -36.1383 178.485 1147.57
Thumb: -46.668 66.759 1076.18
Index: -59.0178 105.239 1165.63
Middle: -47.406 131.511 1176.38
Ring: -44.3046 153.459 1168.35
Little: -35.5598 183.055 1146.6
Thumb: -46.7672 68.0662 1081.85
Index: -58.0735 104.898 1168.77
Middle: -48.6901 132.511 1179.25
Ring: -43.5173 153.277 1171.35
Little: -34.8852 183.252 1149.53
Thumb: -46.8222 68.8671 1086.86
Index: -57.5002 106.765 1173.88
Middle: -48.5423 134.921 1183.75
Ring: -42.3486 154.722 1175.54
Little: -33.9515 184.768 1153.11
Thumb: -47.0262 68.6527 1095.18
Index: -56.6976 107.902 1183.04
Middle: -50.5877 138.895 1191.52
Ring: -38.7641 154.901 1183.22
Little: -31.6883 184.516 1159.76
Thumb: -48.6966 69.8426 1106.08
Index: -55.6582 113.44 1191.93
Middle: -47.6646 143.925 1199.06
Ring: -35.3956 159.224 1189.85
Little: -28.9431 187.809 1165.04
Thumb: -51.7306 74.5588 1120.19
Index: -106.601 156.222 1133.93
Middle: -45.6696 157.391 1204.65
Ring: -34.0647 172.103 1193.75
Little: -21.9631 195.104 1166.61
Thumb: -52.5832 78.7797 1131.33
Index: -43.8721 130.685 1205.38
Middle: -39.4865 167.809 1205.76
Ring: -26.7614 180.22 1193.59
Little: 4.16395 198.555 1153.38
Thumb: -49.0709 86.1225 1145.04
Index: -39.9748 148.178 1208.72
Middle: -25.7769 179.11 1208.53
Ring: -12.861 190.442 1195.72
Little: -1.75373 209.316 1165.31
Thumb: -38.0937 107.924 1156.68
Index: -35.9755 159.759 1208.22
Middle: -19.9384 192.089 1210
Ring: -4.16994 199.478 1196.85
Little: -4.41175 217.145 1158.78
Thumb: -31.1872 115.683 1167.98
Index: -29.585 130.987 1168.45
Middle: 0.942626 193.637 1211.83
Ring: 15.1462 205.944 1196.99
Little: 21.7189 224.78 1158.63
Thumb: -26.578 121.01 1173.61
Index: -24.2569 136.14 1172.32
Middle: 6.78798 200.036 1213.44
Ring: 21.7951 211.385 1198.15
Little: 45.2959 214.574 1163.07
Thumb: -23.5838 124.92 1178.69
Index: -20.0322 140.531 1177.02
Middle: 13.522 204.301 1216.08
Ring: 26.0448 217.579 1199.72
Little: 57.7358 211.977 1160.99
Thumb: -15.4493 129.685 1179.37
Index: -12.0058 146.791 1179.16
Middle: 27.5481 212.308 1213.68
Ring: 38.5632 222.484 1195.46
Little: 59.2571 222.559 1160.89
Thumb: -9.78501 131.796 1179.15
Index: -6.96123 149.45 1181.88
Middle: 30.2438 217.039 1212.98
Ring: 38.4056 226.266 1196.08
Little: 63.9752 220.773 1155.85
Thumb: -4.67448 132.07 1177.69
Index: -2.84246 150.588 1179.48
Middle: 38.0925 216.543 1212.03
Ring: 48.6432 222.25 1194.07
Little: 67.5374 216.712 1146.38
Thumb: -3.40559 130.474 1177.27
Index: 1.34483 151.99 1177.91
Middle: 41.8953 218.209 1210.66
Ring: 53.5132 222.095 1191.47
Little: 72.5884 216.067 1143.31
Thumb: 0.731975 126.812 1172.28
Index: 4.60447 151.563 1178.77
Middle: 41.8847 213.592 1210.94
Ring: 50.4411 220.917 1191.56
Little: 50.7134 237.361 1155.21
Thumb: 5.34875 122.652 1167.16
Index: 9.07675 150.125 1176.29
Middle: 45.6276 212.059 1206.76
Ring: 53.6215 217.377 1188.6
Little: 58.1142 232.744 1153.49
Thumb: 12.8432 118.442 1162.76
Index: 14.3046 144.234 1174.26
Middle: 45.2384 213.618 1203.87
Ring: 54.9915 214.003 1186.68
Little: 49.1027 233.955 1150.32
Thumb: 17.1134 113.741 1157.46
Index: 16.8465 138.828 1168.64
Middle: 44.8315 208.607 1201.31
Ring: 48.3579 213.973 1183.76
Little: 51.3723 229.654 1148.62
Thumb: 20.2221 108.778 1153.74
Index: 18.6012 129.706 1166.86
Middle: 40.8519 205.434 1201.05
Ring: 48.6069 211.072 1182.96
Little: 22.9068 227.515 1131.44
Thumb: 21.2607 105.915 1152.33
Index: 20.7089 131.024 1166.69
Middle: 40.8809 204.109 1199.89
Ring: 49.2545 209.451 1182.16
Little: 25.0004 224.595 1131.13
Thumb: 23.9882 107.358 1150.8
Index: 24.7347 130.946 1163.18
Middle: 45.2748 199.994 1199.21
Ring: 54.4445 212.694 1181.91
Little: 36.2213 225.835 1138.55
Thumb: 26.0216 103.741 1147.15
Index: 24.9647 123.016 1157.75
Middle: 51.8581 192.216 1194.04
Ring: 60.7063 204.325 1177.4
Little: 54.6836 217.159 1144.28
Thumb: 24.6711 104.544 1150.37
Index: 25.5269 122.199 1156.58
Middle: 56.979 194.062 1189.45
Ring: 66.319 200.871 1174.06
Little: 56.9681 216.508 1138.97
Thumb: 23.5422 104.315 1149.51
Index: 25.8198 120.277 1157.46
Middle: 56.7386 192.229 1188.17
Ring: 67.648 195.43 1174.38
Little: 59.8763 213.823 1138.92
Thumb: 22.1081 104.486 1151.35
Index: 26.048 120.048 1159.13
Middle: 58.8546 192.483 1186.75
Ring: 67.278 195.055 1173.8
Little: 59.0817 214.499 1137.57
Thumb: 20.6152 104.465 1151.62
Index: 25.6265 119.604 1158.85
Middle: 61.0658 193.045 1185.28
Ring: 65.5966 194.384 1174.25
Little: 58.9445 218.327 1133.98
Thumb: 20.2996 104.653 1153.08
Index: 25.427 118.982 1160.7
Middle: 58.5332 193.483 1184.91
Ring: 63.9704 195.606 1172.65
Little: 56.2693 218.992 1130.52
Thumb: 20.7535 104.767 1153.3
Index: 25.7178 119.327 1161.56
Middle: 60.4335 194.256 1184.17
Ring: 64.3579 195.676 1172.68
Little: 54.9525 218.221 1130.48
Thumb: -5.05353 79.5198 1164.42
Index: 23.8648 119.244 1160.39
Middle: 62.0149 195.13 1182.02
Ring: 64.2394 196.396 1171.46
Little: 56.2812 217.163 1130.24
Thumb: -10.6942 78.6068 1166
Index: 24.6299 116.696 1162.98
Middle: 60.5169 194.786 1181.27
Ring: 61.7216 194.931 1171.68
Little: 63.9214 208.611 1135.06
Thumb: -12.7967 79.0149 1165.82
Index: 24.8854 117.483 1164.03
Middle: 59.8246 195.39 1180.79
Ring: 60.9284 194.476 1171.62
Little: 64.2604 208.261 1134.63
Thumb: -15.5128 78.8311 1162.32
Index: 15.4589 108.131 1152.56
Middle: 52.0131 192.439 1183.43
Ring: 52.9758 191.7 1174.34
Little: 55.9752 206.041 1138.27
Thumb: -14.3828 80.4885 1159.43
Index: 14.4818 106.239 1152.7
Middle: 50.386 190.945 1185.17
Ring: 49.628 188.737 1177.19
Little: 28.7834 214.091 1128.2
Thumb: -14.2248 81.1274 1158.39
Index: 16.2026 105.968 1153.68
Middle: 51.7438 192.996 1182.66
Ring: 54.7462 194.319 1172.24
Little: 30.5788 213.841 1128.44
Thumb: -13.9871 81.8039 1157.45
Index: 15.8496 105.577 1152.43
Middle: 50.9402 192.685 1182.66
Ring: 54.5095 192.462 1172.83
Little: 25.4809 213.558 1126.14
Thumb: -13.8489 82.1996 1157.16
Index: 13.2171 110.607 1149.69
Middle: 50.5263 193.87 1182.25
Ring: 53.2729 192.886 1173.18
Little: 51.6992 207.572 1137.38
Thumb: -15.3911 80.9925 1156.37
Index: 14.7516 107.81 1152.54
Middle: 49.6408 193.251 1182.84
Ring: 51.9628 192.515 1173.8
Little: 50.5787 206.614 1138.47
Thumb: -15.0895 81.5527 1157.25
Index: 14.5265 107.358 1152.58
Middle: 49.496 192.694 1183.14
Ring: 51.8667 192.065 1173.93
Little: 47.7623 208.386 1137.51
Thumb: -15.0376 82.2648 1157.34
Index: 14.5465 107.38 1152.67
Middle: 49.1291 193.17 1183.07
Ring: 48.3674 189.692 1175.96
Little: 48.209 206.614 1138.42
Thumb: -14.378 83.6436 1158.86
Index: 14.6323 104.814 1154.5
Middle: 48.7808 189.753 1184.9
Ring: 47.5658 187.196 1177.39
Little: 51.4478 203.576 1140.18
Thumb: -14.9701 84.6936 1158.75
Index: 12.847 112.137 1154.3
Middle: 44.6459 185.744 1190.31
Ring: 47.5539 187.614 1178.64
Little: 49.185 205.096 1141.06
Thumb: -16.372 81.4549 1156.88
Index: 11.6898 120.398 1153.66
Middle: 50.8478 194.174 1191.25
Ring: 51.3421 192.897 1183.1
Little: 35.0178 210.674 1133.82
Thumb: -9.39899 84.8127 1163.78
Index: 10.8957 120.955 1154.99
Middle: 49.7168 195.666 1191.95
Ring: 48.4451 192.364 1185.11
Little: 32.7582 211.132 1134.43
Thumb: -12.865 83.0153 1167.85
Index: 15.3533 125.477 1157.9
Middle: 43.0229 188.263 1200.64
Ring: 50.9274 192.684 1185.73
Little: 32.0067 214.08 1134.88
Thumb: -9.7861 84.1421 1167.83
Index: 20.3727 133.843 1160.2
Middle: 44.1153 189.801 1200.41
Ring: 52.6457 192.978 1185.27
Little: 45.76 207.691 1134.72
Thumb: -7.09458 83.6824 1161.84
Index: 21.905 133.108 1159.88
Middle: 44.9198 191.101 1198.91
Ring: 52.214 194.057 1184.57
Little: 49.3135 205.698 1133.96
Thumb: 13.2051 84.7868 1163.91
Index: 24.1714 136.303 1158
Middle: 54.1575 190.864 1196.51
Ring: 59.6967 198.645 1180.56
Little: 54.9094 207.155 1134.71
Thumb: 9.90343 63.2668 1156.3
Index: 25.9641 131.014 1158.6
Middle: 48.7729 185.858 1203.64
Ring: 54.5765 190.657 1189.3
Little: 50.4687 206.225 1142.66
Thumb: 14.6498 59.7457 1153.59
Index: 32.5795 126.081 1161.52
Middle: 46.0383 184.301 1202.82
Ring: 42.9076 185.663 1190.42
Little: 53.1217 201.777 1140.85
Thumb: 16.8153 57.3194 1151.51
Index: 33.5153 119.042 1154.37
Middle: 47.7235 181.361 1201.41
Ring: 45.1243 183.432 1188.9
Little: 53.8061 200.539 1138.66
Thumb: 20.5349 53.7462 1146.54
Index: 35.7552 112.267 1150.39
Middle: 42.7882 174.234 1203.84
Ring: 44.6042 179.453 1189.18
Little: 57.8332 195.543 1137.43
Thumb: 27.1706 56.9522 1147.52
Index: 35.7931 111.774 1149.36
Middle: 37.3945 164.771 1206.9
Ring: 46.3385 178.861 1189.53
Little: 47.0152 202.72 1142.34
Thumb: 30.2658 54.7697 1145.16
Index: 34.9847 111.379 1145.9
Middle: 38.5107 165.505 1206.89
Ring: 47.5599 178.586 1189.64
Little: 49.9175 202.389 1142.11
Thumb: 32.677 55.1185 1142.53
Index: 39.9561 107.868 1144.81
Middle: 41.3931 164.449 1207.8
Ring: 47.7524 176.511 1191.5
Little: 48.22 202.298 1145.46
Thumb: 23.6635 27.5699 1134.81
Index: 37.9194 118.256 1139.9
Middle: 40.396 163.764 1205.26
Ring: 50.64 177.169 1189.2
Little: 55.5042 202.227 1140.83
Thumb: 29.2277 28.9297 1135.64
Index: 39.3545 117.896 1139.11
Middle: 40.6407 162.339 1204.86
Ring: 53.2558 175.796 1188.59
Little: 59.5085 200.365 1140.31
Thumb: 38.0385 31.4835 1131.55
Index: 43.5162 110.577 1137.57
Middle: 31.3375 159.093 1206.59
Ring: 47.1633 170.28 1192.33
Little: 63.766 193.858 1158.55
Thumb: 41.2655 32.451 1131.01
Index: 45.2256 109.737 1136.47
Middle: 33.7148 158.796 1206.16
Ring: 48.9324 171.06 1192.05
Little: 66.2896 191.162 1158.15
Thumb: 43.8443 28.9218 1132.93
Index: 42.4795 106.445 1138.1
Middle: 36.7392 152.529 1206.4
Ring: 46.6523 168.433 1192.08
Little: 60.5725 189.945 1160.16
Thumb: 44.3978 26.1123 1130.13
Index: 40.5843 102.278 1132.74
Middle: 32.1639 146.278 1206.54
Ring: 37.2008 161.942 1192.91
Little: 56.705 187.044 1162.39
Thumb: 109.311 81.1564 1061.32
Index: 100.924 77.8911 1088.05
Middle: 158.929 60.6181 1148.69
Ring: 165.584 81.837 1130.35
Little: 163.518 125.289 1120.09
Thumb: 110.578 113.986 1084.52
Index: 110.35 97.9455 1049.97
Middle: 196.866 94.0906 1121.87
Ring: 192.129 123.633 1067.56
Little: 144.822 175.639 1059.48
Thumb: 93.8763 107.787 1099.33
Index: 108.516 94.2904 1063.84
Middle: 160.541 96.756 1168.53
Ring: 176.124 126.207 1111.83
Little: 144.343 170.843 1092.81
Thumb: 89.8518 101.011 1099.45
Index: 100.569 95.2133 1063.78
Middle: 163.169 102.701 1160.3
Ring: 170.197 119.2 1120.59
Little: 151.149 162.339 1101.76
Thumb: 66.7834 58.7333 1104.21
Index: 106.684 82.0789 1061.19
Middle: 144.068 102.846 1039.74
Ring: 148.628 90.7952 1138.3
Little: 136.615 152.513 1080.21
Thumb: 67.8996 67.1714 1097.83
Index: 73.5494 78.545 1048.69
Middle: 120.359 111.267 1023.24
Ring: 146.862 85.1633 1120.01
Little: 140.219 145.679 1071.97
Thumb: 60.5754 64.217 1095.39
Index: 66.5891 78.9452 1042.37
Middle: 104.135 112.588 1018.84
Ring: 122.76 122.177 1040.56
Little: 140.71 116.286 1115.75
Thumb: 60.8975 62.9448 1099.43
Index: 73.3236 79.7174 1020.86
Middle: 98.9215 109.661 1020.39
Ring: 132.016 111.559 1043.12
Little: 136.569 110.417 1118.79
Thumb: 61.4759 63.9977 1096.72
Index: 70.1237 80.1175 1022.02
Middle: 107.489 108.872 1015.7
Ring: 94.7094 137.392 1061.94
Little: 134.566 107.717 1123.74
Thumb: 61.5805 64.2239 1092.68
Index: 67.0031 82.8371 1019.22
Middle: 103.429 112.329 1012.33
Ring: 93.778 132.98 1070.82
Little: 134.953 108.316 1120.57
Thumb: 61.5687 63.1823 1091.71
Index: 66.7196 81.7372 1015.21
Middle: 94.854 112.697 1008.16
Ring: 92.2758 132.469 1067.66
Little: 135.35 109.192 1116.29
Thumb: 61.852 65.4745 1086.09
Index: 65.6744 81.5995 1014.22
Middle: 93.0158 112.716 1006.23
Ring: 88.9308 130.697 1064.9
Little: 136.028 111.275 1113.37
Thumb: 60.5815 66.6314 1081.91
Index: 67.6994 84.1674 1006.08
Middle: 83.3091 115.584 1002.7
Ring: 86.3057 132.805 1061.45
Little: 136.991 112.324 1105.86
Thumb: 57.2803 65.1926 1075.86
Index: 67.886 85.5979 1003.48
Middle: 75.7414 115.108 1000.45
Ring: 83.5798 132.708 1055.96
Little: 137.736 116.842 1099.62
Thumb: 57.8207 67.2957 1076.15
Index: 66.9473 85.659 1001.03
Middle: 78.1422 116.431 996.662
Ring: 82.9329 134.526 1053.55
Little: 138.003 119.084 1095.46
Thumb: 56.4336 68.084 1074.67
Index: 64.2147 87.84 997.953
Middle: 78.6346 117.348 992.887
Ring: 82.2664 134.587 1052.96
Little: 137.463 116.804 1091.44
Thumb: 54.5867 70.4796 1070.87
Index: 61.9055 90.0023 995.008
Middle: 75.6617 117.815 990.343
Ring: 81.3855 134.041 1050.61
Little: 136.814 115.72 1088.24
Thumb: 53.9398 69.0714 1067.82
Index: 61.653 90.4545 991.365
Middle: 75.1229 118.456 986.718
Ring: 85.1382 135.064 1025.82
Little: 136.071 115.945 1084.53
Thumb: 53.711 69.3979 1065.31
Index: 59.5857 91.55 988.056
Middle: 72.7757 119.681 983.535
Ring: 90.0088 137.266 1005.04
Little: 135.513 116.538 1079.67
Thumb: 52.6646 68.404 1061.69
Index: 61.9215 90.1377 984.369
Middle: 76.4363 118.341 979.335
Ring: 82.6606 135.947 1008.35
Little: 134.668 116.478 1075.74
Thumb: 52.3009 67.6846 1060.29
Index: 58.6081 89.4834 983.879
Middle: 74.0118 117.9 978.661
Ring: 82.2756 135.765 1007.16
Little: 133.81 117.456 1074.96
Thumb: 51.1958 66.4543 1060.24
Index: 58.4423 90.0413 981.691
Middle: 70.502 118.454 977.308
Ring: 81.6869 136.383 1001.92
Little: 132.342 117.244 1073.53
Thumb: 52.7133 68.2539 1058.74
Index: 60.5933 89.4314 980.094
Middle: 70.8727 117.962 975.161
Ring: 85.3257 136.848 995.145
Little: 131.613 118.081 1071.88
Thumb: 52.8875 68.3713 1058.3
Index: 57.5442 89.4164 979.045
Middle: 69.2658 117.893 974.25
Ring: 79.1978 136.861 996.44
Little: 131.34 117.046 1070.66
Thumb: 54.0314 67.0638 1058.63
Index: 61.2299 89.3713 978.116
Middle: 68.7406 118.134 973.589
Ring: 78.6838 136.971 995.953
Little: 131.676 120.708 1069.89
Thumb: 52.7962 66.7528 1060.23
Index: 62.9666 87.5985 978.907
Middle: 68.7476 116.082 973.82
Ring: 81.1434 135.202 994.979
Little: 132.383 119.692 1070.33
Thumb: 52.4437 67.9781 1059.62
Index: 58.5477 88.8847 979.839
Middle: 74.943 117.416 973.095
Ring: 80.1769 136.201 997.729
Little: 132.301 120.048 1071.25
Thumb: 51.5964 68.6984 1058.48
Index: 57.6591 89.1097 979.742
Middle: 73.6203 117.662 972.95
Ring: 80.6943 136.489 996.655
Little: 131.454 120.022 1070.57
Thumb: 52.931 66.9087 1060.96
Index: 63.0348 87.4415 981.531
Middle: 71.4072 116.012 975.993
Ring: 86.1958 135.325 997.098
Little: 131.856 119.981 1074.62
Thumb: 56.5502 65.8671 1067.66
Index: 64.0372 89.129 980.953
Middle: 73.2522 117.716 975.932
Ring: 87.4957 136.484 996.747
Little: 131.08 118.964 1075.29
Thumb: 55.0349 64.9932 1065.35
Index: 64.8461 87.1181 984.224
Middle: 70.6473 115.455 980.049
Ring: 90.8304 133.659 998.973
Little: 132.63 114.699 1078.96
Thumb: 56.0534 64.9212 1069.45
Index: 65.8316 85.8277 987.615
Middle: 73.9109 114.983 982.261
Ring: 95.1093 133.396 999.724
Little: 132.671 116.845 1081.37
Thumb: 54.5526 65.2261 1071.78
Index: 62.2514 87.3127 988.705
Middle: 71.9027 116.422 983.523
Ring: 84.4382 135.122 999.381
Little: 133.261 115.099 1081.25
Thumb: 54.9921 64.1099 1075.83
Index: 63.0785 85.2385 991.866
Middle: 73.15 114.168 986.259
Ring: 84.8537 133.292 1003.12
Little: 134.935 116.295 1084.93
Thumb: 56.1195 65.1799 1078.68
Index: 65.9815 86.5084 994.711
Middle: 74.9779 114.836 988.958
Ring: 82.7305 133.985 1007.96
Little: 134.797 117.467 1087.63
Thumb: 57.5065 66.5742 1081.56
Index: 70.9487 85.1447 998.569
Middle: 74.3926 113.497 992.887
Ring: 82.3925 136.443 1011.55
Little: 135.852 118.561 1091.22
Thumb: 56.6518 68.31 1083.32
Index: 68.8075 85.2836 1003.11
Middle: 75.9578 113.515 996.572
Ring: 83.0686 137.721 1014.08
Little: 136.331 121.337 1095.24
Thumb: 56.5372 66.6085 1086.64
Index: 67.5004 82.4976 1006.57
Middle: 74.5517 110.731 999.804
Ring: 82.4027 133.014 1014.85
Little: 135.724 119.049 1097.16
Thumb: 54.5697 65.355 1093.71
Index: 63.9525 81.6472 1013.87
Middle: 80.7187 109.394 1006.29
Ring: 82.3896 131.7 1024.44
Little: 134.481 116.846 1107.89
Thumb: 55.7401 67.2109 1098.05
Index: 71.7841 81.3398 1019.87
Middle: 81.9035 109.23 1015.19
Ring: 88.7267 128.91 1033.34
Little: 133.189 117.481 1109.72
Thumb: 54.9178 66.1001 1101.98
Index: 67.4201 80.9183 1024.16
Middle: 80.5685 108.483 1018.97
Ring: 87.977 128.061 1038.52
Little: 133.783 115.361 1114.2
Thumb: 57.479 65.7682 1104.51
Index: 72.7239 80.506 1026.17
Middle: 77.2917 108.648 1021.08
Ring: 83.4847 131.082 1042.87
Little: 134.596 118.088 1123.87
Thumb: 57.0413 67.3817 1101.1
Index: 65.6557 86.1666 1027.85
Middle: 74.1159 114.86 1021.2
Ring: 90.8055 137.115 1029.42
Little: 140.682 126.63 1118.62
Thumb: 8.23795 33.4644 1107.43
Index: 64.7832 88.3846 1028.75
Middle: 70.2003 116.832 1023.97
Ring: 86.4142 141.17 1032.66
Little: 140.949 124.95 1120.31
Thumb: 12.0278 37.2966 1109.91
Index: 60.9272 86.1274 1036.53
Middle: 76.1998 114.774 1031.3
Ring: 98.1813 135.54 1041.04
Little: 130.994 118.002 1136.21
Thumb: 5.29051 29.0784 1104.86
Index: 97.9963 75.0171 1064.28
Middle: 130.294 106.692 1066.15
Ring: 110.373 138.36 1066.11
Little: 127.464 136.335 1156.81
Thumb: 0.136178 24.3475 1105.94
Index: 95.1971 75.7714 1082.67
Middle: 139.037 107.569 1072.39
Ring: 108.258 136.719 1068.1
Little: 134.668 157.065 1153.55
Thumb: -0.880065 26.7433 1104.52
Index: 87.5037 69.8546 1069.54
Middle: 167.354 120.439 1114.73
Ring: 105.105 130.687 1061.55
Little: 138.66 149.655 1131.84
Thumb: 0.594276 31.1767 1100.02
Index: 76.0883 83.0294 1065.77
Middle: 146.341 117.28 1032.76
Ring: 85.8624 133.023 1070.65
Little: 127.623 167.862 1069.05
Thumb: -4.54573 31.5026 1077.12
Index: 67.8093 96.5972 1032.81
Middle: 97.378 139.569 999.476
Ring: 85.2084 143.853 1058.09
Little: 110.876 183.312 1053.45
Thumb: -8.15095 32.6853 1076.12
Index: 74.4928 97.5009 1032.05
Middle: 92.1723 140.55 999.42
Ring: 91.2544 146.95 1057.47
Little: 167.33 175.378 1071.05
Thumb: -10.9162 23.7076 1081.14
Index: 76.9517 90.5194 1030.81
Middle: 114.459 138.417 995.787
Ring: 88.5259 140.094 1056.28
Little: 161.283 173.427 1067.23
Thumb: -10.283 23.1873 1081.96
Index: 77.0076 90.5851 1028.93
Middle: 91.2251 131.367 994.842
Ring: 88.1136 139.801 1055.99
Little: 154.443 186.15 1064.69
Thumb: -10.8155 21.4484 1082.59
Index: 66.1455 84.0293 1036.87
Middle: 130.962 139.48 1004.1
Ring: 87.3019 137.322 1057.98
Little: 152.949 186.145 1065.87
Thumb: -11.441 21.0808 1103.5
Index: 77.765 103.717 992.309
Middle: 78.0142 134.108 996.031
Ring: 72.0984 140.005 1058.37
Little: 116.317 192.826 1049.6
Thumb: -16.3815 20.8107 1122.48
Index: 145.137 129.616 1048.5
Middle: 153.305 164.194 1049.71
Ring: 77.7874 156.001 1047.99
Little: 84.2429 187.781 1062.2
Thumb: -13.777 17.4244 1124.25
Index: 142.031 129.698 1047.42
Middle: 150.696 164.206 1049.1
Ring: 76.5453 155.587 1050.48
Little: 89.5727 194.557 1047.73
Thumb: -12.1816 16.5364 1115.98
Index: 142.557 121.689 1056.15
Middle: 152.777 155.629 1054.51
Ring: 93.4959 159.196 1042.82
Little: 98.1529 191.612 1047.6
Thumb: -12.2316 16.2061 1117.82
Index: 139.777 124.943 1062.69
Middle: 141.24 157.194 1049.67
Ring: 98.0303 162.292 1043.51
Little: 110.131 195.896 1052.08
Thumb: -12.7431 16.1947 1114.53
Index: 137.518 124.345 1076.36
Middle: 118.85 150.125 1027.61
Ring: 96.4454 161.739 1052.74
Little: 104.653 195.05 1053.69
Thumb: -14.5642 15.9504 1115.67
Index: 135.788 125.341 1081.22
Middle: 119.722 150.309 1034.47
Ring: 95.2187 160.825 1053.06
Little: 110.68 198.151 1062.47
Thumb: -16.1372 16.1918 1111.91
Index: 135.012 126.469 1074.75
Middle: 129.072 155.182 1039.12
Ring: 85.035 157.647 1061.33
Little: 114.182 199.715 1071.31
Thumb: -16.0294 16.0706 1114.48
Index: 132.13 126.311 1079.66
Middle: 129.049 155.333 1044.11
Ring: 82.1042 155.609 1059.87
Little: 101.383 171.936 1062.81
Thumb: -17.1993 18.6805 1113.33
Index: 132.051 128.466 1078.37
Middle: 128.638 157.261 1043.46
Ring: 83.9984 143.083 1056.51
Little: 77.3793 175.39 1063.35
Thumb: -19.8408 19.8332 1111.66
Index: 129.396 121.426 1068.33
Middle: 137.661 154.213 1063.6
Ring: 82.0753 142.448 1053.4
Little: 76.6224 173.418 1064.06
Thumb: -19.9626 25.6138 1107.4
Index: 125.249 105.638 1072.3
Middle: 87.5882 118.895 1045.35
Ring: 78.5677 128.068 1056.06
Little: 95.8588 152.23 1056.97
Thumb: -21.8023 25.9336 1108.97
Index: 123.406 105.142 1073.53
Middle: 68.6614 117.319 1034.35
Ring: 75.1405 128.368 1057.44
Little: 71.5817 167.063 1065.51
Thumb: -21.7772 25.8114 1107.26
Index: 123.293 103.984 1071.82
Middle: 65.536 117.78 1041.61
Ring: 76.7752 129.765 1057.49
Little: 77.4956 162.533 1057.55
Thumb: -23.2338 26.1284 1105.88
Index: 122.046 102.507 1070.82
Middle: 80.2275 118.4 1033.17
Ring: 77.5002 132.003 1057.41
Little: 82.7359 158.221 1055.18
Thumb: -24.8952 27.7571 1104.84
Index: 121.431 99.8447 1072.22
Middle: 77.4845 116.343 1029.71
Ring: 78.0536 131.386 1056.68
Little: 84.8539 154.982 1055.6
Thumb: -23.4146 29.0948 1104.45
Index: 112.284 95.7463 1053.76
Middle: 88.5199 119.92 1039.36
Ring: 76.7135 129.774 1057.21
Little: 83.4452 154.186 1054.59
Thumb: -23.6245 29.2332 1104.89
Index: 39.8527 82.5093 1013.58
Middle: 89.2845 120.208 1040.18
Ring: 75.2118 130.356 1056.48
Little: 80.7296 155.855 1051.11
Thumb: -23.6105 29.1937 1105.2
Index: 40.0914 81.5218 1014.22
Middle: 89.4676 119.431 1040.25
Ring: 79.9092 129.72 1054.48
Little: 79.1548 157.085 1049.33
Thumb: -23.5708 28.5272 1107.38
Index: 42.5621 80.7883 1014.52
Middle: 97.4226 119.455 1039.84
Ring: 78.7028 126.968 1055.82
Little: 84.8861 151.754 1049.34
Thumb: -22.1962 27.9627 1107.76
Index: 43.2613 81.0802 1014.98
Middle: 95.0533 120.267 1039.97
Ring: 77.8021 127.531 1051.52
Little: 82.7747 154.915 1046.7
Thumb: -23.229 28.3567 1109.67
Index: 43.0178 79.7421 1015.89
Middle: 100.004 118.477 1040.38
Ring: 79.6613 126.08 1054.27
Little: 69.7993 163.995 1055.48
Thumb: -22.7651 28.2951 1110.98
Index: 43.3371 79.9324 1015.83
Middle: 95.2143 118.695 1041.71
Ring: 78.9873 126.896 1054.9
Little: 67.8929 165.155 1058.28
Thumb: -21.456 28.3685 1111.68
Index: 42.2941 80.0302 1016.05
Middle: 107.03 122.016 1050.59
Ring: 79.9887 127.478 1055.44
Little: 79.9409 159.409 1054.54
Thumb: -20.5536 27.4898 1111.55
Index: 45.9567 79.7912 1016.78
Middle: 109.796 123.755 1053.3
Ring: 78.8998 127.793 1055.94
Little: 79.4299 159.98 1054.4
Thumb: -19.9632 27.15 1110.59
Index: 43.7875 79.2711 1016.82
Middle: 109.101 124.065 1053.29
Ring: 78.6886 128.041 1055.69
Little: 87.5875 156.603 1058.18
Thumb: -19.2813 27.3098 1110.92
Index: 45.2602 79.0189 1016.97
Middle: 110.151 124.683 1053.36
Ring: 78.7838 139.019 1058.51
Little: 88.8693 156.43 1058.3
Thumb: -19.0785 27.3109 1111.81
Index: 44.7432 78.6202 1017.09
Middle: 110.275 122.534 1052.86
Ring: 78.5877 135.609 1058.36
Little: 66.1595 164.949 1044.89
Thumb: -16.9787 27.553 1112.66
Index: 75.3902 84.6682 1021.22
Middle: 112.388 123.626 1052.07
Ring: 81.7884 135.099 1055.35
Little: 66.2369 166.105 1045.19
Thumb: -17.0958 29.7614 1111.74
Index: 48.7828 81.878 1017.24
Middle: 110.441 125.337 1053.56
Ring: 83.1527 134.206 1054.61
Little: 66.9084 168.289 1045.79
Thumb: -17.0689 30.1224 1111.78
Index: 99.8372 94.7472 1033.85
Middle: 110.475 128.641 1054.05
Ring: 117.465 135.083 1051.53
Little: 67.6929 169.91 1045.4
Thumb: -15.0309 30.4612 1110.93
Index: 100.311 96.9842 1032.85
Middle: 107.909 129.974 1052.63
Ring: 128.659 137.599 1058.04
Little: 66.2048 172.828 1049.57
Thumb: -12.8745 30.9003 1109.67
Index: 55.9464 86.9446 1016.91
Middle: 112.738 131.979 1054.23
Ring: 126.194 144.553 1055.24
Little: 68.9968 174.078 1050.11
Thumb: -9.1485 30.6157 1106.93
Index: 53.9758 88.0296 1016.6
Middle: 113.391 133.782 1053.71
Ring: 138.332 147.641 1067.82
Little: 71.7417 175.153 1050.76
Thumb: -6.59809 30.4098 1106.73
Index: 60.2137 89.3954 1016.59
Middle: 110.796 134.624 1052.98
Ring: 145.994 144.531 1077.27
Little: 84.4625 174.729 1051.86
Thumb: -1.69082 31.7262 1103.22
Index: 62.6513 92.7273 1016.47
Middle: 123.855 139.65 1054.65
Ring: 149.912 168.355 1081.82
Little: 98.4408 178.734 1052.83
Thumb: 3.52981 33.1054 1100.13
Index: 68.7644 97.7248 1015.44
Middle: 129.638 143.676 1054.77
Ring: 156.129 172.481 1083.35
Little: 120.886 188.776 1061.01
