Thumb: 32.9554 91.7207 1121.92
Index: -64.5745 28.1944 1098.23
Middle: -101.42 40.8207 1097.63
Ring: -124.543 62.0639 1082.41
Little: -141.773 103.039 1080.87
Thumb: 38.7369 88.6659 1105.01
Index: -51.0183 68.4072 1147.6
Middle: -71.4134 90.8157 1141.76
Ring: -126.837 60.8729 1082.29
Little: -112.344 125.807 1088.64
Thumb: 31.0115 86.4458 1108.42
Index: -50.864 76.3772 1151.88
Middle: -86.9336 80.9247 1157.58
Ring: -131.598 61.4663 1086.3
Little: -116.888 125.588 1089.43
Thumb: 26.1813 85.3074 1107.47
Index: -55.7667 71.9501 1151.83
Middle: -93.6188 73.7056 1154.73
Ring: -132.552 59.7331 1088.88
Little: -119.062 123.858 1090.85
Thumb: 21.5823 82.864 1105.26
Index: -63.4874 69.7696 1151.69
Middle: -92.274 76.4643 1158.44
Ring: -133.891 59.6717 1090.76
Little: -119.945 123.785 1093.51
Thumb: 11.4164 85.8359 1106.95
Index: -61.9304 70.7575 1151.19
Middle: -97.0694 73.5882 1156.84
Ring: -133.729 59.3419 1095.94
Little: -139.165 102.383 1095.59
Thumb: 6.76587 85.1028 1108.17
Index: -104.439 44.4009 1083.77
Middle: -80.9778 89.8644 1164.77
Ring: -131.873 60.8015 1101.41
Little: -146.785 92.9003 1093.1
Thumb: 3.05419 82.957 1100.75
Index: -105.99 44.7016 1081.56
Middle: -120.382 54.8709 1115.55
Ring: -131.042 61.3249 1104.11
Little: -148.132 91.7734 1092.79
Thumb: 1.09692 84.1572 1104.41
Index: -93.923 37.9341 1097.01
Middle: -118.799 42.3113 1103.27
Ring: -130.122 62.3797 1105.94
Little: -147.33 92.5117 1097.38
Thumb: -2.13664 83.3342 1100.18
Index: -95.6294 39.9864 1094.13
Middle: -119.849 42.7077 1096.8
Ring: -129.531 63.4032 1107.22
Little: -146.696 94.0366 1098.12
Thumb: -6.18508 81.5325 1097.79
Index: -97.212 41.656 1094.45
Middle: -121.329 43.9953 1096.51
Ring: -129.772 63.2668 1107.24
Little: -144.231 95.108 1099.59
Thumb: -8.49773 81.4389 1098.24
Index: -97.1912 42.1863 1096.39
Middle: -121.5 43.8701 1096.25
Ring: -128.362 62.2827 1108.33
Little: -143.758 95.2711 1100.23
Thumb: -8.30898 81.4435 1099.12
Index: -96.0075 40.1301 1095.86
Middle: -120.122 43.0873 1098.06
Ring: -125.754 61.993 1109.58
Little: -141.756 94.1517 1103.77
Thumb: -7.08811 81.4142 1097.37
Index: -90.51 41.4661 1096.44
Middle: -114.861 42.9494 1097.41
Ring: -120.8 60.8347 1108.31
Little: -134.943 94.0935 1104.77
Thumb: -5.02458 81.9201 1097.61
Index: -85.1895 39.7373 1095.91
Middle: -107.29 42.2492 1098.95
Ring: -113.954 59.6953 1110.32
Little: -130.179 89.9337 1104.68
Thumb: -2.36561 84.9329 1098.05
Index: -75.9544 38.9715 1096.16
Middle: -101.965 40.3728 1099.89
Ring: -108.112 58.9696 1111.78
Little: -122.035 86.4833 1105.03
Thumb: 2.96786 85.3374 1097.56
Index: -68.0843 37.8298 1097.83
Middle: -93.0046 37.5325 1100.24
Ring: -101.467 56.6632 1112.02
Little: -114.99 84.0936 1106.17
Thumb: 9.18386 88.6656 1101.03
Index: -59.3824 36.194 1095.14
Middle: -83.7705 35.6389 1100
Ring: -94.3076 53.9573 1108.33
Little: -108.887 80.4012 1103.04
Thumb: 16.5829 89.4026 1099.32
Index: -49.8969 34.5914 1096.37
Middle: -74.1485 32.679 1100.66
Ring: -86.6097 50.4323 1107.73
Little: -102.94 74.2311 1101.2
Thumb: 23.5224 90.0706 1099.64
Index: -40.9173 35.3398 1097.73
Middle: -64.436 31.7831 1100.91
Ring: -79.9683 47.107 1105.08
Little: -93.8831 72.3598 1103.87
Thumb: 32.3157 90.8935 1099.87
Index: -31.5574 34.139 1098.02
Middle: -54.7698 29.2633 1101.3
Ring: -71.3558 44.7692 1105.06
Little: -84.6867 68.7186 1101.9
Thumb: 41.4134 92.0596 1096.31
Index: -24.46 33.6709 1094.52
Middle: -49.4367 29.0314 1098.22
Ring: -63.8928 42.0123 1103.94
Little: -78.7797 67.663 1101.36
Thumb: 47.3371 91.7626 1102.59
Index: -18.5073 32.2919 1095.83
Middle: -45.2383 26.1267 1096.56
Ring: -58.0774 41.5492 1104.86
Little: -72.5568 65.8299 1099.35
Thumb: 54.8 92.0071 1098.67
Index: -11.7112 30.6012 1096.63
Middle: -37.6262 26.14 1099.47
Ring: -49.418 40.0713 1108.18
Little: -66.3335 62.5542 1100.97
Thumb: 60.3679 89.9608 1103.78
Index: -5.50653 27.0842 1096.36
Middle: -31.5646 22.5708 1097.38
Ring: -45.521 36.6477 1105.96
Little: -59.3067 59.0369 1096.62
Thumb: 67.4816 87.4907 1104.26
Index: 2.04903 24.551 1100.26
Middle: -23.4445 19.3202 1099.33
Ring: -38.124 32.149 1105
Little: -52.3816 57.029 1097.5
Thumb: 76.1175 89.1955 1108.18
Index: 10.5104 22.0751 1100.54
Middle: -16.1393 14.911 1096.89
Ring: -32.266 30.8577 1105.47
Little: -46.2687 53.8105 1098.83
Thumb: 84.1913 86.1468 1109.49
Index: 20.1186 20.162 1101.74
Middle: -10.1948 12.6048 1092.16
Ring: -25.9598 30.1387 1104.2
Little: -41.7402 52.6846 1095.2
Thumb: 91.9732 88.4571 1110.85
Index: 29.7167 19.4298 1100.68
Middle: -2.63668 12.124 1091.72
Ring: -19.0074 28.6363 1103.37
Little: -39.0261 51.5693 1099.82
Thumb: 100.018 87.9002 1105.32
Index: 38.5399 14.8635 1094.56
Middle: 4.63264 9.47749 1091.31
Ring: -11.6303 26.6922 1103.29
Little: -33.9562 48.0313 1099.76
Thumb: 110.871 91.1623 1108.77
Index: 45.227 11.5953 1093.01
Middle: 11.5901 5.78564 1091.1
Ring: -4.04694 26.1573 1102.74
Little: -28.5461 43.8083 1099.73
Thumb: 118.744 91.4992 1107.07
Index: 52.7562 12.0886 1092.64
Middle: 18.8939 6.03591 1086.71
Ring: 2.24108 23.1326 1099.85
Little: -21.4893 44.9604 1100.22
Thumb: 126.152 93.1877 1109.75
Index: 57.7864 10.0596 1091.12
Middle: 23.9789 4.45019 1087.91
Ring: 7.45832 21.5449 1098.72
Little: -15.1123 45.2596 1102.15
Thumb: 134.368 91.775 1108.49
Index: 64.894 11.0958 1096.93
Middle: 29.353 4.6157 1085.45
Ring: 13.58 22.0913 1097.8
Little: -12.3148 44.9079 1095.3
Thumb: 140.91 91.3252 1109.39
Index: 70.1311 11.0875 1093.75
Middle: 35.1947 5.59607 1082.64
Ring: 23.2887 33.7166 1097.72
Little: -6.22351 45.8559 1094.79
Thumb: 144.845 91.609 1106.52
Index: 75.8866 11.243 1097.64
Middle: 40.5432 3.40218 1080.98
Ring: 27.516 30.8651 1096.12
Little: -0.649705 45.737 1099.95
Thumb: 148.841 96.433 1108.26
Index: 81.3313 11.3617 1097.81
Middle: 46.0419 2.40717 1080.56
Ring: 32.9139 31.0843 1097.73
Little: 5.88834 49.1479 1104.96
Thumb: 152.31 99.0311 1108.71
Index: 84.0717 10.8851 1097.31
Middle: 49.4928 1.99002 1080.62
Ring: 35.3169 28.9714 1098.57
Little: 9.60911 53.0159 1103.5
Thumb: 157.281 100.329 1108.42
Index: 87.662 12.6197 1102.99
Middle: 51.5211 0.359394 1081.85
Ring: 37.842 28.2025 1099.32
Little: 18.1703 75.7265 1099.36
Thumb: 162.151 100.974 1113.01
Index: 88.51 10.7051 1105.23
Middle: 52.1547 -1.29766 1081.29
Ring: 39.3474 27.3034 1101.71
Little: 20.5637 75.0229 1098.78
Thumb: 163.749 101.738 1113.18
Index: 89.4447 11.5056 1106.95
Middle: 52.5125 -1.31111 1081.19
Ring: 60.4412 83.7878 1163.55
Little: 20.7422 74.8597 1099.2
Thumb: 165.128 100.606 1116.17
Index: 92.7866 19.6188 1108.98
Middle: 53.7556 -2.04814 1081.29
Ring: 59.1504 81.6511 1163.61
Little: 28.7849 96.0286 1103.98
Thumb: 164.754 100.824 1116.26
Index: 91.9711 21.7092 1108.24
Middle: 52.5329 -0.881607 1082.61
Ring: 57.5771 80.7552 1164.45
Little: 27.812 94.3757 1125.6
Thumb: 165.245 101.486 1116.96
Index: 89.5525 25.5566 1108.62
Middle: 49.4911 3.35174 1081.76
Ring: 56.759 87.4569 1165.02
Little: 26.5244 99.3429 1123.6
Thumb: 163.95 97.7574 1116.07
Index: 85.4497 26.2219 1109.67
Middle: 44.1999 4.43767 1079.39
Ring: 55.7682 91.5736 1163.46
Little: 22.7089 94.2161 1140.52
Thumb: 161.35 98.1938 1115.87
Index: 81.8273 26.2734 1109.04
Middle: 40.9709 6.31655 1082.19
Ring: 54.0554 95.3959 1163.01
Little: 22.2323 103.424 1136.09
Thumb: 156.308 97.3922 1115.57
Index: 90.9062 60.5966 1105.89
Middle: 35.3378 6.84412 1081.67
Ring: 45.198 90.2257 1165.17
Little: 17.8254 106.348 1140.96
Thumb: 151.651 94.4287 1116.96
Index: 85.715 59.6803 1105.85
Middle: 29.3349 8.16231 1079.01
Ring: 45.5252 103.667 1159.86
Little: 11.6838 103.817 1141.37
Thumb: 147.329 94.9092 1114.84
Index: 81.4852 60.6975 1104.48
Middle: 24.1185 9.67979 1078.83
Ring: 43.2791 103.402 1160.75
Little: 8.07664 104.28 1143.15
Thumb: 141.564 92.9816 1115.8
Index: 76.592 61.6514 1103.54
Middle: 17.5405 13.5338 1079.98
Ring: 32.978 93.93 1163.94
Little: 10.2345 51.9977 1081.03
Thumb: 132.83 93.7534 1119.28
Index: 68.7745 61.7903 1106.35
Middle: 10.4577 14.3784 1079.22
Ring: 28.1956 111.235 1154.35
Little: 3.47181 53.0506 1081.42
Thumb: 124.814 93.4618 1120.68
Index: 62.9861 62.2758 1107.8
Middle: 3.79637 15.1348 1080.06
Ring: 17.0375 114.106 1153.58
Little: -1.84391 53.476 1080.84
Thumb: 112.732 94.4585 1124.13
Index: 54.9586 63.0339 1109.8
Middle: -2.52978 15.2902 1078.92
Ring: 6.5914 98.4771 1164.31
Little: -9.33763 54.1839 1081.64
Thumb: 105.253 95.4811 1125.36
Index: 50.3203 64.0666 1111.54
Middle: -7.61686 16.6722 1081.59
Ring: 2.39471 99.8502 1166.07
Little: -14.6864 56.1986 1083.87
Thumb: 98.131 94.3532 1127.32
Index: 44.0396 63.6764 1113.41
Middle: -15.6336 17.6187 1083.91
Ring: -2.79464 100.791 1167.79
Little: -20.9882 56.7282 1085.99
Thumb: 94.0266 95.7895 1130.07
Index: 38.8033 65.8801 1117.25
Middle: -21.4545 20.5991 1088.87
Ring: -8.08826 103.966 1170.84
Little: -25.8586 59.6876 1088.61
Thumb: 89.6235 96.9848 1131.36
Index: 32.9111 67.7044 1121.03
Middle: -26.7255 20.9043 1093.28
Ring: -13.6629 107.431 1173.84
Little: -31.85 60.2068 1091.34
Thumb: 87.2012 96.0723 1130.87
Index: 15.5968 48.5828 1129.32
Middle: -32.2699 17.5662 1095.24
Ring: -19.7899 107.741 1176.04
Little: -38.8917 57.0927 1093.65
Thumb: 82.2588 98.3293 1139.34
Index: -2.59232 26.2607 1133.59
Middle: -34.0629 16.1201 1097.89
Ring: -30.2373 114.71 1175.64
Little: -44.6125 56.8162 1093.86
Thumb: 68.027 97.6931 1160.06
Index: -20.9464 30.1972 1147.22
Middle: -36.9355 14.7348 1101.63
Ring: -54.2781 108.563 1167.4
Little: -48.5132 58.0085 1088.75
Thumb: 29.3112 108.018 1202.33
Index: -41.4652 107.054 1175.07
Middle: -40.5669 17.3249 1105.5
Ring: -29.1519 26.9275 1107.73
Little: -41.0409 59.4373 1078.07
Thumb: 64.4217 197.128 1221.04
Index: -44.8852 35.578 1105.85
Middle: -44.7967 17.1902 1107.74
Ring: -37.2004 28.3047 1109.25
Little: -33.3344 54.6076 1072.42
Thumb: 67.1044 179.782 1213.02
Index: -56.612 40.2244 1144.62
Middle: -47.8947 24.933 1111.76
Ring: -38.5016 35.1134 1107.75
Little: -30.9975 59.9995 1070.22
Thumb: 59.4368 181.372 1214.65
Index: -62.3365 41.2066 1146.72
Middle: -54.1788 25.2325 1114.32
Ring: -42.8354 34.5153 1110.64
Little: -37.2515 59.2648 1073.03
Thumb: 59.5929 220.049 1208.58
Index: -66.3624 43.1342 1145.61
Middle: -57.9362 27.0947 1112.47
Ring: -48.3037 37.3089 1111.03
Little: -40.0844 61.148 1073.3
Thumb: -69.5758 157.442 1191.11
Index: -74.9282 48.5479 1150.69
Middle: -61.5166 26.0322 1115.56
Ring: -53.1546 35.2877 1108.45
Little: -46.7675 62.4306 1076.49
Thumb: -75.5804 165.228 1184.79
Index: -80.5689 53.9326 1150.01
Middle: -63.3509 26.9132 1114.94
Ring: -57.737 35.015 1093.66
Little: -42.9396 58.7525 1077.44
Thumb: -81.1569 168.756 1175.55
Index: -86.7752 62.5613 1147.33
Middle: -64.8163 28.4846 1111.42
Ring: -62.5977 37.487 1108.16
Little: -42.8061 57.2286 1085.66
Thumb: 88.8046 114.793 1096.07
Index: -60.4662 37.1858 1106.18
Middle: -53.5794 42.3958 1147.74
Ring: -92.0576 54.525 1137.68
Little: -67.4536 74.7634 1147.31
Thumb: 90.2618 131.272 1091.89
Index: -53.6873 37.5329 1111.27
Middle: -70.8733 30.6312 1122.24
Ring: -63.7716 37.159 1118.35
Little: -83.1979 69.2844 1137.72
Thumb: 78.4354 111.96 1099.26
Index: -48.4405 36.581 1117.22
Middle: -74.9451 31.9831 1122.43
Ring: -68.0181 37.6603 1119.17
Little: -88.6216 70.1117 1135.36
Thumb: 73.8958 109.062 1103.77
Index: -46.7405 35.7901 1117.88
Middle: -79.0058 33.0809 1120.49
Ring: -71.4959 38.3271 1117.52
Little: -92.7347 71.2755 1131.54
Thumb: 76.0712 107.271 1103.32
Index: -48.0505 36.2324 1119.18
Middle: -80.5593 33.7942 1119.3
Ring: -73.3679 39.0247 1116.98
Little: -95.284 72.3773 1128.11
Thumb: 82.7338 121.501 1096.51
Index: -50.6075 35.65 1118.59
Middle: -83.1372 33.9031 1119.22
Ring: -74.2624 38.2411 1116.59
Little: -90.3118 83.9728 1139.68
Thumb: -20.7794 94.5553 1114.94
Index: -50.8991 36.3309 1118.33
Middle: -82.9576 35.2334 1119.5
Ring: -75.4263 39.8566 1117.54
Little: -92.2833 86.2524 1138.34
Thumb: -11.5089 79.475 1109.37
Index: -52.9018 36.5552 1117.44
Middle: -84.8503 35.2746 1118.08
Ring: -77.2696 39.8274 1116.35
Little: -95.4039 86.104 1136.03
Thumb: -9.27113 76.1265 1100.52
Index: -51.9988 36.8384 1119.24
Middle: -85.9324 35.0674 1116.52
Ring: -78.0602 39.4539 1114.96
Little: -96.8494 85.7816 1133.85
Thumb: -8.93903 76.8432 1103.72
Index: -53.4501 40.8928 1124.19
Middle: -88.0694 37.0667 1116.41
Ring: -80.0171 40.9876 1115.28
Little: -99.8636 88.0322 1130.32
Thumb: -8.23514 76.5618 1103.98
Index: -54.7452 41.1445 1123.53
Middle: -88.5474 36.831 1114.55
Ring: -80.8614 40.8255 1113.7
Little: -101.311 87.1325 1127.66
Thumb: -8.18925 76.0838 1101
Index: -57.2465 41.8612 1122.92
Middle: -90.7979 37.3027 1112.54
Ring: -82.7693 41.0858 1111.9
Little: -103.744 85.9512 1124.66
Thumb: -9.27151 77.1533 1099.56
Index: -58.7066 42.8126 1118.95
Middle: -91.9322 38.9216 1107.81
Ring: -83.0929 42.2361 1107.45
Little: -104.323 87.5563 1119.06
Thumb: -9.0912 77.5253 1098.68
Index: -59.7827 43.4759 1115.84
Middle: -92.0106 39.2358 1104.75
Ring: -84.1881 42.6916 1104.54
Little: -105.379 86.2478 1115.7
Thumb: -9.22686 78.4955 1099.37
Index: -58.65 45.7509 1116.4
Middle: -92.7512 40.4946 1103.03
Ring: -84.0824 42.9164 1103.02
Little: -106.082 85.7235 1112.49
Thumb: -5.71209 77.5338 1096.12
Index: -58.3004 44.7069 1112.53
Middle: -92.8931 40.2514 1097.62
Ring: -84.0932 42.3497 1097.93
Little: -106.627 83.7174 1106.37
Thumb: -5.62877 77.5945 1093.75
Index: -58.0797 44.5323 1109.24
Middle: -91.7476 39.7662 1095.14
Ring: -83.5251 42.1716 1095.39
Little: -105.422 85.2519 1105.78
Thumb: -4.54579 78.3289 1092.59
Index: -57.5343 47.2911 1108.78
Middle: -90.5251 39.5283 1092.95
Ring: -82.8676 42.2158 1093.2
Little: -104.839 85.256 1103.7
Thumb: -4.89998 78.3059 1090.54
Index: -57.0403 47.4511 1107.41
Middle: -91.2769 39.9251 1091.89
Ring: -82.6414 41.9113 1092.08
Little: -104.547 85.0732 1103.08
Thumb: -3.94487 80.0591 1088.19
Index: -54.2437 51.5578 1108.17
Middle: -90.3677 42.3214 1091.49
Ring: -82.3399 44.2536 1091.54
Little: -103.629 86.2307 1102.23
Thumb: -2.56159 80.4234 1087.89
Index: -54.042 49.5977 1106.86
Middle: -40.578 120.55 1175.34
Ring: -80.8855 43.9947 1092.02
Little: -102.74 85.3802 1102.02
Thumb: -0.474847 80.292 1087.4
Index: -50.2519 51.6421 1108.59
Middle: -35.2278 119.383 1175.57
Ring: -79.3021 44.0805 1092.88
Little: -100.272 87.3429 1104.78
Thumb: 1.77031 80.3736 1087.37
Index: -49.0137 51.3298 1109.34
Middle: -31.758 120.068 1176.01
Ring: -77.6822 44.2575 1094.84
Little: -97.5896 90.5459 1106.95
Thumb: 5.95648 81.6591 1088.79
Index: -43.6091 51.3023 1112.82
Middle: -30.5774 122.757 1177.61
Ring: -73.1029 44.1035 1097.88
Little: -95.3687 86.3392 1108.33
Thumb: 8.59804 83.4577 1090.45
Index: -40.7754 47.6964 1111.77
Middle: -29.9345 122.186 1178.55
Ring: -69.8059 43.2901 1099.15
Little: -93.6185 82.9061 1108.97
Thumb: 11.8271 84.1489 1091.75
Index: -37.3212 46.3894 1114.33
Middle: -27.7568 122.375 1180.71
Ring: -66.8955 42.0142 1102.65
Little: -91.2118 82.4717 1112.75
Thumb: 14.0793 85.1703 1094.18
Index: -33.0295 45.7716 1116.19
Middle: -26.2118 122.116 1182.32
Ring: -61.803 40.2252 1104.83
Little: -87.6688 80.4175 1114.71
Thumb: 16.4107 85.5832 1092.64
Index: -27.9088 44.7847 1117.17
Middle: -18.4276 121.595 1182.96
Ring: -56.9543 38.3212 1107.99
Little: -83.1587 78.1447 1119.72
Thumb: 20.3584 86.4556 1094.9
Index: -21.6281 46.3752 1120.56
Middle: -16.657 121.048 1184.96
Ring: -51.2954 37.2292 1109.39
Little: -78.823 76.155 1120.58
Thumb: 24.7985 83.4879 1095.77
Index: -18.891 40.4937 1117.58
Middle: -10.5383 119.298 1185.81
Ring: -47.69 34.8481 1108.8
Little: -74.6698 73.7439 1121.25
Thumb: 30.9533 80.3168 1097.42
Index: -11.8884 39.5523 1121.62
Middle: -5.77967 116.559 1189.09
Ring: -42.3374 32.3563 1110.05
Little: -68.578 74.8475 1122.19
Thumb: 37.3413 78.4546 1099.03
Index: -6.4317 47.4979 1128.81
Middle: -0.203324 113.344 1191.9
Ring: -35.1813 28.8688 1113.52
Little: -62.4777 68.8791 1125.77
Thumb: 43.8584 76.6738 1100.38
Index: 0.0777402 46.3361 1129.14
Middle: 5.44082 110.715 1192.64
Ring: -28.8846 26.9148 1113.33
Little: -56.4635 65.8689 1125.65
Thumb: 50.6274 78.9376 1101.97
Index: 9.83339 50.8444 1129.49
Middle: 11.1033 111.327 1192.89
Ring: -21.2182 26.4073 1113.91
Little: -49.7421 65.273 1126.33
Thumb: 57.5743 78.0781 1102.49
Index: 13.4724 45.8786 1130.38
Middle: 16.9887 111.311 1193.29
Ring: -15.0232 25.6942 1114.86
Little: -43.6103 64.6106 1126.93
Thumb: 63.7314 77.7146 1103.08
Index: 20.1565 40.1755 1128.46
Middle: 25.8693 108.944 1193.56
Ring: -4.49845 23.687 1114.98
Little: -34.0691 63.4075 1127.88
Thumb: 69.3989 78.3943 1102.76
Index: 28.7599 43.1394 1130.95
Middle: 29.4869 108.87 1193.85
Ring: 3.32052 23.3896 1116.19
Little: -27.7037 63.2888 1128.19
Thumb: 75.6636 79.1408 1101.32
Index: 35.011 42.4781 1129.16
Middle: 35.3931 111.586 1192.8
Ring: 8.99578 22.8762 1113.91
Little: -22.0348 61.9665 1125.95
Thumb: 83.0364 80.0948 1100.99
Index: 45.7836 44.7565 1128.74
Middle: 40.089 108.06 1192.12
Ring: 16.6853 20.0157 1112.65
Little: -15.0992 57.2951 1124.69
Thumb: 88.5354 80.0765 1102.41
Index: 52.7813 44.041 1128.87
Middle: 47.0551 108.554 1191.86
Ring: 23.5857 19.588 1113.21
Little: -8.30201 53.6708 1125.06
Thumb: 95.3202 82.8701 1104
Index: 58.248 45.3611 1128.81
Middle: 52.0853 108.627 1192.53
Ring: 28.3215 20.3838 1112.94
Little: -3.86554 41.3305 1112.65
Thumb: 101.35 84.1188 1104.14
Index: 64.3639 45.9339 1129.48
Middle: 57.682 109.292 1193.41
Ring: 34.347 21.0708 1113.45
Little: 2.00795 41.7828 1112.69
Thumb: 106.228 84.7365 1106.19
Index: 71.7353 45.5848 1130.31
Middle: 65.6569 110.378 1193.94
Ring: 41.0263 21.2334 1115.18
Little: 9.3544 47.8848 1125.36
Thumb: 112.471 83.1808 1101.88
Index: 74.9269 35.6535 1124.26
Middle: 70.674 110.044 1193.62
Ring: 47.0742 21.1703 1113.96
Little: 15.3316 49.4059 1124.69
Thumb: 114.087 82.1777 1100.15
Index: 78.5715 35.0704 1123.86
Middle: 77.1847 111.578 1193.37
Ring: 49.7863 21.3879 1115.44
Little: 18.9132 56.135 1128.2
Thumb: 115.009 79.9556 1098.45
Index: 76.1232 29.2552 1113.2
Middle: 82.9281 108.963 1194.05
Ring: 48.7247 20.9888 1116.95
Little: 19.8142 58.0098 1131.38
Thumb: 113.368 78.4186 1097.56
Index: 74.2334 29.7437 1113.72
Middle: 93.4908 108.431 1193.48
Ring: 48.2807 22.7283 1120.05
Little: 22.2543 59.8161 1137.65
Thumb: 109.218 76.2533 1095.16
Index: 129.737 109.144 1173.19
Middle: 71.4163 23.6816 1133.89
Ring: 45.76 25.3202 1124.82
Little: 23.7533 65.3455 1143.82
Thumb: 103.319 77.2764 1091.29
Index: 108.086 65.3175 1166.87
Middle: 69.292 27.6758 1134.32
Ring: 42.2829 28.65 1126.48
Little: 30.2424 100.997 1147.04
Thumb: 95.1312 83.0463 1113.5
Index: 140.965 124.685 1139.37
Middle: 58.1615 31.4257 1144.78
Ring: 40.1559 32.8909 1137.11
Little: 37.3068 105.185 1156.24
Thumb: 91.3611 91.1513 1115.79
Index: 146.26 117.614 1137.84
Middle: 68.3997 46.6779 1146.04
Ring: 39.2477 36.7231 1141.58
Little: 43.45 107.552 1160.71
Thumb: 91.3691 108.713 1119.32
Index: 150.864 123.927 1127.95
Middle: 143.787 119.629 1169.39
Ring: 40.3734 41.9479 1153.04
Little: 49.8137 106.582 1164.96
Thumb: 160.332 118.391 1070.63
Index: 151.157 125.329 1116.15
Middle: 149.55 127.056 1155.39
Ring: 43.4292 44.3663 1159.5
Little: 31.988 65.9494 1173.31
Thumb: 157.116 117.455 1064.68
Index: 157.804 125.445 1117.89
Middle: 153.371 125.271 1154.57
Ring: 47.5002 43.7521 1160.61
Little: 35.8816 65.4319 1176.06
Thumb: 157.725 127.701 1047.93
Index: 159.63 123.926 1113.05
Middle: 153.315 129.6 1143.26
Ring: 51.2788 43.3537 1162.63
Little: 41.1717 64.8857 1178.69
Thumb: 149.633 112.411 1078.31
Index: 155.734 128.234 1103.81
Middle: 150.712 139.5 1130.49
Ring: 52.5664 45.7134 1165.35
Little: 108.08 118.601 1186.14
Thumb: 150.11 118.232 1061.88
Index: 162.993 118.256 1112.76
Middle: 157.87 133.457 1136.59
Ring: 51.2331 47.2308 1166.87
Little: 109.059 118.645 1186.49
Thumb: 144.031 117.65 1068.2
Index: 144.483 130.919 1095.77
Middle: 146.305 141.837 1124.84
Ring: 51.4262 49.0582 1165.82
Little: 110.853 119.194 1185.26
Thumb: 137.748 127.706 1080.88
Index: 142.723 131.229 1094.28
Middle: 152.417 131.944 1132.01
Ring: 51.5489 49.4252 1166.8
Little: 112.239 118.707 1185.38
Thumb: 152.225 139.428 1094.27
Index: 135.88 131.684 1089.04
Middle: 156.913 125.387 1132.32
Ring: 52.7599 49.6146 1168.93
Little: 116.162 117.256 1184.21
Thumb: 159.924 148.861 1098.87
Index: 141.569 131.808 1090.88
Middle: 162.864 121.727 1135.96
Ring: 54.3735 49.1166 1169.71
Little: 117.773 117.374 1185.03
Thumb: 165.655 154.533 1092.51
Index: 159.714 120.14 1103.62
Middle: 164.104 116.635 1139.13
Ring: 55.2072 49.1406 1164.74
Little: 118.869 120.488 1182.32
Thumb: 158.136 145.044 1091.86
Index: 146.888 135.076 1091.56
Middle: 153.25 141.632 1121.99
Ring: 54.2028 46.022 1141.05
Little: 116.261 125.984 1182.04
Thumb: 179.347 152.075 1087.68
Index: 136.941 138.364 1086.77
Middle: 147.552 143.853 1122.03
Ring: 53.5688 46.383 1142.79
Little: 116.748 127.658 1181.44
Thumb: 149.39 143.346 1108.66
Index: 133.061 142.115 1085.55
Middle: 131.644 153.668 1114.63
Ring: 54.149 47.9366 1142.15
Little: 116.528 128.528 1181.98
Thumb: 151.801 138.106 1111.77
Index: 125.939 137.686 1088.32
Middle: 137.222 145.337 1120.75
Ring: 50.6923 44.9989 1145.45
Little: 110.647 121.903 1186.41
Thumb: 145.733 131.035 1119.84
Index: 126.576 133.609 1089.75
Middle: 132.631 145.003 1120.98
Ring: 47.6314 43.2444 1144.93
Little: 106.11 118.281 1189.6
Thumb: 141.585 128.681 1118.21
Index: 154.228 94.4157 1122.76
Middle: 145.575 133.002 1134.5
Ring: 45.8628 42.2896 1146.43
Little: 104.448 117.623 1190.47
Thumb: 173.2 136.642 1098.02
Index: 145.815 111.422 1111.93
Middle: 145.751 118.958 1145.11
Ring: 41.9216 41.9575 1149.3
Little: 99.8749 122.263 1193.83
Thumb: 142.022 123.046 1113.52
Index: 150.997 92.4891 1129.84
Middle: 142.637 116.923 1149.02
Ring: 37.4479 41.9311 1149.07
Little: 95.3064 119.526 1195.11
Thumb: 122.536 127.688 1117.4
Index: 148.448 93.1151 1133.52
Middle: 132.644 119.621 1148.97
Ring: 33.8111 42.0468 1149.14
Little: 90.8387 118.854 1197.96
Thumb: 128.495 130.328 1108.83
Index: 149.137 108.607 1124.68
Middle: 128.87 121.502 1149.19
Ring: 31.9022 41.7921 1152.04
Little: 89.2881 115.575 1198.63
Thumb: 144.503 134.332 1090.45
Index: 144.58 99.5651 1139.35
Middle: 26.8348 38.9595 1156.78
Ring: 29.8378 41.4539 1153.13
Little: 82.2991 116.005 1201.89
Thumb: 143.456 135.928 1081.68
Index: 142.437 99.1512 1141.49
Middle: 26.6963 37.3717 1154.98
Ring: 29.3484 40.9126 1152.12
Little: 80.1982 116.408 1202.13
Thumb: 165.825 156.93 1066.58
Index: 138.229 119.006 1140.84
Middle: 24.4674 36.6989 1150.28
Ring: 27.6807 41.6597 1148.31
Little: 68.2164 121.43 1202.92
Thumb: 115.056 128.644 1080.44
Index: 23.437 46.6801 1136.34
Middle: 21.9897 29.8571 1134.51
Ring: 27.8752 41.9869 1131.33
Little: 53.7629 125.333 1202.96
Thumb: 106.281 127.68 1090.4
Index: 26.1808 45.8031 1135.84
Middle: 17.7986 30.3431 1128.32
Ring: 24.7302 42.1059 1124.76
Little: 49.7383 123.516 1198.91
Thumb: 112.356 120.452 1079.56
Index: 23.0898 41.2878 1122.12
Middle: 17.1751 29.8102 1124.34
Ring: 23.4766 41.8962 1121.38
Little: 48.2697 123.84 1196.64
Thumb: 113.764 115.038 1073.46
Index: 18.9758 40.5975 1119.4
Middle: 12.7023 30.0115 1122.35
Ring: 24.8128 41.0638 1126.92
Little: 44.6046 122.31 1195.24
Thumb: 111.857 117.487 1076.46
Index: 18.4722 40.7374 1116.69
Middle: 10.3456 30.1357 1121.35
Ring: 22.1399 40.5903 1119.62
Little: 42.5848 120.237 1193.46
Thumb: 120.098 115.061 1063.92
Index: 16.1848 41.9535 1116.02
Middle: 6.56275 32.1795 1122.11
Ring: 20.0002 41.8652 1119.24
Little: 41.3839 122.155 1192.02
Thumb: 128.951 119.094 1045.33
Index: 10.8407 42.1406 1116.99
Middle: -2.18808 35.1633 1126.25
Ring: 13.9326 42.5671 1120.4
Little: 38.2559 124.591 1190.29
Thumb: 122.148 105.584 1047.17
Index: 4.65473 43.4478 1120.82
Middle: -9.96918 45.9866 1145.55
Ring: 11.415 42.9954 1127.75
Little: 34.7961 125.299 1188.36
Thumb: 111.45 93.3014 1051.55
Index: -3.94414 44.6317 1126.2
Middle: 0.450796 63.2455 1153.77
Ring: -0.171204 46.8182 1147.62
Little: 30.3546 122.239 1185.83
Thumb: 106.564 88.6361 1052.09
Index: -11.241 46.9937 1129.2
Middle: -6.95815 68.0138 1157.8
Ring: -8.32541 47.4648 1152.44
Little: 25.1657 116.555 1184.33
Thumb: 90.8922 82.6473 1095.23
Index: -18.2187 47.6881 1132.48
Middle: -13.2212 69.2522 1160.54
Ring: -13.6229 47.0401 1152.12
Little: 22.0021 116.741 1183.24
Thumb: 84.0114 80.5592 1079.82
Index: -22.3375 49.6986 1130.58
Middle: -15.6405 70.5761 1157.16
Ring: -19.3195 49.0814 1148.76
Little: 14.1938 123.895 1171.29
Thumb: 76.2364 88.5469 1107.98
Index: -24.7789 49.83 1132.66
Middle: -16.2984 66.9569 1157.13
Ring: -21.6444 43.2162 1129.02
Little: 10.8397 121.371 1171.94
Thumb: 86.1454 79.38 1085.36
Index: -27.8914 50.9473 1133.07
Middle: -18.0196 64.698 1155.8
Ring: -24.8085 44.2645 1129.51
Little: 8.18032 118.371 1174.27
Thumb: 119.171 76.177 1082.58
Index: -31.5366 53.1209 1132.79
Middle: -21.4328 67.3773 1155.59
Ring: -28.662 46.3111 1129.32
Little: 5.13523 114.954 1174.4
Thumb: 106.953 68.1317 1054.7
Index: -32.4841 54.2164 1132.93
Middle: -22.0813 67.4934 1154.82
Ring: -29.5466 47.3264 1129.66
Little: 3.01569 116.501 1173.4
Thumb: 80.1642 77.014 1091.18
Index: -33.5792 54.5792 1131.75
Middle: -23.3927 68.1169 1153.84
Ring: -24.0273 48.79 1135.59
Little: 2.03534 117.736 1172.25
Thumb: 82.8772 75.3725 1071.33
Index: -29.3696 51.3709 1134.34
Middle: -23.2573 66.3519 1153.94
Ring: -22.6057 46.2901 1134.73
Little: 1.90082 113.048 1174.42
Thumb: 82.5281 77.63 1079.79
Index: -31.8726 50.5641 1130.27
Middle: -24.8775 65.4151 1151.33
Ring: -27.8847 44.1758 1127.7
Little: -0.347929 118.338 1169.23
Thumb: 88.6644 77.5082 1064.26
Index: -31.5485 49.8347 1131.54
Middle: -27.0437 64.5995 1150.92
Ring: -29.0921 43.7413 1128.02
Little: -2.46188 119.429 1167.99
Thumb: 82.3964 76.6203 1068.25
Index: -36.579 48.8081 1125.53
Middle: -27.0834 61.4586 1148.5
Ring: -32.9366 42.2914 1122.17
Little: -12.2364 149.205 1143.16
Thumb: 90.7153 89.3983 1097.22
Index: -30.9516 44.6855 1121.51
Middle: -22.8167 55.1619 1142.85
Ring: -28.5756 38.966 1115.81
Little: -13.3181 149.616 1144.28
Thumb: 110.011 114.755 1018.64
Index: -27.1444 42.7783 1114.64
Middle: -17.8862 51.7456 1137.71
Ring: -22.8682 37.2181 1110.43
Little: -13.1558 148.548 1145.48
Thumb: 101.28 127.741 1008.96
Index: -23.0646 42.443 1110.83
Middle: -11.3339 48.2568 1131.57
Ring: -18.9065 37.3021 1106.03
Little: -11.037 149.083 1147.48
Thumb: 102.624 149.944 992.149
Index: -21.1039 40.0977 1109.84
Middle: -12.7644 42.2247 1132
Ring: -11.6237 35.3293 1110.62
Little: -11.1895 145.249 1147.21
Thumb: 90.3848 126.416 1023.8
Index: -19.5669 38.9261 1108.9
Middle: -14.8769 35.9489 1130.22
Ring: -15.2917 34.011 1104.37
Little: -11.8904 142.323 1146.76
Thumb: 103.184 117.554 1052.29
Index: -18.9335 36.7426 1107.47
Middle: -12.0985 34.352 1128.05
Ring: -14.6518 31.9484 1102.54
Little: -14.0459 137.289 1144.45
Thumb: 102.942 118.667 1045.62
Index: -17.477 33.7661 1106.3
Middle: -10.0526 31.0219 1126.54
Ring: -13.127 29.1782 1101.12
Little: -13.5946 136.431 1145.88
Thumb: 112.265 118.759 1024.89
Index: -16.0287 31.7693 1106.58
Middle: -7.98529 28.8558 1126.13
Ring: -11.5168 27.2491 1101.48
Little: -15.7007 130.772 1144.54
Thumb: 91.249 105.986 1053.85
Index: -14.7096 31.15 1107.54
Middle: -7.96158 25.9109 1125.98
Ring: -10.1528 26.6352 1102.48
Little: -14.182 135.69 1146.22
Thumb: 85.5111 96.1465 1054.62
Index: -10.4477 31.2086 1107.07
Middle: -20.541 37.5795 1140.63
Ring: -5.64622 26.951 1102
Little: -15.5276 129.322 1145.61
Thumb: 85.3496 99.6432 1066.44
Index: -3.96255 33.4009 1108.87
Middle: -17.6057 37.5282 1141.48
Ring: 1.03734 29.3526 1103.82
Little: -13.6926 131.303 1147.05
Thumb: 83.9979 104.33 1077.24
Index: 4.95157 31.5666 1110.91
Middle: 0.590134 33.8058 1153.59
Ring: 6.83118 27.2993 1108.89
Little: -7.2705 99.8862 1146.21
Thumb: 89.4671 102.946 1083.83
Index: 8.15342 31.0936 1110.63
Middle: 1.13235 32.8747 1152.65
Ring: 5.53269 26.4424 1113.43
Little: -8.37784 98.795 1146.99
Thumb: 87.3528 103.776 1098.05
Index: 8.57764 29.3512 1115.38
Middle: -1.54341 22.4903 1135.78
Ring: 2.51814 24.8005 1119.87
Little: -11.9599 97.992 1148.47
Thumb: 118.712 102.598 1097.42
Index: 9.40183 31.1495 1122.81
Middle: 11.9375 13.4331 1117.54
Ring: 0.168631 26.1712 1122.99
Little: -18.8511 100.136 1145.92
Thumb: 129.613 113.778 1095.98
Index: 14.5799 38.8029 1135.74
Middle: 17.105 13.7236 1119.5
Ring: 5.08112 39.7197 1142.28
Little: -22.6148 102.698 1146.45
Thumb: 120.454 105.297 1111.12
Index: 14.8352 42.8551 1140.94
Middle: 16.4244 14.8947 1124.64
Ring: 2.73301 40.0132 1145.06
Little: -24.8371 104.427 1146.75
Thumb: 112.724 104.494 1114.4
Index: 15.6501 43.4064 1143.76
Middle: 18.6938 15.0037 1127.07
Ring: 4.21491 49.6025 1149.09
Little: -26.6051 103.233 1147.82
Thumb: 113.309 105.018 1119.23
Index: 14.9915 43.1075 1142.16
Middle: 22.8618 20.8665 1137.73
Ring: 3.57651 49.6363 1147.02
Little: -27.9932 102.375 1145.65
Thumb: 110.636 102.923 1124.21
Index: 24.2633 54.8645 1153.61
Middle: 21.0527 19.0108 1140.55
Ring: 1.14719 47.9388 1148.24
Little: -30.1421 100.501 1143.95
Thumb: 113.137 102.421 1124.4
Index: 24.5235 52.1673 1149.74
Middle: 22.1802 16.447 1135.97
Ring: 2.01532 44.8436 1145.11
Little: -29.7715 97.8772 1142.11
Thumb: 114.01 99.0684 1122.39
Index: 19.0197 42.1301 1151.98
Middle: 33.7729 101.537 1203.26
Ring: -4.85638 41.4957 1143.01
Little: -32.6881 94.049 1140.97
Thumb: 102.775 94.8478 1129.49
Index: 19.3788 37.9019 1147.39
Middle: 28.9416 88.0869 1203.21
Ring: -13.6905 16.5132 1117.84
Little: -37.9905 59.4459 1136.65
Thumb: 95.2201 91.4939 1125.73
Index: 17.703 33.3597 1138.02
Middle: 34.1083 88.556 1197.13
Ring: -14.5362 15.8957 1105.89
Little: -38.7233 57.1637 1128.45
Thumb: 93.7355 93.9281 1126.24
Index: 16.8355 29.6407 1131.8
Middle: 32.3976 80.2354 1193.18
Ring: -17.3188 13.0645 1098.54
Little: -40.8574 53.3047 1122.96
Thumb: 116.888 91.4583 1120.69
Index: 17.119 29.486 1126.83
Middle: 33.6587 81.5055 1188.37
Ring: -17.1966 12.7265 1091.61
Little: -41.5003 51.8787 1117.24
Thumb: 112.889 93.549 1124.01
Index: 20.0512 33.4417 1122.01
Middle: 32.7776 81.0889 1184.34
Ring: -15.9541 13.8997 1095.78
Little: -45.3484 41.0433 1094.16
Thumb: 118.974 94.9967 1119.64
Index: 21.8375 36.2856 1117.98
Middle: 32.0951 75.9753 1181.6
Ring: -15.0183 19.0398 1096.15
Little: -45.661 42.5267 1088.73
Thumb: 112.362 91.2598 1120.35
Index: 22.4531 38.3698 1117.95
Middle: 33.4384 79.6842 1179.46
Ring: -16.4465 18.5259 1094.56
Little: -46.748 42.8645 1087.91
Thumb: 125.652 102.218 1117.64
Index: 23.9809 41.2209 1116.15
Middle: 22.6165 79.2917 1179.06
Ring: -16.659 19.1363 1091.06
Little: -47.2731 43.2881 1084.65
Thumb: 124.951 101.286 1111.38
Index: 24.7843 40.4072 1114.51
Middle: 26.2217 79.8045 1176.35
Ring: -18.7043 15.3105 1079.34
Little: -43.9672 51.559 1102.45
Thumb: 112.87 96.3255 1114.34
Index: 23.5374 38.5942 1112.05
Middle: 26.428 79.9348 1174.64
Ring: -18.3983 15.2691 1078.96
Little: -43.9882 50.8603 1101.75
Thumb: 114.602 100.077 1110.76
Index: 22.4668 37.2569 1108.27
Middle: 27.5516 75.922 1171.77
Ring: -17.1921 14.4424 1079.38
Little: -43.8591 49.4572 1100.36
Thumb: 99.0032 85.8446 1111.46
Index: 21.964 36.9698 1106.41
Middle: 31.5052 70.095 1169.89
Ring: -19.5463 14.7545 1080.71
Little: -47.4813 51.8155 1092.02
Thumb: 75.7013 92.2086 1107.72
Index: 16.9433 37.607 1101.6
Middle: 24.688 87.9624 1164.45
Ring: -17.2245 18.751 1080.72
Little: -46.1403 50.9979 1096.08
Thumb: 86.453 96.3314 1108.13
Index: 3.90938 23.9593 1092.86
Middle: 23.2761 106.431 1149.83
Ring: -17.7216 15.9743 1068.57
Little: -43.9764 51.5057 1096.8
Thumb: 82.2978 95.6938 1102.49
Index: -0.958486 21.9064 1086.45
Middle: 16.904 107.853 1122.84
Ring: -20.4379 16.3421 1066.84
Little: -44.4221 51.6742 1097.73
Thumb: 83.9313 99.9188 1099.75
Index: -0.940123 23.2745 1087.46
Middle: 13.7427 109.214 1116.96
Ring: -23.7246 18.0554 1061.47
Little: -42.3081 52.8281 1097.2
Thumb: 89.1815 99.9887 1095.37
Index: -3.00072 23.4376 1085.92
Middle: 13.4227 110.781 1119.63
Ring: -23.4978 19.0418 1060.3
Little: -43.5096 53.5391 1097.25
Thumb: 91.2181 101.964 1097.44
Index: -1.7872 25.5289 1088.53
Middle: 14.491 110.784 1117.56
Ring: -21.3119 17.7281 1063.67
Little: -43.8044 54.7125 1092.19
Thumb: 101.671 102.739 1095.12
Index: -1.18263 27.0192 1090.05
Middle: 15.3979 109.881 1118.71
Ring: -19.7491 18.1519 1061.76
Little: -43.6814 55.2952 1091.46
Thumb: 118.43 115.352 1091.28
Index: -0.0670096 28.5753 1091.85
Middle: 15.3764 111.092 1121.6
Ring: -20.4778 18.9275 1057.51
Little: -44.5025 55.2459 1091.56
Thumb: 120.111 117.695 1090.89
Index: -0.656102 29.2157 1092.48
Middle: 14.1963 110.16 1121.6
Ring: -21.8707 19.6312 1056.62
Little: -45.1538 55.9535 1091.74
Thumb: 119.029 112.572 1091.71
Index: -25.3576 23.1556 1063.98
Middle: 17.5457 92.2122 1148.1
Ring: -23.9613 18.8951 1062.63
Little: -47.3044 57.4092 1095.85
Thumb: 119.514 115.826 1092.53
Index: -27.3332 23.9698 1068.42
Middle: -10.4372 7.69821 1075.16
Ring: -25.3212 19.7901 1066.66
Little: -49.9262 59.0143 1100.09
Thumb: 118.011 113.73 1094.93
Index: -28.3831 24.2635 1077.59
Middle: -35.1241 13.7459 1090.35
Ring: -25.8908 20.4946 1073.93
Little: -50.3623 60.3354 1106.14
Thumb: 116.298 123.318 1090.55
Index: -29.2322 24.5167 1086.01
Middle: -32.1847 17.785 1105.51
Ring: -24.239 22.1544 1098.79
Little: -49.4215 61.481 1115.98
Thumb: 116.344 121.484 1098.42
Index: -31.3131 23.8743 1099.25
Middle: -16.9806 13.7054 1113.88
Ring: -29.6367 21.1466 1111.08
Little: -49.755 62.5621 1128.12
Thumb: 99.7204 86.2926 1116.64
Index: -34.9744 25.1144 1112.15
Middle: -33.8633 7.86032 1112.28
Ring: -36.3187 25.226 1128.38
Little: -50.0733 61.4043 1139.33
Thumb: 113.447 89.9323 1112.41
Index: -39.9066 28.9415 1129.91
Middle: -41.8072 11.7969 1125.04
Ring: -44.2581 28.5143 1141.57
Little: -57.4945 60.2087 1140.52
Thumb: 116.095 90.4312 1104.46
Index: -41.3524 33.9867 1137.8
Middle: -41.8177 17.8041 1142.88
Ring: -47.1893 33.3996 1150.64
Little: -50.5934 65.2092 1159.45
Thumb: 99.0919 96.7176 1123.44
Index: -38.9328 36.6633 1146.93
Middle: -35.4011 24.513 1159.65
Ring: -49.3842 36.8049 1157.22
Little: -47.1172 69.05 1166.94
Thumb: 103.005 99.4398 1124.46
Index: -35.3557 42.3609 1152.7
Middle: -32.5785 29.5398 1164.61
Ring: -44.5051 44.2439 1170.26
Little: -40.7198 75.568 1175.05
Thumb: 103.209 100.733 1134.59
Index: -31.2668 44.6289 1160.38
Middle: -27.9145 30.4535 1171.35
Ring: -36.6314 46.0634 1178.23
Little: -35.6681 79.932 1183.14
Thumb: 110.681 106.742 1128.41
Index: -25.0896 49.156 1168.01
Middle: -26.1575 34.042 1175.38
Ring: -30.4476 49.863 1181.62
Little: -31.6555 85.6131 1187.73
Thumb: 117.994 103.296 1116.94
Index: -15.8066 49.3788 1173.7
Middle: -21.8632 47.9632 1188.05
Ring: -22.4674 48.9001 1183.24
Little: -12.8422 101.859 1198.76
Thumb: 119.547 108.854 1121.57
Index: -9.76883 50.6228 1173.96
Middle: -15.665 50.236 1189.89
Ring: -16.1367 50.156 1183.98
Little: -7.44108 102.362 1198.67
Thumb: 110.723 102.726 1124.17
Index: -9.23657 50.7116 1167.32
Middle: 0.0965395 60.9774 1188.28
Ring: -2.07571 46.1589 1175.57
Little: -3.44317 102.488 1197.68
Thumb: 124.647 109.293 1119.15
Index: -3.239 51.3464 1168.55
Middle: 3.35301 62.5165 1186.35
Ring: 3.21845 45.806 1170.47
Little: 0.390128 102.877 1194.97
Thumb: 119.805 104.868 1120.64
Index: 1.68245 49.4141 1162.6
Middle: 8.37711 60.1483 1181.6
Ring: 9.66614 44.371 1166.68
Little: 1.86428 100.331 1189.16
Thumb: 119.044 104.375 1124.95
Index: 8.69524 45.173 1157.04
Middle: 15.8517 57.6493 1176.7
Ring: 16.1611 40.7858 1161.32
Little: 3.19633 96.2039 1182.23
Thumb: 123.604 96.0913 1104.35
Index: 21.6376 40.6864 1145.65
Middle: 25.711 54.511 1169.64
Ring: 31.8106 36.9132 1149.33
Little: 15.1239 92.6324 1180.64
Thumb: 111.265 100.551 1107.95
Index: 26.8272 34.3051 1138.34
Middle: 35.0866 44.6063 1162.21
Ring: 35.3355 29.7546 1139.8
Little: 24.118 77.2945 1171.98
Thumb: 110.522 101.621 1104.1
Index: 30.9002 33.4016 1134.76
Middle: 38.9003 43.3273 1158.42
Ring: 35.871 28.9795 1134.64
Little: 20.7376 60.916 1161.26
Thumb: 118.934 90.5273 1093.89
Index: 25.2508 33.8479 1132.55
Middle: 10.7552 37.9402 1164.79
Ring: 26.1254 29.3796 1131.11
Little: 19.3814 62.1682 1161.9
Thumb: 148.345 98.4829 1078.41
Index: 17.3089 34.5477 1130.31
Middle: 5.18146 42.6284 1164.64
Ring: 18.8188 29.8418 1128.57
Little: 33.0017 85.3761 1184.14
Thumb: 150.684 104.283 1052.45
Index: 8.54324 40.8114 1134
Middle: -2.49828 46.2119 1166.69
Ring: 19.0216 35.1983 1138.96
Little: 33.7991 119.7 1191.91
Thumb: 130.81 93.6379 1044.26
Index: 2.31948 44.9073 1134.51
Middle: -8.29815 53.7591 1168.69
Ring: 52.1343 103.732 1184.91
Little: 29.9257 124.933 1187.56
Thumb: 128.608 82.1059 1046
Index: -5.16901 45.6006 1139.02
Middle: -11.3333 58.8095 1177.12
Ring: 48.1912 99.5886 1189.52
Little: 26.8444 143.339 1175.09
Thumb: 134.724 81.281 1045.08
Index: -7.10857 48.5935 1140.03
Middle: -12.133 62.05 1177.07
Ring: 48.2927 98.9774 1187.39
Little: 28.7422 140.162 1174.81
Thumb: 132.651 83.1635 1046.02
Index: -6.43673 48.8369 1140.63
Middle: -9.69711 65.6321 1180.58
Ring: 48.0276 101.534 1188.13
Little: 28.962 141.296 1174.31
Thumb: 153.725 82.199 1043.81
Index: -1.88664 55.2458 1135.14
Middle: -2.90138 74.1242 1178.55
Ring: 50.7879 112.471 1185.12
Little: 33.6015 128.496 1181.51
Thumb: 145.287 84.8278 1023.16
Index: -0.668695 57.5033 1142.52
Middle: -3.67099 75.2837 1179.91
Ring: 48.8209 109.342 1189.24
Little: 34.5214 128.355 1182.53
Thumb: 140.077 74.9987 1029.55
Index: -0.577178 61.1472 1144.2
Middle: -5.73528 75.3671 1175.94
Ring: 46.7218 108.726 1187.53
Little: 35.3909 130.484 1180.33
Thumb: 109.599 71.9853 1080.43
Index: -0.815567 61.5615 1144.02
Middle: -7.50574 74.7749 1173.72
Ring: 46.7914 110.149 1186.15
Little: -20.8489 106.519 1148.47
Thumb: 141.657 75.3276 1023.8
Index: -1.00073 61.3989 1143.14
Middle: -10.4625 69.2485 1167.21
Ring: 48.2415 110.3 1181.47
Little: -23.0882 106.633 1145.62
Thumb: 36.4638 71.4701 1101.09
Index: -2.63973 62.0785 1143.92
Middle: -11.7852 69.2009 1167.4
Ring: 46.5751 109.865 1182.61
Little: -25.0557 107.566 1144.99
Thumb: 31.906 72.8758 1099.03
Index: -4.25422 63.1003 1144.03
Middle: -15.5099 68.2421 1163.97
Ring: 45.2877 107.819 1182.38
Little: -25.1223 108.143 1144.13
Thumb: 32.7789 77.2979 1099.19
Index: -4.23689 61.3588 1144.5
Middle: -16.7635 66.1047 1163.4
Ring: 42.7472 103.043 1182.86
Little: -27.1228 106.779 1145.1
Thumb: 31.5775 76.6468 1101.38
Index: -5.13117 61.4698 1146.62
Middle: -17.9285 67.4673 1165.7
Ring: 48.5624 110.55 1175.06
Little: -27.3409 106.749 1146.67
Thumb: 31.6003 76.6568 1101.38
Index: -5.10761 61.4519 1146.59
Middle: -17.7529 67.5138 1165.85
Ring: 48.6828 110.739 1174.84
Little: -27.4221 106.728 1146.48
Thumb: 31.6291 75.8659 1100.38
Index: -4.92649 61.5858 1147.11
Middle: -17.7337 67.299 1165.91
Ring: 48.2212 110.086 1175.4
Little: -27.3761 106.87 1146.83
Thumb: 31.6513 74.8648 1099.51
Index: -5.71008 61.1256 1146.83
Middle: -17.087 67.0821 1166.8
Ring: 48.2405 110.673 1175.62
Little: -27.2402 106.968 1147.06
Thumb: 31.7436 74.8397 1099.7
Index: -5.60935 60.9976 1146.91
Middle: -17.0943 67.3458 1167
Ring: 47.0209 109.019 1176.9
Little: -27.1928 106.969 1147.18
Thumb: 31.5972 75.133 1099.63
Index: -5.92342 62.7419 1147.52
Middle: -17.983 68.5523 1166.93
Ring: 47.6789 109.789 1176.55
Little: -27.2626 107.878 1147.54
Thumb: 29.2202 76.1288 1101.48
Index: -8.25217 64.1634 1148.42
Middle: -20.0569 69.569 1167.22
Ring: 46.3112 109.86 1176.57
Little: -29.4007 111.1 1148.38
Thumb: 28.6938 78.1577 1100.5
Index: -8.21607 64.7995 1148.19
Middle: -19.5522 71.6178 1167.83
Ring: 44.179 109.376 1180.49
Little: -30.6877 115.581 1150.03
Thumb: 28.0048 78.6055 1101.69
Index: -7.80295 61.3418 1148.91
Middle: -16.216 70.7498 1171.32
Ring: 45.3321 111.143 1182.46
Little: -31.2459 117.241 1151.72
Thumb: 29.7273 79.9171 1104.95
Index: -6.56172 56.7685 1147.4
Middle: -11.1222 67.8028 1171.05
Ring: 45.0321 110.619 1192.28
Little: -30.0691 123.621 1152.97
Thumb: 32.3106 77.2617 1106.55
Index: -3.98526 52.8169 1148.22
Middle: -6.52222 70.3225 1176.52
Ring: 47.1099 109.296 1193.6
Little: -27.9905 127.501 1158.38
Thumb: 36.8455 80.4747 1100.87
Index: 3.9866 52.4043 1144.34
Middle: 2.40444 71.6901 1175.09
Ring: 51.1566 107.986 1191.19
Little: -21.8606 130.872 1161.5
Thumb: 38.7616 79.2084 1099.1
Index: 4.47073 51.3416 1142.9
Middle: 3.72475 69.6228 1174.68
Ring: 52.6411 104.934 1191.61
Little: -18.9916 130.494 1166.72
Thumb: 39.8314 78.4763 1097.52
Index: 6.62864 52.0219 1144.85
Middle: 7.10548 69.8228 1176.28
Ring: 54.2309 103.245 1191.47
Little: -11.6683 130.766 1174.27
Thumb: 38.1234 79.3179 1094.57
Index: 10.3321 52.2551 1145.81
Middle: 18.2502 71.9372 1175.84
Ring: 62.3125 103.73 1187.25
Little: -5.47052 130.376 1178.06
Thumb: 36.7275 78.9259 1092.58
Index: 13.2004 51.3669 1146.52
Middle: 17.4021 70.42 1175.07
Ring: 64.4533 102.63 1185.49
Little: 1.66642 128.75 1181.87
Thumb: 33.6119 80.6036 1088.85
Index: 16.8326 47.7535 1143.58
Middle: 16.9999 64.832 1172.62
Ring: 39.1369 88.1403 1187.16
Little: 10.3751 122.247 1185.47
Thumb: 34.1044 81.644 1088.93
Index: 20.8281 47.4183 1143.55
Middle: 18.9767 63.234 1172.06
Ring: 36.6671 84.0475 1185.9
Little: 25.4233 120.819 1189.43
Thumb: 41.2113 85.0841 1086.23
Index: 32.4398 42.5832 1129.73
Middle: 24.5284 55.3075 1157.53
Ring: 22.0406 73.7328 1170.02
Little: 31.3111 110.196 1181.87
Thumb: 53.54 85.3461 1086.01
Index: 33.8709 43.5797 1122.26
Middle: 26.5743 53.885 1150.93
Ring: 23.8401 72.0094 1163.86
Little: 59.9064 115.895 1178.44
Thumb: 53.8796 85.2086 1082.17
Index: 35.9143 42.8851 1119.43
Middle: 28.5706 53.5636 1148.76
Ring: 25.8548 70.729 1161.76
Little: 66.4083 116.342 1174.34
Thumb: 57.7197 83.2728 1092.47
Index: 36.7724 45.6494 1126.48
Middle: 14.0636 47.3899 1137.28
Ring: 12.6816 65.2056 1151.89
Little: 68.0398 119.585 1163.51
Thumb: 60.0086 87.5815 1094.21
Index: 13.3936 52.3234 1120.87
Middle: 46.5119 40.3805 1137.91
Ring: 92.3028 141.095 1121.55
Little: 68.5795 112.932 1165.38
Thumb: 65.8359 96.6001 1097.1
Index: 14.3311 50.0422 1112.73
Middle: 50.3958 41.3931 1131.66
Ring: 111.012 135.18 1120.65
Little: 69.7138 114.878 1158.47
Thumb: 66.2518 92.2284 1097.96
Index: 14.6624 49.5502 1112.18
Middle: 51.0313 40.8865 1130.87
Ring: 102.816 137.632 1118.24
Little: 68.6164 110.314 1159.93
Thumb: 65.1468 89.3214 1097.69
Index: 14.1916 46.8601 1110.15
Middle: 53.2151 39.8633 1130.13
Ring: 107.912 130.403 1121.32
Little: 72.2658 109.254 1159.45
Thumb: 65.9949 89.5355 1098.38
Index: 14.5006 45.2984 1108.66
Middle: 55.2785 39.1704 1129.12
Ring: 105.025 128.692 1122.24
Little: 74.9417 109.035 1156.9
Thumb: 65.2113 87.0242 1096.95
Index: 15.1367 43.8946 1109.1
Middle: 56.222 37.0876 1127.69
Ring: 80.4592 152.098 1110.62
Little: 75.586 105.963 1156.5
Thumb: 64.7735 89.9541 1097.69
Index: 12.4241 47.3855 1108.49
Middle: 54.8078 35.6158 1120.48
Ring: 82.9001 154.126 1117.76
Little: 70.6035 127.755 1149.79
Thumb: 60.1503 88.6435 1098.21
Index: 7.67524 47.5704 1107.34
Middle: 49.91 33.1333 1116.23
Ring: 86.4387 150.298 1117.29
Little: 66.556 124.325 1149.3
Thumb: 114.866 96.296 1184.7
Index: 42.6967 104.397 1185.55
Middle: 11.1322 10.2089 1107.02
Ring: -18.591 49.6071 1131.11
Little: -5.13682 129.314 1089.29
Thumb: 122.289 94.5468 1169.78
Index: 50.0225 101.918 1182.87
Middle: -0.100937 18.4699 1105.42
Ring: -21.9294 51.4156 1126.89
Little: -2.19666 125.132 1093.1
Thumb: 126.947 93.7487 1164.76
Index: 49.9696 99.9406 1181.98
Middle: -4.22263 21.5253 1102.53
Ring: -24.7577 53.4096 1125.9
Little: -4.47847 127.557 1095.49
Thumb: 127.608 93.7163 1162.77
Index: 36.6362 90.5296 1185.41
Middle: -3.92766 20.7203 1099.91
Ring: -25.2806 53.441 1125.88
Little: -5.74776 126.8 1094.99
Thumb: 127.497 92.9313 1161.16
Index: 33.8553 87.8707 1182.53
Middle: -3.07217 20.2512 1091.47
Ring: -26.181 54.0605 1122.37
Little: -5.23896 123.843 1093.66
Thumb: 130.186 92.7107 1153.47
Index: 38.8885 85.292 1181.13
Middle: -2.85959 19.0398 1093.16
Ring: -24.3513 55.9835 1131.01
Little: -5.47897 122.203 1095.48
Thumb: 131.52 93.5738 1148.12
Index: 48.0314 91.3075 1177.26
Middle: -1.9028 18.1224 1092.53
Ring: -22.3181 57.5141 1131.81
Little: -5.35261 122.671 1093.32
Thumb: 135.261 93.0608 1140.19
Index: 57.5733 98.0005 1172.95
Middle: -1.36019 18.4306 1090.52
Ring: -14.6654 70.3842 1143.69
Little: -5.64747 123.166 1096.73
Thumb: 133.522 94.903 1130.58
Index: 57.8027 90.7809 1174.37
Middle: -1.21624 18.3232 1090.69
Ring: 20.2055 110.898 1113.94
Little: -23.1591 108.606 1132.74
Thumb: 134.24 97.5648 1122.83
Index: 61.5897 91.4802 1172.16
Middle: -0.434923 18.9597 1090.18
Ring: 20.4703 113.582 1113.74
Little: -23.1002 107.374 1135.15
Thumb: 132.323 98.3828 1115.95
Index: 61.5877 92.3254 1168.94
Middle: -0.82523 20.1599 1083.99
Ring: 19.706 115.475 1111.19
Little: -23.7207 107.81 1131.85
Thumb: 132.462 97.4454 1112.09
Index: 61.1435 91.3939 1166.98
Middle: -2.41848 20.6721 1083.69
Ring: 19.5616 116.014 1109.63
Little: -26.3574 103.323 1130.86
Thumb: 129.058 97.0659 1110.2
Index: 59.7595 89.7465 1163.67
Middle: -2.81012 20.3501 1079.96
Ring: 18.0569 115.184 1106.93
Little: -25.6838 105.119 1128.15
Thumb: 130.782 96.773 1106.68
Index: 61.1177 89.4305 1160.47
Middle: -3.95447 20.3745 1077.56
Ring: 17.7811 115.053 1104.9
Little: -26.8588 102.146 1127.37
Thumb: 130.833 96.8056 1101.07
Index: 64.832 91.491 1156.55
Middle: -5.49106 21.6461 1074.21
Ring: 14.0243 112.326 1130.03
Little: -26.7826 102.692 1126.52
Thumb: 131.012 97.3256 1099.31
Index: 60.4573 87.6943 1154.18
Middle: -6.00256 22.692 1069.55
Ring: 5.82799 100.842 1149.22
Little: -25.7662 106.116 1122.61
Thumb: 130.294 97.46 1096.77
Index: 61.0685 88.556 1152.6
Middle: -5.52723 22.1912 1068.6
Ring: 7.55647 104.527 1150
Little: -32.392 91.1378 1110.08
Thumb: 128.422 97.3388 1097.52
Index: 57.8722 89.2791 1151.43
Middle: -6.99315 22.837 1067.61
Ring: 11.6537 118.679 1142.14
Little: -37.524 85.8084 1102.41
Thumb: 127.24 96.3978 1096.26
Index: 57.419 88.6207 1151.34
Middle: -6.76999 22.9313 1065.93
Ring: 8.43116 113.003 1148.21
Little: -37.2565 86.8169 1102.67
Thumb: 127.307 97.5059 1093.48
Index: 57.0752 90.5988 1149.04
Middle: -6.80824 22.8869 1066.61
Ring: 8.37554 111.019 1147.24
Little: -36.5023 86.5309 1100.12
Thumb: 129.321 98.494 1094.47
Index: 57.9411 89.2934 1148.25
Middle: -6.31065 22.8445 1064.47
Ring: 8.82255 113.496 1145.17
Little: -36.1007 87.8885 1097.72
Thumb: 130.657 100.525 1096.28
Index: 57.7645 91.3434 1147.84
Middle: -6.42161 22.772 1066.75
Ring: 9.15872 114.243 1145.04
Little: -33.8023 92.7504 1098.22
Thumb: 130.563 100.227 1097.85
Index: 58.1948 90.2589 1148.28
Middle: -6.73505 21.6892 1068.28
Ring: 6.84499 109.899 1145.85
Little: -34.1389 91.4837 1098.25
Thumb: 130.79 100.667 1098.73
Index: 59.0163 90.6591 1148.23
Middle: -6.70124 21.7011 1069.84
Ring: 6.24906 108.717 1145.93
Little: -24.5184 110.118 1093.77
Thumb: 128.987 100.511 1101.92
Index: 59.0757 91.1022 1149.14
Middle: -6.85035 21.8451 1071.62
Ring: 4.44024 105.986 1146.7
Little: -25.5454 108.973 1097.04
Thumb: 128.89 99.9096 1105.52
Index: 58.3943 89.6766 1150.13
Middle: -6.51698 20.7452 1075.14
Ring: 9.06512 113.881 1143.01
Little: -24.7456 109.533 1099.36
Thumb: 127.976 98.776 1109.16
Index: 55.543 85.1361 1152.14
Middle: -5.55111 19.1209 1078.04
Ring: 0.173079 95.1337 1146.01
Little: -24.6672 107.475 1101.09
Thumb: 128.055 100.219 1109.94
Index: 57.2588 89.628 1156.43
Middle: -4.16718 18.423 1081.67
Ring: 5.01124 108.014 1150.82
Little: -25.2078 107.014 1105.21
Thumb: 128.938 98.6871 1111.64
Index: 57.0207 87.2898 1159.31
Middle: -4.42222 16.8709 1084.07
Ring: 2.72416 100.552 1154.7
Little: -18.7022 119.378 1113.79
Thumb: 131.643 99.3812 1113.13
Index: 62.0288 92.3005 1162.03
Middle: -2.93374 15.8333 1092.11
Ring: -6.36251 78.0187 1152.38
Little: -22.5075 113.472 1132.09
Thumb: 133.346 101.006 1115.71
Index: 62.1432 92.6209 1164.31
Middle: -2.23514 15.2085 1092.94
Ring: -7.85919 73.8477 1153.21
Little: -21.6061 115.937 1134.52
Thumb: 134.836 100.83 1119.7
Index: 61.0565 88.8876 1167.62
Middle: -0.920774 15.411 1095.15
Ring: -3.70865 78.7137 1158.19
Little: -21.5075 112.443 1137.68
Thumb: 135.259 103.271 1123.64
Index: 60.7211 91.9985 1171.17
Middle: -0.829035 15.2829 1098.15
Ring: -4.25632 81.3787 1161.71
Little: -24.8609 105.734 1138.95
Thumb: 132.59 101.392 1131.6
Index: 58.5765 90.0443 1177.03
Middle: -1.6648 13.3387 1103.8
Ring: -5.26628 82.1486 1167.32
Little: -23.7999 110.324 1144.23
Thumb: 128.549 100.094 1140.57
Index: 54.5266 91.8575 1181.77
Middle: -2.17688 12.5804 1105.73
Ring: -6.88903 79.9858 1169.36
Little: -25.0567 113.445 1144.92
Thumb: 121.35 99.0031 1155.25
Index: 51.6603 97.6147 1186.71
Middle: -1.70568 11.4809 1107.25
Ring: -15.5474 56.2612 1158.25
Little: -29.3977 104.97 1143.7
Thumb: 121.884 98.7516 1161.72
Index: 46.5051 95.6381 1193.65
Middle: -1.29754 11.7614 1109.96
Ring: -15.3343 72.6572 1169.64
Little: -10.0197 52.2388 1096.1
Thumb: 127.677 101.814 1161.37
Index: 45.7456 92.4692 1196.66
Middle: -0.479346 14.3731 1111.06
Ring: -10.8884 85.532 1178.06
Little: -8.51993 54.2464 1098.72
Thumb: 136.61 108.379 1147.89
Index: 62.8849 93.1024 1197.15
Middle: -0.334745 16.6805 1111.88
Ring: -18.0545 35.0478 1126.87
Little: -19.8587 113.801 1164.71
Thumb: 132.471 107.857 1150.92
Index: 59.2236 92.0873 1199.68
Middle: -1.26739 17.4732 1110.14
Ring: -18.5807 36.0928 1127.52
Little: -22.3924 111.506 1166.18
Thumb: 115.547 104.359 1172.49
Index: 9.60351 30.2566 1118.68
Middle: -2.13837 18.5714 1110.76
Ring: -22.1243 36.4716 1118.51
Little: -29.658 91.6376 1148.23
Thumb: 67.8934 106.023 1206.99
Index: 0.283226 33.7413 1122.77
Middle: -1.99408 16.5746 1110.24
Ring: 6.05878 24.6039 1110.37
Little: -6.73282 58.725 1094.63
Thumb: 91.7258 174.646 1230.31
Index: 0.99363 31.7724 1116.76
Middle: -0.993665 15.9422 1108.07
Ring: 7.01313 24.0464 1110.74
Little: -4.62375 59.5806 1089.39
Thumb: 89.6016 183.194 1236.65
Index: -3.31551 32.8351 1118.45
Middle: -5.51517 16.8341 1110.24
Ring: 1.99026 24.7216 1113.38
Little: -0.10395 55.6473 1088.26
Thumb: 102.239 218.641 1223.55
Index: -6.29667 31.5364 1119.32
Middle: -8.44914 16.0521 1109.2
Ring: -1.2295 22.9936 1110.7
Little: 0.651202 52.2377 1087.21
Thumb: 105.524 210.107 1216.58
Index: -6.07172 30.5614 1119.72
Middle: -9.8514 16.1375 1110.44
Ring: -3.33923 23.1027 1106.89
Little: 4.78577 49.3785 1087.14
Thumb: -8.92898 130.079 1221.45
Index: -1.59966 48.0419 1085.01
Middle: -4.19269 36.2872 1077.69
Ring: 5.69958 43.9174 1081.46
Little: 21.951 89.6203 1058.22
Thumb: -18.3493 133.063 1218.87
Index: -4.03415 46.2277 1089.72
Middle: -1.63563 35.354 1079.08
Ring: 5.4022 44.7609 1082.23
Little: 22.9437 89.3347 1059.66
Thumb: -35.1773 134.697 1216.55
Index: -8.92145 30.8598 1111.82
Middle: -1.6173 33.8512 1081.02
Ring: 4.17746 45.3957 1080.37
Little: 24.4959 87.7311 1059.44
Thumb: -48.7182 135.481 1209.09
Index: -9.31724 28.5872 1109.66
Middle: 0.285 31.3982 1079.79
Ring: 7.06231 41.8324 1081.74
Little: 25.2046 80.8201 1058.2
Thumb: -58.0731 140.391 1198.94
Index: -8.66183 28.7042 1108.7
Middle: 2.25448 30.7474 1079.6
Ring: 6.62805 40.7998 1082.95
Little: 28.0447 76.4534 1060.63
Thumb: -70.4281 140.393 1177.89
Index: -8.306 26.331 1106.56
Middle: 3.02593 30.6129 1076.44
Ring: 7.89616 37.7909 1084.48
Little: 31.7775 74.2866 1060.95
Thumb: -80.1743 138.49 1161.98
Index: -5.70987 28.797 1103.87
Middle: 8.85162 29.2935 1079.02
Ring: 8.18322 38.7589 1086.05
Little: 35.9446 73.4074 1064.06
Thumb: -81.7963 150.396 1155.99
Index: -5.44148 30.1212 1103.84
Middle: 13.5123 29.9969 1076.43
Ring: 6.45871 36.0883 1086.43
Little: 38.9422 72.637 1060.79
Thumb: -89.1309 144.862 1137.44
Index: -6.09278 28.4143 1103.27
Middle: 13.8926 26.328 1078.55
Ring: 8.39623 50.9989 1071.41
Little: 39.4257 70.8321 1057.42
Thumb: -96.4286 145.159 1125.18
Index: -5.48994 25.889 1104.94
Middle: 14.2129 24.9048 1079.56
Ring: 6.93004 50.9828 1072.36
Little: 40.813 71.9233 1057.83
Thumb: -99.5212 160.484 1125.25
Index: -7.51201 26.396 1105.53
Middle: 15.2351 24.2422 1081.31
Ring: 6.16803 52.0758 1075.61
Little: 39.6894 69.4678 1059.45
Thumb: -101.49 157.734 1115.04
Index: -9.73138 31.9077 1096.55
Middle: 14.9386 23.1231 1084.25
Ring: 6.25483 52.9336 1075.69
Little: 40.5213 67.715 1063.97
Thumb: -103.163 157.063 1110.54
Index: -11.1086 30.0874 1099.07
Middle: 13.5852 23.3113 1084.87
Ring: 6.71084 49.9461 1077.2
Little: 40.1644 66.3297 1065.44
Thumb: -104.713 147.692 1104.98
Index: -13.3417 29.3991 1097.11
Middle: 11.8834 22.3729 1083.69
Ring: 6.53205 50.4601 1076.84
Little: 38.5774 64.7161 1064.67
Thumb: -102.182 144.194 1098.57
Index: -15.236 30.005 1094.66
Middle: 10.7112 22.9505 1080.91
Ring: 2.85851 46.9419 1076.33
Little: 37.7004 62.6901 1063.99
Thumb: -106.501 162.547 1104.85
Index: -16.604 28.557 1093.88
Middle: 9.54615 22.3528 1078.95
Ring: 2.13971 47.1315 1074.73
Little: 37.2803 61.43 1063.07
Thumb: -105.329 169.606 1102.94
Index: -17.9246 28.8503 1091.68
Middle: 9.56979 22.5726 1077.77
Ring: 1.90022 45.5428 1075.54
Little: 37.1424 59.5971 1063.4
Thumb: -103.081 156.814 1094.55
Index: -18.1593 25.5616 1092.6
Middle: 10.1218 21.1923 1077.14
Ring: 2.26101 44.0301 1074.1
Little: 38.3937 59.1635 1062.87
Thumb: -102.554 155.897 1093.26
Index: -18.1268 25.6188 1090.61
Middle: 10.8893 20.588 1076.96
Ring: 2.99517 43.0057 1074.5
Little: 38.7996 57.0429 1063.43
Thumb: -102.448 155.238 1089.97
Index: -17.823 26.2741 1090.29
Middle: 11.4042 21.4453 1077.09
Ring: 3.56135 43.3748 1075.29
Little: 39.175 56.9019 1064.51
Thumb: -102.524 155.692 1090.73
Index: -18.4793 28.4777 1088.2
Middle: 11.3912 21.4388 1077.09
Ring: 3.55177 43.3578 1075.28
Little: 39.4358 57.3615 1065.16
Thumb: -103.867 159.413 1088.96
Index: -17.634 27.0624 1089
Middle: 11.7734 22.356 1076.91
Ring: 6.22547 43.0959 1075.28
Little: 40.0448 58.6043 1065
Thumb: -103.844 159.595 1089.85
Index: -17.6234 27.0592 1089.31
Middle: 11.8503 22.392 1077.16
Ring: 6.02928 43.1865 1075.34
Little: 40.0828 58.7199 1065.19
Thumb: -104.397 162.432 1091.33
Index: -18.2067 28.5823 1091.14
Middle: 11.9742 21.5223 1081.5
Ring: 3.45735 43.3066 1079.47
Little: 39.8888 59.2916 1067.03
Thumb: -105.576 166.715 1092.21
Index: -17.8547 27.5746 1092.29
Middle: 12.3033 20.4708 1082.41
Ring: 5.01625 42.7437 1079.34
Little: 40.0189 59.667 1066.78
Thumb: -105.358 166.005 1092.78
Index: -18.2011 28.4405 1092.34
Middle: 12.0657 20.8886 1082.76
Ring: 5.05219 42.7501 1080.2
Little: 39.8863 59.5399 1067.65
Thumb: -105.212 167.429 1094.99
Index: -18.2462 28.1608 1093.67
Middle: 12.0518 20.5045 1084.84
Ring: 6.06924 42.67 1080.69
Little: 40.1446 59.8363 1069.31
Thumb: -104.857 153.576 1089.97
Index: -17.0047 28.3034 1093.35
Middle: 13.777 19.9009 1085.87
Ring: 5.33915 43.4396 1078.19
Little: 41.4399 58.4102 1069.65
Thumb: -103.234 146.671 1088.16
Index: -14.6843 27.206 1091.72
Middle: 13.8661 20.5187 1083.43
Ring: 6.39073 40.9689 1079.49
Little: 42.1552 57.4737 1068.04
Thumb: -103.547 147.137 1087.93
Index: -14.6349 27.1253 1092.05
Middle: 14.7616 20.7743 1083.33
Ring: 7.72656 40.6208 1079.24
Little: 42.2871 58.2132 1067.46
Thumb: -105.792 151.879 1090.09
Index: -14.1204 25.5244 1095.71
Middle: 14.4338 21.0526 1083.08
Ring: 8.47525 40.1842 1079.16
Little: 42.8286 58.191 1066.73
Thumb: -105.558 162.49 1091.81
Index: -14.2273 27.4477 1094.24
Middle: 14.2674 21.7269 1083.72
Ring: 9.29532 39.2521 1084.43
Little: 44.3421 59.4537 1065.55
Thumb: -101.35 167.653 1095.32
Index: -13.0729 29.6498 1096.02
Middle: 14.894 22.5527 1084.23
Ring: 11.8048 23.738 1105.64
Little: 43.8802 63.556 1063.62
Thumb: -102.616 175.327 1097.42
Index: -11.9786 31.3513 1095.22
Middle: 15.5156 24.919 1084.35
Ring: 12.1739 25.1153 1104.98
Little: 45.7284 63.7928 1064.57
Thumb: -102.269 169.016 1094.37
Index: -10.765 31.4239 1095.81
Middle: 15.7679 25.4201 1085.28
Ring: 12.1915 25.1706 1103.56
Little: 48.0763 62.9542 1064.35
Thumb: -99.9985 167.284 1091.91
Index: -9.86924 31.4955 1095.83
Middle: -3.74793 91.3619 1014.14
Ring: 12.0953 25.1162 1098.25
Little: 47.9964 63.0539 1063.87
Thumb: -97.9955 160.813 1086.57
Index: -6.80395 31.832 1094.5
Middle: -1.88693 83.795 1010.84
Ring: 14.7558 25.1853 1098.37
Little: 50.4839 64.4263 1060
Thumb: -92.9886 159.872 1083.99
Index: -3.19608 33.3949 1093.53
Middle: -1.16865 88.628 1010.14
Ring: 17.9896 24.9914 1095.61
Little: 51.9424 66.1697 1058.6
Thumb: -88.6219 158.631 1081.15
Index: -0.235551 33.059 1092.17
Middle: 4.89471 90.6423 1008.99
Ring: 22.3218 27.8379 1087.13
Little: 61.495 84.0359 1066.12
Thumb: -83.6903 158.774 1080
Index: 3.72949 33.652 1088.99
Middle: 9.70348 94.4063 1007.29
Ring: 27.7007 29.9542 1080.85
Little: 67.474 88.0901 1073.77
Thumb: -74.4536 157.082 1075.56
Index: 10.5755 38.6383 1083.32
Middle: 15.52 98.2259 1008.06
Ring: 33.1628 34.8318 1075.95
Little: 72.8441 93.2999 1075.17
