Thumb: 32.9554 91.7207 1121.92
Index: -64.5745 28.1944 1098.23
Middle: -101.42 40.8207 1097.63
Ring: -124.543 62.0639 1082.41
Little: -141.773 103.039 1080.87
Thumb: 38.4356 90.749 1103.29
Index: -51.8403 68.9982 1149.4
Middle: -106.595 44.9169 1100.21
Ring: -123.249 59.0201 1088.03
Little: -123.833 110.955 1101.29
Thumb: 31.163 88.3676 1107.35
Index: -56.0065 68.5722 1151.29
Middle: -109.866 47.3641 1100.49
Ring: -128.089 59.0321 1086.94
Little: -117.903 122.963 1090.04
Thumb: 26.1703 84.462 1107.69
Index: -52.5837 74.8701 1152.94
Middle: -110.68 51.2682 1100.39
Ring: -131.567 59.8595 1089.46
Little: -118.919 123.832 1090.5
Thumb: 19.2223 85.7009 1107.35
Index: -84.2411 30.8191 1095.94
Middle: -112.755 43.7165 1097.72
Ring: -129.77 57.2866 1090.94
Little: -118.444 121.786 1091.4
Thumb: 13.2156 85.297 1106.18
Index: -85.2796 31.4334 1095.99
Middle: -115.375 42.2515 1097.74
Ring: -131.006 57.6117 1093.59
Little: -120.769 122.709 1093.97
Thumb: 8.0529 83.9364 1103.28
Index: -87.6809 31.9419 1094.49
Middle: -115.227 42.5162 1099.69
Ring: -130.241 58.9742 1098.63
Little: -138.65 100.927 1094.48
Thumb: 2.71854 84.2148 1102.65
Index: -90.5662 33.5533 1095.33
Middle: -116.143 41.9574 1101.14
Ring: -130.551 59.1121 1102.27
Little: -139.044 101.179 1098.43
Thumb: 0.594026 83.9567 1097.38
Index: -94.3019 37.1214 1095.1
Middle: -115.755 42.1514 1098.84
Ring: -128.335 60.9126 1106.2
Little: -139.017 100.675 1101.52
Thumb: -1.97049 84.4553 1099.88
Index: -95.2439 39.792 1097.03
Middle: -118.834 41.8513 1098.19
Ring: -129.14 61.625 1106.35
Little: -142.952 95.5767 1100.85
Thumb: -7.28043 81.175 1098.52
Index: -98.238 42.3972 1097.71
Middle: -120.953 43.6323 1096.25
Ring: -129.593 62.3143 1107.52
Little: -145.141 95.1803 1098.85
Thumb: -10.0074 81.2107 1098.77
Index: -97.9708 42.0464 1098.76
Middle: -120.617 43.0156 1097.95
Ring: -128.167 62.7877 1109.41
Little: -144.264 94.7457 1103.04
Thumb: -9.04635 81.0279 1098.56
Index: -96.454 40.7809 1097.92
Middle: -119.641 43.0086 1098.85
Ring: -126.303 61.7126 1108.98
Little: -142.744 92.9823 1103.52
Thumb: -8.39113 81.2011 1099.14
Index: -90.6076 39.9437 1098.62
Middle: -115.14 42.5189 1100.59
Ring: -121.568 59.9857 1109.29
Little: -136.119 93.0534 1105.68
Thumb: -5.78012 83.9687 1100.52
Index: -84.0326 39.9299 1096.68
Middle: -107.452 40.7017 1099.97
Ring: -113.712 59.7683 1110.18
Little: -129.431 90.537 1105.19
Thumb: -3.17219 84.0572 1102.06
Index: -75.9358 40.504 1099.62
Middle: -102.624 40.3019 1100.32
Ring: -108.136 58.3718 1112.03
Little: -122.762 87.3263 1106.63
Thumb: 1.89964 86.6177 1102.42
Index: -69.3358 38.1254 1098.16
Middle: -93.0811 39.2327 1101.52
Ring: -101.264 56.7478 1112.15
Little: -116.425 84.6753 1107.74
Thumb: 8.472 87.5143 1100.94
Index: -59.7202 35.047 1096.48
Middle: -84.2892 37.3247 1102.26
Ring: -92.304 54.0438 1109.6
Little: -107.255 79.4592 1106.71
Thumb: 15.813 89.0143 1103.8
Index: -50.0289 35.8938 1099.6
Middle: -74.2903 34.2311 1102.26
Ring: -86.3767 50.118 1107.2
Little: -102.883 74.2463 1103.75
Thumb: 22.9987 89.2628 1096.5
Index: -41.2434 34.5104 1097
Middle: -64.4883 32.7618 1101.28
Ring: -80.2518 46.8866 1106.08
Little: -93.7318 71.378 1102.78
Thumb: 31.4961 89.923 1083.71
Index: -30.818 34.439 1098.14
Middle: -54.5706 30.1257 1101.13
Ring: -71.4507 43.3133 1106.26
Little: -85.2772 69.2597 1104.49
Thumb: 41.5118 92.8726 1101.86
Index: -25.4574 32.6665 1100.07
Middle: -50.76 27.5058 1100.62
Ring: -64.9091 41.1072 1107.68
Little: -77.9938 66.5559 1105.29
Thumb: 47.7834 91.183 1104.46
Index: -19.0913 31.7214 1100.97
Middle: -44.6634 26.2665 1101.16
Ring: -58.7721 40.3229 1107.74
Little: -72.9792 64.7615 1101.46
Thumb: 53.2438 90.6512 1105.87
Index: -13.6788 29.7784 1098.11
Middle: -38.2394 25.1667 1099.32
Ring: -52.5479 38.5434 1106.16
Little: -65.8537 62.9634 1099.74
Thumb: 59.9433 88.6272 1106.58
Index: -6.17421 27.4213 1098.97
Middle: -31.1211 22.8754 1100.47
Ring: -45.2629 35.3295 1106.43
Little: -59.2501 57.471 1097.77
Thumb: 67.3229 87.4065 1102.51
Index: 2.46183 26.2221 1099.45
Middle: -23.31 20.152 1098.24
Ring: -38.7151 32.7968 1103.09
Little: -52.7294 56.4842 1097.67
Thumb: 74.7225 86.0957 1104.25
Index: 10.9599 22.1696 1101.78
Middle: -16.3202 15.5065 1097.11
Ring: -32.6451 30.1042 1104.59
Little: -48.1941 51.2412 1096.2
Thumb: 83.348 84.7919 1103.45
Index: 20.6083 21.0547 1104.21
Middle: -9.63035 13.3422 1096.46
Ring: -25.0728 30.9042 1106.29
Little: -41.597 52.5554 1098.47
Thumb: 92.6078 87.6007 1105.11
Index: 30.6745 17.8516 1100.67
Middle: -2.34727 9.96409 1092.6
Ring: -17.9777 28.0791 1104.42
Little: -38.2354 52.1544 1101.1
Thumb: 100.412 88.2101 1103.09
Index: 38.7607 16.8603 1099.14
Middle: 4.68416 8.81603 1091.01
Ring: -9.93872 29.4445 1105.57
Little: -32.6965 50.1376 1101.65
Thumb: 111.233 87.7707 1104.44
Index: 46.6281 14.3118 1100.1
Middle: 11.2608 4.93965 1089.27
Ring: -3.68023 26.3092 1101.82
Little: -27.9409 46.3536 1102.67
Thumb: 117.825 88.7009 1103.52
Index: 53.772 11.8823 1100.1
Middle: 17.2394 1.51048 1087.09
Ring: 2.79255 22.5287 1103.23
Little: -19.8167 43.004 1105.31
Thumb: 129.3 90.4424 1105.84
Index: 59.794 11.8856 1100.44
Middle: 23.8683 2.11623 1089.1
Ring: 9.02559 23.6325 1103.43
Little: -15.8285 43.3744 1102.67
Thumb: 134.2 90.3836 1105.51
Index: 64.0919 12.0897 1095.94
Middle: 29.4607 5.49801 1085.73
Ring: 12.8075 22.3479 1096.11
Little: -11.956 46.0624 1096.96
Thumb: 139.386 90.5348 1106.45
Index: 69.1083 12.7454 1096.34
Middle: 33.9499 5.46466 1081.83
Ring: 17.5871 22.8912 1093.28
Little: -6.98426 47.6236 1094.54
Thumb: 143.954 91.9272 1106.6
Index: 75.146 12.6017 1096.37
Middle: 39.5526 4.56497 1081.19
Ring: 23.4493 22.5782 1094.67
Little: -1.48637 47.044 1097.38
Thumb: 148.682 95.0033 1107.47
Index: 79.9045 12.1996 1096.77
Middle: 44.9527 3.5402 1081.75
Ring: 28.8846 22.4323 1097.82
Little: 2.45695 44.2227 1097.53
Thumb: 152.533 98.8988 1109.99
Index: 84.5048 16.0856 1101.68
Middle: 48.4735 2.93238 1079.7
Ring: 32.0482 22.1723 1097.77
Little: 8.16411 52.6674 1104.62
Thumb: 157.401 99.1844 1109.97
Index: 86.7273 12.1174 1100.18
Middle: 51.863 1.76528 1081
Ring: 37.8638 29.736 1104.43
Little: 11.9864 53.0973 1109.19
Thumb: 162.439 100.953 1110.05
Index: 88.3228 12.4728 1098.48
Middle: 53.372 2.63895 1080.86
Ring: 39.3276 29.4577 1103.19
Little: 15.7788 60.0107 1111.36
Thumb: 165.371 99.2734 1116.26
Index: 91.2263 21.9298 1105.78
Middle: 51.8729 -0.861736 1079.3
Ring: 60.4222 93.9413 1155.22
Little: 26.8806 94.3117 1115.59
Thumb: 165.684 99.0595 1115.61
Index: 92.4773 22.3286 1106.97
Middle: 52.763 -1.65657 1083.29
Ring: 59.0737 85.7756 1163.68
Little: 27.6053 92.8044 1112.81
Thumb: 165.195 99.2345 1117.37
Index: 90.981 22.7269 1108.51
Middle: 51.5705 -0.750854 1083.99
Ring: 54.8318 79.9041 1164.42
Little: 27.5759 95.6177 1104.05
Thumb: 165.609 99.9009 1116.37
Index: 88.4317 25.7203 1109.01
Middle: 48.0707 2.83924 1082.33
Ring: 53.5052 82.1874 1163.69
Little: 26.8705 99.8359 1105.15
Thumb: 163.218 97.589 1114.49
Index: 85.8888 27.0953 1110.41
Middle: 44.0571 4.67579 1082.38
Ring: 56.4378 90.704 1163.71
Little: 25.2246 99.7291 1141.3
Thumb: 160.726 96.8849 1113.39
Index: 81.6418 23.7241 1108.93
Middle: 40.3483 4.98268 1082.63
Ring: 54.8096 90.3546 1163.58
Little: 24.85 103.54 1140.9
Thumb: 155.675 95.4819 1115.12
Index: 77.1363 25.8289 1110.22
Middle: 35.2283 6.09892 1081.64
Ring: 48.7424 89.2877 1165.08
Little: 19.906 103.434 1142.12
Thumb: 151.586 95.127 1115.47
Index: 71.5162 27.8231 1108.51
Middle: 29.8324 9.4013 1079.96
Ring: 44.5264 94.7847 1164.52
Little: 15.2118 106.474 1141.09
Thumb: 146.697 95.3143 1117.25
Index: 82.0623 61.3632 1105.97
Middle: 23.021 11.3924 1078.8
Ring: 36.3966 90.6835 1165
Little: 9.67038 106.983 1141.28
Thumb: 141.342 93.0548 1117.21
Index: 75.6849 60.0509 1105.86
Middle: 15.1946 11.9309 1080.04
Ring: 29.9653 89.7984 1164.52
Little: 4.39692 107.614 1140.63
Thumb: 133.312 93.3797 1118.02
Index: 70.3098 61.034 1105.9
Middle: 9.42219 13.4148 1079.17
Ring: 30.175 101.613 1163.99
Little: -0.0418142 110.411 1140.31
Thumb: 125.387 95.3741 1122.93
Index: 62.3682 63.1065 1109.41
Middle: 3.30978 14.8885 1079.62
Ring: 14.3355 96.655 1164.16
Little: -11.6418 109.349 1138.23
Thumb: 113.603 95.6709 1125.06
Index: 56.1923 63.9557 1109.29
Middle: -2.52436 15.8282 1080.08
Ring: 8.66502 97.9516 1164.72
Little: -16.5696 112.75 1138.99
Thumb: 104.904 95.1554 1127.67
Index: 50.5215 64.5982 1112.15
Middle: -9.39624 17.7581 1082.32
Ring: -5.12801 86.3257 1162.63
Little: -22.5318 113.284 1139.75
Thumb: 98.4881 95.6201 1126.92
Index: 43.4121 64.4262 1114.76
Middle: -15.5803 17.9117 1083.92
Ring: -1.18081 108.157 1167.35
Little: -19.9724 56.2308 1083.13
Thumb: 93.5328 93.5899 1128.02
Index: 38.545 64.2828 1116.13
Middle: -23.6169 20.1101 1089.1
Ring: -7.42548 101.972 1170.5
Little: -25.6768 57.8487 1086.16
Thumb: 91.1815 97.3092 1130.15
Index: 33.4163 67.2596 1119.93
Middle: -27.825 20.8006 1092.15
Ring: -12.5347 104.675 1174.18
Little: -30.9875 58.2035 1091.31
Thumb: 85.5671 92.8804 1131.05
Index: 16.8202 48.4337 1128.01
Middle: -31.9311 18.3367 1094.19
Ring: -17.685 103.718 1176.53
Little: -39.1037 59.2088 1093.71
Thumb: 81.8298 96.6104 1140.72
Index: -3.0712 26.5424 1133.07
Middle: -34.1378 16.998 1096.88
Ring: -27.5614 114.971 1173.71
Little: -44.8438 60.7913 1101.48
Thumb: 68.6447 97.9837 1161.9
Index: -22.011 28.9253 1139.73
Middle: -35.8365 14.8634 1098.67
Ring: -51.8547 107.99 1163.77
Little: -49.7111 61.1615 1094.74
Thumb: 28.5392 108.828 1202.61
Index: -25.371 107.452 1169.68
Middle: -40.58 15.4787 1105.46
Ring: -78.2771 103.777 1134.44
Little: -45.0669 58.9749 1081.76
Thumb: 72.9405 159.891 1222.98
Index: -8.23902 110.103 1156.86
Middle: -43.2348 18.7601 1106.46
Ring: -36.0068 29.2146 1107.49
Little: -37.055 60.6357 1075.89
Thumb: 46.3754 152.616 1225.43
Index: -29.8623 89.7259 1136.31
Middle: -47.8473 23.5463 1112.7
Ring: -38.5166 33.9567 1107.96
Little: -36.2681 62.4434 1071.59
Thumb: 53.9066 171.349 1226.19
Index: -53.7288 35.1158 1122.51
Middle: -54.4066 24.8527 1113.86
Ring: -42.981 34.2585 1109.76
Little: -40.3366 62.5601 1072.89
Thumb: 57.1019 181.646 1217.24
Index: -49.913 36.6256 1116.62
Middle: -56.798 29.8818 1109.71
Ring: -58.2016 43.4262 1088.97
Little: -40.2978 67.661 1069.66
Thumb: -71.9121 160.302 1185.84
Index: -73.1952 51.5134 1145.13
Middle: -58.3006 29.6629 1110.04
Ring: -58.6767 42.769 1089.68
Little: -36.5876 64.355 1070.6
Thumb: -75.2746 163.944 1181.76
Index: -78.9451 57.2786 1148.37
Middle: -61.8246 30.603 1113.5
Ring: -56.5517 39.9867 1091.98
Little: -35.8329 61.9571 1072.27
Thumb: -2.02665 217.512 1121.12
Index: 34.3087 181.774 1127.65
Middle: 63.7072 173.381 1038.17
Ring: 47.9763 119.286 1144.41
Little: 32.1237 123.486 1044.89
Thumb: -22.3591 263.126 1124.49
Index: 45.1076 173.103 1117.15
Middle: 64.093 113.465 1044.86
Ring: 67.3133 147.187 1073.16
Little: 38.4756 116.891 1052.29
Thumb: -14.0439 261.288 1118.35
Index: 43.2642 173.859 1122
Middle: 78.7948 134.639 1084.92
Ring: 70.2057 150.549 1064.97
Little: 45.4146 115.091 1061.99
Thumb: -17.3336 263.363 1113.12
Index: 25.2422 176.049 1111.8
Middle: 79.4417 131.061 1068.93
Ring: 70.1614 143.832 1064.34
Little: 44.0888 104.565 1094.6
Thumb: -25.1625 266.555 1111.29
Index: 61.4688 150.578 1117.41
Middle: 65.7345 105.36 1085.83
Ring: 72.9073 137.659 1064.97
Little: 38.159 97.927 1106.15
Thumb: -29.9713 270.557 1108.38
Index: 36.8698 165.155 1106.93
Middle: 63.9719 109.15 1092.74
Ring: 74.7788 138.693 1078.53
Little: -19.2512 89.7691 1134.84
Thumb: -58.9233 280.524 1118.58
Index: 34.2947 163.119 1108.12
Middle: 61.3613 106.237 1108.21
Ring: 76.5426 132.127 1080.08
Little: -25.2338 91.8472 1125.73
Thumb: -58.9694 280.927 1108.03
Index: 54.8863 147.953 1113.91
Middle: 60.8377 106.935 1114.51
Ring: 77.1624 132.746 1085.06
Little: -27.2806 92.5458 1128.77
Thumb: -78.1648 276.625 1100.7
Index: 53.8685 145.139 1115.72
Middle: 72.3931 89.3006 1101.04
Ring: 76.2141 129.802 1093.02
Little: -29.5698 91.8852 1129.22
Thumb: -67.7288 275.198 1090.57
Index: 64.6814 136.164 1122.41
Middle: 77.4372 95.9655 1109.51
Ring: 77.9996 128.66 1094.75
Little: -14.9634 96.2799 1160.63
Thumb: -76.3906 272.092 1088.48
Index: 70.109 131.597 1119.91
Middle: 83.6223 103.377 1105.27
Ring: 75.6888 131.37 1119.72
Little: -7.68972 98.7663 1165.77
Thumb: -59.56 279.584 1101.49
Index: 27.6063 176.622 1165.49
Middle: 94.4458 147.85 1094.32
Ring: 0.886499 132.964 1183.78
Little: -9.67409 99.904 1166.03
Thumb: -63.4714 281.121 1093.24
Index: 23.035 178.829 1168.52
Middle: 93.4434 147.401 1105.73
Ring: 3.10814 133.706 1183.94
Little: -17.2603 99.8475 1164.34
Thumb: -67.8704 280.454 1087.5
Index: 36.0078 169.192 1169.41
Middle: 78.1063 151.627 1119.55
Ring: 1.36647 135.819 1182.39
Little: -11.5213 102.252 1165.24
Thumb: -82.0981 268.202 1067.07
Index: 50.4711 166.374 1161.28
Middle: 81.849 155.902 1114.45
Ring: -0.183096 135.842 1179.72
Little: -2.70629 103.025 1161.78
Thumb: -69.4847 267.935 1060.34
Index: 48.3315 163.746 1159.74
Middle: 7.34756 157.845 1173.97
Ring: -0.489992 136.867 1177.51
Little: -9.87542 103.166 1160.55
Thumb: -67.7344 269.766 1062.28
Index: 21.1879 178.927 1148.56
Middle: 8.65525 158.935 1180.41
Ring: -0.563179 136.563 1175.54
Little: -9.47056 103.057 1158.05
Thumb: -66.7206 271.447 1059.67
Index: 25.1219 175.814 1152.13
Middle: 7.61108 158.099 1179.48
Ring: -0.742002 135.933 1174.4
Little: -10.828 102.398 1156.66
Thumb: -53.1202 276.772 1066.47
Index: 24.7088 175.338 1147.36
Middle: 8.58533 158.003 1177.51
Ring: 0.382263 135.569 1172.17
Little: -7.72263 102.219 1154.01
Thumb: -29.2263 251.479 1082.42
Index: 34.8419 166.879 1143.5
Middle: 9.11383 156.99 1176.24
Ring: 0.952535 134.805 1170.84
Little: -7.78798 101.642 1152.61
Thumb: -25.6326 248.718 1084.55
Index: 27.331 174.667 1144.46
Middle: 7.97956 157.461 1174.2
Ring: 1.88087 135.535 1168.72
Little: -12.3675 101.738 1149.54
Thumb: -33.091 270.951 1072.03
Index: 29.1082 176.833 1142.24
Middle: 10.0596 160.313 1172.49
Ring: 3.94847 138.261 1167.56
Little: -8.97833 104.253 1149.72
Thumb: -39.4035 270.706 1074.07
Index: 30.5066 177.964 1144.41
Middle: 11.6006 161.151 1171.83
Ring: 3.8573 139.192 1167.05
Little: -3.45023 105.399 1149.89
Thumb: -28.0063 268.271 1076.18
Index: 36.3797 177.39 1142.41
Middle: 12.1371 164.237 1171.78
Ring: 7.25486 141.773 1167.09
Little: -1.38733 107.991 1149.98
Thumb: -32.5623 269.937 1074.81
Index: 23.8658 189.068 1135.15
Middle: 15.3283 167.101 1171.13
Ring: 9.27102 144.721 1166.83
Little: 2.75071 110.319 1150.33
Thumb: -39.6977 270.448 1075.42
Index: 22.9485 192.093 1135.55
Middle: 17.0723 168.816 1172.12
Ring: 10.0837 146.117 1168.3
Little: 5.7821 111.531 1152.26
Thumb: -30.9951 262.938 1078.58
Index: 42.3606 183.281 1137.67
Middle: 16.305 171.001 1173.22
Ring: 10.8358 147.4 1169.6
Little: 7.97228 112.922 1153.82
Thumb: -38.9502 271.733 1070.87
Index: 76.57 161.438 1125.44
Middle: 21.9658 171.847 1172.98
Ring: 15.2288 148.743 1169.99
Little: 10.7717 113.788 1155.1
Thumb: -30.2578 268.285 1078.32
Index: 74.8612 161.754 1120.1
Middle: 23.8997 173.411 1172.7
Ring: 13.4105 149.255 1170.33
Little: 9.85607 113.986 1156.31
Thumb: -35.9953 267.097 1087.02
Index: 82.204 174.428 1112.47
Middle: 21.0933 172.735 1174.51
Ring: 19.5767 149.89 1171.63
Little: 14.5698 114.292 1157.34
Thumb: -29.8141 270.663 1085.81
Index: 87.3855 185.606 1113.6
Middle: 24.3558 170.396 1177.38
Ring: 25.225 147.697 1174.12
Little: 20.5198 112.287 1159.35
Thumb: -23.1621 269.204 1087.75
Index: 85.3916 186.593 1121.65
Middle: 30.8049 167.414 1181.19
Ring: 32.079 145.032 1177.61
Little: 19.2941 107.416 1161.46
Thumb: -37.0317 270.193 1082.77
Index: 71.7812 181.45 1122.14
Middle: 40.3909 161.1 1184.17
Ring: 38.3724 138.53 1179.89
Little: 22.4992 100.905 1160.94
Thumb: -24.3146 264.379 1090
Index: 71.1879 178.003 1117.18
Middle: 47.8131 159.373 1185.2
Ring: 44.7826 136.55 1180.96
Little: 29.2402 98.2687 1161.45
Thumb: -9.79062 256.443 1095.96
Index: 76.192 181.494 1118.19
Middle: 46.8538 160.661 1186.15
Ring: 46.1025 138.261 1182.19
Little: 32.2029 99.5007 1162.74
Thumb: 1.06451 236.15 1103.4
Index: 92.0808 184.521 1134.25
Middle: 56.3786 160.884 1185.82
Ring: 54.7092 137.81 1181.9
Little: 41.5934 98.266 1162.76
Thumb: 2.45418 246.908 1095.82
Index: 88.3653 184.379 1141.11
Middle: 62.8047 160.079 1185.57
Ring: 61.2247 137.061 1181.61
Little: 47.1692 97.155 1161.6
Thumb: -0.452766 246.404 1091.7
Index: 75.8954 179.764 1122.16
Middle: 65.7457 160.161 1185.93
Ring: 64.7211 136.97 1181.85
Little: 52.9193 96.8474 1161.5
Thumb: 13.2554 235.231 1099.83
Index: 103.344 181.687 1126.46
Middle: 70.2112 162.121 1185
Ring: 70.1182 139.044 1181.09
Little: 59.5907 98.8975 1162.26
Thumb: 5.4654 245.843 1090.1
Index: 75.9696 190.838 1167.75
Middle: 76.0747 163.31 1183.75
Ring: 75.4079 139.954 1180.24
Little: 63.7928 98.7442 1160.18
Thumb: 7.26287 243.884 1094.64
Index: 81.1131 191.424 1167.68
Middle: 79.4646 164.667 1183.46
Ring: 81.1354 141.534 1179.83
Little: 72.3124 101.145 1161.85
Thumb: 20.9077 248.877 1096.05
Index: 83.8724 193.503 1169.13
Middle: 85.3008 166.199 1184.19
Ring: 87.2456 143.244 1180.05
Little: 83.5333 104.68 1163.25
Thumb: 53.8244 218.742 1113.62
Index: 90.0101 193.708 1170.37
Middle: 91.0279 166.296 1185.46
Ring: 92.7746 143.436 1181.3
Little: 88.6298 105.233 1164.84
Thumb: 60.9106 216.876 1112.49
Index: 99.2927 191.463 1170.44
Middle: 99.414 164.355 1185.43
Ring: 100.369 141.149 1181.26
Little: 101.733 105.879 1164.9
Thumb: 66.5726 215.6 1110.63
Index: 108.177 188.348 1170.48
Middle: 105.805 161.987 1185.58
Ring: 107.148 139.024 1181.23
Little: 108.13 103.819 1164.74
Thumb: 72.312 214.466 1110.62
Index: 110.562 188.206 1170.71
Middle: 110.789 160.849 1185.35
Ring: 111.927 137.918 1180.79
Little: 112.449 102.841 1163.98
Thumb: 79.0897 212.576 1113.86
Index: 113.378 187.176 1170.33
Middle: 117.115 158.364 1185.2
Ring: 113.236 135.234 1181.07
Little: 116.017 100.098 1164.71
Thumb: 83.8893 218.579 1117.51
Index: 116.767 189.137 1169.46
Middle: 115.218 160.96 1184.67
Ring: 118.424 136.017 1180.68
Little: 118.994 102.174 1163.88
Thumb: 89.3649 217.189 1115
Index: 134.363 185.445 1159.61
Middle: 192.959 117.229 1110.51
Ring: 154.185 127.238 1165.15
Little: 159.434 107.748 1123.55
Thumb: 94.2022 219.886 1114.46
Index: 160.099 173.112 1143.97
Middle: 123.132 167.659 1171.79
Ring: 142.091 134.515 1167.92
Little: 151.792 105.795 1134.55
Thumb: 103.048 220.707 1116.73
Index: 156.871 182.102 1146
Middle: 181.31 132.196 1135.56
Ring: 139.917 140.854 1168.17
Little: 127.085 101.808 1157.05
Thumb: 107.437 222.715 1112.55
Index: 179.385 155.176 1105.95
Middle: 171.723 102.51 1069.91
Ring: 135.547 135.653 1161.25
Little: 116.676 100.016 1153.95
Thumb: 108.97 225.4 1112.05
Index: 164.702 137.007 1054.31
Middle: 170.879 116.679 1084.39
Ring: 151.039 139.245 1150.68
Little: 124.226 103.737 1151.71
Thumb: 107.324 228.07 1112.3
Index: 157.665 141.551 1042.16
Middle: 164.929 142.236 1106.14
Ring: 167.625 147.626 1062.37
Little: 135.331 107.721 1138.52
Thumb: 105.437 228.406 1111.46
Index: 150.408 143.037 1035.55
Middle: 149.004 160.336 1122.72
Ring: 161.397 151.54 1044.6
Little: 149.801 116.339 1079.57
Thumb: 87.4895 265.402 1107.73
Index: 152.337 169.23 1077.91
Middle: 177.393 156.632 1125.72
Ring: 155.709 149.055 1078.4
Little: 117.306 107.905 1115.33
Thumb: 94.5624 260.343 1107.23
Index: 151.341 170.574 1076.21
Middle: 175.587 138.163 1091.39
Ring: 131.336 145.022 1087.54
Little: 128.216 108.416 1121.63
Thumb: 108.77 253.648 1100.29
Index: 143.512 151.283 1034.79
Middle: 167.914 132.638 1073.95
Ring: 143.061 146.813 1082.45
Little: 119.081 104.269 1128.35
Thumb: 102.093 259.711 1098.93
Index: 146.356 153.15 1044.1
Middle: 143.986 135.956 1072.45
Ring: 144.396 145.841 1077.96
Little: 125.097 112.222 1087.3
Thumb: 97.7446 216.534 1064.47
Index: 137.654 159.731 1032.64
Middle: 142.494 145.241 1077.4
Ring: 145.636 152.22 1075.05
Little: 120.997 120.234 1078.29
Thumb: 94.3637 162.901 1104.38
Index: 158.094 172.821 1081.51
Middle: 145.375 138.526 1054.75
Ring: 144.092 151.919 1075.18
Little: 119.764 120.137 1078.12
Thumb: 95.2113 163.739 1105.18
Index: 154.19 170.899 1072.88
Middle: 141.094 142.836 1057.34
Ring: 143.974 153.025 1076.46
Little: 118.507 120.269 1080.94
Thumb: 105.688 172.933 1079.85
Index: 149.579 169.536 1065.64
Middle: 144.922 160.578 1121.97
Ring: 143.176 153.267 1076.84
Little: 115.406 119.701 1082.58
Thumb: 106.78 174.997 1079.2
Index: 149.414 168.499 1065.45
Middle: 152.923 155.658 1120.05
Ring: 137.701 168.768 1037.26
Little: 115.169 119.885 1081.58
Thumb: 104.791 171.105 1082.25
Index: 148.3 167.523 1067.93
Middle: 141.091 159.382 1127.67
Ring: 138.59 167.006 1040.48
Little: 112.829 119.459 1078.78
Thumb: 97.2491 156.981 1102.63
Index: 132.497 179.62 1092.5
Middle: 156.821 141.346 1101.75
Ring: 140.513 162.909 1045.16
Little: 110.371 117.009 1081.94
Thumb: 96.5616 156.976 1102.96
Index: 133.473 179.521 1093.28
Middle: 139.361 147.223 1137.23
Ring: 142.463 161.211 1049.65
Little: 116.515 117.847 1079.77
Thumb: 104.982 174.072 1104.85
Index: 125.433 186.947 1130.22
Middle: 142.295 147.46 1139.64
Ring: 144.401 157.566 1051.98
Little: 117.182 116.39 1080.79
Thumb: 108.555 178.414 1108.61
Index: 141.968 184.022 1129.69
Middle: 132.982 146.324 1144.16
Ring: 142.573 156.794 1046.21
Little: 111.543 113.295 1086.49
Thumb: 109.641 171.265 1110.63
Index: 160.429 201.23 1056.5
Middle: 125.194 144.996 1150.37
Ring: 146.58 153.983 1052
Little: 113.261 112.318 1087.98
Thumb: 96.2462 167.654 1128.19
Index: 153.371 179.855 1125.11
Middle: 146.295 146.684 1145.39
Ring: 149.86 149.796 1056.69
Little: 114.323 111.253 1089.94
Thumb: 116.893 191.64 1110.45
Index: 158.6 168.172 1104.13
Middle: 165.284 146.332 1123.9
Ring: 117.756 134.352 1096.81
Little: 112.395 104.973 1095.21
Thumb: 113.695 179.417 1116.99
Index: 154.497 159.492 1101.31
Middle: 146.778 141.139 1142.74
Ring: 138.766 126.245 1079.24
Little: 108.682 99.1624 1099.67
Thumb: 138.13 236.991 1106.79
Index: 132.302 169.817 1107.34
Middle: 133.369 141.31 1152.38
Ring: 121.682 124.323 1099.02
Little: 112.765 95.9651 1094.82
Thumb: 118.826 256.946 1119.1
Index: 126.672 169.297 1106.72
Middle: 110.922 144.67 1153.13
Ring: 121.655 120.86 1101.17
Little: 112.378 92.3021 1098.53
Thumb: 112.427 257.072 1120.03
Index: 104.687 188.537 1117.59
Middle: 92.3958 144.523 1132.05
Ring: 115.538 120.033 1106.72
Little: 94.1808 95.6909 1162.88
Thumb: 126.457 254.283 1135.93
Index: 138.812 167.963 1144.81
Middle: 93.3507 137.418 1130.01
Ring: 78.3467 121.616 1133.9
Little: 79.2163 97.6871 1170.81
Thumb: 137.853 244.643 1135.69
Index: 147.795 132.599 1111.92
Middle: 93.7828 141.011 1155.72
Ring: 74.9519 120.979 1132.56
Little: 76.3059 95.5993 1166.99
Thumb: 136.992 232.606 1139.9
Index: 125.919 168.843 1126.7
Middle: 88.4165 141.872 1133.64
Ring: 97.9733 118.105 1156.98
Little: 77.9122 93.4994 1161.02
Thumb: 130.947 235.007 1137.96
Index: 108.067 188.626 1120.13
Middle: 90.6439 138.66 1135.7
Ring: 91.5053 119.088 1151.75
Little: 78.4086 92.2215 1156.33
Thumb: 94.6224 202.957 1062.15
Index: 130.365 145.997 1133.88
Middle: 81.7306 113.052 1122.71
Ring: 83.5276 102.685 1161.04
Little: 50.4316 85.962 1168.1
Thumb: 96.5699 199.495 1058.59
Index: 131.635 139.632 1135.02
Middle: 79.1292 112.833 1121.14
Ring: 90.669 100.846 1166.21
Little: 46.5542 87.4574 1166.22
Thumb: 98.1557 197.053 1056.05
Index: 116.032 47.6197 1082.47
Middle: 90.4075 100.514 1113.47
Ring: 78.969 103.913 1162.38
Little: 44.0499 88.8656 1167.39
Thumb: 100.263 206.479 1054.43
Index: 125.525 51.0563 1092.99
Middle: 90.2282 100.096 1118.76
Ring: 67.784 108.249 1157.41
Little: 42.5692 91.981 1169.47
Thumb: 94.697 167.704 1075.73
Index: 105.173 41.5962 1057.04
Middle: 81.2203 107.366 1121.86
Ring: 64.5916 110.091 1156.2
Little: 43.4652 91.0256 1167.63
Thumb: 91.0491 170.367 1064.55
Index: 119.84 110.457 1101.11
Middle: 85.9942 113.092 1121.02
Ring: 83.1759 114.499 1158.99
Little: 47.8406 100.663 1167.81
Thumb: 91.5208 170.658 1054.83
Index: 122.503 105.214 1098.72
Middle: 79.5468 112.853 1112.34
Ring: 80.3977 116.471 1153.35
Little: 48.16 102.753 1165.33
Thumb: 83.523 202.198 1031.64
Index: 116.699 105.453 1091.94
Middle: 74.5973 116.992 1112.39
Ring: 73.3568 119.081 1151.02
Little: 47.9095 101.359 1163.12
Thumb: 83.313 200.602 1031.44
Index: 118.345 107.318 1088.08
Middle: 84.1303 130.939 1138.45
Ring: 70.0826 118.949 1150.75
Little: 44.1362 102 1163.44
Thumb: 74.9937 235.013 1021.31
Index: 102.785 108.162 1084.07
Middle: 71.766 136.349 1134.79
Ring: 80.9823 114.667 1154.94
Little: 42.95 101.991 1165.44
Thumb: 75.9435 224.686 1014.99
Index: 94.246 92.6604 1079.75
Middle: 71.9629 135.822 1134.52
Ring: 85.8813 112.125 1157.01
Little: 38.6144 102.408 1164.4
Thumb: 70.5419 230.698 1016.61
Index: 94.0588 101.406 1069.86
Middle: 75.9477 127.075 1127.19
Ring: 92.849 108.365 1155.83
Little: 39.6665 102.981 1164.09
Thumb: 66.0202 238.041 1017.07
Index: 94.0072 100.363 1069.08
Middle: 63.6038 122.134 1112.73
Ring: 90.4205 108.687 1155.01
Little: 39.5798 102.633 1163.62
Thumb: 74.909 201.595 1030.64
Index: 93.4399 100.523 1069.14
Middle: 62.4217 120.942 1112.34
Ring: 87.1343 109.919 1155.49
Little: 33.655 102.891 1162.19
Thumb: 71.987 201.362 1027.43
Index: 95.9191 99.5573 1066.15
Middle: 62.2209 145.27 1132.42
Ring: 90.9997 107.405 1149.92
Little: 32.9786 105.296 1158.9
Thumb: 69.9367 184.843 1030.95
Index: 94.373 115.849 1078.86
Middle: 94.5605 104.67 1111.77
Ring: 81.4934 115.76 1150.69
Little: 29.6679 105.149 1154.54
Thumb: 76.1447 195.908 1028.55
Index: 93.9539 137.443 1094.44
Middle: 94.7268 124.486 1132.23
Ring: 85.0768 114.052 1150.83
Little: 26.5242 107.469 1158.11
Thumb: 68.484 213.366 1025.31
Index: 95.0051 140.493 1093.46
Middle: 76.9069 147.672 1136.66
Ring: 70.1965 126.839 1151.99
Little: 24.0731 109.814 1159.26
Thumb: 64.1976 214.212 1029.6
Index: 87.6379 158.918 1088.54
Middle: 88.3814 143.965 1138.13
Ring: 90.9754 109.734 1145.48
Little: 26.314 109.895 1158.44
Thumb: 57.2386 237.586 1015.46
Index: 116.44 126.97 1105.29
Middle: 78.2086 134.046 1125.82
Ring: 90.6564 109.553 1145.36
Little: 25.6434 110.498 1158.11
Thumb: 53.3548 240.893 1013.89
Index: 101.689 73.1993 1090.29
Middle: 62.8955 150.934 1124.8
Ring: 87.6512 115.751 1148.04
Little: 25.6605 111.936 1158.19
Thumb: 73.6873 211.134 1016.04
Index: 89.793 60.803 1079.39
Middle: 58.5579 152.48 1122.81
Ring: 88.2687 114.937 1145.56
Little: 25.5069 111.872 1156.97
Thumb: 72.8177 201.289 1019.1
Index: 99.8243 74.6801 1089.64
Middle: 67.2913 157.613 1119.72
Ring: 63.4947 135.149 1147.75
Little: 27.4119 110.782 1156.38
Thumb: 75.2208 217.148 1013.71
Index: 95.6377 68.4273 1087.32
Middle: 65.8899 159.227 1112.76
Ring: 65.9546 133.387 1148.75
Little: 27.5282 110.992 1156.19
Thumb: 62.102 228.023 1009.44
Index: 112.094 120.088 1101.23
Middle: 61.5354 159.128 1112.76
Ring: 76.2295 126.124 1149.13
Little: 30.7743 107.764 1154.17
Thumb: 58.0392 229.583 1002.13
Index: 100.681 95.0385 1098.39
Middle: 65.6767 157.964 1105.26
Ring: 57.7839 131.747 1148.33
Little: 39.328 99.7177 1151.62
Thumb: 84.9417 188.993 1024.88
Index: 93.0144 83.6359 1097.76
Middle: 63.7114 157.952 1113.36
Ring: 58.4496 128.721 1151.62
Little: 38.5858 91.9301 1146.45
Thumb: 91.5725 185.386 1031.71
Index: 93.161 103.935 1098.65
Middle: 65.7868 155.596 1117.94
Ring: 60.8616 127.678 1157.12
Little: 37.3493 90.9717 1147.18
Thumb: 97.4573 205.404 1058.9
Index: 94.8495 116.721 1104.06
Middle: 71.1435 158.702 1115.71
Ring: 67.1408 135.103 1154.69
Little: 38.0039 88.8659 1146.14
Thumb: 69.6167 241.96 1018.29
Index: 106.585 124.495 1132.68
Middle: 77.8829 161.789 1132.89
Ring: 35.8567 49.9746 1130.21
Little: 11.4894 42.1694 1123.73
Thumb: 50.8203 269.484 1040.79
Index: 105.508 129.073 1139.29
Middle: 81.889 152.982 1148.92
Ring: 32.9136 48.2265 1131.88
Little: 10.0985 39.8153 1123.69
Thumb: 48.8265 275.984 1050.44
Index: 101.219 115.965 1154.25
Middle: 81.3162 136.436 1174
Ring: 31.6593 49.6139 1134.53
Little: 3.6539 40.1645 1126.23
Thumb: 93.2601 259.752 1060.5
Index: 85.1257 164.937 1123.12
Middle: 72.9913 126.605 1187.49
Ring: 29.9955 50.2661 1140.36
Little: 2.94707 40.3504 1129.54
Thumb: 87.4529 273.459 1078.81
Index: 80.9658 156.645 1117.21
Middle: 68.188 131.887 1192.52
Ring: 23.2437 33.0816 1124.61
Little: -0.0193832 44.7812 1129.01
Thumb: 80.7285 279.731 1085.61
Index: 83.8751 166.577 1148.99
Middle: 62.4283 132.73 1197.15
Ring: 23.6905 35.2682 1126.39
Little: -1.68125 46.3281 1129.9
Thumb: 95.2612 264.737 1083.69
Index: 84.3344 157.594 1157.92
Middle: 61.7215 128.458 1199.84
Ring: 24.2452 31.3593 1128.13
Little: -4.62947 42.3304 1132.01
Thumb: 101.928 258.311 1091.99
Index: 82.0117 153.614 1164.35
Middle: 57.0749 123.608 1202.97
Ring: 23.6572 29.1446 1125.86
Little: -5.38755 40.0018 1128.55
Thumb: 114.458 219.479 1118.57
Index: 81.5316 149.563 1166.71
Middle: 53.9403 82.835 1197.31
Ring: 23.1844 26.8783 1122.18
Little: -5.79483 37.7343 1124.86
Thumb: 110.112 204.842 1129.15
Index: 80.9207 129.802 1189.69
Middle: 51.7799 79.4475 1197.27
Ring: 22.5973 22.7919 1118.89
Little: -6.55538 33.4282 1121.38
Thumb: 92.2138 259.816 1105.98
Index: 75.5851 121.623 1190.98
Middle: 46.8175 76.298 1197.15
Ring: 21.9636 17.8938 1113.97
Little: -7.38824 28.1773 1115.35
Thumb: 110.033 227.788 1119.3
Index: 73.1756 112.82 1190.79
Middle: 44.0238 85.1456 1197.25
Ring: 19.4763 13.9903 1109.01
Little: -9.66067 24.8617 1109.79
Thumb: 102.334 235.952 1122.17
Index: 69.4429 111.352 1189.45
Middle: 40.7531 96.5209 1196.85
Ring: 18.9714 13.6976 1102.24
Little: -10.3221 24.2349 1103.11
Thumb: 83.818 253.713 1121.98
Index: 71.9727 112.079 1183.5
Middle: 43.8871 100.009 1192.61
Ring: 18.6739 8.40523 1096.32
Little: -10.6651 18.5806 1098.53
Thumb: 82.1661 241.736 1134.04
Index: 72.8986 107.896 1179.75
Middle: 44.6984 93.4127 1189.34
Ring: 17.9776 7.57524 1097
Little: -11.6301 17.8208 1090.82
Thumb: 86.7158 224.072 1137.75
Index: 71.4232 105.623 1179.89
Middle: 43.2568 96.3958 1187.94
Ring: 17.4124 7.93252 1091.83
Little: -12.0302 18.5151 1088.23
Thumb: 78.9318 227.237 1138.05
Index: 70.4074 106.211 1178.43
Middle: 41.8941 92.4724 1187.38
Ring: 18.2583 40.8069 1130.97
Little: -13.2545 17.8003 1086.71
Thumb: 89.0504 241.871 1129.84
Index: 71.0633 118.843 1167.77
Middle: 42.4634 91.7528 1185.42
Ring: 17.9007 44.909 1128.92
Little: -14.2181 19.3409 1092.91
Thumb: 85.5674 247.48 1128.19
Index: 71.1531 109.284 1171.84
Middle: 42.8393 102.72 1178.3
Ring: 17.7298 49.4247 1141.47
Little: -15.7935 21.645 1092.52
Thumb: 100.614 223.614 1135.48
Index: 71.0304 123.825 1159.14
Middle: 42.0497 103.016 1176.85
Ring: 16.5657 48.0832 1141.86
Little: -17.3589 18.9797 1083.31
Thumb: 86.2786 236.004 1139.44
Index: 69.5489 119.234 1162.35
Middle: 40.4041 102.297 1174.6
Ring: 15.2258 48.8636 1138.94
Little: -18.1658 19.2759 1078.69
Thumb: 87.1025 234.907 1130.9
Index: 68.3978 123.46 1156.24
Middle: 39.6519 91.9659 1176.76
Ring: 15.5725 46.8355 1134.99
Little: -17.7078 17.5546 1077.22
Thumb: 68.364 253.156 1120.85
Index: 65.3705 118.16 1158.7
Middle: 36.9694 99.9868 1170.5
Ring: 13.7954 47.9628 1139.41
Little: -19.1377 16.9073 1074.02
Thumb: 85.2348 229.762 1129.6
Index: 65.4199 127.679 1148.05
Middle: 36.9219 100.818 1168.01
Ring: 13.0469 53.3078 1140.69
Little: -21.4071 18.6099 1074.25
Thumb: 83.6958 239.205 1119.16
Index: 67.2136 120.597 1150.47
Middle: 39.2971 107.353 1159.87
Ring: 17.2574 111.669 1140.92
Little: -21.6585 20.1604 1077.41
Thumb: 84.316 236.125 1120.12
Index: 69.2832 122.298 1146.11
Middle: 41.973 105.197 1160.95
Ring: 19.1801 111.191 1141.69
Little: -22.5317 21.807 1080.73
Thumb: 98.6625 217.483 1107.95
Index: 68.3201 117.138 1151.31
Middle: 40.6527 108.698 1160.39
Ring: 19.2397 95.1191 1157.45
Little: -23.2751 20.9546 1077.67
Thumb: 102.476 207.261 1100.54
Index: 64.9151 122.758 1149.72
Middle: 37.1993 106.215 1162.28
Ring: 16.0569 96.5954 1156.53
Little: -22.2982 20.5567 1076.7
Thumb: 89.4379 233.862 1109.97
Index: 61.8842 125.698 1150.12
Middle: 33.3618 106.09 1164.02
Ring: 12.1081 87.6944 1159.48
Little: -22.9814 21.6519 1078.74
Thumb: 73.7832 251.801 1104.33
Index: 60.5389 139.623 1126.89
Middle: 31.8811 106.976 1164.26
Ring: 10.8201 90.4202 1158.98
Little: -23.1292 20.6043 1070.41
Thumb: 62.657 258.996 1108.4
Index: 60.5214 139.579 1128.23
Middle: 31.8426 107.005 1164.8
Ring: 10.7389 88.6731 1159.76
Little: -23.0261 20.6247 1070.83
Thumb: 61.9373 258.536 1105.24
Index: 59.5304 136.304 1116.13
Middle: 31.5436 103.968 1167.58
Ring: 10.2457 90.7074 1161.06
Little: -26.2834 19.8207 1074.69
Thumb: 75.6514 252.169 1107.08
Index: 60.4299 140.738 1131.37
Middle: 31.4314 104.763 1171.69
Ring: 10.3042 95.7005 1164.04
Little: -26.2492 21.5297 1078.94
Thumb: 77.3922 234.212 1117.88
Index: 58.1257 135.395 1128.72
Middle: 33.4762 101.645 1179.42
Ring: 12.4981 102.607 1168.26
Little: -18.853 18.0184 1093.62
Thumb: 49.1156 234.553 1115.94
Index: 56.6479 131.262 1116.47
Middle: 38.6096 104.292 1186.65
Ring: 16.9437 104.538 1176.73
Little: -11.0788 15.9191 1110.95
Thumb: 53.6487 231.238 1122.37
Index: 57.5305 133.933 1133.44
Middle: 36.5113 103.554 1193.67
Ring: 15.5216 97.3959 1187.1
Little: -19.3056 18.1856 1119.78
Thumb: 16.7117 263.835 1085.05
Index: 62.0612 127.482 1166.16
Middle: 38.6659 109.379 1197.41
Ring: 17.3796 100.155 1192.91
Little: -22.3729 18.4753 1130.55
Thumb: 25.1187 261.97 1079.11
Index: 69.8291 113.679 1184.87
Middle: 44.5905 105.017 1202.87
Ring: 22.555 104.326 1198.99
Little: -27.4599 21.7843 1145.54
Thumb: 21.0688 261.43 1077.26
Index: 71.0682 119.289 1188.52
Middle: 45.6887 107.065 1208.06
Ring: 23.5264 99.6645 1206.68
Little: -27.466 26.8493 1155.46
Thumb: 32.6312 261.673 1070.58
Index: 82.2951 124.962 1188.28
Middle: 58.2755 113.94 1210.08
Ring: 36.2693 112.491 1209.44
Little: -16.7462 45.6359 1170.73
Thumb: 21.3082 264.777 1072
Index: 87.884 132.956 1184.28
Middle: 66.9006 122.435 1211.33
Ring: 44.8755 114.909 1213.55
Little: -7.68731 78.6339 1172.85
Thumb: 44.2095 262.726 1070.02
Index: 92.2234 151.799 1176.99
Middle: 75.2355 134.433 1212.19
Ring: 53.9178 123.541 1215.24
Little: 4.14041 82.9203 1177.02
Thumb: 74.672 256.882 1066.57
Index: 94.3184 160.182 1176.57
Middle: 77.8902 139.195 1213.21
Ring: 56.9999 125.814 1216.52
Little: 7.51866 85.4406 1174.11
Thumb: 44.0389 270.776 1070.66
Index: 102.504 160.253 1174.78
Middle: 86.7943 136.462 1212.97
Ring: 65.219 128.052 1216.22
Little: 11.8762 89.1296 1177.06
Thumb: 38.7867 271.884 1071.32
Index: 111.855 150.18 1178.49
Middle: 95.0946 136.16 1210.31
Ring: 73.3172 133.336 1213.81
Little: 16.1619 90.7714 1181.52
Thumb: 50.0071 268.917 1064.39
Index: 118.981 144.319 1181.52
Middle: 100.245 138.05 1207.88
Ring: 78.7166 131.102 1213.39
Little: 25.9685 90.8201 1191.78
Thumb: 45.8013 274.91 1068.31
Index: 123.178 144.892 1180.29
Middle: 104.365 141.027 1206.15
Ring: 82.7952 132.813 1212.17
Little: 24.4868 94.5424 1180.84
Thumb: 68.0554 282.785 1070.55
Index: 127.188 146.365 1175.29
Middle: 108.89 138.842 1202.23
Ring: 87.511 128.93 1208.15
Little: 29.7265 92.0254 1174.41
Thumb: 99.5577 256.499 1060.14
Index: 120.89 166.455 1154.06
Middle: 111.718 136.05 1198.44
Ring: 90.3134 129.233 1203.09
Little: 33.3671 88.0094 1169.8
Thumb: 106.912 234.604 1044.07
Index: 115.648 169.581 1133.06
Middle: 117.159 129.839 1190.35
Ring: 94.512 132.159 1192.66
Little: 31.9747 38.7357 1158.35
Thumb: 95.1055 245.915 1044.34
Index: 119.144 153.026 1130.94
Middle: 120.39 125.454 1185.02
Ring: 97.4022 128.668 1186.85
Little: 36.7559 35.3059 1147.64
Thumb: 116.883 231.295 1047.05
Index: 136.815 137.706 1153.95
Middle: 121.609 124.708 1182.28
Ring: 97.9282 128.899 1182.95
Little: 39.5949 33.1046 1142.49
Thumb: 84.537 272.607 1066.83
Index: 135.044 139.234 1150.04
Middle: 120.434 119.497 1183.03
Ring: 97.8967 122.599 1185.13
Little: 30.8103 32.4012 1150.26
Thumb: 136.157 196.732 1065.41
Index: 136.754 85.0954 1147.56
Middle: 123.607 118.408 1176.01
Ring: 99.3219 124.385 1175.75
Little: 42.0125 45.0628 1149.5
Thumb: 126.92 230.454 1081.59
Index: 130.707 69.0965 1141.71
Middle: 124.124 104.576 1172.01
Ring: 101.556 114.343 1173.55
Little: 34.7582 43.892 1150.7
Thumb: 129.491 201.91 1070.25
Index: 131.354 71.1842 1146.09
Middle: 123.69 99.102 1170.99
Ring: 102.463 110.892 1172.53
Little: 17.7333 31.1823 1150.71
Thumb: 117.802 215.347 1069.77
Index: 130.32 125.256 1112.62
Middle: 128.204 117.454 1156.31
Ring: 107.322 116.932 1163.69
Little: 73.1089 87.9392 1177.25
Thumb: 125.145 200.574 1061.2
Index: 124.113 132.289 1109.6
Middle: 129.594 108.018 1164.18
Ring: 104.455 117.344 1164.38
Little: 64.7393 91.3349 1175.64
Thumb: 116.078 218.881 1049.21
Index: 126.371 131.921 1112.87
Middle: 129.712 106.322 1164.34
Ring: 103.764 118.679 1164.1
Little: 63.7063 92.7219 1176.47
Thumb: 102.198 231.048 1054.3
Index: 115.666 149.75 1101.61
Middle: 128.986 106.687 1163.71
Ring: 98.255 110.924 1172.59
Little: 62.8317 91.8917 1176.31
Thumb: 110.796 211.794 1048.3
Index: 132.995 126.38 1122.34
Middle: 125.138 122.742 1159.58
Ring: 96.4792 110.319 1173.39
Little: 64.4338 91.3918 1175.98
Thumb: 115.839 204.859 1043.07
Index: 126.826 132.328 1113.28
Middle: 113.372 140.014 1147.55
Ring: 101.22 109.082 1172
Little: 62.0863 94.8193 1175.52
Thumb: 115.881 192.866 1054.02
Index: 129.208 130.003 1117.47
Middle: 102.276 134.635 1157.85
Ring: 97.6661 110.357 1171.93
Little: 62.2341 92.9378 1174.71
Thumb: 108.661 196.615 1039.93
Index: 122.146 122.051 1109.26
Middle: 108.609 140.845 1144.26
Ring: 108.065 99.6087 1166.37
Little: 57.8194 93.8796 1170.87
Thumb: 104.144 200.106 1037.43
Index: 111.515 123.994 1096.15
Middle: 99.6782 148.268 1127.96
Ring: 101.575 109.022 1167.06
Little: 60.0106 94.6109 1170.57
Thumb: 105.015 194.415 1041.32
Index: 108.318 116.78 1093.69
Middle: 106.906 140.454 1146.34
Ring: 82.0353 116.58 1160.73
Little: 58.008 94.5019 1169.68
Thumb: 101.679 176.099 1059.17
Index: 105.027 124.827 1092.96
Middle: 109.418 140.41 1141.89
Ring: 106.489 96.9297 1163.23
Little: 54.2718 94.1343 1168.33
Thumb: 97.9178 176.064 1059.19
Index: 99.0661 128.476 1088.29
Middle: 104.224 144.034 1136.46
Ring: 107.201 97.7821 1163.18
Little: 53.186 95.546 1169.23
Thumb: 97.3995 175.931 1059.58
Index: 101.084 124.225 1089.85
Middle: 97.6969 146.416 1129.94
Ring: 107.156 97.8593 1163.21
Little: 51.7515 94.4685 1170.07
Thumb: 95.9501 186.227 1052.06
Index: 98.8388 133.271 1088.69
Middle: 114.556 133.503 1148.01
Ring: 94.8709 107.821 1163.74
Little: 53.2732 94.9437 1169.18
Thumb: 97.805 188.531 1049.07
Index: 94.4129 137.822 1084.64
Middle: 114.578 133.046 1148.28
Ring: 98.8814 105.559 1164.45
Little: 53.4371 94.893 1169.07
Thumb: 99.3045 191.409 1045.88
Index: 96.518 131.969 1086.01
Middle: 100.827 135.581 1135.14
Ring: 98.9779 105.499 1164.46
Little: 53.4697 95.2878 1168.74
Thumb: 105.959 195.242 1048.34
Index: 106.544 124.734 1096.8
Middle: 117.848 126.004 1151.72
Ring: 104.549 99.0377 1164.86
Little: 51.599 95.4407 1169.37
Thumb: 107.051 185.468 1047.5
Index: 103.361 122.33 1093.42
Middle: 107.821 128.657 1152.74
Ring: 105.77 97.1842 1164.53
Little: 53.2313 94.9497 1170.19
Thumb: 114.97 175.687 1053.9
Index: 120.064 131.371 1115.94
Middle: 105.774 121.309 1153.6
Ring: 103.2 96.8248 1165.31
Little: 49.3515 96.5656 1168.69
Thumb: 102.675 163.793 1065.67
Index: 124.329 119.486 1115.76
Middle: 104.745 119.49 1149.22
Ring: 82.2593 119.124 1165.54
Little: 50.2458 99.8976 1170.09
Thumb: 99.0559 200.167 1041.83
Index: 137.137 98.5274 1127.59
Middle: 97.9895 125.559 1147.36
Ring: 90.0077 115.968 1168.06
Little: 51.583 100.943 1171.64
Thumb: 100.911 200.176 1038.36
Index: 112.932 48.3538 1099.45
Middle: 105.009 122.006 1143.49
Ring: 85.436 123.132 1164.49
Little: 54.8981 103.568 1171.08
Thumb: 103.28 189.819 1049.54
Index: 120.422 84.0525 1083.11
Middle: 108.918 128.781 1141.65
Ring: 91.2671 122.911 1161.52
Little: 46.7007 102.295 1168.05
Thumb: 109.12 190.507 1057.46
Index: 125.79 69.9811 1074.95
Middle: 125.367 124.682 1145.39
Ring: 85.8828 129.422 1154.35
Little: 46.0781 103.393 1163.15
Thumb: 109.654 193.153 1067.39
Index: 118.655 76.643 1068.14
Middle: 104.543 138.332 1130.12
Ring: 90.0901 131.39 1147.69
Little: 46.9168 99.3468 1155.03
Thumb: 83.7911 191.169 1073.82
Index: 120.74 117.72 1051.37
Middle: 138.176 134.915 1125.26
Ring: 110.589 108.716 1064.05
Little: 80.7906 82.0972 1139.75
Thumb: 73.5391 197.639 1070.81
Index: 105.211 108.771 1024.48
Middle: 141.963 127.934 1119.35
Ring: 109.017 112.52 1052.3
Little: 95.3133 82.9562 1065.7
Thumb: 74.3078 195.337 1073.6
Index: 131.275 128.038 1056.94
Middle: 120.944 82.1086 1037.5
Ring: 112.067 118.025 1045.53
Little: 95.546 86.8774 1062.83
Thumb: 76.2497 192.895 1074.87
Index: 127.583 123.626 1044.52
Middle: 127.85 95.2211 1056.22
Ring: 113.029 120.196 1040.76
Little: 95.2312 88.1322 1062.15
Thumb: 68.8957 139.64 1083.67
Index: 120.543 125.508 1031.57
Middle: 144.457 119.249 1095.37
Ring: 112.026 128.711 1024.25
Little: 92.9065 91.9488 1059.83
Thumb: 72.2154 142.411 1073.72
Index: 116.217 129.467 1026.29
Middle: 146.882 126.775 1105.08
Ring: 113.087 128.131 1039.92
Little: 93.0001 94.1665 1057.76
Thumb: 73.5452 145.39 1067.87
Index: 105.324 133.113 1015.86
Middle: 145.282 131.93 1108.85
Ring: 114.189 133.223 1034.35
Little: 95.5289 98.2387 1049.35
Thumb: 69.2627 145.148 1075.07
Index: 103.027 135.536 1014.07
Middle: 145.926 132.616 1108.23
Ring: 108.967 132.647 1041.61
Little: 89.5193 93.0323 1066.23
Thumb: 70.0423 149.802 1066.16
Index: 119.997 144.882 1042.5
Middle: 136.734 127.366 1087.69
Ring: 98.6642 127.329 1058.02
Little: 86.951 103.826 1037.08
Thumb: 69.6086 152.967 1071.49
Index: 117.05 141.778 1033.57
Middle: 126.087 128.39 1099.14
Ring: 94.7439 126.692 1056.58
Little: 84.1849 103.961 1035.92
Thumb: 67.6451 149.632 1070.64
Index: 110.528 135.149 1025.79
Middle: 136.823 142.614 1054.45
Ring: 96.2627 133.821 1028.42
Little: 71.257 105.29 1022.26
Thumb: 71.9436 121.127 1095.73
Index: 105.322 148.153 1034.24
Middle: 108.604 142.329 1073.1
Ring: 78.3704 154.027 1004.98
Little: 67.7275 112.966 1020.71
Thumb: 72.8559 118.476 1099.69
Index: 110.029 147.82 1039.13
Middle: 96.1577 139.266 1079.04
Ring: 94.2532 143.729 1033.26
Little: 83.2112 109.781 1032.87
Thumb: 74.5109 116.259 1102.69
Index: 107.049 152.082 1047.59
Middle: 75.6424 129.071 1102.4
Ring: 116.909 120.617 1072.31
Little: 87.0483 97.9141 1054.04
Thumb: 62.7231 121.044 1078.99
Index: 67.6188 133.356 1011.97
Middle: 75.5943 126.544 1072.62
Ring: 60.935 106.562 1055.26
Little: 38.5285 87.1724 1032.05
Thumb: 61.1625 115.464 1083.48
Index: 54.1618 140.642 1009.8
Middle: 65.5824 120.826 1073.38
Ring: 59.2535 100.353 1075.81
Little: 31.3796 89.5313 1032.86
Thumb: 55.6128 119.208 1084.32
Index: 45.4238 187.023 1012.9
Middle: 52.0191 130.832 1071.94
Ring: 43.5252 111.189 1072.52
Little: 15.1148 101.087 1046.96
Thumb: 54.8659 120.861 1085.13
Index: 26.6208 204.848 1009.6
Middle: 49.8678 132.892 1074.19
Ring: 37.3555 116.666 1072.83
Little: 9.93422 104.863 1053.68
Thumb: 52.974 121.95 1085.19
Index: 28.7292 200.839 1009.58
Middle: 47.6456 133.73 1074.27
Ring: 35.0279 117.586 1073.07
Little: 5.66344 109.568 1043.59
Thumb: 53.8371 121.018 1085.69
Index: 35.4882 193.307 1009.67
Middle: 47.5345 133.184 1074.43
Ring: 34.7046 117.184 1073.64
Little: 4.8624 108.817 1044.76
Thumb: 52.5731 119.879 1083.95
Index: 43.3365 184.82 1011.18
Middle: 47.4973 131.524 1073.47
Ring: 34.0608 116.032 1072.58
Little: 11.7725 103.573 1036.3
Thumb: 52.1409 119.603 1081.94
Index: 40.8833 187.293 1009.09
Middle: 46.4261 131.797 1071.47
Ring: 32.6086 116.62 1070.7
Little: 7.76116 107.474 1029.32
Thumb: 52.2469 119.521 1079.28
Index: 44.6272 184.157 1009.76
Middle: 47.3036 131.14 1069.01
Ring: 32.1946 117.056 1068.18
Little: 6.64801 108.776 1026.63
Thumb: 56.5558 225.497 1091.53
Index: -5.78368 237.186 1037
Middle: 26.5201 165.501 989.099
Ring: 26.2087 128.022 1013.87
Little: -0.841684 114.299 1011.55
Thumb: 27.6165 190.807 1064.71
Index: 4.84781 225.45 1019.21
Middle: 25.0659 169.874 986.211
Ring: 15.88 147.014 991.263
Little: -2.09533 117.276 1009.17
Thumb: 44.048 219.677 1075.77
Index: -0.113178 227.658 1018.58
Middle: 22.6378 174.316 986.248
Ring: 14.8473 150.167 991.138
Little: -1.90935 119.317 1008.93
Thumb: 40.1409 220.209 1068.2
Index: 16.8591 212.849 1018.94
Middle: 20.8847 171.05 984.585
Ring: 11.4629 149.423 989.955
Little: -4.98113 119.116 1008.21
Thumb: 22.5217 196.52 1055.46
Index: 13.4326 210.273 1016.63
Middle: 20.491 166.901 982.732
Ring: 9.70528 147.309 988.55
Little: -6.13887 117.344 1007.54
Thumb: 21.3465 191.001 1052.88
Index: 7.13391 217.012 1025.06
Middle: 18.2518 170.998 981.067
Ring: 8.40539 150.178 986.491
Little: -6.00471 118.127 1004.87
Thumb: 47.1366 221.017 1059.81
Index: -3.47559 223.039 1031.26
Middle: 17.9714 171.549 979.432
Ring: 7.85055 151.008 984.297
Little: -5.88425 117.78 1001.92
Thumb: 44.1186 222.494 1058.4
Index: -11.8949 224.724 1032.05
Middle: 15.3821 171.275 977.254
Ring: 7.36542 148.174 982.563
Little: -8.9693 118.173 1000.6
Thumb: 40.7686 219.324 1055.37
Index: 5.75239 215.946 1013.14
Middle: 16.3468 171.809 974.791
Ring: 8.58131 148.293 979.87
Little: -9.90135 120.486 997.32
Thumb: 40.1624 211.002 1049.93
Index: 10.684 207.117 1010.47
Middle: 15.5128 167.037 973.19
Ring: 6.87392 144.674 978.987
Little: -12.9664 119.147 996.846
Thumb: 36.8728 211.914 1049.8
Index: 13.7116 206.332 1003.58
Middle: 14.7222 167.831 971.421
Ring: 4.22012 147.685 976.726
Little: -11.0537 116.524 994.917
Thumb: 35.9092 213.296 1049.19
Index: 12.2581 209.607 996.864
Middle: 15.0457 167.62 970.39
Ring: 5.78809 146.015 975.857
Little: -12.6627 118.648 993.599
Thumb: 36.0426 214.921 1050.5
Index: 30.5453 186.128 993.835
Middle: 13.5198 166.894 970.022
Ring: 3.67251 146.417 975.177
Little: -13.3223 117.767 992.822
Thumb: 27.4658 203.483 1042.83
Index: 27.456 189.954 986.4
Middle: 13.8255 165.502 968.953
Ring: 5.39896 143.267 974.464
Little: -13.7162 116.956 991.915
Thumb: 30.1943 209.575 1041.43
Index: 26.0037 191.502 983.505
Middle: 13.0167 165.986 968.401
Ring: 5.30313 142.97 974.164
Little: -14.6671 117.748 991.867
Thumb: 30.1091 214.157 1043.15
Index: 26.5636 192.368 984.996
Middle: 13.526 166.789 968.703
Ring: 5.36543 144.145 974.386
Little: -14.6515 118.843 992.01
Thumb: 31.2984 215.592 1045.57
Index: 28.3161 191.555 986.723
Middle: 13.7769 167.372 968.93
Ring: 5.59306 144.707 974.437
Little: -13.2863 117.918 991.868
Thumb: 56.2709 226.912 1058.18
Index: 32.2908 190.873 990.258
Middle: 15.88 168.541 969.742
Ring: 7.30805 146.069 974.865
Little: -11.9305 119.183 991.816
Thumb: 35.3241 205.581 1050.94
Index: 32.8396 187.981 1002.06
Middle: 15.1523 171.156 970.044
Ring: 6.89004 147.774 974.963
Little: -11.6915 119.465 992.093
Thumb: 49.1025 214.721 1052.96
Index: 33.0672 189.553 1003.3
Middle: 17.3842 171.604 972.081
Ring: 6.56064 151.26 976.203
Little: -10.2214 120.104 992.396
Thumb: 48.4763 207.643 1054.41
Index: 28.6603 195.612 1007.05
Middle: 19.1564 171.105 975.096
Ring: 10.4062 147.726 979.504
Little: -9.99184 120.587 995.29
Thumb: 58.0888 208.857 1056.75
Index: 28.6579 195.642 1004.62
Middle: 18.8444 170.029 977.306
Ring: 7.75096 149.797 981.497
Little: -9.46255 118.85 997.802
Thumb: 58.6239 217.02 1062.16
Index: 26.7811 198.224 1008.3
Middle: 18.8363 169.787 980.267
Ring: 7.50189 149.782 984.662
Little: -9.67959 118.851 1001.28
Thumb: 61.3249 219.901 1063.04
Index: 34.5317 185.505 1010.03
Middle: 17.3583 167.254 981.777
Ring: 7.31281 146.084 986.593
Little: -10.2097 116.362 1003.88
Thumb: 63.3314 220.976 1065.17
Index: 35.8109 182.758 1013.66
Middle: 18.4775 165.109 984.269
Ring: 7.31077 145.16 989.377
Little: -9.97352 115.188 1007.07
Thumb: 64.5771 219.503 1062.83
Index: 34.7666 185.271 1012.72
Middle: 18.3947 163.393 986.454
Ring: 7.09422 143.799 991.915
Little: -9.76127 113.774 1010.15
Thumb: 69.9489 223.714 1070.79
Index: 37.8888 189.037 1010.39
Middle: 19.8535 164.436 990.204
Ring: 8.52759 144.728 995.34
Little: -8.23118 114.121 1013.09
Thumb: 51.7801 209.099 1075.05
Index: 33.2386 188.565 1012.04
Middle: 19.6435 164.414 994.322
Ring: 8.59849 144.318 999.033
Little: -8.73857 114.061 1016.12
Thumb: 56.3305 216.451 1090.14
Index: 36.1161 185.791 1015.5
Middle: 21.0007 163.541 997.299
Ring: 9.63618 143.502 1001.85
Little: -8.43276 113.534 1018.68
Thumb: 50.1947 205.819 1090.78
Index: 34.6804 187.859 1019.16
Middle: 20.0498 165.568 1000.31
Ring: 10.638 143.437 1005.1
Little: -8.19967 114.862 1022.29
Thumb: 49.7018 203.807 1090.91
Index: 31.9774 189.19 1023.1
Middle: 20.161 162.389 1003.88
Ring: 9.13124 142.544 1009.59
Little: -6.9991 111.893 1028.26
Thumb: 61.3411 213.283 1088.8
Index: 29.9729 194.235 1029.22
Middle: 19.2063 166.539 1012.09
Ring: 9.52264 145.325 1017.41
Little: -7.2929 115.651 1035.33
Thumb: 57.1836 203.105 1089.41
Index: 35.6594 185.909 1036.96
Middle: 19.0034 166.188 1013.57
Ring: 8.58284 145.632 1018.92
Little: -8.04451 115.408 1036.98
Thumb: 51.0501 215.647 1106.2
Index: 33.6144 185.916 1041.93
Middle: 17.5078 166.955 1011.61
Ring: 8.76579 144.555 1016.84
Little: -8.00119 114.365 1034.65
Thumb: 83.314 126.046 1197.54
Index: 112.762 125.566 1088.26
Middle: 80.5505 115.31 1056.23
Ring: 98.3001 139.196 1034.97
Little: 62.6425 151.851 1025.19
Thumb: 41.7372 91.979 1198.45
Index: 119.867 150.846 1089.35
Middle: 79.4189 108.337 1059.19
Ring: 110.187 130.903 1032.48
Little: 59.0476 215.988 1054.64
Thumb: -24.7983 6.52975 1098.98
Index: 126.761 121.647 1076
Middle: 74.6447 102.348 1037.18
Ring: 109.407 119.088 1015.16
Little: 95.8293 194.62 1037.05
Thumb: -6.88724 24.3478 1114.12
Index: 77.2117 213.966 1104.94
Middle: 102.186 183.032 1086.46
Ring: 118.701 149.127 1033.94
Little: 61.934 218.573 1070.58
Thumb: -7.5812 24.2431 1112.54
Index: 74.0681 215.978 1106.06
Middle: 102.553 181.448 1086.66
Ring: 117.732 148.392 1031.99
Little: 92.354 201.197 1050.22
Thumb: -9.18251 22.9079 1111.74
Index: 75.8988 212.976 1106.3
Middle: 104.636 177.65 1085.29
Ring: 117.875 148.153 1033.38
Little: 71.8063 213.595 1067.81
Thumb: -6.72353 27.006 1098.94
Index: 6.03703 132.396 1203.42
Middle: 15.526 154.041 1227.71
Ring: -0.457938 149.276 1219.17
Little: 18.5361 182.676 1194.88
Thumb: -7.67594 28.1148 1097.55
Index: -7.37427 147.196 1208.17
Middle: 10.0974 171.194 1222.7
Ring: 10.0496 156.874 1200.58
Little: 19.2083 187.713 1190.61
Thumb: -7.92857 27.2534 1096.69
Index: -16.2163 148.991 1202.28
Middle: 9.86346 171.062 1216.51
Ring: 2.39961 158.187 1197.1
Little: 17.0484 188.17 1187.9
Thumb: -8.51419 26.6997 1097.24
Index: -24.059 149.825 1194.94
Middle: 10.4482 167.027 1205.87
Ring: -7.11522 160.353 1192.26
Little: 10.4427 189.475 1183.8
Thumb: -8.63435 28.8897 1101.75
Index: -32.3493 150.849 1188.01
Middle: 5.13259 165.643 1202.13
Ring: -29.758 163.026 1191.16
Little: 16.9128 189.721 1179.33
Thumb: -5.71226 32.7118 1104.29
Index: -6.71796 141.871 1206.02
Middle: 3.06972 157.597 1171.22
Ring: -55.2745 161.022 1175.52
Little: 15.1121 189.555 1169.59
Thumb: -2.28185 46.015 1106.26
Index: -11.4731 138.669 1200.58
Middle: -7.90352 156.967 1151.09
Ring: -62.078 165.92 1163.68
Little: -20.0146 190.738 1163.84
Thumb: -2.74878 48.2264 1106.01
Index: -20.974 133.996 1197.68
Middle: -19.8218 157.787 1145.35
Ring: -77.2295 166.386 1146.61
Little: -14.066 194.621 1163.87
Thumb: -6.90381 45.4224 1104.82
Index: -25.2249 132.666 1194.1
Middle: -24.3607 158.905 1141.02
Ring: -77.746 168.519 1142.47
Little: -24.2775 196.48 1157.28
Thumb: -8.89105 42.767 1106.16
Index: -30.861 134.641 1192.37
Middle: -28.2728 160.096 1138.44
Ring: -85.8674 169.562 1133.17
Little: -23.536 197.99 1156.36
Thumb: -9.44056 45.5442 1106.84
Index: -31.9082 133.018 1191.11
Middle: -30.2333 161.125 1136.31
Ring: -87.9087 171.406 1126.73
Little: -21.4554 199.521 1154.52
Thumb: -10.9439 46.9912 1105.73
Index: -34.8943 132.91 1190.14
Middle: -31.3715 160.223 1136.65
Ring: -90.3848 167.323 1125.18
Little: -4.24114 199.356 1145.42
Thumb: -12.453 49.1437 1109.31
Index: -35.382 133.007 1188.66
Middle: -32.8541 161.48 1134.03
Ring: -90.1826 170.167 1122.22
Little: -23.098 200.792 1153.4
Thumb: -13.962 49.1119 1107.97
Index: -35.0151 133.02 1188.07
Middle: -33.4386 162.689 1132.75
Ring: -90.0886 172.4 1121.48
Little: -16.8469 201.345 1153.33
Thumb: -14.8516 49.1318 1106.7
Index: -37.483 134.557 1186.39
Middle: -33.6501 162.395 1131.82
Ring: -89.902 172.261 1120.89
Little: -24.7518 201.426 1151.71
Thumb: -16.4608 46.341 1105.93
Index: -37.3334 133.511 1185.53
Middle: -35.2702 164.124 1133.08
Ring: -90.3083 172.044 1119.11
Little: -24.5967 201.578 1150.69
Thumb: -15.1435 47.7651 1105.88
Index: -39.9279 133.853 1183.39
Middle: -36.2277 163.589 1128.65
Ring: -90.7875 174.911 1114.9
Little: -24.8572 201.651 1149.47
Thumb: -13.6998 91.9056 1114.51
Index: -41.5195 133.693 1182.77
Middle: -38.6356 163.846 1126.21
Ring: -93.4738 173.442 1113.64
Little: -26.6728 201.954 1148.83
Thumb: -15.0095 92.4792 1113.58
Index: -42.0945 133.345 1183.11
Middle: -39.5278 163.564 1126.82
Ring: -95.357 173.137 1112.84
Little: -27.3436 202.147 1149.08
Thumb: -15.2743 92.3503 1113.07
Index: -41.2018 132.154 1182.85
Middle: -39.7738 163.644 1126.12
Ring: -97.9249 174.41 1103.14
Little: -28.5783 202.096 1148.18
Thumb: -15.242 92.4436 1113.28
Index: -40.819 131.939 1182.85
Middle: -39.6297 163.703 1126.01
Ring: -97.8944 175.062 1101.89
Little: -27.6416 202.346 1147.86
Thumb: -15.1956 92.5207 1113.56
Index: -41.8036 132.882 1182.59
Middle: -40.1158 164.147 1125.24
Ring: -97.8576 174.965 1101.21
Little: -28.2741 202.552 1147.48
Thumb: -15.3809 94.4426 1114.55
Index: -42.0918 134.438 1182.37
Middle: -39.5049 164.876 1125.67
Ring: -98.0006 173.93 1100.55
Little: -29.2254 204.092 1146.63
Thumb: -14.3935 92.9517 1116.13
Index: -41.9952 134.245 1182.41
Middle: -38.21 163.872 1127.27
Ring: -97.9424 174.277 1100.49
Little: -27.7642 204.221 1147.23
Thumb: -14.8753 92.4913 1116.46
Index: -42.0585 133.825 1182.29
Middle: -39.7256 165.134 1125.36
Ring: -97.8238 175.569 1099.66
Little: -27.292 204.273 1147.09
Thumb: -15.4855 93.602 1117.05
Index: -42.1222 133.659 1182.77
Middle: -40.0552 166.012 1132.94
Ring: -97.9384 175.365 1100.12
Little: -27.4268 204.064 1147.48
Thumb: -16.33 92.0654 1117.07
Index: -41.6914 133.167 1182.89
Middle: -40.9328 167.301 1136.33
Ring: -97.935 175.368 1100.5
Little: -27.5182 204.073 1147.64
Thumb: -15.5866 91.2837 1118.06
Index: -40.8258 132.755 1183.68
Middle: -43.5818 169.667 1142.35
Ring: -98.9701 173.692 1101.45
Little: -28.428 203.719 1147.76
Thumb: -15.6098 90.7825 1117.66
Index: -41.177 132.584 1183.32
Middle: -43.9654 169.426 1142.55
Ring: -99.0713 173.652 1103.04
Little: -28.8531 203.331 1147.31
Thumb: -14.4593 92.2316 1119.72
Index: -41.4777 132.983 1182.97
Middle: -42.0262 167.412 1139.96
Ring: -98.38 173.794 1102.96
Little: -28.1884 203.195 1147.26
Thumb: -13.6078 92.4213 1119.92
Index: -39.922 133.453 1183.64
Middle: -41.1753 168.983 1143.15
Ring: -97.3353 174.45 1102.51
Little: -26.8384 203.747 1147.8
Thumb: -12.8085 94.5079 1120.23
Index: -38.5363 135.361 1183.31
Middle: -40.2579 173.132 1142.27
Ring: -94.3888 178.929 1101.07
Little: -26.4378 205.934 1146.84
Thumb: -12.1707 94.4197 1120.99
Index: -38.1828 136.399 1183.62
Middle: -39.4881 172.848 1141.66
Ring: -94.4414 179.609 1101
Little: -24.1686 206.853 1147.86
Thumb: -11.4277 95.8218 1121.4
Index: -37.802 136.725 1183.74
Middle: -39.0084 173.325 1143.47
Ring: -94.4019 180.162 1100.68
Little: -24.4799 207.897 1148.26
Thumb: -9.56307 95.8812 1121.88
Index: -35.1064 137.22 1184.57
Middle: -37.2322 174.304 1142
Ring: -92.0999 180.721 1102.06
Little: -22.0197 208.151 1149.04
Thumb: -6.59957 96.8807 1118.43
Index: -33.2051 139.028 1184.97
Middle: -35.3736 174.813 1140.5
Ring: -91.381 181.839 1102.17
Little: -21.0502 209.862 1148.16
Thumb: -3.52166 95.3487 1116.45
Index: -30.8899 136.732 1184.32
Middle: -43.8583 185.407 1150.11
Ring: -88.4454 179.821 1103.16
Little: -21.2652 207.59 1147.41
Thumb: 0.272282 95.2534 1115.92
Index: -29.5958 134.163 1183.08
Middle: -40.8758 180.857 1148.58
Ring: -86.3043 176.793 1100.86
Little: -17.8667 205.921 1148.73
Thumb: 4.9004 97.7479 1115.83
Index: -22.4424 131.508 1183.43
Middle: -41.4418 186.064 1145.92
Ring: -82.0961 178.196 1101.66
Little: -9.02099 207.817 1153.11
Thumb: 9.55163 101.661 1113.39
Index: -19.6754 137.691 1182.78
Middle: -20.7511 180.7 1159.77
Ring: -70.8935 182.521 1101.01
Little: -1.88871 210.982 1153
