Thumb: 32.9554 91.7207 1121.92
Index: -64.5745 28.1944 1098.23
Middle: -101.42 40.8207 1097.63
Ring: -124.543 62.0639 1082.41
Little: -141.773 103.039 1080.87
Thumb: 39.1396 89.2323 1103.42
Index: -68.1657 29.5026 1096.23
Middle: -99.3386 36.4224 1089.49
Ring: -77.8344 118.57 1154.55
Little: -104.766 139.391 1116.93
Thumb: 29.3706 88.4757 1105.53
Index: -73.2702 28.6845 1095.06
Middle: -103.656 37.2301 1092.56
Ring: -78.9761 125.03 1155.67
Little: -108.351 136.229 1128.24
Thumb: 26.3782 84.9178 1106.14
Index: -76.8396 27.4455 1094.91
Middle: -106.905 36.7538 1092.13
Ring: -88.4274 112.019 1156.97
Little: -107.817 139.892 1129.88
Thumb: 19.8386 82.3112 1107.72
Index: -80.0371 27.3193 1097.31
Middle: -109.839 36.8882 1096.06
Ring: -115.883 68.2414 1100.37
Little: -112.788 136.756 1137.59
Thumb: 11.6728 81.2209 1105.05
Index: -83.8964 27.3678 1098.66
Middle: -112.959 37.4382 1096.38
Ring: -126.642 56.3306 1095.49
Little: -112.637 138.927 1140.13
Thumb: 8.02043 84.0048 1107.98
Index: -86.7117 31.2695 1098.4
Middle: -112.343 38.6784 1098
Ring: -126.097 57.789 1097.05
Little: -114.07 140.717 1139.57
Thumb: 2.35968 82.0805 1103.85
Index: -90.1577 33.9981 1098
Middle: -112.021 39.394 1099.02
Ring: -125.944 58.4895 1099.08
Little: -112.66 140.729 1141.1
Thumb: 1.02747 80.6163 1102.86
Index: -94.6889 35.8004 1097.19
Middle: -115.754 40.7764 1098.53
Ring: -127.879 60.2935 1102.28
Little: -111.885 141.212 1142.59
Thumb: -2.56527 79.9575 1098.99
Index: -97.126 37.7708 1097.71
Middle: -119.527 41.9684 1098.46
Ring: -127.209 61.5216 1104.83
Little: -111.623 136.98 1144.25
Thumb: -6.91225 80.4559 1104.75
Index: -100.317 38.2646 1097.53
Middle: -122.005 41.6149 1099.13
Ring: -128.102 61.3029 1107.38
Little: -111.517 136.334 1144.66
Thumb: -9.65977 81.5863 1109.3
Index: -98.7909 40.7062 1101.58
Middle: -122.527 43.1251 1099.19
Ring: -127.548 61.9381 1107.96
Little: -110.029 137.587 1144.14
Thumb: -9.88793 81.622 1107.18
Index: -97.1887 39.2838 1101.23
Middle: -121.232 41.6253 1099.63
Ring: -125.244 59.9205 1108.85
Little: -107.983 136.597 1145.13
Thumb: -8.77665 84.4842 1105.9
Index: -90.6681 38.5067 1100.2
Middle: -115.762 40.5154 1102.62
Ring: -120.279 57.6391 1111.34
Little: -104.804 133.9 1145.91
Thumb: -6.62279 85.6702 1109.76
Index: -86.7421 36.345 1099.56
Middle: -109.759 38.8675 1099.49
Ring: -112.393 56.8518 1112.35
Little: -127.848 86.8732 1103.38
Thumb: -2.18107 86.2064 1103.24
Index: -76.1777 36.4662 1097.75
Middle: -101.905 39.7391 1100.54
Ring: -108.265 56.4438 1111.54
Little: -116.916 92.7922 1107.9
Thumb: 4.60505 88.3499 1101.68
Index: -68.0482 35.7513 1096.73
Middle: -93.0757 38.1053 1100.46
Ring: -101.376 54.435 1111.24
Little: -113.372 83.8195 1103.68
Thumb: 11.6089 91.8731 1107.69
Index: -58.6851 34.9827 1096.27
Middle: -83.7662 36.778 1100.26
Ring: -93.6471 53.1401 1108.41
Little: -105.937 81.5391 1100.66
Thumb: 19.7328 92.3414 1103.56
Index: -49.9058 34.7956 1097.95
Middle: -74.2762 32.6017 1101.21
Ring: -87.7331 49.0103 1108.64
Little: -101.874 73.8275 1100.91
Thumb: 26.2594 93.9124 1102.02
Index: -41.3069 34.5064 1096.71
Middle: -64.1173 31.4181 1101.38
Ring: -80.3273 46.8631 1105.48
Little: -93.5456 71.9764 1102.75
Thumb: 34.3977 95.0474 1102.77
Index: -31.5174 34.1397 1097.23
Middle: -54.8961 29.5594 1101.55
Ring: -71.1961 43.8339 1106.72
Little: -84.1061 68.608 1102.27
Thumb: 42.1335 95.7692 1110.9
Index: -24.5859 33.6391 1099.58
Middle: -50.2386 27.075 1099.55
Ring: -65.0165 42.3189 1107.01
Little: -78.8478 67.7364 1102.08
Thumb: 48.5946 93.8896 1110.93
Index: -18.2756 32.0965 1100.52
Middle: -43.9141 27.0819 1100.96
Ring: -57.2841 40.8958 1107.5
Little: -72.4286 65.0831 1097.46
Thumb: 54.7246 92.469 1109.05
Index: -12.2044 29.3488 1098.81
Middle: -39.5713 24.7882 1099.39
Ring: -50.7158 38.2824 1106.36
Little: -64.1664 62.8625 1098.37
Thumb: 58.8677 91.6829 1108.27
Index: -3.96411 27.3294 1100.95
Middle: -31.2065 20.9536 1100.44
Ring: -43.7177 34.2166 1106.68
Little: -58.7127 58.9949 1098.82
Thumb: 66.6067 87.507 1100.03
Index: 2.74183 26.029 1099.67
Middle: -23.7017 19.892 1098.42
Ring: -38.3656 33.428 1103.2
Little: -51.763 57.6536 1097.1
Thumb: 74.8221 85.2879 1100.25
Index: 10.5181 22.4737 1101.65
Middle: -16.3487 14.852 1097.24
Ring: -32.1439 30.8673 1105.24
Little: -48.6951 53.7279 1098.95
Thumb: 84.3982 86.5132 1105.76
Index: 20.3154 21.1046 1102.17
Middle: -9.87435 14.1298 1094.5
Ring: -26.5633 30.2977 1106.4
Little: -43.3072 52.6519 1096.28
Thumb: 92.1726 85.7877 1107
Index: 29.8555 18.5373 1102.01
Middle: -3.31591 11.3403 1092.75
Ring: -19.167 30.2241 1106.93
Little: -39.0676 51.6387 1102.56
Thumb: 100.024 88.0031 1108.17
Index: 38.28 15.6385 1100.39
Middle: 3.7834 9.30857 1092.84
Ring: -12.6116 26.7972 1105.77
Little: -33.7019 49.0199 1101.97
Thumb: 111.099 90.1724 1106.62
Index: 47.1707 14.9821 1099.17
Middle: 12.0865 6.82355 1087.94
Ring: -3.58869 25.8187 1103.5
Little: -27.0818 47.004 1101.89
Thumb: 119.192 90.5824 1108.36
Index: 53.9028 14.1126 1098.76
Middle: 18.9957 5.60245 1087.72
Ring: 1.91708 21.9064 1100.72
Little: -20.4623 46.8877 1101.73
Thumb: 127.377 91.9996 1109.41
Index: 58.9311 11.8725 1097.92
Middle: 24.3993 5.10825 1088.91
Ring: 6.62367 19.3364 1096.32
Little: -15.2188 44.9446 1100.31
Thumb: 134.164 91.792 1105.63
Index: 64.2359 11.5057 1099.6
Middle: 29.4904 4.18942 1087.96
Ring: 14.0647 25.3992 1100.39
Little: -12.0511 44.9567 1096.49
Thumb: 139.146 91.7892 1103.48
Index: 70.114 12.6028 1097.38
Middle: 35.2213 5.42899 1082.67
Ring: 19.9893 26.5036 1098.38
Little: -6.56695 46.5267 1094.5
Thumb: 145.264 93.505 1104.36
Index: 75.1364 11.7965 1097.58
Middle: 40.7312 4.45413 1083.43
Ring: 23.568 21.6637 1095.96
Little: -1.58512 45.758 1092.89
Thumb: 147.954 94.9467 1106.63
Index: 82.5989 25.1691 1106.16
Middle: 44.4489 4.10343 1079.9
Ring: 26.6485 20.2425 1093.55
Little: 1.20904 45.326 1094.01
Thumb: 152.557 98.6997 1109.85
Index: 85.834 23.7072 1106.56
Middle: 48.1254 3.6694 1082.9
Ring: 31.1895 22.5987 1100.6
Little: 5.34829 46.6491 1099.21
Thumb: 156.97 100.931 1111.41
Index: 86.2021 11.7748 1098.91
Middle: 52.2043 3.14609 1083.66
Ring: 36.5566 26.9622 1104.56
Little: 12.8557 59.7351 1106.77
Thumb: 162.141 99.5704 1111.21
Index: 91.6861 24.6398 1108.8
Middle: 52.8522 3.27635 1081.16
Ring: 39.5697 32.6299 1101.13
Little: 15.2355 60.1238 1113.96
Thumb: 163.606 101.532 1113.49
Index: 92.9317 24.9719 1108.49
Middle: 54.4841 3.16957 1081.84
Ring: 40.9238 32.4829 1100.41
Little: 16.5799 60.6188 1113.89
Thumb: 165.737 99.9517 1114.32
Index: 92.9676 21.9606 1108.5
Middle: 54.3309 0.123072 1081.77
Ring: 57.1074 79.9049 1163.15
Little: 24.9188 83.9005 1133.35
Thumb: 165.269 100.426 1116.01
Index: 91.9505 23.0523 1110.13
Middle: 53.523 -0.0801735 1082.82
Ring: 55.6102 85.1083 1162.66
Little: 26.6137 98.2604 1135.29
Thumb: 164.767 98.3689 1116.07
Index: 88.4727 24.2583 1106.3
Middle: 49.4123 2.56378 1083.07
Ring: 57.7675 100.519 1159.14
Little: 23.6591 98.0329 1139.14
Thumb: 162.587 96.5667 1114.1
Index: 85.2532 25.3861 1108.77
Middle: 45.2164 4.41208 1082.23
Ring: 54.9206 93.9367 1163.48
Little: 31.84 43.1431 1082.29
Thumb: 161.007 96.6913 1113.71
Index: 81.6812 26.3685 1109.77
Middle: 41.1853 5.31569 1081.36
Ring: 50.9883 94.0152 1164.01
Little: 28.672 43.9128 1080.77
Thumb: 156.76 94.7379 1115.86
Index: 77.0975 26.5068 1108.66
Middle: 36.2319 7.2329 1080.5
Ring: 48.553 95.8889 1164.2
Little: 22.023 45.8432 1083.12
Thumb: 150.446 92.3589 1116.12
Index: 71.5014 26.2123 1109.34
Middle: 30.4219 8.56178 1081.99
Ring: 47.0819 103.627 1163.42
Little: 17.1059 47.7085 1079.96
Thumb: 145.523 93.0439 1119.13
Index: 80.8963 60.7074 1106.73
Middle: 23.6926 11.248 1080.97
Ring: 35.5785 107.148 1161.89
Little: 12.8247 50.1283 1080.66
Thumb: 141.796 91.9159 1117.91
Index: 74.7537 59.8875 1105.9
Middle: 16.4608 11.3285 1080.24
Ring: 29.9338 101.231 1163.6
Little: 7.69769 49.8919 1079.37
Thumb: 133.637 92.0076 1119.98
Index: 69.6934 61.6972 1106.34
Middle: 10.6232 14.5059 1079.84
Ring: 26.2542 110.89 1161.95
Little: 2.82239 53.23 1078.75
Thumb: 125.036 94.5395 1121.79
Index: 63.0224 63.7126 1108.25
Middle: 4.69894 15.8177 1081.52
Ring: 18.667 113.519 1161.9
Little: -1.94287 54.7553 1079.4
Thumb: 114.324 95.4963 1124.25
Index: 55.6376 63.6921 1110.21
Middle: -1.77613 15.0617 1082.58
Ring: 10.0449 113.2 1162.71
Little: -8.60148 53.8371 1080.22
Thumb: 105.509 95.7864 1125.87
Index: 49.5447 63.8132 1111.82
Middle: -8.10579 16.0866 1082.39
Ring: 1.87832 113.205 1163.3
Little: -14.2535 54.8473 1081.01
Thumb: 97.5953 94.9163 1126.3
Index: 44.2484 64.315 1114.01
Middle: -16.1001 18.0574 1086.13
Ring: -0.84808 113.796 1167.42
Little: -21.2666 56.9858 1087.33
Thumb: 93.6048 94.4352 1129.09
Index: 37.4295 64.9099 1117.49
Middle: -22.9928 19.7409 1088.7
Ring: -4.3575 116.737 1169.11
Little: -27.1505 58.6856 1088.63
Thumb: 89.5305 95.4021 1131.09
Index: 32.2786 66.1326 1121.01
Middle: -27.3689 19.6859 1092.82
Ring: -13.3866 110.889 1173.12
Little: -32.301 59.0756 1090.7
Thumb: 86.3216 95.7601 1131.7
Index: 14.4158 45.0273 1127.89
Middle: -31.3422 18.3082 1095.1
Ring: -18.5397 113.321 1174.63
Little: -37.9148 58.2311 1092.69
Thumb: 82.0664 97.116 1140.45
Index: -1.56041 27.3285 1131.79
Middle: -33.8129 17.1197 1097.86
Ring: -30.3826 105.825 1176.23
Little: -43.6157 58.228 1094.17
Thumb: 68.9288 99.2744 1165.04
Index: -20.87 30.7829 1135.62
Middle: -36.301 16.0316 1101.32
Ring: -53.0927 113.948 1167.95
Little: -47.6723 59.2301 1090.83
Thumb: 29.7728 111.853 1187.41
Index: -37.3851 34.7274 1110.84
Middle: -40.4918 19.0119 1103.8
Ring: -67.9499 51.8902 1105.42
Little: -41.9343 56.1896 1072.37
Thumb: 68.7669 160.95 1223.39
Index: -40.0443 36.1008 1109.3
Middle: -43.8238 21.0646 1106.48
Ring: -53.6208 36.8261 1089.66
Little: -33.9387 55.2445 1067.28
Thumb: 61.8938 203.204 1222.97
Index: -43.1453 37.9269 1112.16
Middle: -48.3018 23.5186 1109.74
Ring: -52.1911 36.0845 1090.2
Little: -35.4028 55.8505 1068.06
Thumb: 43.9497 215.644 1226.63
Index: -50.1514 36.1644 1119.91
Middle: -54.087 24.1839 1111.92
Ring: -59.1144 38.1923 1092.25
Little: -38.9697 55.5727 1072.19
Thumb: 29.7465 245.65 1216.09
Index: -49.9078 39.4412 1121.43
Middle: -56.7764 29.1468 1113.26
Ring: -59.6506 41.8036 1092.9
Little: -40.5724 59.7345 1070.79
Thumb: -78.6777 151.782 1217.38
Index: -56.3563 33.3112 1115.92
Middle: -70.182 43.7703 1075.58
Ring: -58.54 43.1524 1075.32
Little: -46.7169 79.5295 1058.92
Thumb: -96.4575 154.229 1207.01
Index: -58.6068 34.0311 1114.13
Middle: -70.9895 54.6113 1076.25
Ring: -62.5003 54.139 1074.89
Little: -41.684 84.0646 1057.48
Thumb: -109.156 159.144 1197.84
Index: -63.3387 33.2815 1115.82
Middle: -68.5324 58.2511 1077.85
Ring: -61.0449 51.5443 1070.95
Little: -36.1808 83.1865 1057.29
Thumb: -122.147 162.74 1180.24
Index: -63.7154 33.4596 1112.05
Middle: -63.0076 38.0704 1078.44
Ring: -52.5583 37.3829 1079.19
Little: -31.3289 61.6799 1066.14
Thumb: -133.476 158.174 1159.54
Index: -65.1906 37.1868 1106.65
Middle: -55.1581 38.7437 1075.64
Ring: -48.8139 38.2142 1082.54
Little: -26.5953 63.1622 1072.37
Thumb: -139.569 158.293 1141.18
Index: -64.8058 39.7548 1101.03
Middle: -53.3701 39.5364 1074.85
Ring: -46.1851 36.5946 1086.81
Little: -25.9687 63.6982 1072.72
Thumb: -126.884 166.731 1140.33
Index: -66.6857 42.673 1101.06
Middle: -69.8097 32.8462 1096.87
Ring: -49.0612 33.72 1087.58
Little: -30.9476 59.0241 1070.26
Thumb: -128.577 174.3 1129.09
Index: -67.7633 42.1486 1101.07
Middle: -79.3334 28.8118 1101.68
Ring: -53.9982 54.0884 1078.82
Little: -36.5646 53.3979 1075.24
Thumb: -133.027 174.764 1120.64
Index: -98.018 79.0192 1048.3
Middle: -80.0037 28.4186 1101.25
Ring: -54.3733 53.6464 1080.01
Little: -36.1637 52.3061 1081.86
Thumb: -133.989 175.052 1110.58
Index: -96.9562 78.1452 1044.67
Middle: -80.3356 27.774 1103.98
Ring: -55.8675 50.6933 1079.76
Little: -37.4245 51.3936 1087.58
Thumb: -135.083 174.199 1103.53
Index: -99.1698 80.1545 1042.92
Middle: -83.5694 27.4076 1106.03
Ring: -57.773 52.586 1078.98
Little: -39.2167 49.8355 1091.71
Thumb: -135.003 174.755 1096.46
Index: -114.477 68.0204 1056.62
Middle: -84.8811 27.5015 1104.22
Ring: -46.6154 83.6004 1078.52
Little: -40.2768 49.7188 1096.06
Thumb: -135.639 176.912 1089.83
Index: -112.206 71.556 1047.65
Middle: -86.325 28.1769 1109.17
Ring: -46.2777 82.7967 1078.36
Little: -42.0227 49.2532 1096.84
Thumb: -135.938 177.201 1083.56
Index: -108.882 76.6846 1039.74
Middle: -87.362 29.0133 1103.95
Ring: -45.9922 83.6362 1077.76
Little: -42.3953 50.5918 1098.34
Thumb: -135.582 180.471 1081.23
Index: -106.208 81.196 1033.75
Middle: -88.0937 29.239 1103.13
Ring: -46.8558 83.2489 1076.48
Little: -44.8739 51.0316 1100.85
Thumb: -135.163 180.203 1075.94
Index: -105.151 83.7342 1027.74
Middle: -89.2564 30.261 1100.65
Ring: -60.3051 48.5794 1077.71
Little: -45.8261 51.8894 1098.51
Thumb: -135.373 182.407 1070.44
Index: -98.51 87.7089 1018.64
Middle: -88.8466 30.0577 1094.13
Ring: -59.0705 46.8907 1076.93
Little: -11.4196 84.2562 1031.62
Thumb: -136.188 183.561 1066.54
Index: -93.3607 96.1889 1012.15
Middle: -87.8341 29.8623 1090.14
Ring: -57.809 46.7308 1074.9
Little: -9.73079 83.1839 1029.68
Thumb: -135.76 183.291 1060.98
Index: -90.4595 95.2832 1008.44
Middle: -87.0679 29.5599 1085.36
Ring: -56.5993 46.7894 1071.9
Little: -8.14217 83.4711 1028.6
Thumb: -135.631 184.436 1059.28
Index: -88.8426 97.8635 1006.08
Middle: -86.4308 29.966 1084.07
Ring: -55.948 47.2034 1070.05
Little: -5.07368 86.604 1026.55
Thumb: -134.626 184.801 1058.92
Index: -89.6196 95.9725 1005.84
Middle: -86.4242 30.1076 1081.88
Ring: -55.8917 47.2055 1068.79
Little: -5.79479 83.4121 1025.63
Thumb: -133.685 183.937 1059.1
Index: -91.0785 95.3125 1005.42
Middle: -85.6902 30.1644 1080.08
Ring: -55.5699 47.3232 1067.1
Little: -5.92623 85.5104 1022.38
Thumb: -133.716 183.7 1057.08
Index: -91.4391 94.9907 1003.98
Middle: -87.4876 31.2423 1080.17
Ring: -34.5311 95.1854 997.924
Little: -7.17145 84.5862 1021.5
Thumb: -133.761 185.968 1057.83
Index: -91.5973 93.5444 1004.02
Middle: -87.3497 31.5565 1078.84
Ring: -35.1861 93.5677 997.188
Little: -3.65725 87.9366 1019.9
Thumb: -134.388 185.64 1058.71
Index: -89.9745 93.4411 1003.9
Middle: -85.1269 31.2905 1083.18
Ring: -33.9649 94.0498 996.91
Little: -2.64192 88.4006 1019.6
Thumb: -134.559 183.076 1058.2
Index: -89.0839 91.694 1004.48
Middle: -80.4571 36.0291 1067.36
Ring: -31.1594 96.549 996.459
Little: -0.693893 90.1843 1019.08
Thumb: -133.871 182.827 1061.43
Index: -87.0573 92.0668 1006.69
Middle: -78.3653 30.7894 1086.91
Ring: -28.5622 97.0312 998.574
Little: 1.10178 89.9589 1021
Thumb: -133.58 180.368 1064.67
Index: -87.8166 89.8565 1010.59
Middle: -74.9028 30.9331 1089.95
Ring: -27.887 99.7132 999.45
Little: 2.14952 92.4475 1020.72
Thumb: -133.123 179.502 1067.67
Index: -83.6051 94.1533 1011.84
Middle: -71.9795 30.3816 1094.34
Ring: -25.1317 99.2615 1001.69
Little: 5.29458 93.2154 1022.9
Thumb: -133.749 176.844 1071.1
Index: -82.6926 86.1724 1015.45
Middle: -67.7346 29.9921 1100.13
Ring: -22.0899 100.719 1003.95
Little: 7.50232 93.9067 1024.66
Thumb: -136.285 172.283 1072.12
Index: -82.22 83.3547 1019.74
Middle: -61.9311 27.8721 1099.67
Ring: -21.8376 100.359 1005.65
Little: 9.14507 95.7855 1025.01
Thumb: -134.243 169.441 1076.4
Index: -79.165 75.4592 1022.99
Middle: -55.8541 26.4401 1100.67
Ring: -18.2668 102.543 1006.6
Little: 12.3175 97.5216 1025.73
Thumb: -129.736 167.111 1078.91
Index: -72.4189 82.0593 1022.39
Middle: -51.5898 24.2549 1100.61
Ring: -15.7702 100.918 1007.92
Little: 15.9944 95.1636 1027.23
Thumb: -121.737 167.344 1083.99
Index: -69.5304 72.8679 1026.35
Middle: -47.347 22.1053 1107.19
Ring: -11.3014 95.1563 1010.07
Little: 21.2575 92.0315 1029.37
Thumb: -118.05 163.278 1086.92
Index: -62.3987 79.9672 1028.68
Middle: -39.6875 18.5316 1101.65
Ring: -6.71169 91.8957 1011.72
Little: 28.5799 93.3684 1030.18
Thumb: -112.501 158.282 1087.11
Index: -54.8945 71.1487 1026.27
Middle: -32.6689 15.086 1105.14
Ring: 2.07887 87.8409 1013.57
Little: 34.5877 86.573 1033.51
Thumb: -106.255 153.332 1086.73
Index: -50.6178 69.7981 1027.74
Middle: -24.8663 14.7942 1109.04
Ring: 4.79095 85.589 1013.96
Little: 38.6491 86.329 1032.8
Thumb: -101.434 149.855 1087.63
Index: -42.9975 73.8904 1028.03
Middle: -17.0122 12.2866 1106.74
Ring: 13.4548 89.3909 1014.2
Little: 45.9904 87.8665 1033.21
Thumb: -96.8014 147.115 1086.95
Index: -35.5633 72.0452 1027.36
Middle: -8.4996 10.6098 1108.85
Ring: 20.7995 89.9038 1014.23
Little: 51.8589 84.5911 1033.61
Thumb: -91.7207 144.116 1085.8
Index: -30.9731 60.1783 1030.25
Middle: -1.65895 9.96931 1109.55
Ring: 24.6874 85.4011 1014.27
Little: 57.5289 85.3741 1032.98
Thumb: -87.7605 142.287 1086.84
Index: -25.6189 54.9801 1032.34
Middle: 6.26138 10.1659 1110.46
Ring: 30.1984 85.621 1013.42
Little: 62.8345 85.7289 1032.06
Thumb: -84.1864 144.151 1086.2
Index: -16.314 64.8348 1025.41
Middle: 14.9287 8.27316 1108.57
Ring: 38.2457 85.0762 1012.67
Little: 72.0323 89.2459 1031.87
Thumb: -81.3799 143.531 1091.5
Index: -10.5298 65.5262 1027.69
Middle: 22.7885 7.96716 1108.59
Ring: 42.3933 83.4647 1012.73
Little: 75.8585 87.6576 1031.59
Thumb: -76.5861 142.593 1092.04
Index: -4.19789 58.6539 1026.78
Middle: 29.0353 7.71325 1107.26
Ring: 48.4184 82.8629 1012.69
Little: 81.7242 87.8414 1031.91
Thumb: -69.0117 142.919 1094.51
Index: 3.65782 73.5674 1026.05
Middle: 34.1365 8.06506 1103.89
Ring: 58.8469 90.9229 1015.44
Little: 89.9802 89.9927 1034.22
Thumb: -63.8463 144.999 1094.57
Index: 9.17388 68.5224 1025.63
Middle: 40.6537 9.43461 1105.07
Ring: 62.8918 89.1521 1014.13
Little: 93.1808 86.4089 1035.12
Thumb: -58.1646 146.623 1094.81
Index: 15.506 70.2718 1024.29
Middle: 46.7847 9.55549 1104.84
Ring: 68.7295 87.2156 1013.85
Little: 98.7337 84.1285 1035.54
Thumb: -52.9766 149.003 1097.62
Index: 17.9082 70.6424 1026.05
Middle: 48.9754 9.01268 1104.86
Ring: 71.4176 85.2971 1014.45
Little: 102.196 82.9296 1035.11
Thumb: -51.12 150.754 1104.61
Index: 15.9089 71.9066 1029.3
Middle: 48.1646 7.12655 1107.38
Ring: 69.8722 85.4773 1015.58
Little: 101.959 83.9119 1033.97
Thumb: -46.4963 152.575 1112.91
Index: 11.8373 63.2737 1035.8
Middle: 45.6238 7.85878 1110.25
Ring: 63.3808 84.3421 1016.57
Little: 99.6104 87.0564 1031.88
Thumb: -41.2161 154.741 1119.79
Index: 12.4223 64.4232 1039.28
Middle: 37.4119 10.629 1107.65
Ring: 46.2052 22.2533 1108.81
Little: 95.44 82.5281 1031.64
Thumb: -34.2695 158.659 1128.63
Index: 11.6882 63.7772 1048.06
Middle: 31.6218 19.6298 1102.04
Ring: 52.1865 32.276 1080.45
Little: 81.21 57.7679 1051.37
Thumb: -28.8986 161.327 1142.56
Index: 6.18697 57.8573 1067.25
Middle: 28.8772 21.9629 1114.84
Ring: 44.9224 32.5535 1087.21
Little: 74.0974 63.693 1053.11
Thumb: -22.9263 164.906 1152.97
Index: 5.56372 58.8043 1085.11
Middle: 28.4536 27.2077 1123.52
Ring: 40.1775 32.8387 1098.49
Little: 68.665 77.497 1049.37
Thumb: -17.7796 166.857 1158
Index: 40.6322 41.3916 1108.87
Middle: 28.8501 28.8177 1124.4
Ring: 35.625 36.3403 1100.8
Little: 77.2362 101.229 1044.88
Thumb: -11.5815 167.674 1164.27
Index: 27.1611 59.8558 1103.09
Middle: 33.4339 27.1685 1122.52
Ring: 34.1625 37.7457 1103.26
Little: 63.9262 102.523 1034.7
Thumb: -6.22186 166.905 1169.49
Index: 31.7621 53.3071 1106.67
Middle: 35.7442 29.3 1123.32
Ring: 34.5156 40.644 1105.54
Little: 60.6002 105.797 1034.87
Thumb: -0.154242 167.162 1176.61
Index: 32.9043 52.9341 1106.92
Middle: 37.7967 29.3322 1124.96
Ring: 35.9098 40.5153 1106.83
Little: 56.5119 105.881 1036.39
Thumb: 14.7773 170.502 1180.31
Index: 34.4084 54.8064 1104.69
Middle: 37.1276 32.3824 1120.02
Ring: 35.1119 45.1284 1107.2
Little: 55.3773 106.5 1033.88
Thumb: 25.4305 174.093 1184.26
Index: 33.1798 58.8007 1104.08
Middle: 37.6994 37.1869 1125.03
Ring: 34.8383 48.0758 1107.48
Little: 53.5838 110.199 1031.54
Thumb: 34.4338 175.371 1185.85
Index: 32.0857 60.2471 1105.12
Middle: 37.5909 40.3665 1129.61
Ring: 33.6885 50.1636 1109.3
Little: 52.9437 115.943 1029.15
Thumb: 39.3211 173.049 1188.09
Index: 31.621 61.4368 1105.44
Middle: 37.9443 41.3235 1130.52
Ring: 32.062 52.0443 1108.98
Little: 70.0069 111.099 1039.87
Thumb: 44.0721 172.433 1190.22
Index: 31.2496 61.988 1107.29
Middle: 39.0524 41.5167 1131.07
Ring: 32.0794 52.5267 1111.12
Little: 68.3454 112.056 1040.36
Thumb: 46.5203 171.764 1190.97
Index: 30.9943 62.3841 1107.84
Middle: 37.7338 42.8216 1132.31
Ring: 30.0909 53.6834 1110.71
Little: 68.4779 112.556 1040.45
Thumb: 47.239 169.699 1191.44
Index: 30.8369 62.6955 1108.62
Middle: 38.8286 41.8893 1132.95
Ring: 24.106 57.5254 1107.35
Little: 68.426 112.871 1041.2
Thumb: 47.5546 169.138 1190.95
Index: 31.8763 62.0378 1110.01
Middle: 40.2001 42.2343 1135.31
Ring: 22.6744 58.6077 1107.3
Little: 68.0089 112.129 1041.66
Thumb: 46.6796 166.721 1191.11
Index: 31.4278 62.0042 1110.91
Middle: 39.4389 42.6757 1136.79
Ring: 22.4809 58.3478 1108.45
Little: 67.1881 112.272 1042.55
Thumb: 43.7849 165.079 1189.61
Index: 28.2955 64.0513 1112.67
Middle: 38.2135 41.6778 1137.39
Ring: 22.2977 57.2169 1111.56
Little: 65.9381 111.234 1043.27
Thumb: 41.0746 163.118 1189.66
Index: 27.0444 64.018 1114.24
Middle: 35.4815 42.3473 1139.16
Ring: 20.1725 58.0618 1111.56
Little: 65.4186 109.381 1045.38
Thumb: 37.2575 161.147 1188.42
Index: 24.0691 64.0313 1111.45
Middle: 32.5337 40.7926 1137.09
Ring: 17.8531 57.2906 1108.32
Little: 65.2091 108.518 1044.41
Thumb: 31.9589 158.745 1185.88
Index: 22.2615 64.1598 1113.65
Middle: 28.7326 42.1253 1137.94
Ring: 13.3291 59.6741 1107.85
Little: 64.9767 107.034 1045.98
Thumb: 27.6837 156.255 1185.31
Index: 18.7643 65.089 1112.67
Middle: 24.6996 41.4689 1137.27
Ring: 10.2373 60.4916 1105.13
Little: 63.8389 106.368 1046.24
Thumb: 20.9311 153.419 1185.18
Index: 14.7301 65.2383 1112.93
Middle: 20.7758 40.0176 1139.49
Ring: 6.32477 59.0558 1104.08
Little: 63.397 103.096 1048.92
Thumb: 14.7879 149.184 1181.53
Index: 13.5849 64.083 1113.14
Middle: 18.3948 40.6144 1140.76
Ring: 5.72963 60.1853 1103.82
Little: 63.2281 103.21 1050.7
Thumb: 7.54662 146.764 1176.13
Index: 11.5902 62.1795 1112.58
Middle: 15.8183 40.4173 1141.56
Ring: 2.18399 61.5257 1101.46
Little: 61.3613 102.976 1050.52
Thumb: 3.68814 143.365 1172
Index: 10.149 65.4325 1113.61
Middle: 16.7641 40.3134 1143.31
Ring: 3.04027 59.5624 1103.22
Little: 61.1023 102.475 1050.79
Thumb: -1.74821 139.982 1170.26
Index: 9.04207 59.8993 1114.39
Middle: 14.1714 38.2818 1144.2
Ring: 1.30284 54.6025 1104.99
Little: 60.2204 99.5884 1052.12
Thumb: -9.10418 136.102 1167.79
Index: 8.58826 51.417 1115.45
Middle: 8.78112 36.9441 1144.95
Ring: 3.79669 42.2553 1112.29
Little: 58.6677 94.7298 1052.71
Thumb: -14.5733 129.961 1164.01
Index: 8.51714 44.8069 1116.1
Middle: 2.49863 40.5262 1137.41
Ring: 9.16586 37.4067 1115.43
Little: 57.0033 94.312 1053.14
Thumb: -16.5613 125.844 1159.79
Index: 16.5969 37.8655 1113.32
Middle: -4.24286 44.9924 1127.58
Ring: 9.06468 39.3085 1110.88
Little: 53.503 96.0042 1049.54
Thumb: -15.7327 122.632 1155.19
Index: 17.753 35.8052 1111.64
Middle: -6.98295 43.4961 1126.45
Ring: 7.36576 39.0668 1109.15
Little: 50.8676 96.174 1045.82
Thumb: -16.4682 119.367 1152.26
Index: 17.6635 35.0538 1109.43
Middle: -9.56504 42.632 1123.13
Ring: 7.83547 36.3882 1108.81
Little: 48.5771 95.1394 1043.81
Thumb: -19.6156 115.355 1149.06
Index: 13.2049 33.0545 1109.51
Middle: -15.4959 43.6397 1119.88
Ring: 3.43336 34.2576 1108.67
Little: 46.6585 92.5667 1043.6
Thumb: -21.0208 114.363 1145.82
Index: 9.23041 36.3427 1108.76
Middle: -17.5019 43.818 1121.19
Ring: 1.2628 36.2712 1108.37
Little: 30.0731 94.0084 1036.44
Thumb: -24.7616 113.423 1142.67
Index: 3.66739 37.5232 1110.47
Middle: -19.8531 57.3019 1113.35
Ring: -4.73182 38.5726 1108.05
Little: 22.0697 91.0809 1035.97
Thumb: -25.9331 114.12 1142.43
Index: -2.36309 40.7458 1113.63
Middle: -24.5203 61.3263 1112.96
Ring: -8.46151 39.6582 1112.07
Little: 17.9881 92.4709 1031.77
Thumb: -23.2601 118.011 1139.08
Index: -3.77031 45.6971 1124.09
Middle: -27.1264 71.1594 1116.65
Ring: -13.5618 47.8209 1119.38
Little: 27.3405 99.1213 1026.51
Thumb: -24.2589 117.529 1136.66
Index: -33.7976 80.435 1130.89
Middle: -24.1796 72.0454 1122.25
Ring: -17.3929 48.8495 1121.72
Little: 24.7813 95.8894 1026.26
Thumb: -27.7994 115.143 1134.7
Index: -36.3237 91.2948 1128.61
Middle: -30.925 72.4346 1124.54
Ring: -24.885 50.4753 1122.9
Little: 23.5141 93.9227 1027.88
Thumb: -30.6397 114.276 1134.36
Index: -37.5065 91.4034 1126.81
Middle: -35.539 71.7686 1123.35
Ring: -29.901 52.4784 1117.26
Little: 22.2373 93.1901 1028.33
Thumb: -31.8632 113.013 1130.98
Index: -47.9895 92.7966 1121.3
Middle: -43.2305 75.4015 1119.41
Ring: -35.316 53.8082 1119.31
Little: 20.2046 92.3309 1028.61
Thumb: -35.3297 113.414 1132.47
Index: -54.7176 87.5675 1120.41
Middle: -46.6547 54.9076 1157.12
Ring: -37.5371 62.9296 1104.24
Little: 16.8259 90.2391 1028.96
Thumb: -37.0272 113.018 1130.24
Index: -57.643 87.5365 1120.88
Middle: -60.8411 60.7452 1140.14
Ring: -39.5387 63.9628 1104.27
Little: 15.4205 90.3155 1029.57
Thumb: -39.7661 112.764 1130.07
Index: -58.2282 89.8098 1118.51
Middle: -53.3145 53.4237 1150
Ring: -41.9213 63.1492 1106.97
Little: 16.0414 90.3492 1031.54
Thumb: -41.2585 111.597 1129.58
Index: -58.1677 88.5108 1116.33
Middle: -49.2467 50.7553 1155.33
Ring: -41.772 63.9741 1104.69
Little: 14.5355 90.74 1031.37
Thumb: -43.153 112.559 1131.89
Index: -59.2637 86.8849 1117.13
Middle: -48.4198 49.9851 1156.18
Ring: -41.2108 64.1194 1103.25
Little: 10.9421 90.3944 1030.19
Thumb: -45.4796 113.652 1132.89
Index: -61.4576 86.724 1115.87
Middle: -51.8739 49.1799 1153.05
Ring: -43.1544 63.7011 1102.56
Little: 10.8586 90.9629 1030.02
Thumb: -46.0964 116.043 1134.12
Index: -60.3311 84.2951 1115.9
Middle: -49.4823 46.3146 1150.79
Ring: -41.2269 62.0777 1100.05
Little: 7.63642 93.0635 1027.44
Thumb: -48.6296 120.85 1141.31
Index: -58.8805 80.9087 1115.04
Middle: -50.0513 41.7349 1146.88
Ring: -43.5234 57.0341 1098.87
Little: 4.27217 93.6163 1024.64
Thumb: -48.732 124.781 1144.19
Index: -47.5596 78.8769 1115
Middle: -41.3399 38.3264 1144.89
Ring: -42.0275 51.2393 1099.92
Little: 2.12104 97.8411 1020
Thumb: -48.7567 129.732 1146.82
Index: -44.8898 75.5137 1106.73
Middle: -39.7153 38.9429 1142.87
Ring: -39.5892 56.7689 1088.91
Little: -0.0674543 99.4888 1015.93
Thumb: -50.6886 133.23 1148.78
Index: -39.3742 69.8975 1099.72
Middle: -33.7279 35.7327 1141.14
Ring: -36.968 58.2357 1084.71
Little: -3.09394 101.598 1014.53
Thumb: -53.798 135.401 1149.41
Index: -39.2278 65.1504 1099.12
Middle: -35.4629 26.1217 1117.85
Ring: -36.0896 56.9723 1083.26
Little: -4.006 98.6753 1014.67
Thumb: -53.4485 140.274 1150.33
Index: -29.3055 52.2164 1103.07
Middle: -33.3061 23.9818 1113.01
Ring: -35.9722 56.9979 1081.83
Little: -3.9653 99.0501 1012.94
Thumb: -55.0362 141.308 1150.42
Index: -28.095 48.5916 1100.92
Middle: -33.0708 50.6772 1094.25
Ring: -35.4311 53.063 1081.93
Little: -6.53029 96.9281 1011.84
Thumb: -56.2098 144.311 1152.23
Index: -26.5742 46.6678 1099.61
Middle: -30.8962 52.0042 1089.87
Ring: -34.4426 49.9853 1082.2
Little: -6.94734 96.5992 1011.08
Thumb: -57.4547 146.154 1151.04
Index: -23.4607 46.0193 1099.54
Middle: -28.8721 51.7617 1086.64
Ring: -30.6922 43.7102 1080.11
Little: -4.90062 97.5257 1008.9
Thumb: -57.0073 148.978 1150.59
Index: -21.2116 43.6351 1098.4
Middle: -26.2305 52.6605 1083.44
Ring: -28.2394 41.9958 1077.01
Little: -6.93952 96.7538 1009.04
Thumb: -57.4047 151.065 1147.5
Index: -26.835 45.7017 1105.95
Middle: -21.6998 58.3876 1075.92
Ring: -22.0534 33.8089 1075.31
Little: -4.76351 97.5998 1007.1
Thumb: -59.3712 153.208 1143.43
Index: -22.0444 42.5001 1104.81
Middle: -20.4902 52.3539 1076.96
Ring: -16.0205 30.8266 1075.43
Little: -0.131076 97.0343 1007.83
Thumb: -71.0717 152.652 1138.18
Index: -11.073 38.517 1099.78
Middle: -18.2613 33.5755 1091.39
Ring: -4.65073 28.0994 1076.6
Little: 7.32358 95.1571 1012.68
Thumb: -76.5748 157.42 1132.75
Index: -11.0111 38.321 1102.52
Middle: -12.678 26.1189 1088.7
Ring: 1.49083 26.2212 1077.62
Little: 16.8081 93.7172 1016.18
Thumb: -83.5261 161.33 1120.61
Index: -32.917 81.4128 1102.9
Middle: -13.1858 30.6263 1093.4
Ring: 5.76826 26.0953 1084.39
Little: 28.6046 93.487 1022.8
Thumb: -87.7505 162.553 1112.39
Index: -46.1291 50.0252 1091.85
Middle: -12.5986 28.6206 1098.87
Ring: 6.0519 29.2061 1088.7
Little: 33.2282 89.3592 1031.72
Thumb: -89.5494 163.635 1105
Index: -46.3024 51.8307 1085.91
Middle: -11.754 28.4132 1097.13
Ring: 10.4858 25.2804 1094.9
Little: 35.1466 88.5517 1040.88
Thumb: -89.3833 162.474 1099.45
Index: -47.4174 53.0269 1076.18
Middle: -11.6826 32.3547 1093.51
Ring: 10.0379 46.6656 1084.13
Little: 41.3284 92.5716 1047.2
Thumb: -89.5844 163.099 1093.67
Index: -47.8382 61.5564 1066.83
Middle: -12.2626 28.3534 1098.73
Ring: 9.81854 48.6195 1086.52
Little: 41.4947 88.9053 1050.76
Thumb: -87.2208 158.898 1091.6
Index: -44.7594 65.9668 1060.83
Middle: -12.0373 27.4083 1099.75
Ring: 11.083 48.8019 1088.89
Little: 44.5338 87.0777 1054.16
Thumb: -86.825 155.475 1090
Index: -42.9699 66.6585 1055.27
Middle: -12.4591 29.3489 1096
Ring: 11.4112 47.4715 1090.12
Little: 46.0822 84.6899 1058.45
Thumb: -85.496 149.74 1085.04
Index: -41.0879 68.7473 1048.07
Middle: -12.1951 22.4813 1094.49
Ring: 12.1385 46.3093 1086.88
Little: 46.2542 81.5914 1056.73
Thumb: -81.8885 143.807 1082.6
Index: -38.8626 72.926 1043.37
Middle: -15.5046 20.9651 1089.61
Ring: 14.0008 88.9116 1051.83
Little: 13.5817 38.3622 1098.86
Thumb: -79.0575 138.014 1073.58
Index: -37.2436 73.8799 1037.01
Middle: -16.0713 13.7902 1085.16
Ring: 11.719 84.6359 1042.64
Little: 15.3553 37.8794 1086.53
Thumb: -73.0902 132.4 1062.49
Index: -36.4504 78.8658 1031.69
Middle: -15.8381 11.558 1077.51
Ring: 13.4005 82.9664 1043.93
Little: 13.7161 36.1061 1080.66
Thumb: -72.7325 129.111 1053.51
Index: -38.1969 65.4075 1031.37
Middle: -16.8502 7.68548 1071.97
Ring: 10.8493 80.4099 1043.69
Little: 14.6599 36.0315 1074.12
Thumb: -67.8197 125.208 1047.83
Index: -39.5331 71.2453 1026.1
Middle: -17.1776 9.39717 1060.02
Ring: 7.52958 76.6784 1034.3
Little: 13.9171 34.4786 1067.76
Thumb: -37.1532 104.027 1034.91
Index: -41.6054 70.761 1024.51
Middle: -17.3592 16.427 1048.5
Ring: 3.99034 76.9236 1030.79
Little: 12.8454 36.174 1060.03
Thumb: -38.1112 104.498 1031.05
Index: -42.5638 59.8158 1024.83
Middle: -18.9228 15.5007 1045.8
Ring: 1.70735 76.4513 1025.89
Little: 13.4376 37.9696 1055.2
Thumb: -38.5028 105.618 1029.98
Index: -44.0589 55.3521 1026.35
Middle: -20.4288 17.5839 1041.95
Ring: -0.657177 77.4881 1023.45
Little: 9.69667 37.4057 1047.32
Thumb: -38.4128 105.495 1028.15
Index: -49.9141 40.8933 1035.9
Middle: -22.4692 19.5785 1038.72
Ring: -3.15601 78.8618 1024.18
Little: 7.80041 38.5229 1041.5
Thumb: -38.0039 105.396 1027.45
Index: -52.0293 45.0674 1034.41
Middle: -23.2656 21.9754 1035.51
Ring: -3.80996 78.6968 1024.52
Little: 7.19851 40.1537 1040.31
Thumb: -39.5271 102.959 1028.08
Index: -54.8537 50.3238 1032.87
Middle: -25.9218 22.4256 1034.2
Ring: -7.78191 77.2167 1021.71
Little: 5.00289 41.8541 1036.08
Thumb: -40.4011 102.711 1025.76
Index: -57.2892 51.3233 1032.31
Middle: -27.0018 21.3888 1034.07
Ring: -9.83966 78.2107 1020.29
Little: 27.0551 82.1777 1013.06
Thumb: -39.4674 104.452 1024.28
Index: -58.3957 55.0911 1028.62
Middle: -26.7008 20.7445 1034.75
Ring: -10.6359 79.8562 1016.56
Little: 25.7815 86.2927 1012.75
Thumb: -37.9448 106.41 1020.02
Index: -59.5831 62.9925 1025
Middle: -27.9124 22.009 1031.08
Ring: -12.5889 81.1355 1016.03
Little: 24.7027 91.0999 1011.28
Thumb: -41.9153 104.863 1020.87
Index: -59.1635 66.7531 1026.1
Middle: -27.5693 22.7766 1029.52
Ring: -18.5596 79.7334 996.422
Little: 22.1571 95.4135 1012.89
Thumb: -42.4281 104.594 1019.38
Index: -60.4877 67.1681 1026.32
Middle: -33.8206 21.4618 1028.72
Ring: -23.1653 81.16 994.483
Little: 18.1858 97.3455 1009.13
Thumb: -43.4387 103.741 1019.44
Index: -59.6741 66.573 1026.35
Middle: -35.4842 21.7373 1029.68
Ring: -24.5145 81.761 994.988
Little: 16.5221 97.6889 1009.7
Thumb: -41.9558 104.768 1016.67
Index: -59.8439 71.0151 1026.23
Middle: -32.7927 19.1121 1030.05
Ring: -7.49142 9.61208 1037.5
Little: 15.1578 99.7323 1008.35
Thumb: -41.9054 104.028 1015
Index: -59.6717 69.9512 1023.24
Middle: -32.3861 22.0768 1026.46
Ring: -6.90469 10.3223 1035.26
Little: 15.7495 101.168 1009.12
Thumb: -42.0995 104.188 1014.3
Index: -58.3185 60.5892 1019.6
Middle: -28.8617 20.6979 1026.27
Ring: -3.90284 11.0857 1033.48
Little: 14.9902 100.652 1007.43
Thumb: -42.0617 104.944 1014.54
Index: -57.9562 60.2549 1019.74
Middle: -28.8087 22.7594 1026.25
Ring: -3.51327 11.8434 1033.71
Little: 14.6854 100.576 1007.15
Thumb: -44.8595 105.451 1015.12
Index: -58.386 53.9344 1021.15
Middle: -30.7364 22.7687 1027.35
Ring: -7.35432 14.3027 1030.96
Little: 13.61 100.076 1007.41
Thumb: -43.8645 105.354 1015.1
Index: -62.8931 63.3701 1019.48
Middle: -33.6513 24.1631 1027.53
Ring: -9.57378 13.4979 1031.84
Little: 12.6018 100.072 1008.64
Thumb: -48.9254 102.584 1022.12
Index: -62.1646 60.8858 1024.45
Middle: -33.3524 21.362 1037.67
Ring: -12.0947 16.4362 1035.29
Little: 14.7388 98.834 1015.73
Thumb: -54.5891 105.578 1029.8
Index: -63.6399 62.2764 1032.89
Middle: -35.3164 21.6566 1047.05
Ring: -15.4132 18.4826 1040.31
Little: 14.8364 100.382 1023.05
Thumb: -69.1139 108.807 1046.27
Index: -63.8149 58.9022 1044.62
Middle: -36.0413 21.0685 1058.98
Ring: -16.6961 18.0189 1050.4
Little: 16.6255 103.45 1041.93
Thumb: -72.2586 110.555 1056.1
Index: -66.4816 57.5681 1065.59
Middle: -40.5614 20.9217 1072.54
Ring: -22.163 17.5434 1062.4
Little: 15.886 103.124 1058.25
Thumb: -75.4 115.262 1074.13
Index: -67.3477 53.6624 1094.12
Middle: -48.2374 32.7457 1084.81
Ring: -31.1699 15.9282 1083.94
Little: 14.2756 98.0587 1062.87
Thumb: -77.3435 119.695 1086.95
Index: -70.0347 53.5226 1113.02
Middle: -55.6296 35.7168 1101.7
Ring: -39.915 21.7455 1095.25
Little: 10.7674 97.3714 1069.14
Thumb: -76.7965 126.21 1099.96
Index: -67.7218 61.1092 1131.3
Middle: -57.7706 42.0686 1117.1
Ring: -42.5068 21.9387 1114.42
Little: 9.02379 97.7365 1075.03
Thumb: -72.9671 134.134 1108.66
Index: -59.7276 65.596 1149.82
Middle: -52.796 43.9046 1134.2
Ring: -38.6461 26.9978 1128.98
Little: 12.8991 98.6619 1079.64
Thumb: -70.5029 138.763 1116.94
Index: -55.1481 70.4185 1158.78
Middle: -45.4294 46.4726 1150.79
Ring: -33.8773 31.9012 1140.96
Little: 17.2071 101.568 1087.37
Thumb: -66.3932 146.146 1120.47
Index: -48.0176 74.6285 1164.76
Middle: -40.0415 49.5205 1160.69
Ring: -26.8954 36.8417 1150.11
Little: 21.2009 104.574 1089.06
Thumb: -62.054 152.442 1125.54
Index: -46.8312 80.0935 1168.32
Middle: -36.0736 53.0653 1164.45
Ring: -23.0469 42.4735 1161.12
Little: 24.0701 106.081 1091.38
Thumb: -59.1427 155.498 1133.62
Index: -42.9647 82.9177 1165.42
Middle: -29.6467 57.2962 1163.79
Ring: -15.7187 45.1932 1164.41
Little: 28.5268 108.364 1092.81
Thumb: -57.4883 157.487 1136.84
Index: -39.2065 84.7094 1164.54
Middle: -23.922 58.4291 1160.57
Ring: -10.2654 46.2621 1165.72
Little: 31.8775 110.605 1093.77
Thumb: -54.4177 156.524 1139.42
Index: -35.1585 85.0669 1159.45
Middle: -18.1098 58.4324 1158.63
Ring: -5.11077 45.2142 1160.8
Little: 36.5107 111.863 1092.77
Thumb: -48.8747 157.183 1136.46
Index: -30.0624 83.1047 1159.28
Middle: -14.9983 59.5463 1155.51
Ring: -1.7432 45.8043 1161.63
Little: 42.4986 110.546 1090.32
Thumb: -45.3992 156.074 1140.02
Index: -24.6419 79.2285 1154.9
Middle: -9.43744 56.8408 1149.39
Ring: 3.83111 43.876 1154.86
Little: 44.626 111.557 1082.91
Thumb: -43.9073 151.688 1139.84
Index: -18.5124 71.334 1149.81
Middle: -4.47733 50.4675 1143.29
Ring: 10.7503 38.8527 1148.66
Little: 49.4053 109.661 1078.49
Thumb: -43.0598 145.817 1143.14
Index: -8.34063 62.2982 1146.42
Middle: 3.48997 46.2285 1135.67
Ring: 22.2544 33.8687 1139.29
Little: 48.297 112.795 1071
Thumb: -40.2651 140.397 1144
Index: 0.18256 54.6187 1140.39
Middle: 8.26601 42.5647 1128.5
Ring: 30.2612 29.2637 1131.18
Little: 50.8604 113.799 1065.21
Thumb: -36.8235 133.9 1140.79
Index: 6.39998 49.5278 1139.53
Middle: 10.6688 37.421 1129.19
Ring: 31.5318 26.771 1124.95
Little: 50.8397 112.141 1059.49
Thumb: -33.3866 126.626 1134.15
Index: 10.047 43.5057 1142.09
Middle: 9.78336 35.0108 1124.29
Ring: 23.8582 25.1232 1119.37
Little: 49.8358 108.578 1054.62
Thumb: -28.038 125.174 1135.42
Index: 7.18556 45.93 1141.82
Middle: 7.98974 35.2231 1126.45
Ring: 17.4926 25.7787 1116.57
Little: 48.1234 106.921 1053.15
Thumb: -19.3431 125.165 1133.2
Index: 3.42071 55.1653 1144.81
Middle: -0.333256 43.1938 1138.71
Ring: 9.70799 33.4527 1122.28
Little: 44.1743 102.228 1049.27
Thumb: -17.0725 124.379 1129.6
Index: -40.9299 128.288 1087.33
Middle: -9.34377 51.9073 1141.71
Ring: 0.776628 40.0532 1128.23
Little: 41.3819 97.2916 1048.24
Thumb: -14.7708 121.999 1128.91
Index: -44.8734 111.106 1087.9
Middle: -13.2333 53.9405 1144.98
Ring: -3.68509 43.2178 1128.61
Little: 42.8532 94.8493 1048.42
Thumb: -14.172 121.568 1129.53
Index: -47.2006 102.407 1093.47
Middle: -15.565 56.4443 1143.87
Ring: -6.55623 45.0928 1127.49
Little: 42.6045 92.9303 1047.92
Thumb: -13.1847 120.144 1129.84
Index: -51.6226 100.049 1108.12
Middle: -15.5196 56.4478 1145.27
Ring: -7.51226 46.0579 1131.17
Little: 43.7733 92.3988 1050.7
Thumb: -12.3753 120.119 1131.48
Index: -51.2805 95.9885 1113.81
Middle: -14.7742 57.2213 1148.57
Ring: -7.21693 47.7827 1133.14
Little: 45.6234 91.4561 1051.82
Thumb: -10.3384 119.347 1134.01
Index: -51.2642 97.6688 1111.32
Middle: -17.569 60.8337 1152.61
Ring: -8.05899 48.467 1136.59
Little: 46.6663 90.2745 1054.18
Thumb: -10.4544 120.31 1133.74
Index: -48.6521 107.455 1106.2
Middle: -21.6819 64.861 1151.52
Ring: -11.7222 50.1022 1138.28
Little: 44.9345 88.6515 1054.07
Thumb: -9.92522 122.38 1134.95
Index: -49.7348 106.904 1107.15
Middle: -21.7752 65.9871 1149.34
Ring: -12.397 50.1965 1137.87
Little: 44.9683 86.3725 1052.17
Thumb: -9.78855 123.854 1135.9
Index: -52.6084 101.814 1112.87
Middle: -23.2325 69.8427 1140.5
Ring: -12.6415 51.1154 1139.03
Little: 44.2364 84.5375 1052.81
Thumb: -12.1462 125.075 1135.87
Index: -51.416 106.625 1107.45
Middle: -26.6569 71.268 1137.1
Ring: -15.5518 51.579 1140.49
Little: 43.0496 81.1323 1052.43
Thumb: -13.1961 122.637 1136.29
Index: -54.8571 106.335 1107.46
Middle: -28.8077 72.9514 1130.81
Ring: -18.4383 51.0522 1137.95
Little: 39.2585 84.7162 1051.2
Thumb: -14.1376 122.704 1137.01
Index: -55.304 106.27 1108.33
Middle: -27.928 74.2973 1130.96
Ring: -18.4358 50.8376 1140.84
Little: 39.717 80.3844 1050.25
Thumb: -15.345 122.594 1136.44
Index: -55.9391 106.387 1108.16
Middle: -28.1858 74.7487 1130.42
Ring: -19.7211 51.1465 1139.39
Little: 39.0864 80.6958 1050.06
Thumb: -15.2826 121.569 1136.61
Index: -56.0184 104.872 1111.18
Middle: -28.3695 74.6664 1132.09
Ring: -19.3775 50.9785 1141.1
Little: 38.9586 80.2363 1051.4
Thumb: -15.4214 122.957 1138.13
Index: -52.3676 112.109 1108.71
Middle: -27.8306 74.0163 1132.14
Ring: -18.6316 51.3921 1142.54
Little: 37.8862 79.4198 1051.73
Thumb: -15.2206 123.041 1138.15
Index: -52.6922 111.842 1108.22
Middle: -27.8273 74.1308 1131.66
Ring: -19.0967 52.0445 1142.26
Little: 37.9277 79.4902 1051.26
Thumb: -15.1485 123.14 1137.89
Index: -52.0982 112.735 1107.29
Middle: -27.3877 75.2501 1131.09
Ring: -18.9811 51.9672 1142.95
Little: 37.6974 81.3587 1051.82
Thumb: -14.7496 125.379 1138.68
Index: -53.2875 111.895 1108.97
Middle: -28.6148 76.3419 1131.25
Ring: -20.4711 52.9892 1142.48
Little: 37.4092 82.1254 1052.45
Thumb: -15.5756 127.37 1138.76
Index: -55.5923 113.404 1111.36
Middle: -30.2267 77.527 1131.45
Ring: -21.8249 53.0099 1141.37
Little: 35.2362 85.8521 1053.79
Thumb: -15.9115 131.245 1140.49
Index: -60.702 114.853 1115.58
Middle: -32.0512 81.3661 1132.84
Ring: -24.2379 55.5385 1145.53
Little: 32.1032 89.5744 1055.03
Thumb: -16.4313 133.692 1143.65
Index: -43.7005 128.793 1115.01
Middle: -31.5699 79.4314 1138.98
Ring: -21.8673 53.6189 1143.51
Little: 29.3133 93.3823 1057.96
Thumb: -17.2953 136.136 1149.05
Index: -43.1301 135.049 1104.95
Middle: -26.9731 76.0516 1140.06
Ring: -16.5104 51.186 1141.58
Little: 31.862 98.0216 1058.6
Thumb: -15.7262 137.109 1153.72
Index: -54.7091 133.478 1097.95
Middle: -22.5632 71.172 1136.47
Ring: -12.5959 48.0529 1140.09
Little: 32.2514 98.6714 1053.9
Thumb: -10.1985 142.526 1159.44
Index: -54.1364 133.166 1100.73
Middle: -19.8606 62.8091 1143.08
Ring: -9.50892 45.1661 1135.94
Little: 31.7185 98.8856 1051.93
Thumb: -2.85057 145.419 1163.59
Index: -51.8661 135.713 1095.98
Middle: -17.193 57.6474 1142.68
Ring: -5.13328 42.1404 1134.9
Little: 40.0201 91.6431 1068.09
Thumb: 2.46551 146.533 1168.29
Index: -53.0192 130.297 1096.41
Middle: -11.9448 47.619 1145.87
Ring: -1.27922 40.1915 1129.95
Little: 43.6196 88.7106 1063.75
Thumb: 9.27731 147.605 1171.25
Index: -51.5341 130.262 1099.33
Middle: -7.6236 47.7894 1148.28
Ring: 4.09632 38.8535 1131.95
Little: 44.6316 90.6944 1060.79
Thumb: 14.408 145.301 1170.9
Index: -10.3983 85.0191 1150.11
Middle: 0.311403 44.4486 1144.46
Ring: 10.3096 36.9582 1131.55
Little: 43.8324 88.877 1060.55
Thumb: 19.6725 142.434 1174.94
Index: -7.93237 75.2091 1153.51
Middle: 3.5279 40.9549 1142.62
Ring: 12.39 34.1028 1127.54
Little: 33.0709 103.747 1055
Thumb: 25.7851 141.49 1176.95
Index: -7.94446 73.724 1154.24
Middle: 3.00861 39.1188 1141.22
Ring: 13.7305 30.7469 1128.14
Little: 35.7324 101.031 1056.81
Thumb: 32.1135 139.332 1178.76
Index: -7.33599 70.103 1153.55
Middle: 7.40348 36.0966 1140.86
Ring: 17.5699 29.4623 1127.36
Little: 41.0064 100.658 1057.84
Thumb: 51.3883 144.44 1074.26
Index: 0.372835 68.8473 1144.88
Middle: 15.699 34.2301 1130.47
Ring: 22.7192 33.249 1122.58
Little: 35.4 104.169 1033.9
Thumb: 53.7559 143.914 1063.41
Index: 9.11322 66.9001 1135.54
Middle: 15.5812 33.106 1117.4
Ring: 20.525 38.126 1113.34
Little: 47.5972 91.378 1036.06
Thumb: 55.8878 146.183 1057.83
Index: 11.4929 62.5482 1116.97
Middle: 2.56973 40.4258 1103.35
Ring: 13.8344 48.2525 1104.59
Little: 49.2763 94.0872 1029.83
Thumb: 59.7951 149.233 1052.91
Index: 17.7761 70.1534 1119.17
Middle: 1.39983 48.7134 1099.42
Ring: 13.768 59.0964 1102.11
Little: 46.3063 98.9579 1026.55
Thumb: 57.2688 149.443 1054.08
Index: 17.2247 71.2245 1118.23
Middle: -2.24083 48.6321 1103.43
Ring: 2.92389 50.7001 1102.79
Little: 43.8094 99.1711 1027.4
Thumb: 53.6675 144.87 1052.58
Index: 48.2003 46.614 1126.74
Middle: -2.5838 46.3309 1097.8
Ring: 2.9269 53.756 1103.93
Little: 48.3705 92.6775 1026.05
Thumb: 52.0366 142.771 1053.6
Index: 49.5003 41.9923 1125.54
Middle: -2.97916 43.9223 1100.56
Ring: 2.87148 51.7394 1103.46
Little: 47.229 91.7865 1024.36
Thumb: 60.7757 121.771 1073.27
Index: 49.9429 38.9859 1123.55
Middle: -3.45699 42.0453 1102
Ring: 3.04918 49.2589 1104.84
Little: 45.5736 91.3646 1024.19
Thumb: 105.844 82.3698 1146.39
Index: 19.2185 49.327 1161.88
Middle: 40.8391 9.54038 1132.03
Ring: 45.5333 18.9566 1130.01
Little: 26.8106 81.4777 1084.52
Thumb: 96.1282 114.584 1183.61
Index: 27.8626 47.5965 1151.64
Middle: 37.9303 8.85053 1128.86
Ring: 43.8565 17.9478 1127.02
Little: 24.2132 80.7266 1084.56
Thumb: 101.146 113.027 1180.53
Index: 32.7914 41.3379 1147.17
Middle: 30.17 10.1746 1119.09
Ring: 36.3533 17.0782 1120.77
Little: 18.651 82.829 1087.81
Thumb: 114.615 103.858 1170.07
Index: 36.1365 31.3811 1142.83
Middle: 9.79533 15.2726 1114.93
Ring: 17.9019 19.1934 1108.74
Little: 0.717677 58.3601 1103.99
Thumb: 122.026 94.595 1163.99
Index: 42.5439 22.1152 1130.16
Middle: 2.96204 22.5502 1133.84
Ring: 9.18748 22.1749 1103.89
Little: -3.56989 59.776 1104.17
Thumb: 127.343 95.4012 1161.92
Index: 42.0044 16.3934 1124.54
Middle: 17.8565 97.5557 1162.16
Ring: 1.65987 24.4551 1100.71
Little: -9.70855 58.6238 1101.13
Thumb: 128.286 93.9213 1161.18
Index: 43.1933 12.778 1116.86
Middle: 21.752 110.075 1162.16
Ring: 2.80397 25.2151 1102.77
Little: -13.8381 58.681 1097
Thumb: 128.185 93.0167 1158.71
Index: 44.5817 10.727 1114.54
Middle: 30.1511 104.669 1141.41
Ring: 4.31244 22.7344 1096.51
Little: -13.874 58.8486 1095.45
Thumb: 129.212 93.4011 1153.02
Index: 46.1036 9.35282 1110.26
Middle: 28.8593 102.533 1142.08
Ring: 4.70386 22.3637 1094.38
Little: -15.4895 58.3521 1092.64
Thumb: 131.975 92.5859 1148.22
Index: 45.8927 9.03761 1106.49
Middle: 36.3558 100.271 1125.22
Ring: 4.37426 22.84 1093.77
Little: -14.8552 57.8431 1090.54
Thumb: 135.643 92.9104 1140.39
Index: 46.2064 9.67115 1104.28
Middle: 29.2932 105.976 1152.74
Ring: 5.66685 22.3602 1092.79
Little: -13.784 55.8855 1090.07
Thumb: 134.977 94.6054 1131.26
Index: 47.4799 11.2127 1100.96
Middle: 28.8357 102.423 1153.64
Ring: 8.01238 22.6795 1091.45
Little: -15.3887 54.841 1086.62
Thumb: 134.644 97.8078 1122.09
Index: 47.5284 11.5343 1097.69
Middle: 29.1088 105.028 1158.49
Ring: 9.1056 27.9839 1100.53
Little: -15.1492 54.468 1089.48
Thumb: 133.37 99.0044 1115.38
Index: 47.5574 14.7007 1098.62
Middle: 33.3048 107.92 1156.7
Ring: 10.0815 30.2945 1095.73
Little: -11.7135 56.2825 1087.41
Thumb: 131.913 98.0976 1113.9
Index: 46.1755 13.3292 1094.15
Middle: 33.5874 105.716 1147.15
Ring: 8.74543 31.2473 1095.88
Little: -13.2861 57.2769 1084.63
Thumb: 130.646 97.6145 1108.59
Index: 44.9976 13.2408 1090.58
Middle: 35.5956 108.153 1145.13
Ring: 7.40319 30.8752 1092.59
Little: -12.0643 56.9016 1081.24
Thumb: 131.838 98.6612 1105.28
Index: 43.9622 12.6169 1086.2
Middle: 33.3581 108.199 1142.6
Ring: 5.57431 30.7018 1089.56
Little: -14.0576 56.6807 1078.24
Thumb: 131.681 99.7964 1103.7
Index: 43.4453 12.8157 1083.5
Middle: 33.2615 109.254 1140.2
Ring: 5.44184 31.0429 1086.68
Little: -14.1754 58.2329 1078.46
Thumb: 131.28 99.4445 1102.25
Index: 42.2261 13.0887 1080.89
Middle: 32.1803 108.434 1137.48
Ring: 5.00192 31.3107 1083.56
Little: -13.3002 61.5268 1083.41
Thumb: 130.922 100.532 1100.12
Index: 42.9008 15.7639 1079.28
Middle: 25.549 91.1711 1154.16
Ring: 5.29446 32.609 1081.59
Little: -12.5032 64.0717 1078.38
Thumb: 128.753 99.0232 1098.48
Index: 42.1819 14.7982 1077.1
Middle: 24.4461 87.1434 1156.32
Ring: 3.10673 31.45 1080.03
Little: -13.6189 62.5273 1078.35
Thumb: 128.077 98.8488 1096.61
Index: 42.1927 15.0716 1075.2
Middle: 24.4855 87.0016 1155.48
Ring: 3.25121 32.377 1079.65
Little: -13.612 62.5682 1077.35
Thumb: 128.117 98.6865 1095.07
Index: 42.4932 15.8411 1075.23
Middle: 24.0985 87.22 1153.38
Ring: 4.45098 32.4939 1077.83
Little: -13.5841 63.751 1075.81
Thumb: 130.029 99.8583 1094.99
Index: 42.8214 16.2598 1075.29
Middle: 31.8693 106.113 1130.57
Ring: 5.37591 34.1848 1079.52
Little: -13.4358 66.0088 1077.31
Thumb: 130.569 100.11 1095.21
Index: 43.3903 16.8111 1077.12
Middle: 31.695 106.54 1131.09
Ring: 5.35835 34.2189 1079.62
Little: -13.5078 66.0627 1077.63
Thumb: 130.098 100.231 1095.93
Index: 43.6965 16.5129 1079.57
Middle: 30.2537 105.842 1132.92
Ring: 5.40469 34.3164 1079.52
Little: -13.5787 65.7938 1076.4
Thumb: 130.494 101.955 1098.31
Index: 43.9333 16.3473 1081.72
Middle: 28.729 106.096 1130.15
Ring: 3.89504 29.7658 1074.74
Little: -14.5664 65.6378 1076.72
Thumb: 128.286 101.165 1102.71
Index: 43.0018 15.6757 1085.97
Middle: 26.9372 107.826 1138.06
Ring: 2.80282 29.532 1078.74
Little: -14.7371 63.8265 1076.95
Thumb: 128.74 100.934 1104.93
Index: 43.2368 16.4801 1090.89
Middle: 25.4475 105.694 1138.91
Ring: 3.81598 29.0524 1079.7
Little: -13.8639 59.4728 1073.83
Thumb: 128.563 100.225 1107.7
Index: 43.4876 16.2069 1096.39
Middle: 21.3511 99.5169 1153.26
Ring: 3.98374 27.3129 1080.44
Little: -13.5189 58.0672 1074.65
Thumb: 128.709 100.985 1110.9
Index: 42.1449 15.4479 1101.81
Middle: 22.5278 101.667 1148.15
Ring: 5.90356 28.1002 1089.95
Little: -13.8618 56.6741 1076.43
Thumb: 130.154 100.769 1111.75
Index: 42.241 14.5824 1105.43
Middle: 22.0951 89.1155 1147.75
Ring: 7.3977 26.4081 1091.78
Little: -12.4576 54.5903 1077.78
Thumb: 131.504 101.27 1114.13
Index: 42.1477 15.09 1108.69
Middle: 18.5298 74.8499 1161.12
Ring: 8.33651 27.2048 1096.95
Little: -11.5053 53.2862 1081.62
Thumb: 133.309 102.087 1115.59
Index: 42.4773 15.6424 1113.44
Middle: 18.8377 69.8341 1166.14
Ring: 8.27947 26.1266 1097.71
Little: -10.9201 52.4537 1084.38
Thumb: 135.328 104.314 1117.53
Index: 42.2449 14.0227 1117.28
Middle: 17.1223 65.1475 1169.16
Ring: 7.69219 23.3388 1100.06
Little: -11.292 52.0255 1087.66
Thumb: 136.063 104.866 1120.87
Index: 42.13 17.1688 1124.7
Middle: 15.2856 56.0074 1168.95
Ring: 9.30956 24.2939 1104.59
Little: -10.371 51.6301 1092.01
Thumb: 132.289 103.998 1129.69
Index: 40.9393 17.8734 1130.11
Middle: 14.3609 68.4574 1167.83
Ring: 10.3981 25.7471 1107.71
Little: -11.5402 53.7211 1095.41
Thumb: 128.331 101.344 1138.26
Index: 37.3622 19.8704 1138.65
Middle: 13.0114 67.6882 1169.69
Ring: 8.37423 26.2235 1113.62
Little: -11.4624 52.5724 1098.89
Thumb: 121.793 99.2753 1156.19
Index: 30.4252 22.4293 1148.32
Middle: 13.948 107.015 1176.54
Ring: 7.82951 24.4873 1116.31
Little: -11.295 52.2119 1099.63
Thumb: 122.697 100.459 1161.44
Index: 32.0896 22.5019 1151.55
Middle: 7.27308 80.9896 1188.34
Ring: 8.71475 28.2235 1118.73
Little: -8.64932 52.5639 1099.65
Thumb: 127.713 104.359 1160.19
Index: 35.5763 22.5479 1152.43
Middle: 13.3874 86.3118 1189.3
Ring: 10.4602 27.69 1121.86
Little: -7.31386 52.4856 1101.08
Thumb: 137.075 106.251 1144.3
Index: 41.2221 21.9683 1150.08
Middle: 26.0595 78.8891 1195.18
Ring: 11.7343 28.1555 1123.76
Little: -19.1843 114.947 1165.58
Thumb: 132.589 105.57 1149.38
Index: 34.291 25.1745 1154.67
Middle: 19.6024 76.3937 1192.51
Ring: 9.32617 29.9627 1126.07
Little: -22.9107 109.341 1166.28
Thumb: 117.666 105.706 1171.61
Index: 18.8223 28.6953 1157.88
Middle: 0.0229588 77.7947 1198.59
Ring: 7.00788 29.0527 1125.53
Little: -30.4036 90.5296 1149.4
Thumb: 69.5117 108.51 1207.06
Index: 17.0982 79.8671 1162.92
Middle: -3.89427 15.2233 1104.3
Ring: 5.94806 21.0783 1108.87
Little: -9.25659 56.1277 1095.43
Thumb: 119.79 166.184 1216.42
Index: 10.991 78.86 1152.24
Middle: -4.16103 11.3222 1110.2
Ring: 2.01682 18.3889 1112.09
Little: -11.4429 52.664 1089.76
Thumb: 104.599 159.245 1222.05
Index: -9.34278 50.7094 1131.89
Middle: -9.11285 14.0718 1108.82
Ring: -3.35979 20.8876 1109.81
Little: -6.04448 51.2084 1087.31
Thumb: 69.7561 185.198 1232.46
Index: -6.87242 27.8902 1120.77
Middle: -12.3692 14.1837 1111.37
Ring: -4.35769 19.9806 1110.6
Little: -4.43143 49.634 1087.94
Thumb: 77.7009 234.362 1209.33
Index: -8.0058 29.0381 1120.44
Middle: -11.6642 14.7768 1106.77
Ring: -4.86575 20.3444 1104.47
Little: -0.580988 48.9417 1088.22
Thumb: 73.4421 230.013 1218.28
Index: -10.3341 32.6685 1121.52
Middle: -12.5077 17.4218 1108.11
Ring: -4.09511 22.3991 1105.29
Little: 7.28411 46.6667 1086.33
Thumb: 105.221 164.922 1232.93
Index: -12.0839 39.0039 1126.87
Middle: -10.2374 20.9412 1110.85
Ring: -4.16688 26.8477 1104.29
Little: 5.48983 51.0368 1086.05
Thumb: 113.957 192.956 1227.59
Index: -15.7739 50.7581 1153
Middle: -8.09411 30.5884 1110.46
Ring: 1.55087 34.4273 1087.9
Little: 4.86833 49.9993 1085.19
Thumb: 117.754 194.803 1218.07
Index: -18.2871 53.3889 1154.53
Middle: -9.26633 29.459 1110.06
Ring: 2.01241 32.1886 1086.57
Little: -2.6513 57.4412 1110.05
Thumb: 8.31889 137.911 1151.11
Index: -22.4111 58.2252 1157.83
Middle: -9.58567 27.7231 1107.55
Ring: 2.47156 30.5262 1083.51
Little: -3.61692 56.403 1108.27
Thumb: 55.4206 145.339 1098.3
Index: -14.8195 102.389 1183.85
Middle: 7.5207 123.038 1202.85
Ring: -42.4236 167.659 1176.75
Little: -30.5111 170.948 1165.14
Thumb: 99.3887 84.467 1163.19
Index: -14.3705 107.542 1186.87
Middle: -1.76605 133.753 1202.71
Ring: -48.4274 168.462 1171.37
Little: -34.5022 172.549 1158.37
Thumb: 96.3309 83.2593 1174.9
Index: -20.2023 111.383 1188
Middle: -2.5606 134.463 1203.53
Ring: -61.3401 174.227 1161.56
Little: -45.3009 177.629 1150.86
Thumb: 86.0844 88.7347 1179.66
Index: -18.608 112.251 1191.78
Middle: -8.34577 139.669 1204.14
Ring: -66.5515 177.833 1163.41
Little: -51.1445 169.169 1144.22
Thumb: 82.6111 90.667 1187.49
Index: -24.7643 114.862 1195.03
Middle: -21.4802 146.19 1203.74
Ring: -17.6625 165.333 1194.82
Little: -66.884 169.765 1129.53
Thumb: 76.7873 93.5244 1189.14
Index: -34.9007 115.356 1193.16
Middle: -28.8714 145.285 1202.19
Ring: -25.2929 165.083 1193.26
Little: -73.357 168.361 1123.47
Thumb: 29.7917 82.1349 1187.17
Index: -21.1512 107.129 1193.67
Middle: -28.8854 143.368 1201.14
Ring: -26.5801 162.363 1192
Little: -76.4671 165.702 1119.52
Thumb: 29.8863 81.0093 1188.11
Index: -22.3588 104.868 1192.26
Middle: -32.4576 142 1199.87
Ring: -31.256 162.994 1190.41
Little: -80.0286 165.051 1116.26
Thumb: 23.0193 84.2745 1185.88
Index: -22.2542 105.355 1190.63
Middle: -33.0038 143.348 1198.11
Ring: -27.9587 162.55 1188.72
Little: -79.7522 166.66 1114.65
Thumb: 31.4731 128.427 1200.98
Index: -22.7486 106.179 1190.79
Middle: -32.7587 144.451 1197.97
Ring: -29.1402 164.42 1188.43
Little: -79.2202 168.038 1114.28
Thumb: 22.8907 127.594 1193.78
Index: -28.2541 109.369 1189.41
Middle: -33.2131 145.057 1196.51
Ring: -25.0655 162.73 1187
Little: -79.2345 169.637 1112.02
Thumb: 34.3683 81.4842 1191.23
Index: -26.6328 107.517 1187.79
Middle: -34.3177 144.303 1194.82
Ring: -29.7392 163.098 1185.3
Little: -80.8444 168.306 1109.59
Thumb: 34.9096 82.4704 1191.77
Index: -28.5856 108.248 1186.29
Middle: -33.3393 144.022 1193.22
Ring: -29.4389 164.028 1183.51
Little: -79.9886 169.936 1106.36
Thumb: 37.4209 83.3366 1193.64
Index: -30.3721 109.038 1185.98
Middle: -34.827 144.725 1192.58
Ring: -32.1872 165.518 1182.61
Little: -80.0212 170.224 1104.6
Thumb: 39.9791 84.7931 1193.55
Index: -30.5565 109.842 1185.19
Middle: -35.2939 145.596 1191.71
Ring: -32.1866 161.662 1182.3
Little: -80.133 170.737 1103.52
Thumb: 42.7343 82.8335 1194.73
Index: -32.7591 110.08 1184.61
Middle: -36.7055 145.124 1191.33
Ring: -30.6713 162.636 1181.77
Little: -81.184 171.487 1102.9
Thumb: 42.6617 82.9608 1194.66
Index: -32.6735 110.045 1184.64
Middle: -36.3153 144.428 1191.48
Ring: -32.187 163.306 1181.83
Little: -81.2104 171.517 1102.96
Thumb: 38.4635 84.027 1195.03
Index: -34.4315 111.114 1184.45
Middle: -37.1241 144.205 1191.11
Ring: -31.8708 163.991 1181.21
Little: -81.5873 172.037 1101.6
Thumb: 41.5117 82.737 1196.64
Index: -33.4252 112.07 1185.24
Middle: -37.4793 146.406 1191.42
Ring: -28.0659 164.293 1181.52
Little: -82.6043 171.412 1102.14
Thumb: 40.7677 86.8916 1199.35
Index: -33.9794 112.638 1185.46
Middle: -37.5535 147.12 1191.44
Ring: -29.8649 165.45 1181.47
Little: -82.5064 171.761 1101.88
Thumb: 45.0659 90.7945 1199.42
Index: -33.6992 114.697 1185.8
Middle: -36.4675 148.743 1191.56
Ring: -26.9693 166.307 1181.37
Little: -82.4107 172.777 1102.28
Thumb: 52.7681 86.7188 1199.1
Index: -31.8702 113.246 1186.24
Middle: -35.8813 147.392 1192.14
Ring: -28.957 166.227 1181.93
Little: -81.8368 171.418 1102.79
Thumb: 45.5173 85.6318 1198.11
Index: -31.4361 113.143 1186.04
Middle: -36.3856 147.239 1191.89
Ring: -30.0769 166.214 1181.7
Little: -82.6123 169.835 1102.35
Thumb: 46.7193 87.3105 1199.18
Index: -29.9234 112.559 1186.74
Middle: -34.5841 147.118 1192.42
Ring: -28.6561 166.121 1181.98
Little: -81.9905 170.497 1103.72
Thumb: 43.2966 86.3228 1199.08
Index: -31.3812 112.445 1186.28
Middle: -33.2708 145.444 1192.33
Ring: -29.7534 165.614 1181.88
Little: -82.0601 169.799 1102.64
Thumb: 49.3336 89.0689 1200.25
Index: -31.7671 112.393 1186
Middle: -33.7204 145.593 1192.07
Ring: -31.4373 165.903 1181.58
Little: -81.9773 169.837 1102.23
Thumb: 50.9613 88.0777 1201.39
Index: -31.7157 115.066 1187.17
Middle: -34.4813 148.984 1192.4
Ring: -32.0384 168.723 1181.53
Little: -82.1277 171.908 1102.42
Thumb: 53.7779 91.415 1201.86
Index: -30.2518 117.221 1187.59
Middle: -32.4138 151.466 1192.86
Ring: -30.0077 170.928 1182.09
Little: -80.1504 173.45 1102.81
Thumb: 48.626 93.755 1202.77
Index: -30.0643 118.464 1188.12
Middle: -32.2041 153.073 1193.15
Ring: -29.0906 170.863 1182.53
Little: -79.2986 174.975 1103.15
Thumb: 56.7338 86.7207 1201.02
Index: -32.0281 119.971 1187.71
Middle: -29.8759 152.246 1193.3
Ring: -29.224 171.264 1182.55
Little: -78.3755 175.876 1103.05
Thumb: 56.1887 77.1598 1196.93
Index: -27.6066 118.057 1187.88
Middle: -31.8623 153.792 1193.09
Ring: -24.7954 170.215 1183.08
Little: -76.9901 176.758 1103.72
Thumb: 58.7281 82.7769 1199.33
Index: -26.7348 118.596 1187.82
Middle: -29.2834 153.29 1193.07
Ring: -21.0037 170.533 1182.72
Little: -75.6461 175.63 1103.08
Thumb: 60.3029 81.513 1198.4
Index: -23.4891 118.3 1187.88
Middle: -25.7806 152.657 1193.28
Ring: -19.2316 170.678 1182.79
Little: -73.2322 175.778 1103.26
Thumb: 71.101 85.4281 1199.16
Index: -20.0796 114.113 1186.31
Middle: -22.3653 148.083 1192.94
Ring: -16.2169 166.67 1183.11
Little: -69.8545 173.783 1103.4
Thumb: 68.4012 91.7767 1202.41
Index: -11.0857 112.317 1186.38
Middle: -17.2652 148.314 1193.86
Ring: -10.5366 166.952 1184.31
Little: -63.8313 174.867 1104.01
Thumb: 80.3644 87.9254 1201.83
Index: -10.5173 115.047 1186.56
Middle: -6.51451 145.543 1195.04
Ring: -4.61583 167.297 1185.96
Little: -56.8596 178.809 1105.18
