Thumb: 32.9554 91.7207 1121.92
Index: -64.5745 28.1944 1098.23
Middle: -101.42 40.8207 1097.63
Ring: -124.543 62.0639 1082.41
Little: -141.773 103.039 1080.87
Thumb: 40.8696 89.9184 1105.28
Index: -98.7776 52.077 1085.35
Middle: -129.295 66.3677 1092.08
Ring: -80.5524 118.586 1158.53
Little: -145.974 102.594 1080.98
Thumb: 31.8456 86.2644 1108.58
Index: -102.084 52.8279 1086.39
Middle: -131.338 68.1627 1095.02
Ring: -82.902 118.822 1158.36
Little: -147.761 102.743 1079.9
Thumb: 25.7699 86.4314 1108.61
Index: -104.948 50.2061 1086.3
Middle: -132.867 65.7443 1096.41
Ring: -86.5908 115.55 1159.93
Little: -151.871 100.293 1081.3
Thumb: 21.213 83.6354 1108.6
Index: -108.201 48.1964 1084.37
Middle: -134.659 64.3136 1097.15
Ring: -85.4741 114.64 1160.92
Little: -154.213 98.7134 1082.48
Thumb: 11.3366 86.4737 1114.5
Index: -109.023 46.9358 1083.71
Middle: -134.092 63.2992 1101.36
Ring: -80.3316 118.997 1148.62
Little: -152.771 94.7283 1085.6
Thumb: 7.53617 86.6258 1114.07
Index: -109.801 45.6258 1085.42
Middle: -132.328 63.5029 1107.6
Ring: -80.6152 119.004 1147.71
Little: -151.322 93.0509 1091.42
Thumb: 1.48939 89.3721 1115.17
Index: -108.562 44.329 1087.21
Middle: -130.843 61.6491 1108.96
Ring: -82.6138 115.712 1152.28
Little: -152.414 89.4486 1089.13
Thumb: 0.0762556 90.5882 1117.56
Index: -109.707 44.197 1086.05
Middle: -130.692 62.218 1109.69
Ring: -78.8448 118.109 1155.18
Little: -150.805 90.8486 1096.41
Thumb: -3.70648 90.0401 1118.22
Index: -110.434 44.336 1087.64
Middle: -130.822 62.9342 1112.41
Ring: -80.1778 117.722 1156.7
Little: -151.118 89.3888 1094.14
Thumb: -9.14507 88.7221 1116
Index: -110.036 44.9042 1085.01
Middle: -129.75 63.2513 1112.21
Ring: -77.2903 117.176 1162.99
Little: -150.789 90.568 1093.68
Thumb: -10.1117 83.4688 1113.65
Index: -110.481 44.3162 1086.68
Middle: -128.841 63.7258 1115.01
Ring: -81.0542 114.322 1164.81
Little: -149.366 89.6666 1096.28
Thumb: -8.70601 85.2053 1113.02
Index: -108.108 43.8017 1088.49
Middle: -127.437 62.5598 1114.44
Ring: -77.9418 115.111 1164.68
Little: -147.895 88.6063 1096.68
Thumb: -7.50764 84.6681 1107.74
Index: -94.0914 46.8617 1102.89
Middle: -121.968 61.0548 1112.48
Ring: -95.0187 96.5624 1160.49
Little: -141.977 88.4754 1098.77
Thumb: -4.77442 86.418 1104.08
Index: -85.6077 45.4443 1101.34
Middle: -111.869 59.5798 1112.66
Ring: -86.3776 93.7988 1158.63
Little: -128.334 89.9575 1104.58
Thumb: -1.99119 84.4244 1100.67
Index: -77.5207 44.051 1101.25
Middle: -104.973 56.8428 1111.31
Ring: -63.9813 113.765 1160.19
Little: -119.947 89.7555 1108.56
Thumb: 4.4347 87.0827 1101.1
Index: -70.3743 41.8243 1100.27
Middle: -98.6186 53.1048 1109.97
Ring: -59.2068 111.884 1159.68
Little: -113.476 84.7792 1107.83
Thumb: 10.2942 88.8545 1102.07
Index: -62.1687 38.9261 1096.74
Middle: -88.9583 50.5597 1109.04
Ring: -60.4174 108.996 1115.14
Little: -108.497 79.9824 1107.43
Thumb: 17.8772 92.0279 1103.78
Index: -51.8409 36.7204 1097.24
Middle: -74.0249 35.2846 1103.31
Ring: -77.2735 66.8827 1109.32
Little: -101.158 78.5892 1107.33
Thumb: 24.4729 93.1072 1102.33
Index: -42.5466 35.07 1096.86
Middle: -64.5112 33.3198 1103.69
Ring: -81.4741 44.9902 1104.89
Little: -94.0141 72.8805 1108.99
Thumb: 31.4912 95.2245 1103.87
Index: -33.3315 33.8549 1097.49
Middle: -55.3703 30.4314 1104.31
Ring: -72.1787 43.4438 1108.12
Little: -85.0121 69.679 1104.84
Thumb: 42.3861 94.3728 1102.14
Index: -26.5528 34.6058 1098.09
Middle: -52.0017 27.4695 1099.84
Ring: -65.9868 42.3048 1108.78
Little: -78.5015 69.5171 1103.45
Thumb: 48.8495 93.811 1102.59
Index: -19.1793 32.3974 1097.52
Middle: -45.0423 26.1272 1099.47
Ring: -59.4944 40.5547 1107.97
Little: -72.7017 64.6702 1102.57
Thumb: 54.6726 95.3165 1105.1
Index: -13.523 29.5875 1097.86
Middle: -39.5015 23.7528 1100.81
Ring: -52.6409 38.0651 1110.21
Little: -65.5798 63.4519 1104.84
Thumb: 61.0292 92.7347 1105.32
Index: -6.6499 29.2517 1098.59
Middle: -31.4567 21.8739 1099.81
Ring: -46.2187 34.8145 1106.59
Little: -60.3499 58.7241 1102.55
Thumb: 69.617 92.0725 1105.07
Index: 1.59422 27.496 1099.01
Middle: -24.0575 19.9622 1099.53
Ring: -39.9986 32.1921 1105.34
Little: -54.6399 55.2629 1101.24
Thumb: 76.956 91.9582 1108.4
Index: 10.4369 23.7408 1101.15
Middle: -17.6292 15.2674 1099.28
Ring: -33.7512 29.7115 1107.04
Little: -49.5488 52.5229 1101.91
Thumb: 87.4126 90.624 1107.91
Index: 19.159 20.3344 1103.58
Middle: -10.7643 13.0171 1097.73
Ring: -26.1378 29.8999 1106.92
Little: -44.3078 49.4687 1100.73
Thumb: 93.408 93.6743 1109.42
Index: 30.3316 17.3607 1105.04
Middle: -4.63277 8.52612 1097.26
Ring: -18.8363 28.8051 1108.33
Little: -38.7193 50.8216 1107.19
Thumb: 100.304 92.8556 1109.64
Index: 37.7844 15.4603 1103.1
Middle: 1.83337 6.47591 1096
Ring: -11.5437 29.3129 1105.11
Little: -34.8254 48.5074 1105.89
Thumb: 109.655 92.1244 1104.16
Index: 44.9223 13.8209 1099.38
Middle: 8.97001 4.56535 1093.75
Ring: -4.86574 26.8312 1101.83
Little: -27.717 45.2058 1104.61
Thumb: 117.725 93.5915 1106.63
Index: 52.8838 12.599 1101.79
Middle: 16.7945 1.90695 1093.86
Ring: 2.41402 24.2564 1099.1
Little: -21.8129 44.4025 1104.07
Thumb: 127.16 95.2497 1106.06
Index: 59.8805 12.2159 1101.61
Middle: 23.9963 2.22494 1092.14
Ring: 11.4426 28.212 1103.11
Little: -14.9131 45.6084 1107.93
Thumb: 133.107 94.8487 1106.51
Index: 64.4364 12.2713 1101.97
Middle: 28.4654 2.75118 1090.32
Ring: 16.2109 28.7998 1100.76
Little: -10.8618 43.4531 1103.2
Thumb: 139.055 96.7531 1106.72
Index: 68.9608 10.4563 1101.8
Middle: 32.9486 1.67026 1086.51
Ring: 21.831 30.594 1101.51
Little: -4.46273 48.5598 1103.12
Thumb: 144.258 97.5442 1104.93
Index: 75.1752 10.7677 1101.63
Middle: 38.4481 1.11028 1083.3
Ring: 25.8452 26.2851 1098.13
Little: 1.1641 49.0276 1103.04
Thumb: 146.415 102.569 1107.2
Index: 80.2147 10.7668 1101.3
Middle: 44.6147 -0.818787 1083.33
Ring: 31.3012 26.9555 1099.47
Little: 8.49802 59.1791 1102.54
Thumb: 151.929 102.931 1110.74
Index: 84.8571 12.9082 1103.67
Middle: 48.2128 -0.419003 1082.28
Ring: 34.7618 26.0208 1098.9
Little: 15.8375 72.3509 1099.08
Thumb: 156.717 102.658 1110.17
Index: 87.1681 10.1948 1101.32
Middle: 51.0008 -0.900106 1080.36
Ring: 37.5918 25.1482 1096.17
Little: 19.0826 71.5833 1097.65
Thumb: 160.345 105.832 1110.7
Index: 88.9545 9.45381 1101.35
Middle: 53.0312 -1.8682 1082.51
Ring: 50.9252 62.2794 1101.44
Little: 20.4533 70.6003 1098.22
Thumb: 163.5 104.92 1113.02
Index: 90.3846 8.35957 1102.01
Middle: 54.9138 -2.57852 1083.01
Ring: 61.6121 88.8587 1111.44
Little: 27.7345 79.272 1142.51
Thumb: 164.282 105.725 1113.91
Index: 90.2183 9.17885 1101.12
Middle: 54.7115 -1.5012 1082.36
Ring: 63.0065 92.6876 1111.4
Little: 29.7068 86.4978 1143.3
Thumb: 164.014 104.927 1114.58
Index: 92.3526 22.7199 1110.45
Middle: 52.5772 -0.216475 1082.22
Ring: 61.4317 93.0275 1111.13
Little: 27.9612 93.4317 1140.52
Thumb: 164.343 104.523 1114.22
Index: 90.0882 25.1245 1109.19
Middle: 48.8519 2.54048 1081.73
Ring: 61.1455 96.5648 1112.01
Little: 28.1725 96.1127 1142.46
Thumb: 162.406 99.5242 1115.26
Index: 85.6197 26.9839 1111.53
Middle: 43.5018 4.75093 1082.51
Ring: 59.2231 96.2639 1135.78
Little: 25.277 98.3112 1141.72
Thumb: 160.525 96.9259 1115.29
Index: 80.4913 25.14 1111.86
Middle: 39.2368 5.85078 1082.47
Ring: 57.0663 98.0432 1112.15
Little: 21.1699 97.8183 1141.76
Thumb: 156.014 96.4953 1115.32
Index: 91.1336 59.6057 1103.41
Middle: 34.446 7.21563 1080.7
Ring: 53.2394 101.728 1110.85
Little: 15.5731 99.0103 1140.91
Thumb: 150.261 93.8486 1116.06
Index: 86.6979 59.7436 1103.6
Middle: 28.6687 10.0161 1081.1
Ring: 50.24 102.74 1111.07
Little: 14.0052 107.197 1139.52
Thumb: 145.381 93.4071 1116.21
Index: 81.769 60.7917 1103.34
Middle: 22.8945 12.4419 1076.96
Ring: 45.2532 103.947 1111.59
Little: 7.7667 101.392 1140.25
Thumb: 141.893 93.7159 1120.09
Index: 75.5236 62.2517 1106.87
Middle: 16.8434 14.0779 1081.17
Ring: 40.4635 107.783 1111.9
Little: 3.07011 52.9832 1078.61
Thumb: 133.159 94.1978 1121
Index: 69.3067 62.4827 1106.81
Middle: 10.9758 14.1342 1079.18
Ring: 33.5254 107.253 1111.64
Little: 3.5152 52.6785 1078.94
Thumb: 124.765 94.8189 1120.36
Index: 62.5516 62.8117 1107.26
Middle: 4.24317 14.7919 1079.53
Ring: 24.0468 109.186 1145.82
Little: -2.91751 53.5527 1080.62
Thumb: 113.609 95.6293 1124.52
Index: 55.5981 63.9602 1109.68
Middle: -2.18642 16.6035 1080.42
Ring: 14.7312 112.902 1146.27
Little: -8.48842 55.4277 1080.82
Thumb: 104.523 94.8972 1125.23
Index: 49.7131 64.5415 1111.28
Middle: -8.16915 17.1671 1082.79
Ring: 8.12217 109.519 1148.72
Little: -14.0199 56.1467 1079.71
Thumb: 98.6092 96.2508 1128.38
Index: 43.916 65.1863 1114.48
Middle: -15.206 18.5914 1086.25
Ring: -6.03953 97.0624 1166.94
Little: -20.2759 57.7057 1083.58
Thumb: 94.6834 96.0327 1128.68
Index: 38.8756 65.4984 1116.22
Middle: -22.2075 19.723 1092.21
Ring: -6.34033 103.676 1171.37
Little: -26.3009 58.256 1087.95
Thumb: 87.8507 95.3067 1129.97
Index: 33.2286 65.2068 1117.08
Middle: -27.5054 19.2262 1092.91
Ring: -8.12249 110.579 1173.62
Little: -33.2709 58.9109 1092.59
Thumb: 85.3695 94.8958 1129.86
Index: 19.2842 50.5877 1126.2
Middle: -31.6497 18.01 1095.36
Ring: -14.1498 109.311 1176.18
Little: -38.7944 58.4923 1093.19
Thumb: 82.1972 96.7739 1140.59
Index: -2.41263 26.4543 1131.29
Middle: -33.8572 17.2376 1097.38
Ring: -24.9001 119.71 1173.75
Little: -43.2019 58.552 1091.89
Thumb: 69.2619 98.4893 1162.07
Index: -21.2882 29.9454 1142.93
Middle: -37.0535 16.479 1101.17
Ring: -44.1419 126.04 1166.94
Little: -48.894 61.1307 1095.02
Thumb: 28.3111 109.214 1197.52
Index: -36.1926 33.2057 1104.94
Middle: -40.642 17.8631 1105.93
Ring: -29.8108 27.0953 1104.42
Little: -43.4925 61.4118 1079.03
Thumb: 62.8124 203.148 1228.65
Index: -54.8579 37.2678 1142.56
Middle: -42.0604 21.3985 1105.77
Ring: -32.004 31.9555 1106.71
Little: -29.3712 60.84 1071.94
Thumb: 48.655 153.327 1234.45
Index: -58.6323 39.3722 1147.61
Middle: -47.1624 23.8106 1113.27
Ring: -39.8589 34.2985 1103.51
Little: -31.1336 59.9627 1068.86
Thumb: 44.2462 160.009 1235.32
Index: -62.7027 41.2171 1147.67
Middle: -52.4838 25.6321 1113.99
Ring: -44.527 35.7703 1108.26
Little: -37.1083 60.7027 1073.25
Thumb: 38.5105 156.711 1236.42
Index: -67.082 41.6542 1150.43
Middle: -56.6236 25.5297 1116.77
Ring: -49.1829 35.7475 1110.36
Little: -41.0737 60.4513 1074.97
Thumb: -70.5346 154.883 1190.42
Index: -74.4743 46.4435 1150.45
Middle: -60.6717 26.2511 1115.9
Ring: -58.1788 38.1499 1100.08
Little: -41.8487 60.2214 1078.07
Thumb: -74.9864 166.41 1180.84
Index: -80.7757 54.8864 1150.55
Middle: -62.4953 28.0305 1115.08
Ring: -58.9369 37.4875 1093.3
Little: -44.1901 60.5644 1080.31
Thumb: -81.9261 170.547 1178.27
Index: -86.7635 60.7438 1148.3
Middle: -65.8018 31.4087 1113.81
Ring: -56.4777 38.3352 1093.1
Little: -42.4665 62.1276 1083.74
Thumb: -45.4353 209.658 1180.26
Index: 38.8928 246.59 1079.89
Middle: 52.517 175.407 1166.25
Ring: 74.9739 186.006 1128.14
Little: 66.905 164.981 1106.28
Thumb: -30.8734 206.605 1118.98
Index: -3.18273 183.075 1188.97
Middle: 35.231 180.794 1177.75
Ring: 40.5819 158.353 1162.06
Little: 28.6234 140.649 1091.36
Thumb: -42.9618 208.637 1122.05
Index: -7.65966 194.707 1192.06
Middle: 21.0723 183.376 1184.74
Ring: 32.7241 173.024 1167.13
Little: 36.2881 148.255 1111.01
Thumb: -41.5515 209.957 1118.48
Index: -11.0854 201.013 1190.99
Middle: 14.7862 184.944 1187.99
Ring: 28.821 174.54 1171.35
Little: 39.043 167.385 1122.89
Thumb: -43.8225 209.298 1116.85
Index: -20.3951 200.542 1191.38
Middle: 7.97505 188.076 1188.91
Ring: 25.0394 182.214 1172.7
Little: 33.679 165.072 1119.52
Thumb: -48.7457 214.086 1113.87
Index: -25.2858 207.288 1188.52
Middle: 1.88355 193.42 1189.5
Ring: 20.578 188.754 1174.4
Little: 31.3228 156.727 1118.42
Thumb: -51.6518 216.557 1109.41
Index: -29.9216 208.948 1187.05
Middle: -3.65328 193.864 1190.01
Ring: 14.8321 186.799 1176.6
Little: 31.7845 155.238 1128.28
Thumb: -55.1312 215.365 1106.87
Index: -37.1422 209.441 1185.41
Middle: -8.9914 197.365 1189.28
Ring: 9.42402 189.819 1176.82
Little: 31.6358 156.068 1137.46
Thumb: -50.6081 211.328 1103.85
Index: -39.0576 210.119 1183.01
Middle: -10.6824 198.114 1188.15
Ring: 7.43973 189.167 1176.73
Little: 28.7871 149.229 1131.86
Thumb: -56.7578 217.062 1100.07
Index: -43.7508 211.509 1181.17
Middle: -15.6453 199.62 1187.62
Ring: 3.24391 190.429 1176.99
Little: 25.7933 146.179 1127.03
Thumb: -56.2301 216.014 1097.72
Index: -47.7652 211.345 1178.72
Middle: -19.5144 200.28 1186.4
Ring: -0.206252 190.855 1176.74
Little: 23.2228 148.299 1118.6
Thumb: -58.4684 218.824 1094.48
Index: -49.6033 215.589 1175.41
Middle: -23.1914 202.913 1184.66
Ring: -3.34076 194.38 1175.66
Little: 20.9672 160.761 1111.16
Thumb: -51.8128 213.657 1091.46
Index: -51.5167 215.66 1171.42
Middle: -24.9996 203.317 1181.58
Ring: -4.98208 194.356 1173.39
Little: 21.1286 159.16 1110.21
Thumb: -54.1324 214.285 1090.48
Index: -53.7804 218.133 1166.38
Middle: -29.4191 203.352 1178.17
Ring: -9.01599 194.073 1170.8
Little: 21.6092 165.848 1137.52
Thumb: -55.4722 215.174 1087.44
Index: -53.1583 219.887 1163.01
Middle: -29.2751 205.897 1175.37
Ring: -9.38332 195.464 1168.59
Little: 21.2808 165.92 1135.94
Thumb: -52.8022 214.825 1084.36
Index: -49.0711 223.982 1158.99
Middle: -29.2033 206.108 1173.14
Ring: -8.60895 196.776 1166.64
Little: 21.4454 181.891 1146.88
Thumb: -52.8302 214.205 1083.27
Index: -49.34 223.974 1157.75
Middle: -29.437 206.055 1172.01
Ring: -8.8175 198.607 1165.14
Little: 21.2114 186.031 1144.8
Thumb: -51.4648 212.408 1082.84
Index: -48.9872 224.168 1155.72
Middle: -28.9118 206.253 1169.97
Ring: -8.21284 197.688 1163.17
Little: 21.7343 185.529 1142.59
Thumb: -52.3177 212.977 1082.27
Index: -49.0596 224.672 1154.52
Middle: -29.8673 205.816 1169.11
Ring: -9.0141 197.666 1162.27
Little: 21.0705 187.545 1141.45
Thumb: -52.8933 215.995 1078.89
Index: -49.0176 225.16 1152.61
Middle: -28.6456 207.624 1166.77
Ring: -7.8057 199.474 1159.89
Little: 22.2904 188.185 1139.25
Thumb: -51.4117 214.713 1078.47
Index: -51.0538 224.615 1152.1
Middle: -29.1966 208.7 1165.84
Ring: -8.2297 200.974 1158.87
Little: 21.6454 193.602 1137.3
Thumb: -50.1433 214.732 1078.19
Index: -47.196 226.141 1151.62
Middle: -26.5874 208.617 1165.8
Ring: -5.77022 200.765 1158.52
Little: 24.0062 190.784 1137.12
Thumb: -48.858 214.788 1078.59
Index: -45.8296 226.238 1151.67
Middle: -25.2486 208.61 1165.76
Ring: -4.4506 200.784 1158.4
Little: 25.1928 191.486 1136.73
Thumb: -49.795 214.591 1078.92
Index: -49.2221 222.689 1152.93
Middle: -25.003 209.357 1165.98
Ring: -3.9694 202.424 1158.37
Little: 26.2767 190.043 1137.15
Thumb: -50.5857 215.347 1080.22
Index: -51.6729 221.985 1153.53
Middle: -24.7983 211.375 1166.98
Ring: -3.80832 204.429 1159.29
Little: 27.2087 185.687 1137.22
Thumb: -50.2282 214.084 1082.13
Index: -42.2005 237.09 1148.35
Middle: -25.3194 210.668 1168.96
Ring: -4.15059 204.402 1161.18
Little: 26.6045 191.542 1139.51
Thumb: -46.3717 211.523 1084.22
Index: -46.4046 223.811 1152.07
Middle: -21.652 210.436 1169.6
Ring: -0.667333 203.693 1161.55
Little: 30.0041 187.124 1139.02
Thumb: -53.0963 214.695 1085.46
Index: -50.1452 215.984 1157.23
Middle: -19.857 210.881 1169.93
Ring: 1.06689 203.65 1161.62
Little: 31.4643 186.559 1138.75
Thumb: -60.7306 216.331 1083.1
Index: -38.2721 236.093 1147.05
Middle: -20.7722 210.353 1170.95
Ring: 0.385511 205.305 1162.47
Little: 30.9151 193.984 1140.26
Thumb: -56.0727 212.606 1088.1
Index: -30.9588 242.753 1143.89
Middle: -18.9072 207.512 1174.04
Ring: 2.90422 201.416 1165.5
Little: 32.6929 195.196 1142.36
Thumb: -47.503 211.18 1092.15
Index: -24.3654 236.527 1152.2
Middle: -11.3507 202.155 1179.06
Ring: 10.6167 196.636 1170.27
Little: 40.1451 191.177 1147.1
Thumb: -43.9114 209.418 1097.04
Index: -17.513 228.363 1149.65
Middle: -3.17429 200.076 1181.34
Ring: 18.0238 195.196 1172.69
Little: 48.1766 185.994 1149.97
Thumb: -36.9277 208.104 1095.69
Index: -6.04624 235.981 1154.15
Middle: 3.25037 199.77 1182.4
Ring: 24.3626 194.536 1173.75
Little: 54.597 184.472 1151.04
Thumb: -33.1385 203.884 1097.22
Index: -1.81703 243.804 1144.59
Middle: 4.2246 198.619 1183.8
Ring: 25.4607 194.455 1174.8
Little: 55.5574 186.929 1151.48
Thumb: -25.0701 200.759 1098.1
Index: 3.50173 241.46 1144.68
Middle: 9.72175 196.877 1183.49
Ring: 31.0603 192.889 1174.72
Little: 61.2084 186.323 1151.61
Thumb: -18.891 199.361 1097.22
Index: -0.646255 237.461 1151.78
Middle: 13.5126 196.455 1183.71
Ring: 34.8918 193.208 1174.74
Little: 65.3728 186.703 1151.51
Thumb: -14.3103 195.943 1096.82
Index: 0.588799 228.473 1150.99
Middle: 15.3169 195.779 1182.97
Ring: 36.9722 193.44 1174.39
Little: 67.8671 188.796 1151.62
Thumb: -10.3488 193.636 1098.39
Index: -9.37205 199.979 1162.3
Middle: 18.0341 194.054 1182.79
Ring: 39.7344 192.588 1174.13
Little: 70.7008 189.318 1151.24
Thumb: -5.48509 192.055 1097.96
Index: -7.03963 198.096 1162.12
Middle: 20.4939 193.705 1181.68
Ring: 42.3785 192.759 1173.42
Little: 74.0717 189.64 1151.2
Thumb: -0.0762453 192.23 1097.23
Index: 1.62401 199.664 1164.44
Middle: 29.7816 194.442 1182.21
Ring: 51.2924 193.208 1173.04
Little: 82.0638 189.291 1149.55
Thumb: 4.88963 190.019 1098.73
Index: 7.70127 211.932 1156.2
Middle: 21.1528 260.118 1133.88
Ring: 52.6667 194.749 1174.38
Little: 84.1108 191.941 1151.32
Thumb: 8.01889 189.398 1101.57
Index: 7.48462 192.756 1168.19
Middle: 34.2562 228.595 1146.22
Ring: 59.8948 195.291 1175.1
Little: 90.2491 193.933 1151.45
Thumb: 17.455 190.16 1102.28
Index: 23.409 218.004 1156.89
Middle: 38.9183 249.558 1126.89
Ring: 66.2482 194.254 1175.47
Little: 96.6005 193.669 1151.97
Thumb: 22.8654 189.935 1102.23
Index: 24.4776 209.956 1165.26
Middle: 46.3851 222.062 1173.42
Ring: 70.21 194.639 1175.33
Little: 101.643 192.166 1152.59
Thumb: 28.6988 189.685 1102.57
Index: 36.3321 217.222 1164.31
Middle: 53.2181 220.351 1173.29
Ring: 79.1721 189.24 1175.29
Little: 108.971 189.331 1151.56
Thumb: 31.1869 189.036 1105.36
Index: 33.3399 191.081 1172.72
Middle: 56.7959 214.852 1175.81
Ring: 87.4113 187.825 1175.05
Little: 115.436 188.286 1150.16
Thumb: 38.178 190.969 1109.83
Index: 40.8041 189.104 1174.3
Middle: 70.311 214.293 1177.99
Ring: 95.5978 191.12 1174.62
Little: 122.559 186.146 1147.22
Thumb: 45.5908 193.18 1112.98
Index: 66.6951 218.023 1168.97
Middle: 84.8638 217.71 1176.84
Ring: 109.158 191.345 1172.3
Little: 133.696 182.915 1142.59
Thumb: 43.7359 193.021 1115.3
Index: 83.6048 232.471 1157.23
Middle: 102.831 188.775 1185.72
Ring: 121.262 187.033 1167.65
Little: 138.948 180.588 1134.48
Thumb: 47.2289 195.581 1121.99
Index: 93.6948 238.756 1152.7
Middle: 116.642 193.136 1183.66
Ring: 130.128 185.693 1165.87
Little: 144.333 179.439 1130.49
Thumb: 50.927 197.066 1125.55
Index: 99.6513 240.503 1153.2
Middle: 123.779 191.338 1181.6
Ring: 135.891 186.387 1161.84
Little: 147.425 169.457 1121.78
Thumb: 49.4551 93.0341 1219.56
Index: 100.77 224.929 1166.04
Middle: 132.572 196.903 1178.12
Ring: 142.221 190.145 1157.75
Little: 149.586 179.861 1119.22
Thumb: 59.3963 98.7098 1222.41
Index: 108.557 238.548 1154.24
Middle: 139.567 198.806 1171.7
Ring: 145.472 180.206 1150.38
Little: 150.08 181.016 1111.73
Thumb: 66.3667 98.7783 1224.06
Index: 107.523 229.458 1162.09
Middle: 141.718 199.378 1171.05
Ring: 145.974 183.135 1150.37
Little: 149.134 176.728 1107
Thumb: 58.5677 99.569 1224.22
Index: 115.429 239.553 1152.51
Middle: 147.869 197.967 1167.51
Ring: 151.689 188.853 1144.75
Little: 149.898 173.786 1103.09
Thumb: 75.4925 121.683 1246.9
Index: 121.288 239.8 1149.85
Middle: 154.161 195.703 1162.2
Ring: 153.841 176.217 1137.53
Little: 149.867 175.355 1099.46
Thumb: 75.06 105.042 1245.5
Index: 128.278 246.246 1146.53
Middle: 153.229 184.85 1162.85
Ring: 160.484 190.793 1136.53
Little: 151.023 178.117 1097.71
Thumb: 76.621 106.611 1245.64
Index: 131.195 253.655 1137.23
Middle: 157.269 183.271 1161.24
Ring: 160.216 181.182 1136.29
Little: 152.645 175.702 1095.96
Thumb: 85.1545 130.663 1248.07
Index: 118.537 262.874 1124.81
Middle: 149.344 171.111 1161.96
Ring: 164.738 186.923 1132.78
Little: 151.414 175.924 1093.87
Thumb: 71.9078 134.598 1247.95
Index: 134.281 255.433 1138.01
Middle: 156.187 175.126 1161.05
Ring: 160.368 174.666 1133.44
Little: 151.817 173.149 1095.39
Thumb: 83.7782 145.883 1250.42
Index: 142.332 229.563 1156.83
Middle: 156.347 174.532 1164.89
Ring: 161.552 175.779 1138.35
Little: 147.776 164.871 1094.33
Thumb: 77.8927 102.278 1249.08
Index: 143.532 233.507 1152.85
Middle: 159.398 173.69 1163.88
Ring: 159.721 169.5 1140.82
Little: 149.449 165.03 1097.3
Thumb: 67.9482 77.1647 1235.25
Index: 144.912 214.178 1164.75
Middle: 158.978 170.852 1163.58
Ring: 155.434 161.479 1141.59
Little: 145.604 156.495 1096.18
Thumb: 65.8436 71.8238 1234.65
Index: 134.545 212.113 1164.63
Middle: 166.096 176.184 1162.75
Ring: 165.16 171.785 1139.13
Little: 141.906 155.166 1094.78
Thumb: 69.5571 83.144 1242.13
Index: 132.221 204.955 1168.84
Middle: 143.475 156.097 1172.49
Ring: 164.253 171.326 1138.8
Little: 144.455 156.62 1097.1
Thumb: 60.3766 71.4272 1238.24
Index: 140.064 237.064 1151.41
Middle: 157.18 167.247 1169.69
Ring: 153.924 161.116 1145.55
Little: 137.934 157.117 1096.84
Thumb: 69.6088 89.7562 1246.53
Index: 140.733 236.596 1150.45
Middle: 153.663 163.68 1171.09
Ring: 154.605 161.389 1144.63
Little: 135.421 154.101 1098.57
Thumb: 67.7021 92.1904 1246.5
Index: 137.473 238.992 1148.92
Middle: 156.055 165.524 1170.79
Ring: 157.127 164.102 1145.52
Little: 122.617 149.824 1094.52
Thumb: 66.6799 90.3235 1247.03
Index: 141.99 211.54 1170.09
Middle: 150.766 159.076 1172.86
Ring: 151.37 159.23 1145.04
Little: 128.661 150.782 1101.5
Thumb: 58.7454 100.924 1249.76
Index: 134.143 212.391 1167.55
Middle: 137.624 150.345 1175.65
Ring: 144.49 154.502 1145.31
Little: 135.03 147.984 1105.56
Thumb: 51.7751 93.6828 1249.33
Index: 128.085 238.07 1149.33
Middle: 124.652 253.66 1106.15
Ring: 133.441 155.553 1148.6
Little: 137.677 154.26 1104.61
Thumb: 58.9348 109.607 1252.7
Index: 121.118 243.833 1144.93
Middle: 122.848 241.201 1118.51
Ring: 131.411 153.931 1147.96
Little: 133.29 151.267 1107.04
Thumb: 51.9576 77.0935 1245.68
Index: 115.985 223.303 1161.73
Middle: 115.625 235.326 1121.53
Ring: 127.976 153.744 1149.66
Little: 140.127 159.975 1113.27
Thumb: 50.7899 74.818 1244.41
Index: 106.355 216.403 1166.48
Middle: 112.046 252.478 1109.39
Ring: 124.878 154.23 1149.92
Little: 133.62 160.942 1112.86
Thumb: 44.1163 66.1797 1240.59
Index: 98.6409 214.91 1165
Middle: 106.988 248.946 1105.4
Ring: 122.135 153.012 1150.04
Little: 127.911 154.165 1110.99
Thumb: 37.6559 76.8114 1244.52
Index: 95.9171 237.001 1146.93
Middle: 105.852 246.674 1104.99
Ring: 117.645 152.645 1150.41
Little: 122.167 149.487 1110.82
Thumb: 29.4248 71.245 1238.91
Index: 93.2363 233.877 1145.48
Middle: 95.7993 249.852 1096.79
Ring: 110.138 147.909 1146.44
Little: 120.219 147.727 1108.79
Thumb: 27.9271 66.8786 1235.7
Index: 79.4677 241.255 1135.67
Middle: 93.2985 246.198 1104.9
Ring: 107.016 152.118 1148.44
Little: 122.84 151.57 1111.76
Thumb: 18.9635 141.873 1228.05
Index: 112.785 224.349 1103.94
Middle: 93.3448 150.681 1180.05
Ring: 96.211 139.31 1155.07
Little: 114.871 116.65 1119.41
Thumb: 15.772 129.889 1229.14
Index: 109.207 225.993 1104.35
Middle: 94.9138 152.614 1179.39
Ring: 101.802 139.992 1160.6
Little: 112.636 116.856 1115.6
Thumb: 10.8101 117.901 1228.48
Index: 109.84 225.066 1113.7
Middle: 98.9099 154.296 1181.25
Ring: 99.675 131.725 1154.78
Little: 111.494 118.917 1114.84
Thumb: 10.4945 78.7615 1218.78
Index: 102.306 230.103 1113.88
Middle: 97.3336 154.694 1179.25
Ring: 106.36 146.021 1155.02
Little: 109.488 192.342 1091.97
Thumb: 8.23329 77.5066 1217.16
Index: 103.902 227.303 1111.69
Middle: 95.9559 154.608 1177.25
Ring: 106.537 143.353 1155.59
Little: 107.006 191.119 1085.21
Thumb: 7.82178 81.6108 1218.08
Index: 98.5394 230.119 1104.02
Middle: 92.3573 156.412 1172.87
Ring: 98.2107 137.762 1151.69
Little: 101.865 196.984 1077.22
Thumb: 9.57515 83.5125 1217.33
Index: 88.7117 228.999 1076.15
Middle: 89.3731 151.722 1163.9
Ring: 95.3829 137.037 1145.64
Little: 105.553 184.067 1078.53
Thumb: 8.36372 109.177 1222.45
Index: 82.9226 229.354 1065.38
Middle: 90.678 155.22 1158.92
Ring: 97.5236 140.863 1139.78
Little: 100.85 188.79 1063.26
Thumb: 7.74728 100.266 1221.08
Index: 81.5495 228.77 1066.82
Middle: 88.063 153.237 1157.9
Ring: 85.555 135.174 1133.44
Little: 91.9311 190.966 1058.3
Thumb: 3.36359 100.673 1219.35
Index: 87.6333 224.958 1069.58
Middle: 90.2707 154.409 1158.54
Ring: 89.5686 136.267 1133.32
Little: 99.0009 177.966 1068.94
Thumb: 3.9194 104.944 1220.89
Index: 85.06 228.394 1077.76
Middle: 98.7598 162.609 1158.17
Ring: 88.7608 134.572 1130.83
Little: 96.6032 178.52 1064.7
Thumb: 0.21234 111.501 1221.8
Index: 84.1149 222.112 1076.89
Middle: 92.5184 157.052 1158.92
Ring: 87.8957 133.325 1133.45
Little: 94.0569 175.885 1070.07
Thumb: -0.565969 97.0098 1220.08
Index: 85.3176 215.768 1095.85
Middle: 91.3679 157.193 1157.08
Ring: 86.6495 133.925 1132.45
Little: 91.5344 174.631 1069.02
Thumb: -0.664368 108.201 1221.48
Index: 78.3468 223.248 1076.92
Middle: 93.513 164.69 1157.42
Ring: 78.8823 132.558 1125.83
Little: 91.2159 166.134 1076.81
Thumb: -4.25294 118.338 1219.9
Index: 75.2688 229.324 1078.85
Middle: 83.0918 152.529 1153.16
Ring: 80.5781 135.221 1126.92
Little: 92.7671 162.167 1079.04
Thumb: -3.62659 101.078 1217.85
Index: 71.8283 230.678 1073.99
Middle: 82.8744 153.894 1149.41
Ring: 80.0663 135.963 1123.91
Little: 93.6903 169.632 1073.29
Thumb: -1.49778 108.831 1218.47
Index: 69.7133 235.573 1060.9
Middle: 83.1425 155.328 1147.47
Ring: 80.4959 137.455 1122.72
Little: 92.8727 173.092 1068.71
Thumb: -4.86163 96.4171 1215.4
Index: 73.0327 223.503 1089.02
Middle: 82.4045 154.488 1150.53
Ring: 78.3071 136.233 1124.29
Little: 91.2175 177.2 1069.14
Thumb: -14.5164 102.924 1219.47
Index: 57.6866 209.102 1106.23
Middle: 76.8841 148.786 1148.48
Ring: 87.2447 150.428 1126.8
Little: 88.755 158.254 1077.97
Thumb: -13.4282 125.374 1221.34
Index: 56.8622 212.909 1109.65
Middle: 78.8174 152.521 1151.14
Ring: 87.8791 150.336 1130.77
Little: 86.1521 167.79 1075.8
Thumb: -20.5127 149.626 1212.55
Index: 47.5026 214.834 1124.24
Middle: 74.686 154.096 1149.99
Ring: 89.1703 143.161 1128.92
Little: 82.113 196.259 1065.24
Thumb: 1.72808 90.7131 1224.96
Index: 47.6732 245.51 1145.83
Middle: 43.7458 234.783 1122.62
Ring: 83.5208 151.927 1113.55
Little: 91.0587 184.407 1087.51
Thumb: -2.16185 85.3782 1223.79
Index: 64.2992 224.576 1154.92
Middle: 46.8624 229.226 1120.69
Ring: 78.9848 146.062 1107.35
Little: 95.4093 164.009 1084.54
Thumb: 4.84901 74.0979 1222.03
Index: 62.2918 226.111 1154.67
Middle: 43.6292 230.769 1124.29
Ring: 87.0391 147.61 1111.22
Little: 93.8529 153.301 1082.1
Thumb: 6.67739 69.3911 1217.89
Index: 59.8568 233.617 1150.13
Middle: 45.1029 239.614 1119.21
Ring: 70.4947 143.52 1103.53
Little: 79.2184 136.364 1072.12
Thumb: 8.18027 67.0652 1219.58
Index: 60.7076 234.018 1147.7
Middle: 40.4624 248.054 1116.3
Ring: 68.6087 143.332 1102.03
Little: 82.2537 137.761 1074.69
Thumb: -10.2346 49.2256 1210.8
Index: 56.7994 231.915 1156.8
Middle: 38.102 252.679 1114.57
Ring: 70.1822 144.433 1103.12
Little: 87.156 142.242 1078.05
Thumb: 4.7043 53.2936 1210.76
Index: 53.5083 223.034 1169.56
Middle: 71.6399 150.704 1132.56
Ring: 79.8175 150.097 1113.1
Little: 68.1794 146.442 1069.27
Thumb: -0.10859 65.797 1215.8
Index: 44.0944 225.477 1172.24
Middle: 68.442 150.525 1136.23
Ring: 90.5891 156.446 1128.18
Little: 63.5397 149.348 1069.35
Thumb: 5.45477 56.6449 1207.08
Index: 38.8939 233.968 1170.06
Middle: 69.513 156.577 1142.63
Ring: 82.0974 153.759 1125.42
Little: 67.9949 151.658 1073.32
Thumb: 7.77446 55.5159 1208.67
Index: 24.2479 240.776 1166.35
Middle: 70.4833 161.793 1155.29
Ring: 80.7659 157.51 1135.1
Little: 71.0914 151.225 1080.52
Thumb: 13.2827 65.568 1209.09
Index: 21.9641 237.491 1168.87
Middle: 69.6463 185.141 1175.32
Ring: 78.7346 159.606 1147.07
Little: 77.9137 148.824 1092.1
Thumb: 4.07988 71.519 1208.6
Index: 18.9787 235.19 1172.04
Middle: 62.4613 190.227 1178.58
Ring: 74.8608 165.448 1152.45
Little: 79.4659 151.285 1097.22
Thumb: -3.71824 71.1594 1210.94
Index: 16.4942 210.705 1177.32
Middle: 55.516 191.926 1187.25
Ring: 71.9519 184.846 1171.67
Little: 77.1115 155.195 1102.93
Thumb: -5.67858 70.3404 1213.28
Index: 11.9523 200.898 1178.96
Middle: 49.9058 191.9 1191.89
Ring: 67.1733 186.307 1177.13
Little: 77.5823 155.626 1109.85
Thumb: -36.0828 110.397 1215.18
Index: 6.3499 233.013 1184.15
Middle: 46.8364 191.705 1195.12
Ring: 64.7304 185.647 1181.29
Little: 77.0097 156.059 1112.54
Thumb: -29.559 119.328 1225.55
Index: 12.1445 241.743 1177.42
Middle: 43.8523 192.867 1197.74
Ring: 62.3985 184.99 1185.61
Little: 78.3899 152.728 1119.1
Thumb: -32.6419 125.355 1223.83
Index: 8.80154 238.843 1178.27
Middle: 42.0974 183.662 1197.89
Ring: 60.6289 182.552 1187.19
Little: 78.386 151.682 1121.63
Thumb: -33.2783 125.009 1221.78
Index: 8.56832 224.958 1176.55
Middle: 40.3171 183.896 1198.62
Ring: 59.1656 179.088 1187.6
Little: 85.2412 160.29 1161.29
Thumb: -39.9157 105.477 1221.49
Index: 1.66504 221.349 1175.43
Middle: 33.8504 185.365 1199.34
Ring: 53.6049 178.037 1189.28
Little: 81.505 158.941 1164.36
Thumb: -37.8922 113.586 1218.65
Index: 6.86594 225.887 1171.82
Middle: 37.3093 180.552 1199.75
Ring: 56.6117 169.467 1189.48
Little: 83.0727 153.049 1163.98
Thumb: -39.0471 113.091 1212.52
Index: -0.14285 227.341 1164.98
Middle: 31.9609 173.777 1199.46
Ring: 51.9816 165.483 1189.63
Little: 80.1163 150.419 1164.92
Thumb: -41.6963 111.513 1211.05
Index: 2.01995 225.917 1164.56
Middle: 31.3347 180.538 1196.91
Ring: 51.6318 161.244 1187.98
Little: 79.2978 146.367 1163.16
Thumb: -39.4186 104.697 1208.63
Index: -1.13442 188.384 1182.48
Middle: 23.9722 208.499 1184.41
Ring: 46.4345 159.936 1187.13
Little: 74.8 154.885 1163.22
Thumb: -48.9516 79.6104 1204.61
Index: -0.94211 196.508 1182.21
Middle: 11.0021 253.337 1109.16
Ring: 41.5787 173.222 1185.3
Little: 71.1965 157.929 1162.6
Thumb: -30.3831 146.587 1188.32
Index: -4.82684 192.07 1179.11
Middle: 20.0544 200.196 1185.16
Ring: 41.3011 167.59 1185.82
Little: 70.5477 156.011 1162.78
Thumb: -33.5493 145.475 1188.88
Index: -9.37341 197.896 1165.04
Middle: 18.6554 212.001 1179.13
Ring: 40.8708 169.902 1184.82
Little: 70.1424 157.526 1161.53
Thumb: -33.8989 144.116 1186.85
Index: -9.20544 187.579 1170.29
Middle: 18.7554 206.989 1180.08
Ring: 40.8151 169.924 1184.46
Little: 69.7467 156.756 1160.39
Thumb: -33.7154 145.134 1186.91
Index: -7.01698 203.416 1163.52
Middle: 21.2099 216.74 1166.68
Ring: 43.9363 167.079 1182.97
Little: 71.8311 157.212 1157.46
Thumb: -33.005 146.636 1182.97
Index: -5.96845 196.506 1166.67
Middle: 19.0296 237.34 1152.82
Ring: 44.9292 167.876 1180.54
Little: 72.0102 153.696 1154.26
Thumb: -33.8066 146.318 1181.63
Index: -6.98904 200.761 1163
Middle: 14.5813 239.604 1148.49
Ring: 44.1249 165.808 1177.37
Little: 71.0599 153.533 1150.27
Thumb: -37.5003 145.495 1179.64
Index: -14.8681 204.704 1159.06
Middle: 2.42143 252.874 1110.32
Ring: 39.9212 169.903 1175.88
Little: 67.2132 159.103 1149.03
Thumb: -38.0783 144.596 1178.36
Index: -11.4922 200.286 1158.11
Middle: 3.48313 246.262 1119.29
Ring: 39.071 171.012 1172.9
Little: 66.2732 159.118 1145.97
Thumb: -40.8281 146.604 1177.13
Index: -16.0457 192.219 1151.72
Middle: 3.89479 238.02 1129.14
Ring: 37.5163 170.596 1171.07
Little: 64.5189 158.388 1143.59
Thumb: -41.3517 148.946 1175.6
Index: -13.3786 182.519 1156.19
Middle: 3.09193 242.786 1123.62
Ring: 38.1158 171.755 1168.54
Little: 64.1739 163.727 1140.56
Thumb: -41.76 150.083 1174.06
Index: -15.6416 198.72 1156.61
Middle: 4.38785 227.601 1124.18
Ring: 38.1085 171.916 1166.56
Little: 63.7113 164.72 1138.18
Thumb: -41.4382 151.984 1172.87
Index: -4.73149 198.015 1152.51
Middle: 2.60904 251.536 1114.35
Ring: 38.7772 170.047 1165.42
Little: 64.124 164.622 1137.04
Thumb: -42.7476 151.464 1172.01
Index: 15.0254 214.383 1127.8
Middle: 7.46489 242.834 1129.75
Ring: 38.0814 172.429 1163.29
Little: 63.6549 164.767 1135.11
Thumb: -42.9998 151.535 1170.81
Index: 6.70433 206.09 1128.26
Middle: 7.6576 236.345 1133.57
Ring: 37.2178 173.531 1162.17
Little: 63.3339 155.319 1132.99
Thumb: -43.2967 151.508 1170.78
Index: 11.202 214.026 1115.88
Middle: 7.38251 234.938 1131.6
Ring: 37.1928 173.524 1162.18
Little: 63.0736 151.619 1130.32
Thumb: -43.3607 151.51 1170.77
Index: 9.84624 212.313 1116.77
Middle: 4.85343 239.673 1118.77
Ring: 37.2212 173.195 1162.21
Little: 63.0798 151.248 1130.21
Thumb: -45.5424 154.251 1171.11
Index: 11.1421 213.753 1114.58
Middle: 10.8366 205.386 1127.5
Ring: 36.4745 172.611 1163.05
Little: 62.7148 156.86 1136.68
Thumb: -46.9199 156.078 1174.59
Index: 20.6951 222.844 1106.81
Middle: 30.0376 228.328 1123.69
Ring: 38.4311 167.883 1165.23
Little: 64.0595 157.029 1138.6
Thumb: -48.6675 154.706 1179.07
Index: 18.8105 218.346 1130.18
Middle: 24.7061 246.09 1109.76
Ring: 39.5627 170.769 1170.17
Little: 63.3564 157.683 1144.04
Thumb: -106.527 132.992 1164.9
Index: 13.2399 216.5 1143.57
Middle: 34.4682 245.104 1114.52
Ring: 35.9222 172.272 1178.83
Little: 61.3745 161.93 1153.98
Thumb: -114.732 124.503 1158.05
Index: 29.1806 239.449 1121.57
Middle: 27.1672 245.073 1121.03
Ring: 37.2996 170.61 1184.69
Little: 63.9525 160.808 1158.93
Thumb: -118.988 127.24 1164.07
Index: 25.3187 217.769 1169.14
Middle: 34.8614 233.812 1137.21
Ring: 46.9362 164.392 1187.17
Little: 70.7023 157.443 1158.07
Thumb: -117.981 127.735 1167.77
Index: 31.7721 213.496 1176.58
Middle: 40.9023 251.595 1114.21
Ring: 53.7535 161.442 1187.67
Little: 76.4362 157.01 1156.78
Thumb: -106.406 134.588 1187.11
Index: 45.4968 219.794 1172.89
Middle: 45.6689 168.02 1202.35
Ring: 60.3924 154.888 1187.63
Little: 81.4486 151.855 1156.78
Thumb: -77.452 152.911 1217.68
Index: 50.2238 222.204 1151.89
Middle: 51.3885 167.174 1202.79
Ring: 64.3279 153.374 1187.28
Little: 86.0812 144.939 1155.22
Thumb: -72.5154 159.303 1221.56
Index: 53.0087 226.573 1142.91
Middle: 57.3672 168.005 1203.08
Ring: 71.0629 154.917 1187.5
Little: 92.2059 152.409 1156.98
Thumb: -63.6639 168.241 1227.46
Index: 59.0525 230.803 1129.94
Middle: 61.6299 169.796 1204.65
Ring: 77.8514 159.705 1189.94
Little: 89.6454 134.947 1155.42
Thumb: -56.5378 174.582 1231.02
Index: 39.7785 222.802 1146.78
Middle: 58.5782 233.291 1141.35
Ring: 88.2886 164.418 1187.33
Little: 91.5078 136.488 1147.91
Thumb: -48.1386 177.929 1234.23
Index: 33.7476 209.033 1161.37
Middle: 63.3853 237.917 1138.7
Ring: 91.6297 159.557 1183.48
Little: 101.638 142.223 1151.71
Thumb: -45.5054 178.855 1233.86
Index: 34.6596 208.288 1160.8
Middle: 63.8816 235.809 1137.88
Ring: 94.4186 162.765 1182.26
Little: 105.773 149.308 1150.4
Thumb: -37.2781 182.329 1233.58
Index: 40.1389 209.058 1159.49
Middle: 65.7561 270.827 1109.86
Ring: 106.085 177.855 1179.72
Little: 98.3598 134.866 1136.32
Thumb: -34.738 180.377 1231.62
Index: 65.506 245.31 1153.53
Middle: 76.5876 256.867 1128.67
Ring: 108.386 174.712 1178.63
Little: 98.4464 136.024 1128.46
Thumb: -32.1735 178.828 1227.43
Index: 67.1903 228.447 1147.18
Middle: 76.2302 250.199 1129.9
Ring: 111.208 176.346 1176.97
Little: 100.169 136.392 1123.57
Thumb: -33.1022 173.087 1221.03
Index: 60.3902 224.887 1169.63
Middle: 79.9265 242.864 1145.54
Ring: 80.8087 254.036 1106.79
Little: 117.612 151.594 1137.41
Thumb: -26.977 166.634 1221.8
Index: 54.9029 229.874 1158.82
Middle: 83.1789 245.125 1149.37
Ring: 72.8004 255.83 1101.98
Little: 103.45 146.476 1109.88
Thumb: 2.82575 82.0491 1239.66
Index: 52.6767 212.869 1159.63
Middle: 72.3764 258.017 1137.83
Ring: 67.8037 254.003 1102.51
Little: 103.345 145.905 1105.2
Thumb: 17.0743 115.416 1239.59
Index: 71.5408 214.769 1174.84
Middle: 55.9807 244.192 1141.94
Ring: 62.738 248.86 1120.01
Little: 98.651 151.654 1096.91
Thumb: 23.5642 128.469 1233.18
Index: 70.5764 196.19 1182.43
Middle: 56.509 249.457 1132.32
Ring: 78.9662 241.741 1126.44
Little: 100.857 153.323 1093.77
Thumb: 24.2636 111.882 1237.08
Index: 73.5553 196.041 1178.95
Middle: 61.3176 247.595 1130.91
Ring: 83.5045 239.861 1123.98
Little: 102.309 149.36 1091.58
Thumb: -18.0872 140.265 1216.15
Index: 86.9309 214.574 1151.65
Middle: 95.0212 236.693 1102.59
Ring: 98.4343 225.133 1119.41
Little: 104.328 134.569 1091.2
Thumb: -12.5353 141.876 1218.28
Index: 89.2501 228.027 1112.94
Middle: 96.2468 235.208 1100.12
Ring: 101.711 221.971 1115.6
Little: 102.777 131.405 1087.15
Thumb: -10.5392 139.644 1218.63
Index: 88.2372 225.813 1108.54
Middle: 98.5253 245.548 1087.53
Ring: 102.508 217.463 1114.79
Little: 102.905 126.462 1086.72
Thumb: -9.55163 140.653 1219.06
Index: 91.2837 223.395 1113.63
Middle: 105.082 220.886 1097.46
Ring: 101.806 218.063 1112.23
Little: 102.404 124.988 1086.3
Thumb: -9.0014 137.431 1220.18
Index: 82.4482 216.93 1127.64
Middle: 103.111 218.937 1100.01
Ring: 101.434 207.101 1114.92
Little: 106.797 122.976 1091.16
Thumb: 20.1779 74.7125 1225.34
Index: 82.3739 216.884 1126.1
Middle: 99.8554 215.625 1099.76
Ring: 99.6583 202.462 1115.65
Little: 107.013 119.212 1093.58
Thumb: 16.5454 76.2781 1227.39
Index: 78.2331 213.134 1125.52
Middle: 96.7402 206.871 1101.53
Ring: 99.6685 202.703 1111.41
Little: 106.651 119.639 1093.12
Thumb: 3.54771 75.0801 1225.68
Index: 81.4841 204.519 1141.71
Middle: 89.6295 194.743 1113.85
Ring: 97.1765 202.969 1111.47
Little: 106.366 121.302 1094.1
Thumb: 3.07138 77.7452 1227.04
Index: 95.2631 212.666 1139.24
Middle: 107.686 214.406 1094.41
Ring: 98.2317 211.828 1105.19
Little: 100.5 118.875 1089.59
Thumb: 1.09922 66.6972 1222.97
Index: 85.203 208.632 1143.97
Middle: 102.834 220.359 1093
Ring: 93.5196 204.926 1110.61
Little: 97.0954 119.966 1087.6
Thumb: -3.80935 81.8902 1228.32
Index: 79.1954 204.539 1147.1
Middle: 102.412 224.216 1094.53
Ring: 91.3039 199.977 1114.18
Little: 97.0749 118.472 1092.22
Thumb: 12.6861 82.5034 1222.25
Index: 50.758 186.963 1134.72
Middle: 83.2616 245.263 1103.27
Ring: 110.844 143.288 1150.59
Little: 93.1432 109.531 1094.22
Thumb: 20.7219 118.981 1232.02
Index: 52.4888 190.274 1132.63
Middle: 87.9436 241.41 1104.58
Ring: 112.281 145.018 1148.05
Little: 92.8161 109.713 1093.9
Thumb: 15.3496 118.154 1229.39
Index: 53.061 188.416 1133.06
Middle: 89.6763 241.444 1102.96
Ring: 110.762 140.242 1148.38
Little: 88.5801 110.031 1088.4
Thumb: 18.4971 110.356 1231.27
Index: 52.7817 187.561 1132.47
Middle: 81.1073 248.034 1087.69
Ring: 110.201 139.244 1146.44
Little: 90.501 107.146 1092.19
Thumb: 19.2067 118.543 1232.1
Index: 52.2458 187.091 1133.58
Middle: 78.7091 248.752 1088.01
Ring: 86.3609 122.57 1128.06
Little: 89.8509 110.295 1090.53
Thumb: 17.7014 116.773 1231.01
Index: 52.4371 186.517 1133.59
Middle: 74.6137 249.75 1082.27
Ring: 91.4583 122.093 1133.56
Little: 90.3354 108.314 1091.16
Thumb: 16.8636 96.885 1229.84
Index: 52.0024 187.858 1133.46
Middle: 77.6023 249.839 1087.09
Ring: 95.2554 125.628 1137.99
Little: 89.6227 109.938 1090.88
Thumb: 23.9517 102.074 1232.81
Index: 52.4719 188.801 1133.13
Middle: 74.2341 250.825 1080.92
Ring: 95.3319 126.235 1138.13
Little: 89.7571 111.089 1090.99
Thumb: 12.4075 114.022 1229.79
Index: 52.6501 187.547 1134.49
Middle: 75.213 250.856 1082.39
Ring: 103.125 130.263 1145
Little: 97.7179 120.966 1094.96
Thumb: 16.0256 98.3969 1230.9
Index: 55.5255 187.668 1135.91
Middle: 79.8434 249.312 1083.96
Ring: 102.856 132.451 1143.06
Little: 94.1992 122.498 1090.27
Thumb: 16.3852 98.9369 1230.36
Index: 56.0773 191.167 1133.84
Middle: 86.8861 208.529 1115.56
Ring: 98.0376 125.473 1141.11
Little: 97.4841 134.235 1087.75
Thumb: 15.3729 93.3286 1227.26
Index: 56.5344 191.766 1134.6
Middle: 88.0255 209.942 1115.54
Ring: 102.77 132.25 1142.91
Little: 92.0218 121.097 1088.8
Thumb: 13.3011 89.8996 1226.53
Index: 58.3628 191.651 1137.29
Middle: 90.8924 219.699 1116.82
Ring: 113.836 138.267 1147.16
Little: 103.271 120.467 1098.76
Thumb: -68.816 156.753 1183.71
Index: 61.894 195.195 1138.89
Middle: 91.0829 238.97 1109.36
Ring: 116.122 136.548 1146.74
Little: 105.405 120.339 1100.02
Thumb: -62.7934 145.239 1199.25
Index: 63.9019 193.765 1139.24
Middle: 88.4786 251.438 1099.89
Ring: 114.162 130.116 1138.94
Little: 105.011 119.193 1095.59
Thumb: 30.0155 130.479 1241.57
Index: 68.1038 195.705 1137.55
Middle: 90.8914 249.645 1100.34
Ring: 108.338 122.602 1129.56
Little: 110.687 120.633 1094.23
Thumb: 13.6725 148.84 1227.81
Index: 69.4106 195.169 1136.38
Middle: 83.827 256.595 1095.66
Ring: 110.644 124.588 1123.38
Little: 125.46 132.027 1094.91
Thumb: 23.5123 164.971 1220.95
Index: 102.709 218.687 1148.23
Middle: 86.1407 255.573 1095.41
Ring: 109.962 126.626 1119.89
Little: 125.686 139.887 1090.84
Thumb: 26.2822 161.126 1221.74
Index: 85.3158 252.295 1125.26
Middle: 83.9785 256.12 1101.63
Ring: 89.8582 123.489 1104.92
Little: 112.943 116.695 1084.94
Thumb: 68.8803 201.119 1148.46
Index: 90.9736 249.858 1121.53
Middle: 88.0236 254.598 1103.02
Ring: 127.334 133.761 1120.55
Little: 105.303 114.149 1078.36
Thumb: 72.5923 201.919 1144.62
Index: 87.2514 254.916 1122.72
Middle: 89.0365 255.94 1103.53
Ring: 124.188 128.984 1116.11
Little: 98.1991 115.782 1072.23
Thumb: 73.0363 203.339 1143.29
Index: 102.764 244.548 1130.25
Middle: 103.24 242.545 1107.75
Ring: 127.979 131.769 1113.75
Little: 95.1139 141.835 1064.19
Thumb: 74.3029 203.963 1141.2
Index: 103.797 246.269 1122.07
Middle: 103.567 238.296 1108.52
Ring: 136.082 140.924 1112.25
Little: 111.704 145.716 1068.15
Thumb: 33.9928 64.0162 1217.33
Index: 107.225 240.337 1094.98
Middle: 107.288 243.079 1110.28
Ring: 139.979 146.035 1110.98
Little: 99.8181 161.161 1058.09
Thumb: 44.875 88.1163 1219.77
Index: 108.737 234.925 1093.65
Middle: 83.966 262.511 1096.38
Ring: 133.679 136.37 1104.33
Little: 100.492 157.45 1054.5
Thumb: 57.8194 64.1947 1212.35
Index: 106.423 233.227 1089.86
Middle: 111.054 217.063 1112.51
Ring: 132.051 141.445 1092.85
Little: 90.2361 147.365 1048.74
Thumb: 45.8326 64.7858 1207.25
Index: 108.177 221.574 1106.67
Middle: 107.939 217.632 1116.42
Ring: 133.709 140.218 1092.92
Little: 91.2323 148.8 1046.56
Thumb: 129.157 92.0272 1143.66
Index: 103.382 222.024 1102.79
Middle: 92.5213 249.049 1113.07
Ring: 127.366 136.408 1091.65
Little: 91.2421 145.885 1047.81
Thumb: 174.725 122.196 1068.54
Index: 127.221 203.001 1062.56
Middle: 123.235 253.16 1098.22
Ring: 83.754 138.651 1037.05
Little: 65.2354 163.55 1025.37
Thumb: 89.2518 128.984 1065.57
Index: 136.161 189.211 1059.02
Middle: 122.6 251.757 1098.7
Ring: 82.7477 133.941 1030.77
Little: 66.1988 159.627 1017.1
Thumb: 90.1136 137.341 1064.99
Index: 122.522 194.058 1070.86
Middle: 103.955 237.115 1043.87
Ring: 106.437 159.688 1012.12
Little: 70.6485 162.823 1009.27
Thumb: 98.5049 105.4 1183.4
Index: 118.175 128.477 1095.07
Middle: 99.4272 212.214 1039.32
Ring: 104.811 180.852 1029.31
Little: 83.7413 186.047 1014.39
Thumb: 117.739 122.37 1170.43
Index: 121.698 126.188 1078.35
Middle: 95.0402 206.367 1046.41
Ring: 85.4961 185.902 1030.96
Little: 66.0608 191.694 1023
Thumb: 123.44 123.364 1151.89
Index: 130.386 134.011 1041.82
Middle: 93.7983 212.166 1049.82
Ring: 99.8755 200.003 1057.37
Little: 64.3072 214.437 1068.06
Thumb: 124.842 123.822 1147.33
Index: 130.617 147.856 1033.98
Middle: 91.6453 209.788 1050.88
Ring: 96.9775 200.772 1056.64
Little: 62.3399 217.09 1069.95
Thumb: 123.236 124.962 1144.93
Index: 131.052 148.97 1033.05
Middle: 88.4503 196.948 1059.97
Ring: 96.7695 197.406 1052.72
Little: 63.0552 215.817 1068.42
Thumb: 122.381 127.791 1139.39
Index: 131.622 150.574 1033.17
Middle: 86.172 195.582 1065.41
Ring: 101.613 203.206 1055.2
Little: 64.1542 214.537 1064.5
Thumb: 125.008 125.329 1135.64
Index: 129.642 147.503 1030.08
Middle: 85.6155 199.155 1062
Ring: 99.6467 201.254 1052.84
Little: 58.578 196.199 1029.27
Thumb: 126.782 124.483 1130.44
Index: 100.297 230.336 1096.19
Middle: 84.2214 205.673 1059.44
Ring: 105.314 215.408 1066.9
Little: 62.1667 212.503 1053.67
Thumb: 128.166 127.06 1124.93
Index: 101.33 230.929 1084.51
Middle: 81.1751 210.791 1055.33
Ring: 107.08 228.542 1083.04
Little: 58.2207 208.373 1033.35
Thumb: 127.658 131.66 1116.75
Index: 100.081 230.666 1081.15
Middle: 80.4001 225.801 1047.82
Ring: 104.553 221.572 1050.61
Little: 62.26 224.687 1061.12
Thumb: 129.131 134.588 1111.13
Index: 93.8884 236.898 1086.58
Middle: 73.9631 231.047 1044.98
Ring: 82.4411 209.288 1031.51
Little: 58.9252 231.037 1071.05
Thumb: 128.754 135.232 1105.75
Index: 94.4891 237.058 1085.28
Middle: 72.6079 231.023 1043.79
Ring: 58.2044 173.84 999.021
Little: 58.8127 230.828 1061.09
Thumb: 129.399 134.126 1102.01
Index: 97.0009 229.512 1058.15
Middle: 71.2038 209.95 1038.64
Ring: 54.4835 172.562 996.177
Little: 49.4193 222.657 1041.76
Thumb: 127.064 135.273 1099.58
Index: 97.9926 196.392 1040.53
Middle: 69.8343 226.667 1038.31
Ring: 53.4762 178.241 992.343
Little: 42.4997 215.395 1029.89
Thumb: 126.773 134.669 1096.21
Index: 95.9474 195.247 1038.5
Middle: 66.854 238.098 1042.1
Ring: 51.2761 181.404 990.062
Little: 32.11 209.567 1025.65
Thumb: 127.353 134.184 1091.9
Index: 95.2324 196.489 1040.85
Middle: 66.3732 244.321 1041.23
Ring: 45.3728 172.947 989.699
Little: 32.7298 216.057 1022.23
Thumb: 126.781 133.831 1086.33
Index: 96.4733 134.138 1014.41
Middle: 65.1472 246.695 1033.11
Ring: 50.9697 185.703 989.999
Little: 39.7096 216.127 1021.85
Thumb: 125.176 134.815 1083.69
Index: 95.0356 131.148 1007.74
Middle: 65.904 235.678 1028.07
Ring: 45.9027 180.148 992.326
Little: 39.7364 216.285 1020.17
Thumb: 124.082 131.979 1083.83
Index: 94.1866 130.912 1004.9
Middle: 66.5349 256.21 1060.76
Ring: 47.2491 182.516 992.266
Little: 48.7674 224.001 1028.84
Thumb: 123.033 133.228 1083.26
Index: 94.0469 132.024 1003.28
Middle: 68.9179 250.045 1041.52
Ring: 50.259 185.667 1001.64
Little: 42.3621 218.593 1016.63
Thumb: 122.623 134.662 1083.09
Index: 94.0868 135.862 994.682
Middle: 64.0798 251.805 1041.99
Ring: 44.619 208.169 1026.41
Little: 37.456 215.81 1012.49
Thumb: 122.755 135.575 1080.33
Index: 93.3588 134.707 995.088
Middle: 63.3639 255.16 1047.45
Ring: 43.0997 177.562 1028.65
Little: 25.1627 204.056 1007.15
Thumb: 122.47 136.038 1081.27
Index: 93.962 134.777 994.336
Middle: 64.4945 248.705 1042.87
Ring: 43.6708 170.564 1028.15
Little: 32.4692 209.739 1007.06
Thumb: 122.264 136.154 1082.54
Index: 94.3961 134.846 994.671
Middle: 64.0239 256.937 1054.98
Ring: 43.9702 171.321 1028.53
Little: 14.1254 189.28 1018.59
Thumb: 122.151 136.337 1082.91
Index: 94.396 135.501 993.818
Middle: 64.8716 255.31 1041.81
Ring: 43.7497 170.478 1030.52
Little: 17.006 195.785 1022.24
Thumb: 121.258 136.769 1087.52
Index: 95.679 134.731 996.176
Middle: 62.0704 255.194 1047.56
Ring: 41.655 169.908 1030.04
Little: 23.2864 207.228 1032.26
Thumb: 122.375 134.017 1089.17
Index: 97.4809 134.431 995.932
Middle: 69.2957 222.808 1028.47
Ring: 49.2254 184.574 1008.16
Little: 24.6867 212.949 1022
Thumb: 122.409 134.018 1090.11
Index: 97.391 132.845 996.783
Middle: 68.0756 219.578 1029.35
Ring: 51.8742 224.256 1009.71
Little: 26.9148 209.544 1025.51
Thumb: 121.338 135.945 1094.55
Index: 97.9093 127.753 1005.64
Middle: 66.6567 212.959 1036.61
Ring: 52.1587 202.409 1005.62
Little: 40.5169 223.372 1034.83
Thumb: 120.237 136.83 1093.73
Index: 99.2675 127.301 1007.48
Middle: 69.9188 209.451 1039.58
Ring: 64.4351 190.147 1021.04
Little: 41.8133 211.255 1041.13
Thumb: 120.726 137.224 1095.89
Index: 101.345 127.442 1007
Middle: 71.4776 205.613 1032.59
Ring: 86.7428 208.635 1029.05
Little: 49.3996 216.337 1047.82
Thumb: 121.041 139.461 1097.2
Index: 101.343 129.904 1007.3
Middle: 69.7415 207.299 1032.48
Ring: 86.0902 211.39 1038.58
Little: 35.2572 203.608 1043.28
Thumb: 122.342 139.409 1098.46
Index: 102.598 128.275 1010.93
Middle: 71.354 198.244 1034.86
Ring: 98.0647 222.203 1052.86
Little: 28.1301 195.279 1051.88
Thumb: 121.872 139.991 1100.7
Index: 102.781 129.361 1013.51
Middle: 71.048 197.545 1038.52
Ring: 68.6927 186.429 1001.16
Little: 30.9747 197.618 1049.15
Thumb: 120.764 140.651 1106.84
Index: 104.545 126.9 1020.35
Middle: 73.333 204.089 1038.72
Ring: 50.9111 164.089 1000.32
Little: 32.6215 198.388 1053.4
Thumb: 119.292 138.905 1117.06
Index: 106.571 122.74 1029.55
Middle: 75.3533 203.384 1041.73
Ring: 57.1103 153.383 1007.87
Little: 46.0671 209.031 1058.29
Thumb: 114.966 139.152 1130.99
Index: 109.495 114.944 1053.11
Middle: 80.5396 206.098 1051.44
Ring: 67.2018 156.748 1013.11
Little: 48.0948 207.222 1063.05
Thumb: 114.993 141.45 1133.72
Index: 109.818 115.765 1056.59
Middle: 77.59 206.847 1055.98
Ring: 65.3039 152.419 1017.47
Little: 48.9791 209.092 1064.53
Thumb: 118.862 144.411 1135.22
Index: 110.563 120.036 1058.3
Middle: 75.5747 203.869 1064.14
Ring: 60.3927 153.138 1021.95
Little: 43.6212 206.894 1068.81
Thumb: 123.681 146.087 1125.88
Index: 106.472 137.918 1035.8
Middle: 71.5955 199.137 1065.08
Ring: 58.6322 174.091 1020.46
Little: 39.4057 206.832 1069.42
Thumb: 123.144 147.811 1129.29
Index: 105.902 137.179 1041.45
Middle: 69.7399 237.722 1074.95
Ring: 83.6476 207.764 1038.8
Little: 44.0125 214.738 1070.93
Thumb: 114.152 144.476 1148.47
Index: 109.142 119.367 1070.65
Middle: 73.968 226.781 1070.75
Ring: 88.9642 209.099 1067.23
Little: 51.2742 209 1058.16
Thumb: 84.0705 143.889 1172.58
Index: 103.836 112.259 1112.63
Middle: 76.2542 138.997 1096.32
Ring: 63.8582 243.022 1068.62
Little: 78.2473 212.277 1064.36
Thumb: 68.7355 166.666 1143.89
Index: 90.4748 120.315 1114.21
Middle: 100.39 128.836 1075.45
Ring: 67.0098 240.048 1036.12
Little: 74.8333 218.382 1033.65
Thumb: 66.3644 175.413 1118.08
Index: 108.062 125.316 1087.79
Middle: 109.219 127.817 1055.53
Ring: 82.375 232.253 1008.72
Little: 72.2296 215.587 989.678
Thumb: 39.0473 195.189 1102.6
Index: 94.0203 179.808 1062.49
Middle: 129.628 146.814 1026.5
Ring: 67.4886 223.381 1000.63
Little: 60.0703 210.094 977.856
Thumb: 29.9157 178.179 1123.31
Index: 91.777 171.429 1066.97
Middle: 128.181 152.268 1023.8
Ring: 62.5981 224.856 1005.1
Little: 51.67 217.697 980.117
Thumb: 25.7697 177.823 1123.24
Index: 79.5669 137.663 1084.88
Middle: 86.3357 206.387 1020.16
Ring: 57.8438 223.737 1002.71
Little: 49.6783 211.575 980.943
Thumb: 22.4015 177.912 1124.92
Index: 127.157 157.814 1049.57
Middle: 79.7917 196.752 1025.66
Ring: 38.0812 246.027 1004.16
Little: 39.6414 217.694 979.037
Thumb: 17.5062 177.032 1127.9
Index: 122.947 152.187 1052.13
Middle: 73.2531 196.884 1025.79
Ring: 55.3178 228.663 996.949
Little: 34.5955 212.202 979.505
Thumb: 59.7621 182.303 1091.65
Index: 16.3527 169.561 1013.9
Middle: 16.3818 206.013 1070.97
Ring: 8.68499 244.889 1112.19
Little: 7.05744 220.905 1099.84
Thumb: 37.5921 172.128 1091.17
Index: 13.0539 175.469 1008.12
Middle: 24.4982 201.121 1077.31
Ring: 17.1032 251.362 1129.56
Little: -3.31932 198.386 1104.18
Thumb: 39.9712 165.146 1090.66
Index: 18.9252 167.729 1007.63
Middle: 17.1504 183.147 1057.92
Ring: -10.6645 237.546 1084.67
Little: 8.44549 220.624 1096.07
Thumb: 53.8649 176.679 1092.26
Index: 22.0627 160.627 1005.3
Middle: -12.0159 200.989 1026.02
Ring: -5.20157 238.432 1074.99
Little: 0.404408 205.877 1090.23
Thumb: 30.9573 180.655 1085.14
Index: 29.0014 154.014 1008.09
Middle: -10.1554 195.94 1022.34
Ring: -16.6704 235.469 1073.74
Little: -3.05134 205.022 1092.48
Thumb: 27.3351 180.872 1083.91
Index: 25.7756 154.597 1005.55
Middle: -4.82921 168.006 1018.31
Ring: -8.42981 222.249 1047.53
Little: -13.0507 187.938 1098.24
Thumb: 24.806 180.191 1081.81
Index: 26.0291 157.584 1002.33
Middle: -2.73889 162.967 1013.15
Ring: 9.05394 236.506 1060.62
Little: -16.6687 188.177 1092.74
Thumb: 23.7979 180.226 1082.01
Index: 29.3751 154.103 1003.52
Middle: -1.63105 157.825 1007.62
Ring: -9.56899 208.393 1032.4
Little: -18.842 188.266 1090.42
Thumb: 24.5803 179.932 1078.4
Index: 31.7781 159.952 1002.19
Middle: 1.16458 163.034 1005.13
Ring: -7.07832 176.807 1044.98
Little: -18.8896 189.243 1086.95
Thumb: 22.1661 181.235 1077.79
Index: 31.1331 161.868 1002.11
Middle: 1.22145 161.111 1003.85
Ring: 0.816378 183.181 1066.63
Little: -20.3471 190.256 1085.53
Thumb: 21.7526 181.662 1075.79
Index: 31.5106 162.018 1000.93
Middle: 1.18489 162.177 1002.21
Ring: -1.95668 181.89 1065.62
Little: -21.0505 189.729 1084.44
Thumb: 22.2473 180.918 1074.87
Index: 33.4394 158.191 1000.04
Middle: 2.52859 161.178 1000.71
Ring: -0.770629 182.653 1064.53
Little: -19.2142 191.155 1082.36
Thumb: 22.4994 180.863 1074.21
Index: 33.4996 160.431 1000.26
Middle: 1.57425 166.271 999.459
Ring: -0.677915 183.161 1064.42
Little: -20.3992 190.484 1082.23
Thumb: 23.6397 179.619 1073.69
Index: 33.8839 160.909 999.505
Middle: 4.1305 158.689 998.976
Ring: -1.77117 182.892 1062.76
Little: -21.8805 189.962 1080.22
Thumb: 86.5935 169.959 1082.06
Index: 35.5519 160.738 999.489
Middle: 3.89395 165.435 997.08
Ring: -0.891867 186.656 1063.39
Little: -22.128 189.958 1078.63
Thumb: 86.3197 170.258 1080.73
Index: 35.523 162.151 998.765
Middle: 3.82864 166.515 996.08
Ring: -2.96101 184.603 1060.77
Little: -23.1013 191.446 1077.14
Thumb: 40.783 173.546 1074.09
Index: 38.6169 159.822 999.326
Middle: 6.65145 165.99 995.693
Ring: -1.98537 184.522 1060.16
Little: -22.3546 191.37 1075.97
Thumb: 40.1899 172.546 1073.2
Index: 40.5522 159.059 999.278
Middle: 8.68475 165.213 994.986
Ring: -1.70078 185.746 1059.36
Little: -22.0142 192.431 1074.49
Thumb: 39.4648 173.096 1072.82
Index: 40.5467 159.267 999.272
Middle: 8.41128 166.534 994.933
Ring: -2.27387 186.105 1059.66
Little: -22.0193 192.448 1074.51
Thumb: 40.1963 173.089 1074.12
Index: 40.5586 159.238 999.277
Middle: 8.4149 166.54 994.935
Ring: -2.21322 185.902 1059.56
Little: -22.0187 192.449 1074.51
Thumb: 39.8594 172.965 1073.84
Index: 40.4995 158.735 999.109
Middle: 8.25078 166.386 994.749
Ring: -2.76505 185.845 1059.46
Little: -22.1225 192.416 1074.3
Thumb: 39.8618 172.978 1073.82
Index: 40.3854 159.175 999.068
Middle: 8.24563 166.387 994.751
Ring: -3.02894 186.103 1059.65
Little: -22.1235 192.41 1074.31
Thumb: 39.8033 172.811 1073.83
Index: 40.391 159.218 999.133
Middle: 8.2682 166.367 994.808
Ring: -2.68076 186.836 1059.91
Little: -22.1231 192.417 1074.35
Thumb: 38.0063 172.489 1073.96
Index: 42.4749 157.061 1000.56
Middle: 9.91124 165.339 995.393
Ring: -3.25755 186.3 1060.31
Little: -22.2623 191.722 1074.12
Thumb: 38.0927 172.551 1074.32
Index: 42.3189 157.826 1000.62
Middle: 10.1582 164.563 995.587
Ring: -3.27641 186.311 1060.48
Little: -22.2576 191.728 1074.27
Thumb: 38.4095 173.089 1074.16
Index: 42.3177 157.767 1000.6
Middle: 10.1389 164.57 995.559
Ring: -3.32417 186.298 1060.46
Little: -22.2554 191.718 1074.23
Thumb: 38.0872 172.572 1074.18
Index: 42.1928 158.109 1000.54
Middle: 10.1489 164.365 995.565
Ring: -3.35236 186.264 1060.46
Little: -22.243 191.694 1074.23
Thumb: 38.8783 173.938 1074.03
Index: 42.0198 159.496 1000.52
Middle: 10.136 165.196 995.564
Ring: -3.42266 186.479 1060.6
Little: -22.2229 191.697 1074.2
Thumb: 40.0275 172.818 1074.86
Index: 43.1746 159.709 1000.57
Middle: 11.5145 164.939 995.714
Ring: -0.739445 187.235 1060.56
Little: -20.6978 192.309 1074.41
Thumb: 43.4669 174.35 1075.03
Index: 44.7154 161.731 1002.07
Middle: 13.0295 165.445 996.896
Ring: -0.733397 186.629 1061.18
Little: -21.0095 191.85 1075.18
Thumb: 42.2708 176.848 1075.91
Index: 44.8581 163.339 1002.79
Middle: 12.7103 168.243 997.484
Ring: -0.998188 187.701 1061.81
Little: -21.0279 193.99 1074.44
Thumb: 41.5152 177.344 1076.24
Index: 43.6484 162.918 1002.38
Middle: 11.2049 168.254 997.418
Ring: -1.20409 188.641 1062.16
Little: -21.9281 193.338 1075.35
Thumb: 45.2571 176.252 1074.85
Index: 45.3935 164.981 1001.78
Middle: 13.7273 167.954 996.708
Ring: 0.910187 190.658 1061.4
Little: -20.3219 194.656 1074.23
Thumb: 45.801 178.842 1075.6
Index: 47.4682 164.839 1001.8
Middle: 15.553 168.382 996.613
Ring: 2.9295 190.507 1060.87
Little: -18.7056 195.019 1074.2
Thumb: 49.3158 178.846 1075.63
Index: 51.4876 163.973 1002.35
Middle: 19.1662 170.304 996.989
Ring: 8.22301 191.503 1061.22
Little: -14.3416 196.605 1074.69
Thumb: 50.4079 179.956 1075.07
Index: 53.4051 165.306 1002.45
Middle: 20.7817 170.72 996.932
Ring: 8.87687 191.347 1061.26
Little: -14.1715 194.682 1075.27
Thumb: 56.1632 181.492 1075.76
Index: 59.9616 166.746 1003.12
Middle: 27.6176 172.858 997.603
Ring: 14.9045 192.322 1062.01
Little: -7.0072 196.891 1074.98
Thumb: 63.8514 184.634 1079.94
Index: 68.5569 170.3 1005.41
Middle: 35.7414 180.001 999.526
Ring: 24.0227 196.433 1063.84
Little: 1.277 201.457 1077.97
