Thumb: 32.9554 91.7207 1121.92
Index: -64.5745 28.1944 1098.23
Middle: -101.42 40.8207 1097.63
Ring: -124.543 62.0639 1082.41
Little: -141.773 103.039 1080.87
Thumb: 37.2064 91.9803 1101.8
Index: -67.7722 31.4738 1095.39
Middle: -99.2246 37.1944 1089.78
Ring: -83.1706 128.31 1152.18
Little: -109.568 139.424 1127.78
Thumb: 30.4397 87.8179 1106.56
Index: -75.1447 26.8754 1091.58
Middle: -104.655 38.5841 1095.88
Ring: -88.8247 122.931 1155.44
Little: -113.884 76.2045 1072.31
Thumb: 25.1786 86.2616 1106.54
Index: -77.0422 26.8713 1088.51
Middle: -106.571 38.2708 1092.2
Ring: -89.6844 122.008 1157.65
Little: -115.715 77.8759 1077.13
Thumb: 20.1696 85.6784 1106.37
Index: -80.7715 27.9831 1095.65
Middle: -110.927 36.2134 1094.89
Ring: -87.9146 118.352 1160
Little: -119.348 75.2631 1081.33
Thumb: 11.1342 87.0784 1104.75
Index: -84.184 28.9918 1094.28
Middle: -111.869 36.1054 1096.43
Ring: -90.3333 112.326 1160.72
Little: -121.39 75.0379 1084.2
Thumb: 7.82931 85.0437 1097.63
Index: -86.5429 30.6837 1094.91
Middle: -111.223 37.1357 1099.28
Ring: -89.7432 111.449 1161.86
Little: -116.858 128.755 1140.11
Thumb: 4.38165 83.3252 1097.61
Index: -90.9845 32.4797 1094.75
Middle: -112.564 39.7957 1100.73
Ring: -96.5125 90.5264 1152.29
Little: -115.943 137.725 1138.73
Thumb: 0.61659 82.0865 1098.51
Index: -95.0145 35.3584 1098.52
Middle: -116.587 41.0362 1099.42
Ring: -125.992 64.1488 1112.85
Little: -113.725 139.516 1141.05
Thumb: -3.10159 79.6622 1094.21
Index: -97.0062 37.9599 1099.3
Middle: -118.373 42.435 1100.31
Ring: -129.612 59.2031 1107
Little: -111.732 137.755 1143.83
Thumb: -7.56315 77.7847 1094.46
Index: -99.5307 39.5996 1100.8
Middle: -121.897 43.3033 1099.76
Ring: -129.307 59.7582 1108.16
Little: -111.312 137.674 1144.01
Thumb: -9.29525 77.1904 1093.64
Index: -98.8908 39.8314 1101.4
Middle: -122.303 42.3505 1098.96
Ring: -127.741 60.136 1107.99
Little: -109.553 138.71 1144.3
Thumb: -9.88421 76.9835 1092.03
Index: -97.2454 38.4804 1100.34
Middle: -120.265 41.2477 1099.63
Ring: -125.804 59.5513 1108.7
Little: -107.684 138.309 1144.82
Thumb: -8.73758 77.4079 1089.1
Index: -91.1352 38.7221 1102.22
Middle: -114.921 41.8807 1100.15
Ring: -120.858 57.682 1109.65
Little: -104.995 136.33 1144.2
Thumb: -5.5867 80.7824 1087.48
Index: -85.745 37.7752 1099.51
Middle: -108.126 40.9683 1101.25
Ring: -114.221 57.9518 1111.96
Little: -100.023 134.655 1144.18
Thumb: -2.47448 81.1657 1084.45
Index: -77.1436 38.1539 1100.8
Middle: -102.225 38.3544 1100.02
Ring: -108.381 57.1671 1112.25
Little: -96.1735 132.533 1141.92
Thumb: 2.31979 82.2876 1083.71
Index: -70.289 33.8282 1098.08
Middle: -92.5515 37.2873 1101.33
Ring: -101.198 55.4328 1112.72
Little: -113.583 83.2441 1104.61
Thumb: 9.12994 84.2064 1084.17
Index: -61.7433 32.1932 1097.39
Middle: -84.3317 35.1921 1101.65
Ring: -93.547 51.3708 1111.45
Little: -107.069 80.2811 1105.16
Thumb: 16.4795 89.5433 1078.76
Index: -51.2426 33.4588 1099.78
Middle: -74.3459 32.5447 1102.32
Ring: -86.6493 50.2914 1106.64
Little: -101.986 73.7855 1099.96
Thumb: 22.5906 89.1619 1079.46
Index: -40.5229 33.8746 1102.92
Middle: -64.3181 29.054 1104.84
Ring: -79.7857 47.0418 1107.91
Little: -92.0805 71.2235 1103.5
Thumb: 31.9225 89.9772 1081.3
Index: -31.8503 32.4062 1103.96
Middle: -55.0989 26.7439 1105.56
Ring: -71.3382 40.6563 1109.08
Little: -84.7757 68.1826 1104.93
Thumb: 39.8278 89.3791 1082.77
Index: -24.0474 33.0504 1103.93
Middle: -50.0002 26.72 1101.67
Ring: -64.4795 40.6936 1108.11
Little: -78.6671 68.634 1103.02
Thumb: 46.3192 90.6351 1085.6
Index: -17.9484 30.5325 1103.72
Middle: -43.6501 25.9922 1103.31
Ring: -57.5316 39.6519 1109.77
Little: -72.1001 64.6187 1101.73
Thumb: 52.8108 89.4139 1087.5
Index: -13.1862 28.8439 1103.1
Middle: -38.3495 24.9279 1102.59
Ring: -52.0823 39.0145 1106.85
Little: -65.1616 63.3135 1098.33
Thumb: 59.6672 88.9337 1086.63
Index: -5.61319 26.2202 1103.55
Middle: -30.5667 21.0015 1100.37
Ring: -43.3083 35.0822 1106.79
Little: -58.8304 59.1553 1094.4
Thumb: 66.97 86.804 1087.6
Index: 2.03923 23.9884 1104.67
Middle: -23.8407 18.4064 1100.74
Ring: -38.3845 32.6629 1104.6
Little: -52.7151 56.8904 1093.57
Thumb: 74.0743 83.4704 1088.82
Index: 11.6672 22.6633 1108.62
Middle: -16.968 13.1405 1101.64
Ring: -32.8508 30.336 1105.26
Little: -47.446 52.5317 1096.59
Thumb: 82.7897 84.9088 1088.81
Index: 20.2045 20.3636 1106.77
Middle: -9.0294 13.0381 1100.56
Ring: -24.4407 30.4486 1107.15
Little: -42.6969 52.4486 1097.73
Thumb: 91.3992 85.6397 1089.1
Index: 31.3467 18.1404 1107.67
Middle: -4.12423 7.98415 1096.29
Ring: -18.9616 28.3588 1106.71
Little: -38.11 51.7566 1102.25
Thumb: 98.4537 86.5162 1092.31
Index: 38.5753 14.5613 1106.27
Middle: 3.26019 6.03526 1094.3
Ring: -11.6755 28.2592 1105.38
Little: -33.1784 49.581 1102.13
Thumb: 108.758 87.4331 1092.27
Index: 46.6848 13.7647 1104.94
Middle: 12.2432 5.73282 1099.17
Ring: -4.53624 24.8137 1103.03
Little: -26.8802 46.7547 1104.99
Thumb: 116.436 88.291 1094.73
Index: 52.3442 11.0031 1107.83
Middle: 17.5453 2.63173 1099.29
Ring: 1.64676 23.987 1104.52
Little: -22.6643 43.0738 1103.94
Thumb: 125.937 89.9567 1095.61
Index: 59.7487 15.7907 1107.36
Middle: 23.2799 3.02601 1098.84
Ring: 6.42332 20.8458 1103.04
Little: -15.4857 44.5238 1106.35
Thumb: 132.508 93.7859 1101.19
Index: 65.0874 13.7269 1106.15
Middle: 29.0695 2.50544 1096.1
Ring: 13.3713 24.0087 1103.63
Little: -13.2012 43.9481 1100.75
Thumb: 137.987 95.1916 1105.54
Index: 69.2283 9.4473 1105.09
Middle: 34.045 -0.241793 1088.21
Ring: 19.3311 24.9822 1098.72
Little: -7.42524 44.9842 1099.03
Thumb: 143.12 95.69 1104.75
Index: 75.412 7.7291 1103.62
Middle: 40.4527 -1.14124 1085.47
Ring: 26.4413 27.0453 1100.18
Little: 0.253619 50.2375 1101.59
Thumb: 148.65 96.5221 1106.3
Index: 80.1824 10.5551 1105.6
Middle: 44.5413 -1.71951 1083.87
Ring: 30.635 27.3955 1100.41
Little: 3.07677 46.6682 1101.01
Thumb: 152.99 100.527 1105.88
Index: 85.0034 11.518 1106.15
Middle: 49.4478 -2.79542 1082.46
Ring: 34.1771 24.5869 1099.51
Little: 8.49326 51.7731 1110.88
Thumb: 157.58 97.6167 1107.21
Index: 86.6373 10.2198 1106.71
Middle: 51.2147 -2.77049 1083.57
Ring: 54.2625 86.1756 1140.78
Little: 17.0284 74.1763 1097
Thumb: 163.572 98.679 1110.97
Index: 90.2924 17.4785 1109.55
Middle: 53.6626 -2.63338 1084.11
Ring: 55.5706 88.765 1140.33
Little: 19.4562 74.4887 1096.19
Thumb: 164.43 99.5331 1111.04
Index: 92.422 21.2207 1108.84
Middle: 54.7011 -3.17381 1084.56
Ring: 56.326 89.5338 1140.33
Little: 20.1936 74.2958 1095.83
Thumb: 164.448 99.9123 1112.08
Index: 91.6277 20.6635 1109.28
Middle: 54.2968 -3.37649 1086.46
Ring: 55.2296 89.0383 1140.79
Little: 24.2053 91.1392 1102.86
Thumb: 165.498 98.5471 1114.27
Index: 90.2074 20.4752 1109.72
Middle: 52.6864 -3.44822 1082
Ring: 53.8166 88.7904 1156.4
Little: 25.4581 95.9769 1102.16
Thumb: 164.594 99.0927 1113.73
Index: 87.4913 23.4959 1109.34
Middle: 49.2144 0.870462 1082.56
Ring: 52.7572 91.2445 1158.82
Little: 23.563 98.0146 1117.53
Thumb: 163.156 97.2167 1114.22
Index: 83.1882 23.2452 1105.21
Middle: 44.2821 3.56872 1082.9
Ring: 47.8284 84.0129 1162.16
Little: 22.6186 101.625 1115.8
Thumb: 160.875 95.5435 1115.07
Index: 79.0061 23.4526 1105.72
Middle: 39.9612 5.18147 1081.21
Ring: 50.7816 99.0955 1159.71
Little: 20.4496 104.001 1119.79
Thumb: 155.61 94.8387 1115.55
Index: 75.4399 25.5554 1104.68
Middle: 35.839 8.23183 1081.45
Ring: 50.142 104.21 1162.01
Little: 19.0846 108.014 1117.34
Thumb: 151.336 94.5209 1115.31
Index: 71.1543 28.1615 1108.97
Middle: 30.9895 10.4528 1080.37
Ring: 46.0231 103.891 1161.32
Little: 16.0574 111.13 1118.68
Thumb: 147.204 93.2473 1115.41
Index: 81.2326 61.5173 1105.24
Middle: 23.7179 11.9105 1080.41
Ring: 43.0771 107.483 1161.17
Little: 11.1893 110.766 1116.55
Thumb: 141.695 91.8049 1118.57
Index: 75.2982 62.3556 1105.98
Middle: 17.1433 14.9774 1079.97
Ring: 31.8619 101.359 1162.38
Little: 7.64264 117.218 1117.84
Thumb: 133.947 92.1589 1121.5
Index: 68.4911 62.8432 1108.18
Middle: 11.1908 14.7672 1081.58
Ring: 17.195 89.7613 1161.22
Little: -8.39396 103.204 1133.6
Thumb: 123.911 92.8295 1123.12
Index: 61.4865 62.6658 1109.46
Middle: 4.6428 14.6138 1080.51
Ring: 8.68903 87.6468 1161.28
Little: -15.8664 102.274 1133.74
Thumb: 112.912 93.9093 1125.5
Index: 55.337 63.8554 1108.64
Middle: -1.23588 16.0546 1080.1
Ring: -1.06149 81.4532 1158.87
Little: -21.1065 105.585 1134.45
Thumb: 105.357 94.7078 1125.65
Index: 49.2034 64.2497 1110.83
Middle: -8.14719 16.6028 1081.82
Ring: -3.3032 89.9964 1162.72
Little: -24.2326 113.354 1139.55
Thumb: 99.6521 95.5881 1128.45
Index: 42.557 65.6504 1114.85
Middle: -13.8795 18.1152 1084.94
Ring: -12.7319 89.9725 1163.94
Little: -30.8148 118.285 1140.54
Thumb: 94.4397 94.8168 1129.83
Index: 37.2245 66.3005 1117.08
Middle: -21.3096 20.59 1089.84
Ring: -14.1906 94.984 1167.34
Little: -34.4943 117.847 1144.47
Thumb: 87.7431 95.5159 1131.06
Index: 31.5342 66.3552 1119.59
Middle: -26.8549 19.4844 1093.51
Ring: -20.5881 93.7086 1169.6
Little: -34.6216 60.7513 1091.7
Thumb: 85.3915 94.5584 1130.23
Index: 17.8568 49.9313 1126.31
Middle: -31.5978 18.3931 1095.5
Ring: -15.1892 117.494 1172.95
Little: -38.7834 58.8662 1094.17
Thumb: 81.9812 96.1468 1138.07
Index: -2.97219 26.3053 1131.58
Middle: -33.7041 16.7615 1097.7
Ring: -26.7918 118.488 1172.58
Little: -44.4224 58.4035 1093.06
Thumb: 68.4149 96.616 1161.72
Index: -21.2589 25.2442 1137.44
Middle: -36.4577 16.5085 1099.6
Ring: -48.6985 119.165 1168.07
Little: -46.1975 59.7376 1085.52
Thumb: 31.7771 115.244 1192.21
Index: -38.7541 76.3446 1148.66
Middle: -38.452 16.4074 1106.75
Ring: -78.0847 102.985 1136.38
Little: -42.2747 56.6497 1076.88
Thumb: 56.5071 138.884 1214.83
Index: -46.5863 42.5842 1115.23
Middle: -43.4364 21.3966 1105.47
Ring: -40.7221 31.0481 1102.4
Little: -35.135 55.1431 1067.59
Thumb: 57.4814 172.911 1222.57
Index: -53.4177 40.6096 1137.28
Middle: -48.6326 24.9684 1112.8
Ring: -40.5542 32.3588 1105.8
Little: -39.5641 58.4169 1070.56
Thumb: 50.4284 188.737 1227.04
Index: -61.252 42.3753 1147.64
Middle: -54.2372 27.1649 1117.03
Ring: -44.2931 33.4641 1109.46
Little: -39.9481 58.8345 1074.6
Thumb: 50.5543 240.117 1211.27
Index: -65.7885 41.9517 1150.43
Middle: -58.3477 27.3095 1118.96
Ring: -49.7773 34.2544 1110.93
Little: -43.1273 59.5407 1077.11
Thumb: 53.7934 232.367 1208.04
Index: -73.9427 47.8638 1150.9
Middle: -61.5853 28.3387 1118.01
Ring: -52.8822 35.0145 1110.06
Little: -43.8806 59.2721 1077.19
Thumb: -77.9081 161.646 1183.34
Index: -80.2317 53.7562 1150.41
Middle: -63.1927 28.8742 1116.88
Ring: -59.9643 37.9227 1100.96
Little: -40.665 58.2752 1082.35
Thumb: -82.051 169.411 1180.9
Index: -84.308 61.4876 1145.36
Middle: -63.6592 34.4264 1112.43
Ring: -52.9463 39.9249 1091.8
Little: -37.3925 61.8837 1087.96
Thumb: -88.7547 175.926 1172.83
Index: -92.1596 70.7379 1141.01
Middle: -65.2985 37.7914 1111.62
Ring: -50.5532 41.8378 1092.3
Little: -37.9176 65.5901 1089.4
Thumb: -121.555 160.685 1155.86
Index: -95.4815 56.3013 1089.42
Middle: -69.3108 31.6753 1098.29
Ring: -49.1669 38.5504 1086.14
Little: -30.2095 64.2291 1074.82
Thumb: -121.844 164.9 1145.03
Index: -107.847 49.9214 1105.23
Middle: -75.8558 28.2008 1106.5
Ring: -56.2122 34.1855 1091.83
Little: -35.1094 57.1029 1072.58
Thumb: -125.613 169.001 1135.22
Index: -111.145 51.8167 1099.56
Middle: -79.9456 29.4695 1104.67
Ring: -57.1754 55.6014 1079.83
Little: -36.3832 57.1589 1071.52
Thumb: -128.805 173.807 1126.52
Index: -114.122 57.6354 1084.11
Middle: -80.7342 29.4275 1106.16
Ring: -57.6704 52.4709 1079.31
Little: -36.2572 55.1508 1074.46
Thumb: -129.124 176.251 1119.82
Index: -115.645 58.9643 1081.67
Middle: -82.1132 30.8712 1108.91
Ring: -58.5362 53.1334 1079.7
Little: -36.4861 52.2068 1083.96
Thumb: -133.762 175.663 1110.9
Index: -115.669 61.9955 1069.55
Middle: -82.6192 30.5102 1109.06
Ring: -57.3186 54.7713 1078.61
Little: -36.4044 52.7744 1084.18
Thumb: -135.06 174.899 1103.9
Index: -114.735 67.0313 1060.1
Middle: -84.3726 30.8574 1108.43
Ring: -44.6957 86.7846 1078
Little: -36.9773 52.542 1087.63
Thumb: -136.692 175.089 1096.34
Index: -113.427 69.6234 1052.35
Middle: -85.8322 30.2099 1109.89
Ring: -44.5516 85.1116 1078.19
Little: -37.1823 50.9948 1093.59
Thumb: -135.803 176.155 1089.23
Index: -111.985 71.8579 1048.08
Middle: -86.9787 30.6073 1112.79
Ring: -44.7891 84.4143 1078.4
Little: -15.5162 87.8113 1033.28
Thumb: -136.712 177.392 1083.8
Index: -104.409 84.6549 1032.27
Middle: -88.096 30.5394 1108.44
Ring: -59.0328 48.1791 1082.98
Little: -11.074 89.0814 1033.23
Thumb: -137.317 179.544 1079
Index: -98.9233 94.9217 1027.97
Middle: -87.5951 29.8056 1101.43
Ring: -57.9627 48.0946 1080.7
Little: -10.2815 88.8275 1032.51
Thumb: -137.441 180.706 1074.98
Index: -98.3868 94.5766 1024.26
Middle: -89.5392 30.2449 1098.46
Ring: -59.0693 48.5975 1078.02
Little: -9.23099 88.9913 1031.29
Thumb: -136.865 180.99 1068.62
Index: -95.7183 93.9782 1018.62
Middle: -90.8693 30.1783 1096.16
Ring: -59.954 46.7405 1078.25
Little: -8.29297 85.8908 1031.13
Thumb: -137.442 182.558 1064.79
Index: -90.4145 101.321 1012.8
Middle: -91.0983 30.0779 1091.93
Ring: -35.7527 96.1814 1008.16
Little: -9.87351 81.8864 1030.03
Thumb: -137.031 182.452 1060.75
Index: -88.7346 100.518 1009.12
Middle: -89.8617 30.4718 1085.04
Ring: -34.3881 93.7893 1004.24
Little: -9.66335 81.1688 1029.32
Thumb: -136.147 184.123 1060.17
Index: -90.6549 95.2379 1007.85
Middle: -89.9713 30.7921 1084.65
Ring: -34.3959 93.2362 1002.74
Little: -4.19659 86.9252 1026.3
Thumb: -136.326 183.924 1058.62
Index: -90.2107 96.4271 1006.07
Middle: -89.6458 30.6836 1079.44
Ring: -34.4176 93.4045 1000.85
Little: -5.00391 86.1134 1024.41
Thumb: -135.837 184.046 1061.15
Index: -90.1664 95.916 1004.08
Middle: -89.3298 32.1831 1078.03
Ring: -35.8828 90.4324 999.85
Little: -5.42622 85.4897 1022.93
Thumb: -135.14 183.575 1058.19
Index: -88.9811 96.7261 1002.83
Middle: -88.0391 31.7458 1079.03
Ring: -33.8295 93.6117 997.838
Little: -5.26394 85.4868 1021.73
Thumb: -135.601 184.291 1057.21
Index: -88.7617 97.3112 1003.03
Middle: -86.8519 31.4127 1079.07
Ring: -33.7976 93.5892 997.197
Little: -5.01538 85.6247 1020.86
Thumb: -134.669 185.874 1058.11
Index: -87.4346 96.5673 1002.3
Middle: -85.7293 31.9426 1083.17
Ring: -31.7371 93.6658 996.929
Little: -2.51918 86.2588 1020.47
Thumb: -135.92 183.539 1059.37
Index: -86.8792 95.2793 1003.76
Middle: -82.7557 31.3832 1085.55
Ring: -31.2075 94.3665 997.566
Little: 0.0595362 89.7178 1020.39
Thumb: -134.279 182.322 1062.47
Index: -86.1645 93.9484 1005.91
Middle: -78.3713 32.3822 1087.03
Ring: -29.9903 95.5533 998.327
Little: 0.738921 90.1498 1020.73
Thumb: -134.593 179.949 1062.6
Index: -84.6716 95.4643 1007.96
Middle: -75.2829 31.1249 1091.53
Ring: -29.102 96.4765 999.999
Little: 2.98433 92.6234 1021.8
Thumb: -135.61 177.415 1067.43
Index: -83.3028 90.5867 1011.86
Middle: -71.5686 31.2394 1098.44
Ring: -24.1618 99.52 1002.73
Little: 4.42138 91.8604 1024.42
Thumb: -136.196 175.323 1069.89
Index: -83.1237 88.5277 1015.83
Middle: -66.5222 29.2153 1101.07
Ring: -23.5611 100.539 1004.44
Little: 5.00865 92.1957 1024.88
Thumb: -135.584 173.081 1073.6
Index: -81.0129 85.7008 1017.84
Middle: -61.7683 26.9559 1103.62
Ring: -22.4784 97.3318 1005.33
Little: 10.3567 96.0793 1025.12
Thumb: -133.751 169.93 1077.24
Index: -78.4942 80.8719 1021.68
Middle: -56.3226 25.7601 1103.94
Ring: -19.966 97.1079 1006.14
Little: 12.0898 94.7798 1026
Thumb: -130.896 167.435 1079.73
Index: -72.9297 82.4454 1021.05
Middle: -50.5875 24.7699 1106.94
Ring: -15.9193 96.9579 1007.65
Little: 15.8413 94.0839 1027.43
Thumb: -122.458 166.584 1084.14
Index: -65.328 84.3957 1022.24
Middle: -47.8304 22.1059 1107.37
Ring: -7.25374 98.5256 1010.16
Little: 22.2527 90.6024 1029.88
Thumb: -120.019 161.676 1085.9
Index: -60.0219 82.4009 1024.83
Middle: -40.4373 18.0982 1104.81
Ring: -2.48345 94.9865 1011.44
Little: 27.4545 88.7236 1031.64
Thumb: -110.667 158.963 1086.36
Index: -52.6482 83.486 1023.65
Middle: -32.0575 15.9879 1105.66
Ring: 2.5022 89.8053 1012.67
Little: 34.5799 87.0437 1032.92
Thumb: -108.145 153.519 1087.94
Index: -50.0008 71.8598 1026.91
Middle: -24.2294 14.3144 1107.2
Ring: 5.75732 88.9542 1013.27
Little: 37.9603 86.4794 1032.9
Thumb: -102.319 149.138 1087
Index: -40.6122 78.1355 1024.88
Middle: -15.5296 12.6939 1104.23
Ring: 15.2007 89.7531 1014.02
Little: 46.0955 85.9755 1033.86
Thumb: -100.65 145.758 1087.08
Index: -32.8239 75.9921 1025.91
Middle: -7.76329 10.3737 1105.84
Ring: 21.986 87.1676 1014.6
Little: 53.3943 86.0981 1034.77
Thumb: -92.966 144.239 1087.45
Index: -26.8012 71.9389 1026.04
Middle: -1.57985 9.88514 1107.36
Ring: 30.6089 90.7358 1014.59
Little: 59.6951 84.0511 1034.83
Thumb: -89.8004 141.421 1086.64
Index: -23.0409 60.778 1027.42
Middle: 5.81935 9.49079 1105.37
Ring: 33.1255 91.1527 1013.4
Little: 65.1997 88.0238 1033.52
Thumb: -88.3617 142.071 1087.88
Index: -14.378 66.3463 1024.61
Middle: 14.5572 8.16628 1103.27
Ring: 40.6175 87.8316 1012.34
Little: 72.716 89.8373 1032.17
Thumb: -85.1622 143.721 1091.51
Index: -9.12846 64.4663 1025.91
Middle: 22.4254 8.84484 1103.61
Ring: 44.3772 90.5825 1012.75
Little: 76.3044 88.7057 1032.46
Thumb: -78.134 142.725 1092.22
Index: -2.92537 62.3432 1025.51
Middle: 27.5471 8.90462 1102.16
Ring: 49.8156 84.4419 1013.15
Little: 82.6261 89.2079 1032.84
Thumb: -73.0934 142.858 1094.4
Index: 2.00597 63.301 1027.32
Middle: 34.421 8.60878 1105
Ring: 54.4468 83.8766 1014.65
Little: 88.1726 91.2338 1033.3
Thumb: -65.1256 144.333 1093.75
Index: 7.71164 67.7908 1028.07
Middle: 39.3506 8.03733 1104.23
Ring: 60.1992 81.9678 1015.24
Little: 93.9554 88.1267 1033.65
Thumb: -59.3326 146.754 1092.14
Index: 15.0028 67.5686 1026.34
Middle: 47.1849 12.2686 1092.29
Ring: 67.0955 83.7392 1014.11
Little: 100.589 89.4539 1033.27
Thumb: -54.9756 149.169 1096.37
Index: 18.446 66.654 1026.68
Middle: 48.9508 11.7517 1091.74
Ring: 71.8304 82.3526 1014.89
Little: 103.257 82.4484 1035.34
Thumb: -49.9179 150.659 1101.1
Index: 16.4332 70.6608 1029.62
Middle: 48.3589 6.4471 1110.22
Ring: 69.2484 81.7394 1015.91
Little: 102.784 82.8789 1034.06
Thumb: -47.5535 152.353 1110.22
Index: 11.8942 63.2745 1036.89
Middle: 46.1822 8.263 1109.91
Ring: 62.4794 85.0426 1016.96
Little: 97.5729 85.4145 1032
Thumb: -42.2108 154.065 1123.17
Index: 8.83046 57.7147 1046.6
Middle: 38.1976 11.0192 1112.03
Ring: 48.2088 22.8297 1109.08
Little: 93.3388 85.4704 1031.46
Thumb: -36.0306 159.201 1130.08
Index: 4.45502 49.4326 1066.68
Middle: 34.1506 14.4995 1115.44
Ring: 52.2923 27.4574 1090.3
Little: 84.5695 89.5688 1029.55
Thumb: -31.2665 162.773 1142.4
Index: 9.76154 58.1783 1064.04
Middle: 30.5527 19.6109 1119.47
Ring: 45.9894 32.3188 1091.81
Little: 76.3344 69.7445 1050.58
Thumb: -19.8085 166.581 1151.46
Index: 8.7952 59.7721 1079.78
Middle: 29.1091 27.2205 1126.01
Ring: 38.8329 36.6358 1097.83
Little: 68.3774 80.2032 1049.38
Thumb: -14.1764 166.8 1155.64
Index: 40.0533 43.3715 1112.6
Middle: 30.2481 31.7712 1131.13
Ring: 34.281 39.443 1097.85
Little: 63.763 83.8528 1051.68
Thumb: -11.2552 167.596 1164.1
Index: 42.2126 42.5612 1114.36
Middle: 35.346 30.1481 1131.95
Ring: 34.2472 38.1051 1103.99
Little: 82.1941 102.406 1053.25
Thumb: -6.6291 166.569 1169.7
Index: 34.7064 52.5275 1111.43
Middle: 37.1719 30.9528 1132.17
Ring: 32.9565 40.0081 1102.91
Little: 80.3791 103.984 1052.99
Thumb: 1.80953 168.242 1176.22
Index: 35.0398 54.9815 1111.33
Middle: 38.1941 31.1736 1130.2
Ring: 34.218 40.2704 1105.75
Little: 75.1926 104.191 1050.03
Thumb: 12.4845 170.899 1184.32
Index: 36.0017 57.4014 1112.14
Middle: 39.8464 34.3916 1133.43
Ring: 33.8087 43.0953 1105.32
Little: 52.7733 101.196 1043.36
Thumb: 24.1064 173.788 1186.72
Index: 35.074 59.2766 1109.23
Middle: 38.7634 36.1721 1131.9
Ring: 33.9549 45.5456 1108.79
Little: 68.5878 106.493 1044.73
Thumb: 34.1245 174.797 1187.35
Index: 33.167 61.0063 1112.63
Middle: 38.7044 38.9118 1129.79
Ring: 32.901 49.6095 1108.93
Little: 68.6985 110.186 1041.13
Thumb: 40.995 173.017 1187.1
Index: 35.3828 58.517 1114.47
Middle: 38.8436 39.7453 1129.09
Ring: 24.5094 59.2265 1102.91
Little: 68.5974 111.045 1039.78
Thumb: 43.7602 172.06 1188.38
Index: 35.7844 60.3959 1115.15
Middle: 38.3418 40.4795 1129.81
Ring: 23.8426 59.8379 1104.44
Little: 67.2597 110.888 1041
Thumb: 46.2252 171.335 1189.01
Index: 35.568 59.3615 1116.77
Middle: 37.8901 40.2456 1130.93
Ring: 23.9788 57.2522 1107.18
Little: 67.1975 111.311 1040.28
Thumb: 47.4044 170.22 1190.19
Index: 35.4417 61.9654 1118.97
Middle: 39.2031 40.8618 1132.79
Ring: 24.5845 57.8526 1109.2
Little: 67.8431 111.946 1041.93
Thumb: 47.429 168.381 1189.1
Index: 29.0748 64.3394 1116.66
Middle: 39.5613 41.8387 1133.74
Ring: 24.8415 58.1441 1110.21
Little: 67.9136 113.014 1041.85
Thumb: 47.5605 167.18 1189.26
Index: 30.794 60.5688 1115.36
Middle: 39.5005 41.13 1135.66
Ring: 21.9384 58.9105 1109.09
Little: 66.7884 111.515 1042.02
Thumb: 43.7762 165.03 1189.58
Index: 26.7917 62.7785 1114.65
Middle: 37.4606 41.1544 1137.02
Ring: 20.8522 58.4446 1109.5
Little: 66.1657 110.471 1043.82
Thumb: 42.253 164.12 1189.01
Index: 25.5848 63.2568 1113.84
Middle: 36.0341 41.4203 1137.23
Ring: 20.1463 58.0095 1109.63
Little: 65.7768 110.144 1043.88
Thumb: 37.6455 161.301 1188.03
Index: 23.9498 64.3522 1115.66
Middle: 33.2632 41.3461 1136.64
Ring: 17.7669 58.5238 1109.47
Little: 64.5914 109.449 1045.62
Thumb: 34.1832 159.758 1185.84
Index: 20.6434 64.9103 1117.03
Middle: 30.0321 41.6456 1137.88
Ring: 13.7813 60.8672 1107.65
Little: 62.75 107.586 1045.77
Thumb: 28.0851 155.705 1185.07
Index: 16.2426 66.7272 1115.62
Middle: 24.4966 40.7931 1136.67
Ring: 10.8393 59.1015 1107.84
Little: 63.3939 106.255 1047.86
Thumb: 20.3504 152.7 1183.27
Index: 16.1839 66.2452 1113.78
Middle: 21.7624 40.158 1138.39
Ring: 7.89327 61.3376 1104.85
Little: 63.667 104.737 1049.83
Thumb: 15.1666 149.206 1179.55
Index: 15.7694 66.0534 1114
Middle: 19.2254 40.8517 1138.17
Ring: 6.96463 60.1296 1105.21
Little: 63.077 103.666 1050.82
Thumb: 7.4764 146.537 1175.79
Index: 13.0247 65.9763 1114.17
Middle: 17.0595 41.0466 1140.57
Ring: 3.28366 61.2665 1103.57
Little: 61.1566 104.091 1051.57
Thumb: 3.07275 143.86 1172.65
Index: 10.1574 66.5319 1113.94
Middle: 17.6419 39.1255 1142.85
Ring: 3.19897 59.7478 1103.93
Little: 60.8847 102.789 1052.03
Thumb: -0.91655 139.704 1168.09
Index: 12.1271 57.022 1117.12
Middle: 15.5999 39.176 1146.28
Ring: 2.09846 56.8979 1106.76
Little: 59.6346 99.8113 1052.09
Thumb: -6.07538 136.197 1165.55
Index: 16.648 50.7447 1121.39
Middle: 12.9398 38.0202 1141.98
Ring: 6.04979 47.5769 1112.86
Little: 58.7275 97.09 1052.79
Thumb: -13.1913 129.924 1163.29
Index: 14.9692 50.731 1118.01
Middle: 3.47103 42.3129 1138.63
Ring: 9.42508 40.4543 1115.26
Little: 56.8289 95.8669 1053.2
Thumb: -16.0046 125.615 1159.09
Index: 14.3387 51.8532 1116.78
Middle: -0.485847 44.8143 1133.17
Ring: 9.72188 37.8707 1115.88
Little: 52.5378 95.6549 1050.56
Thumb: -17.7545 121.199 1154.44
Index: 17.5566 36.4131 1116.86
Middle: -3.92694 45.0849 1131.83
Ring: 7.51177 37.9108 1115.5
Little: 49.5313 95.2543 1048.77
Thumb: -19.325 117.282 1150.73
Index: 16.5789 36.4191 1112.01
Middle: -10.672 43.0629 1124.55
Ring: 7.12704 36.9443 1110.35
Little: 47.6761 95.6299 1045.49
Thumb: -17.4155 116.13 1146.91
Index: 15.2034 35.5443 1110.21
Middle: -12.8164 42.5666 1124.52
Ring: 5.81409 36.588 1110.07
Little: 45.8728 94.9798 1042.25
Thumb: -18.5097 115.531 1144.05
Index: 10.9268 37.4819 1110.55
Middle: -13.6425 44.7161 1125.63
Ring: 0.148003 39.9552 1107.83
Little: 44.8597 94.9843 1041.69
Thumb: -22.4674 114.605 1142.55
Index: 5.05262 40.1054 1113.67
Middle: -18.1369 48.4927 1125.96
Ring: -4.80289 41.5303 1109.66
Little: 42.802 93.2962 1044.47
Thumb: -24.11 115.736 1141.27
Index: 0.201005 41.351 1115.45
Middle: -24.187 61.1759 1115.93
Ring: -8.52916 41.3246 1112.64
Little: 41.2779 91.2055 1044.23
Thumb: -22.7298 118.203 1141.36
Index: -2.3111 46.5614 1124.46
Middle: -28.6014 69.6891 1117.14
Ring: -13.2569 49.1186 1117.31
Little: 44.515 91.7569 1047.44
Thumb: -26.0478 116.439 1137.44
Index: -9.1749 50.1925 1125.86
Middle: -27.4202 75.7579 1115.87
Ring: -18.8202 50.9045 1118.72
Little: 40.981 89.2291 1048.93
Thumb: -27.3012 116.414 1137.57
Index: -38.3724 90.9888 1127.9
Middle: -29.4988 74.679 1121.43
Ring: -23.7851 50.1335 1122.98
Little: 36.695 87.7465 1048.64
Thumb: -30.2079 114.112 1135.93
Index: -41.4361 93.6388 1124.57
Middle: -33.598 75.7386 1118.06
Ring: -30.1042 51.4266 1118.42
Little: 34.7545 85.8366 1049.73
Thumb: -33.2097 112.331 1131.96
Index: -50.8218 90.2941 1122.8
Middle: -42.927 76.953 1112.75
Ring: -34.6025 53.0222 1115.92
Little: 32.297 86.4163 1049.92
Thumb: -35.2329 113.524 1134.79
Index: -54.1236 87.5286 1123.1
Middle: -51.525 59.3573 1117.84
Ring: -38.0568 53.3664 1117.69
Little: 22.3352 89.7901 1039.87
Thumb: -37.051 113.27 1130.99
Index: -51.8631 95.0252 1119.05
Middle: -55.4757 61.5325 1119
Ring: -42.1934 55.9337 1117.95
Little: 13.9273 91.8644 1030.45
Thumb: -38.3764 114.128 1129.34
Index: -57.6914 86.2096 1120.24
Middle: -55.9648 61.8117 1116.79
Ring: -41.8757 54.7281 1116.49
Little: 14.4491 92.0009 1030.24
Thumb: -39.2858 113.23 1127.39
Index: -54.6667 93.2845 1117.3
Middle: -57.3558 61.0744 1118.9
Ring: -43.4812 55.493 1116.58
Little: 14.8794 92.3871 1030.36
Thumb: -41.4774 113.635 1127.69
Index: -55.2857 93.8971 1116.08
Middle: -56.9925 59.1402 1117.48
Ring: -42.8764 53.5996 1114.91
Little: 9.73529 92.8661 1026.54
Thumb: -44.3288 114.213 1129.82
Index: -56.2276 93.2052 1115.61
Middle: -59.344 56.4459 1115.59
Ring: -43.8048 52.7719 1115.18
Little: 4.19882 91.3254 1025.34
Thumb: -46.36 116.944 1135.6
Index: -56.727 88.2536 1113.96
Middle: -59.9815 54.6317 1115.13
Ring: -44.0974 50.6102 1112.1
Little: 7.26323 94.1179 1026.19
Thumb: -48.4932 120.685 1141.67
Index: -54.4081 83.3337 1112.89
Middle: -55.5533 49.9028 1113.61
Ring: -43.5598 49.5582 1108.43
Little: 1.57527 93.6652 1023.09
Thumb: -48.7296 125.083 1144.03
Index: -50.2326 79.7232 1110.22
Middle: -42.3556 71.1736 1099.18
Ring: -40.643 50.5378 1100.17
Little: -1.81255 98.1315 1018.76
Thumb: -49.5885 128.624 1144.07
Index: -45.1814 76.4755 1106.23
Middle: -42.2469 70.7774 1094.07
Ring: -38.6915 53.4083 1091.52
Little: -2.44411 102.554 1015.12
Thumb: -50.587 133.116 1147.18
Index: -43.2123 69.0069 1099.45
Middle: -40.3473 67.1933 1094.65
Ring: -36.1765 57.2696 1085.22
Little: -2.21957 101.716 1014.13
Thumb: -50.2466 137.369 1147.94
Index: -40.7448 57.4647 1097.56
Middle: -37.8574 62.905 1091.08
Ring: -34.9724 54.6327 1084.16
Little: -7.55228 99.0617 1012.11
Thumb: -51.0118 141.292 1149.34
Index: -40.2545 58.708 1095.95
Middle: -33.0821 58.1187 1092.52
Ring: -35.7147 53.0309 1082.9
Little: -4.70236 99.209 1010.53
Thumb: -52.773 142.094 1147.88
Index: -37.9126 52.8027 1094.08
Middle: -32.282 51.3394 1092.27
Ring: -35.0179 53.3049 1080.82
Little: -4.84104 97.9365 1009.65
Thumb: -54.581 143.734 1150.29
Index: -34.3125 44.3243 1090.97
Middle: -31.6157 50.2183 1088.67
Ring: -34.5032 48.4205 1080.67
Little: -7.71334 97.7022 1008.53
Thumb: -56.3027 146.673 1150.37
Index: -34.5502 46.558 1090.07
Middle: -29.0267 48.2779 1087.85
Ring: -30.97 43.1851 1080.57
Little: -7.83722 94.9851 1008.32
Thumb: -56.7728 148.92 1150.28
Index: -34.1236 46.0653 1091.02
Middle: -26.3288 44.5661 1085.32
Ring: -29.1017 41.3533 1077.47
Little: -5.99676 96.6327 1008.3
Thumb: -59.6343 150.214 1147.25
Index: -28.5279 43.2562 1090.09
Middle: -21.7596 57.209 1077.86
Ring: -22.2409 36.3638 1075.68
Little: -3.98949 96.7244 1008.49
Thumb: -61.4952 152.233 1145.49
Index: -22.5421 39.8945 1093.69
Middle: -17.203 55.3306 1076.59
Ring: -14.6136 31.5158 1075.5
Little: -0.524324 96.3719 1010.07
Thumb: -68.3846 153.588 1138.8
Index: -16.7165 37.3123 1096.47
Middle: -15.5456 48.5112 1081.12
Ring: -5.60716 27.6204 1075.45
Little: 6.66729 96.9622 1012.03
Thumb: -77.7545 157.055 1133.01
Index: -11.9141 36.2282 1100.51
Middle: -11.4194 24.5138 1090.9
Ring: 2.49924 27.3274 1079.1
Little: 17.8152 95.2068 1016.69
Thumb: -85.4611 160.474 1124.05
Index: -8.68407 38.664 1105.9
Middle: -11.3566 29.2469 1092.49
Ring: 7.36038 25.7076 1085.34
Little: 25.6112 93.9144 1021.28
Thumb: -90.3544 161.394 1113.38
Index: -7.65781 38.9964 1108.3
Middle: -7.08079 26.4927 1098.44
Ring: 8.57372 30.0397 1084.41
Little: 33.8837 94.6641 1028.83
Thumb: -89.6907 164.234 1105.86
Index: -9.02685 40.8827 1110.11
Middle: -7.87137 29.7895 1099.39
Ring: 10.8165 32.3564 1085.84
Little: 41.0205 94.1336 1036.22
Thumb: -92.039 163.844 1100.62
Index: -9.6002 39.842 1112.45
Middle: -7.68036 28.8658 1099.47
Ring: 13.6755 27.2969 1094.46
Little: 44.5857 93.6139 1046.53
Thumb: -92.2994 160.714 1093.64
Index: -41.5725 70.2066 1055.29
Middle: -12.4082 30.3376 1099.09
Ring: 10.2777 47.0235 1088.98
Little: 45.6176 91.2414 1057.97
Thumb: -91.1477 155.705 1088.24
Index: -40.7412 70.8594 1052.46
Middle: -13.3839 29.6325 1097.67
Ring: 10.6071 46.6295 1090.8
Little: 43.883 85.296 1057.23
Thumb: -91.6093 155.084 1089.6
Index: -39.1468 70.295 1049.76
Middle: -12.9713 28.1209 1094.8
Ring: 11.1277 43.1018 1090.62
Little: 46.7383 86.8159 1057.39
Thumb: -89.2145 150.899 1086.06
Index: -41.3766 66.7045 1049.43
Middle: -15.899 18.9463 1094.77
Ring: 10.0417 42.9842 1088.65
Little: 45.6574 81.2842 1057.02
Thumb: -85.397 142.908 1079.95
Index: -40.6328 64.2301 1045.47
Middle: -16.5562 14.1572 1091.69
Ring: 12.8548 88.6935 1051.03
Little: 45.8962 79.8194 1054.62
Thumb: -80.3734 135.683 1070.25
Index: -41.2919 66.3319 1040.75
Middle: -18.4542 12.3471 1084.73
Ring: 11.4911 83.1959 1039.16
Little: 43.7725 75.7516 1043.76
Thumb: -73.7914 131.976 1058.25
Index: -43.784 60.25 1040.86
Middle: -20.3498 9.49659 1075.23
Ring: 4.31302 76.5479 1027.73
Little: 41.3547 74.0831 1037.88
Thumb: -68.5175 128.06 1049.2
Index: -46.4515 45.505 1043.94
Middle: -18.3399 10.0764 1064.07
Ring: 6.75798 79.3406 1025.2
Little: 13.0377 31.2403 1072.5
Thumb: -66.3935 126.392 1041.63
Index: -46.6284 45.0868 1039.79
Middle: -17.9484 10.3475 1057.89
Ring: 7.01852 78.0531 1015.66
Little: 13.3083 32.2001 1065.5
Thumb: -39.3941 104.673 1028.65
Index: -48.3004 37.9237 1041.4
Middle: -19.0849 14.6509 1049.6
Ring: 2.22996 75.8395 1011.85
Little: 13.8513 33.7238 1058.35
Thumb: -37.602 105.321 1027.64
Index: -48.799 39.4422 1039.65
Middle: -19.9292 16.7916 1046.39
Ring: 3.70636 75.0019 1010.95
Little: 14.4536 36.3923 1055.08
Thumb: -37.2785 105.98 1025.76
Index: -49.9337 38.8953 1039.33
Middle: -21.2132 18.2201 1042.53
Ring: -0.716465 74.641 1008.44
Little: 11.9425 37.9807 1049.72
Thumb: -37.3643 107.875 1023.71
Index: -51.2193 41.7698 1035.86
Middle: -22.4217 21.0188 1037.86
Ring: -3.25365 76.4751 1006.07
Little: 10.5253 40.5606 1043.27
Thumb: -38.1972 105.808 1026.39
Index: -54.3639 47.5612 1039.17
Middle: -25.6587 22.2257 1037.69
Ring: -9.39742 78.3459 1005.99
Little: 8.27903 43.2024 1040.41
Thumb: -37.6397 105.296 1026.79
Index: -57.2038 51.4475 1037.69
Middle: -28.1349 24.4314 1036.43
Ring: -14.2134 78.7413 1005.24
Little: 5.55531 43.7262 1038.28
Thumb: -40.3893 103.089 1024.59
Index: -58.3716 52.2097 1032.71
Middle: -27.6719 23.3575 1034.69
Ring: -15.9619 78.8682 1003.04
Little: 4.98131 42.8159 1036.78
Thumb: -41.0152 102.585 1022.76
Index: -58.0756 57.895 1026.92
Middle: -26.8889 23.3026 1032.46
Ring: -14.3817 76.89 1001.93
Little: 4.29276 40.9527 1036.02
Thumb: -40.2635 101.341 1019.03
Index: -60.1143 62.3603 1022.68
Middle: -28.4509 22.0204 1030.34
Ring: -19.9904 76.6372 999.686
Little: 1.62893 39.4109 1034.93
Thumb: -42.2341 100.311 1016.84
Index: -61.865 66.5904 1019.83
Middle: -29.023 21.3896 1028.11
Ring: -16.8693 76.605 995.891
Little: 0.146728 37.9114 1033.89
Thumb: -42.8601 101.407 1015.85
Index: -63.5468 68.2151 1021.56
Middle: -32.6568 23.7426 1026.52
Ring: -20.3844 79.4168 994.778
Little: -3.33221 35.2912 1036.87
Thumb: -43.7745 101.861 1017.12
Index: -62.8539 69.5019 1024.68
Middle: -34.5496 24.2006 1030.16
Ring: -22.4199 81.4375 996.095
Little: -5.52862 37.2495 1037.67
Thumb: -43.9084 101.355 1016.05
Index: -61.852 68.321 1025.16
Middle: -33.4531 24.6433 1029.72
Ring: -21.6544 80.9314 994.48
Little: -6.62759 35.8295 1040.32
Thumb: -43.8964 101.244 1013.54
Index: -61.7293 65.916 1022.93
Middle: -32.7657 23.1084 1027.88
Ring: -21.5884 80.4999 991.861
Little: -7.01108 34.5554 1040.03
Thumb: -43.9439 101.684 1012.71
Index: -61.1228 63.4293 1022.54
Middle: -30.0812 22.2411 1026.09
Ring: -22.2943 81.9653 991.183
Little: -8.04097 34.5671 1040.54
Thumb: -44.1136 101.715 1012.74
Index: -60.8877 63.4226 1022.53
Middle: -30.1236 21.6123 1025.96
Ring: -22.0382 81.762 991.109
Little: -8.06366 34.5105 1040.67
Thumb: -45.1017 102.224 1013.01
Index: -61.9126 65.2493 1024.25
Middle: -31.4309 21.9775 1026.81
Ring: -23.4581 82.4538 991.138
Little: -9.29799 34.2737 1042.22
Thumb: -45.8339 102.052 1015.32
Index: -64.1498 64.3667 1028.03
Middle: -33.7164 21.0772 1032.35
Ring: -9.74234 9.98149 1039.86
Little: -12.1598 35.6482 1043.58
Thumb: -48.2229 103.184 1023.24
Index: -64.6935 62.6954 1035.01
Middle: -31.5569 20.5728 1040.24
Ring: -9.22366 12.2918 1041.52
Little: 22.1699 93.4741 1047.09
Thumb: -52.7304 105.347 1029.63
Index: -65.9077 66.0558 1042.05
Middle: -33.2285 18.6151 1049.04
Ring: -12.5969 12.8912 1046.57
Little: 21.6735 89.9433 1055.22
Thumb: -65.225 109.02 1043.46
Index: -67.2075 59.5536 1054.97
Middle: -36.4318 34.185 1054.99
Ring: -15.0659 13.9844 1052.52
Little: 20.7084 89.2473 1062.41
Thumb: -68.2408 111.907 1057.76
Index: -68.2779 56.8298 1071.35
Middle: -40.5089 32.2823 1067.36
Ring: -21.626 16.3358 1061.33
Little: 14.9359 102.407 1057.1
Thumb: -73.1163 115.899 1071.54
Index: -70.2656 56.5727 1089.05
Middle: -50.69 34.8238 1078.31
Ring: -31.1586 9.58263 1086.95
Little: 12.197 99.1484 1062.38
Thumb: -77.4858 121.254 1087.81
Index: -71.2813 56.3641 1110.64
Middle: -57.5524 38.4777 1096.89
Ring: -40.9664 13.8133 1105.9
Little: 8.3515 95.8557 1065.14
Thumb: -75.7828 127.272 1100.08
Index: -63.1479 63.2129 1137.06
Middle: -56.3752 42.8264 1123.12
Ring: -39.8611 24.017 1123.29
Little: 10.4087 95.8698 1069.93
Thumb: -76.3201 132.021 1108.78
Index: -59.7048 67.6568 1142.67
Middle: -52.9344 43.0105 1131.11
Ring: -39.5764 35.1105 1118.39
Little: 12.9386 97.249 1077.06
Thumb: -72.9133 138.93 1116.99
Index: -54.2501 70.7617 1153.24
Middle: -46.7065 47.056 1146.69
Ring: -35.3761 31.0035 1141.51
Little: 15.963 97.1258 1079.48
Thumb: -67.497 145.89 1120.25
Index: -48.6389 74.7473 1163.25
Middle: -40.5658 50.0676 1157.77
Ring: -27.8273 35.4192 1152.56
Little: 22.7352 99.1674 1093.84
Thumb: -62.762 151.668 1128.37
Index: -45.751 81.5176 1166.54
Middle: -36.3325 54.2006 1165.15
Ring: -20.5219 40.664 1163.56
Little: 24.8603 102.832 1097.04
Thumb: -60.2911 154.723 1133.12
Index: -41.8197 82.1229 1170.36
Middle: -29.8133 57.4148 1170.28
Ring: -15.5754 44.3037 1164.78
Little: 30.9718 104.676 1103.41
Thumb: -55.419 156.161 1135.27
Index: -38.8311 85.1789 1167.59
Middle: -24.9286 56.9886 1166.86
Ring: -9.61203 46.0004 1165.14
Little: 34.2451 107.078 1097.39
Thumb: -52.0733 158.118 1136.37
Index: -35.0328 84.3895 1166.28
Middle: -20.4177 58.7028 1161.9
Ring: -4.18275 46.0721 1165.17
Little: 37.7878 108.153 1095.01
Thumb: -47.8242 157.705 1134.14
Index: -30.7792 83.5807 1162.47
Middle: -16.0395 59.6072 1155.48
Ring: -1.0006 46.3291 1163.35
Little: 42.86 109.203 1096.48
Thumb: -45.528 155.67 1138.45
Index: -26.2904 79.4858 1156.43
Middle: -10.6527 56.1266 1149.54
Ring: 4.94871 43.5047 1156.29
Little: 46.8205 110.319 1092.51
Thumb: -43.7298 151.286 1137.42
Index: -19.0749 71.4439 1156.33
Middle: -4.67699 51.0384 1143.45
Ring: 11.143 39.0204 1148.63
Little: 48.9711 111.795 1086.44
Thumb: -40.0629 146.416 1141.59
Index: -7.14999 63.5376 1149.87
Middle: 2.47607 45.2418 1138.25
Ring: 21.962 31.5099 1136.32
Little: 48.3084 112.281 1071.88
Thumb: -37.1129 141.452 1140.48
Index: 2.71762 51.8402 1149.76
Middle: 7.58231 40.5723 1130.31
Ring: 28.153 26.6717 1126.89
Little: 53.5175 109.633 1071.74
Thumb: -34.8742 133.37 1139.16
Index: 5.69528 48.6695 1146.08
Middle: 11.6322 37.2794 1127.46
Ring: 32.2896 23.6735 1125.6
Little: 54.1523 107.202 1069.32
Thumb: -31.6493 127.607 1136.73
Index: 9.27094 45.9874 1143.24
Middle: 10.7523 34.9997 1127.21
Ring: 24.2823 26.9099 1121.54
Little: 53.1252 106.279 1060.39
Thumb: -25.1721 127.6 1136.51
Index: 8.85934 47.8549 1145.03
Middle: 6.77187 36.8987 1128.34
Ring: 15.7287 30.6012 1120.42
Little: 49.9215 101.937 1054.47
Thumb: -18.1061 125.506 1133.76
Index: 5.18957 55.1838 1147.19
Middle: -0.708361 44.8143 1138.47
Ring: 8.87969 37.6049 1121.13
Little: 46.2962 99.8083 1054.84
Thumb: -17.0928 124.836 1132.3
Index: -42.939 125.565 1086.85
Middle: -9.99922 50.8186 1144.96
Ring: 0.57192 41.2436 1127.45
Little: 42.4138 92.6261 1053.69
Thumb: -15.2567 121.738 1127.78
Index: -47.9663 107.984 1096.11
Middle: -13.5785 53.7097 1146.58
Ring: -4.13667 44.254 1128.6
Little: 40.7704 89.1126 1052.63
Thumb: -13.9809 120.36 1128.89
Index: -50.8538 102.601 1100
Middle: -15.4378 57.5452 1141.12
Ring: -7.48836 46.0386 1130.29
Little: 54.8238 85.6802 1068.9
Thumb: -13.4612 118.942 1128.7
Index: -35.9936 119.964 1093.96
Middle: -16.6271 56.468 1143.94
Ring: -8.21433 46.1497 1130.58
Little: 54.5021 84.2528 1069.24
Thumb: -12.0965 119.141 1130.85
Index: -34.5364 119.043 1096.83
Middle: -15.8717 57.1849 1150.09
Ring: -7.7975 48.1175 1133.32
Little: 54.1427 83.3331 1070.41
Thumb: -9.33566 121.22 1133.73
Index: -51.6838 101.014 1114.41
Middle: -17.3507 60.2806 1152.53
Ring: -8.42192 48.6289 1135.57
Little: 52.2305 82.82 1071.07
Thumb: -8.1493 123.031 1136.08
Index: -46.6991 109.198 1109.48
Middle: -20.1426 64.2742 1151.73
Ring: -9.80494 51.0112 1137.15
Little: 47.9171 86.1283 1052.01
Thumb: -8.9001 123.25 1135.08
Index: -43.2085 112.075 1107.3
Middle: -22.0228 65.5649 1150.21
Ring: -9.97332 51.4198 1140.49
Little: 47.9418 85.3146 1052.78
Thumb: -9.87923 122.671 1134.55
Index: -42.0306 113.474 1107.55
Middle: -24.6887 66.8881 1146.22
Ring: -11.8362 52.2642 1140.75
Little: 45.5083 84.6283 1052.18
Thumb: -12.2086 123.933 1135.94
Index: -47.8508 109.548 1108.72
Middle: -26.1967 69.7031 1138.43
Ring: -13.9214 52.3277 1140.13
Little: 43.8638 85.4266 1052.56
Thumb: -14.455 122.685 1136.23
Index: -44.7718 116.697 1104.39
Middle: -28.3894 72.8347 1133.88
Ring: -17.7672 51.5552 1137.91
Little: 40.0741 85.3092 1050.19
Thumb: -15.0007 122.9 1137.3
Index: -47.8261 113.638 1106.67
Middle: -28.2878 73.4837 1133.49
Ring: -18.5466 51.4892 1138.95
Little: 40.098 82.9727 1049.75
Thumb: -15.2389 122.839 1137.72
Index: -50.886 111.887 1107.64
Middle: -27.8025 74.6814 1133.11
Ring: -18.4469 50.903 1141.01
Little: 40.2442 80.7115 1049.59
Thumb: -14.6573 123.078 1138.53
Index: -50.5902 111.503 1107.86
Middle: -27.4528 74.9833 1132.88
Ring: -18.8114 51.6455 1139.44
Little: 40.2435 80.6236 1049.5
Thumb: -15.5528 123.033 1138.47
Index: -52.2496 110.922 1108.08
Middle: -27.5655 75.3216 1133.12
Ring: -18.5452 51.2931 1141.75
Little: 39.5783 80.2662 1049.56
Thumb: -15.3699 123.038 1138.64
Index: -52.3135 110.659 1108.39
Middle: -27.4203 75.086 1132.99
Ring: -18.5278 51.25 1141.71
Little: 39.4592 80.2456 1049.47
Thumb: -14.6814 123.519 1140.25
Index: -47.3554 116.453 1104.88
Middle: -27.5572 74.914 1133.37
Ring: -18.621 51.2412 1142.37
Little: 39.8289 80.4494 1049.96
Thumb: -15.7383 123.428 1140.49
Index: -47.0505 118.075 1105.34
Middle: -29.0182 75.4856 1133.47
Ring: -20.8008 52.4166 1141.92
Little: 38.5072 82.0585 1050.77
Thumb: -16.6393 126.384 1140.81
Index: -56.3642 113.459 1109.99
Middle: -29.4428 77.6803 1133.09
Ring: -21.8353 53.533 1140.79
Little: 37.2031 83.7077 1050.77
Thumb: -16.6359 131.238 1141.68
Index: -59.1342 115.778 1114
Middle: -32.2543 80.0128 1135.47
Ring: -22.1803 55.4749 1141.24
Little: 36.2253 83.5529 1050.35
Thumb: -18.1295 131.304 1144.23
Index: -61.227 117.855 1109.59
Middle: -30.6369 79.4664 1137.26
Ring: -21.9895 53.4792 1142.8
Little: 36.1917 85.2816 1051.83
Thumb: -18.3704 134.383 1148.85
Index: -57.7942 125.541 1103.73
Middle: -26.7935 74.4608 1148.91
Ring: -17.8713 54.2267 1143.62
Little: 35.9283 89.1125 1054.44
Thumb: -16.6581 136.892 1155.11
Index: -61.6541 117.573 1103.27
Middle: -23.8725 69.5419 1132.97
Ring: -13.179 46.9706 1140.68
Little: 14.0144 88.5341 1045.48
Thumb: -12.7351 141.169 1161.23
Index: -58.7398 127.132 1096.82
Middle: -21.1438 62.226 1138.7
Ring: -9.98107 43.3156 1135.75
Little: 12.3434 87.8073 1043.8
Thumb: -5.30767 143.783 1165.51
Index: -39.0919 142.847 1096.44
Middle: -16.3742 58.88 1134.93
Ring: -5.71997 41.6539 1135.51
Little: 31.9946 89.5357 1051.51
Thumb: 0.725483 144.928 1167.48
Index: -32.9988 150.724 1095.4
Middle: -13.4455 52.8883 1131.87
Ring: -1.59372 38.9534 1130.91
Little: 32.527 90.3142 1047.32
Thumb: 8.23363 146.472 1171.95
Index: -48.3604 138.427 1093.96
Middle: -4.51396 45.9608 1127.49
Ring: 3.92767 37.55 1129.7
Little: 31.3318 91.2234 1046
Thumb: 14.3648 146.087 1172
Index: -47.877 135.603 1098.13
Middle: 2.4657 36.2025 1138.16
Ring: 10.3013 35.8701 1133.21
Little: 8.07288 80.7656 1052.38
Thumb: 20.0436 143.695 1174.46
Index: 8.96793 53.6693 1155.83
Middle: 6.93891 32.1778 1135.02
Ring: 14.1936 32.5118 1131.51
Little: 42.0602 93.5514 1057.77
Thumb: 27.3686 142.629 1176.15
Index: 15.413 49.4838 1149.01
Middle: 0.73918 40.0596 1145.21
Ring: 15.3888 31.5271 1128.93
Little: 41.0075 94.1118 1056.37
Thumb: 32.2786 139.233 1176.41
Index: 20.9931 47.0307 1144.6
Middle: 8.05107 34.8356 1139.3
Ring: 18.8665 30.5083 1125.05
Little: 43.7837 99.324 1051.69
Thumb: 37.1364 138.007 1171.64
Index: 25.3621 46.1213 1138.4
Middle: 14.7034 30.6805 1124.18
Ring: 21.0191 32.2307 1122.16
Little: 45.1124 98.2718 1036.47
Thumb: 70.5601 245.265 1130.11
Index: 27.3234 43.5645 1123.32
Middle: 16.8751 28.735 1118.95
Ring: 17.4692 39.8961 1117.15
Little: 40.1666 97.0723 1015.21
Thumb: 77.2104 244.667 1126.8
Index: 11.8663 54.0437 1110.26
Middle: 1.13236 41.4658 1104.13
Ring: 12.8519 45.6605 1107.18
Little: 40.9466 101.935 1007.26
Thumb: 78.3892 236.148 1130.38
Index: 8.08618 62.7477 1107.27
Middle: -2.86619 45.7876 1101.02
Ring: 4.48507 51.0355 1102.38
Little: 41.333 102.479 1004.96
Thumb: 78.7848 218.703 1137.04
Index: 8.08654 66.4792 1104.99
Middle: -5.46513 47.3023 1099.57
Ring: 4.56001 56.8883 1102.12
Little: 39.1716 103.032 998.515
Thumb: 41.4021 101.209 1070.38
Index: 13.4168 63.9785 1099.9
Middle: -3.08965 46.49 1100.67
Ring: 6.69036 56.971 1101.42
Little: 40.8575 105.252 1000.78
Thumb: 40.3798 99.4528 1071.13
Index: 13.9464 62.385 1101.5
Middle: -4.87377 44.3662 1100.93
Ring: 7.23595 53.6474 1103.18
Little: 8.32831 102.412 1006.19
Thumb: 37.8681 96.1807 1069.08
Index: 13.7365 60.7219 1100.97
Middle: -4.489 42.704 1102.04
Ring: 7.01428 51.5317 1102.64
Little: 9.0999 100.708 1005.44
Thumb: 37.6101 95.2748 1068.67
Index: 14.5969 58.7792 1100.33
Middle: -3.59753 41.044 1102.33
Ring: 6.89996 50.5702 1100.69
Little: 8.24451 98.9938 1005.26
Thumb: 64.2955 79.8337 1121.24
Index: 31.031 50.5833 1150.68
Middle: 38.8854 11.9399 1125.96
Ring: 39.2834 77.8941 1115.94
Little: 13.099 60.2487 1103.71
Thumb: 58.0839 76.1933 1119.11
Index: 36.3199 27.4033 1134.91
Middle: 30.388 10.6237 1118.78
Ring: 33.3256 40.6475 1126.62
Little: 7.65756 58.3332 1104.93
Thumb: 44.9571 78.9088 1112.98
Index: 36.8641 29.9529 1138.54
Middle: 11.631 15.6598 1109.05
Ring: -1.90396 67.7894 1158.54
Little: 1.56812 59.3801 1104.41
Thumb: 122.114 93.9972 1167.9
Index: 40.1556 14.9298 1103.83
Middle: 2.25417 19.0436 1106.09
Ring: 1.64181 103.151 1150.08
Little: -3.29644 62.2456 1101
Thumb: 127.106 92.7466 1162.03
Index: 36.3863 16.3525 1100.47
Middle: -2.49824 21.6381 1106.7
Ring: 0.343673 112.725 1148.88
Little: -5.85501 63.4464 1099.56
Thumb: 127.308 93.0438 1160.89
Index: 36.3961 33.2485 1119.9
Middle: -2.72148 20.9553 1104.58
Ring: -0.168929 111.457 1147.99
Little: -6.69277 63.5918 1098.82
Thumb: 127.366 93.0666 1156.29
Index: 37.309 32.8993 1116.16
Middle: -1.24976 20.1074 1099.86
Ring: 0.4685 115.129 1145.01
Little: -6.7777 64.5439 1097.12
Thumb: 129.464 92.7616 1154.04
Index: 37.5359 31.4887 1113.88
Middle: -1.25257 19.103 1097.75
Ring: 1.14145 119.39 1142.33
Little: -7.24164 64.7811 1096.36
Thumb: 132.496 91.9296 1147.56
Index: 38.9891 31.7384 1110.02
Middle: -0.112202 19.4632 1096.22
Ring: 3.22698 111.577 1147.66
Little: -7.52125 63.1358 1091.88
Thumb: 135.11 92.3717 1139.43
Index: 39.3287 33.8718 1110.16
Middle: -0.20421 20.2493 1095.58
Ring: 5.71382 118.04 1143.28
Little: -6.75377 62.3193 1090.36
Thumb: 134.462 94.4084 1129.33
Index: 39.3825 32.0025 1106.68
Middle: 0.177357 18.4752 1093.19
Ring: 3.07366 117.883 1150.41
Little: -7.58261 60.7271 1090.24
Thumb: 134.178 96.4084 1119.02
Index: 42.2369 39.5642 1109.09
Middle: 1.75826 20.8044 1091.52
Ring: 5.54498 117.844 1153.96
Little: -7.20095 62.5813 1088.62
Thumb: 133.248 98.5056 1112.95
Index: 57.9983 70.8024 1107.54
Middle: 1.61992 21.3409 1087.26
Ring: 7.92591 115.243 1160.16
Little: -7.04255 61.2957 1085.94
Thumb: 131.683 96.6358 1109.57
Index: 56.8324 70.5517 1104.15
Middle: -0.801128 22.7345 1083.78
Ring: 7.7043 106.991 1159.85
Little: -8.87614 63.14 1083.62
Thumb: 129.435 96.8394 1108.14
Index: 55.9583 70.3101 1102.18
Middle: -1.80158 22.1007 1081.19
Ring: 7.09237 101.123 1158.57
Little: -9.83476 62.0269 1080.96
Thumb: 129.974 95.3289 1103.82
Index: 54.9172 69.5714 1098.93
Middle: -3.97012 22.2447 1077.36
Ring: 7.24531 102.708 1156.44
Little: -10.9876 61.7128 1078.11
Thumb: 130.325 97.4241 1102.36
Index: 54.4023 69.9138 1096.63
Middle: -4.53229 22.3359 1075.41
Ring: 8.37378 116.794 1153.05
Little: -11.6631 61.5323 1074.46
Thumb: 130.621 97.5945 1098.71
Index: 53.1904 70.3187 1094.8
Middle: -5.35695 22.2325 1071.37
Ring: 8.92741 116.297 1151.47
Little: -12.7629 61.2622 1073.57
Thumb: 130.39 97.3816 1097.46
Index: 52.9193 70.1599 1092.17
Middle: -5.6509 22.301 1068.88
Ring: 6.02279 115.499 1149.02
Little: -12.8101 61.044 1069.15
Thumb: 128.329 97.593 1096.33
Index: 52.3897 70.2305 1091.09
Middle: -5.92723 21.9814 1065.21
Ring: 5.56452 117.195 1147.67
Little: -13.4731 60.5376 1067.87
Thumb: 127.438 98.3237 1094.2
Index: 52.3131 70.5099 1089.74
Middle: -6.04751 21.6121 1065.4
Ring: 10.517 107.95 1149.74
Little: -13.9386 60.1584 1067.63
Thumb: 127.529 98.3207 1094.3
Index: 51.7884 70.2252 1088.9
Middle: -6.91943 21.5506 1065.02
Ring: 9.74422 107.591 1148.63
Little: -14.9168 61.5353 1070.99
Thumb: 129.349 98.9006 1096.04
Index: 51.7569 70.2278 1087.72
Middle: -6.67973 21.5366 1066.78
Ring: 10.7773 112.018 1146.28
Little: -14.9209 62.5912 1070.24
Thumb: 130.648 100.448 1096.45
Index: 51.7412 70.3064 1087.79
Middle: -6.645 21.4944 1066.75
Ring: 10.5031 112.761 1146.06
Little: -15.5116 63.0861 1075.9
Thumb: 130.504 100.754 1097.26
Index: 51.634 70.532 1088.02
Middle: -6.42639 21.568 1068.46
Ring: 9.85635 113.245 1145.88
Little: -14.7768 60.5389 1069.66
Thumb: 130.593 101.106 1098.12
Index: 51.69 70.671 1088.56
Middle: -6.37561 21.6081 1069.61
Ring: 8.89895 110.946 1146.75
Little: -14.7277 60.5672 1069.83
Thumb: 129.091 100.508 1101.88
Index: 51.2729 70.3851 1089.31
Middle: -5.84753 21.2799 1072.6
Ring: 5.22355 106.186 1147.03
Little: -14.8359 60.4642 1069.23
Thumb: 128.963 100.72 1104.76
Index: 51.9797 70.6574 1091.64
Middle: -4.77907 20.624 1074.08
Ring: 2.40522 101.412 1147.55
Little: -13.9609 59.7272 1070.11
Thumb: 127.819 98.7204 1107.78
Index: 51.6285 67.6775 1093.49
Middle: -5.24243 18.2367 1078.04
Ring: 1.87667 98.8191 1149.22
Little: -13.7781 56.931 1071.34
Thumb: 128.497 99.8122 1111.64
Index: 52.9059 67.382 1096.74
Middle: -3.62927 17.7142 1081.18
Ring: 2.18551 111.823 1150.6
Little: -12.3802 56.4187 1074.7
Thumb: 129.048 99.6555 1112.7
Index: 53.6844 66.9704 1099.2
Middle: -3.52879 17.0927 1083.56
Ring: 3.80186 107.565 1153.5
Little: -11.3309 55.1442 1076.17
Thumb: 131.823 99.2884 1113.79
Index: 53.867 65.4183 1103.68
Middle: -3.06472 15.4812 1089.04
Ring: 6.80855 103.339 1157.68
Little: -10.5396 52.905 1079.11
Thumb: 133.485 101.082 1115.52
Index: 54.757 65.681 1104.79
Middle: -1.51971 16.204 1093.92
Ring: 5.43521 98.3168 1160.42
Little: -10.2694 53.3777 1081.56
Thumb: 134.583 100.372 1120.51
Index: 54.985 65.8617 1109.25
Middle: -2.24574 16.5453 1096.29
Ring: 5.61525 100.078 1163.59
Little: -9.55717 54.4969 1083.81
Thumb: 135.15 103.578 1124.16
Index: 55.5289 66.0207 1112.66
Middle: -1.20451 15.3114 1097.27
Ring: 5.55578 99.5224 1166.58
Little: -9.31413 54.4783 1089.35
Thumb: 132.225 102.732 1130.5
Index: 55.1302 65.4724 1116.28
Middle: -1.31581 14.7222 1099.24
Ring: 4.20452 98.4589 1169.62
Little: -10.0955 54.0975 1092.09
Thumb: 128.422 100.396 1139.94
Index: 53.3622 64.5404 1122.22
Middle: -1.61504 13.7832 1102.5
Ring: -0.104688 98.6408 1172.3
Little: -9.81494 53.459 1094.2
Thumb: 121.414 98.5345 1152.94
Index: 49.4065 61.2388 1130.62
Middle: -1.61793 11.8649 1106.21
Ring: -8.23584 94.9143 1173.01
Little: -10.4076 53.5942 1098.47
Thumb: 122.377 101.645 1157.7
Index: 31.3806 28.1853 1140.37
Middle: -0.387547 12.8217 1109.92
Ring: -0.32382 112.581 1162.62
Little: -9.10418 53.5878 1102.25
Thumb: 126.106 103.056 1153.99
Index: 33.083 28.9168 1142.28
Middle: 0.850754 13.7449 1112.21
Ring: 3.94574 113.281 1164.35
Little: -7.08538 53.0967 1103.49
Thumb: 137.389 110.06 1144.13
Index: 37.8872 29.25 1141.46
Middle: 1.39756 17.5131 1116.4
Ring: -14.8143 36.6822 1130.51
Little: -3.78097 53.4092 1110.02
Thumb: 132.43 106.838 1150.16
Index: 32.5004 27.5692 1145.21
Middle: -0.939 18.3784 1112.32
Ring: -17.5922 37.2266 1128.08
Little: -21.8219 110.448 1164.9
Thumb: 116.072 106.645 1171.01
Index: 19.601 33.6495 1149.73
Middle: -2.41825 16.8774 1111
Ring: -23.3479 41.4718 1129.84
Little: -42.7743 77.0883 1130.69
Thumb: 71.0609 108.754 1206.05
Index: 6.61022 30.4084 1113.74
Middle: -0.729138 17.4085 1103.06
Ring: -27.5181 41.9584 1106.82
Little: -40.4429 85.3658 1095.62
Thumb: 102.423 146.148 1233.43
Index: 0.763783 30.113 1120.44
Middle: -1.60921 16.6318 1103.15
Ring: -27.2847 41.5357 1095.77
Little: -22.442 94.2868 1079.95
Thumb: 102.646 214.536 1223.04
Index: 2.50013 32.2223 1120.73
Middle: -4.62182 21.1509 1105.66
Ring: -18.9232 40.8702 1090.27
Little: -2.57519 94.4996 1083.51
Thumb: 98.7735 218.275 1222.93
Index: 0.826662 31.6233 1120.09
Middle: -6.98453 20.7395 1105.11
Ring: -16.2434 38.266 1087.92
Little: 4.55081 96.7477 1080.64
Thumb: 106.344 222.905 1210.7
Index: -1.43632 31.4654 1120.94
Middle: -9.35183 20.9064 1104.83
Ring: -12.0356 34.069 1086.23
Little: 9.93311 94.7931 1079.79
Thumb: 74.0975 177.43 1240.19
Index: -2.02329 31.1502 1120.42
Middle: -9.15032 20.3488 1103.81
Ring: -10.2048 32.7558 1085.05
Little: 10.9443 93.6742 1078.5
Thumb: 74.4122 179.215 1238.94
Index: -13.6786 36.3559 1123.84
Middle: -10.1177 19.9982 1104.06
Ring: -4.82464 28.5188 1084.14
Little: 10.5809 92.572 1078.8
Thumb: 75.3282 233.981 1216.2
Index: -22.8972 36.7311 1137.47
Middle: -10.8525 21.1127 1102.83
Ring: -1.90624 28.2071 1082.97
Little: 12.7516 92.6626 1077.71
Thumb: -47.3056 138.872 1209.86
Index: -7.92622 32.6173 1105.92
Middle: 1.99148 30.843 1074.25
Ring: 3.64361 37.0573 1077.47
Little: 26.1582 97.86 1059.31
Thumb: -57.6813 141.017 1200.97
Index: -8.07271 31.2995 1107.69
Middle: 2.16382 27.8238 1079.05
Ring: 5.7093 35.1318 1079.96
Little: 20.783 77.5112 1053.82
Thumb: -49.7983 135.846 1158.06
Index: -5.57911 31.5575 1107.44
Middle: 4.34475 29.1847 1077.94
Ring: 7.52155 33.9529 1081.13
Little: 26.0937 73.3822 1055.28
Thumb: -54.4064 137.843 1144.47
Index: -2.87188 31.8345 1106.7
Middle: 8.65831 28.3593 1075.52
Ring: 11.3065 31.9723 1082.52
Little: 31.7466 72.9239 1055.75
Thumb: -60.9388 143.274 1141.42
Index: -5.91663 28.7709 1101.08
Middle: 7.04493 26.9634 1068.52
Ring: 8.85034 27.1314 1076.46
Little: 43.8815 87.301 1058.82
Thumb: -70.0098 147.856 1133.43
Index: -3.85885 32.6359 1101.49
Middle: 13.4107 23.9216 1071.01
Ring: 12.7967 23.2782 1081.03
Little: 42.6145 87.6944 1055.05
Thumb: -74.427 147.448 1123.07
Index: -7.22559 31.4419 1099.59
Middle: 13.7558 21.9734 1072.34
Ring: 13.4431 20.482 1078.45
Little: 47.2635 92.4734 1061.86
Thumb: -76.6219 147.106 1115.61
Index: -7.56763 30.2766 1103.55
Middle: 14.0835 23.029 1073.87
Ring: 11.9686 19.0325 1084.7
Little: 47.7076 91.7673 1064.62
Thumb: -76.8159 145.481 1106.64
Index: -9.35968 29.9406 1100.34
Middle: -22.6073 95.4806 1022.76
Ring: 11.4926 18.8191 1084.73
Little: 47.9301 91.1238 1065.8
Thumb: -77.126 145.369 1105.64
Index: -11.9247 31.3904 1097.76
Middle: -22.5535 94.547 1022.07
Ring: 9.80062 19.65 1085.33
Little: 46.2622 88.6068 1066.19
Thumb: -76.2675 147.027 1102.96
Index: -13.9211 32.2439 1096.37
Middle: -23.0347 78.8424 1017.23
Ring: 8.4857 21.8751 1081.11
Little: 44.5761 80.8519 1069.7
Thumb: -76.6628 148.392 1100.59
Index: -14.2032 31.4244 1097.19
Middle: -22.7591 82.531 1014.73
Ring: 7.37545 23.1969 1078.58
Little: 44.0362 79.6291 1070.06
Thumb: -77.678 149.745 1098.68
Index: -15.4523 32.8091 1093.98
Middle: -20.7759 81.4551 1013.25
Ring: 6.95509 21.9001 1080.16
Little: 43.8599 78.801 1069.88
Thumb: -77.9265 148.562 1095.51
Index: -16.2001 31.8965 1094
Middle: -22.7326 89.1353 1011.4
Ring: 6.13972 22.2574 1079.38
Little: 43.2948 77.4928 1070.65
Thumb: -77.1543 146.937 1091.47
Index: -17.6343 33.1411 1091.38
Middle: -20.7367 88.5592 1009.69
Ring: 8.98545 21.5005 1079.99
Little: 43.0462 75.5555 1073.72
Thumb: -76.6214 147.054 1089.36
Index: -17.6175 33.066 1091.65
Middle: -19.6788 89.6087 1008.95
Ring: 9.30747 21.6835 1081.35
Little: 43.0731 75.882 1074.1
Thumb: -76.3787 146.781 1088.17
Index: -17.9817 33.3827 1089.57
Middle: -19.1723 89.291 1008.27
Ring: 9.68163 22.2231 1079.74
Little: 43.8496 75.6859 1073.6
Thumb: -75.1735 147.404 1084.08
Index: -18.6605 29.2421 1100.28
Middle: -19.79 88.9512 1008.31
Ring: 11.8339 21.1439 1079.36
Little: 43.3551 73.783 1074.84
Thumb: -75.466 147.955 1083.38
Index: -18.5372 29.3946 1100.38
Middle: -18.645 89.0126 1007.93
Ring: 12.2508 21.9006 1078.93
Little: 43.4638 75.5118 1073.67
Thumb: -75.6574 148.241 1083.74
Index: -18.5135 29.3881 1101.02
Middle: -18.7216 88.7729 1008.24
Ring: 12.5784 21.931 1079.68
Little: 43.5003 75.5235 1073.9
Thumb: -76.5295 148.839 1083.8
Index: -18.7879 29.4486 1104.01
Middle: -19.3878 87.9078 1008.78
Ring: 12.0548 21.423 1082.43
Little: 43.0113 73.7785 1076.23
Thumb: -76.511 148.828 1083.72
Index: -18.6859 29.4689 1104.65
Middle: -19.3455 87.9168 1008.79
Ring: 12.1073 21.397 1082.64
Little: 43.1846 73.7675 1076.25
Thumb: -77.0567 149.08 1085.11
Index: -18.1296 29.5944 1105.54
Middle: -19.0144 88.4385 1009.6
Ring: 11.2215 20.7405 1085.16
Little: 44.1266 73.8785 1076.91
Thumb: -78.2575 148.829 1086.75
Index: -17.1619 29.2463 1107.12
Middle: -18.951 86.6237 1010.35
Ring: 11.2043 20.6327 1084.75
Little: 44.6375 73.7619 1077.53
Thumb: -78.3535 148.852 1086.77
Index: -17.1709 29.2483 1107.12
Middle: -18.9462 89.2397 1010.13
Ring: 11.2814 20.1054 1085.49
Little: 44.6349 73.7595 1077.55
Thumb: -77.7139 147.869 1086.26
Index: -15.6341 29.2158 1106.41
Middle: -18.137 86.9445 1010.02
Ring: 12.7143 20.7426 1084.94
Little: 44.9466 74.977 1076.51
Thumb: -78.0489 147.303 1085.42
Index: -15.2071 29.2674 1107.39
Middle: -18.3095 88.8205 1009.96
Ring: 12.7043 21.3588 1084.18
Little: 45.3421 75.0355 1077.08
Thumb: -77.742 147.089 1085.52
Index: -13.397 29.1772 1107.89
Middle: -16.7505 87.9131 1009.71
Ring: 12.4968 21.7795 1083.76
Little: 46.5155 75.2296 1077.21
Thumb: -77.7271 149.544 1085.44
Index: -12.645 29.6142 1108.54
Middle: -15.3935 86.9907 1010.36
Ring: 12.5417 21.3748 1085.26
Little: 47.3739 76.2641 1077.03
Thumb: -76.4316 151.651 1087.53
Index: -12.2876 30.0395 1108.06
Middle: -14.7138 86.2814 1011.52
Ring: 13.0275 22.168 1086.28
Little: 47.8651 77.0188 1077.74
Thumb: -74.0433 152.561 1085.93
Index: -12.3566 31.0782 1108.46
Middle: -13.2476 88.5847 1010.96
Ring: 13.1069 24.1225 1086
Little: 48.4664 77.9655 1077.54
Thumb: -73.4777 153.419 1087.45
Index: -11.3034 31.5268 1109.29
Middle: -12.8039 88.6888 1011.13
Ring: 13.3987 24.3881 1085.94
Little: 49.0807 77.923 1076.17
Thumb: -71.5284 154.2 1083.92
Index: -9.56359 32.9366 1107
Middle: -10.674 91.1045 1010.13
Ring: 15.424 26.3254 1085.21
Little: 51.0372 80.4705 1076.49
Thumb: -67.8445 151.862 1082.79
Index: -8.19522 32.81 1107.07
Middle: -7.16017 90.8539 1009.41
Ring: 17.0689 26.2009 1089.31
Little: 52.9567 78.5504 1079.12
Thumb: -65.3945 152.783 1082.68
Index: -4.53731 33.7301 1106.54
Middle: -2.28352 90.3433 1009.26
Ring: 20.1546 26.6837 1085.72
Little: 56.6089 82.1194 1077.37
Thumb: -58.8188 151.353 1080.59
Index: -1.20855 33.4613 1102.16
Middle: 1.11185 93.7629 1008.47
Ring: 23.913 27.058 1083.34
Little: 61.0998 91.5446 1071
Thumb: -52.1209 150.761 1078.9
Index: 3.72881 35.8788 1093.81
Middle: 5.67935 93.9631 1009.14
Ring: 28.1144 29.7751 1079.02
Little: 66.7764 95.0138 1070.28
Thumb: -42.0391 153.659 1078.83
Index: 8.75509 38.321 1093.1
Middle: 13.9673 99.914 1008.39
Ring: 33.7814 34.072 1075.54
Little: 73.0294 98.8867 1071.51
