Thumb: 32.9554 91.7207 1121.92
Index: -64.5745 28.1944 1098.23
Middle: -101.42 40.8207 1097.63
Ring: -124.543 62.0639 1082.41
Little: -141.773 103.039 1080.87
Thumb: 38.4268 88.9134 1095.67
Index: -46.6158 83.708 1155.17
Middle: -64.6393 110.309 1161.79
Ring: -128.011 60.4791 1093.45
Little: -136.091 102.717 1100.06
Thumb: 29.0172 84.7607 1100.58
Index: -106.859 47.7751 1076.29
Middle: -65.3514 114.243 1161.13
Ring: -132.403 58.9101 1087.47
Little: -136.458 105.211 1091.79
Thumb: 25.8879 83.1888 1101.01
Index: -107.049 49.2808 1088.35
Middle: -67.1838 110.421 1164.49
Ring: -134.291 58.546 1090.07
Little: -138.819 103.998 1092.33
Thumb: 19.2636 82.2701 1099.86
Index: -109.028 47.6804 1084.46
Middle: -76.7344 98.7916 1167.63
Ring: -133.879 58.7612 1093.97
Little: -141.223 100.975 1093.1
Thumb: 11.5917 84.4923 1100.59
Index: -111.089 46.1523 1085.87
Middle: -75.0242 98.7708 1169.07
Ring: -133.439 58.1905 1100.82
Little: -142.156 99.6739 1096.45
Thumb: 6.77373 84.7543 1103.47
Index: -110.862 46.2421 1086.7
Middle: -71.0974 98.8631 1168.79
Ring: -131.129 57.3101 1101.23
Little: -140.64 99.5719 1097.98
Thumb: 2.522 82.4948 1099.09
Index: -111.142 47.4505 1088.96
Middle: -69.8284 100.89 1169.35
Ring: -129.42 59.4056 1105.14
Little: -145.083 93.7376 1096.7
Thumb: 0.0325751 82.7074 1098.7
Index: -112.512 47.1162 1085.11
Middle: -67.2416 99.1801 1168.18
Ring: -128.447 59.2314 1105.93
Little: -145.256 92.4514 1097.57
Thumb: -4.08367 80.5546 1101.99
Index: -104.468 35.111 1087.57
Middle: -124.879 35.0986 1090.81
Ring: -128.918 58.7762 1108.02
Little: -145.633 92.1937 1095.65
Thumb: -7.87741 83.1408 1104.12
Index: -98.8425 39.7689 1098.05
Middle: -125.56 37.922 1090.35
Ring: -129.107 59.6877 1107.06
Little: -144.22 94.7617 1099.52
Thumb: -9.08032 82.8469 1108.25
Index: -95.8103 42.4184 1102.14
Middle: -124.262 40.1712 1095.91
Ring: -127.725 60.7402 1108.29
Little: -142.984 95.5451 1100.37
Thumb: -8.5317 83.0154 1106.21
Index: -95.1562 41.3497 1100.51
Middle: -121.168 39.6389 1095.87
Ring: -125.65 59.778 1109.24
Little: -142.253 93.2556 1099.82
Thumb: -7.82149 82.8707 1108.68
Index: -86.8339 42.3111 1101.61
Middle: -117.87 39.342 1097.78
Ring: -119.556 57.9955 1107.99
Little: -135.126 91.3271 1100.68
Thumb: -5.71492 82.3885 1105.66
Index: -84.1816 38.0097 1097.48
Middle: -107.53 40.3724 1102.83
Ring: -114.23 56.6686 1110.07
Little: -129.077 88.7297 1102.11
Thumb: -1.87805 86.3315 1108.15
Index: -77.4739 35.512 1098.88
Middle: -101.244 37.7937 1104.14
Ring: -106.742 57.4466 1112.56
Little: -118.93 87.0643 1105.63
Thumb: 2.46914 87.0033 1107.12
Index: -68.664 34.3636 1099.24
Middle: -93.6912 35.7467 1102.51
Ring: -102.568 52.6199 1112.98
Little: -114.48 84.128 1104.94
Thumb: 11.1268 89.126 1106.39
Index: -59.7283 36.9117 1099.15
Middle: -84.1078 34.3419 1103.13
Ring: -92.7943 51.4773 1111.37
Little: -106.704 80.9917 1103.88
Thumb: 16.3207 90.8513 1106.2
Index: -48.9912 36.412 1100.7
Middle: -74.2508 32.5633 1103.2
Ring: -85.7081 49.2534 1109.49
Little: -99.4893 76.1588 1101.53
Thumb: 25.0153 92.4502 1106.21
Index: -40.2097 34.8724 1100.21
Middle: -63.9908 30.6195 1103.52
Ring: -79.0374 46.4403 1107.85
Little: -91.5215 73.9505 1101.34
Thumb: 36.0653 98.5658 1106.95
Index: -30.7078 32.4813 1102.85
Middle: -54.5119 27.898 1104.74
Ring: -70.89 42.1629 1103.17
Little: -82.7233 69.5663 1099.89
Thumb: 44.6738 101.013 1109.94
Index: -22.8037 34.0095 1106.77
Middle: -49.9889 26.4776 1101.2
Ring: -64.5722 40.2727 1109.49
Little: -76.7377 68.966 1102.35
Thumb: 52.0889 99.3609 1112.43
Index: -19.5475 27.1217 1104.9
Middle: -45.1942 26.0099 1103.23
Ring: -59.3741 38.8326 1110.98
Little: -70.0927 66.3313 1102.5
Thumb: 58.7128 100.421 1114.96
Index: -13.2078 29.012 1105.86
Middle: -38.373 25.9728 1104.13
Ring: -49.9032 39.3126 1109.66
Little: -63.2745 67.0378 1101.73
Thumb: 63.0598 97.6681 1113.24
Index: -5.50288 28.8533 1106.88
Middle: -31.9679 22.3531 1102.72
Ring: -43.5354 34.6319 1109.08
Little: -59.2267 58.9936 1096.94
Thumb: 71.0397 94.5416 1110.67
Index: 2.41052 26.2356 1108.34
Middle: -24.5397 18.9554 1100.42
Ring: -38.463 31.9787 1106.89
Little: -52.3062 56.6891 1097.91
Thumb: 76.8003 90.6507 1117.22
Index: 11.0255 22.7915 1105.51
Middle: -16.8651 14.2984 1099
Ring: -30.8201 29.159 1107.18
Little: -47.5939 51.1401 1096.47
Thumb: 86.2878 91.8005 1115.48
Index: 20.6817 20.2035 1103.89
Middle: -9.26988 11.5223 1095.93
Ring: -24.075 30.9243 1105.02
Little: -43.7267 49.1159 1096.44
Thumb: 93.1938 91.1252 1116.58
Index: 30.165 16.7722 1101.89
Middle: -1.76161 10.5024 1095.28
Ring: -17.202 29.2898 1105.33
Little: -36.4423 52.1532 1097.95
Thumb: 100.936 92.3542 1116.2
Index: 39.3077 15.9707 1103
Middle: 4.59044 8.68379 1091.88
Ring: -11.4565 27.0564 1102.41
Little: -30.8585 51.6456 1097.93
Thumb: 111.977 91.3257 1114.25
Index: 46.6071 14.3675 1099.83
Middle: 11.9246 6.16996 1093.17
Ring: -3.84592 25.9122 1104.06
Little: -25.9026 49.9206 1102.08
Thumb: 123.235 92.3386 1116.4
Index: 53.4771 12.6117 1098.2
Middle: 18.8507 4.14711 1088.14
Ring: 2.57463 23.8365 1101.7
Little: -19.2431 45.6856 1099.97
Thumb: 129.797 90.9458 1108.13
Index: 59.9929 12.9199 1097.19
Middle: 24.4902 4.2276 1084
Ring: 8.44198 22.2903 1099.44
Little: -13.6569 45.9907 1100.89
Thumb: 133.928 91.2537 1110.12
Index: 64.8775 12.4815 1095.08
Middle: 29.5162 5.28891 1081.04
Ring: 14.1251 24.8808 1097.67
Little: -11.1431 46.7065 1097.63
Thumb: 138.953 91.3449 1111.59
Index: 70.4471 13.1745 1095.95
Middle: 34.5602 5.7827 1080.78
Ring: 18.574 23.4579 1094.93
Little: -6.62846 45.5492 1089.41
Thumb: 146.352 93.6402 1108.49
Index: 75.3565 12.0178 1095.54
Middle: 40.0585 5.59427 1080.14
Ring: 25.0328 25.9877 1095.46
Little: -1.57219 47.7523 1092.1
Thumb: 149.141 94.9272 1112.25
Index: 80.4682 12.5459 1097.39
Middle: 45.8067 4.13477 1079.52
Ring: 31.4067 28.7065 1099.38
Little: 3.9503 47.6884 1097.93
Thumb: 154.073 96.9483 1113.07
Index: 83.5802 9.16073 1095.57
Middle: 49.6341 1.87389 1080.07
Ring: 35.3049 28.5781 1100.68
Little: 8.28463 48.7317 1102.41
Thumb: 157.892 99.5265 1113.06
Index: 86.4308 11.4009 1099.88
Middle: 51.8486 2.77664 1081.01
Ring: 38.4058 32.4006 1104.27
Little: 11.6654 55.1235 1104.36
Thumb: 165.061 98.5688 1111.22
Index: 88.9043 9.28716 1093.61
Middle: 55.3638 3.37852 1082.8
Ring: 41.3625 31.7961 1097.88
Little: 21.8615 80.8763 1098.57
Thumb: 165.214 98.1613 1113.59
Index: 89.5305 8.33717 1092.76
Middle: 56.2845 2.99841 1081.77
Ring: 52.5103 69.4007 1099.83
Little: 22.4823 80.7725 1095.87
Thumb: 164.128 98.801 1114.19
Index: 90.459 10.3012 1100.51
Middle: 56.2453 2.3925 1082.67
Ring: 52.8639 68.9783 1100.18
Little: 22.9565 80.3773 1095.83
Thumb: 164.956 97.6636 1114.64
Index: 91.9764 21.1236 1107.07
Middle: 54.3932 2.23668 1081.95
Ring: 61.3649 100.255 1109.54
Little: 22.2435 81.1539 1095.64
Thumb: 166.238 99.2742 1115.95
Index: 88.7572 25.3264 1107.69
Middle: 50.5173 4.5841 1083.52
Ring: 58.0103 99.1085 1110.57
Little: 21.0056 87.0794 1097.85
Thumb: 163.355 97.2665 1114.12
Index: 85.6893 28.7036 1109.62
Middle: 46.605 8.87946 1081.73
Ring: 57.32 104.251 1138.23
Little: 19.4199 90.6357 1096.46
Thumb: 160.684 96.4272 1113.76
Index: 82.8031 28.8707 1103.51
Middle: 43.2673 9.47112 1081.11
Ring: 55.1282 104.177 1139.82
Little: 22.5256 106.278 1103.77
Thumb: 155.39 94.4347 1115.5
Index: 78.6083 33.0699 1107.35
Middle: 37.5889 11.4108 1082.46
Ring: 51.127 108.644 1159.83
Little: 19.6189 108.597 1102.37
Thumb: 151.456 94.0201 1116.37
Index: 73.5959 30.8584 1108.4
Middle: 32.021 10.3355 1082.19
Ring: 49.3224 107.825 1160.4
Little: 16.982 110.667 1106.89
Thumb: 144.536 90.6162 1120.45
Index: 64.1548 27.4549 1107.13
Middle: 23.8269 11.7663 1080.39
Ring: 40.7939 104.329 1162.35
Little: 10.3436 110.367 1129.57
Thumb: 140.337 91.4142 1121.22
Index: 76.3374 62.9708 1106.08
Middle: 17.3392 14.7071 1078.57
Ring: 30.6808 94.9088 1162.81
Little: 0.018308 101.575 1135.34
Thumb: 134.963 92.9405 1121.39
Index: 69.1358 62.3349 1105.91
Middle: 11.1765 14.7526 1081.13
Ring: 22.8504 96.4103 1163.41
Little: -7.48698 101.511 1134.86
Thumb: 123.141 93.6923 1118.35
Index: 59.925 62.877 1109.93
Middle: 4.40793 14.349 1078.06
Ring: 9.83591 96.7719 1162.7
Little: -15.6636 107.27 1133.28
Thumb: 112.73 94.8719 1122.76
Index: 53.1276 63.2026 1111.81
Middle: -1.64476 14.8476 1081.56
Ring: -9.40014 73.3218 1153.69
Little: -25.6056 101.731 1130.7
Thumb: 105.048 96.0512 1126.22
Index: 48.5504 65.683 1114.64
Middle: -8.36477 17.4441 1083.41
Ring: -11.8035 78.2358 1157.94
Little: -27.6864 108.626 1135.09
Thumb: 98.6015 94.9142 1129.58
Index: 42.592 66.1435 1116.82
Middle: -14.9667 18.5791 1085.01
Ring: -23.0441 71.0813 1153.62
Little: -35.9489 106.022 1136.06
Thumb: 94.1617 95.5836 1125.89
Index: 35.8701 65.1694 1117.59
Middle: -21.9292 19.1005 1090.01
Ring: -17.4094 92.5762 1162.64
Little: -42.6956 105.653 1139.09
Thumb: 87.2491 95.3119 1127.51
Index: 30.4901 65.0009 1120.56
Middle: -27.3975 18.8385 1091.65
Ring: -23.4568 92.5564 1167.83
Little: -41.7062 118.426 1145.43
Thumb: 85.9629 94.2555 1127.26
Index: 25.3754 65.1473 1121.3
Middle: -31.6178 17.8413 1093.94
Ring: -23.9597 96.5755 1171.77
Little: -46.6325 117.154 1150.76
Thumb: 79.3371 93.8455 1137.39
Index: 7.29803 48.022 1132.26
Middle: -33.3415 16.5416 1094.61
Ring: -29.9386 112.152 1170.68
Little: -56.3259 119.313 1145.61
Thumb: 67.0866 95.7771 1158.1
Index: -6.46912 56.8172 1137.35
Middle: -35.5509 14.6779 1096.48
Ring: -44.7629 127.085 1165.52
Little: -47.5837 58.5938 1087.67
Thumb: 35.181 115.192 1194.56
Index: -20.2505 96.9826 1158.57
Middle: -40.2885 15.6488 1102.04
Ring: -84.2855 90.937 1131.72
Little: -42.8518 55.384 1073.45
Thumb: 67.5099 148.453 1220.26
Index: -25.6355 101.461 1153.21
Middle: -42.5083 23.4355 1104.34
Ring: -42.3199 32.1361 1099.11
Little: -34.133 55.7433 1066.76
Thumb: 55.968 170.697 1228.06
Index: -31.5926 90.8158 1144.22
Middle: -47.3384 24.5202 1109.52
Ring: -41.5083 31.7787 1101.96
Little: -39.1567 58.7984 1069.44
Thumb: 45.271 177.233 1230.68
Index: -47.7788 42.6424 1123.73
Middle: -51.3836 27.3811 1111.66
Ring: -46.0937 33.6324 1109.25
Little: -43.9216 59.702 1076.19
Thumb: 35.3942 176.159 1239.09
Index: -64.8035 44.4318 1143.56
Middle: -58.7192 28.4747 1115.18
Ring: -50.4274 33.5955 1110.58
Little: -46.5902 60.5489 1077.36
Thumb: -66.0734 157.727 1185
Index: -74.319 53.4602 1148.17
Middle: -61.9568 28.6462 1115.4
Ring: -52.845 33.4071 1107.16
Little: -49.252 58.6039 1076
Thumb: -73.8766 162.109 1180.63
Index: -76.7861 58.8762 1152.15
Middle: -62.4304 30.9008 1122.5
Ring: -55.1203 35.032 1111.32
Little: -49.9321 57.2347 1085.46
Thumb: -79.0334 170.13 1174.05
Index: -82.1107 66.1228 1150.24
Middle: -63.6734 31.5732 1123.96
Ring: -60.4031 37.2521 1107.91
Little: -47.6966 56.6614 1090.4
Thumb: -119.858 156.836 1171.4
Index: -89.8754 51.4899 1086.15
Middle: -66.9825 30.7465 1084.85
Ring: -52.6744 33.8658 1079.6
Little: -35.8495 60.4828 1065.57
Thumb: -109.39 168.689 1153.68
Index: -97.9561 59.074 1080.23
Middle: -71.1875 25.3094 1105.66
Ring: -58.6528 54.1954 1073.58
Little: -38.3158 51.2539 1070.26
Thumb: -118.037 166.457 1141.87
Index: -104.698 55.8128 1085.42
Middle: -74.5696 25.712 1111.2
Ring: -58.1139 54.0635 1079.57
Little: -39.5343 50.6283 1076.99
Thumb: -122.536 170.949 1136.05
Index: -109.164 58.3961 1082.07
Middle: -77.27 26.67 1108.39
Ring: -62.2352 37.1645 1083.67
Little: -39.6729 51.077 1077.56
Thumb: -128.137 173.73 1124.41
Index: -113.632 56.8723 1084.98
Middle: -80.2565 27.9614 1105.83
Ring: -57.9607 48.7327 1081.21
Little: -39.0124 51.6546 1078.42
Thumb: -132.823 175.332 1119.25
Index: -113.513 58.6647 1076.67
Middle: -79.556 27.2505 1109.57
Ring: -59.1763 49.936 1077.5
Little: -38.0024 50.8324 1083.86
Thumb: -133.598 175.346 1111.43
Index: -115.498 62.5233 1071.67
Middle: -81.9099 28.7933 1111.22
Ring: -58.5687 48.2999 1084.09
Little: -39.442 51.2509 1085.53
Thumb: -136.489 174.356 1105.35
Index: -116.1 63.9373 1065.58
Middle: -83.7318 28.7105 1111.49
Ring: -59.7631 49.7832 1083.35
Little: -40.1703 50.771 1088.22
Thumb: -134.635 175.738 1096.85
Index: -115.985 70.582 1057.93
Middle: -85.8223 29.3857 1111.38
Ring: -46.8841 84.1446 1077.77
Little: -40.9105 50.0342 1091.1
Thumb: -135.26 176.329 1090.76
Index: -112.941 72.1127 1049.42
Middle: -87.1377 29.0843 1111.23
Ring: -46.0819 83.174 1078.14
Little: -17.0891 87.7348 1032.23
Thumb: -137.999 176.86 1087.01
Index: -109.442 76.7899 1040.78
Middle: -88.0176 30.3032 1109.06
Ring: -45.7683 84.4076 1076.84
Little: -12.8843 90.9346 1032.07
Thumb: -137.84 178.636 1079.91
Index: -97.2406 98.6219 1037.52
Middle: -88.55 30.163 1101.58
Ring: -44.6665 84.1824 1076.43
Little: -9.66296 89.505 1033.73
Thumb: -138.794 179.784 1076.79
Index: -94.006 104.426 1028.91
Middle: -90.224 31.6093 1101.47
Ring: -45.2654 84.8643 1073.64
Little: -9.55651 88.3158 1032.17
Thumb: -138.21 180.285 1069.54
Index: -91.0593 106.117 1025.46
Middle: -91.0799 31.8252 1095.94
Ring: -44.7493 84.748 1071.52
Little: -8.44003 86.674 1031.69
Thumb: -137.423 181.927 1065.2
Index: -91.0564 103.776 1021.83
Middle: -91.19 31.9399 1091.34
Ring: -44.3595 84.3868 1069.1
Little: -7.19004 86.5542 1029.19
Thumb: -136.448 183.461 1062.11
Index: -91.9416 99.4596 1017.53
Middle: -90.4423 32.3252 1086.45
Ring: -43.3453 85.0741 1066.52
Little: -8.16013 84.8004 1027.37
Thumb: -135.959 183.209 1059.76
Index: -90.3811 100.624 1014.63
Middle: -89.8147 32.1934 1086.95
Ring: -42.811 85.1642 1064.66
Little: -4.2038 88.6756 1025.41
Thumb: -135.463 182.703 1058.37
Index: -89.74 101.328 1012.31
Middle: -89.3498 32.085 1081.31
Ring: -42.4147 84.3446 1059.32
Little: -7.21167 84.6564 1024.18
Thumb: -135.814 183.473 1057.48
Index: -89.2312 103.077 1013.07
Middle: -88.8155 32.1429 1078.92
Ring: -41.9739 85.1468 1061.44
Little: -6.13546 85.3564 1022.13
Thumb: -135.428 182.452 1054.81
Index: -89.4636 104.254 1011.62
Middle: -88.9401 32.7476 1080.1
Ring: -42.1608 85.5258 1059.8
Little: -6.9043 84.995 1020.64
Thumb: -135.513 183.759 1055.68
Index: -89.088 103.827 1010.86
Middle: -86.6527 32.4898 1079.73
Ring: -29.4919 113.334 1048
Little: -5.82791 87.9517 1018.59
Thumb: -135.394 183.91 1055.75
Index: -89.1199 102.479 1010.6
Middle: -85.477 32.5191 1082.97
Ring: -27.2607 113.737 1048.64
Little: -4.30485 88.7446 1018.77
Thumb: -134.175 183.858 1057.94
Index: -87.5359 105.332 1011.78
Middle: -82.7193 32.9903 1086.48
Ring: -25.6344 113.499 1048.11
Little: -3.69416 89.4115 1017.93
Thumb: -137.296 180.508 1059.35
Index: -85.9225 102.591 1014.5
Middle: -77.9157 32.729 1085.5
Ring: -23.4037 115.174 1049.23
Little: 1.36024 95.6061 1018.85
Thumb: -138.397 179.201 1062.2
Index: -86.4039 96.4404 1016.23
Middle: -75.0198 32.1155 1088.33
Ring: -22.3824 114.943 1051.16
Little: 3.58564 96.93 1020.85
Thumb: -137.415 177.364 1065.3
Index: -83.0033 102.243 1018.32
Middle: -71.4098 31.7357 1094
Ring: -25.3483 106.368 1025.28
Little: 4.83336 97.1343 1022.03
Thumb: -136.329 175.796 1069.77
Index: -81.5033 96.7433 1019.72
Middle: -67.0146 31.5028 1101.46
Ring: -22.9555 105.739 1027.61
Little: 6.59398 96.4746 1023.46
Thumb: -134.632 173.306 1074.04
Index: -81.3948 89.3181 1023.74
Middle: -60.6882 29.4423 1102.22
Ring: -22.1781 105.93 1028.94
Little: 8.16522 95.9589 1023.89
Thumb: -134.945 170.374 1075.9
Index: -78.6844 87.7085 1027.85
Middle: -55.6849 27.7863 1105.4
Ring: -18.4763 105.001 1028.27
Little: 10.2211 95.1294 1026.47
Thumb: -129.828 166.672 1078.61
Index: -75.8746 80.0948 1029.6
Middle: -50.2051 24.3831 1105.92
Ring: -20.1966 100.242 1016.29
Little: 13.0996 93.7607 1026.43
Thumb: -122.525 166.114 1083.27
Index: -67.7818 82.5877 1029.12
Middle: -45.9594 22.9138 1104.94
Ring: -12.7608 100.207 1019.08
Little: 20.1933 93.5984 1028.44
Thumb: -118.164 162.806 1087.09
Index: -59.565 80.9253 1022.43
Middle: -39.9202 19.3789 1102.05
Ring: -4.68589 98.6392 1021.16
Little: 26.5438 89.6727 1030.77
Thumb: -113.597 157.889 1087.43
Index: -51.6741 78.7117 1023.29
Middle: -31.6238 16.9209 1102.76
Ring: 3.00679 88.4916 1020.33
Little: 36.4128 89.9452 1034.21
Thumb: -108.995 151.807 1087.36
Index: -46.474 80.4427 1024.98
Middle: -24.3828 15.8242 1105.5
Ring: 8.74245 95.6549 1017.64
Little: 40.3011 88.0132 1034.09
Thumb: -103.255 148.304 1088.3
Index: -37.7787 98.0485 1044.17
Middle: -15.2797 12.7346 1104.31
Ring: 15.2611 93.5016 1018.02
Little: 44.3463 82.6053 1035.34
Thumb: -97.5671 145.471 1086.38
Index: -30.7746 95.8507 1043.14
Middle: -7.42401 11.7416 1106.11
Ring: 21.7752 90.1954 1016.52
Little: 54.8764 89.8765 1034.87
Thumb: -93.2885 142.582 1085.66
Index: -26.1683 89.2166 1041.43
Middle: -0.966874 10.235 1106.18
Ring: 24.1141 81.7936 1017.02
Little: 57.3483 84.2373 1034.77
Thumb: -88.9659 140.536 1085.48
Index: -21.2037 76.4147 1026.91
Middle: 6.58472 9.52786 1107.27
Ring: 30.6016 81.1563 1014.42
Little: 65.5808 88.7924 1033.35
Thumb: -85.2384 143.443 1088.59
Index: -15.5448 76.5859 1024.61
Middle: 14.8251 9.63801 1109.52
Ring: 36.5172 81.6189 1013.17
Little: 71.1091 87.7982 1031.92
Thumb: -84.134 142.644 1090.75
Index: -7.23408 72.4716 1023.73
Middle: 22.6055 8.63958 1100.6
Ring: 45.0256 84.3757 1012.56
Little: 77.6725 89.0051 1032.76
Thumb: -78.5096 143.173 1096.14
Index: -1.34753 73.5268 1024.89
Middle: 28.648 8.6155 1102.94
Ring: 50.3949 86.1245 1013.25
Little: 82.6238 88.2449 1033.78
Thumb: -73.7996 141.85 1095.84
Index: 4.62551 68.2944 1024.81
Middle: 35.3449 8.64194 1105.45
Ring: 55.8911 84.6878 1014.29
Little: 87.8532 87.6538 1034.84
Thumb: -64.7638 144.813 1094.55
Index: 10.8575 68.8546 1024.44
Middle: 39.8183 10.0637 1108.24
Ring: 64.1613 88.521 1013.72
Little: 94.9158 85.5451 1035.18
Thumb: -61.3722 148.019 1096.2
Index: 16.0296 69.7582 1024.48
Middle: 46.5683 10.0527 1108.84
Ring: 68.7479 86.6804 1014.12
Little: 101.669 91.9807 1034.99
Thumb: -57.0548 148.182 1096.77
Index: 18.9877 71.1576 1024.59
Middle: 49.2008 8.15703 1108.98
Ring: 72.3198 88.0442 1014.17
Little: 104.652 87.5976 1035.28
Thumb: -51.3398 150.149 1103.7
Index: 17.1476 73.775 1027.51
Middle: 47.9954 7.81143 1112.15
Ring: 70.1811 83.8761 1015.49
Little: 103.139 82.3263 1035.41
Thumb: -50.4918 151.414 1113.64
Index: 12.8386 68.5486 1033.52
Middle: 45.9254 8.64055 1109.29
Ring: 64.1905 82.2271 1017.38
Little: 101.127 90.1721 1033.4
Thumb: -45.1913 153.28 1124.14
Index: 9.40084 57.6644 1043.28
Middle: 39.7189 10.6538 1107.07
Ring: 60.2835 26.4582 1083.96
Little: 97.6965 90.0404 1031.07
Thumb: -37.3004 158.183 1135.2
Index: 0.793936 43.1913 1069.74
Middle: 33.9369 14.1881 1111.44
Ring: 52.8169 25.4108 1089.25
Little: 86.6478 90.118 1030
Thumb: -30.9936 160.154 1144.92
Index: 5.55203 56.0736 1069.43
Middle: 32.2574 25.9079 1111.26
Ring: 47.0836 32.1768 1086.24
Little: 71.1396 55.652 1060.61
Thumb: -23.9457 165.894 1154.59
Index: 37.2678 45.5413 1110.84
Middle: 28.3295 29.6289 1121.67
Ring: 35.7089 36.5365 1089.17
Little: 62.0992 72.1156 1048.27
Thumb: -16.9671 166.325 1156.95
Index: 40.1018 40.624 1114.38
Middle: 28.0912 30.0152 1128.06
Ring: 32.0421 53.7987 1083.79
Little: 84.695 97.8686 1056.1
Thumb: -11.9101 166.72 1165.01
Index: 44.1111 44.4056 1115.18
Middle: 33.1601 35.0554 1128.62
Ring: 30.0858 53.4575 1085.32
Little: 82.8557 103.138 1052.87
Thumb: -6.23236 167.155 1169.04
Index: 33.1058 50.3728 1109.95
Middle: 33.1455 36.3547 1129.79
Ring: 30.2229 62.6155 1086.9
Little: 80.224 103.824 1050.83
Thumb: 4.16341 169.252 1176.14
Index: 32.8166 53.7812 1108.6
Middle: 35.1507 32.0012 1126.46
Ring: 30.0294 63.266 1089.2
Little: 75.3961 104.691 1046.05
Thumb: 12.1955 170.69 1182.66
Index: 35.6496 55.2873 1107.87
Middle: 37.3827 33.8984 1127.09
Ring: 32.5689 64.9263 1090.18
Little: 75.1197 107.526 1045.39
Thumb: 22.6055 172.743 1188.56
Index: 33.2056 57.6845 1108.74
Middle: 36.4247 35.7422 1126.55
Ring: 34.5529 64.362 1096.02
Little: 72.3648 107.957 1045.08
Thumb: 31.3462 174.879 1190.84
Index: 33.7166 58.6326 1113.03
Middle: 36.1029 36.7245 1125.24
Ring: 35.177 65.5979 1098.97
Little: 70.6376 108.662 1044.09
Thumb: 40.612 172.907 1192.42
Index: 34.1479 62.7042 1107.64
Middle: 37.3028 39.832 1127.2
Ring: 29.5537 53.8878 1107.67
Little: 70.0319 111.273 1042.87
Thumb: 44.058 171.662 1191.74
Index: 34.6173 62.8837 1108.46
Middle: 38.8806 40.9045 1129.77
Ring: 25.0897 58.1687 1104.57
Little: 70.5631 113.584 1041.31
Thumb: 45.6639 170.816 1191.46
Index: 36.6201 59.1833 1108.99
Middle: 37.8969 41.4763 1131.29
Ring: 24.8199 57.133 1105.7
Little: 69.026 112.323 1040.99
Thumb: 44.8393 168.441 1193.02
Index: 30.4167 63.2301 1109.89
Middle: 39.4127 40.6828 1133.75
Ring: 24.3539 57.3176 1107.62
Little: 69.8237 112.11 1043.54
Thumb: 47.5234 169.082 1193.21
Index: 29.1616 63.8811 1109.78
Middle: 39.4799 42.0688 1134.18
Ring: 23.376 57.6442 1108.05
Little: 67.726 111.7 1043.17
Thumb: 46.7159 165.854 1192.26
Index: 28.5845 63.7756 1110.04
Middle: 39.2576 42.1434 1135.2
Ring: 23.6579 56.7383 1109.15
Little: 66.9781 111.654 1043.33
Thumb: 42.413 163.604 1191.56
Index: 27.6979 64.2439 1111.92
Middle: 38.5306 42.2994 1137.15
Ring: 21.4408 57.8909 1109.98
Little: 66.2641 112.011 1044.57
Thumb: 40.2834 161.873 1190.61
Index: 26.8903 64.005 1111.5
Middle: 35.9294 43.582 1137.79
Ring: 20.6061 57.6754 1109.24
Little: 66.4973 111.462 1044.61
Thumb: 36.7132 160.451 1188.26
Index: 25.8894 64.318 1111.33
Middle: 34.722 43.7373 1137.28
Ring: 19.0919 58.6076 1108.5
Little: 65.809 110.209 1045.3
Thumb: 31.8867 157.619 1190.53
Index: 20.5882 64.8313 1114.4
Middle: 29.7501 41.2367 1139.84
Ring: 13.0668 60.5874 1108.09
Little: 51.6015 114.488 1040.2
Thumb: 26.9559 155.399 1189.99
Index: 16.1175 61.0467 1114.38
Middle: 22.9784 39.9045 1137.86
Ring: 7.95491 59.8329 1105.32
Little: 48.759 111.83 1039.23
Thumb: 19.7779 153.014 1187.02
Index: 15.2883 60.5086 1113.48
Middle: 21.0926 39.1105 1138.84
Ring: 5.82919 61.6221 1103.48
Little: 64.5152 103.925 1051.34
Thumb: 14.2807 148.928 1180.94
Index: 14.8104 61.0722 1113.59
Middle: 18.6199 39.8514 1137.44
Ring: 5.37055 61.192 1103.92
Little: 63.673 104.157 1051.08
Thumb: 9.26703 146.813 1177.23
Index: 12.2135 62.1952 1113.36
Middle: 17.9519 40.9809 1142.3
Ring: 3.02422 60.2535 1104.49
Little: 61.1162 103.486 1051.53
Thumb: 3.10754 141.377 1172.22
Index: 10.024 61.0128 1113.88
Middle: 15.3209 39.4215 1141.37
Ring: 2.25135 60.2359 1104.13
Little: 60.7111 102.326 1052.93
Thumb: -3.85785 138.793 1172.44
Index: 8.19987 58.9187 1116.02
Middle: 14.4904 35.9702 1142.58
Ring: 2.34494 56.7744 1105.55
Little: 59.2676 98.7694 1055.92
Thumb: -7.94116 134.222 1165.9
Index: 11.2166 51.9964 1114.83
Middle: 10.8225 37.9752 1140.33
Ring: 5.83251 47.5637 1110.55
Little: 58.5721 97.9181 1053.83
Thumb: -12.6303 129.892 1161.71
Index: 9.9119 44.5408 1116.02
Middle: 7.51439 37.2022 1141.36
Ring: 12.1321 36.8744 1117.15
Little: 41.1764 98.7661 1041.88
Thumb: -17.0119 124.917 1159.18
Index: 9.8763 41.3251 1112.47
Middle: 3.80795 43.9779 1134.11
Ring: 11.4195 34.8364 1117.37
Little: 36.5988 97.104 1040.65
Thumb: -18.0797 120.428 1152.58
Index: 6.94388 36.5083 1108.72
Middle: 1.20973 43.8002 1128.15
Ring: 8.47011 30.7653 1114.21
Little: 31.2463 94.293 1035.13
Thumb: -18.5621 117.435 1146.94
Index: 13.6657 29.6816 1108.73
Middle: -7.45226 47.4414 1119.9
Ring: 2.9963 35.6341 1106.27
Little: 29.1374 95.745 1031.06
Thumb: -19.941 114.146 1146.57
Index: 12.6431 28.7217 1106.58
Middle: -10.2869 46.865 1116.35
Ring: 2.05528 33.7805 1104.73
Little: 45.8612 90.9711 1040.85
Thumb: -22.7501 112.796 1142.87
Index: 6.32156 33.1065 1107.41
Middle: -15.6031 51.5791 1113.74
Ring: -1.13572 35.5021 1105.54
Little: 43.9453 90.8008 1041.57
Thumb: -23.7813 113.035 1142.22
Index: 3.07711 37.2523 1109.81
Middle: -20.4003 54.367 1111.84
Ring: -4.33049 37.9705 1107.04
Little: 43.3186 91.522 1043.25
Thumb: -24.9773 114.877 1141.27
Index: -3.39163 41.953 1112.24
Middle: -24.7078 59.0435 1115.41
Ring: -8.80557 42.5591 1109.1
Little: 22.8245 98.1284 1029.27
Thumb: -23.2111 116.635 1140.08
Index: -5.92395 45.3296 1121.77
Middle: -28.0804 68.8907 1114.79
Ring: -13.1471 46.6373 1117.21
Little: 28.5121 97.7139 1027.49
Thumb: -25.5811 115.684 1137.25
Index: -11.6038 48.5444 1124.19
Middle: -26.5768 75.5475 1115.44
Ring: -18.7298 49.6367 1119.02
Little: 24.2936 96.9758 1028.2
Thumb: -28.683 114.302 1136.73
Index: -19.2628 48.4851 1126.34
Middle: -14.1948 91.777 1104.85
Ring: -27.2928 53.2878 1116.13
Little: 19.733 92.251 1028.12
Thumb: -31.6705 112.656 1135.37
Index: -28.9959 54.6703 1121.8
Middle: -38.5886 88.4414 1096.11
Ring: -31.5587 52.3512 1118.47
Little: 15.8868 91.2823 1028.32
Thumb: -33.8803 112.801 1135.69
Index: -35.4248 60.0351 1120.89
Middle: -46.6482 87.8176 1095.19
Ring: -35.2724 54.6274 1118.61
Little: 13.945 90.184 1030.41
Thumb: -35.5111 113.077 1133
Index: -37.9609 60.1329 1122.9
Middle: -53.3924 90.0664 1094.61
Ring: -41.8703 56.1853 1120.01
Little: 15.4929 91.414 1031.04
Thumb: -37.6361 112.424 1132.23
Index: -42.8575 63.6555 1120.23
Middle: -55.833 90.0107 1094.6
Ring: -44.3366 56.1672 1120.42
Little: 14.9783 91.2456 1032.32
Thumb: -39.1229 113.865 1130.34
Index: -41.8279 62.6788 1121.46
Middle: -57.0407 89.7929 1093.59
Ring: -46.0197 58.1007 1117.01
Little: 14.1952 90.38 1030.68
Thumb: -40.1197 113.902 1129.47
Index: -42.4704 62.2848 1121.33
Middle: -58.8783 89.4384 1093.22
Ring: -46.6819 57.4617 1118.6
Little: 14.0051 90.4201 1030.21
Thumb: -42.8126 113.215 1127.43
Index: -44.088 62.2765 1120
Middle: -62.7339 86.9523 1093.49
Ring: -48.2673 56.8405 1117.55
Little: 12.6758 90.6554 1029.43
Thumb: -45.2575 114.008 1130.11
Index: -44.9447 60.8883 1120.1
Middle: -61.6902 88.7891 1091.18
Ring: -49.4214 56.3766 1115.79
Little: 9.25026 91.3688 1028.71
Thumb: -46.4068 115.536 1135.65
Index: -44.5779 60.8506 1118.36
Middle: -61.1353 85.9258 1091.24
Ring: -50.1035 52.3811 1115.22
Little: 7.46684 90.8251 1027.12
Thumb: -49.6933 119.759 1142.6
Index: -40.5365 59.2817 1116.93
Middle: -61.2328 83.4857 1089.17
Ring: -47.2833 50.5535 1109.59
Little: 1.6469 93.3614 1024.63
Thumb: -49.5573 124.088 1144.21
Index: -35.927 59.0505 1110.09
Middle: -61.5726 73.4075 1092.09
Ring: -41.4734 49.2041 1099.95
Little: 2.43343 98.3413 1018.98
Thumb: -51.4383 128.578 1146.72
Index: -29.3919 54.3542 1107.57
Middle: -44.4683 75.6836 1095.79
Ring: -38.5022 54.2936 1090.05
Little: -2.70984 100.252 1016.29
Thumb: -52.0989 133.248 1148.97
Index: -30.1374 53.3771 1107.44
Middle: -45.8316 73.7654 1095.59
Ring: -38.7579 56.9006 1086.75
Little: -1.87141 99.9926 1015.97
Thumb: -52.8678 136.192 1149.7
Index: -33.9099 64.1548 1104.89
Middle: -40.7744 65.016 1090.12
Ring: -36.8106 57.2777 1085.86
Little: -1.68119 98.8914 1015.97
Thumb: -53.899 138.538 1148.35
Index: -30.3368 55.845 1104.53
Middle: -41.36 59.8485 1088.04
Ring: -36.3682 54.6903 1084.88
Little: -3.03607 98.2069 1013.96
Thumb: -54.7058 141.527 1148.69
Index: -28.9124 55.2765 1103.67
Middle: -39.8212 52.7306 1088.54
Ring: -35.3654 53.8729 1084.77
Little: -4.23764 98.0927 1012.86
Thumb: -54.9256 145.54 1148.95
Index: -27.8503 53.0263 1099.34
Middle: -38.6284 50.8338 1084.43
Ring: -34.3238 49.3978 1081.49
Little: -5.46565 97.6889 1009.41
Thumb: -55.0638 146.887 1147.84
Index: -25.9206 50.6649 1097.84
Middle: -36.0971 50.2349 1077.27
Ring: -31.7205 44.5529 1077.81
Little: -4.13091 98.4471 1007.85
Thumb: -55.0278 150.973 1149.44
Index: -22.6167 48.3446 1098.43
Middle: -34.6924 46.6092 1077.58
Ring: -29.5883 43.2955 1077.08
Little: -4.31625 97.9457 1007.72
Thumb: -57.7018 150.721 1145.71
Index: -21.528 47.799 1096.14
Middle: -31.6563 42.7269 1072.47
Ring: -24.7199 35.3522 1076.39
Little: -5.21226 96.8645 1007.05
Thumb: -60.4759 154.202 1142.86
Index: -18.8932 43.6246 1098.31
Middle: -16.7505 54.8143 1072.75
Ring: -16.27 31.1696 1073.11
Little: 0.000320435 96.6705 1007.75
Thumb: -72.7467 152.665 1137.75
Index: -11.9534 40.289 1098.53
Middle: -11.4274 50.8666 1075.81
Ring: -4.93834 28.9545 1076.04
Little: 8.64257 99.1164 1012.48
Thumb: -76.5522 156.983 1131.5
Index: -8.89016 38.5379 1103.8
Middle: -6.23298 25.8135 1081.05
Ring: 3.05677 26.1852 1080.58
Little: 17.6507 93.5952 1016.33
Thumb: -84.1356 159.657 1121.3
Index: -7.7574 39.6061 1106.79
Middle: -10.7043 29.7302 1092.17
Ring: 8.06837 26.1723 1085.94
Little: 28.2534 96.0503 1021.12
Thumb: -87.6515 162.355 1114.38
Index: -8.49535 39.5968 1109.36
Middle: -8.11429 27.9942 1097.74
Ring: 10.7027 25.568 1090.95
Little: 32.5774 95.6549 1027.63
Thumb: -88.4039 164.105 1107.04
Index: -7.04 41.1334 1113.97
Middle: -9.12974 34.4835 1097.49
Ring: 12.3851 28.9745 1093.07
Little: 36.9128 97.2697 1034.93
Thumb: -88.9498 164.311 1100.98
Index: -8.1821 43.7512 1113.08
Middle: -7.53301 34.132 1101.35
Ring: 13.801 29.8802 1097.22
Little: 40.8762 91.5298 1042.9
Thumb: -88.9461 160.904 1096.25
Index: -9.59574 44.8641 1113.53
Middle: -8.07919 34.6812 1102.15
Ring: 14.11 29.3052 1101.2
Little: 42.4266 93.0999 1048.32
Thumb: -88.4876 155.406 1088.49
Index: -10.2749 42.2621 1112.33
Middle: -7.04296 32.5339 1100.16
Ring: 15.5355 26.847 1102.71
Little: 48.7539 94.0026 1057.89
Thumb: -88.5808 153.208 1086.16
Index: -9.26649 39.3522 1111.38
Middle: -5.50025 32.709 1096.65
Ring: 17.7695 23.9365 1104.34
Little: 50.8009 90.5778 1063.83
Thumb: -90.8173 147.7 1082.48
Index: -8.45137 33.3907 1105.42
Middle: -10.9785 92.1941 1026.14
Ring: 19.0319 19.9394 1097.43
Little: 48.7431 83.7532 1068.78
Thumb: -91.5897 140.694 1080.31
Index: -7.65788 30.6404 1101.19
Middle: -10.4347 91.8366 1026.08
Ring: 19.7057 24.886 1085.43
Little: 48.734 82.4374 1066.34
Thumb: -86.777 131.397 1066.36
Index: -9.3034 28.8838 1091.72
Middle: -6.48195 76.3598 1019.98
Ring: 19.4884 23.9718 1076.35
Little: 48.7649 79.3487 1061.92
Thumb: -87.0511 134.175 1062.91
Index: -8.78237 26.9979 1083.31
Middle: -2.91385 77.7067 1014.99
Ring: 18.7732 25.4811 1068.17
Little: 49.8815 77.4792 1057.76
Thumb: -86.6022 133.58 1066.42
Index: -12.0417 25.1912 1077.22
Middle: -4.23885 80.1591 1010.31
Ring: 18.2687 26.34 1060.24
Little: 49.5786 75.2319 1056.12
Thumb: -72.4568 123.131 1042.38
Index: -13.8605 25.4354 1068.77
Middle: -3.6152 78.6547 1008.7
Ring: 17.1622 18.413 1052.68
Little: 55.4137 81.4776 1059.57
Thumb: -40.1411 104.812 1025.06
Index: -16.2106 25.4939 1061.9
Middle: -7.75083 74.8285 1006.12
Ring: 15.2179 26.5679 1041.28
Little: 51.5678 84.5282 1054.2
Thumb: -37.6945 105.985 1022.98
Index: -17.7187 28.5045 1058.35
Middle: -8.15951 76.7714 1004.91
Ring: 15.3062 30.233 1036.05
Little: 42.952 75.1446 1031.63
Thumb: -36.1953 105.554 1021.54
Index: -17.7971 31.2206 1053.12
Middle: -9.64662 71.6229 1002.88
Ring: 14.5409 32.5186 1031.95
Little: 42.3469 75.2707 1028.85
Thumb: -37.5865 106.147 1021.11
Index: -18.0804 33.8644 1052.57
Middle: -5.29717 74.3083 1001.06
Ring: 13.6483 58.7924 1038.15
Little: 40.7741 74.1973 1027.24
Thumb: -37.2614 103.623 1021.48
Index: -20.2518 36.3981 1052.09
Middle: -7.69262 74.1102 999.491
Ring: 12.2583 62.3165 1038.64
Little: 38.7236 76.3409 1023.97
Thumb: -37.1437 103.708 1020.47
Index: -21.7943 37.2859 1050.84
Middle: -8.70088 74.8756 998.38
Ring: 11.2318 63.0442 1038.12
Little: 37.5302 75.7411 1022.61
Thumb: -37.5565 101.845 1017.71
Index: -21.5985 35.6576 1048.66
Middle: -8.19196 70.4741 994.411
Ring: 9.82641 61.7747 1033.94
Little: 35.6848 75.5959 1017.82
Thumb: -39.0071 100.537 1016.73
Index: -22.8229 36.3735 1046.24
Middle: -13.5112 73.1896 992.537
Ring: 7.93939 60.1999 1031.82
Little: 32.5702 75.6226 1014.78
Thumb: -38.3432 100.163 1013.82
Index: -24.1898 36.5242 1040.75
Middle: -11.9473 73.2441 990.237
Ring: 7.46808 60.6844 1031.69
Little: 32.7341 76.3328 1014.21
Thumb: -39.3938 98.7546 1011.31
Index: -25.6151 36.113 1040.34
Middle: -14.8301 73.0047 987.179
Ring: 4.49577 57.5415 1026.77
Little: 30.9401 77.1699 1010.62
Thumb: -42.3043 98.7665 1011.33
Index: -28.3475 37.7059 1041.31
Middle: -17.4186 70.2099 986.984
Ring: 1.54764 55.9871 1025.08
Little: 28.23 75.5203 1008.12
Thumb: -41.9677 100.532 1010.04
Index: -30.6903 37.8857 1043.91
Middle: -26.5897 68.1777 987.049
Ring: -0.744185 53.8243 1024.83
Little: 25.7419 77.5585 1006.03
Thumb: -43.5003 99.1175 1009.74
Index: -31.2539 37.8808 1043.75
Middle: -30.6171 64.9813 986.991
Ring: -6.38627 20.9574 1020.19
Little: 23.3991 76.9622 1003.75
Thumb: -43.4567 100.966 1007.56
Index: -30.2604 38.2481 1041.41
Middle: -28.2436 77.6563 984.086
Ring: -4.15643 17.3982 1022.26
Little: 25.4108 79.9223 1003.53
Thumb: -42.3338 100.303 1007.18
Index: -28.0544 35.1736 1043.61
Middle: -29.2916 73.0374 983.931
Ring: -5.04267 15.2469 1025.52
Little: 25.6089 79.785 1003.15
Thumb: -43.6397 100.92 1006.85
Index: -28.7645 36.9041 1042.59
Middle: -30.2477 75.1919 983.768
Ring: -5.16568 14.7035 1026.25
Little: 25.5095 79.5134 1003.04
Thumb: -43.9028 102.028 1007.15
Index: -29.415 38.1386 1042.95
Middle: -29.084 76.3039 983.625
Ring: -5.88033 15.229 1027.67
Little: 25.1327 78.5055 1003.51
Thumb: -46.516 100.802 1008.31
Index: -31.1518 37.6036 1045.02
Middle: -31.3283 72.1424 984.978
Ring: -9.25876 15.2679 1029.27
Little: 23.6791 79.3626 1004.54
Thumb: -52.0153 102.801 1013.12
Index: -36.6368 46.8226 1047.08
Middle: -26.5762 75.849 987.901
Ring: -12.6723 18.2075 1030.3
Little: 21.7556 78.7772 1008.39
Thumb: -54.246 102.222 1017.18
Index: -39.1046 48.0649 1053.38
Middle: -35.1969 77.7002 994.692
Ring: -15.8538 17.5419 1037.4
Little: 18.9226 75.0466 1014.5
Thumb: -81.4174 110.326 1042.35
Index: -36.2664 33.9189 1060.27
Middle: -19.3356 -3.07549 1083.36
Ring: -18.6795 15.1104 1050.82
Little: 17.9949 77.8191 1022.28
Thumb: -88.5297 111.296 1057.21
Index: -37.5329 28.7163 1071.76
Middle: -25.4284 4.7691 1076.68
Ring: -25.563 12.9628 1067.76
Little: 19.2116 77.6867 1030.93
Thumb: -93.5979 116.762 1078.01
Index: -45.7466 32.7807 1088.67
Middle: -37.9935 11.2319 1084.13
Ring: -35.102 13.0986 1089.02
Little: 17.2888 73.7509 1039.05
Thumb: -94.7808 120.853 1091.8
Index: -47.0772 32.3745 1105.21
Middle: -45.3534 19.4566 1095.18
Ring: -45.0673 20.2285 1104.82
Little: 16.5381 72.4569 1047.6
Thumb: -86.1092 122.048 1098.49
Index: -55.1363 39.644 1119.2
Middle: -46.943 21.6942 1114.26
Ring: -45.9787 25.4566 1122.88
Little: 6.44227 72.1592 1051.44
Thumb: -82.8515 128.944 1107.88
Index: -47.4859 44.1381 1142.98
Middle: -45.4916 26.0566 1134.71
Ring: -42.1933 31.6496 1139.07
Little: 14.98 77.5562 1057.53
Thumb: -78.705 137.107 1118.04
Index: -39.2874 47.5422 1146.9
Middle: -36.6725 25.5138 1149.08
Ring: -35.3388 35.2946 1148.48
Little: 13.6358 81.1841 1058.55
Thumb: -75.5972 143.023 1126.04
Index: -36.8947 51.68 1156.93
Middle: -35.9104 32.7059 1170.5
Ring: -29.3606 35.7111 1160.03
Little: 16.7484 79.2504 1066.16
Thumb: -69.9887 149.881 1128.5
Index: -54.3732 68.2816 1179.69
Middle: -37.9016 53.4869 1155.55
Ring: -22.0847 44.3184 1169.28
Little: 27.4645 89.7631 1068.49
Thumb: -65.3604 153.428 1132.91
Index: -51.4972 80.1009 1160.12
Middle: -32.5519 57.2023 1162.61
Ring: -17.1987 46.8488 1170.99
Little: 31.2643 89.6477 1071.29
Thumb: -61.12 155.768 1135.38
Index: -45.986 84.2633 1163.29
Middle: -26.416 59.8452 1163.68
Ring: -11.9833 50.7994 1169.15
Little: 33.6645 93.4992 1070.73
Thumb: -57.9167 155.996 1137.59
Index: -42.209 85.532 1161.37
Middle: -21.6355 59.2131 1159.95
Ring: -6.62436 49.1577 1168.72
Little: 40.3016 96.9362 1071.78
Thumb: -52.9517 157.195 1136.95
Index: -37.873 84.8091 1158.04
Middle: -17.2177 59.2056 1159.04
Ring: -2.59088 49.2386 1167.41
Little: 45.4485 96.979 1069.2
Thumb: -49.7392 156.04 1135.12
Index: -32.6547 80.0181 1155.77
Middle: -13.6676 56.1837 1151.51
Ring: 4.03086 46.8741 1162.71
Little: 44.6486 97.6235 1061.96
Thumb: -47.4681 150.593 1143.72
Index: -24.1253 78.6995 1149.3
Middle: -6.48458 50.8253 1141.31
Ring: 11.7648 40.5414 1155.43
Little: 50.0773 99.229 1057.43
Thumb: -46.6993 144.271 1147.69
Index: -16.7827 67.0121 1140.88
Middle: -0.248786 43.6469 1132.47
Ring: 22.8854 31.9558 1144.34
Little: 47.0027 99.9996 1049.17
Thumb: -41.4753 138.236 1141.86
Index: -8.92278 62.0289 1139.68
Middle: 5.58007 40.3447 1130.79
Ring: 26.9346 29.5336 1134.26
Little: 47.6223 99.0281 1041.16
Thumb: -38.2555 131.19 1142.48
Index: -2.49574 58.7728 1134.41
Middle: 8.43452 37.889 1125.04
Ring: 30.3301 26.7081 1129.92
Little: 48.7356 100.078 1037.86
Thumb: -37.0196 125.907 1140.88
Index: -1.18704 53.0871 1131.32
Middle: 5.20967 37.1675 1125.1
Ring: 22.0166 28.0537 1127.94
Little: 47.4287 95.3215 1035.33
Thumb: -33.0446 122.176 1141.05
Index: -0.802323 51.2429 1135.57
Middle: 4.79412 38.7769 1125.02
Ring: 15.7184 30.9346 1122.17
Little: 46.1651 96.2026 1033.39
Thumb: -26.0826 121.57 1138.48
Index: -5.93393 53.0082 1140.31
Middle: -1.47498 45.4771 1128.46
Ring: 5.32003 34.154 1123.99
Little: 47.7441 94.8834 1031.93
Thumb: -20.2907 121.286 1131.11
Index: -8.55597 62.9097 1144.13
Middle: -7.48706 49.8758 1133.65
Ring: -0.280684 43.5898 1130.43
Little: 39.4589 90.2785 1031.73
Thumb: -18.3717 118.82 1132.19
Index: -12.9289 60.9397 1150.24
Middle: -10.4419 54.3653 1135.84
Ring: -3.79789 44.8239 1134.78
Little: 43.0031 90.1831 1034.16
Thumb: -17.4627 118.634 1129.12
Index: -15.4428 61.5401 1153.15
Middle: -11.4939 53.4244 1142.11
Ring: -5.32981 47.9023 1135.77
Little: 42.1197 88.9461 1034.29
Thumb: -17.9665 115.431 1128.87
Index: -14.6888 61.5885 1157.95
Middle: -10.9579 53.5201 1143.35
Ring: -6.05412 47.9656 1135.88
Little: 44.1991 88.6574 1035.94
Thumb: -15.764 115.526 1131.5
Index: -13.835 65.4314 1159.49
Middle: -8.54297 57.0517 1143.8
Ring: -6.78011 49.6141 1137.62
Little: 47.868 88.3323 1038.8
Thumb: -14.237 114.639 1134.69
Index: -16.9799 64.0334 1154.42
Middle: -11.685 55.9686 1143.75
Ring: -8.92463 50.1612 1135.22
Little: 44.0398 86.1589 1037.23
Thumb: -14.8219 115.712 1135.27
Index: -18.4914 67.7823 1158.4
Middle: -13.2057 57.7262 1149.07
Ring: -9.07126 52.3688 1140.86
Little: 41.6456 83.4455 1039.4
Thumb: -16.3234 114.982 1133.1
Index: -21.4613 68.6528 1154.61
Middle: -16.409 60.1519 1148.2
Ring: -10.0477 53.3686 1143.29
Little: 46.2966 83.1745 1042.64
Thumb: -16.7959 114.523 1133.23
Index: -23.4909 69.9553 1150.53
Middle: -18.2413 58.9081 1148.33
Ring: -11.3156 51.8207 1142.96
Little: 44.3688 83.7849 1042.5
Thumb: -16.9158 116.311 1133.88
Index: -26.0657 74.1217 1149.92
Middle: -19.3996 63.2282 1143.38
Ring: -14.8313 53.1579 1140.94
Little: 41.0046 83.9206 1041.36
Thumb: -18.4804 116.893 1133.36
Index: -28.9366 78.0761 1142.29
Middle: -22.5834 63.659 1141.26
Ring: -16.1202 54.1034 1143.26
Little: 40.3792 83.7542 1041.77
Thumb: -18.7882 115.753 1134.41
Index: -29.8572 79.4088 1141.19
Middle: -22.9816 63.1853 1141.65
Ring: -16.587 54.0543 1143.21
Little: 39.2606 85.1118 1042.02
Thumb: -19.4346 116.787 1136.81
Index: -30.0294 78.4334 1141.71
Middle: -22.9177 62.2042 1141.88
Ring: -16.5671 53.5578 1143.09
Little: 38.3602 85.2094 1042.03
Thumb: -19.1104 116.4 1136.68
Index: -29.7986 78.6812 1141.5
Middle: -22.5615 61.7056 1142.68
Ring: -16.3273 53.4207 1143.3
Little: 38.4335 85.2626 1042.2
Thumb: -18.8729 116.056 1136.17
Index: -29.3665 78.4493 1141.92
Middle: -22.1113 61.6835 1143.5
Ring: -16.2865 53.1617 1143.34
Little: 38.5489 84.7746 1042.69
Thumb: -18.4594 116.368 1137.11
Index: -29.3604 78.4656 1141.95
Middle: -22.116 61.7162 1143.35
Ring: -16.2675 53.2182 1143.48
Little: 38.5465 84.7141 1042.68
Thumb: -17.9697 117.064 1135.16
Index: -29.5201 78.6446 1141.73
Middle: -24.5995 71.759 1135.43
Ring: -15.4468 53.4747 1145.04
Little: 38.1174 84.2967 1041.71
Thumb: -18.7344 119.11 1136.25
Index: -30.0185 79.6223 1141.16
Middle: -24.9283 73.1176 1134.42
Ring: -15.8548 53.8498 1145.8
Little: 38.5285 84.5609 1042.08
Thumb: -20.1856 121.518 1137.73
Index: -31.9027 82.3165 1140.75
Middle: -26.4043 73.4933 1135.65
Ring: -17.7388 54.923 1146.61
Little: 38.021 84.3129 1043.46
Thumb: -21.4972 124.94 1140.11
Index: -33.5133 83.8134 1140.32
Middle: -28.0187 75.8283 1135.77
Ring: -20.3217 56.3854 1144.3
Little: 38.0401 86.2276 1043.99
Thumb: -22.7388 125.961 1144.52
Index: -29.4372 80.6994 1135.58
Middle: -29.9323 75.4393 1137.91
Ring: -20.7139 54.0332 1144.58
Little: 35.4027 87.0902 1044
Thumb: -21.953 130.897 1147.81
Index: -23.0593 71.0188 1133.87
Middle: -26.1598 77.2 1137.08
Ring: -17.9289 53.724 1139.45
Little: 35.0985 89.4724 1043.73
Thumb: -19.7243 133.613 1153.64
Index: -25.4218 71.9703 1163.23
Middle: -22.0452 73.1772 1133.89
Ring: -12.3039 50.5094 1139.28
Little: 36.7705 91.7283 1041.43
Thumb: -15.0868 137.309 1162.21
Index: -23.6052 85.9079 1149.86
Middle: -18.1608 68.8376 1133.59
Ring: -7.60165 45.9682 1137.19
Little: 31.5632 95.7638 1035.1
Thumb: -9.42573 139.677 1165.12
Index: -30.4137 88.768 1146.12
Middle: -15.2853 60.0297 1142.31
Ring: -6.14742 45.0418 1131.31
Little: 32.7979 96.5282 1031.73
Thumb: 0.459406 144.661 1166.89
Index: -23.1589 91.61 1144.36
Middle: -11.3714 54.1784 1149.11
Ring: 2.58032 42.942 1134.81
Little: 45.1191 88.0818 1045.27
Thumb: 8.67134 146.189 1172.46
Index: -20.2699 88.5802 1144.88
Middle: -6.42137 49.8277 1150.72
Ring: 6.538 41.4345 1132.9
Little: 45.2609 89.0009 1043.43
Thumb: 12.7714 144.621 1175.05
Index: -18.2203 85.6553 1146.31
Middle: -3.41386 47.5021 1150.85
Ring: 10.5626 38.9487 1133.79
Little: 45.298 89.02 1043.13
Thumb: 18.2266 140.619 1177.99
Index: -14.9617 82.1054 1145.48
Middle: -1.85492 45.6254 1146.19
Ring: 12.8212 36.078 1130.91
Little: 45.5838 89.672 1041.92
Thumb: 23.947 138.397 1181.53
Index: -16.0324 75.3591 1151.3
Middle: -0.355795 42.1897 1148.18
Ring: 14.7685 33.8625 1131.59
Little: 43.5274 90.1437 1041.64
Thumb: 31.8639 135.736 1182
Index: -15.3061 71.4541 1146.41
Middle: 5.10814 33.5854 1148.67
Ring: 17.1815 31.0893 1126.2
Little: 46.2783 89.5579 1038.93
Thumb: 36.5902 134.687 1178.46
Index: -13.4757 70.1499 1146.19
Middle: 14.9483 31.7397 1151.35
Ring: 17.853 31.4372 1123.76
Little: 47.2567 88.5885 1035.97
Thumb: 32.1834 104.17 1086.12
Index: -8.72688 64.8878 1147.45
Middle: 23.3433 30.5517 1148.08
Ring: 14.357 34.6405 1113.88
Little: 47.1925 88.8521 1030.18
Thumb: 37.443 97.0441 1078.7
Index: 5.2568 65.836 1151.62
Middle: 34.4314 37.6945 1145.74
Ring: 3.99665 42.8676 1104.52
Little: 47.9447 88.1285 1022.68
Thumb: 44.8722 97.4911 1068.6
Index: 11.7209 70.325 1147.02
Middle: 39.624 37.7736 1140.56
Ring: 2.41473 50.5288 1102.19
Little: 46.3689 90.7478 1019.5
Thumb: 44.6537 95.7954 1069.88
Index: 10.8949 66.9645 1143.31
Middle: 43.4711 36.255 1139.07
Ring: 0.710655 52.948 1099.78
Little: 48.4358 93.0663 1021.43
Thumb: 42.2714 93.6749 1069.16
Index: 13.9142 57.8395 1130.54
Middle: 45.569 32.5868 1136.71
Ring: 1.527 50.229 1099.76
Little: 48.0283 91.7206 1021.16
Thumb: 41.6741 93.018 1069.33
Index: 17.3327 56.1624 1129.59
Middle: 43.1699 31.5481 1135.71
Ring: 3.27654 48.8092 1102.17
Little: 47.3913 90.9687 1022.09
Thumb: 41.222 92.21 1069.74
Index: 23.0801 51.2728 1136.55
Middle: 45.3617 26.6103 1131.21
Ring: 3.21257 48.3363 1102.46
Little: 47.0242 90.9614 1022.77
Thumb: 41.8163 91.5236 1068.71
Index: 26.3091 48.2289 1135.43
Middle: 47.201 25.3187 1129.89
Ring: 4.16257 47.557 1102.49
Little: 48.133 89.4362 1023.72
Thumb: 38.7324 93.4724 1068.11
Index: 29.6754 44.429 1145.64
Middle: 41.5223 20.8282 1124.33
Ring: 1.28623 48.503 1103.86
Little: 46.4041 93.9456 1023.8
Thumb: 64.5297 79.1726 1116.19
Index: 52.253 80.6008 1148.8
Middle: 31.6389 69.6332 1149.84
Ring: 43.7628 26.2248 1135.88
Little: 11.2576 114.916 1074.83
Thumb: 42.7772 77.7234 1110.4
Index: 52.4588 64.2791 1139.66
Middle: 35.2594 27.8581 1144.7
Ring: 21.9925 30.2241 1127.26
Little: 0.560556 121.78 1084.56
Thumb: 66.5556 63.2873 1110.8
Index: 56.854 67.1407 1135.77
Middle: 40.8704 16.0369 1131.05
Ring: 15.6572 38.3659 1131.57
Little: -3.35886 124.655 1092.24
Thumb: 126.577 91.3484 1161.81
Index: 54.2024 65.0724 1131.93
Middle: 42.4241 10.0318 1118.7
Ring: 11.6238 41.0243 1132.4
Little: -5.35627 127.614 1092.02
Thumb: 126.175 92.4945 1159.95
Index: 43.1948 24.9065 1127.35
Middle: 8.2574 96.5139 1180.07
Ring: 11.4156 37.5644 1129.45
Little: -7.1886 127.574 1092.18
Thumb: 127.735 93.3231 1157.9
Index: 43.6929 15.2771 1119.7
Middle: 8.94377 95.2902 1178.05
Ring: 12.4434 36.8613 1123.8
Little: -8.04888 59.074 1096.05
Thumb: 130.25 92.8955 1157.07
Index: 45.3833 10.8286 1114.1
Middle: 13.855 109.199 1165.67
Ring: 13.3525 36.2583 1120.78
Little: -9.54002 64.3409 1097.95
Thumb: 132.567 91.6932 1149.26
Index: 47.0354 8.66317 1107.55
Middle: 13.8692 107.491 1166.12
Ring: 13.0924 37.408 1119.61
Little: -9.32772 62.9283 1095.72
Thumb: 134.906 93.0299 1139.64
Index: 45.7701 10.2175 1109.71
Middle: 19.1558 104.205 1166.18
Ring: 14.9832 34.5749 1117.85
Little: -10.0184 61.0287 1096.46
Thumb: 135.064 93.3324 1134.6
Index: 45.3958 10.0569 1105.87
Middle: 18.3493 100.8 1168.6
Ring: 14.5022 35.2596 1116.6
Little: -10.1666 61.737 1095.05
Thumb: 135.046 96.411 1124.83
Index: 46.6497 11.7259 1104.4
Middle: 24.1597 110.628 1167.69
Ring: 16.512 35.3997 1115.95
Little: -9.81486 60.8873 1092.98
Thumb: 133.212 98.7654 1120.94
Index: 47.971 15.5241 1104.68
Middle: 27.7953 105.842 1161.63
Ring: 16.2604 42.0861 1118.69
Little: -10.1211 58.7341 1091.65
Thumb: 133.054 97.7548 1116.07
Index: 45.9533 13.3571 1098.06
Middle: 28.5765 107.8 1159.86
Ring: 15.4206 43.0971 1117.14
Little: -10.8321 57.9149 1086.4
Thumb: 130.805 96.2113 1112.26
Index: 44.7511 13.2322 1094.78
Middle: 27.4523 107.749 1157.56
Ring: 14.2968 46.1876 1114.56
Little: -11.9133 57.8568 1085.57
Thumb: 131.027 97.8333 1107.34
Index: 44.8848 15.5337 1097.3
Middle: 27.5382 110.133 1155.21
Ring: 13.605 46.2465 1109.42
Little: -13.7462 57.6176 1080.92
Thumb: 131.801 96.9032 1100.99
Index: 44.4971 13.2922 1093.23
Middle: 27.4719 106.078 1153.24
Ring: 13.2645 41.9169 1104.86
Little: -14.4325 58.1457 1078.69
Thumb: 131.738 97.6103 1100.64
Index: 42.6984 11.3535 1082.99
Middle: 26.933 104.658 1149.08
Ring: 12.4148 43.0086 1102.26
Little: -15.1268 58.4723 1075.65
Thumb: 130.676 99.084 1100.28
Index: 43.2193 12.5347 1082.54
Middle: 27.46 104.762 1147.23
Ring: 13.0549 43.4997 1100.5
Little: -15.106 58.3094 1074.35
Thumb: 129.582 99.4558 1098.68
Index: 43.637 17.4445 1088.48
Middle: 27.3399 108.737 1153.52
Ring: 10.4142 42.5645 1098.53
Little: -16.3247 57.7312 1073.04
Thumb: 128.574 99.098 1097.77
Index: 43.899 19.2028 1088.12
Middle: 24.4841 92.9767 1157.72
Ring: 10.209 42.4932 1096.4
Little: -16.6309 59.145 1074.63
Thumb: 128.208 98.7889 1095.68
Index: 43.7971 14.6475 1082.23
Middle: 25.109 99.0786 1154.79
Ring: 11.0041 42.0767 1094.9
Little: -17.096 60.9933 1076.87
Thumb: 129.589 100.013 1095.8
Index: 43.7975 14.9212 1083.48
Middle: 25.4071 90.8492 1156.49
Ring: 11.751 42.5823 1095.65
Little: -16.3729 61.5611 1075.41
Thumb: 129.206 100.026 1096.39
Index: 44.2079 15.7818 1083.11
Middle: 24.9143 91.302 1156.45
Ring: 11.4582 42.8046 1095.62
Little: -16.8612 63.0335 1077.98
Thumb: 130.105 100.43 1097.17
Index: 44.1306 15.8325 1084.31
Middle: 24.991 90.9642 1156.54
Ring: 4.51589 29.0021 1076.36
Little: -16.8488 60.7539 1075.52
Thumb: 132.406 102.762 1100.48
Index: 44.1757 15.6476 1088.14
Middle: 23.4539 90.0769 1157.54
Ring: 4.07573 29.7288 1080.38
Little: -16.7733 61.3314 1078.11
Thumb: 128.018 102.108 1104.84
Index: 43.4442 16.3079 1090.97
Middle: 20.6649 89.9071 1157.63
Ring: 4.23726 31.0632 1080.85
Little: -16.2119 58.3286 1071.31
Thumb: 127.788 101.24 1107.27
Index: 43.785 14.9646 1095.18
Middle: 16.5089 65.239 1153.15
Ring: 4.92764 29.0626 1082.63
Little: -16.1908 57.5804 1074.97
Thumb: 127.785 101.487 1110.46
Index: 44.0557 13.6861 1097.89
Middle: 19.2835 80.9717 1157.47
Ring: 4.76377 28.1768 1083.98
Little: -14.6519 55.7062 1070.49
Thumb: 128.351 99.9504 1111.04
Index: 42.4556 14.3026 1102.18
Middle: 17.5546 73.009 1159.15
Ring: 5.62759 27.2313 1085.33
Little: -14.2237 55.6001 1073.53
Thumb: 131.117 100.124 1112.48
Index: 43.925 14.527 1106.8
Middle: 16.6503 62.3215 1158.63
Ring: 6.57789 27.8626 1091.28
Little: -13.3825 54.5859 1077.48
Thumb: 131.222 100.258 1113.75
Index: 43.5676 12.9269 1110.34
Middle: 19.2487 65.2021 1164.61
Ring: 8.17989 26.4234 1096.61
Little: -13.3916 53.2041 1079.97
Thumb: 133.27 100.642 1116.45
Index: 42.5459 14.064 1113.38
Middle: 19.6978 72.5718 1167.38
Ring: 8.72728 27.1123 1101.97
Little: -11.5091 53.0401 1081.92
Thumb: 133.89 100.638 1118.96
Index: 42.421 13.9209 1119.38
Middle: 29.5317 101.587 1149.12
Ring: 8.76588 25.3013 1101.49
Little: -11.052 51.7738 1083.77
Thumb: 135.21 102.967 1123.26
Index: 42.9046 16.7681 1123.64
Middle: 32.0289 103.709 1144.94
Ring: 11.3473 26.773 1106
Little: -10.6014 53.2145 1085.32
Thumb: 132.151 101.074 1127.38
Index: 41.1921 17.7811 1129.55
Middle: 28.8811 100.956 1154.6
Ring: 10.5079 26.3009 1107.61
Little: -11.6829 54.0127 1089.96
Thumb: 128.591 98.9083 1138.32
Index: 37.1796 20.7759 1140.19
Middle: 26.068 102.288 1151.73
Ring: 12.2852 27.8222 1114.34
Little: -11.9472 53.9367 1091.95
Thumb: 120.713 98.7487 1153.65
Index: 33.0584 20.626 1145.81
Middle: 15.0393 82.0888 1154.74
Ring: 10.1007 26.9975 1115.88
Little: -10.7816 54.002 1089.77
Thumb: 123.811 100.205 1160.35
Index: 33.4539 21.0376 1150.12
Middle: 23.9709 81.3968 1133.81
Ring: 10.0171 27.8001 1118.69
Little: -9.46423 54.1105 1091.87
Thumb: 127.535 102.784 1160.46
Index: 35.266 20.5402 1150.78
Middle: 26.4695 83.2484 1136.79
Ring: 10.8895 29.0418 1120.59
Little: -26.2307 97.5164 1148.82
Thumb: 136.528 106.581 1145.85
Index: 41.2921 21.0906 1153.79
Middle: 33.055 94.9273 1145.76
Ring: 9.74401 24.6945 1121.61
Little: -22.6884 113.583 1162.64
Thumb: 132.16 105.84 1147.96
Index: 32.8907 27.1504 1154.94
Middle: 24.1713 74.1731 1136.9
Ring: 7.26587 26.8296 1121.43
Little: -23.089 112.417 1165.93
Thumb: 117.491 105.082 1169.44
Index: 18.2485 29.5825 1158.84
Middle: 17.3882 74.0585 1138.44
Ring: 3.47011 30.7044 1125.62
Little: -32.4633 92.0262 1147.84
Thumb: 66.9525 106.589 1206.87
Index: -6.02503 32.8732 1153.01
Middle: -1.07038 14.4426 1104.7
Ring: -2.81587 29.2465 1120.4
Little: -7.28545 54.5337 1098.23
Thumb: 103.349 138.551 1237.43
Index: -1.45145 28.5397 1119.65
Middle: -1.72351 14.9163 1111.88
Ring: 7.11716 26.1104 1116.96
Little: -3.62127 59.2394 1086.07
Thumb: 92.5519 140.739 1240.46
Index: -4.76041 26.3919 1120.43
Middle: -7.15352 13.8334 1111.43
Ring: 1.79043 22.7686 1114.16
Little: -1.40662 53.8807 1085.15
Thumb: 108.595 200.794 1223.99
Index: -6.85455 28.4887 1126
Middle: -9.18785 17.6218 1107.51
Ring: -0.63683 24.4899 1113.11
Little: 1.4055 52.6307 1084.78
Thumb: 98.0573 202.431 1227.06
Index: -9.08156 29.3944 1123.82
Middle: -10.1795 17.9748 1107.14
Ring: -2.3566 25.1782 1106.83
Little: 5.86607 52.1396 1084.48
Thumb: 95.3098 167.549 1233.61
Index: -7.88174 30.1118 1122.99
Middle: -9.2736 17.9041 1108.13
Ring: -3.86143 27.2121 1087.39
Little: 6.42026 51.9582 1085
Thumb: 118.564 179.483 1222.2
Index: -6.56266 49.7845 1115.61
Middle: -1.74846 37.3955 1083.7
Ring: 5.67342 40.0099 1081.49
Little: 1.15286 70.6099 1058.09
Thumb: 100.171 155.114 1234.29
Index: -8.15272 51.1163 1116.25
Middle: -0.597454 36.5941 1084.29
Ring: 6.42866 39.6752 1082.5
Little: -0.591075 73.5082 1060.23
Thumb: 123.302 152.76 1218.93
Index: -15.8118 58.4079 1134.91
Middle: 0.857527 33.4499 1086.53
Ring: 1.35549 38.9304 1084.82
Little: -9.32886 70.8781 1065.3
Thumb: -23.4699 169.923 1175.38
Index: -16.1876 59.5029 1137.63
Middle: 2.39863 30.8308 1086.91
Ring: 0.908398 38.2218 1083.62
Little: -8.46221 70.0855 1068.56
Thumb: 23.2672 211.169 1170.61
Index: 106.207 213.698 1071.24
Middle: 106.563 159.978 1168.54
Ring: 131.687 176.418 1055.66
Little: 99.2547 110.295 1120.09
Thumb: 19.5995 211.448 1166.43
Index: 109.292 212.289 1076.34
Middle: 81.0017 161.224 1174.93
Ring: 140.794 170.534 1082.33
Little: 96.0901 111.281 1128.25
Thumb: 15.1154 211.853 1160.05
Index: 108.278 208.583 1114.45
Middle: 66.5882 164.797 1178.75
Ring: 136.516 181.539 1082.51
Little: 101.182 130.343 1129.76
Thumb: 18.0149 219.971 1137.79
Index: 110.297 209.351 1102.55
Middle: 61.1513 167.815 1178.8
Ring: 137.282 174.019 1085.96
Little: 103.778 149.467 1111.49
Thumb: 6.01766 227.053 1129.49
Index: 102.586 207.039 1111.66
Middle: 56.2928 168.122 1178.83
Ring: 131.851 179.815 1077.04
Little: 94.9175 139.128 1117.57
Thumb: -16.5992 257.394 1134.34
Index: 126.203 133.214 1121.45
Middle: 76.1818 144.882 1173.82
Ring: 132.056 98.6988 1084.42
Little: 91.5785 92.8985 1133.54
Thumb: 6.86707 255.654 1123.73
Index: 123.976 137.138 1127.3
Middle: 84.8052 138.446 1171.66
Ring: 132.851 103.596 1084.21
Little: 97.1134 95.0346 1130.62
Thumb: 3.71236 256.63 1103.76
Index: 108.411 146.073 1132.18
Middle: 104.841 119.374 1154.75
Ring: 127.609 133.771 1083.29
Little: 45.5149 85.8561 1161.11
Thumb: -28.3806 258.64 1093.26
Index: 114.313 143.575 1138.84
Middle: 104.262 119.347 1153.65
Ring: 127.902 131.883 1086.46
Little: 49.4459 89.8796 1163.07
Thumb: 1.23593 260.709 1099.67
Index: 107.536 148.547 1146
Middle: 88.2237 132.276 1159.74
Ring: 127.644 130.296 1084.41
Little: 47.3607 89.412 1162.5
Thumb: 31.912 240.768 1113.68
Index: 92.8566 161.061 1157.05
Middle: 93.2127 126.165 1153.84
Ring: 126.457 132.844 1085.4
Little: 52.358 91.1812 1162.37
Thumb: 32.1948 239.035 1110.81
Index: 105.401 149.651 1145.66
Middle: 87.8283 129.632 1157.15
Ring: 126.8 131.858 1096.03
Little: 52.0688 90.1207 1161.45
Thumb: 39.4101 225.678 1113.4
Index: 106.577 148.188 1146
Middle: 90.8611 126.201 1154.85
Ring: 127.307 131.436 1096.15
Little: 51.7513 90.5453 1161.44
Thumb: 34.6988 235.714 1112.55
Index: 105.573 147.689 1147.78
Middle: 90.3385 125.821 1155.69
Ring: 127.884 131.171 1092.43
Little: 51.9432 89.9015 1161.11
Thumb: 20.7032 249.344 1110.65
Index: 104.017 149.459 1149.13
Middle: 64.0445 145.329 1165.8
Ring: 94.7186 130.143 1164.96
Little: 50.8872 91.1592 1161.74
Thumb: 37.0735 232.543 1111.44
Index: 117.676 135.002 1122.07
Middle: 70.4211 141.722 1164.73
Ring: 128.243 131.988 1101.2
Little: 49.9289 91.449 1161.68
Thumb: 34.0537 239.242 1108.74
Index: 118.487 133.191 1119.65
Middle: 84.2811 134.811 1176.91
Ring: 128.467 131.091 1100.56
Little: 50.5276 91.6777 1162.2
Thumb: 41.1356 220.259 1115.26
Index: 118.627 132.391 1118.64
Middle: 84.78 132.845 1177.65
Ring: 128.331 130.023 1090.79
Little: 50.6626 91.5657 1162.45
Thumb: 41.576 220.827 1112.48
Index: 120.408 132.664 1118.53
Middle: 59.7793 152.078 1183.42
Ring: 58.5737 125.909 1180.56
Little: 50.6938 92.3347 1163.63
Thumb: 26.0572 237.132 1107.24
Index: 114.258 133.935 1123.09
Middle: 58.6865 150.616 1186.7
Ring: 54.9039 127.393 1182.25
Little: 46.3078 93.4349 1165.49
Thumb: 10.6304 252.05 1097.35
Index: 113.699 134.533 1123.55
Middle: 58.6117 150.69 1186.62
Ring: 55.0541 127.478 1182.2
Little: 46.4474 93.497 1165.49
Thumb: 6.37729 254.304 1094.55
Index: 116.68 134.442 1121.89
Middle: 60.5332 151.408 1186.78
Ring: 56.9323 128.365 1182.56
Little: 48.922 94.1978 1166.15
Thumb: -4.45039 263.175 1087.58
Index: 102.13 151.537 1154.11
Middle: 60.3823 151.064 1186.9
Ring: 55.6036 128.397 1182.71
Little: 48.9459 94.3703 1166.19
Thumb: -27.0849 265.765 1091.77
Index: 111.842 142.596 1142.89
Middle: 60.3649 151.288 1186.89
Ring: 52.3907 128.073 1182.83
Little: 48.9647 94.4903 1166.21
Thumb: -8.57107 264.374 1085.5
Index: 113.724 141.002 1141.1
Middle: 60.4928 151.789 1186.78
Ring: 51.766 128.042 1182.8
Little: 48.987 94.5394 1166.22
Thumb: -16.1267 264.806 1094.86
Index: 120.059 137.17 1131.67
Middle: 62.0583 151.511 1186.5
Ring: 57.1636 128.34 1182.38
Little: 50.5371 94.3618 1165.82
Thumb: -1.32513 262.242 1089.08
Index: 120.648 135.094 1128.34
Middle: 62.2612 151.696 1186.35
Ring: 57.1168 128.457 1182.31
Little: 39.9891 92.2406 1165.14
Thumb: 0.563599 262.538 1092.11
Index: 127.605 127.595 1097.61
Middle: 60.2432 154.464 1187.06
Ring: 58.9878 130.516 1183.28
Little: 52.3183 96.3981 1166.79
Thumb: 5.18852 261.628 1093.98
Index: 130.647 128.875 1100.75
Middle: 61.2875 152.075 1187.89
Ring: 58.684 129.068 1184
Little: 53.1952 95.3998 1167.32
Thumb: 2.67217 264.628 1092.57
Index: 128.904 129.73 1100.28
Middle: 61.059 153.691 1187.9
Ring: 59.9203 131.421 1183.71
Little: 52.3844 97.4246 1167.04
Thumb: 4.48205 264.524 1090.9
Index: 130.971 131.267 1106.42
Middle: 63.1493 156.126 1187.21
Ring: 61.7518 131.791 1183.41
Little: 55.5083 97.9565 1166.65
Thumb: 7.51605 265.988 1091.34
Index: 130.271 136.255 1125
Middle: 66.9913 156.446 1188.26
Ring: 64.0725 133.42 1183.89
Little: 56.1273 99.3147 1167.17
Thumb: 7.73962 265.628 1091.34
Index: 136.784 135.831 1095.57
Middle: 68.9787 156.619 1188.1
Ring: 67.4441 133.589 1183.44
Little: 59.5982 99.4158 1166.45
Thumb: 11.0685 265.007 1094.63
Index: 138.424 140.839 1115.2
Middle: 68.9616 157.409 1188.19
Ring: 68.9326 133.682 1183.6
Little: 62.1777 99.6385 1166.3
Thumb: 14.4458 269.897 1094.56
Index: 140.724 149.049 1131.87
Middle: 73.5382 153.391 1190.89
Ring: 73.6799 129.682 1184.93
Little: 64.7595 96.5677 1165.55
Thumb: 14.9493 271.466 1098.64
Index: 148.266 148.479 1127.04
Middle: 80.3152 151.53 1193.09
Ring: 78.7057 128.645 1186.06
Little: 71.9001 96.4497 1165.43
