Thumb: 32.9554 91.7207 1121.92
Index: -64.5745 28.1944 1098.23
Middle: -101.42 40.8207 1097.63
Ring: -124.543 62.0639 1082.41
Little: -141.773 103.039 1080.87
Thumb: 38.5873 89.736 1105.07
Index: -69.2111 34.5638 1099.45
Middle: -102.541 37.482 1089.59
Ring: -117.728 53.1471 1076.13
Little: -105.535 137.272 1123.4
Thumb: 31.675 86.7855 1106.49
Index: -74.6527 32.6664 1097.33
Middle: -105.851 39.9921 1092.95
Ring: -120.009 58.3407 1088.5
Little: -107.949 138.804 1125.48
Thumb: 25.5886 87.1131 1107.04
Index: -77.5886 29.1228 1091.8
Middle: -107.376 39.3842 1093.92
Ring: -122.031 56.7368 1088.01
Little: -116.124 127.509 1128.35
Thumb: 20.0737 86.0816 1107.22
Index: -78.1852 31.6626 1097.68
Middle: -109.995 38.5273 1094.59
Ring: -124.738 55.8796 1088.1
Little: -117.745 125.847 1130.65
Thumb: 11.3692 85.3692 1109.45
Index: -83.0212 29.3145 1094.86
Middle: -113.079 38.682 1096.66
Ring: -126.26 58.4051 1093.69
Little: -121.033 122.816 1133.56
Thumb: 8.49065 86.2301 1108.39
Index: -84.9796 34.0761 1097.61
Middle: -112.675 38.0301 1097.1
Ring: -125.982 57.9503 1097.59
Little: -118.66 125.801 1136.51
Thumb: 2.32944 85.2159 1108.58
Index: -87.446 34.1286 1097.49
Middle: -114.013 38.6254 1098.08
Ring: -126.938 58.7499 1100.07
Little: -111.576 139.877 1139.16
Thumb: 0.631022 84.9146 1107.55
Index: -93.1612 37.2412 1096.73
Middle: -115.836 40.2211 1097.72
Ring: -127.802 61.2743 1102.74
Little: -112.317 142.774 1138.97
Thumb: -2.40408 82.6004 1106.49
Index: -96.4911 38.7123 1095.91
Middle: -119.033 41.3878 1097.21
Ring: -128.185 62.6495 1103.32
Little: -110.875 144.305 1138.86
Thumb: -7.24091 83.2646 1107.97
Index: -98.1517 38.7949 1099.17
Middle: -121.251 41.2776 1097.03
Ring: -127.535 61.8727 1106
Little: -109.183 141.726 1142
Thumb: -10.8009 82.7057 1110.34
Index: -97.4815 40.1072 1102.66
Middle: -121.691 41.521 1099.97
Ring: -127.247 60.374 1108.25
Little: -108.811 140.278 1143.65
Thumb: -10.043 81.8484 1110.05
Index: -95.1505 38.9533 1102.84
Middle: -121.008 40.8159 1099.63
Ring: -125.619 59.1295 1108.36
Little: -107.349 141.122 1143.55
Thumb: -6.7082 84.1266 1108.83
Index: -93.4384 37.3046 1100.83
Middle: -115.46 40.1782 1099.75
Ring: -120.711 57.0641 1107.91
Little: -104.951 139.508 1142.54
Thumb: -4.34982 88.2542 1105.61
Index: -85.3614 36.2473 1101.08
Middle: -108.685 38.5946 1101.09
Ring: -112.467 57.3733 1111.95
Little: -99.9228 136.129 1142.63
Thumb: -2.44208 89.925 1105.58
Index: -79.8605 30.9585 1095.91
Middle: -100.739 36.0522 1098
Ring: -105.995 56.2806 1109.94
Little: -113.674 96.7765 1107.84
Thumb: 3.11118 89.5835 1107.17
Index: -74.0435 26.4496 1092.81
Middle: -91.3007 33.5367 1101.48
Ring: -99.6917 52.9779 1112.11
Little: -111.999 81.6022 1100.17
Thumb: 11.5534 91.5103 1108.35
Index: -65.1778 25.2393 1095.24
Middle: -83.3313 33.6526 1104.54
Ring: -93.2247 50.4178 1111.03
Little: -106.638 76.7863 1097.07
Thumb: 18.0828 92.5799 1108.44
Index: -56.0443 26.1625 1098.98
Middle: -75.2232 30.7011 1104.91
Ring: -85.3149 46.6057 1109.52
Little: -100.807 74.9412 1099.27
Thumb: 26.8427 95.695 1109.99
Index: -46.7837 25.0301 1096.88
Middle: -64.8535 32.6987 1106.25
Ring: -79.2367 43.9092 1107.15
Little: -91.4457 72.7697 1098.52
Thumb: 34.1995 95.7606 1108.14
Index: -34.6151 25.7449 1100.21
Middle: -53.2167 31.2675 1105.15
Ring: -71.8281 42.2843 1108.01
Little: -84.9284 68.4775 1098.23
Thumb: 41.2264 96.32 1110.44
Index: -24.8461 32.9712 1106.25
Middle: -50.4877 26.5816 1100.07
Ring: -65.1305 41.4248 1106.12
Little: -77.3884 70.3217 1098.45
Thumb: 48.9379 93.71 1111.68
Index: -18.0896 31.0601 1106.57
Middle: -45.6266 23.931 1101.84
Ring: -57.3483 38.8635 1106.68
Little: -71.2941 67.504 1097.83
Thumb: 57.5734 94.8792 1110.47
Index: -12.6807 28.8395 1107.27
Middle: -40.016 22.0175 1100.96
Ring: -50.8309 35.7789 1107.4
Little: -63.83 64.0654 1100.85
Thumb: 62.2297 96.4283 1114.28
Index: -6.33224 25.8852 1103.41
Middle: -30.5763 20.4142 1101.91
Ring: -44.5191 33.9923 1106.23
Little: -58.4206 59.9927 1096.13
Thumb: 70.7766 90.5756 1111.52
Index: 2.25829 25.2854 1104.91
Middle: -23.9802 18.3079 1101.05
Ring: -38.258 32.9175 1104.23
Little: -50.5905 57.4782 1093.71
Thumb: 79.0328 89.8394 1112.61
Index: 12.611 23.9994 1108.25
Middle: -17.0725 15.3739 1098.39
Ring: -31.6941 31.0805 1105.21
Little: -46.4949 54.5608 1092.35
Thumb: 88.9017 94.1678 1113.83
Index: 20.2286 19.0428 1106.69
Middle: -8.26625 12.6935 1097.44
Ring: -24.4763 30.401 1106.4
Little: -42.2479 50.949 1093.91
Thumb: 108.598 92.0648 1108.12
Index: 29.8971 16.0465 1105.32
Middle: -1.69045 12.2727 1096.9
Ring: -18.799 28.7239 1104.58
Little: -36.9873 52.8853 1097.84
Thumb: 104.065 88.6942 1116.23
Index: 38.7904 11.7908 1105.96
Middle: 5.53991 6.44034 1100.68
Ring: -9.99831 26.8192 1106.63
Little: -32.322 48.1067 1104.98
Thumb: 113.391 91.1935 1117.18
Index: 47.6721 12.7829 1104.27
Middle: 12.1233 3.64104 1094.12
Ring: -0.983369 31.2002 1109.27
Little: -26.312 46.2854 1103.24
Thumb: 120.946 89.8256 1114.51
Index: 54.3847 11.7048 1105.81
Middle: 18.2992 0.465776 1093.38
Ring: 5.70796 29.5162 1113.12
Little: -20.9019 43.768 1102.66
Thumb: 129.518 90.8326 1109.37
Index: 60.4067 10.4882 1103.45
Middle: 24.8452 0.488443 1093.01
Ring: 10.0328 24.6643 1104.14
Little: -12.9978 45.476 1103.87
Thumb: 133.528 93.4625 1111.72
Index: 66.0412 12.8048 1100.12
Middle: 30.4501 2.72408 1087.89
Ring: 15.8738 26.7427 1102.88
Little: -9.78142 45.6282 1100.83
Thumb: 140.227 91.0697 1111.33
Index: 69.4976 10.0249 1099.53
Middle: 34.4668 2.8143 1086.47
Ring: 21.5519 30.3447 1102.91
Little: -6.6524 46.5631 1098.38
Thumb: 147.384 95.4801 1112.53
Index: 75.686 11.5697 1098.48
Middle: 40.4399 2.35113 1080.83
Ring: 27.4321 31.0938 1102.05
Little: -1.29374 46.2134 1097.56
Thumb: 148.387 97.3402 1112.24
Index: 80.8299 13.7565 1102.75
Middle: 45.4442 1.01315 1081.48
Ring: 31.0907 29.1388 1101.45
Little: 2.05109 43.9338 1097.23
Thumb: 152.614 99.2382 1113.63
Index: 84.7234 16.7949 1104.21
Middle: 48.8363 1.0222 1081.67
Ring: 34.4403 29.9527 1104.54
Little: 5.86792 46.8536 1100.33
Thumb: 157.809 101.569 1116.52
Index: 86.5096 14.5916 1103.37
Middle: 51.4675 1.69315 1082.78
Ring: 36.1884 28.4779 1105.62
Little: 9.89594 53.014 1102.98
Thumb: 165.125 97.8147 1114.84
Index: 90.0454 19.7461 1109.85
Middle: 52.2868 0.770016 1082.29
Ring: 37.2446 26.2928 1103.21
Little: 14.3369 59.9461 1111.92
Thumb: 166.005 97.9468 1114.23
Index: 91.9262 20.3234 1109.6
Middle: 53.7457 0.0898018 1080.06
Ring: 40.1851 30.5408 1103.18
Little: 15.6434 59.4365 1112.61
Thumb: 166.669 96.7539 1117.42
Index: 91.8777 21.2298 1110.83
Middle: 53.9411 0.187584 1078.44
Ring: 59.9071 96.1026 1159.15
Little: 22.5597 81.4318 1098.04
Thumb: 166.475 97.0036 1117.87
Index: 90.5284 21.8662 1108.23
Middle: 52.451 0.50366 1081.72
Ring: 59.8261 100.203 1153.02
Little: 21.4189 81.1778 1096.19
Thumb: 166.923 98.446 1117.98
Index: 88.7522 24.4454 1108.18
Middle: 50.3924 3.71592 1080.98
Ring: 58.7543 102.736 1153.37
Little: 25.3945 99.8934 1103.56
Thumb: 164.366 97.4904 1116.54
Index: 84.9828 25.8121 1106.08
Middle: 45.97 5.39362 1080.79
Ring: 56.2557 103.989 1153.42
Little: 18.9936 89.7934 1099.4
Thumb: 160.573 95.7485 1115.3
Index: 81.2304 25.4287 1106.31
Middle: 41.6218 5.97745 1082.86
Ring: 50.6369 94.4369 1162.71
Little: 16.1058 89.9941 1098.59
Thumb: 156.832 93.1099 1116.96
Index: 91.0524 60.6765 1102.41
Middle: 35.9879 9.49452 1081.68
Ring: 46.3959 89.8826 1163.83
Little: 14.5614 94.4417 1098.45
Thumb: 150.623 92.5167 1117.92
Index: 86.0148 60.6012 1103.89
Middle: 30.2688 11.0576 1080.98
Ring: 41.5746 91.457 1164.36
Little: 9.54875 95.1367 1096.88
Thumb: 146.674 91.2418 1119.83
Index: 81.2715 61.5556 1104.32
Middle: 24.7418 12.6801 1079.58
Ring: 36.5137 92.6316 1164.12
Little: 5.67642 97.012 1096.2
Thumb: 141.928 91.3869 1119.84
Index: 75.9942 62.4401 1105.82
Middle: 17.6184 14.5421 1080.28
Ring: 33.0966 98.8503 1164.74
Little: 0.589408 98.3769 1099.2
Thumb: 133.453 92.0586 1120.99
Index: 69.0468 62.3787 1107.08
Middle: 11.0702 15.374 1080.03
Ring: 25.5558 100.185 1164.35
Little: -4.15603 101.531 1097.52
Thumb: 124.543 93.2044 1121.86
Index: 62.9108 65.35 1107.98
Middle: 6.04892 18.802 1077.87
Ring: 18.3519 105.352 1164.14
Little: -10.2809 105.085 1094.45
Thumb: 113.101 93.6366 1122.65
Index: 55.3292 64.3576 1106.3
Middle: -1.11797 17.6893 1079.56
Ring: 10.4035 102.887 1163.24
Little: -18.117 102.916 1093.56
Thumb: 105.3 95.2368 1123.87
Index: 48.9345 64.4151 1108.84
Middle: -7.83615 17.1942 1081.68
Ring: 4.14165 105.835 1163.9
Little: -14.8269 123.492 1100.54
Thumb: 97.8515 95.6013 1126.66
Index: 43.0566 64.7538 1113.88
Middle: -15.1492 17.9692 1087.57
Ring: 2.01409 113.062 1165.11
Little: -32.5631 109.138 1140.52
Thumb: 93.1568 96.2094 1126.82
Index: 37.5849 65.3627 1115.89
Middle: -22.1294 19.3956 1088.35
Ring: -2.16271 113.938 1167.94
Little: -33.7086 117.275 1145.43
Thumb: 87.9846 96.0406 1130.28
Index: 32.9641 67.2218 1119.28
Middle: -26.559 19.7735 1090.53
Ring: -9.54798 110.388 1172.79
Little: -38.7681 118.878 1148.18
Thumb: 85.9561 95.9857 1131.48
Index: 15.6042 49.1033 1129.06
Middle: -31.2038 17.703 1095.28
Ring: -19.4279 108.605 1175.41
Little: -40.2008 59.3536 1092.82
Thumb: 81.118 97.0809 1140.57
Index: 6.18456 45.6303 1132.4
Middle: -33.4602 18.6606 1096.57
Ring: -31.5361 106.556 1175.44
Little: -44.048 61.2248 1092.47
Thumb: 67.1799 96.1786 1158.41
Index: -9.15569 52.3896 1132.34
Middle: -35.3566 14.5784 1104.63
Ring: -54.4531 85.9855 1163.16
Little: -48.3426 59.936 1084.07
Thumb: 84.2176 108.205 1197.22
Index: -32.0434 68.531 1135.37
Middle: -39.3391 17.3708 1105.82
Ring: -78.1039 89.3076 1135.3
Little: -37.4616 60.0738 1073.77
Thumb: 65.5363 151.742 1224.53
Index: -39.2793 73.0866 1130.1
Middle: -44.9542 21.0572 1107.85
Ring: -34.92 30.4571 1106.84
Little: -30.291 57.3878 1070.12
Thumb: 37.4141 147.108 1222.66
Index: -30.0057 87.5872 1135.13
Middle: -49.6561 24.9802 1110.55
Ring: -38.1516 33.702 1108.18
Little: -32.5673 59.4601 1071.31
Thumb: 58.2477 180.783 1215.59
Index: -54.2817 37.304 1120.47
Middle: -55.1607 24.8601 1115.15
Ring: -43.9056 33.3995 1109.66
Little: -39.2355 59.121 1073.45
Thumb: 49.4929 171.824 1227.86
Index: -58.5258 37.8807 1118.57
Middle: -58.9272 25.4728 1113.36
Ring: -49.0556 34.9566 1109.4
Little: -45.4852 63.1633 1073.94
Thumb: -66.041 160.108 1198.86
Index: -71.3923 44.5714 1117.61
Middle: -61.6776 25.6614 1101.35
Ring: -51.4459 34.7429 1105.11
Little: -43.4665 60.8377 1069.81
Thumb: 45.2317 87.7432 1077.86
Index: 58.0716 100.468 1112.55
Middle: -59.9577 30.5031 1123.01
Ring: -56.2811 34.7171 1119.62
Little: -55.0457 62.5779 1129.77
Thumb: 47.2417 94.4875 1100.89
Index: 40.7653 124.023 1096.06
Middle: -61.0366 33.1712 1127.99
Ring: -57.6294 36.7175 1124.83
Little: -70.6008 64.9973 1148.26
Thumb: 62.837 103 1104.3
Index: 46.6471 118.297 1114.89
Middle: -64.1403 29.4797 1123.32
Ring: -64.0961 36.0511 1124.97
Little: -79.8938 65.7275 1144.8
Thumb: 76.6469 123.243 1081.76
Index: 27.0878 124.2 1105.57
Middle: -65.1388 29.6799 1120.56
Ring: -68.1434 37.8232 1124.05
Little: -85.8776 67.409 1141.64
Thumb: 67.6434 113.872 1085.75
Index: -32.3769 48.2954 1123.33
Middle: -72.538 32.8032 1123.52
Ring: -70.7815 37.7356 1123.2
Little: -89.8174 67.4215 1138.48
Thumb: 72.1103 120.048 1085.48
Index: -51.7896 37.9209 1112.53
Middle: -79.3993 34.4249 1123.56
Ring: -73.5462 36.5427 1120.65
Little: -94.1888 66.5681 1134.25
Thumb: 79.9677 124.194 1100
Index: -48.9185 39.2737 1115.14
Middle: -79.6028 35.0501 1118.79
Ring: -74.8124 38.3457 1118.04
Little: -97.3647 68.4267 1128.52
Thumb: 69.4997 111.334 1110.76
Index: -50.1604 39.7031 1115.8
Middle: -81.7217 35.7131 1117.94
Ring: -76.7412 38.8147 1116.49
Little: -99.4581 69.0384 1126.43
Thumb: 40.9425 101.709 1122.02
Index: -49.6184 41.6751 1122.92
Middle: -82.8386 35.0357 1119.65
Ring: -77.8384 37.7511 1118.4
Little: -93.7059 81.3803 1138.38
Thumb: 31.4518 100.625 1133.27
Index: -51.575 41.0901 1122.22
Middle: -85.0797 35.386 1117.93
Ring: -80.7716 38.48 1116.95
Little: -96.511 82.8038 1135.67
Thumb: 31.6039 106.079 1139.6
Index: -52.9202 41.541 1122.98
Middle: -21.449 108.397 1194.15
Ring: -80.9897 37.3369 1116.5
Little: -98.1489 81.6034 1134.14
Thumb: 29.9831 107.107 1139.71
Index: -54.2577 43.0104 1124.17
Middle: -24.6477 110.88 1195.01
Ring: -82.1852 38.811 1116.78
Little: -99.7616 82.9281 1133.13
Thumb: 30.7852 98.8258 1132.54
Index: -56.0441 45.0835 1125.13
Middle: -33.1448 113.363 1194.87
Ring: -84.0144 39.8038 1114.29
Little: -102.499 84.8452 1127.77
Thumb: 43.361 103.113 1134.09
Index: -56.3467 45.2624 1124.6
Middle: -36.2142 115.16 1193.8
Ring: -84.3553 40.1028 1112.67
Little: -103.17 85.2812 1124.63
Thumb: 48.725 106.44 1132.38
Index: -59.8413 45.8796 1121.1
Middle: -43.2707 115.216 1189.25
Ring: -86.8129 40.7641 1108.41
Little: -105.97 86.1375 1118.67
Thumb: 56.7452 110.878 1127.26
Index: -58.7851 47.1325 1120.46
Middle: -39.8273 118.749 1186.35
Ring: -87.0798 40.3593 1105.68
Little: -106.72 83.5945 1115.97
Thumb: 49.1732 106.989 1129.94
Index: -58.3855 47.3052 1117.55
Middle: -41.8607 115.803 1185.46
Ring: -87.5676 40.5105 1102.05
Little: -107.007 82.9516 1112.51
Thumb: 27.8818 110.064 1132.91
Index: -57.8813 47.7537 1114.26
Middle: -43.0104 115.926 1183.11
Ring: -86.3719 40.7383 1098.4
Little: -106.843 82.1536 1108.81
Thumb: 52.5171 116.742 1125.21
Index: -57.5219 47.0378 1111.66
Middle: -44.6547 115.812 1181.17
Ring: -85.3229 40.395 1095.61
Little: -106.281 82.1218 1105.72
Thumb: 59.3791 113.558 1125.6
Index: -58.0936 45.6805 1107.98
Middle: -44.1538 114.528 1179.23
Ring: -86.2738 40.9728 1092.75
Little: -106.073 83.6989 1103.42
Thumb: 38.6451 105.868 1128.49
Index: -56.0655 48.1517 1109.16
Middle: -42.213 114.776 1177.87
Ring: -85.6916 40.8294 1092.41
Little: -105.305 83.4402 1103.26
Thumb: -5.19947 79.1641 1093
Index: -56.2842 47.13 1106.44
Middle: -43.0044 116.717 1176.6
Ring: -84.4317 41.9635 1092.04
Little: -104.681 84.5144 1102.13
Thumb: -33.9678 93.8658 1095.29
Index: -49.9786 55.6179 1109.29
Middle: -39.105 119.548 1175.25
Ring: -81.8837 44.0266 1091.03
Little: -102.717 86.2188 1101.79
Thumb: -28.8893 93.4777 1095.16
Index: -49.1205 54.6216 1109.21
Middle: -37.3891 121.022 1175.1
Ring: -80.2782 44.2025 1091.87
Little: -100.885 86.9845 1102.33
Thumb: -30.3527 97.4883 1097.23
Index: -47.7543 51.9452 1108.35
Middle: -33.5656 121.054 1175.83
Ring: -77.728 43.799 1093.53
Little: -98.4013 86.2188 1104.56
Thumb: 4.90669 82.1914 1086.51
Index: -44.8258 51.4791 1111.09
Middle: -31.1312 122.271 1177.42
Ring: -74.9667 42.6591 1096.64
Little: -96.563 84.6526 1107.18
Thumb: 8.31379 83.5447 1089.89
Index: -41.2902 52.6567 1115.16
Middle: -30.2951 123.735 1179.35
Ring: -71.9582 41.6073 1100.24
Little: -96.7097 74.5739 1106.41
Thumb: 11.445 86.0242 1092.34
Index: -37.661 49.0991 1113.38
Middle: -27.2927 123.739 1180.1
Ring: -67.8598 40.941 1101.27
Little: -93.3227 74.4202 1109.49
Thumb: 12.3614 87.1409 1093.52
Index: -32.0074 50.5695 1117.42
Middle: -24.6679 123.934 1182.44
Ring: -62.9854 39.851 1104.46
Little: -88.0486 79.1375 1115.01
Thumb: 16.8318 85.7769 1094.56
Index: -29.2 48.8062 1119.03
Middle: -20.5158 119.776 1183.45
Ring: -58.6322 37.5063 1108.12
Little: -83.5057 79.5732 1118.71
Thumb: 20.8963 86.9835 1095.55
Index: -23.1406 49.1741 1121.33
Middle: -13.3433 119.269 1184.84
Ring: -53.5776 36.9747 1110.73
Little: -78.2331 78.6443 1122.88
Thumb: 25.9002 84.9533 1095.9
Index: -19.2123 43.4476 1119.5
Middle: -9.49023 116.781 1186.54
Ring: -48.0542 33.2978 1111.6
Little: -74.0229 72.4551 1124
Thumb: 30.8208 81.2998 1096.64
Index: -13.2308 40.2867 1120.63
Middle: -3.41456 116.582 1189.87
Ring: -45.3397 31.9232 1112.42
Little: -69.3383 71.3153 1124.34
Thumb: 36.9163 80.2756 1098.27
Index: -6.6722 38.3469 1121.64
Middle: -0.06722 113.497 1192.13
Ring: -37.9448 29.2484 1112.14
Little: -62.9363 69.0408 1124.8
Thumb: 43.3706 79.3399 1101.15
Index: 0.976292 36.8597 1122.35
Middle: 7.27322 111.661 1192.56
Ring: -30.7725 27.2869 1112.97
Little: -56.3731 66.9049 1125.21
Thumb: 48.8717 80.4656 1102.03
Index: 8.91008 36.7605 1124.04
Middle: 12.8805 112.083 1193.6
Ring: -22.9294 26.0302 1114.85
Little: -49.3297 66.5335 1128.07
Thumb: 57.3078 78.1712 1103.51
Index: 15.483 34.2081 1124.02
Middle: 20.5383 110.261 1193.48
Ring: -16.809 23.8292 1115.05
Little: -42.9115 62.8789 1126.98
Thumb: 63.5065 80.468 1103.29
Index: 24.3237 33.2887 1123.74
Middle: 28.8868 112.607 1193.28
Ring: -7.4293 22.0109 1117.06
Little: -35.0609 59.7126 1129.97
Thumb: 69.7663 80.3044 1105.02
Index: 30.2262 33.2748 1122.95
Middle: 32.3163 111.347 1192.99
Ring: -0.601542 21.9581 1115.02
Little: -28.787 59.7182 1127.12
Thumb: 75.7474 80.2632 1100.23
Index: 36.5835 33.1459 1121.71
Middle: 41.4034 110.788 1191.9
Ring: 5.9639 21.6293 1114.69
Little: -22.1648 59.0017 1128.25
Thumb: 81.6972 80.7268 1100.12
Index: 44.501 34.753 1124.08
Middle: 43.2587 108.614 1191.43
Ring: 14.9954 19.9461 1113.81
Little: -15.3463 56.8502 1126
Thumb: 88.8525 81.4734 1102.03
Index: 52.7114 33.09 1124.17
Middle: 46.9959 109.379 1192.5
Ring: 22.2357 19.8643 1113.91
Little: -9.02842 56.5003 1125.34
Thumb: 93.8108 85.3391 1100.69
Index: 59.3222 36.3217 1121.92
Middle: 54.9875 110.579 1191.58
Ring: 31.3014 21.2146 1112.58
Little: -0.258147 56.3488 1125.25
Thumb: 99.7698 85.9577 1104.75
Index: 65.1115 36.1422 1122.87
Middle: 60.4384 112.39 1192.72
Ring: 35.976 21.2251 1113.19
Little: 4.27418 54.1553 1125.98
Thumb: 106.576 86.8347 1101.83
Index: 69.6004 39.39 1125.61
Middle: 65.5032 111.602 1193.49
Ring: 40.6755 22.9024 1113.93
Little: 9.34304 54.3227 1126.41
Thumb: 110.756 87.1068 1103.02
Index: 76.4461 37.6341 1126.02
Middle: 70.4761 110.165 1193.8
Ring: 48.4992 21.3852 1114.11
Little: 16.4293 53.3885 1125.76
Thumb: 113.321 85.514 1101.3
Index: 77.9756 36.9852 1125.24
Middle: 78.6318 112.82 1192.9
Ring: 49.482 22.1988 1114.93
Little: 19.1372 59.0059 1128.34
Thumb: 113.845 82.9185 1098.93
Index: 76.9925 31.9965 1124.09
Middle: 80.4125 107.729 1194.49
Ring: 49.2402 19.7492 1116.62
Little: 19.535 54.5966 1130.48
Thumb: 112.497 80.6823 1098.05
Index: 77.1182 32.6061 1126.26
Middle: 93.3021 107.931 1193.86
Ring: 47.2783 21.2902 1122.04
Little: 21.6038 58.3592 1139.39
Thumb: 108.624 79.7105 1092.66
Index: 126.041 97.5911 1172.16
Middle: 105.616 109.337 1192.37
Ring: 45.6826 24.3163 1128.9
Little: 24.4553 61.6693 1148.52
Thumb: 103.597 80.4185 1089.41
Index: 140.092 113.088 1162.24
Middle: 113.862 108.144 1189.97
Ring: 42.0153 27.9582 1132.19
Little: 26.243 66.7932 1153.08
Thumb: 160.823 108.895 1099.79
Index: 147.385 105.229 1156.82
Middle: 37.5417 31.0913 1142.85
Ring: 40.8158 32.9402 1140.87
Little: 31.4418 75.249 1163.2
Thumb: 130.576 112.305 1110.15
Index: 151.044 96.6874 1149.27
Middle: 36.0247 36.5698 1146.76
Ring: 38.7162 37.4004 1144.32
Little: 22.2629 66.2397 1160.41
Thumb: 158.09 111.515 1093.36
Index: 154.139 100.957 1144.27
Middle: 38.2993 38.518 1149.95
Ring: 40.4282 39.5566 1147.7
Little: 25.1641 68.1952 1164.33
Thumb: 139.895 102.116 1094.36
Index: 159.667 120.462 1123.87
Middle: 43.9843 40.2388 1151.68
Ring: 46.0824 41.2087 1148.85
Little: 33.3564 69.2148 1168.89
Thumb: 144.534 108.664 1086.35
Index: 159.398 127.703 1117.32
Middle: 49.8874 39.0831 1151.75
Ring: 51.9391 40.1649 1148.72
Little: 39.0039 67.0963 1170.43
Thumb: 149.213 115.191 1078.13
Index: 164.76 117.237 1122.07
Middle: 143.553 132.77 1136.8
Ring: 51.5072 44.8375 1164.41
Little: 45.2299 63.4809 1174.38
Thumb: 151.812 117.366 1072.33
Index: 164.856 117.972 1116.79
Middle: 144.773 131.599 1134.2
Ring: 52.9324 45.3033 1166.59
Little: 49.5433 62.7616 1173.52
Thumb: 154.874 123.927 1058.74
Index: 164.399 115.807 1117.44
Middle: 153.461 129.213 1139.69
Ring: 51.4635 47.3925 1167.9
Little: 56.6987 62.9507 1158.97
Thumb: 153.775 130.36 1053.19
Index: 164.055 117.847 1112.37
Middle: 152.952 129.914 1135.3
Ring: 51.2673 45.3868 1160.43
Little: 59.5675 62.7148 1146.17
Thumb: 151.55 129.785 1060.38
Index: 156.891 93.2465 1117.69
Middle: 151.574 127.069 1132.94
Ring: 48.8698 43.9559 1152.35
Little: 57.9684 62.2201 1138.35
Thumb: 145.048 131.391 1073.25
Index: 157.145 92.7684 1113.81
Middle: 157.774 122.261 1133.67
Ring: 50.2024 44.3717 1150.67
Little: 59.1641 62.9383 1136.57
Thumb: 151.652 136.937 1105.2
Index: 157.864 104.947 1107.03
Middle: 152.642 128.616 1127.76
Ring: 52.2106 44.0217 1147.39
Little: 58.9562 61.7103 1137.89
Thumb: 151.708 142.473 1105.76
Index: 149.283 110.013 1101.78
Middle: 150.438 130.045 1126.48
Ring: 51.2524 43.0651 1145.98
Little: 58.3748 61.0255 1136.37
Thumb: 149.92 139.702 1105.31
Index: 134.907 129.097 1090.23
Middle: 149.567 128.58 1127.48
Ring: 51.0997 42.6082 1147.28
Little: 57.3313 60.0237 1139.52
Thumb: 162.214 150.595 1105.58
Index: 133.229 128.497 1089.9
Middle: 138.697 135.033 1121
Ring: 48.7882 42.3235 1145.45
Little: 54.7311 59.4803 1139.09
Thumb: 161.515 153.313 1106.59
Index: 131.917 130.034 1090.3
Middle: 135.956 136.955 1120.87
Ring: 48.7804 41.5854 1143.61
Little: 53.7923 58.4306 1139.44
Thumb: 160.477 154.477 1095.44
Index: 130.662 124.41 1093.99
Middle: 132.785 135.282 1122.64
Ring: 47.4849 39.158 1147.74
Little: 52.6308 56.0355 1142.83
Thumb: 161.912 148.745 1109.73
Index: 141.786 119.955 1100.96
Middle: 142.45 125.944 1131.14
Ring: 44.943 38.9749 1147.52
Little: 50.2561 55.6823 1142.92
Thumb: 152.044 145.148 1102.36
Index: 141.992 121.491 1103.69
Middle: 144.92 125.82 1136.25
Ring: 43.8916 40.3587 1146.61
Little: 48.0507 56.5666 1144.51
Thumb: 143.354 136.986 1110.17
Index: 137.454 118.614 1104.86
Middle: 140.112 130.32 1134.5
Ring: 41.0943 40.9503 1148.65
Little: 45.8701 57.1424 1145.93
Thumb: 137.673 136.577 1109.29
Index: 134.101 118.648 1104.74
Middle: 151.884 116.355 1147.72
Ring: 37.9684 41.0362 1157.38
Little: 46.5091 57.9003 1147.66
Thumb: 132.772 134.041 1114.11
Index: 122.55 119.22 1101.29
Middle: 147.878 109.45 1156.96
Ring: 33.1585 40.6137 1152.84
Little: 42.8248 57.1274 1144.68
Thumb: 131.766 133.341 1117.68
Index: 118.854 117.715 1101.69
Middle: 142.745 111.255 1163.86
Ring: 28.4679 41.6604 1151.3
Little: 49.5135 63.4663 1151.36
Thumb: 140.552 121.343 1081.11
Index: 117.058 110.667 1099.16
Middle: 142.912 102.255 1164.85
Ring: 27.0342 38.9393 1155.16
Little: 48.8614 61.428 1154.64
Thumb: 138.709 129.739 1085.92
Index: 119.138 116.138 1097.28
Middle: 140.482 105.878 1168.83
Ring: 27.5829 39.1311 1152.88
Little: 48.263 61.7647 1153.27
Thumb: 157.876 135.315 1077.79
Index: 118.088 111.839 1098.63
Middle: 138.818 111.565 1166.5
Ring: 24.8874 35.8795 1152.59
Little: 46.6826 58.9607 1152.06
Thumb: 138.693 130.163 1135.53
Index: 116.966 111.49 1097.39
Middle: 134.048 98.1779 1173.97
Ring: 24.9592 36.4016 1153.6
Little: 36.826 51.5863 1143.88
Thumb: 132.374 128.991 1132.05
Index: 128.23 125.273 1093.56
Middle: 133.097 98.108 1169.33
Ring: 24.8923 36.133 1148.7
Little: 34.6363 51.3499 1140.04
Thumb: 129.308 132.559 1131.47
Index: 126.489 128.385 1096.12
Middle: 127.079 131.754 1141.07
Ring: 21.4043 36.5135 1148.81
Little: 30.1852 51.8388 1140.7
Thumb: 108.889 122.733 1131.04
Index: 138.447 126.368 1101.11
Middle: 130.22 130.779 1135.21
Ring: 22.4492 37.0705 1142.55
Little: 16.5002 55.4138 1149.24
Thumb: 108.572 120.937 1122.82
Index: 132.566 127.326 1097.75
Middle: 128.149 132.353 1135.37
Ring: 21.1275 37.909 1141.71
Little: 15.192 56.54 1149.94
Thumb: 119.027 114.727 1099.41
Index: 118.796 131.132 1085.38
Middle: 128.827 127.376 1143.89
Ring: 19.4999 40.1326 1142.81
Little: 10.86 60.3136 1153.94
Thumb: 113.414 107.091 1087.11
Index: 112.872 125.641 1082.84
Middle: 126.147 113.824 1152.79
Ring: 15.5995 41.3706 1140.77
Little: 7.99266 63.4324 1156.5
Thumb: 142.729 118.521 1084.53
Index: 109.744 123.093 1083.72
Middle: 113.265 123.016 1137.48
Ring: 9.90692 41.2925 1138.43
Little: 2.24155 62.7155 1151.74
Thumb: 145.713 128.537 1049.44
Index: 113.614 130.651 1089.58
Middle: 104.589 124.192 1137
Ring: 3.75013 40.3049 1134.7
Little: -3.11993 60.9037 1147.74
Thumb: 152.079 139.227 1058.11
Index: 106.195 131.83 1086.36
Middle: 104.529 122.756 1141.11
Ring: 2.67083 38.6241 1139.33
Little: -7.56823 58.8025 1148.7
Thumb: 154.733 156.338 1054.96
Index: 104.142 128.596 1086.26
Middle: 84.2735 128.158 1113.6
Ring: -3.79151 36.1761 1138.54
Little: -13.3173 56.4798 1148.15
Thumb: 153.311 128.766 1071.45
Index: 100.059 115.108 1087.32
Middle: 88.0722 118.239 1122.45
Ring: -13.5957 33.8391 1142.03
Little: -21.97 55.192 1150.14
Thumb: 148.336 129.263 1069.29
Index: 95.8875 104.918 1098.42
Middle: 86.0497 112.195 1131.42
Ring: -19.1683 34.1883 1144.55
Little: -21.6605 52.1628 1147.77
Thumb: 118.229 121.351 1088.75
Index: 90.4245 101.841 1112.44
Middle: 83.965 89.9247 1168.59
Ring: -26.6206 36.0342 1157.5
Little: -8.38981 50.3804 1139.95
Thumb: 81.9289 94.7111 1057.03
Index: 90.8869 100.883 1112.78
Middle: 82.4819 84.9219 1168.78
Ring: 3.38347 49.1135 1155.79
Little: -13.2132 53.4272 1153.99
Thumb: 83.1287 95.6142 1048.72
Index: 89.2297 100.133 1116.23
Middle: 78.3755 85.6815 1170.79
Ring: -11.6234 27.1198 1143.6
Little: -18.6214 57.2001 1155.5
Thumb: 79.7991 92.8056 1051.68
Index: 87.9308 99.5511 1114.12
Middle: 77.2587 86.0639 1167.74
Ring: -15.2827 28.073 1140.17
Little: -25.1548 54.4007 1145.89
Thumb: 82.2355 92.9992 1045.1
Index: 95.3532 97.1129 1123.67
Middle: 78.1783 86.7006 1166.55
Ring: -6.71086 28.4778 1142.52
Little: -23.8173 52.1446 1144.86
Thumb: 82.6457 92.5646 1041.87
Index: 91.418 83.9995 1133.95
Middle: 78.4492 90.5658 1162.77
Ring: -5.1677 26.3323 1138.34
Little: -25.6603 50.7084 1144
Thumb: 81.198 91.4021 1044.79
Index: 95.0773 95.469 1124.97
Middle: 76.2821 86.0985 1164.26
Ring: -7.01761 24.5705 1136.65
Little: -25.8564 50.2449 1143.97
Thumb: 81.0086 93.5075 1042.85
Index: 91.8116 111.326 1112.66
Middle: 79.2786 86.1911 1161.89
Ring: -4.3246 23.5448 1136.41
Little: -25.716 48.9718 1147.1
Thumb: 81.5124 99.6811 1039.49
Index: 95.4982 110.004 1117.22
Middle: 85.4907 94.5508 1156.65
Ring: 6.56445 21.9617 1127.79
Little: -19.3762 45.7513 1144.74
Thumb: 82.2166 100.049 1041.54
Index: 98.576 101.359 1122.7
Middle: 86.8608 107.506 1152.01
Ring: 9.90671 22.7188 1127.8
Little: -16.4887 45.9035 1145.34
Thumb: 70.7096 102.662 1060.92
Index: 100.344 100.123 1122.62
Middle: 88.1672 105.749 1153.62
Ring: 12.8989 22.3534 1128.63
Little: -14.1185 44.435 1145.52
Thumb: 74.1397 99.152 1054.04
Index: 99.8936 94.639 1123.41
Middle: 89.8826 98.4902 1153.88
Ring: 8.33532 25.9628 1140.06
Little: -13.2859 44.4125 1146.06
Thumb: 70.3881 93.4157 1052.3
Index: 99.6993 94.0042 1122.68
Middle: 90.2496 100.326 1152.41
Ring: 8.49769 24.2502 1136.27
Little: -16.1553 45.4952 1150.43
Thumb: 70.6524 94.8628 1051.76
Index: 96.7795 121.304 1105.17
Middle: 91.5612 100.1 1150.91
Ring: 1.40343 19.3697 1132.41
Little: -14.507 43.0741 1151.85
Thumb: 74.9713 98.0675 1039.56
Index: 95.4309 122.698 1103.01
Middle: 91.3165 103.043 1149.67
Ring: -0.80614 20.5624 1138.59
Little: -14.8085 42.5599 1152.38
Thumb: 75.1357 98.3925 1038.61
Index: 95.5665 122.566 1102.8
Middle: 91.2897 101.76 1150.01
Ring: -0.907923 20.5857 1138.61
Little: -14.7438 42.514 1152.25
Thumb: 78.9649 100.742 1038.46
Index: 98.6351 121.141 1103.96
Middle: 92.0776 102.911 1149.43
Ring: 3.55914 20.1752 1133.03
Little: -13.4712 43.3342 1151.22
Thumb: 83.8355 107.298 1032.31
Index: 96.8746 126.303 1099
Middle: 93.278 101.974 1150.13
Ring: -2.60533 23.4278 1138.95
Little: -12.0762 44.6339 1151.2
Thumb: 88.2192 108.409 1038.49
Index: 82.6131 133.257 1086.61
Middle: 92.71 106.457 1153.43
Ring: -0.810781 25.7811 1135.57
Little: -15.8655 48.8033 1153.19
Thumb: 87.6089 98.742 1064.32
Index: 84.7665 134.638 1089.79
Middle: 2.97842 22.5095 1127.7
Ring: -1.07152 27.3296 1131.76
Little: -19.7362 51.5163 1150.59
Thumb: 107.149 116.338 1051.48
Index: 97.7189 124.825 1117.8
Middle: 4.77408 20.8698 1125.07
Ring: -1.28386 30.1316 1141.03
Little: -26.3947 52.3708 1149.96
Thumb: 116.401 121.767 1061.54
Index: 93.8085 122.656 1128.29
Middle: -7.06198 23.3205 1131.57
Ring: 52.5304 107.279 1182.34
Little: -34.8463 52.4069 1148.51
Thumb: 120.986 115.268 1089.56
Index: 91.6147 118.026 1151.22
Middle: -9.14958 25.3112 1134.32
Ring: 41.6237 108.026 1190.02
Little: -40.9857 55.8654 1147.72
Thumb: 120.177 113.852 1095.68
Index: 87.1518 115.077 1164.28
Middle: -13.1293 26.1829 1134.81
Ring: 34.202 108.395 1194.33
Little: -45.4198 57.0296 1145.29
Thumb: 125.198 134.707 1082.74
Index: 18.6294 33.3469 1130.18
Middle: -16.5785 26.6317 1134.03
Ring: 28.0748 110.363 1197.19
Little: -47.2068 57.7126 1142.02
Thumb: 126.633 135.401 1089.44
Index: 18.3471 37.5742 1136.42
Middle: -13.0956 34.2874 1147.61
Ring: 22.9632 111.262 1199.69
Little: -49.6847 59.3649 1141.14
Thumb: 125.647 134.114 1092.16
Index: 18.5714 36.4579 1138.7
Middle: -14.6211 34.1374 1148.98
Ring: 16.7025 108.156 1202.15
Little: -49.8769 57.3163 1139.38
Thumb: 127.357 134.735 1099.48
Index: 17.4778 35.2449 1138.72
Middle: -16.0352 33.0105 1147.45
Ring: 15.3431 112.032 1202.04
Little: -51.2432 56.3474 1136.21
Thumb: 128.636 127.427 1103.38
Index: 17.6872 32.89 1136.82
Middle: -15.9352 30.5544 1144.62
Ring: 13.8136 107.809 1200.81
Little: -51.4636 52.5134 1131.85
Thumb: 128.078 120.577 1107.32
Index: 16.3511 30.7042 1133.71
Middle: -16.9588 29.2043 1141.41
Ring: 13.2503 106.068 1198.97
Little: -51.4718 50.5121 1127.55
Thumb: 127.02 120.807 1106.24
Index: 18.4885 32.2822 1131.52
Middle: -16.1961 29.009 1137.05
Ring: 9.34116 94.3876 1197.4
Little: -51.6394 48.0669 1122.1
Thumb: 128.413 125.051 1105.6
Index: 19.0813 30.882 1126.63
Middle: -20.1225 21.0282 1127.18
Ring: 4.61456 87.0061 1193.6
Little: -52.2041 43.399 1113.52
Thumb: 126.546 122.042 1107.75
Index: 16.6717 27.9922 1122.06
Middle: -26.1822 13.7242 1115.57
Ring: -2.19917 76.4967 1189.47
Little: -52.5513 39.8566 1107.75
Thumb: 125.412 123.757 1107.58
Index: 16.2127 26.4112 1110.38
Middle: -21.3273 18.1847 1113.14
Ring: 10.4241 91.049 1169.68
Little: -52.4891 37.8541 1099.91
Thumb: 128.136 115.347 1114.19
Index: 17.9531 28.5352 1104.74
Middle: -20.2192 18.8334 1106.48
Ring: 3.36951 69.7506 1180.3
Little: -52.7221 39.4233 1094.42
Thumb: 124.788 123.657 1112.51
Index: 18.1023 28.8136 1100.41
Middle: -20.4997 18.1705 1101.93
Ring: 4.60338 67.0343 1177.95
Little: -52.6818 39.2694 1091.35
Thumb: 125.292 127.885 1114.22
Index: 16.4711 30.5076 1096.23
Middle: -21.9589 20.3022 1097.7
Ring: 4.69141 67.9556 1175.85
Little: -51.0814 41.0715 1087.2
Thumb: 128.458 133.703 1114.22
Index: 15.7807 31.3204 1091.47
Middle: -20.0322 20.0288 1093.46
Ring: 8.18955 65.791 1173.45
Little: -51.3966 42.4337 1086.07
Thumb: 129.139 131.573 1109.31
Index: 13.2208 29.8586 1089.4
Middle: -19.9004 22.8165 1100.3
Ring: 11.267 73.33 1171.55
Little: -53.1669 42.7488 1085.14
Thumb: 127.479 128.72 1109.18
Index: 12.229 29.5304 1087.66
Middle: -22.0181 21.1143 1099.44
Ring: 8.69575 64.5236 1169.42
Little: -47.8443 49.0953 1102.93
Thumb: 126.576 128.186 1104.88
Index: 10.6666 30.2923 1086.73
Middle: -22.1083 19.6907 1096.66
Ring: 7.21548 68.572 1167.89
Little: -48.5274 49.476 1102.25
Thumb: 125.375 132.011 1097.83
Index: 8.1934 29.0066 1085.3
Middle: -22.5117 15.5461 1087.66
Ring: 6.29552 70.1684 1166.78
Little: -49.7325 48.7073 1100.76
Thumb: 122.24 130.677 1096.59
Index: 6.24123 29.1842 1084.38
Middle: -24.9655 15.9767 1087.23
Ring: 4.36899 73.3958 1164.95
Little: -51.4269 49.2076 1098.99
Thumb: 108.172 99.4923 1100.37
Index: 1.81079 26.0819 1081.54
Middle: -25.2577 15.7834 1086.3
Ring: 3.31508 69.3588 1162.32
Little: -50.0888 50.1672 1099.42
Thumb: 109.716 107.232 1102.7
Index: 2.185 26.4542 1079.07
Middle: -26.9137 18.3501 1084.94
Ring: 8.47778 97.725 1147.82
Little: -44.0466 48.9092 1095.3
Thumb: 101.881 102.38 1096.55
Index: -2.16198 23.1844 1076.41
Middle: -33.0243 14.3158 1085.48
Ring: 6.24103 96.9879 1147.23
Little: -40.851 96.8063 1129.94
Thumb: 98.7881 101.573 1095.45
Index: -0.848323 25.8707 1079.7
Middle: -31.3568 16.3137 1090.33
Ring: 6.11364 96.7828 1147.1
Little: -40.0484 97.5469 1134.67
Thumb: 97.445 103.572 1098.22
Index: -0.561237 25.6543 1078.87
Middle: -31.5639 15.4872 1086.86
Ring: 1.12963 98.3895 1146.08
Little: -42.5445 97.2676 1132.02
Thumb: 83.2925 103.222 1098.02
Index: -1.29605 25.1759 1077.37
Middle: -26.5586 15.4657 1088.41
Ring: 1.1319 98.6115 1144.36
Little: -41.4773 95.7984 1132.07
Thumb: 85.0339 102.697 1097.55
Index: -0.934412 25.5373 1077.37
Middle: -29.8186 12.0644 1084.49
Ring: 2.58132 98.0834 1143.98
Little: -42.0509 95.4296 1130.03
Thumb: 79.2604 100.475 1099.1
Index: -6.1084 26.3041 1078.97
Middle: -34.5812 8.40763 1070.6
Ring: -3.54407 96.9908 1148.68
Little: -40.9681 98.5818 1146.33
Thumb: 107.047 105.167 1094.01
Index: -3.93717 31.8149 1084.32
Middle: -39.7319 11.1367 1067.36
Ring: -7.25572 98.3873 1150.09
Little: -43.1514 103.373 1148.89
Thumb: 102.695 99.5362 1098.04
Index: -9.29159 27.3918 1087.83
Middle: -41.763 10.7077 1072.26
Ring: -10.182 99.3117 1154.08
Little: -43.5607 104.846 1151.42
Thumb: 107.799 103.245 1106.31
Index: -12.836 26.3069 1095.85
Middle: -43.3907 9.9596 1080.9
Ring: -7.20711 96.044 1162.24
Little: -40.232 102.323 1162.2
Thumb: 108.461 101.353 1107.74
Index: -16.8335 25.2864 1104.75
Middle: -45.0363 10.1825 1090.97
Ring: -4.31387 72.281 1174.86
Little: -39.1244 99.2318 1171.31
Thumb: 112.035 100.231 1107.26
Index: -25.0004 28.1847 1117.08
Middle: -36.9425 19.1824 1121.34
Ring: -6.00379 76.6497 1185.98
Little: -38.118 105.21 1180.89
Thumb: 95.632 95.0069 1116.66
Index: -38.1697 26.4862 1116.82
Middle: -38.3437 29.0605 1139.15
Ring: -5.16972 72.9505 1191.33
Little: -57.7697 56.6157 1127
Thumb: 92.2546 95.8279 1115.76
Index: -41.5043 29.4093 1128.69
Middle: -39.223 34.8269 1152.09
Ring: -0.693255 72.4735 1197.44
Little: -57.7972 60.5864 1141.24
Thumb: 115.081 94.1216 1105.72
Index: -42.8234 33.9096 1137.87
Middle: -38.0377 42.2168 1160.98
Ring: 2.73624 78.0559 1202.15
Little: -51.6853 66.0087 1160.3
Thumb: 87.9588 83.8502 1133.4
Index: -39.4874 36.9957 1144.55
Middle: -39.1103 40.7879 1168.45
Ring: 4.18161 78.0515 1206.03
Little: -44.9966 70.1378 1170.36
Thumb: 94.4191 82.1967 1118.68
Index: -37.1177 41.1874 1153.52
Middle: -33.7621 41.4252 1175.37
Ring: 14.7387 95.704 1202.69
Little: -42.2991 73.9626 1175.78
Thumb: 100.487 85.8672 1136.31
Index: -31.4082 45.4898 1161.65
Middle: -27.6946 45.5672 1182.38
Ring: 13.4226 105.858 1203.45
Little: -36.8299 80.2875 1182.36
Thumb: 134.602 103.208 1115.53
Index: -23.5098 50.3364 1172.86
Middle: -25.1311 50.2777 1189.17
Ring: 17.1979 113.953 1206.91
Little: -32.6405 85.7995 1187.71
Thumb: 68.7679 164.095 1218.75
Index: -16.8178 51.1041 1174.36
Middle: -21.4089 48.5094 1190.4
Ring: 23.3379 116.004 1207.66
Little: -21.1053 91.3779 1196.58
Thumb: 142.502 107.336 1109.33
Index: -10.5739 51.7176 1173.96
Middle: -18.7143 49.4174 1190.39
Ring: 22.6391 95.7361 1205.11
Little: -7.70832 103.48 1198.54
Thumb: 145.525 109.287 1097.64
Index: -5.66381 51.4533 1173.3
Middle: -13.4891 49.8963 1190.82
Ring: 27.3379 96.6937 1203.79
Little: -3.66212 104.041 1198.09
Thumb: 124.929 98.4206 1126.22
Index: -0.423215 52.6545 1172.1
Middle: -7.91699 50.4425 1188.54
Ring: 30.5972 98.488 1201.89
Little: -1.96177 103.992 1195.24
Thumb: 132.419 94.603 1115.01
Index: 5.05542 50.4769 1167.31
Middle: -1.5623 47.4895 1183.56
Ring: 32.6852 97.8802 1197.31
Little: -0.204805 102.694 1190.12
Thumb: 129.731 90.8059 1107.4
Index: 13.7082 47.223 1162.22
Middle: 6.03202 42.0766 1174.2
Ring: 38.1721 93.5066 1191.75
Little: 6.28649 98.5841 1185.09
Thumb: 133.818 96.649 1093.26
Index: 24.5211 41.4705 1151.76
Middle: 18.1518 35.4663 1164.78
Ring: 45.1899 89.3028 1184.52
Little: 13.0054 91.4123 1179.02
Thumb: 125.374 94.0517 1096.52
Index: 31.5094 36.3877 1144.87
Middle: 25.0948 31.72 1160.99
Ring: 49.215 90.1193 1177.43
Little: 20.1762 87.6685 1176.94
Thumb: 125.926 100.502 1092.22
Index: 35.7356 36.8889 1139.51
Middle: 27.1986 31.5812 1154.55
Ring: 36.0046 97.885 1153.87
Little: 25.8078 104.581 1181.52
Thumb: 123.94 91.7994 1094.87
Index: 21.9913 38.3496 1138.76
Middle: 10.643 35.7933 1159.75
Ring: 32.9463 99.0279 1152.37
Little: 27.1032 130.926 1189.54
Thumb: 135.196 98.919 1097.74
Index: 12.0504 33.872 1130.96
Middle: 3.47742 39.2802 1166.34
Ring: 33.9452 102.912 1153.03
Little: 23.8814 139.592 1180.58
Thumb: 136.609 94.3895 1068.92
Index: 5.23225 36.3171 1128.33
Middle: -2.9354 42.1181 1164.12
Ring: 35.3214 108.924 1149.98
Little: 25.7362 141.389 1176.98
Thumb: 131.35 89.1905 1062.43
Index: 0.775354 43.381 1132.97
Middle: -8.55507 51.9735 1167.59
Ring: 38.9641 116.269 1147.78
Little: 30.0788 147.632 1174.52
Thumb: 124.721 79.2763 1058.96
Index: -5.62302 45.8904 1138.53
Middle: -13.5978 55.9513 1172.5
Ring: 37.7789 114.074 1146.85
Little: 29.3282 146.158 1172.73
Thumb: 132.391 82.3161 1056.23
Index: -8.2332 47.5831 1140.4
Middle: -15.1172 58.2396 1174.87
Ring: 37.418 114.071 1149.26
Little: 27.9957 139.175 1176.18
Thumb: 132.293 80.9993 1042.71
Index: -8.32513 48.8462 1142.35
Middle: -12.7793 62.0567 1179.13
Ring: 36.9311 114.944 1147.98
Little: 28.7523 139.253 1176.06
Thumb: 132.568 81.9642 1042.06
Index: -9.68563 49.7345 1140.24
Middle: -11.6801 64.5312 1181.31
Ring: 37.4417 115.886 1148.57
Little: 29.4264 140.629 1176.42
Thumb: 139.478 81.6487 1034.82
Index: -2.08572 57.0109 1141.67
Middle: -5.07495 73.6518 1179.18
Ring: 43.7629 122.615 1143.71
Little: 34.4191 144.478 1170.7
Thumb: 138.143 79.4766 1033.96
Index: -2.24945 59.1181 1142.96
Middle: -6.24546 74.8369 1177.65
Ring: 43.4587 123.351 1142.23
Little: 33.2794 129.041 1180.75
Thumb: 132.583 80.1839 1036.27
Index: -1.60353 60.5784 1144.59
Middle: -6.84571 75.4089 1176.74
Ring: 43.4005 123.932 1141.57
Little: 32.3448 131.131 1181.54
Thumb: 130.298 81.6451 1035.78
Index: -1.07693 59.8767 1143.29
Middle: -8.71532 73.3543 1172.91
Ring: 42.3882 123.213 1139.76
Little: 33.0676 130.868 1179.61
Thumb: 121.613 76.3568 1045.72
Index: -1.95533 59.2294 1144.35
Middle: -16.2379 62.3615 1161.37
Ring: 37.9709 117.81 1141.91
Little: 34.2756 128.364 1179.63
Thumb: 116.199 87.335 1099.2
Index: -4.65723 60.0489 1145.3
Middle: -18.1237 62.4775 1162.19
Ring: 36.1838 117.496 1142.06
Little: 31.2628 126.481 1179.92
Thumb: 115.154 88.8685 1100.03
Index: -4.74738 60.3969 1146.41
Middle: -19.1035 63.0467 1162.46
Ring: 36.22 117.988 1142.37
Little: 30.4673 125.712 1179.92
Thumb: 110.909 90.2007 1102.43
Index: -4.87832 61.0183 1147.18
Middle: -19.3107 63.4114 1162.83
Ring: 35.6196 117.761 1142.47
Little: 30.105 126.749 1180.39
Thumb: 110.519 91.2412 1100.58
Index: -5.06102 60.3521 1146.44
Middle: -18.2461 62.4946 1163.27
Ring: 35.1987 117.434 1142.34
Little: 30.0793 126.241 1180.07
Thumb: 105.287 83.0304 1103.16
Index: -4.58415 60.3651 1147.47
Middle: -18.9287 64.5853 1164.6
Ring: 35.8118 118.878 1142.22
Little: 30.0615 126.47 1179.68
Thumb: 112.537 80.5001 1094.97
Index: -4.1682 60.3359 1147.71
Middle: -18.393 64.3444 1164.85
Ring: 36.6691 119.548 1142.23
Little: 30.4936 126.344 1179.85
Thumb: 122.04 79.4695 1092.46
Index: -4.10541 60.2884 1147.85
Middle: -18.5272 64.688 1165.13
Ring: 35.3879 117.941 1142.58
Little: 30.6602 126.515 1179.93
Thumb: 127.936 80.8598 1090.2
Index: -4.8599 61.7532 1147.83
Middle: -19.051 65.0288 1164.33
Ring: 34.7492 119.074 1142.4
Little: 29.6631 127.363 1179.51
Thumb: 115.055 83.0318 1099.69
Index: -6.00973 62.6246 1148.31
Middle: -19.9121 66.1259 1164.97
Ring: 35.2907 119.352 1142.77
Little: 30.6457 127.803 1180.3
Thumb: 126.438 95.2531 1123.48
Index: -7.96434 64.8058 1148.83
Middle: -21.0329 68.34 1165.94
Ring: 35.5176 121.047 1143.41
Little: 30.3444 128.95 1181.01
Thumb: 130.754 83.4263 1113.82
Index: -5.24462 62.2047 1148.43
Middle: -18.6571 66.3231 1165.48
Ring: 36.2916 121.285 1143.32
Little: 30.5907 129.339 1181.28
Thumb: 130.843 90.7003 1099.95
Index: -2.46633 59.4059 1146.25
Middle: -14.5278 62.6896 1163.93
Ring: 38.3147 122.03 1143.92
Little: 32.3868 126.917 1181.6
Thumb: 130.794 86.1811 1067.3
Index: 2.23224 56.0606 1145.86
Middle: -10.0174 59.7769 1163.27
Ring: 40.244 121.365 1143.52
Little: 35.4044 125.425 1181.88
Thumb: 133.419 96.1445 1103.74
Index: 5.44362 52.3262 1141.08
Middle: -5.27718 47.5561 1146.31
Ring: 41.9058 121.518 1143.42
Little: 40.727 128.789 1182.01
Thumb: 137.437 92.285 1086.47
Index: 10.2055 50.168 1141.15
Middle: -1.38595 44.8034 1143.6
Ring: 45.0883 121.276 1143.15
Little: 45.1558 127.059 1182.11
Thumb: 112.944 113.069 1122.77
Index: 14.5063 48.6892 1139.12
Middle: 2.83572 42.1884 1139.42
Ring: 45.9374 119.602 1141.65
Little: 47.3799 123.727 1180.17
Thumb: 111.639 103.336 1091.31
Index: 17.9523 46.7119 1138.8
Middle: 5.82687 41.012 1140.58
Ring: 34.154 81.5457 1159.07
Little: 49.7575 118.579 1181.26
Thumb: 96.9888 111.288 1092.6
Index: 18.0761 42.5366 1136.21
Middle: 7.64442 37.19 1140
Ring: 33.9746 78.3032 1155.75
Little: 48.2216 111.113 1176.75
Thumb: 93.1259 112.076 1079.13
Index: 21.151 40.2682 1133.97
Middle: 10.7025 33.7348 1136.51
Ring: 11.0283 53.4655 1150.24
Little: 50.7754 104.242 1172.99
Thumb: 93.4982 112.258 1079
Index: 23.8446 38.6559 1133.69
Middle: 13.3837 31.6308 1135.75
Ring: 14.5997 50.8138 1149.27
Little: 52.4077 101.705 1172.13
Thumb: 91.0727 109.802 1057.28
Index: 26.507 37.6227 1130.48
Middle: 16.4909 30.0179 1132.56
Ring: 17.8366 47.7081 1144.23
Little: 54.4093 96.8013 1169
Thumb: 102.626 110.635 1072.4
Index: 29.7826 39.867 1126.23
Middle: 19.1933 32.1126 1126.38
Ring: 21.7428 48.5467 1134.61
Little: 59.9188 101.017 1166.02
Thumb: 92.1393 125.408 1117.8
Index: 35.9574 43.1936 1122.7
Middle: 20.081 33.7192 1118.71
Ring: 23.6162 49.0026 1125.55
Little: 70.179 111.725 1159.65
Thumb: 83.5482 164.969 1098.05
Index: 47.093 52.4758 1133.07
Middle: 34.4374 37.5593 1134.73
Ring: 24.2345 49.0932 1121.24
Little: 73.3085 111.581 1157.12
Thumb: 80.9126 165.449 1095.01
Index: 51.1123 52.7704 1133.21
Middle: 40.2936 37.7268 1135.69
Ring: 39.2212 50.2817 1125.52
Little: 74.5963 111.648 1155.97
Thumb: 80.4567 164.815 1094.91
Index: 53.4736 52.0786 1130.87
Middle: 42.4429 37.368 1134.75
Ring: 40.9344 49.5024 1123.5
Little: 75.2773 109.026 1153.69
Thumb: 82.4081 154.3 1113.36
Index: 54.7709 50.3549 1129.96
Middle: 45.3351 35.451 1134.23
Ring: 44.3286 48.9501 1123.31
Little: 75.6559 106.287 1152.32
Thumb: 81.1948 160.96 1113.53
Index: 58.9109 49.1391 1130.8
Middle: 45.7517 31.4166 1130.83
Ring: 45.9873 47.9161 1124.74
Little: 75.862 102.333 1153.57
Thumb: 80.6065 159.067 1115.6
Index: 59.9927 46.4585 1129.81
Middle: 49.285 28.3816 1129.19
Ring: 48.8412 45.3133 1124.03
Little: 94.9785 140.323 1152.21
Thumb: 81.8733 156.275 1118.05
Index: 60.4238 43.8169 1130.16
Middle: 49.7054 25.9387 1130.33
Ring: 47.7901 41.2915 1124.17
Little: 92.8852 139.753 1151.52
Thumb: 79.9369 160.715 1121.87
Index: 61.4809 47.3536 1127.49
Middle: 47.6639 27.5151 1121.16
Ring: 43.6626 44.4064 1120.88
Little: 91.8418 139.592 1156.02
Thumb: 80.5165 166.259 1122.78
Index: 61.6178 51.7005 1123.22
Middle: 45.1279 31.8305 1115.79
Ring: 40.3518 49.1981 1117.43
Little: 93.2295 137.585 1156.53
Thumb: 94.2456 150.571 1061.27
Index: 141.949 95.3893 1150.59
Middle: 159.101 126.07 1155.87
Ring: 139.795 96.1818 1123.26
Little: 136.211 150.839 1069.84
Thumb: 95.6454 146.242 1063.1
Index: 145.317 97.652 1140.36
Middle: 161.409 123.713 1118.36
Ring: 140.63 98.914 1114.65
Little: 125.607 160.731 1055.36
Thumb: 95.3013 144.61 1061.61
Index: 147.051 95.716 1134.21
Middle: 162.03 123.063 1116.81
Ring: 145.524 93.304 1113.25
Little: 112.54 169.07 1049.89
Thumb: 99.2149 136.622 1063.18
Index: 148.919 98.8454 1133.93
Middle: 154.14 124.203 1109.28
Ring: 149.174 94.0299 1116.3
Little: 113.817 167.047 1048.49
Thumb: 99.2426 137.143 1059.88
Index: 149.217 99.0326 1132
Middle: 154.328 124.422 1107.36
Ring: 150.669 93.3383 1117.13
Little: 113.907 167.027 1046.56
Thumb: 99.2055 136.607 1058.6
Index: 150.907 98.6953 1128.1
Middle: 155.018 124.673 1103.99
Ring: 153.782 97.8849 1112.36
Little: 111.116 168.96 1045.2
Thumb: 93.4191 139.652 1058.19
Index: 151.542 98.2875 1123.27
Middle: 146.842 121.912 1088.09
Ring: 154.691 97.4928 1108.32
Little: 111.03 168.874 1042.03
Thumb: 96.9525 126.576 1060.04
Index: 76.1727 75.9944 1017.84
Middle: 144.227 119.865 1079.59
Ring: 154.883 92.3505 1106.1
Little: 109.191 167.741 1037.12
Thumb: 92.4256 117.958 1061.13
Index: 71.3991 82.0134 1006.31
Middle: 74.7644 109.712 1018.5
Ring: 162.026 112.416 1112.28
Little: 136.741 112.804 1105.93
Thumb: 90.1174 121.278 1056.62
Index: 64.9467 85.1847 1003.67
Middle: 75.51 112.717 1008.11
Ring: 163.957 117.06 1097.88
Little: 137.786 114.563 1098.87
Thumb: 85.1601 123.557 1057.19
Index: 62.9687 87.3575 1001.59
Middle: 76.8779 115.162 1001.03
Ring: 164.352 120.037 1092.6
Little: 138.202 116.902 1094.77
Thumb: 84.5346 121.733 1055.92
Index: 63.7986 86.3777 998.818
Middle: 74.0498 113.965 999.688
Ring: 90.5239 134.459 1004.25
Little: 138.197 115.847 1091.03
Thumb: 79.1442 122.748 1053.02
Index: 61.8789 86.6889 995.007
Middle: 73.1723 114.414 992.755
Ring: 84.7186 135.834 1001.31
Little: 136.211 116.375 1086.02
Thumb: 79.7201 121.367 1049.17
Index: 60.6472 87.5007 991.172
Middle: 79.3082 114.863 984.974
Ring: 83.5671 136.178 997.651
Little: 135.112 115.099 1081.59
Thumb: 82.5222 119.34 1046.43
Index: 60.3328 87.749 988.744
Middle: 72.0728 115.598 982.581
Ring: 85.6819 134.543 993.381
Little: 135.23 115.322 1078.65
Thumb: 82.1276 119.044 1042.45
Index: 59.8103 88.1658 985.884
Middle: 71.7933 116.008 979.839
Ring: 82.6157 135.2 991.437
Little: 134.042 115.336 1075.79
Thumb: 81.7672 120.34 1037.31
Index: 59.2083 87.7361 984.526
Middle: 76.2715 115.296 977.331
Ring: 82.3513 134.669 989.556
Little: 134.143 115.513 1073.79
Thumb: 79.6279 118.29 1035.77
Index: 56.8856 88.5695 982.158
Middle: 71.8988 116.373 975.431
Ring: 79.8162 135.497 987.69
Little: 132.157 115.304 1071.17
Thumb: 76.1673 117.502 1035.32
Index: 58.9114 88.635 980.603
Middle: 72.2953 116.484 974.229
Ring: 79.6748 135.562 986.59
Little: 131.541 114.803 1070.37
Thumb: 7.26037 50.762 1057.99
Index: 63.467 88.289 978.711
Middle: 71.1988 116.564 972.296
Ring: 80.3147 135.738 983.831
Little: 131.93 116.145 1067.76
Thumb: 6.27003 48.3709 1059.43
Index: 57.0109 89.117 978.024
Middle: 71.4253 116.975 971.392
Ring: 80.8051 136.015 982.947
Little: 131.84 115.61 1066.98
Thumb: 4.6847 44.6159 1058.8
Index: 58.3889 88.2211 978.191
Middle: 72.6504 116.295 971.62
Ring: 82.3131 137.89 983.361
Little: 132.217 116.066 1067.79
Thumb: 5.02268 45.9417 1058.67
Index: 57.9869 88.3931 978.197
Middle: 72.4741 116.446 971.56
Ring: 81.9904 138.129 983.282
Little: 132.138 116.087 1067.48
Thumb: 4.68515 44.581 1059.72
Index: 59.9509 89.045 978.941
Middle: 72.7662 117.48 972.698
Ring: 82.7098 139.358 984.575
Little: 132.351 118.079 1069.3
Thumb: 0.497524 43.1126 1062.09
Index: 61.9495 87.6933 979.823
Middle: 71.0324 116.222 974.062
Ring: 88.4882 138.066 984.515
Little: 133.034 118.196 1070.9
Thumb: 4.03255 45.4081 1063.21
Index: 63.3477 87.3152 981.208
Middle: 71.5292 115.751 976.331
Ring: 90.4031 138.488 987.495
Little: 132.685 115.745 1074.64
Thumb: 5.98573 48.3963 1063.54
Index: 59.2772 86.3844 983.866
Middle: 71.9795 114.732 978.316
Ring: 90.6434 137.464 989.548
Little: 132.399 114.836 1076.98
Thumb: 6.43476 48.4496 1065.64
Index: 59.4231 87.5344 986.401
Middle: 71.4925 116.091 980.922
Ring: 90.6726 138.749 992.009
Little: 132.974 116.212 1078.87
Thumb: 8.53862 44.8324 1070.44
Index: 64.0404 86.0636 989.256
Middle: 72.0033 114.566 984.353
Ring: 91.3856 138.914 995.595
Little: 134.1 116.034 1082.46
Thumb: 9.64773 44.7465 1073.21
Index: 62.2903 86.1255 991.661
Middle: 73.4913 114.847 985.926
Ring: 93.2343 136.829 996.613
Little: 134.429 116.92 1083.93
Thumb: 10.5189 42.3427 1076.19
Index: 62.5924 85.927 994.892
Middle: 73.0906 114.693 989.211
Ring: 93.9158 138.152 999.859
Little: 134.48 118.534 1087.7
Thumb: 11.5007 41.8564 1079.41
Index: 64.9963 86.3175 998.34
Middle: 73.7865 115.265 992.402
Ring: 93.6705 139.457 1002.71
Little: 134.93 122.435 1090.82
Thumb: 9.62283 38.2144 1082.12
Index: 64.8385 85.6705 1000.2
Middle: 72.8114 114.67 994.415
Ring: 97.0898 135.961 1004.32
Little: 135.231 122.347 1092.22
Thumb: 7.83946 40.7114 1086.33
Index: 65.3065 82.8041 1006.02
Middle: 74.3737 111.54 999.602
Ring: 98.4216 133.272 1009.41
Little: 135.245 120.293 1098.45
Thumb: 9.38482 42.5999 1088.72
Index: 68.1751 82.4065 1011.51
Middle: 70.7483 110.783 1007.24
Ring: 93.8171 139.142 1016.1
Little: 133.904 119.566 1106.81
Thumb: 13.659 46.5429 1093.75
Index: 69.8375 80.0113 1020.04
Middle: 75.7277 108.278 1016.18
Ring: 86.9744 143.79 1043.13
Little: 132.148 116.016 1120.54
Thumb: 16.8671 48.2396 1094.89
Index: 69.7377 79.3691 1024.47
Middle: 77.4486 110.081 1020.18
Ring: 97.5049 138.229 1034.85
Little: 133.142 114.515 1123.96
Thumb: 16.0129 43.8712 1100.41
Index: 69.2067 80.9322 1026.05
Middle: 74.7878 112.396 1021.85
Ring: 91.2119 134.515 1034.65
Little: 135.697 116.708 1123.21
Thumb: 19.5463 49.4341 1105.18
Index: 67.2669 84.1889 1028.14
Middle: 72.4744 112.619 1021.35
Ring: 88.3253 143.865 1032.59
Little: 139.494 125.174 1116.26
Thumb: 20.4989 51.9098 1105
Index: 67.1813 86.2166 1030.22
Middle: 75.1008 114.644 1023.24
Ring: 87.3878 144.553 1035.14
Little: 139.105 124.197 1118.74
Thumb: 16.8341 49.0769 1105.35
Index: 72.0425 78.9504 1037.18
Middle: 75.3925 106.93 1031.37
Ring: 85.6199 133.81 1043.51
Little: 130.768 121.896 1134.97
Thumb: 17.1452 47.3728 1104.33
Index: 126.193 92.3971 1165.39
Middle: 92.5723 114.633 1062.67
Ring: 141.351 121.458 1153.67
Little: 120.529 134.773 1155.02
Thumb: 8.08864 31.9076 1102.36
Index: 123.096 89.8104 1145.71
Middle: 99.2974 106.17 1075.15
Ring: 131.55 107.853 1159.32
Little: 123.528 141.498 1148.53
Thumb: 2.46895 30.6642 1095.79
Index: 135.043 90.0648 1132.22
Middle: 153.94 116.217 1138.55
Ring: 126.803 142.042 1072.79
Little: 134.609 143.821 1137.65
Thumb: -6.15405 43.719 1083.43
Index: 155.902 109.838 1130.88
Middle: 167.218 140.189 1133.16
Ring: 101.082 169.485 1079.28
Little: 148.821 158.494 1129.49
Thumb: 2.28777 45.1673 1084.87
Index: 175.321 139.661 1059.59
Middle: 178.569 169.756 1032.66
Ring: 102.103 186.478 1031.48
Little: 151.865 190.533 1049.85
Thumb: 3.1529 44.0488 1088.68
Index: 173.328 137.065 1053.52
Middle: 128.074 156.732 1019.19
Ring: 126.635 171.126 1009.55
Little: 144.914 190.729 1038.62
Thumb: 3.20807 42.0345 1087.23
Index: 165.801 137.66 1048.45
Middle: 127.404 159.858 1015.68
Ring: 128.611 170.547 1007.8
Little: 141.341 192.646 1037.83
Thumb: 2.32498 40.0919 1088.82
Index: 160.816 137.308 1034.09
Middle: 125.978 157.877 1015.54
Ring: 134.008 165.359 1007.07
Little: 137.555 192.555 1036.01
Thumb: -4.24622 47.85 1103.32
Index: 163.607 133.334 1037.9
Middle: 119.444 150.251 1013.05
Ring: 128.563 161.695 1004.96
Little: 139.341 187.276 1033.86
Thumb: -2.2519 46.7511 1109.91
Index: 169.988 149.889 1064.77
Middle: 144.626 173.211 1009.33
Ring: 156.563 152.635 1026.31
Little: 141.4 189.232 1044.36
Thumb: -16.9389 20.2128 1121.57
Index: 145.282 131.377 1052.68
Middle: 80.1836 148.861 998.559
Ring: 144.335 184.516 1056.54
Little: 115.116 166.608 1043.43
Thumb: -14.5385 20.3616 1127.49
Index: 145.176 131.052 1053.91
Middle: 92.453 153.683 995.773
Ring: 132.53 183.169 1040.43
Little: 122.648 176.894 1050.99
Thumb: 15.9263 34.6801 1091.77
Index: 143.053 131.661 1055.81
Middle: 80.6119 149.564 994.092
Ring: 122.633 179.489 1042.93
Little: 119.401 165.138 1052.79
Thumb: 18.075 38.4445 1090.64
Index: 144.341 126.78 1066.78
Middle: 94.7929 146.37 998.66
Ring: 122.55 172.848 1050.58
Little: 126.183 203.359 1074.03
Thumb: 18.2427 40.8561 1091.88
Index: 86.304 106.033 1057.13
Middle: 81.9632 140.495 999.617
Ring: 129.53 176.205 1060.83
Little: 121.275 163.826 1073.21
Thumb: 16.8899 41.4671 1096.01
Index: 83.0272 103.378 1063.78
Middle: 63.5361 127.32 1009.05
Ring: 134.191 176.543 1067.82
Little: 116.751 157.703 1074.16
Thumb: 15.605 40.8456 1096.41
Index: 83.8567 104.092 1060.76
Middle: 119.198 121.866 1032.15
Ring: 133.423 118.344 1070.45
Little: 116.774 157.616 1078.77
Thumb: 14.1758 41.3398 1096.72
Index: 80.9048 103.3 1062.71
Middle: 116.787 125.684 1032.33
Ring: 136.954 140.65 1071.47
Little: 116.043 160.729 1081.81
Thumb: 13.8181 39.0811 1097.32
Index: 83.0032 105.075 1054.02
Middle: 108.367 145.692 1018.76
Ring: 138.607 139.606 1075.59
Little: 110.683 159.925 1072.85
Thumb: 11.7192 38.7106 1095.45
Index: 78.8549 104.999 1054.83
Middle: 108.068 146.016 1020.03
Ring: 135.7 142.31 1070.21
Little: 110.101 168.148 1068.71
Thumb: 14.1209 53.1657 1096.03
Index: 69.8606 92.9465 1060.32
Middle: 122.199 128.61 1031.87
Ring: 102.128 125.578 1043.93
Little: 105.025 145.495 1065.12
Thumb: 12.0975 45.8796 1095.12
Index: 67.0951 89.5763 1062.05
Middle: 118.807 124.202 1029.84
Ring: 84.1742 128.77 1050.19
Little: 107.925 140.284 1066.64
Thumb: 12.4161 49.0036 1094.71
Index: 66.8726 90.4766 1062.88
Middle: 93.0219 120.867 1033.05
Ring: 83.238 132.184 1051.4
Little: 108.346 141.71 1066.45
Thumb: 13.1396 50.4592 1095.17
Index: 65.381 89.6734 1063.77
Middle: 98.0434 121.222 1039.56
Ring: 78.1855 132.183 1054.04
Little: 102.98 144.327 1053.92
Thumb: 13.9927 51.4376 1095.35
Index: 63.2709 89.9481 1069.72
Middle: 95.4007 120.407 1037.2
Ring: 74.2195 131.285 1057.32
Little: 101.823 140.37 1058.48
Thumb: 13.912 51.2812 1095.69
Index: 70.045 89.6842 1054.95
Middle: 104.648 122.685 1049.07
Ring: 73.7255 131.569 1060.69
Little: 94.6714 145.161 1047.44
Thumb: 13.8894 51.3204 1095.29
Index: 64.1606 89.389 1063.12
Middle: 106.409 123.115 1049.93
Ring: 77.0054 128.164 1056.2
Little: 95.3462 145.768 1047.35
Thumb: 13.8844 51.3084 1095.34
Index: 64.1627 89.3832 1063.1
Middle: 105.657 122.971 1049.6
Ring: 75.187 129.585 1062.16
Little: 74.2328 160.136 1047.95
Thumb: 12.5634 52.1094 1097.34
Index: 63.1388 88.2337 1070.6
Middle: 103.111 119.323 1050.54
Ring: 83.5487 122.21 1051.08
Little: 79.8425 156.218 1054.88
Thumb: 12.7956 52.1408 1098.47
Index: 65.0272 88.4302 1069.75
Middle: 105.702 119.806 1051.28
Ring: 81.3269 117.93 1051.72
Little: 74.3624 158.994 1051.11
Thumb: 12.3913 51.62 1099.34
Index: 65.0396 88.4319 1069.81
Middle: 107.51 120.401 1053.8
Ring: 80.0825 119.442 1052.8
Little: 75.3477 157.763 1048.97
Thumb: 13.9154 51.4101 1100.45
Index: 66.169 89.6974 1072.18
Middle: 108.565 121.037 1054.15
Ring: 84.9776 118.037 1050.88
Little: 73.5328 160.14 1051.54
Thumb: 13.5584 51.237 1100.79
Index: 62.8581 89.3564 1073.21
Middle: 125.965 125.885 1062.75
Ring: 83.9237 116.035 1050.7
Little: 73.8344 159.473 1051.02
Thumb: 13.6233 49.3462 1101.19
Index: 63.9861 89.4527 1073.34
Middle: 98.5125 121.225 1054.48
Ring: 83.7253 115.05 1050.16
Little: 72.2725 160.792 1052.89
Thumb: 13.8258 49.3031 1101.12
Index: 64.1251 89.5235 1073.45
Middle: 97.8864 121.315 1054.96
Ring: 87.0413 112.677 1049.58
Little: 71.7475 161.935 1057.24
Thumb: 14.325 49.325 1101.3
Index: 64.4628 89.7086 1073.42
Middle: 101.128 122.12 1055.15
Ring: 87.7732 112.557 1049.48
Little: 69.1788 163.585 1053.76
Thumb: 14.8449 50.858 1101.76
Index: 63.5998 90.959 1072.93
Middle: 95.9885 123.09 1057.82
Ring: 89.5839 115.493 1050.01
Little: 70.4885 164.408 1054.22
Thumb: 15.862 50.0503 1102.95
Index: 64.5453 90.7735 1072.41
Middle: 97.8269 122.876 1057.99
Ring: 117.623 96.2712 1068.2
Little: 77.0184 160.396 1047.64
Thumb: 15.8779 50.6843 1103.48
Index: 73.6787 92.4987 1069.97
Middle: 100.356 123.103 1059.66
Ring: 140.905 146.241 1085.8
Little: 75.3929 164.833 1056.82
Thumb: 16.5526 50.4487 1103.4
Index: 72.5877 92.305 1070.42
Middle: 83.5098 121.371 1063.82
Ring: 141.826 142.284 1086.8
Little: 87.7546 155.702 1056.68
Thumb: 19.1066 52.3812 1103.06
Index: 74.4112 95.0641 1069.47
Middle: 79.6643 123.906 1067.35
Ring: 136.92 142.573 1072.68
Little: 88.4279 158.597 1055.43
Thumb: 18.4855 47.3448 1103.37
Index: 72.1948 95.9677 1073.29
Middle: 80.4988 124.693 1068.27
Ring: 115.966 141.798 1042.43
Little: 89.4377 159.982 1058.25
Thumb: 23.3249 47.8629 1101.45
Index: 79.043 98.4927 1067.78
Middle: 77.998 126.344 1064.02
Ring: 123.275 143.905 1049.5
Little: 88.9807 163.402 1057.38
Thumb: 25.7657 45.1249 1097.7
Index: 79.8666 97.8155 1071.76
Middle: 89.2263 125.953 1052.79
Ring: 137.883 146.056 1055.73
Little: 90.644 168.912 1063.09
Thumb: 31.1602 46.1668 1096.17
Index: 84.1062 99.2537 1065.81
Middle: 88.1859 128.462 1057.3
Ring: 130.714 148.296 1051.16
Little: 93.5025 177.876 1066.63
Thumb: 35.7098 49.2615 1092.68
Index: 93.1576 107.074 1067.75
Middle: 108.757 135.05 1049.76
Ring: 136.566 154.811 1054.65
Little: 100.315 183.255 1069.79
