Thumb: 32.9554 91.7207 1121.92
Index: -64.5745 28.1944 1098.23
Middle: -101.42 40.8207 1097.63
Ring: -124.543 62.0639 1082.41
Little: -141.773 103.039 1080.87
Thumb: 41.8889 87.4136 1106.5
Index: -49.3798 79.1156 1151.87
Middle: -53.273 115.671 1107.34
Ring: -127.759 66.9271 1092.36
Little: -138.803 100.93 1086.87
Thumb: 34.9242 88.1688 1108.24
Index: -51.9601 76.685 1152
Middle: -60.9091 110.806 1157.32
Ring: -131.593 63.1047 1091.1
Little: -141.591 99.0323 1088.53
Thumb: 31.2474 87.1341 1107.79
Index: -52.8843 76.5752 1154.45
Middle: -61.0801 111.142 1158.57
Ring: -134.179 62.4185 1089.97
Little: -136.93 106.327 1093.7
Thumb: 28.8433 86.6697 1106.11
Index: -58.1829 74.5189 1155.41
Middle: -66.414 108.137 1162.94
Ring: -135.107 61.7721 1091.33
Little: -141.121 102.797 1094.71
Thumb: 14.3732 89.9477 1112.25
Index: -60.0409 73.4132 1154.6
Middle: -80.0582 94.3789 1163.13
Ring: -132.634 61.9701 1096.63
Little: -141.495 100.678 1094.48
Thumb: 10.7218 92.3957 1113.64
Index: -90.7817 31.5512 1100.19
Middle: -80.4773 91.5965 1164.85
Ring: -132.025 59.9548 1103.97
Little: -142.872 96.9204 1096.88
Thumb: 6.26785 93.9482 1112.8
Index: -90.2204 33.3527 1100.29
Middle: -115.294 41.9197 1108.34
Ring: -130.53 57.9192 1102.14
Little: -141.978 96.2382 1098.55
Thumb: 3.77274 92.3766 1111.54
Index: -97.7325 34.7601 1096.67
Middle: -117.232 42.0692 1108.76
Ring: -130.654 59.9637 1105.48
Little: -142.143 97.6909 1102.46
Thumb: -2.67042 86.5959 1107.83
Index: -99.9387 36.5943 1097.14
Middle: -121.597 38.31 1099.97
Ring: -129.604 62.2108 1109.23
Little: -140.703 99.8987 1104.26
Thumb: -5.08149 85.457 1107.84
Index: -101.456 38.2868 1098.68
Middle: -124.566 40.4168 1101.09
Ring: -130.115 61.5147 1110.4
Little: -142.446 96.2911 1105.56
Thumb: -8.35042 86.7732 1108.63
Index: -99.0631 39.8414 1102.49
Middle: -123.931 39.0646 1100.44
Ring: -128.509 60.7398 1113.69
Little: -140.472 97.0601 1107.4
Thumb: -7.8506 88.5062 1110.51
Index: -97.5272 40.3165 1101.81
Middle: -120.857 42.2979 1102.38
Ring: -126.087 60.3966 1111.1
Little: -135.222 100.852 1108.58
Thumb: -7.90236 90.4828 1109.85
Index: -95.3586 39.4187 1099.42
Middle: -117.401 39.9309 1100.31
Ring: -121.659 59.7895 1112.39
Little: -131.706 98.1512 1106.54
Thumb: -4.57843 91.7181 1106.72
Index: -86.2629 38.4582 1099.05
Middle: -107.586 42.2062 1101.98
Ring: -114.041 59.3737 1113.38
Little: -125.811 96.0387 1106.36
Thumb: 0.0102739 94.3265 1104.52
Index: -75.6038 37.897 1100.78
Middle: -100.503 38.7718 1101.63
Ring: -105.932 59.3812 1115.54
Little: -117.517 92.8867 1108.76
Thumb: 6.42287 93.0244 1105.05
Index: -69.9153 34.5422 1098.11
Middle: -92.7295 37.6346 1103.04
Ring: -99.3195 56.0547 1113.46
Little: -109.982 91.6174 1106.63
Thumb: 12.6117 94.0502 1104.83
Index: -61.4194 32.3331 1097.25
Middle: -84.1079 36.0272 1105.17
Ring: -92.2853 50.9828 1110.65
Little: -107.616 78.8659 1106.22
Thumb: 20.0655 92.6862 1105.74
Index: -52.0015 30.0726 1101.33
Middle: -74.2926 33.7947 1106.62
Ring: -85.4886 47.5671 1108.87
Little: -102.722 72.6909 1104.7
Thumb: 25.119 93.3177 1103.48
Index: -42.1776 29.8789 1098.79
Middle: -64.5998 29.2359 1106.16
Ring: -78.9703 45.4756 1106.9
Little: -92.3093 70.8678 1105.87
Thumb: 35.058 96.4939 1106.3
Index: -33.7194 29.6774 1098.45
Middle: -55.9689 26.8473 1102.05
Ring: -70.4677 42.0151 1106.39
Little: -84.0498 68.413 1105.47
Thumb: 43.0684 97.3414 1108.93
Index: -25.4014 31.0331 1101.29
Middle: -49.3534 28.474 1102.03
Ring: -65.0051 41.6848 1105.24
Little: -77.7798 68.1914 1104.21
Thumb: 50.1594 94.4614 1107.37
Index: -18.7493 29.7141 1099.35
Middle: -43.1193 24.9932 1099.59
Ring: -55.4976 40.8177 1108.3
Little: -71.4922 65.9548 1105.17
Thumb: 55.5638 93.6547 1108.34
Index: -13.1197 28.7878 1100.22
Middle: -40.3715 24.9993 1099.24
Ring: -51.8025 37.7271 1105.87
Little: -66.2293 63.3804 1101.11
Thumb: 58.7348 88.5022 1100.82
Index: -6.02834 27.2587 1100.45
Middle: -31.1352 20.7012 1100.36
Ring: -45.3184 34.9638 1107.74
Little: -60.6733 56.7861 1097.96
Thumb: 70.5953 90.875 1110.53
Index: 1.68227 25.2837 1101.26
Middle: -24.9074 18.9553 1099.82
Ring: -38.6087 32.0191 1106.71
Little: -54.5006 55.2583 1101.06
Thumb: 77.5732 91.2358 1111.48
Index: 10.155 22.311 1099.91
Middle: -17.4876 15.7122 1098.52
Ring: -31.9907 31.2341 1105.72
Little: -48.8574 52.1449 1097.6
Thumb: 86.9916 95.1634 1113.44
Index: 20.3092 21.1235 1102.24
Middle: -10.2787 12.1919 1100.29
Ring: -26.7613 26.9879 1106.95
Little: -42.8538 49.3136 1103.57
Thumb: 93.9188 95.0076 1112.74
Index: 30.4606 15.946 1102.93
Middle: -3.81121 9.49387 1098.81
Ring: -18.1468 28.0482 1110.91
Little: -39.3302 49.237 1107.26
Thumb: 100.435 95.0372 1115.72
Index: 38.1377 13.8392 1104.86
Middle: 4.43251 7.22614 1102.21
Ring: -9.81009 28.8706 1112.32
Little: -34.1321 48.5583 1108.11
Thumb: 110.06 94.3905 1114.47
Index: 46.9408 14.0533 1104.82
Middle: 12.4095 6.17871 1102.77
Ring: 23.0219 93.551 1148.45
Little: -27.5188 45.5033 1107.75
Thumb: 118.251 95.9173 1113.77
Index: 53.8574 12.7218 1100.96
Middle: 18.6025 4.02169 1095.58
Ring: 5.92367 29.9047 1111.29
Little: -21.0692 43.5896 1105.02
Thumb: 125.706 96.7086 1105.23
Index: 59.6986 10.4434 1098.87
Middle: 25.0138 4.58152 1090.49
Ring: 10.5364 25.9651 1102.42
Little: -13.5359 43.4271 1102.17
Thumb: 133.984 95.9344 1110.11
Index: 63.5295 10.0412 1103.74
Middle: 28.1449 1.9779 1090.91
Ring: 13.4794 22.5375 1103.29
Little: -10.2233 45.9406 1104.39
Thumb: 138.233 95.6098 1110.52
Index: 69.4717 9.97006 1100.64
Middle: 32.7204 1.3053 1086.32
Ring: 18.9709 21.1553 1104.29
Little: -5.63448 45.5009 1102.78
Thumb: 145.222 96.2336 1111.07
Index: 71.6496 8.50174 1101.83
Middle: 36.9242 -0.80776 1084.32
Ring: 23.7048 25.7327 1102.12
Little: -3.15634 43.9863 1101.64
Thumb: 148.766 97.3498 1110.1
Index: 79.4595 13.4525 1101.81
Middle: 42.5326 -2.15469 1083.48
Ring: 28.5216 23.5641 1102.8
Little: 2.65511 44.9312 1109.6
Thumb: 153.305 99.3989 1111.9
Index: 84.4277 18.3776 1105.51
Middle: 46.3071 -2.99399 1082.56
Ring: 32.5854 24.4448 1103.75
Little: 7.72199 49.591 1110.55
Thumb: 157.373 101.802 1111.71
Index: 90.4249 29.4535 1112.73
Middle: 50.3585 -0.789154 1082.64
Ring: 35.8643 26.7279 1103.47
Little: 10.5103 51.9921 1109.94
Thumb: 162.675 100.811 1110.47
Index: 89.9753 23.8083 1110.96
Middle: 51.0434 -1.02274 1082.38
Ring: 37.8924 29.0795 1110.1
Little: 15.5134 62.6539 1113.37
Thumb: 163.241 100.555 1111.28
Index: 91.1069 23.8983 1111.29
Middle: 51.9766 -0.883312 1082.73
Ring: 41.0434 36.2675 1113.51
Little: 21.6808 78.6165 1129.89
Thumb: 165.231 100.392 1116.76
Index: 90.6794 23.7438 1110.73
Middle: 52.4479 -0.728352 1083.17
Ring: 57.7944 94.1326 1145.46
Little: 21.7775 82.2594 1126.38
Thumb: 164.935 100.349 1116.57
Index: 90.8984 26.7673 1107.94
Middle: 51.0895 -0.638308 1082.34
Ring: 57.5324 95.6016 1147.02
Little: 20.6025 81.5311 1126.63
Thumb: 165.218 102.82 1115.18
Index: 88.8757 28.6158 1109.33
Middle: 48.8267 2.61676 1081.4
Ring: 49.3205 77.2382 1161.49
Little: 24.5601 98.3428 1131.59
Thumb: 163.451 100.982 1115.71
Index: 84.4333 25.7485 1107.81
Middle: 44.568 5.56218 1081.84
Ring: 57.0633 101.259 1161.53
Little: 23.0386 102.265 1133.46
Thumb: 161.399 97.8745 1114.88
Index: 80.6137 25.9005 1108.03
Middle: 39.5871 5.76683 1081.53
Ring: 52.728 95.2831 1163.84
Little: 21.1284 100.355 1140.94
Thumb: 156.363 97.8117 1116.53
Index: 76.6654 27.4945 1110.98
Middle: 34.3088 7.43129 1080.89
Ring: 47.7736 86.578 1165.1
Little: 18.3874 98.2564 1142.62
Thumb: 150.626 95.2684 1116.96
Index: 71.5627 27.9332 1114.58
Middle: 28.9971 9.95342 1079.83
Ring: 45.5475 91.4099 1165.62
Little: 15.5355 101.77 1143.01
Thumb: 145.439 94.0295 1117.61
Index: 66.558 32.2849 1118.95
Middle: 22.2199 10.8959 1079.03
Ring: 38.4421 91.2007 1164.93
Little: 12.3072 109.25 1139.94
Thumb: 141.308 93.9919 1116.59
Index: 58.7984 29.3045 1113.53
Middle: 16.3045 11.857 1079.31
Ring: 37.6862 102.42 1164.27
Little: 5.37797 108.328 1141.34
Thumb: 133.422 93.7904 1120.25
Index: 69.1193 61.3714 1109.22
Middle: 9.0938 13.082 1081.15
Ring: 22.8881 95.4736 1164.77
Little: -3.23377 110.098 1139.55
Thumb: 124.339 94.9456 1121.39
Index: 62.4118 62.4379 1107.74
Middle: 3.15333 14.313 1079.65
Ring: 22.8027 108.84 1161.62
Little: -11.7617 108.088 1138.03
Thumb: 113.334 95.8976 1123.76
Index: 56.3867 63.4471 1108.99
Middle: -3.10288 15.5785 1079.25
Ring: 15.7137 108.574 1162.03
Little: -17.5982 109.594 1139.21
Thumb: 105.116 95.834 1126.24
Index: 48.5378 64.1148 1112.76
Middle: -9.00381 16.8049 1081.29
Ring: -8.54562 83.5132 1160.31
Little: -25.4599 112.568 1138.84
Thumb: 97.5226 95.7645 1127.22
Index: 43.3648 64.7289 1115
Middle: -15.8413 17.8153 1085.87
Ring: -2.10802 105.824 1167.04
Little: -29.1217 117.203 1141.44
Thumb: 94.0967 94.8111 1127.69
Index: 38.0059 64.8933 1116.69
Middle: -22.3943 19.4221 1091.96
Ring: -4.62314 108.1 1170.9
Little: -33.2596 116.909 1145.84
Thumb: 90.0336 95.2838 1127.74
Index: 30.9095 64.7637 1118.49
Middle: -28.5998 18.5956 1093.38
Ring: -12.8504 110.113 1171.69
Little: -41.5465 115.8 1146.28
Thumb: 84.5604 93.9066 1128.72
Index: 25.5501 64.881 1120.61
Middle: -31.8784 18.301 1092.89
Ring: -14.5974 114.515 1174.72
Little: -44.3078 123.219 1149.71
Thumb: 80.3817 93.451 1141.18
Index: 10.2665 53.1755 1129.88
Middle: -32.3427 17.6659 1092.24
Ring: -28.1102 114.935 1172.66
Little: -55.4817 120.032 1146.15
Thumb: 68.9237 96.3958 1163.48
Index: -9.50082 51.1537 1143.81
Middle: -35.1403 14.9251 1098.63
Ring: -45.7372 122.21 1166.16
Little: -47.5857 59.0718 1088.18
Thumb: 29.1112 109.73 1189.98
Index: -18.0937 86.433 1151.04
Middle: -40.4455 18.6241 1099.53
Ring: -78.6625 93.9829 1137.04
Little: -43.3741 60.3097 1082.5
Thumb: 62.6555 160.968 1224.86
Index: -24.0271 97.5645 1149.73
Middle: -43.1583 22.6576 1104.32
Ring: -78.6585 89.9789 1120.72
Little: -32.0181 57.4128 1078.63
Thumb: 49.674 159.225 1228.19
Index: -29.1876 91.3431 1138.32
Middle: -48.1887 25.3179 1107.88
Ring: -40.0826 36.3587 1110.13
Little: -31.7953 60.0635 1072.54
Thumb: 27.277 149.475 1218.94
Index: -55.1018 46.185 1113.37
Middle: -55.7607 28.0613 1112.55
Ring: -44.2466 35.7432 1109.39
Little: -42.161 63.5019 1074.12
Thumb: -50.8471 154.62 1196.76
Index: -54.8503 42.9516 1112.23
Middle: -59.7212 28.8554 1113.36
Ring: -48.4949 36.2316 1110.35
Little: -45.7461 63.8911 1075.84
Thumb: -65.7956 158.415 1187.19
Index: -69.006 50.0241 1112.53
Middle: -73.8702 44.8875 1086.06
Ring: -53.7861 36.7321 1105.85
Little: -44.2917 61.415 1073.48
Thumb: -75.1889 163.713 1182.45
Index: -74.1234 57.2667 1114.33
Middle: -74.2 51.6802 1088.42
Ring: -58.3092 40.5419 1088.79
Little: -37.2914 60.5525 1074.34
Thumb: -42.027 142.254 1129.26
Index: -56.1096 107.911 1152.97
Middle: -71.2254 64.666 1095.89
Ring: -57.994 40.3067 1085.59
Little: -38.532 59.9042 1080.59
Thumb: -113.159 152.078 1154.27
Index: -72.7011 79.5592 1097.86
Middle: -46.7919 43.5869 1055.83
Ring: -55.5774 39.6754 1080
Little: -29.4868 61.932 1069.12
Thumb: -104.328 168.694 1146.85
Index: -64.0015 40.4768 1109.62
Middle: -55.7481 28.8793 1073.68
Ring: -69.9278 39.4459 1114.39
Little: -41.4496 50.4221 1077.89
Thumb: -114.399 170.212 1141.09
Index: -66.2 39.9648 1109.41
Middle: -58.254 48.2068 1071.73
Ring: -73.4466 40.1958 1112.99
Little: -39.6834 49.7229 1082.51
Thumb: -119.515 172.729 1134.35
Index: -69.2804 39.589 1108.8
Middle: -58.1385 46.8493 1072.49
Ring: -77.1739 40.2722 1110.37
Little: -41.0886 48.7939 1082.88
Thumb: -126.767 174.395 1126.17
Index: -97.8491 67.6522 1056.03
Middle: -56.0284 51.2913 1073.34
Ring: -78.1176 40.0879 1105.58
Little: -40.3289 48.8494 1082.21
Thumb: -130.72 176.773 1119.38
Index: -98.3314 78.0244 1047.73
Middle: -53.6166 52.0629 1074.31
Ring: -77.7119 41.6332 1106.14
Little: -38.5238 50.612 1084.75
Thumb: -132.927 176.05 1110.23
Index: -97.1993 77.0449 1043.96
Middle: -54.0802 50.5824 1075.31
Ring: -80.695 41.9646 1105.43
Little: -39.9767 50.3521 1086.93
Thumb: -133.72 175.747 1106.59
Index: -98.9389 84.2197 1039.47
Middle: -56.1037 50.9049 1075.66
Ring: -82.9408 42.785 1112.06
Little: -41.4294 50.2094 1093.89
Thumb: -134.143 175.501 1097.15
Index: -95.6947 88.6668 1033.35
Middle: -54.8978 49.6847 1076.73
Ring: -84.5692 43.1048 1111.46
Little: -41.6838 49.9024 1096.36
Thumb: -135.094 176.201 1091.46
Index: -94.9112 94.3994 1028.63
Middle: -50.8944 27.0087 1087.01
Ring: -85.465 42.2784 1109.98
Little: -41.6139 49.4194 1100.89
Thumb: -136.214 176.743 1087.31
Index: -94.2078 95.0703 1026.01
Middle: -50.2185 30.2358 1086.62
Ring: -85.4724 43.7677 1106.57
Little: -41.4033 51.6532 1099.88
Thumb: -136.318 178.805 1081.17
Index: -91.8194 98.0301 1021.29
Middle: -50.792 29.2526 1085.96
Ring: -86.9617 44.0909 1104.95
Little: -10.9139 88.1324 1034.06
Thumb: -137.131 180.245 1074.9
Index: -89.6177 96.9096 1015.88
Middle: -50.6353 31.4014 1081.62
Ring: -87.217 43.7331 1096.72
Little: -8.38877 88.4219 1032.19
Thumb: -137.498 180.619 1069.64
Index: -88.4033 95.5447 1013.33
Middle: -51.1572 31.7833 1081.37
Ring: -87.9635 43.7967 1095.21
Little: -8.18889 86.6666 1031.42
Thumb: -136.873 182.259 1066.2
Index: -87.2067 100.288 1008.37
Middle: -51.1771 32.9138 1075.44
Ring: -87.9977 44.2233 1090.74
Little: -7.06224 86.8116 1029.13
Thumb: -135.547 182.664 1062.51
Index: -85.1283 100.841 1005.18
Middle: -50.3773 30.2558 1075.19
Ring: -87.6753 44.2492 1087.21
Little: -8.18842 83.5586 1028.13
Thumb: -136.236 183.027 1060.51
Index: -84.5852 107.408 1001.94
Middle: -48.6056 30.7296 1073.78
Ring: -85.992 44.4269 1084.55
Little: -5.30484 86.4631 1026.33
Thumb: -135.223 183.108 1059.61
Index: -83.7105 106.355 1000.45
Middle: -47.6044 31.2707 1070.66
Ring: -84.8967 44.4886 1082.61
Little: -6.0637 85.1406 1024.32
Thumb: -134.498 183.219 1058.27
Index: -84.1604 103.936 999.991
Middle: -47.7199 31.6662 1068.45
Ring: -84.8097 44.8611 1082.99
Little: -6.57157 85.1959 1021.96
Thumb: -134.751 183.732 1056.9
Index: -83.4204 103.27 998.216
Middle: -47.5115 31.8758 1067.03
Ring: -84.6918 44.9425 1080.45
Little: -5.86305 85.3982 1020.87
Thumb: -134.78 183.978 1057.35
Index: -83.3113 107.176 997.426
Middle: -45.7279 29.9389 1069.91
Ring: -83.2211 44.9182 1081.24
Little: -4.73234 86.1962 1020.09
Thumb: -133.771 183.905 1057.68
Index: -82.7631 105.594 998.134
Middle: -83.3295 35.1711 1073.28
Ring: -33.9399 92.4244 997.359
Little: -1.97757 88.0156 1019.72
Thumb: -134.819 182.677 1059.23
Index: -83.0632 103.718 998.75
Middle: -81.3973 34.9088 1071.06
Ring: -34.2239 91.7659 997.229
Little: -1.69692 88.2096 1019.19
Thumb: -135.151 181.642 1061.36
Index: -80.5826 105.612 1001.09
Middle: -77.4007 35.4477 1074.76
Ring: -29.7913 93.8391 998.928
Little: 1.43906 89.3949 1021.25
Thumb: -136.043 178.783 1061.31
Index: -80.5618 101.912 1003.83
Middle: -75.5664 31.0529 1089.88
Ring: -29.7763 93.1882 1000.78
Little: 2.25897 90.3161 1022.43
Thumb: -135.333 177.077 1065.46
Index: -78.7776 100.301 1006.13
Middle: -71.4216 31.4454 1098.51
Ring: -27.7452 94.8335 1001.9
Little: 4.17173 91.6816 1023.2
Thumb: -133.35 175.053 1068.24
Index: -77.2661 97.9644 1009.22
Middle: -68.1105 30.2841 1100.86
Ring: -24.7665 97.149 1003.85
Little: 5.13754 90.7252 1025.16
Thumb: -135.961 171.853 1071.34
Index: -76.485 93.2328 1012.22
Middle: -61.4973 28.464 1104.86
Ring: -24.4266 95.371 1005.83
Little: 6.72748 91.5441 1026.13
Thumb: -134.249 169.346 1075.08
Index: -72.98 91.8437 1013.32
Middle: -55.989 26.5401 1106.56
Ring: -19.9505 95.1016 1006.59
Little: 10.6629 90.9915 1027.32
Thumb: -129.545 166.843 1078.53
Index: -70.9771 73.3387 1022.8
Middle: -52.1766 22.8496 1101.48
Ring: -17.3434 90.289 1009.32
Little: 15.0755 89.1807 1029.53
Thumb: -122.087 166.299 1083.87
Index: -67.0046 77.5636 1023.97
Middle: -47.0632 20.7508 1100.28
Ring: -12.0882 89.3367 1011.27
Little: 21.1477 88.4243 1030.69
Thumb: -118.663 162.87 1087.34
Index: -61.3701 76.5147 1024.44
Middle: -39.577 17.1523 1102.28
Ring: -7.64146 89.1384 1011.93
Little: 25.8983 88.3312 1031.05
Thumb: -114.191 157.862 1086.75
Index: -53.5826 72.5415 1025.98
Middle: -32.5508 15.2298 1104.93
Ring: 2.35119 87.1139 1013.72
Little: 35.2863 87.354 1033.77
Thumb: -108.272 152.781 1088.12
Index: -49.4607 72.4108 1026.13
Middle: -24.3794 14.7095 1108.34
Ring: 7.80864 92.0249 1013.05
Little: 39.6674 89.0007 1032.52
Thumb: -102.41 148.95 1087.39
Index: -40.4884 71.8386 1024.77
Middle: -17.0918 11.7394 1109.52
Ring: 13.8804 83.7093 1014.84
Little: 46.1373 83.5491 1035.22
Thumb: -99.337 145.996 1088.44
Index: -32.5616 73.3201 1024.94
Middle: -7.87854 11.0506 1111.48
Ring: 20.8235 82.9798 1015.25
Little: 53.3171 84.906 1035.44
Thumb: -92.6686 144.767 1086.75
Index: -27.3255 75.8753 1025.24
Middle: -0.808957 9.977 1109.9
Ring: 26.4075 84.456 1014.26
Little: 60.0581 88.1251 1034.85
Thumb: -88.5134 142.094 1085.9
Index: -20.9236 77.2487 1019.85
Middle: 5.3666 8.48652 1108.9
Ring: 32.0821 83.1965 1013.09
Little: 65.2953 86.6213 1033.23
Thumb: -85.673 142.418 1087.62
Index: -12.4864 74.7067 1019.22
Middle: 14.566 8.15446 1108.62
Ring: 42.5658 89.295 1012.44
Little: 72.6318 86.3508 1033.95
Thumb: -84.7909 143.606 1090.62
Index: -5.77996 73.9834 1018.6
Middle: 22.2638 7.46948 1106.07
Ring: 46.7688 86.7921 1012.21
Little: 77.3809 86.3922 1034.27
Thumb: -78.3869 142.556 1092.19
Index: 0.437412 74.0785 1019.59
Middle: 26.6099 7.67663 1102.94
Ring: 52.1511 84.1019 1013.19
Little: 85.2051 92.1155 1033.04
Thumb: -71.2052 143.919 1091.81
Index: 3.35393 76.6828 1021.66
Middle: 33.2382 7.75919 1107.96
Ring: 56.4471 88.2718 1013.34
Little: 89.2204 92.546 1032.29
Thumb: -63.7583 144.825 1090.7
Index: 10.3955 74.151 1022.24
Middle: 39.3743 8.12537 1108.33
Ring: 63.462 87.701 1013.48
Little: 96.0172 90.7294 1033.14
Thumb: -58.0126 146.998 1093.77
Index: 14.7663 79.28 1022.16
Middle: 45.382 8.01439 1109.33
Ring: 66.9743 84.7321 1014.19
Little: 100.044 88.3987 1033.6
Thumb: -54.2155 148.522 1090.87
Index: 18.8732 78.6739 1021.95
Middle: 48.3836 5.46127 1108.56
Ring: 71.7618 78.9705 1015.68
Little: 102.951 78.3503 1036.4
Thumb: -51.3854 150.374 1100.8
Index: 17.0474 79.334 1024.85
Middle: 47.5701 5.20132 1109.89
Ring: 69.738 77.7535 1016.81
Little: 103.888 82.5235 1034.46
Thumb: -47.7151 152.324 1113.37
Index: 13.7016 76.3588 1030.41
Middle: 45.8744 6.24154 1108.74
Ring: 64.0449 79.4886 1018.53
Little: 99.3943 82.9604 1034.19
Thumb: -36.2828 153.568 1118.08
Index: 15.24 68.9476 1038.51
Middle: 36.7316 10.4595 1107.44
Ring: 47.6451 22.2524 1104.41
Little: 95.4091 81.7397 1030.4
Thumb: -33.9723 160.043 1130.49
Index: 13.3527 66.542 1046.45
Middle: 33.7039 14.8078 1113.73
Ring: 51.1117 30.5201 1087.68
Little: 87.1667 61.863 1058.16
Thumb: -28.5622 162.831 1141.82
Index: 51.8864 34.1009 1108.2
Middle: 31.2544 21.9314 1117.04
Ring: 44.2765 32.5535 1105.98
Little: 77.866 69.3237 1055.63
Thumb: -23.8555 164.681 1151.5
Index: 47.3713 40.0069 1109.56
Middle: 29.9659 27.4693 1124.92
Ring: 37.2924 38.8188 1102.47
Little: 69.4194 78.6603 1049.45
Thumb: -17.8793 166.466 1156.56
Index: 43.5127 45.5368 1111.87
Middle: 30.949 30.7958 1128.4
Ring: 33.2947 44.5244 1103.97
Little: 62.2817 82.2547 1049.81
Thumb: -10.9463 166.556 1163.22
Index: 36.5614 49.6752 1116.03
Middle: 35.0294 30.5641 1127.57
Ring: 33.7655 42.4952 1106.03
Little: 81.0322 103.864 1048.52
Thumb: -4.0133 167.411 1167.25
Index: 32.5583 56.5228 1114.81
Middle: 36.7989 32.2737 1131.04
Ring: 32.3003 44.4836 1106.38
Little: 79.3817 105.945 1046.2
Thumb: 3.20334 169.677 1175.41
Index: 35.0139 57.4999 1114.61
Middle: 37.2784 32.5587 1130.82
Ring: 31.736 44.8428 1105.83
Little: 77.7249 105.617 1046.23
Thumb: 14.946 172.632 1181.61
Index: 36.6812 60.3578 1114.56
Middle: 38.3469 36.416 1130.11
Ring: 33.7979 47.2807 1107.37
Little: 74.1292 107.315 1044.35
Thumb: 25.4475 173.168 1182.8
Index: 34.55 60.9744 1115.51
Middle: 38.2126 39.0888 1132.53
Ring: 34.0946 47.9605 1107.87
Little: 72.3758 107.281 1041.05
Thumb: 34.3694 174.192 1186.35
Index: 33.7259 61.5463 1113.4
Middle: 37.2142 38.9688 1130.31
Ring: 32.1582 49.0368 1107.75
Little: 70.6802 108.965 1039.39
Thumb: 39.8819 172.267 1187.95
Index: 32.5678 60.8918 1115.03
Middle: 37.2129 38.5489 1127.74
Ring: 23.8099 55.983 1104.12
Little: 68.6354 109.377 1040.99
Thumb: 45.3298 172.047 1189.49
Index: 35.2682 60.5334 1116.39
Middle: 36.8018 41.0873 1129.59
Ring: 24.8802 57.2906 1105.91
Little: 67.3923 110.817 1041.07
Thumb: 46.653 171.432 1190.12
Index: 36.2762 60.5081 1117.62
Middle: 37.5232 41.3195 1131.11
Ring: 24.2614 58.143 1106.4
Little: 68.4431 112.116 1041.24
Thumb: 47.6368 171.005 1191.34
Index: 35.4102 61.3377 1119.44
Middle: 40.8165 40.6972 1133.9
Ring: 24.0799 58.8654 1107.69
Little: 68.4872 113.667 1041.87
Thumb: 49.067 169.765 1191.83
Index: 35.6212 62.6552 1119.57
Middle: 39.9719 41.7748 1134.76
Ring: 23.5565 58.8972 1108.25
Little: 67.851 113.437 1042.48
Thumb: 47.6881 166.604 1190.23
Index: 33.9646 62.5726 1122.86
Middle: 41.3369 41.2339 1135.72
Ring: 23.4296 58.6013 1108.62
Little: 67.3095 113.441 1042.46
Thumb: 45.1881 164.728 1188.95
Index: 32.0005 63.8849 1122.35
Middle: 40.3407 41.0538 1136.26
Ring: 22.4711 58.3811 1108.02
Little: 66.5938 112.76 1042.45
Thumb: 40.4524 162.605 1187.63
Index: 34.8841 62.4351 1123.66
Middle: 38.929 42.3354 1140.48
Ring: 21.1852 59.1451 1109.44
Little: 65.3921 110.211 1044.92
Thumb: 37.5131 160.061 1187.51
Index: 25.6707 65.0353 1121.8
Middle: 33.8195 41.2239 1136.52
Ring: 19.3323 58.5939 1109.12
Little: 65.1515 110.421 1045.06
Thumb: 33.3135 159.345 1187.5
Index: 23.5919 65.3532 1123.28
Middle: 29.6484 41.0015 1138.56
Ring: 14.227 60.7647 1106.69
Little: 65.4688 108.321 1046.71
Thumb: 30.0996 156.626 1184.39
Index: 21.371 69.6106 1120.6
Middle: 25.9995 40.869 1137.13
Ring: 11.5833 60.3497 1106.74
Little: 64.7907 106.311 1047.08
Thumb: 23.8774 154.088 1181.49
Index: 19.1578 68.0171 1119.81
Middle: 24.2957 40.8572 1137.42
Ring: 10.5789 59.9635 1106.28
Little: 63.991 105.732 1048.29
Thumb: 20.546 151.383 1178.74
Index: 17.6873 67.1027 1113.99
Middle: 21.1336 40.9971 1137.36
Ring: 8.72644 59.1204 1104.88
Little: 63.2462 104.748 1047.78
Thumb: 12.4837 148.611 1174.75
Index: 14.8492 67.3331 1114.83
Middle: 18.6234 41.0584 1141.57
Ring: 5.30916 61.3123 1103.72
Little: 62.3529 105.365 1048.64
Thumb: 7.4982 146.342 1171.56
Index: 12.8416 66.1441 1113.94
Middle: 19.5346 40.1909 1144.04
Ring: 4.06702 61.1814 1104.62
Little: 61.6275 105.908 1049.26
Thumb: -1.34031 140.039 1168.44
Index: 10.9906 62.3632 1117.73
Middle: 13.8953 36.5916 1143.8
Ring: 0.610933 55.6759 1103.19
Little: 59.2148 97.5343 1052.35
Thumb: -8.62664 133.602 1165.39
Index: 14.5829 49.6837 1120.26
Middle: 10.3927 36.106 1144.22
Ring: 3.78251 49.0848 1108.9
Little: 61.3377 98.4291 1054.16
Thumb: -12.776 130.321 1164.73
Index: 13.0832 48.6868 1116.08
Middle: 4.08804 42.1305 1135.41
Ring: 11.4375 36.9907 1115.46
Little: 60.6739 96.1515 1052.19
Thumb: -18.1746 124.174 1159.13
Index: 10.6781 47.4185 1112.98
Middle: -0.532627 47.3392 1126.75
Ring: 8.47718 36.9591 1111.66
Little: 54.2696 95.4515 1050.47
Thumb: -19.3328 119.873 1155.56
Index: 11.3385 47.0878 1113.85
Middle: -3.31542 46.3901 1126.68
Ring: 5.88695 36.8375 1111.04
Little: 50.6226 93.8168 1049.3
Thumb: -21.0734 114.938 1150.49
Index: 12.8312 34.3038 1112.27
Middle: -7.27475 44.6442 1125.52
Ring: 2.79309 36.0925 1109.45
Little: 44.8443 91.5408 1047.39
Thumb: -22.8244 113.361 1146.59
Index: 11.4834 30.8327 1109.47
Middle: -11.1622 45.4604 1120.72
Ring: 1.31951 34.4526 1107.75
Little: 45.0608 91.3117 1044.9
Thumb: -22.8893 113.389 1146.83
Index: 6.30993 33.0296 1107.5
Middle: -17.2337 51.3576 1113.47
Ring: -0.551485 34.4931 1106.97
Little: 43.404 90.6873 1043.51
Thumb: -24.1429 113.566 1145.24
Index: 0.473627 37.1518 1109.87
Middle: -21.1353 59.0637 1109.72
Ring: -5.74432 36.193 1108.44
Little: 42.579 89.9585 1043.64
Thumb: -26.2179 114.406 1140.36
Index: -2.07641 40.4661 1115.88
Middle: -23.4843 60.3022 1116.25
Ring: -9.45894 40.8595 1112.65
Little: 42.8178 89.8193 1046.23
Thumb: -24.0559 116.958 1137.15
Index: -7.1661 46.5131 1121.07
Middle: -25.6393 70.9926 1116.33
Ring: -15.0276 48.2428 1116.2
Little: 43.2998 90.1743 1045.52
Thumb: -25.7141 116.713 1136.96
Index: -11.9013 47.9214 1123.82
Middle: -24.1058 77.4574 1114.92
Ring: -19.4056 49.5652 1119.36
Little: 40.1222 88.1655 1047.61
Thumb: -27.0365 117.5 1133.07
Index: -20.3463 53.1571 1125.21
Middle: -28.184 81.1419 1114.65
Ring: -26.645 52.0749 1122.31
Little: 35.5957 83.4348 1048.31
Thumb: -29.3268 115.8 1133.35
Index: -26.2868 54.1302 1126.48
Middle: -31.369 80.6992 1114.42
Ring: -27.271 63.0029 1104.91
Little: 31.2627 85.0069 1044.31
Thumb: -31.1469 116.086 1132.45
Index: -30.0636 55.7668 1122.61
Middle: -32.938 82.716 1113.51
Ring: -31.2129 63.4358 1105.31
Little: 28.5227 85.3654 1043.91
Thumb: -36.1865 112.834 1131.27
Index: -51.0463 68.4229 1135.65
Middle: -41.6438 84.4875 1112.02
Ring: -44.636 56.5395 1117.14
Little: 28.5831 82.2597 1055.05
Thumb: -37.6552 112.414 1130.18
Index: -58.0659 98.2693 1103.93
Middle: -47.985 78.2292 1116.78
Ring: -45.0106 54.622 1118.06
Little: 28.4008 82.1779 1054.61
Thumb: -39.5168 112.484 1131.38
Index: -65.0057 77.045 1112.97
Middle: -49.2541 76.9196 1118.16
Ring: -45.8751 55.5582 1114.96
Little: 27.3294 82.8715 1055.12
Thumb: -39.8725 112.178 1130.05
Index: -66.7423 69.9101 1118.15
Middle: -49.1432 79.3205 1110.59
Ring: -46.1442 56.0292 1114.67
Little: 26.6948 82.8941 1054.55
Thumb: -42.5742 112.701 1128.63
Index: -68.7224 72.5777 1116.45
Middle: -53.5002 80.148 1106.55
Ring: -47.9273 59.2568 1107.46
Little: 24.9429 82.97 1053.05
Thumb: -44.6389 113.566 1131.88
Index: -68.135 68.3779 1117.32
Middle: -56.9456 77.6109 1108.47
Ring: -45.9402 63.1533 1101.63
Little: 22.6822 82.6847 1053.5
Thumb: -46.6355 115.981 1133.29
Index: -76.5276 122.575 1075.93
Middle: -56.8585 80.9156 1104.01
Ring: -46.5054 63.6559 1100.37
Little: 20.9359 83.0292 1052.23
Thumb: -48.9212 119.893 1138.66
Index: -64.932 127.858 1076.31
Middle: -58.425 80.3836 1100
Ring: -43.3815 63.9553 1096.58
Little: 19.8977 86.1831 1048.69
Thumb: -48.442 125.459 1144.3
Index: -65.6929 129.007 1078.53
Middle: -62.2989 76.254 1106.04
Ring: -41.8704 66.804 1095.39
Little: 19.3819 85.6524 1049.45
Thumb: -46.8952 131.05 1146.13
Index: -77.3587 125.573 1074.36
Middle: -46.6549 79.5774 1102.19
Ring: -38.7711 56.7253 1099.61
Little: 20.4628 88.4751 1047.65
Thumb: -49.9923 133.486 1148.02
Index: -72.7853 128.621 1073.16
Middle: -47.2374 76.1018 1098.69
Ring: -39.5516 59.3347 1087.55
Little: 21.3584 91.3833 1044.41
Thumb: -48.9312 139.101 1147.14
Index: -74.0503 123.778 1071.68
Middle: -41.9368 64.1999 1105.58
Ring: -36.2531 57.2758 1084.18
Little: 23.3577 90.0005 1039.41
Thumb: -48.9796 142.669 1149.27
Index: -64.5974 132.877 1068.05
Middle: -41.3237 60.3326 1105.52
Ring: -35.7113 55.4375 1082.24
Little: 23.0974 90.0491 1037.51
Thumb: -49.8405 144.399 1148.89
Index: -63.5724 133.164 1066.97
Middle: -38.9113 49.3492 1115.52
Ring: -35.4455 53.9359 1082.02
Little: 23.6991 90.0012 1037.38
Thumb: -51.1574 146.21 1147.8
Index: -60.3875 134.484 1066.53
Middle: -37.4255 48.0854 1114.02
Ring: -35.0567 50.5097 1081.84
Little: 23.5809 90.2142 1035.1
Thumb: -52.8695 147.846 1148.75
Index: -56.5275 137.473 1067.14
Middle: -37.5821 46.7238 1112.54
Ring: -35.0285 46.4523 1082.97
Little: 23.5382 90.7804 1034.78
Thumb: -56.8404 148.756 1150.07
Index: -56.0247 138.357 1070.06
Middle: -32.6548 42.1376 1105.18
Ring: -29.8496 39.9111 1079.46
Little: 20.0507 91.5533 1033.73
Thumb: -60.1445 149.989 1149.68
Index: -29.5302 44.6474 1090.2
Middle: -27.2599 41.2826 1097.68
Ring: -22.0306 36.3151 1075.76
Little: 22.4014 92.4567 1032.8
Thumb: -64.915 152.289 1145.93
Index: -21.2135 39.3334 1088.97
Middle: -23.8739 40.3427 1095.23
Ring: -14.9518 32.1806 1076.84
Little: 26.5334 94.1853 1032.99
Thumb: -71.1861 153.695 1139.81
Index: -17.7282 39.7913 1092.95
Middle: -18.9587 28.9611 1087.41
Ring: -4.9616 28.5426 1078.99
Little: 32.246 94.7787 1038.43
Thumb: -76.9769 158.006 1133.03
Index: -7.6759 36.9444 1104.03
Middle: -16.9632 33.3491 1087.85
Ring: 1.09853 27.4779 1079.56
Little: 27.867 95.1175 1028.37
Thumb: -83.6667 159.442 1123.9
Index: -8.136 38.0576 1106.63
Middle: -12.0766 28.0575 1093.11
Ring: 6.10011 25.8477 1085.81
Little: 36.453 93.5976 1034.07
Thumb: -86.8435 163.578 1113.43
Index: -41.0759 65.6262 1065.8
Middle: -12.0399 30.1677 1096.25
Ring: 8.57636 27.3968 1089.54
Little: 42.0962 92.4754 1042.06
Thumb: -90.956 162.766 1103.7
Index: -40.1634 66.6072 1061.66
Middle: -11.1048 27.9242 1097.04
Ring: 9.5834 27.3791 1091.14
Little: 41.0248 92.156 1045.11
Thumb: -90.2151 163.129 1098.32
Index: -42.6716 63.9498 1060.42
Middle: -9.6686 32.7445 1096.4
Ring: 11.313 27.0077 1093.71
Little: 43.8707 90.9541 1056.47
Thumb: -90.072 158.942 1093.19
Index: -43.7053 60.8905 1061.12
Middle: -10.3774 33.4144 1095.84
Ring: 11.6679 47.9653 1087.33
Little: 45.4514 90.8381 1060.1
Thumb: -89.3954 157.152 1090.19
Index: -42.9205 61.4697 1060.88
Middle: -10.7728 32.9867 1098.62
Ring: 10.9284 45.6872 1090.43
Little: 46.7929 89.9291 1065.54
Thumb: -87.6849 154.584 1087.7
Index: -42.0987 65.6285 1054.94
Middle: -12.2459 30.1944 1098.62
Ring: 15.2333 76.0338 1091.84
Little: 47.3014 86.9055 1071.5
Thumb: -84.2879 149.641 1085.04
Index: -43.1547 65.3723 1052.62
Middle: -12.8437 27.4869 1094.78
Ring: 14.6616 73.2625 1089.87
Little: 47.1641 83.7823 1071.22
Thumb: -83.4584 144.334 1084.12
Index: -43.6802 63.9133 1049.45
Middle: -14.2225 27.5127 1090.46
Ring: 14.411 72.4656 1085.97
Little: 46.886 79.8466 1077.69
Thumb: -80.5081 136.74 1072.47
Index: -42.8537 62.6769 1043.9
Middle: -14.5702 16.0244 1080.13
Ring: 14.3648 67.3822 1083.78
Little: 45.8861 76.965 1074.16
Thumb: -79.581 132.15 1068.09
Index: -43.2478 66.6278 1043.84
Middle: -16.2352 11.5319 1075.8
Ring: 12.923 63.3049 1080.02
Little: 43.3136 73.8224 1057.37
Thumb: -71.7698 128.443 1052.12
Index: -43.3356 63.9094 1037.37
Middle: -18.1473 11.2281 1070.1
Ring: 11.7356 61.4157 1078.57
Little: 42.4119 71.3973 1056.02
Thumb: -70.902 125.212 1049.75
Index: -43.0275 55.919 1031.56
Middle: -17.5291 13.3532 1057.06
Ring: 11.8545 59.1461 1073.66
Little: 41.1732 68.6567 1049.29
Thumb: -64.6628 120.38 1040.86
Index: -42.2694 59.3209 1024.99
Middle: -16.3989 13.9392 1051.82
Ring: 11.9989 59.8457 1069.89
Little: 42.5335 69.6976 1047.57
Thumb: -35.155 102.64 1029.84
Index: -43.4065 51.1377 1028.72
Middle: -17.6921 15.5944 1047.01
Ring: 10.469 59.1863 1066.47
Little: 49.0992 82.4732 1038.31
Thumb: -35.9049 104.426 1028.15
Index: -43.6974 50.7259 1029.19
Middle: -18.8086 17.5437 1044.17
Ring: 10.3851 59.7483 1068.8
Little: 38.5398 71.0271 1028.86
Thumb: -37.8314 106.745 1025.02
Index: -50.3524 44.4658 1036.73
Middle: -21.6985 16.6826 1042.12
Ring: 7.5493 66.1722 1062.24
Little: 34.3572 74.4102 1025.37
Thumb: -36.7688 104.993 1024.84
Index: -53.3229 46.0095 1034.29
Middle: -24.2679 21.3943 1037.85
Ring: 4.10427 77.4081 1042.67
Little: 31.9646 75.9781 1021.66
Thumb: -39.3746 105.708 1023.15
Index: -54.6942 46.9632 1030.86
Middle: -25.3206 23.0305 1033.5
Ring: -2.34969 70.577 1018.84
Little: 30.7624 76.5377 1019.14
Thumb: -39.5841 102.768 1023.45
Index: -58.0239 49.6477 1030.15
Middle: -27.3674 21.0296 1035.91
Ring: -2.85401 80.5779 1028.01
Little: 27.917 80.2139 1016.46
Thumb: -41.0674 102.412 1021.08
Index: -58.7537 54.1483 1024.98
Middle: -27.525 22.535 1030.22
Ring: -5.32473 80.4667 1021.12
Little: 27.6455 87.2762 1017.28
Thumb: -40.4187 103.771 1020.08
Index: -59.2199 62.9874 1021.44
Middle: -27.9625 23.0463 1030
Ring: -6.50298 76.7446 1019.89
Little: 26.605 89.3648 1018.17
Thumb: -43.207 100.86 1019.99
Index: -58.7786 64.8726 1019.22
Middle: -28.3095 22.3875 1029.11
Ring: -6.34432 78.4818 1018.71
Little: 27.1951 89.3516 1017.28
Thumb: -44.018 101.874 1017.79
Index: -63.1004 71.0516 1022.43
Middle: -32.0298 21.0525 1028.39
Ring: -7.24269 56.2705 1033.91
Little: 20.9009 92.2554 1014.52
Thumb: -44.3181 102.571 1017.04
Index: -65.0215 60.4923 1020.92
Middle: -33.1323 22.6498 1027.57
Ring: -3.11969 63.4934 1050.36
Little: 19.696 91.6439 1012.44
Thumb: -45.2709 101.596 1015.82
Index: -63.6971 64.9787 1019.92
Middle: -33.7703 21.7583 1028.33
Ring: -3.463 62.8749 1050
Little: 19.6266 92.2311 1012.7
Thumb: -44.3108 100.415 1012.5
Index: -63.4619 67.4988 1017.34
Middle: -33.7223 21.9437 1024.93
Ring: -3.49695 62.3677 1047.12
Little: 19.7462 91.6085 1009.82
Thumb: -44.4055 100.966 1010.77
Index: -61.2768 55.0858 1016.56
Middle: -31.323 21.4975 1023.3
Ring: -2.76358 62.0642 1045.87
Little: 23.5898 93.329 1018.86
Thumb: -44.349 100.333 1010.33
Index: -61.8987 65.0133 1015.79
Middle: -31.7595 21.8847 1023.01
Ring: -3.68934 62.0269 1045.67
Little: 22.1808 93.2329 1018.93
Thumb: -44.62 100.963 1011.46
Index: -64.4174 63.1976 1017.82
Middle: -33.0703 23.9817 1023.33
Ring: -5.92321 56.767 1040.52
Little: 20.5958 94.1811 1018.24
Thumb: -46.9596 101.958 1013.51
Index: -66.7211 62.9065 1020.12
Middle: -35.7502 23.1314 1026
Ring: -7.7832 57.1942 1042.99
Little: 18.9694 93.134 1019.75
Thumb: -50.9612 105.306 1017.56
Index: -68.2302 66.492 1025.15
Middle: -36.4392 24.1193 1033.64
Ring: -9.66876 58.3649 1045.48
Little: 16.3924 94.7148 1018.54
Thumb: -54.2252 106.145 1023.46
Index: -69.8887 61.5225 1030.67
Middle: -37.0162 24.2174 1041.78
Ring: -12.2601 53.2931 1047
Little: 17.455 99.2665 1028.4
Thumb: -66.1457 107.254 1037.34
Index: -69.1435 56.7256 1046.3
Middle: -39.511 25.3387 1056.26
Ring: -14.3361 51.6484 1060.49
Little: 18.4069 95.8518 1042.86
Thumb: -72.4924 110.358 1053.14
Index: -67.5629 58.1957 1068.5
Middle: -42.6557 30.0561 1064.54
Ring: -22.768 23.3649 1064.4
Little: 18.9096 94.1639 1052.06
Thumb: -77.7014 114.384 1070.27
Index: -66.2976 54.1034 1088.55
Middle: -49.6827 33.1648 1081.41
Ring: -32.4386 24.1188 1081.27
Little: 16.5694 89.9888 1064.03
Thumb: -79.6381 119.627 1085.15
Index: -69.4844 57.0844 1103.4
Middle: -56.8462 37.2912 1093.64
Ring: -39.7491 25.9156 1093.98
Little: 10.943 90.3877 1067.71
Thumb: -78.8279 125.696 1096.54
Index: -68.7677 57.0056 1122.54
Middle: -57.6311 38.8898 1110.64
Ring: -44.9834 24.2232 1120.54
Little: 9.07785 88.7506 1070.99
Thumb: -74.4508 132.797 1105.92
Index: -62.8002 63.1068 1134.92
Middle: -51.737 46.1476 1126.17
Ring: -39.2498 30.2723 1135.06
Little: 12.2131 91.4229 1071.8
Thumb: -73.0858 138.043 1112.21
Index: -58.3822 69.6046 1143.94
Middle: -45.7816 47.243 1144.33
Ring: -35.0414 35.6285 1145.88
Little: 7.96887 89.3478 1070.44
Thumb: -70.0368 145.748 1121.69
Index: -52.5427 72.9348 1146.07
Middle: -41.4822 50.5457 1150.66
Ring: -29.0614 38.2031 1152.03
Little: 7.29617 88.1347 1071.64
Thumb: -65.3335 150.814 1128.85
Index: -49.4981 77.9607 1153.9
Middle: -36.3171 54.7555 1161.68
Ring: -22.2928 42.1543 1167.42
Little: 6.35745 87.6609 1076.75
Thumb: -62.5411 154.45 1130.87
Index: -46.2976 81.1199 1153.04
Middle: -31.6763 56.2456 1161.25
Ring: -16.6189 42.7472 1170.28
Little: 11.1836 88.0847 1077.63
Thumb: -56.5015 156.519 1132
Index: -41.2115 82.7502 1156.48
Middle: -26.0807 59.9022 1160.99
Ring: -10.0396 43.3612 1168.48
Little: 12.4117 87.6917 1075.79
Thumb: -53.249 156.496 1134.59
Index: -36.0379 82.4989 1154.75
Middle: -19.8107 60.3083 1159.07
Ring: -5.25961 43.9788 1164.5
Little: 18.6301 88.4945 1074.96
Thumb: -49.5471 157.814 1135.67
Index: -30.1793 80.7352 1152.89
Middle: -15.1777 59.3622 1157.72
Ring: 0.257702 46.3179 1163.64
Little: 40.6477 108.01 1080.64
Thumb: -46.8702 157.088 1136.51
Index: -26.4592 77.2515 1149.81
Middle: -11.7421 56.3547 1149.55
Ring: 3.50065 42.7362 1156.12
Little: 44.9906 109.575 1080.8
Thumb: -45.248 152.536 1137.59
Index: -19.5438 68.1615 1144.5
Middle: -6.16821 50.1207 1141.47
Ring: 11.5654 36.7516 1149.11
Little: 50.0433 110.606 1077.28
Thumb: -41.1894 147.864 1142.63
Index: -8.51133 59.0146 1141.54
Middle: 1.97398 46.9386 1133.62
Ring: 20.5049 32.2494 1139.51
Little: 28.5703 82.8445 1059.89
Thumb: -40.2437 140.811 1142.01
Index: -0.243675 50.9647 1136.01
Middle: 8.05168 41.105 1130.13
Ring: 28.196 28.1326 1133.06
Little: 33.6848 84.9045 1053.1
Thumb: -37.1643 131.861 1138.35
Index: 8.78438 45.1971 1137.93
Middle: 12.5562 38.4804 1127.54
Ring: 31.0051 26.9981 1128.18
Little: 50.5292 107.927 1053.49
Thumb: -32.7778 127.611 1134.68
Index: 10.5731 44.2969 1140.93
Middle: 12.2682 32.7892 1127.72
Ring: 24.6739 28.0231 1123.13
Little: 51.8258 110.703 1055.18
Thumb: -25.8137 125.197 1133.47
Index: 8.17617 46.3747 1142.59
Middle: 7.41579 32.8867 1128.85
Ring: 17.5467 29.6959 1121.05
Little: 47.3219 106.706 1050.41
Thumb: -21.1474 124.087 1131.14
Index: -42.8428 117.684 1080.26
Middle: -2.26795 40.7471 1134.85
Ring: 10.7217 35.6313 1120.09
Little: 47.4088 101.305 1048.42
Thumb: -16.6758 122.786 1130.58
Index: -43.3224 122.702 1079.36
Middle: -9.78456 48.3239 1136.22
Ring: -0.306423 41.6684 1121.57
Little: 43.2837 96.329 1045.61
Thumb: -15.6388 120.557 1127.47
Index: -43.8548 117.695 1082.33
Middle: -11.6506 52.7645 1139.7
Ring: -3.24974 43.0248 1129.04
Little: 31.9658 86.5739 1044.64
Thumb: -13.7572 120.418 1127.14
Index: -45.3615 111.182 1086.29
Middle: -14.2046 55.9844 1139.23
Ring: -6.94315 46.7564 1131.04
Little: 42.1143 89.6819 1047.45
Thumb: -13.1908 118.561 1127.69
Index: -45.7698 96.8153 1093.42
Middle: -14.6744 56.3911 1140.96
Ring: -7.05887 46.8567 1129.27
Little: 38.6889 86.9631 1044.69
Thumb: -13.0585 118.435 1131.48
Index: -48.0735 92.4085 1101.35
Middle: -14.4763 58.769 1140.18
Ring: -8.79944 48.2012 1135.24
Little: 38.7628 86.1777 1045.23
Thumb: -11.9666 117.818 1133.16
Index: -47.7261 92.4233 1099.12
Middle: -15.4848 58.8089 1141.93
Ring: -9.73173 48.9387 1136.41
Little: 45.9997 85.5989 1048.17
Thumb: -12.1811 117.918 1133.67
Index: -47.8716 92.741 1099.95
Middle: -20.546 63.791 1149.1
Ring: -10.9546 50.4993 1141.92
Little: 46.3622 84.5984 1049.84
Thumb: -13.3688 118.164 1133.63
Index: -48.9378 100.012 1093.03
Middle: -22.5557 67.1657 1139.4
Ring: -12.2981 50.9809 1140.88
Little: 46.0624 83.7875 1050.21
Thumb: -14.9045 118.836 1135.3
Index: -50.8717 101.174 1093.4
Middle: -24.6303 69.1205 1137.92
Ring: -14.1135 50.8525 1140.32
Little: 44.6767 82.3543 1049.43
Thumb: -16.8537 119.251 1135.41
Index: -53.0389 103.565 1093.3
Middle: -25.3795 71.7972 1135.45
Ring: -16.1979 51.4997 1139.84
Little: 42.9949 82.7459 1049.6
Thumb: -18.1355 117.534 1134.75
Index: -54.4402 105.348 1095.15
Middle: -26.6777 73.7087 1134.82
Ring: -18.9646 51.2002 1138.05
Little: 39.3403 82.9263 1048.6
Thumb: -18.3843 116.846 1134.14
Index: -53.0081 109.324 1094.66
Middle: -26.711 74.1879 1133.49
Ring: -18.8493 50.8161 1139.45
Little: 38.817 82.4514 1048.16
Thumb: -19.0843 118.366 1135.08
Index: -51.3335 116.651 1093.04
Middle: -27.2521 75.0531 1131.95
Ring: -20.0381 51.03 1138.58
Little: 38.1102 82.5827 1047.88
Thumb: -18.3959 118.454 1137.27
Index: -51.515 118.134 1093.93
Middle: -26.9613 74.9867 1133.51
Ring: -19.1697 51.1994 1142.29
Little: 37.8907 82.4855 1048.91
Thumb: -19.0257 118.158 1136.4
Index: -51.4021 119.448 1091.85
Middle: -27.7442 74.9321 1132.53
Ring: -20.2847 51.3419 1141.98
Little: 38.5752 81.5914 1049.31
Thumb: -18.8204 118.321 1137.18
Index: -52.2119 117.402 1091.56
Middle: -27.5736 74.9332 1132.02
Ring: -20.1525 51.2469 1142.01
Little: 38.0799 81.4349 1048.74
Thumb: -18.7533 117.28 1136.54
Index: -52.3621 117.424 1091.79
Middle: -27.6223 75.051 1132.16
Ring: -20.0303 51.0746 1142.83
Little: 37.5605 81.2369 1048.8
Thumb: -18.8523 119.649 1137.21
Index: -53.3608 116.753 1092.92
Middle: -27.3442 76.2521 1132.75
Ring: -20.0958 52.6046 1142.19
Little: 37.6733 82.4558 1049.06
Thumb: -20.3329 120.432 1137.16
Index: -53.2366 119.93 1092.94
Middle: -28.0266 76.3409 1132.6
Ring: -20.4852 52.1075 1142.72
Little: 37.8362 83.3453 1049.49
Thumb: -21.6143 125.464 1138.34
Index: -58.2495 119.331 1099.67
Middle: -30.6669 80.0687 1132.26
Ring: -22.8824 55.243 1142.57
Little: 36.9492 83.7755 1051.07
Thumb: -21.0206 129.579 1143.26
Index: -49.0297 126.636 1100.48
Middle: -30.4843 76.9342 1134.21
Ring: -21.6707 54.7253 1143.09
Little: 36.9921 85.4428 1051.26
Thumb: -20.5812 132.414 1147.09
Index: -45.1012 133.52 1098.48
Middle: -27.1315 76.1585 1136.14
Ring: -17.4122 50.8785 1142.9
Little: 36.8269 88.6857 1051.3
Thumb: -17.5116 136.546 1154
Index: -49.5776 135.185 1094.51
Middle: -25.8081 72.7333 1136.7
Ring: -14.3607 46.7824 1140.04
Little: 36.7693 90.095 1049.89
Thumb: -13.0351 141.04 1159.38
Index: -45.0385 136.476 1094.31
Middle: -20.2305 62.6991 1140.57
Ring: -10.9772 44.7584 1135.08
Little: 38.0175 91.3367 1047.44
Thumb: -7.18343 141.561 1165.08
Index: -40.7247 147.015 1095.44
Middle: -14.1044 58.8846 1137.77
Ring: -5.46073 42.1696 1133.37
Little: 11.4635 87.9932 1041.45
Thumb: 0.355186 145.133 1168.4
Index: -35.8498 148.523 1097.92
Middle: -6.25942 52.4883 1127.69
Ring: -1.86909 40.3563 1131.98
Little: 39.167 94.9699 1042.45
Thumb: 8.05895 145.732 1172.3
Index: -31.6533 147.712 1103.11
Middle: -3.77596 46.7428 1131.99
Ring: 4.23579 37.474 1131.33
Little: 39.2772 95.5351 1041.34
Thumb: 13.9564 146.245 1173.99
Index: -11.8123 87.0812 1145.3
Middle: 1.59842 40.7189 1141.38
Ring: 9.82542 35.7856 1133.38
Little: 37.2247 96.1405 1041.89
Thumb: 19.3915 142.662 1177.6
Index: -14.2397 80.7212 1146.55
Middle: -3.45148 42.2784 1145.36
Ring: 11.0565 32.1474 1130.74
Little: 32.816 102.746 1044.57
Thumb: 25.0077 139.315 1176.91
Index: -9.90623 73.481 1156.98
Middle: 3.13132 40.191 1145.49
Ring: 14.3869 32.1333 1130.08
Little: 31.5285 104.426 1045.11
Thumb: 30.7049 137.639 1179.27
Index: -6.80582 68.5909 1158.75
Middle: 9.499 36.2585 1146.44
Ring: 18.802 31.3792 1127.83
Little: 31.8652 107.427 1045.49
Thumb: 35.2112 134.844 1175.41
Index: -4.38313 68.1677 1152.24
Middle: 14.5861 32.2344 1141.63
Ring: 18.7093 31.9471 1120.16
Little: 34.5826 108.42 1040.54
Thumb: 53.5774 239.796 1149.66
Index: 2.82434 66.8447 1142.1
Middle: 27.0049 31.2356 1135
Ring: 18.0653 39.1455 1112.95
Little: 37.2251 98.2702 1018.62
Thumb: 66.1723 244.262 1137.72
Index: 1.06043 67.3102 1130.51
Middle: 1.9699 42.4117 1109.94
Ring: 7.60304 48.1021 1107.29
Little: 40.0552 100.398 1008.85
Thumb: 60.4525 223.164 1142.16
Index: 9.26152 62.4205 1101.18
Middle: -4.77099 44.1368 1101.16
Ring: 4.87455 56.077 1104.05
Little: 38.0619 102.283 999.283
Thumb: 73.1835 236.184 1137.28
Index: 11.621 68.0251 1098.29
Middle: -2.83789 48.4339 1102.16
Ring: 7.13409 58.7343 1101.35
Little: 38.2301 107.821 997.44
Thumb: 67.7423 230.629 1142.11
Index: 12.6584 63.4716 1099.36
Middle: -4.25755 44.9705 1100.38
Ring: 5.84932 56.7786 1099.4
Little: 38.2103 105.863 999.968
Thumb: 66.1404 227.659 1143.44
Index: 13.8141 62.194 1098.5
Middle: -3.58689 44.4113 1104.09
Ring: 7.40841 53.2426 1099.21
Little: 46.1977 99.2216 1006.86
Thumb: 61.8703 226.623 1143.54
Index: 15.1912 61.2084 1097.93
Middle: -3.86053 43.0145 1102.06
Ring: 7.32617 52.4793 1095.93
Little: 47.5436 93.7448 1011.11
Thumb: 59.3365 216.167 1147.92
Index: 16.3947 60.8541 1097.35
Middle: -1.87201 42.1117 1101.83
Ring: 9.46021 50.684 1097.07
Little: 48.5158 95.505 1009.2
Thumb: 48.7325 215.512 1139.95
Index: 13.8569 60.9888 1097.94
Middle: -6.03258 43.4559 1102.08
Ring: 6.40664 51.0479 1097.27
Little: 42.398 98.2504 1005.51
Thumb: -25.6243 188.835 1083.69
Index: 6.81367 59.9538 1096.44
Middle: -8.57621 45.5407 1102.66
Ring: 1.84738 53.4891 1099.31
Little: 43.1253 98.603 1004.32
Thumb: 83.3593 168.221 1210.1
Index: 40.023 29.7778 1128.85
Middle: 9.87203 22.0252 1115.46
Ring: 17.8967 18.7385 1109.69
Little: -3.62368 123.774 1086.38
Thumb: 97.8417 168.383 1202.01
Index: 39.0859 22.0682 1109.84
Middle: 1.13117 21.6035 1107.88
Ring: 1.82186 115.033 1166.21
Little: -3.48518 81.0679 1113.4
Thumb: 90.4686 197.474 1201.03
Index: 42.2867 90.5938 1188.68
Middle: -5.89124 25.6281 1103.68
Ring: 3.31968 113.502 1165.7
Little: -9.49979 72.2018 1108.31
Thumb: 90.9828 188.105 1203.83
Index: 46.8679 98.7519 1186.8
Middle: -4.00605 21.879 1099.93
Ring: 0.786684 114.211 1165
Little: -14.4344 69.203 1104.82
Thumb: 137.222 112.847 1166.28
Index: 49.2556 97.1007 1183
Middle: -3.77607 18.846 1091.38
Ring: -0.509352 110.962 1164.6
Little: -13.7473 60.2334 1099.81
Thumb: 129.166 91.8994 1152
Index: 50.7552 96.3403 1181.97
Middle: -4.25813 18.1637 1090.95
Ring: -5.88233 101.415 1163.72
Little: -14.8196 56.5291 1095.75
Thumb: 132.069 93.7893 1147.68
Index: 52.9561 97.721 1179.45
Middle: -3.10268 18.8564 1088.51
Ring: 0.0841975 108.141 1163.01
Little: -15.9566 57.9272 1095.19
Thumb: 136.199 93.7723 1140.16
Index: 56.4657 93.6887 1177.74
Middle: -3.23708 18.36 1085.36
Ring: 4.92636 108.306 1163.99
Little: -16.3061 55.3741 1093.59
Thumb: 136.431 96.3687 1131.4
Index: 61.6274 95.5388 1172.63
Middle: -3.62104 16.768 1086.86
Ring: 6.97587 106.892 1164.21
Little: -16.26 50.7426 1089.44
Thumb: 134.898 98.32 1124.23
Index: 65.5162 96.7817 1170.15
Middle: -2.94124 18.8552 1086.67
Ring: 9.60703 106.517 1165.72
Little: -14.2574 52.0555 1085.08
Thumb: 133.408 100.155 1117.11
Index: 68.383 96.5335 1167.99
Middle: -2.13358 19.5835 1083.53
Ring: 13.1147 106.887 1165.87
Little: -15.8965 52.477 1082.92
Thumb: 132.288 98.3602 1111.79
Index: 68.4827 95.0382 1165.02
Middle: -4.00646 21.1654 1079.87
Ring: 9.8415 99.861 1163.82
Little: -13.662 54.2845 1086.24
Thumb: 131.387 98.9171 1108.73
Index: 64.1634 89.4948 1163.25
Middle: -5.02379 21.7177 1079.37
Ring: 11.5375 103.472 1160.59
Little: -15.825 55.939 1082.97
Thumb: 131.566 100.496 1107.44
Index: 61.3626 87.6873 1161.94
Middle: -5.62297 21.6981 1073.62
Ring: 13.0614 108.871 1158.59
Little: -17.5998 55.9784 1079.85
Thumb: 131.441 98.5198 1102.29
Index: 60.4272 84.8388 1157.94
Middle: -6.56231 20.1046 1071.5
Ring: 11.7698 105.114 1156.03
Little: -15.8202 56.4302 1076.88
Thumb: 130.768 99.1942 1100.16
Index: 60.9557 89.0568 1155.98
Middle: -7.32594 20.8981 1069.51
Ring: 9.82118 105.509 1153.1
Little: -14.9611 57.1662 1072.95
Thumb: 130.108 98.933 1098.42
Index: 62.1201 90.0747 1154.4
Middle: -6.99779 20.9397 1065.8
Ring: 8.32738 104.412 1152.12
Little: -13.1301 62.0717 1078.84
Thumb: 128.238 98.789 1095.83
Index: 59.3928 86.9299 1152.94
Middle: -8.90769 20.0654 1064.46
Ring: 6.18376 100.701 1151.14
Little: -15.2768 61.4905 1077.76
Thumb: 127.688 98.5796 1095.3
Index: 59.3698 86.5586 1151.25
Middle: -9.66148 20.1791 1064.06
Ring: 8.17627 107.966 1149.93
Little: -16.0191 62.588 1077.94
Thumb: 127.233 98.9993 1095.39
Index: 60 89.2381 1150.3
Middle: -8.99232 19.6235 1063.06
Ring: 7.89219 109.99 1148.34
Little: -17.0783 60.2934 1075.02
Thumb: 129.11 98.595 1093.55
Index: 62.2923 90.8409 1148.5
Middle: -7.96749 18.849 1064.16
Ring: 8.12356 108.544 1147.83
Little: -16.5525 58.7548 1070.3
Thumb: 131.663 99.8836 1096.85
Index: 59.5811 89.7438 1148.89
Middle: -8.41139 19.2593 1067.38
Ring: 7.02303 111.923 1146.92
Little: -16.8687 59.2191 1071.77
Thumb: 130.617 99.834 1098.54
Index: 61.5337 92.7257 1148.49
Middle: -7.77034 19.7648 1068.69
Ring: 4.96275 111.936 1146.54
Little: -16.279 59.9028 1071.91
Thumb: 132.112 101.911 1101.27
Index: 59.0112 89.7071 1150.11
Middle: -7.7523 19.9845 1070.84
Ring: 6.34313 116.336 1145.98
Little: -15.841 59.2873 1070.63
Thumb: 129.82 100.397 1102.78
Index: 58.9221 89.3732 1150.79
Middle: -7.69067 20.0005 1071.45
Ring: 4.32522 113.533 1147.17
Little: -15.9019 59.0001 1069.69
Thumb: 128.971 99.336 1106.2
Index: 55.333 86.4053 1153.34
Middle: -8.41451 18.846 1075.16
Ring: 1.04327 110.862 1147.61
Little: -15.4422 57.0697 1070.6
Thumb: 127.454 98.3065 1110.86
Index: 56.603 89.146 1155.51
Middle: -6.23777 18.829 1079.97
Ring: 1.59887 102.07 1150.44
Little: -14.8408 57.3053 1072.55
Thumb: 129.666 100.603 1114.33
Index: 57.2945 89.692 1158.01
Middle: -5.00734 19.0329 1083.16
Ring: 1.45105 116.819 1149.46
Little: -13.2191 56.6429 1075.19
Thumb: 130.513 99.6453 1114.31
Index: 55.8816 89.5858 1161.93
Middle: -5.39132 15.8984 1087.57
Ring: -0.101348 115.7 1151.97
Little: -13.2747 52.9979 1076.1
Thumb: 131.314 99.6507 1116.2
Index: 57.0724 90.0327 1164.11
Middle: -4.56826 14.2955 1092.35
Ring: -0.142794 112.661 1155.22
Little: -13.9175 52.5009 1080.41
Thumb: 133.57 99.4719 1116.92
Index: 58.0613 89.9735 1166.5
Middle: -3.5508 14.1514 1094.58
Ring: 2.07225 114.901 1157.17
Little: -12.5412 52.5102 1082.87
Thumb: 135.537 101.684 1120.18
Index: 58.1527 88.4557 1169.03
Middle: -3.28087 14.6677 1098.25
Ring: 2.42284 111.703 1160.65
Little: -11.4063 51.4657 1085.56
Thumb: 135.516 104.771 1124.81
Index: 58.835 90.2686 1171.28
Middle: -2.49844 14.5447 1100.35
Ring: 2.1464 111.76 1163.33
Little: -11.7762 52.0531 1088.68
Thumb: 132.17 103.533 1131.84
Index: 61.3375 93.3425 1176.42
Middle: -2.23209 13.9745 1104.21
Ring: 2.6301 114.019 1168.22
Little: -10.8177 51.3775 1092.16
Thumb: 128.794 101.658 1142.59
Index: 54.785 91.5565 1182.14
Middle: -2.97122 13.386 1106.26
Ring: -2.88849 113.844 1168.89
Little: -10.8092 50.7188 1093.31
Thumb: 122.497 100.304 1155.45
Index: 45.5287 92.0088 1189.07
Middle: -2.24425 12.582 1108.56
Ring: -9.87903 91.7819 1172.11
Little: -10.5425 51.8065 1095.3
Thumb: 121.643 99.2401 1160.47
Index: 43.9198 92.8121 1194.35
Middle: -0.779144 11.4899 1111.09
Ring: -9.05431 104.909 1172.51
Little: -9.28471 51.8305 1098.4
Thumb: 127.671 101.591 1158.4
Index: 49.6351 92.4211 1195.76
Middle: -0.635375 12.5544 1112.66
Ring: -4.4353 78.9168 1179.37
Little: -9.51388 52.7495 1101.92
Thumb: 136.939 107.9 1147.1
Index: 65.1047 92.8138 1195.81
Middle: 0.242361 16.2948 1116.25
Ring: 9.01641 83.1947 1188.13
Little: -7.10125 54.3556 1108.28
Thumb: 132.877 107.114 1152.48
Index: 60.9908 93.5041 1199.98
Middle: -1.52462 18.4898 1109.88
Ring: 6.72642 78.5638 1189.05
Little: -6.90507 55.0941 1110.55
Thumb: 118.263 107.62 1174.91
Index: 14.2826 30.6213 1146.4
Middle: -2.32217 17.7423 1109.01
Ring: -10.8915 106.649 1187.74
Little: -6.66893 54.1116 1106.5
Thumb: 68.7148 108.75 1204.01
Index: -1.16045 31.9423 1132.78
Middle: -2.25284 17.8372 1100
Ring: -24.2935 45.9603 1143.39
Little: -7.06367 55.6675 1100.11
Thumb: 87.635 135.673 1224.76
Index: 6.33224 40.1293 1108.7
Middle: -20.0943 46.191 1088.67
Ring: -44.3406 92.1277 1101.76
Little: -0.14324 70.5793 1083.41
Thumb: 77.9542 88.8344 1169.22
Index: 3.08992 39.8062 1113.03
Middle: -12.756 43.7543 1081.23
Ring: -43.5723 95.4821 1095.49
Little: 2.35074 68.0156 1084.88
Thumb: 74.6042 195.66 1247.08
Index: 2.76867 37.8662 1112.43
Middle: -10.9649 41.1477 1079.36
Ring: -44.0864 98.6786 1093.09
Little: 3.61455 65.4082 1084.17
Thumb: 84.5181 203.713 1243.92
Index: 0.949004 36.5618 1114.28
Middle: -7.22222 36.6352 1079.44
Ring: -44.5207 94.8357 1088.03
Little: 5.39151 61.6067 1085.11
Thumb: 89.6062 181.724 1236.95
Index: 1.87592 35.5255 1115.46
Middle: -5.9652 34.8816 1080.95
Ring: -32.2618 87.533 1103.78
Little: 4.24278 63.129 1085.05
Thumb: -19.3287 130.673 1203.87
Index: -3.33329 39.8718 1106.98
Middle: 0.773117 38.791 1071.91
Ring: -34.3867 136.191 1071.32
Little: 14.3333 63.7274 1079.56
Thumb: -23.9761 137.701 1197.81
Index: -5.37106 43.1838 1105.63
Middle: 1.2919 36.6333 1076.21
Ring: -38.5851 126.095 1064.97
Little: 17.7977 62.0033 1080.38
Thumb: -36.407 135.746 1189.64
Index: -2.2472 39.1637 1104.32
Middle: 2.60455 31.4866 1078.08
Ring: 2.39713 37.7881 1077.08
Little: 19.862 58.2233 1080.12
Thumb: -44.142 139.058 1179.37
Index: -4.40483 37.8212 1102.35
Middle: 3.18884 32.4662 1072.34
Ring: 2.52558 32.2592 1081.22
Little: 18.5673 82.7438 1051.93
Thumb: -51.6908 139.276 1167.7
Index: -1.29741 33.8549 1101.14
Middle: 6.47272 29.0775 1071.89
Ring: 4.533 29.1499 1080.56
Little: 24.2439 90.8891 1049.73
Thumb: -52.8808 149.479 1150.29
Index: -5.21282 26.3398 1105.84
Middle: -8.09899 10.5027 1102.1
Ring: 2.80116 16.9928 1081.01
Little: 20.64 89.7846 1033.02
Thumb: -62.3526 151.002 1140.06
Index: -3.1514 25.4032 1106.68
Middle: -12.0684 12.631 1096.08
Ring: 0.957001 25.804 1071.23
Little: 27.9763 88.2817 1031.4
Thumb: -70.863 149.863 1128.04
Index: -5.15082 25.9391 1106.01
Middle: -11.1673 12.1898 1097.58
Ring: 3.2258 27.5988 1071.18
Little: 33.0878 89.924 1034.36
Thumb: -79.2595 147.85 1116.18
Index: -39.4417 60.5815 1045.58
Middle: -14.1253 14.2011 1086.71
Ring: 8.11787 33.584 1075.23
Little: 36.2179 87.588 1034.93
Thumb: -74.7998 150.951 1111.68
Index: -44.1159 62.5588 1047.78
Middle: -14.6526 10.509 1103.6
Ring: 4.80183 42.7131 1075.84
Little: 34.0681 85.1884 1036.38
Thumb: -77.1579 151.139 1105.88
Index: -45.3964 68.8138 1041.97
Middle: -16.3094 10.8272 1102.77
Ring: 5.32406 44.8488 1074.92
Little: 36.7508 85.8897 1038.3
Thumb: -78.4603 152.316 1104.2
Index: -44.106 68.6153 1040
Middle: -18.0059 11.1839 1102.72
Ring: 4.32275 40.2693 1076.86
Little: 37.361 85.0119 1039.13
Thumb: -78.2048 150.142 1101.73
Index: -49.4565 69.6774 1039
Middle: -18.6068 10.8106 1101.02
Ring: 3.57444 38.6948 1076.44
Little: 34.8355 78.938 1037.56
Thumb: -79.7076 150.923 1099.68
Index: -49.7849 66.4351 1039.89
Middle: -20.8102 11.5869 1100.18
Ring: 2.00814 39.7725 1075.86
Little: 36.4486 84.5726 1041.95
Thumb: -79.1976 151.284 1098.28
Index: -48.9919 68.8125 1037.35
Middle: -21.2313 11.8949 1101.52
Ring: 0.599068 33.812 1076.38
Little: 37.5604 83.6331 1045.86
Thumb: -78.6774 150.506 1095.97
Index: -50.7692 73.0067 1035.32
Middle: -21.7495 12.6672 1099.3
Ring: 0.772266 36.5701 1076.87
Little: 35.7119 82.4272 1044.7
Thumb: -78.2029 150.141 1092.34
Index: -51.0294 69.6107 1034.77
Middle: -22.6431 12.577 1099.19
Ring: 0.50666 37.0201 1076.25
Little: 36.5418 81.6027 1045.4
Thumb: -78.3086 150.027 1089.02
Index: -49.2375 69.5376 1032.72
Middle: -23.1133 12.5763 1098.82
Ring: 0.758311 36.3175 1077.2
Little: 37.139 76.9404 1047.52
Thumb: -78.1303 149.861 1087.17
Index: -50.3556 76.2997 1029.46
Middle: -25.7077 13.0101 1100.29
Ring: 4.80126 94.6705 1031.23
Little: 37.5925 82.3419 1046.96
Thumb: -77.6675 150.901 1086.99
Index: -51.3924 70.7056 1031.7
Middle: -26.7983 13.51 1100.02
Ring: 3.96235 94.0281 1026.11
Little: 37.4789 82.2029 1047.04
Thumb: -77.1318 150.984 1086.17
Index: -51.0553 69.6362 1031.92
Middle: -27.0319 13.6968 1100.74
Ring: 4.42171 93.7297 1026.18
Little: 37.7815 82.1044 1047.21
Thumb: -77.1205 150.957 1086.12
Index: -51.033 69.1391 1032.18
Middle: -27.0698 13.7102 1100.8
Ring: 4.24761 92.9018 1026.2
Little: 37.7973 82.0658 1047.22
Thumb: -77.4122 150.817 1085.91
Index: -50.3225 68.639 1032.19
Middle: -25.8728 13.6188 1101.97
Ring: 4.85394 91.5295 1024.28
Little: 38.7624 81.6837 1047.85
Thumb: -78.0833 150.956 1086.45
Index: -49.9773 68.9994 1032.69
Middle: -25.5814 13.5764 1104.16
Ring: 5.407 92.4954 1025.3
Little: 34.9449 68.7629 1041.99
Thumb: -79.8961 152.599 1087.34
Index: -49.8972 70.8313 1032.06
Middle: -25.7002 13.6746 1104.75
Ring: 1.70203 81.9587 1015.35
Little: 34.1807 66.0366 1041.52
Thumb: -80.038 151.207 1086.34
Index: -50.1201 67.8393 1033.2
Middle: -24.6104 13.2921 1107.79
Ring: 3.30649 80.6923 1015.99
Little: 36.0248 67.4937 1042.06
Thumb: -79.6469 150.812 1088.86
Index: -50.1185 68.4216 1032.91
Middle: -25.2155 12.9148 1107.64
Ring: 3.09926 79.2591 1016.45
Little: 36.1432 67.6802 1042.21
Thumb: -80.7858 148.111 1088.62
Index: -50.355 62.6635 1037
Middle: -23.7331 12.0768 1106.77
Ring: 2.47079 79.2898 1016.95
Little: 35.8773 68.088 1042.93
Thumb: -80.7769 147.31 1086.46
Index: -49.1146 60.0293 1036.64
Middle: -22.5548 11.4829 1106.15
Ring: 5.90183 87.2175 1015.68
Little: 37.0994 67.0023 1042.63
Thumb: -80.8776 148.951 1087.22
Index: -49.4315 64.3533 1034.32
Middle: -21.2905 12.2378 1108.96
Ring: 6.43531 86.3058 1015.46
Little: 37.9367 67.3214 1042.27
Thumb: -79.3147 149.787 1085.87
Index: -48.2025 63.4783 1034.1
Middle: -20.6314 12.6261 1111.2
Ring: 8.15748 86.7064 1015.35
Little: 39.1599 66.9384 1042.53
Thumb: -77.0982 152.552 1087.84
Index: -45.3171 66.1877 1033.57
Middle: -20.3403 14.9205 1111.6
Ring: 9.88733 88.4405 1015.92
Little: 41.2537 71.3092 1045.01
Thumb: -76.8667 153.405 1087.8
Index: -41.7912 81.6298 1026.59
Middle: -19.4857 15.3677 1110.23
Ring: 10.4034 81.9245 1016.19
Little: 45.5134 82.8968 1048.08
Thumb: -75.3186 154.52 1087.82
Index: -40.0613 85.864 1026.94
Middle: -19.3785 15.8064 1111.14
Ring: 12.0003 83.7751 1016.5
Little: 47.1639 84.8004 1049.21
Thumb: -71.876 155.237 1087.23
Index: -37.7317 89.2833 1026.57
Middle: -17.5025 17.9423 1111.28
Ring: 15.0091 89.2328 1015.95
Little: 49.1934 87.1534 1050.84
Thumb: -68.9604 151.769 1085.09
Index: -35.596 86.4146 1025.88
Middle: -14.7508 17.1723 1108.8
Ring: 7.40822 20.2052 1102.78
Little: 51.4473 88.024 1051.32
Thumb: -66.1947 150.152 1084.88
Index: -31.7195 83.5328 1025.47
Middle: -10.8467 16.2435 1109.11
Ring: 14.708 40.688 1067.63
Little: 55.6673 87.2467 1051.11
Thumb: -60.1234 150.964 1079.91
Index: -26.4081 88.1203 1023.75
Middle: -7.081 15.9058 1105.39
Ring: 16.9203 27.6904 1080.54
Little: 59.7633 86.3282 1050.95
Thumb: -52.534 151.946 1082.41
Index: -24.0103 79.0837 1026.76
Middle: -2.53014 16.5063 1098.4
Ring: 22.7666 36.9534 1067.76
Little: 63.8275 89.1031 1050.8
Thumb: -42.9225 154.03 1080.58
Index: -14.5407 91.9974 1024.86
Middle: 3.15127 21.3199 1091.38
Ring: 27.9527 34.7651 1074.9
Little: 71.8926 93.6507 1054.49
