Thumb: 32.9554 91.7207 1121.92
Index: -64.5745 28.1944 1098.23
Middle: -101.42 40.8207 1097.63
Ring: -124.543 62.0639 1082.41
Little: -141.773 103.039 1080.87
Thumb: 35.6881 92.6039 1099.01
Index: -73.7841 35.5235 1102.75
Middle: -105.095 38.5305 1086.46
Ring: -119.331 56.7776 1081.81
Little: -128.25 103.636 1086.85
Thumb: 30.0898 87.4463 1101.01
Index: -77.7063 27.9323 1093.67
Middle: -108.399 35.4512 1086.04
Ring: -111.687 72.2073 1096.87
Little: -114.947 124.688 1087.91
Thumb: 27.1112 86.4304 1101.64
Index: -79.018 28.9782 1093.2
Middle: -109.122 35.9805 1083.23
Ring: -111.058 74.3871 1097.58
Little: -115.566 125.386 1087.18
Thumb: 19.9028 83.4952 1104.67
Index: -81.6063 28.2132 1091.84
Middle: -111.24 37.9259 1089.26
Ring: -112 77.4338 1099.34
Little: -117.601 124.883 1088.75
Thumb: 14.6533 85.8257 1108.38
Index: -84.6838 27.7968 1088.77
Middle: -113.95 38.0449 1090.23
Ring: -124.013 62.2072 1094.33
Little: -117.665 127.768 1094.51
Thumb: 6.44105 86.3576 1110.03
Index: -88.1788 29.5606 1086.6
Middle: -114.399 40.7537 1096.28
Ring: -121.175 68.8523 1100.59
Little: -129.734 109.744 1097.48
Thumb: 3.6325 90.2065 1106.11
Index: -89.9447 31.1336 1088.09
Middle: -114.569 40.8684 1099.79
Ring: -122.736 67.5387 1103.68
Little: -133.483 104.98 1097.16
Thumb: 1.43548 87.1354 1102.74
Index: -96.8465 32.7347 1082.61
Middle: -115.822 38.9487 1100.55
Ring: -121.864 68.1205 1105.74
Little: -136.028 102.079 1097.39
Thumb: -1.71591 84.1256 1101.74
Index: -98.3245 34.3809 1088.23
Middle: -120.099 42.5428 1097.31
Ring: -127.525 62.8606 1102.04
Little: -136.49 105.444 1097.28
Thumb: -5.6315 83.4283 1103.27
Index: -101.042 35.8284 1088.11
Middle: -122.562 41.4324 1093.52
Ring: -127.252 62.095 1102.52
Little: -137.676 100.905 1096.68
Thumb: -8.17865 80.6517 1104.13
Index: -99.585 37.393 1100.2
Middle: -123.835 40.0648 1095.47
Ring: -126.283 58.6288 1102.91
Little: -134.423 102.959 1104.22
Thumb: -6.62735 80.9059 1103.14
Index: -98.6671 36.2927 1100.88
Middle: -122.328 39.147 1096.81
Ring: -124.516 59.2208 1106.89
Little: -136.45 97.8697 1103.56
Thumb: -9.01769 81.9015 1096.49
Index: -95.2394 33.9232 1097.83
Middle: -117.217 38.6854 1102.37
Ring: -121.015 58.028 1108.3
Little: -132.629 94.3487 1103.93
Thumb: -5.94742 85.5441 1100.52
Index: -88.4035 33.9967 1098.97
Middle: -110.92 37.3326 1101.26
Ring: -114.427 57.739 1111.43
Little: -126.185 90.6905 1100.2
Thumb: -3.36944 87.7578 1105.84
Index: -79.3588 33.8111 1101.16
Middle: -104.537 34.8637 1099.06
Ring: -108.158 55.6464 1112.27
Little: -120.891 88.5926 1100.12
Thumb: 2.26533 89.306 1104.64
Index: -69.0302 33.2476 1102.59
Middle: -93.335 33.671 1101.95
Ring: -100.218 52.8864 1111.78
Little: -111.521 85.3122 1101.53
Thumb: 10.6915 90.2136 1107.08
Index: -60.2375 32.6695 1101.41
Middle: -84.6023 31.9667 1101.28
Ring: -93.6483 50.9363 1107.79
Little: -104.9 79.9679 1096.23
Thumb: 17.0549 92.352 1106.6
Index: -49.0069 32.0302 1103.91
Middle: -74.0307 27.8672 1102.3
Ring: -86.95 46.5816 1109.57
Little: -96.7301 77.4208 1101.37
Thumb: 24.9207 92.3403 1105.52
Index: -37.206 35.6137 1104.52
Middle: -64.6237 26.0729 1101.98
Ring: -74.5789 44.7706 1108.69
Little: -90.352 73.6344 1099.52
Thumb: 34.6465 91.7559 1107.58
Index: -28.5479 34.5244 1104.06
Middle: -53.5824 28.0905 1105.3
Ring: -69.7642 41.2972 1105.67
Little: -83.8361 71.765 1099.73
Thumb: 42.9604 89.0156 1104.23
Index: -23.8379 32.5079 1105.81
Middle: -49.6273 27.0445 1106.09
Ring: -62.6135 39.5558 1106.19
Little: -74.0182 73.065 1099.89
Thumb: 45.0054 93.6765 1113
Index: -15.0527 33.6361 1105.46
Middle: -41.4396 24.4612 1105.37
Ring: -56.5511 37.519 1100.82
Little: -69.2097 76.573 1104.25
Thumb: 55.6704 94.6904 1114.59
Index: -11.8335 29.3815 1103.56
Middle: -39.0061 19.6775 1102.48
Ring: -51.1246 35.9779 1109.21
Little: -61.1143 71.4537 1106.88
Thumb: 61.9719 93.9205 1117.66
Index: -3.14331 36.09 1108.93
Middle: -31.1758 20.8602 1104.78
Ring: -45.2548 32.3671 1106.51
Little: -58.3973 58.8241 1105
Thumb: 76.5614 93.7948 1117.66
Index: 2.55677 27.2385 1105.33
Middle: -24.9562 17.268 1102.24
Ring: -39.0513 31.9839 1105.83
Little: -53.5215 58.015 1103.58
Thumb: 80.6146 93.5505 1116.73
Index: 12.0258 26.3439 1101.32
Middle: -17.468 15.514 1101.63
Ring: -32.2282 29.4399 1105.15
Little: -47.7674 55.4849 1103.12
Thumb: 87.3226 92.3619 1115.39
Index: 20.0408 21.5306 1099.78
Middle: -10.2198 13.6516 1102.01
Ring: -26.181 29.5448 1107
Little: -42.0079 54.1563 1102.85
Thumb: 98.2495 92.9558 1117.04
Index: 30.4271 18.0215 1105.88
Middle: -4.21369 10.8922 1100.82
Ring: -19.8156 29.7167 1107.65
Little: -36.7464 52.0399 1102.47
Thumb: 103.345 89.4888 1115.86
Index: 37.9236 15.5068 1110.33
Middle: 4.07091 5.74986 1103.75
Ring: -9.94646 29.1093 1114.15
Little: -34.8937 48.6755 1109.17
Thumb: 114.63 95.8456 1115.64
Index: 48.2979 16.4272 1105.33
Middle: 11.4378 3.74625 1098.97
Ring: -3.09958 25.9266 1111.04
Little: -27.8803 45.5506 1104.96
Thumb: 123.509 98.7499 1112.87
Index: 53.6821 12.5847 1099.95
Middle: 18.8965 2.59296 1096.1
Ring: 4.72135 28.0077 1102.92
Little: -20.253 44.7026 1107.7
Thumb: 130.385 96.4136 1111.48
Index: 59.8524 11.7807 1106.04
Middle: 25.1957 1.86195 1099.62
Ring: 11.1269 25.8339 1101.66
Little: -14.468 42.734 1107.45
Thumb: 136.791 95.7864 1114.43
Index: 64.9038 11.419 1104.36
Middle: 30.6542 2.03177 1096.77
Ring: 16.6709 26.5901 1100.08
Little: -4.39729 59.6772 1113.67
Thumb: 140.59 96.5964 1114.52
Index: 70.4419 11.1917 1100.88
Middle: 36.7242 4.87576 1095.67
Ring: 22.8565 30.4068 1104.4
Little: -1.51805 53.8769 1111.08
Thumb: 146.26 98.3066 1112.47
Index: 75.2484 8.13347 1098.63
Middle: 40.4734 1.84222 1082.71
Ring: 27.8328 30.424 1099.38
Little: 4.3786 55.1831 1109.6
Thumb: 149.612 95.3299 1113.26
Index: 79.9658 6.63076 1101.12
Middle: 45.2629 -1.11273 1081.32
Ring: 31.9577 27.2646 1098.84
Little: 8.92053 54.8802 1109.69
Thumb: 152.963 99.2056 1115.06
Index: 84.549 9.53955 1103.78
Middle: 49.6403 0.0710258 1083.72
Ring: 35.4299 27.5595 1099.43
Little: 10.7699 55.1291 1108.42
Thumb: 158.878 99.8963 1112.1
Index: 86.6133 8.9292 1102.63
Middle: 50.813 -1.34647 1077.14
Ring: 37.2291 26.8791 1098.25
Little: 11.1077 49.4205 1105.65
Thumb: 164.679 101.894 1104.89
Index: 88.7635 10.4677 1106.69
Middle: 53.5574 -2.84862 1079.93
Ring: 56.9044 84.9829 1147.5
Little: 24.6474 90.8006 1119.42
Thumb: 165.563 98.7646 1112.41
Index: 88.6977 10.4891 1107.84
Middle: 53.1357 -2.37213 1082.78
Ring: 61.125 96.8721 1146.72
Little: 27.4055 94.074 1124.38
Thumb: 165.508 99.3143 1113.43
Index: 88.6281 10.1729 1107.02
Middle: 53.7044 -2.35156 1081.76
Ring: 59.8341 96.2319 1146.53
Little: 22.5767 79.3354 1133.66
Thumb: 165.253 99.473 1114.63
Index: 88.4099 17.0533 1111.19
Middle: 52.1977 -1.60463 1082.78
Ring: 57.3418 97.6485 1145.63
Little: 17.6702 70.9079 1132.28
Thumb: 163.866 97.7135 1113.64
Index: 86.3603 18.4502 1106.9
Middle: 48.8702 0.334156 1081.15
Ring: 52.8199 85.6982 1163.61
Little: 24.9808 100.193 1137.88
Thumb: 161.381 101.166 1113.28
Index: 85.7084 23.9473 1107.82
Middle: 46.9876 4.41964 1083.39
Ring: 51.1458 84.564 1164.11
Little: 24.0498 103.075 1139.53
Thumb: 160.506 97.6719 1113.76
Index: 80.5264 24.6823 1109.83
Middle: 41.009 6.16731 1079.73
Ring: 48.5343 87.4778 1163.29
Little: 21.4262 104.82 1138.66
Thumb: 158.235 97.4052 1113.16
Index: 75.7998 24.8524 1110.78
Middle: 35.9826 6.37883 1078.6
Ring: 46.5953 92.3781 1163.91
Little: 18.1983 106.654 1139.95
Thumb: 151.586 93.334 1117.31
Index: 70.3428 28.827 1112.55
Middle: 29.6115 9.09743 1079.76
Ring: 46.1983 105.108 1160.32
Little: 15.3138 111.471 1137.34
Thumb: 147.515 93.5261 1116.12
Index: 67.7487 34.8939 1121.25
Middle: 24.3241 9.80203 1080.65
Ring: 35.2155 91.9742 1163.97
Little: 8.29118 106.304 1139.83
Thumb: 142.687 93.1265 1116.74
Index: 60.2699 35.6681 1120.75
Middle: 17.5138 13.2516 1079.09
Ring: 28.5858 93.957 1163.56
Little: 3.56927 110.339 1138.86
Thumb: 134.108 92.6843 1118.31
Index: 59.1487 47.4137 1122.66
Middle: 9.47526 12.9945 1081.11
Ring: 21.3988 94.2524 1164.07
Little: -4.76124 108.198 1139
Thumb: 126.538 94.4747 1122.11
Index: 58.9152 61.3694 1121.74
Middle: 3.90228 16.3894 1080.29
Ring: 14.7808 100.813 1164.89
Little: -11.9882 111.181 1138.6
Thumb: 114.313 93.8219 1126.38
Index: 52.9844 63.7411 1123.2
Middle: -2.11797 15.3168 1082.27
Ring: 8.10722 99.5735 1165.72
Little: -17.95 112.47 1139.94
Thumb: 106.5 94.171 1127.31
Index: 48.6152 64.6562 1118.65
Middle: -9.3717 16.8353 1084.13
Ring: 5.75281 105.74 1166.81
Little: -23.1698 114.565 1141.34
Thumb: 100.071 93.6017 1128.35
Index: 43.7922 65.1994 1115.15
Middle: -15.199 17.7211 1086.53
Ring: 0.502523 105.73 1168.08
Little: -27.4535 117.434 1142.34
Thumb: 93.3434 95.0199 1131.36
Index: 32.9468 62.0821 1125.12
Middle: -21.3474 20.3398 1091.04
Ring: -11.3298 106.954 1169.69
Little: -35.1707 119.091 1141.89
Thumb: 88.1529 96.2927 1129.08
Index: 29.8013 63.3266 1123.61
Middle: -26.8915 20.9878 1093.97
Ring: -15.3119 105.315 1172.39
Little: -39.5421 118.655 1145.3
Thumb: 86.7703 95.4286 1129.01
Index: 16.8075 51.4688 1129.63
Middle: -30.7563 19.327 1094.83
Ring: -19.3574 106.026 1176.32
Little: -38.1716 59.4187 1093.24
Thumb: 82.2825 96.4064 1136.83
Index: -2.54546 27.9426 1131.31
Middle: -34.8964 16.1757 1096.33
Ring: -31.357 102.615 1176.21
Little: -43.6516 56.8764 1097.79
Thumb: 68.9979 98.9304 1159.53
Index: -18.9542 34.0172 1139.79
Middle: -36.1526 17.0532 1098.16
Ring: -52.6534 109.505 1168.11
Little: -48.8198 59.8721 1091.26
Thumb: 29.7643 111.564 1190.03
Index: -38.6282 42.7375 1118.75
Middle: -40.6773 20.268 1105.49
Ring: -37.5463 30.4085 1105.72
Little: -43.5123 63.4629 1082.58
Thumb: 0.293541 117.269 1183.48
Index: -45.9119 47.658 1113.31
Middle: -42.7902 23.2811 1104.8
Ring: -40.8982 34.6974 1101.14
Little: -31.3591 60.7531 1070.73
Thumb: -12.8358 121.115 1177.19
Index: -50.5356 46.9556 1108.88
Middle: -45.9446 22.0817 1111.17
Ring: -46.2723 35.2443 1099.37
Little: -33.548 59.7214 1067.41
Thumb: 39.8765 151.725 1235
Index: -55.9332 47.2744 1105.47
Middle: -51.7492 23.5676 1114.78
Ring: -52.4816 37.3076 1095.67
Little: -36.1948 61.7329 1070.43
Thumb: 35.7391 152.083 1234.08
Index: -60.5115 49.1707 1102.17
Middle: -58.2998 27.4022 1113.04
Ring: -56.3541 39.6575 1091.97
Little: -38.7967 63.8062 1067.99
Thumb: 51.9515 165.1 1225.48
Index: -66.672 54.1912 1105.39
Middle: -60.0057 28.999 1111.92
Ring: -56.4191 40.6099 1091.94
Little: -37.3988 64.5559 1067.98
Thumb: 28.6809 39.4018 1048.22
Index: -66.5107 114.141 1173.58
Middle: -87.886 99.2287 1172.47
Ring: -32.0787 125.913 1173.1
Little: -71.4191 156.552 1157.63
Thumb: -53.6602 46.0046 1087.3
Index: -92.2189 171.051 1193.82
Middle: -76.5508 176.806 1201.56
Ring: -30.9142 187.938 1177.74
Little: 29.624 206.957 1124.74
Thumb: -56.8856 43.2646 1096.35
Index: -86.7728 162.475 1183.98
Middle: -92.4194 179.135 1194.39
Ring: -42.9737 189.856 1180.82
Little: -22.3383 215.906 1153.83
Thumb: -66.3759 33.7603 1107.71
Index: -93.743 169.823 1171.17
Middle: -99.4989 190.467 1180.46
Ring: -38.225 189.305 1164.01
Little: -23.9747 213.884 1145.4
Thumb: -72.6186 32.2865 1107.57
Index: -97.7831 175.321 1164.25
Middle: -100.062 196.036 1176.82
Ring: -48.5603 195.893 1163.75
Little: -25.3284 214.995 1139.1
Thumb: -76.1982 32.6715 1106.32
Index: -69.6744 158.65 1187.32
Middle: -95.0054 198.831 1173
Ring: -45.9043 193.726 1152.64
Little: -19.4632 212.992 1138.42
Thumb: -76.5916 33.693 1107.57
Index: -73.1067 155.673 1187.77
Middle: -110.942 201.876 1168.86
Ring: -55.6319 194.126 1154.32
Little: -30.8767 214.69 1136.27
Thumb: -77.4718 34.1903 1106.14
Index: -76.8265 152.763 1187.8
Middle: -123.215 200.484 1159.64
Ring: -63.2729 192.943 1153.68
Little: -72.689 224.478 1134.64
Thumb: -79.1008 36.8529 1111.56
Index: -82.9937 155.679 1184.72
Middle: -123.52 207.037 1148.37
Ring: -116.768 208.229 1135.25
Little: -79.7372 225.622 1120.75
Thumb: -79.4136 42.6935 1113.15
Index: -83.7717 149.561 1183.59
Middle: -61.292 173.514 1189.22
Ring: -125.19 199.534 1131.82
Little: -88.393 219.205 1118.69
Thumb: -81.0743 42.4787 1108.8
Index: -82.6474 151.799 1185.29
Middle: -70.7623 186.2 1190.61
Ring: -131.29 200.137 1121.92
Little: -97.2728 218.672 1109.54
Thumb: -81.3634 43.3036 1108.52
Index: -91.8211 158.45 1183.81
Middle: -77.1483 187.812 1188.72
Ring: -117.986 198.532 1126.74
Little: -96.26 219.137 1109.67
Thumb: -82.4438 43.4446 1109.17
Index: -88.4617 151.243 1183.41
Middle: -71.8971 177.494 1189.99
Ring: -121.53 204.122 1122.81
Little: -97.8722 218.359 1099.3
Thumb: -83.8733 43.8194 1106.59
Index: -90.9833 151.499 1180.77
Middle: -74.0033 177.545 1187.4
Ring: -114.035 214.009 1122.65
Little: -97.329 218.341 1096.83
Thumb: -84.5953 45.0103 1103.11
Index: -89.4762 146.691 1177.56
Middle: -78.6551 178.73 1183.17
Ring: -110.799 218.803 1116.38
Little: -99.1026 217.714 1094.13
Thumb: -86.3124 46.9206 1102.2
Index: -92.1783 148.234 1175.22
Middle: -78.6496 176.914 1180.79
Ring: -114.956 213.82 1113.83
Little: -102.167 213.839 1092.06
Thumb: -84.8106 49.5399 1100.02
Index: -91.5439 147.928 1171.86
Middle: -77.0188 175.481 1178.25
Ring: -111.128 215.146 1111.93
Little: -102.671 213.929 1084.41
Thumb: -82.9694 51.8089 1095.8
Index: -91.8472 147.189 1169.17
Middle: -77.8666 174.864 1176.07
Ring: -110.129 215.909 1109.32
Little: -102.638 214.295 1081.8
Thumb: -83.0443 53.3736 1092.37
Index: -91.5187 145.375 1167.52
Middle: -77.4724 173.169 1175.15
Ring: -112.897 216.947 1108.05
Little: -102.109 215.485 1087.27
Thumb: -81.544 53.7074 1091.84
Index: -90.7313 143.962 1165.13
Middle: -75.9121 170.879 1173.03
Ring: -111.199 213.442 1108.43
Little: -103.155 213.402 1083.16
Thumb: -81.2202 54.4345 1092.52
Index: -92.5112 146.308 1163.82
Middle: -74.2537 169.797 1172.31
Ring: -108.065 211.662 1109.63
Little: -102.111 213.232 1082.48
Thumb: -81.1789 56.3467 1086.36
Index: -91.4814 146.249 1161.04
Middle: -73.215 169.122 1170.08
Ring: -108.723 209.551 1108.22
Little: -100.058 214.806 1083.92
Thumb: -78.9702 55.009 1089.49
Index: -91.3692 147.036 1160.97
Middle: -74.7216 171.255 1169.47
Ring: -108.465 209.105 1108.4
Little: -102.688 213.309 1079.88
Thumb: -77.0675 56.2029 1091.08
Index: -87.7989 145.042 1163.35
Middle: -72.4543 170.527 1170.69
Ring: -117.903 208.745 1103.96
Little: -106.504 208.58 1076
Thumb: -74.0559 60.6393 1087.31
Index: -86.0388 144.008 1163.8
Middle: -70.8858 169.1 1171.39
Ring: -121.227 204.868 1103.76
Little: -108.653 205.777 1076.56
Thumb: -70.59 58.1607 1095.03
Index: -86.8926 145.334 1164.38
Middle: -75.5737 173.602 1170.29
Ring: -122.866 205.521 1101.66
Little: -112.088 202.033 1074.9
Thumb: -66.2937 57.9226 1095.62
Index: -82.7004 142.94 1166.17
Middle: -72.4208 171.661 1171.85
Ring: -124.438 203.046 1103.31
Little: -112.882 200.597 1076.71
Thumb: -65.3393 58.7446 1098
Index: -80.8204 141.911 1168.3
Middle: -73.3573 172.476 1173.44
Ring: -123.5 202.305 1105.65
Little: -113.177 198.885 1078.48
Thumb: -59.9969 56.9903 1102.36
Index: -78.4003 140.061 1171.61
Middle: -72.8353 171.14 1175.55
Ring: -49.184 184.214 1150.54
Little: -116.86 191.483 1081.64
Thumb: -56.2918 55.7627 1107.31
Index: -72.9397 135.886 1173.79
Middle: -70.4372 168.106 1176.95
Ring: -75.6748 188.168 1163.83
Little: -119.532 185.573 1083.26
Thumb: -50.8333 52.3301 1105.79
Index: -73.1049 137.266 1176.06
Middle: -69.5955 168.737 1178.98
Ring: -72.6571 187.797 1166.09
Little: -120 183.853 1085.6
Thumb: -46.3346 54.4268 1110.29
Index: -70.1118 131.248 1176.2
Middle: -62.7948 160.217 1180.86
Ring: -67.6805 181.239 1169.56
Little: -115.039 180.535 1088.53
Thumb: -39.4412 55.3144 1109.68
Index: -60.9383 124.495 1179.46
Middle: -58.8653 155.259 1186.18
Ring: -59.7036 174.923 1175.91
Little: -109.274 177.528 1095.62
Thumb: -34.4835 54.8906 1107.76
Index: -59.7762 122.287 1179.04
Middle: -50.4913 149.753 1187.39
Ring: -51.8495 170.796 1177.59
Little: -103.886 174.588 1098.26
Thumb: -26.2626 50.4809 1107.55
Index: -53.2807 118.49 1181.63
Middle: -44.9879 146.434 1189.44
Ring: -46.6771 167.681 1179.15
Little: -99.0486 168.434 1098.92
Thumb: -19.6787 50.7562 1106.85
Index: -38.8132 112.518 1182.59
Middle: -43.8405 144.85 1189.65
Ring: -40.8678 164.894 1179.99
Little: -94.3725 164.98 1099.13
Thumb: -13.9122 48.9715 1110.08
Index: -29.5712 110.777 1185.12
Middle: -35.8786 143.727 1191.41
Ring: -33.8479 163.53 1181.19
Little: -87.7781 161.248 1101.12
Thumb: -4.43925 43.5589 1108.59
Index: -25.2993 111.768 1185.3
Middle: -30.0948 144.486 1190.65
Ring: -28.0938 163.951 1179.81
Little: -82.2293 159.619 1099.84
Thumb: 1.68447 42.8828 1109.32
Index: -23.3204 111.061 1185
Middle: -26.7136 142.976 1190.6
Ring: -26.5344 162.538 1179.74
Little: -77.8745 157.009 1099.02
Thumb: 8.92371 39.8672 1108.91
Index: -15.4519 111.532 1186.77
Middle: -20.3145 144.139 1191.16
Ring: -20.1826 163.889 1179.5
Little: -73.2063 155.803 1099
Thumb: 17.6475 36.6787 1109.07
Index: -9.45801 110.894 1185.58
Middle: -14.5362 143.703 1189.69
Ring: -7.58763 163.511 1176.03
Little: -68.3662 154.412 1096.87
Thumb: 25.9153 37.3921 1108.22
Index: -2.38283 110.199 1185.73
Middle: -8.84531 143.039 1189.83
Ring: -4.42955 163.125 1176.88
Little: -63.3573 152.579 1097.26
Thumb: 30.8277 39.9527 1105
Index: 2.93531 108.011 1187.29
Middle: 2.83704 138.433 1192.09
Ring: -1.12848 159.831 1180.56
Little: -57.9848 149.496 1101.31
Thumb: 38.7208 42.8833 1109.21
Index: 12.8741 105.63 1188.37
Middle: 7.40561 136.738 1193.86
Ring: 3.43265 157.973 1182.57
Little: -52.3831 145.23 1103.73
Thumb: 43.3703 43.8063 1104.63
Index: 19.2767 103.696 1186.71
Middle: 13.9061 134.559 1193.19
Ring: 9.73855 155.667 1182.68
Little: -45.8512 145.56 1103.66
Thumb: 49.026 43.4723 1105.31
Index: 23.5661 104.757 1187.18
Middle: 18.1865 135.791 1193.03
Ring: 15.1275 156.541 1182.09
Little: -39.3747 145.748 1101.99
Thumb: 50.5433 41.3255 1105.02
Index: 29.5622 103.072 1187.58
Middle: 23.9764 134.604 1193.61
Ring: 20.4679 155.217 1182.88
Little: -34.5735 146.793 1103.71
Thumb: 52.1755 41.468 1107.51
Index: 35.5566 106.44 1190.29
Middle: 30.697 138.174 1195.27
Ring: 25.5323 159.178 1183.83
Little: -32.6755 147.594 1106.83
Thumb: 49.999 41.8744 1110.88
Index: 39.3133 105.431 1192.33
Middle: 34.5147 137.792 1198.14
Ring: 35.0182 158.035 1186.84
Little: -27.9839 150.858 1112.55
Thumb: 47.5504 43.27 1114.23
Index: 42.8312 107.564 1195.72
Middle: 45.2938 138.129 1201.35
Ring: 43.6997 158.772 1190.26
Little: -23.7585 153.584 1120.26
Thumb: 44.7147 45.6954 1119.5
Index: 34.3061 117.112 1199.14
Middle: 50.3021 143.189 1204.26
Ring: 44.5292 160.552 1194.01
Little: -16.3839 161.452 1128.63
Thumb: 47.0026 53.8908 1116.87
Index: 34.5782 121.974 1199.17
Middle: 51.8265 148.361 1206.38
Ring: 47.5781 163.913 1196.49
Little: -9.47994 163.774 1133.71
Thumb: 48.8527 52.0988 1102.76
Index: 54.4359 127.315 1202.46
Middle: 57.8021 155.683 1207.76
Ring: 53.342 170.759 1198.49
Little: -0.736285 169.39 1141.1
Thumb: 48.356 56.188 1102.6
Index: 56.1166 122.117 1199.63
Middle: 64.9508 150.787 1206.5
Ring: 54.1756 163.372 1199.27
Little: 3.12719 169.359 1143.11
Thumb: 47.0773 61.5622 1102.33
Index: 48.6362 127.329 1198.72
Middle: 58.3849 155.576 1207.69
Ring: 58.8659 162.165 1199.9
Little: 5.56778 168.418 1148.46
Thumb: 47.6342 62.6746 1102.47
Index: 54.1962 127.987 1198.89
Middle: 64.898 155.618 1207.72
Ring: 61.35 166.088 1200.16
Little: 13.562 171.786 1154.7
Thumb: 49.2272 68.7054 1100.42
Index: 58.7964 130.016 1196.61
Middle: 64.6507 159.177 1205.5
Ring: 62.6668 170.188 1197.86
Little: 24.6242 175.162 1160.86
Thumb: 48.318 71.2394 1096.05
Index: 61.6157 128.218 1193.14
Middle: 68.3056 157.403 1203.75
Ring: 69.291 165.383 1196.97
Little: 30.2489 174.856 1162.61
Thumb: 48.6238 74.3065 1097.44
Index: 65.8502 126.887 1191.62
Middle: 72.3028 153.338 1203.1
Ring: 67.8912 165.477 1196.69
Little: 37.2955 176.296 1165.36
Thumb: 51.1732 79.6119 1100.35
Index: 71.696 123.448 1191.4
Middle: 69.4678 150.982 1205.94
Ring: 75.2751 158.216 1199.67
Little: 43.8306 174.234 1172.95
Thumb: 54.3418 84.2657 1098.48
Index: 81.7241 115.058 1184.53
Middle: 74.7756 143.591 1206.07
Ring: 95.6123 150.114 1187.78
Little: 45.8665 168.022 1177.03
Thumb: 52.793 83.5476 1100.86
Index: 79.6607 114.875 1186
Middle: 76.3931 145.727 1205.98
Ring: 79.9406 144.061 1199.06
Little: 45.5789 168.196 1176.12
Thumb: 52.8508 84.3957 1100.74
Index: 80.8612 111.578 1184.44
Middle: 74.9618 142.687 1205.42
Ring: 75.8288 141.187 1199.17
Little: 48.1611 165.671 1177.08
Thumb: 53.3882 85.293 1102.94
Index: 82.7908 110.806 1185.07
Middle: 76.0615 137.961 1205.94
Ring: 75.631 140.864 1199.95
Little: 53.821 170.566 1182.32
Thumb: 53.5998 85.6899 1102.14
Index: 80.073 109.528 1185.3
Middle: 72.6162 139.071 1206.78
Ring: 73.456 138.751 1200.43
Little: 52.9955 169.556 1183.51
Thumb: 53.3991 87.2531 1104.11
Index: 75.6485 105.186 1182.46
Middle: 71.7681 132.959 1205.53
Ring: 70.135 130.668 1198.09
Little: 51.091 163.224 1182.63
Thumb: 54.1575 85.492 1105.26
Index: 66.605 106.839 1185.77
Middle: 71.7442 132.926 1206.19
Ring: 73.5826 131.729 1199.54
Little: 47.9901 161.935 1182.63
Thumb: 52.5608 84.2511 1105.6
Index: 69.4948 102.892 1184.75
Middle: 68.3299 131.018 1205.82
Ring: 67.9922 125.328 1197.35
Little: 46.1037 160.498 1182.09
Thumb: 54.231 84.0983 1102.68
Index: 70.2078 102.059 1183.41
Middle: 68.61 129.515 1204.9
Ring: 70.1163 127.768 1197.78
Little: 41.7728 158.806 1179.51
Thumb: 52.1434 81.1801 1105.29
Index: 63.869 101.092 1185.52
Middle: 68.1703 127.238 1205.86
Ring: 69.4828 126.267 1198.76
Little: 39.1698 157.358 1178.81
Thumb: 50.6736 80.6899 1102.65
Index: 59.6596 97.2978 1183.35
Middle: 66.35 121.781 1204.22
Ring: 69.116 128.207 1200.18
Little: 35.7087 155.358 1178.81
Thumb: 50.1355 81.3943 1105.18
Index: 59.8581 93.159 1183.16
Middle: 65.5523 117.102 1204.8
Ring: 67.2459 125.563 1201.47
Little: 28.8438 152.572 1177.1
Thumb: 45.3843 79.9546 1108.94
Index: 56.8041 92.7027 1187.56
Middle: 56.5716 118.791 1208.91
Ring: 62.1736 126.427 1205.08
Little: 22.6858 147.114 1173.93
Thumb: 43.0557 79.8228 1108.38
Index: 52.6281 92.0981 1187.33
Middle: 58.1088 116.813 1208.03
Ring: 60.5486 125.613 1204.48
Little: 17.4485 145.993 1170.75
Thumb: 44.1019 78.5702 1108.57
Index: 48.2786 89.0087 1186.85
Middle: 54.4687 112.999 1208.14
Ring: 57.5538 123.301 1205.05
Little: 11.4026 140.085 1167.91
Thumb: 43.7407 77.509 1110.84
Index: 44.1051 86.2244 1186.55
Middle: 56.6777 108.57 1207.31
Ring: 57.7743 122.766 1204.8
Little: 4.6577 137.219 1166.89
Thumb: 45.0226 76.3864 1114.06
Index: 30.1829 85.6582 1181.82
Middle: 59.023 106.594 1205.19
Ring: 55.4376 122.993 1204.13
Little: 0.441078 134.358 1162.91
Thumb: 43.7474 71.1854 1112.83
Index: 25.5999 81.31 1181.01
Middle: 61.2219 102.58 1202.77
Ring: 52.8885 119.273 1203.58
Little: -4.93252 128.778 1161.91
Thumb: 41.3036 73.2914 1109.19
Index: 26.3121 79.3441 1175.72
Middle: 67.0706 101.518 1193.51
Ring: 52.3079 116.31 1198.51
Little: -5.48496 125.653 1156.22
Thumb: 40.0225 71.9486 1105.49
Index: 24.1565 77.2659 1172.03
Middle: 64.3304 100.222 1190.96
Ring: 49.7995 114.096 1195.16
Little: -6.59466 122.541 1154.41
Thumb: 37.1089 71.3822 1104.25
Index: 22.1642 76.6095 1171.38
Middle: 57.1414 99.4236 1192.99
Ring: 48.7034 111.767 1192.91
Little: -9.0202 121.356 1151.84
Thumb: 38.3037 71.2492 1105.5
Index: 18.1481 73.9302 1165.95
Middle: 53.2719 96.7471 1190.15
Ring: 46.5945 108.188 1189.1
Little: -12.507 118.103 1145.45
Thumb: 36.0713 70.7123 1105.06
Index: 10.1726 71.7467 1162.47
Middle: 54.5852 97.2758 1177.6
Ring: 45.6242 106.19 1189.31
Little: -13.9049 114.703 1147.54
Thumb: 33.4142 72.5764 1105.67
Index: 6.26574 72.3445 1160.32
Middle: 43.3706 96.6933 1178.88
Ring: 42.4457 106.55 1187.71
Little: -16.1688 115.308 1145.62
Thumb: 33.2343 72.5522 1107.42
Index: -1.04676 72.1954 1157.05
Middle: 29.0378 96.1733 1185.82
Ring: 39.1593 108.322 1187.74
Little: -18.5828 113.294 1144.66
Thumb: 32.2344 72.4463 1106.8
Index: -7.65586 73.3451 1150.92
Middle: 19.8441 96.4834 1184.75
Ring: 34.1716 114.053 1186.37
Little: -19.9658 115.52 1144.78
Thumb: 31.7109 76.5856 1106.54
Index: -8.87021 75.1288 1147.96
Middle: 11.1255 97.3514 1182.27
Ring: 34.9934 115.23 1184.14
Little: -19.8872 115.312 1140.31
Thumb: 28.3229 76.3835 1103.48
Index: -13.5667 79.364 1144.75
Middle: 11.1888 102.903 1179.08
Ring: 26.8902 118.665 1180.57
Little: -20.317 118.99 1136.99
Thumb: 25.4611 76.927 1104.55
Index: -18.0344 77.2587 1142.88
Middle: 8.66862 100.905 1180.03
Ring: 23.2618 116.284 1181.47
Little: -23.3725 116.292 1137.65
Thumb: 20.5391 91.5503 1111.41
Index: -24.5659 78.3753 1137.04
Middle: 4.07963 101.465 1179.92
Ring: 24.8389 119.629 1181.14
Little: -24.2725 117.131 1137
Thumb: 18.8984 91.9897 1110.23
Index: -28.1953 78.7377 1134.32
Middle: -2.82859 100.768 1177.9
Ring: 20.0769 120.675 1180.44
Little: -25.0423 118.712 1136.97
Thumb: 16.9913 91.6441 1109.93
Index: -29.8788 79.0263 1133.78
Middle: -8.94578 100.784 1176.86
Ring: 18.6933 120.475 1180.33
Little: -27.1515 118.546 1136.06
Thumb: 15.8969 91.8296 1109.69
Index: -31.1806 78.7971 1132.56
Middle: -12.2943 101.7 1175.08
Ring: 16.1133 121.381 1179.26
Little: -28.8395 119.007 1133.61
Thumb: 14.4301 92.9677 1109.79
Index: -32.6516 78.4505 1132.91
Middle: -12.3803 101.488 1175.4
Ring: 20.0526 123.354 1178.98
Little: -31.0912 120.277 1132.08
Thumb: 12.8498 93.0878 1108.88
Index: -35.3703 76.202 1129.84
Middle: -13.5095 101.472 1175.23
Ring: 13.0828 123.098 1178.54
Little: -32.3085 118.868 1131.88
Thumb: 9.86557 90.7967 1106.27
Index: -38.61 75.5676 1128.98
Middle: -13.8833 101.495 1176.62
Ring: 14.5793 124.895 1178.99
Little: -35.8988 118.728 1131.4
Thumb: 7.80895 89.9871 1105.04
Index: -36.7165 73.8953 1132.76
Middle: -16.164 98.2363 1175.63
Ring: 10.266 122.432 1178.82
Little: -39.4664 119.506 1132.78
Thumb: 7.59491 88.8399 1102.84
Index: -38.5304 73.2669 1130.85
Middle: -12.7724 98.2763 1177.22
Ring: 17.0539 116.843 1177.98
Little: -40.3017 124.584 1137.46
Thumb: 8.37376 92.2111 1103.23
Index: -40.164 69.0173 1126.25
Middle: -10.8993 91.9849 1176.19
Ring: 19.4154 119.245 1179.17
Little: -39.19 130.981 1145.23
Thumb: 8.04393 93.6186 1103
Index: -40.988 65.6019 1124.12
Middle: 16.6103 99.5111 1164.55
Ring: 18.544 118.714 1179.39
Little: -44.7682 132.626 1143.69
Thumb: 8.89013 77.7781 1092.04
Index: -41.764 65.9763 1124.87
Middle: 18.1232 101.132 1163.66
Ring: 19.3654 116.882 1179.24
Little: -46.5269 134.417 1143.96
Thumb: 5.99147 69.0223 1087.5
Index: -14.4374 70.4284 1143.46
Middle: 13.1088 100.422 1163.73
Ring: 15.8284 119.498 1179.39
Little: -47.3956 137.69 1143.08
Thumb: 4.13557 71.243 1088.4
Index: -12.8278 74.8029 1144.61
Middle: 19.0755 104.382 1163.35
Ring: 13.4522 122.12 1179.43
Little: -45.2346 142.581 1144.71
Thumb: 6.59418 67.4777 1089.65
Index: -10.3931 72.4038 1145.81
Middle: 16.3966 104.083 1163.91
Ring: 11.6192 121.913 1179.76
Little: -47.0348 143.645 1145.48
Thumb: 6.19226 63.9967 1084.39
Index: -8.73855 73.3316 1144.01
Middle: 18.154 105.646 1163.48
Ring: 8.67122 122.041 1179.69
Little: -48.807 144.005 1145.09
Thumb: 5.60508 60.7887 1085.74
Index: -12.2945 73.8923 1148.09
Middle: 13.6588 103.208 1177.76
Ring: 10.2217 124.35 1181.07
Little: -50.7732 146.364 1143.58
Thumb: 6.64022 61.0375 1086.68
Index: -12.4286 74.0117 1147.51
Middle: 12.3204 105.199 1179.73
Ring: 9.55705 126.475 1179.47
Little: -50.5986 150.297 1142.14
Thumb: 9.28567 63.8186 1087.69
Index: -11.2167 75.7678 1144.95
Middle: 0.0780604 102.778 1180.66
Ring: 8.71407 128.165 1178.61
Little: -48.0192 153.309 1143.88
Thumb: 10.4717 64.2432 1086.78
Index: -8.0331 73.6298 1151.08
Middle: -10.692 98.8764 1178.3
Ring: 1.64746 125.298 1178.37
Little: -55.7208 150.104 1135.67
Thumb: 11.7518 68.5763 1092.76
Index: -15.6704 76.906 1149.45
Middle: -1.00976 106.576 1176.79
Ring: 6.13021 131.146 1177.88
Little: -58.6931 155.342 1132.06
Thumb: 15.041 67.1951 1099.87
Index: -24.101 75.3499 1150.94
Middle: -9.42023 104.643 1178.01
Ring: 8.44671 133.981 1176.48
Little: -63.6144 156.614 1127.79
Thumb: 12.2938 70.3806 1111.85
Index: -34.7259 86.3787 1156.31
Middle: -20.0728 116.931 1184.5
Ring: 3.99061 146.614 1180.96
Little: -64.7713 162.287 1120.04
Thumb: 4.54343 76.6137 1115.38
Index: -43.006 81.8638 1156.61
Middle: -27.5953 115.631 1187.85
Ring: -3.48875 147.854 1187.9
Little: -75.1176 160.398 1122.9
Thumb: 1.94304 72.6631 1112.64
Index: -37.4709 101.684 1170.62
Middle: -7.48629 139.836 1197.55
Ring: -20.8887 158.062 1190
Little: -80.2321 164.78 1117
Thumb: -0.744034 76.2181 1119.02
Index: -7.72249 107.868 1157.68
Middle: -8.59219 140.844 1198.64
Ring: -21.895 158.873 1190.66
Little: -83.4767 163.529 1116.18
Thumb: -1.06537 74.1019 1121.9
Index: -15.3289 108.195 1165.74
Middle: -21.1324 139.866 1201.54
Ring: -22.4369 161.493 1191.8
Little: -84.9367 161.614 1114.99
Thumb: -1.44512 72.2338 1119.75
Index: -13.482 106.776 1168.41
Middle: -13.616 142.7 1203.66
Ring: -22.816 161.484 1194.08
Little: -86.1277 159.016 1117.49
Thumb: -3.26792 72.4146 1124.77
Index: -20.2529 102.316 1172.17
Middle: -11.3729 139.803 1198.4
Ring: -19.0236 160.066 1194.03
Little: -83.5306 155.555 1113.34
Thumb: -2.86069 73.4041 1121.3
Index: -19.3927 98.5132 1172.28
Middle: -13.5858 131.524 1202.31
Ring: -19.5058 152.084 1195.67
Little: -81.6389 152.032 1114.55
Thumb: -3.96029 67.642 1116.55
Index: -21.1846 90.9475 1170.78
Middle: -12.023 123.762 1200.04
Ring: -19.9018 144.283 1195.62
Little: -82.2728 147.038 1114.03
Thumb: -5.98468 62.2959 1113.68
Index: -20.9902 88.6714 1172.34
Middle: -18.8625 117.252 1202.03
Ring: -22.7479 138.63 1196.68
Little: -62.7867 148.177 1153.25
Thumb: -6.05219 55.6433 1106.86
Index: -21.7414 82.3534 1168.58
Middle: -29.3966 107.257 1201.31
Ring: -21.2178 131.528 1195.86
Little: -58.9995 142.689 1155.04
Thumb: -8.6775 58.959 1102.97
Index: -33.8303 76.8117 1158.92
Middle: -38.1197 99.0216 1197.02
Ring: -24.7604 124.148 1193.01
Little: -54.9902 137.082 1151.1
Thumb: -8.62676 55.6708 1095.1
Index: -54.7433 70.684 1142.3
Middle: -38.0128 93.5378 1193.24
Ring: -28.3453 117.441 1189.18
Little: -35.6943 153.117 1168.05
Thumb: -9.64631 57.6018 1091.52
Index: -52.7055 72.0591 1141.62
Middle: -18.2832 96.1867 1195.74
Ring: -27.5017 116.929 1189.1
Little: -35.4254 151.947 1169.2
Thumb: -10.2603 58.0595 1088.88
Index: -75.1748 69.5431 1120.94
Middle: -21.4915 95.0812 1192.16
Ring: -31.4359 115.551 1185.51
Little: -37.0223 151.644 1166.2
Thumb: -9.28712 58.0685 1085.86
Index: -68.6862 69.9437 1125.9
Middle: -21.7101 92.96 1190.29
Ring: -33.3615 111.796 1183.67
Little: -38.0187 150.266 1165.38
Thumb: -10.6446 61.0606 1085.46
Index: -70.0772 69.9752 1122.34
Middle: -23.0131 91.3544 1188.62
Ring: -31.2592 112.595 1182.89
Little: -38.2473 149.344 1164.62
Thumb: -11.3362 58.7735 1082.25
Index: -77.0228 70.9564 1114.44
Middle: -18.7631 89.1778 1188
Ring: -26.2866 110.982 1182.94
Little: -34.4349 148.346 1165.76
Thumb: -11.5245 58.266 1079.23
Index: -77.1711 73.6481 1113.93
Middle: -25.312 90.3386 1185.94
Ring: -25.8993 112.971 1181.22
Little: -34.0801 150.95 1163.72
Thumb: -13.1035 57.8605 1077.57
Index: -75.8352 71.7755 1114.18
Middle: -21.768 90.3087 1183.96
Ring: -23.8205 113.548 1178.58
Little: -34.4316 150.233 1160.57
Thumb: -14.4444 57.8411 1076.24
Index: -81.8179 73.0044 1104.15
Middle: -21.4149 89.2093 1180.7
Ring: -28.6513 111.369 1175.89
Little: -36.556 149.514 1158.55
Thumb: -15.783 59.4071 1072.45
Index: -86.7855 69.2543 1084.53
Middle: -25.8977 90.4144 1177.97
Ring: -34.0441 111.807 1173.16
Little: -38.5435 150.244 1156.21
Thumb: -17.1679 59.8366 1071.11
Index: -88.2624 68.9836 1083.98
Middle: -25.8225 91.0182 1177.16
Ring: -31.4711 113.047 1172.79
Little: -37.779 151.333 1155.82
Thumb: -19.4718 58.6451 1069.3
Index: -90.03 69.0027 1084.38
Middle: -23.4866 91.5966 1175.51
Ring: -30.2274 114.381 1170.65
Little: -40.4703 150.523 1152.48
Thumb: -20.9322 59.7662 1069.43
Index: -87.6792 69.4996 1093.2
Middle: -20.7216 92.9189 1174.56
Ring: -28.5626 115.695 1169.84
Little: -38.2248 152.253 1152.08
Thumb: -21.6516 60.3549 1069.2
Index: -89.0419 69.9987 1089.6
Middle: -29.1789 91.2177 1173.04
Ring: -28.7148 116.065 1168.63
Little: -38.3042 152.091 1150.92
Thumb: -22.1172 59.1835 1069.51
Index: -90.7799 78.5725 1086.05
Middle: -26.8309 96.3353 1171.76
Ring: -50.7189 108.296 1162.13
Little: -44.0456 151.52 1148.17
Thumb: -21.1442 55.876 1065.66
Index: -90.6869 80.1115 1089.12
Middle: -27.705 96.5682 1170.8
Ring: -52.2607 104.091 1159.26
Little: -44.6694 151.855 1146.9
Thumb: -20.6139 55.8665 1067.87
Index: -83.5322 76.6556 1104.16
Middle: -25.605 99.5125 1171.2
Ring: -45.2812 111.668 1158.93
Little: -48.4378 151.199 1145.74
Thumb: -21.34 55.7052 1069.88
Index: -86.416 77.3391 1101.48
Middle: -23.7075 101.039 1171.43
Ring: -47.6293 110.158 1159.33
Little: -48.7856 151.626 1145.76
Thumb: -23.1919 57.5553 1070.35
Index: -87.7535 76.7084 1101.15
Middle: -24.7971 101.308 1172.64
Ring: -54.9343 103.387 1158.43
Little: -46.4358 154.838 1146.35
Thumb: -24.0563 60.5149 1073.66
Index: -87.9599 78.8308 1105.83
Middle: -29.4874 104.59 1176.95
Ring: -57.651 105.615 1159.11
Little: -46.3986 158.836 1148.31
Thumb: -24.3673 57.6841 1080.87
Index: -91.0943 79.5089 1106.43
Middle: -28.6958 106.275 1183.27
Ring: -51.9466 113.886 1168.94
Little: -44.8037 160.67 1152.88
Thumb: -25.7072 57.1449 1089.27
Index: -94.7388 77.3417 1109.19
Middle: -32.6042 105.521 1190.32
Ring: -36.527 130.091 1179.17
Little: -51.1329 158.199 1159.95
Thumb: -29.2482 48.2078 1100.37
Index: -72.538 70.9928 1149.26
Middle: -32.8807 101.549 1199.21
Ring: -42.1513 121.995 1189.41
Little: -52.7134 155.115 1168.69
Thumb: -33.4828 51.787 1108.44
Index: -45.017 71.6665 1177
Middle: -52.502 89.3686 1205.12
Ring: -42.6471 120.108 1198.04
Little: -52.4753 154.492 1175.58
Thumb: -37.2261 58.4048 1124.82
Index: -40.04 84.2167 1186.82
Middle: -36.3028 113.974 1209.81
Ring: -38.8779 137.941 1198.79
Little: -51.9521 165.016 1176.13
Thumb: -27.7228 76.36 1136.32
Index: -57.2593 69.6468 1161.96
Middle: -18.9456 113.091 1211.9
Ring: -35.3468 125.123 1204.69
Little: -50.9396 154.238 1180.5
Thumb: -10.9356 73.0571 1132.51
Index: -37.4324 58.4406 1164.43
Middle: -42.6196 66.1492 1194.8
Ring: -49.9196 65.9999 1184.14
Little: -46.923 143.388 1189.17
Thumb: -5.20545 77.264 1135.67
Index: -44.8288 54.4717 1171.56
Middle: -46.3039 68.0797 1198.49
Ring: -20.6728 120.968 1190.8
Little: -37.2566 154.984 1192.04
Thumb: 3.13223 83.892 1139.61
Index: -37.0848 53.8281 1169
Middle: -54.6991 76.4603 1194.47
Ring: -15.4759 122.82 1192.68
Little: -35.9837 153.167 1194.31
Thumb: 5.37278 86.4769 1145.33
Index: -37.3558 55.9404 1175.33
Middle: -51.1918 81.1932 1199.91
Ring: -8.80957 127.597 1198.49
Little: -27.7874 157.473 1202.24
Thumb: 9.26022 86.8156 1145.93
Index: -28.1502 59.3125 1184.9
Middle: -36.3173 88.2544 1195.51
Ring: -2.44324 130.361 1199.43
Little: -21.6102 157.918 1203.84
Thumb: 14.0145 90.0863 1144.52
Index: -23.4449 62.8344 1188.08
Middle: -30.8273 89.3461 1200.94
Ring: 0.580965 128.337 1200.69
Little: -14.2483 162.389 1204.66
Thumb: 24.022 93.9253 1144.1
Index: -18.3153 63.0366 1186.44
Middle: -26.8336 90.8861 1197.02
Ring: 4.89022 127.294 1199.74
Little: -9.65204 166.507 1203.27
Thumb: 24.2901 96.3487 1140.58
Index: -15.6441 61.9609 1180.7
Middle: -20.3194 92.8269 1194.78
Ring: 9.19929 129.908 1198.48
Little: -3.93573 168.354 1201.58
Thumb: 28.6059 92.9944 1136.52
Index: -12.2567 58.3928 1176.21
Middle: -17.7704 87.0828 1189.67
Ring: 13.3224 134.409 1177.39
Little: 0.605339 164.406 1202.19
Thumb: 32.5532 88.9749 1135.05
Index: -4.15163 52.0512 1172.38
Middle: -8.63834 78.9821 1186.65
Ring: 17.8399 129.782 1175.26
Little: 6.8148 157.972 1203.98
Thumb: 37.4939 87.0408 1125.7
Index: 5.41549 44.5223 1161.68
Middle: 5.21218 72.6028 1181.38
Ring: 24.2101 123.812 1169.7
Little: 13.8337 165.329 1192.18
Thumb: 45.7537 84.9332 1123.29
Index: 11.9947 39.6692 1153.85
Middle: 14.5015 69.2282 1177.75
Ring: 33.5377 121.341 1173.84
Little: 17.9148 161.838 1188.53
Thumb: 48.423 81.9371 1118.72
Index: 15.3557 34.0905 1143.78
Middle: 18.4256 60.0628 1169.21
Ring: 32.7351 116.001 1164.92
Little: 17.774 151.308 1188.47
Thumb: 49.2517 82.0455 1116.15
Index: 15.8419 30.9243 1135.11
Middle: 20.6298 58.582 1168.24
Ring: 34.2068 112.52 1163.15
Little: 18.7447 147.347 1187.85
Thumb: 49.2398 81.0039 1114.75
Index: 11.3344 32.0602 1134.34
Middle: 20.1642 56.2694 1165.85
Ring: 39.6833 110.058 1166.5
Little: 24.1941 147.187 1186.36
Thumb: 44.5349 79.2343 1112.7
Index: 4.03326 32.481 1130.9
Middle: 16.3441 56.6879 1164.85
Ring: 41.3063 109.877 1164.92
Little: 29.1339 149.39 1183.32
Thumb: 42.2832 76.3352 1113.25
Index: -2.25252 37.8083 1137.97
Middle: -3.08434 48.4909 1169.86
Ring: 38.7678 111.242 1163.84
Little: 27.658 145.851 1182.74
Thumb: 41.1432 76.0028 1116.72
Index: -5.743 45.3253 1141.44
Middle: -11.9223 47.9475 1165.32
Ring: 33.1832 107.915 1151.72
Little: 27.8697 136.152 1185.55
Thumb: 36.9842 72.871 1116.91
Index: -8.88169 46.3522 1142.36
Middle: -15.607 44.4354 1158.94
Ring: 31.8731 107.295 1150.71
Little: 27.677 134.118 1185.22
Thumb: 34.1727 76.5534 1120.26
Index: -8.39256 46.6546 1144.66
Middle: -15.5499 45.0456 1159.32
Ring: 31.647 106.473 1151.85
Little: 25.8258 130.257 1186.04
Thumb: 32.7788 77.8421 1118.61
Index: -9.35278 50.0154 1146.64
Middle: -12.5111 50.0116 1165.13
Ring: 29.3267 108.044 1148.78
Little: 26.9855 135.318 1185.62
Thumb: 33.0377 79.0452 1119.04
Index: -7.85536 50.9597 1148.68
Middle: -13.0646 50.5579 1165.05
Ring: 30.8929 110.53 1149.38
Little: 25.2625 140.063 1178.46
Thumb: 30.9223 78.0295 1119.35
Index: -10.871 53.0222 1149.07
Middle: -14.8148 54.7462 1168.95
Ring: 31.0249 111.702 1150.17
Little: 25.7085 138.375 1180.63
Thumb: 40.9911 72.0275 1099.85
Index: -0.572991 54.8199 1146.64
Middle: -13.5169 54.1956 1161.01
Ring: 34.8083 115.132 1145.78
Little: 30.5889 139.703 1179.71
Thumb: 40.1197 72.3932 1094.07
Index: -1.92062 56.8095 1145.67
Middle: -18.5701 59.994 1161.95
Ring: 35.7951 115.693 1145.8
Little: 33.4969 137 1181.93
Thumb: 38.903 72.2171 1094.6
Index: -3.38021 57.0691 1144.76
Middle: -18.1773 60.0288 1162.36
Ring: 35.6942 115.602 1145.6
Little: 32.1838 133.178 1181.04
Thumb: 36.2116 74.6087 1092.15
Index: -5.4313 57.9587 1143.99
Middle: -18.3593 60.9768 1163.43
Ring: 35.3853 117.939 1145.04
Little: 30.9945 133.919 1180.61
Thumb: 35.9349 75.1029 1093.41
Index: -5.05958 58.294 1144.58
Middle: -19.904 61.4739 1161.97
Ring: 35.0488 118.945 1143.64
Little: 29.353 131.635 1179.78
Thumb: 35.3997 75.0924 1093.55
Index: -5.67097 59.0756 1145.25
Middle: -19.9796 62.6775 1163.31
Ring: 34.4556 116.795 1145.53
Little: 22.8357 119.892 1180.42
Thumb: 35.4659 74.8446 1093.88
Index: -6.01439 58.88 1144.64
Middle: -20.2956 63.0493 1163.08
Ring: 34.2086 118.054 1143.68
Little: 29.8894 130.238 1181.79
Thumb: 36.2447 73.1841 1095.37
Index: -6.06951 59.152 1144.78
Middle: -20.0893 62.8854 1163.18
Ring: 34.2506 117.953 1143.61
Little: 30.195 130.207 1181.78
Thumb: 36.7547 74.3465 1094.75
Index: -5.03933 58.2717 1143.8
Middle: -18.6115 62.5085 1163.31
Ring: 34.6444 117.635 1142.66
Little: 30.558 129.846 1180.96
Thumb: 35.9513 74.3813 1095.74
Index: -5.20432 59.7339 1145.56
Middle: -18.5639 64.5768 1165.26
Ring: 34.3072 118.778 1143.13
Little: 29.9963 132.317 1181.28
Thumb: 35.8947 74.3049 1095.11
Index: -5.86951 60.104 1144.91
Middle: -19.285 65.4042 1164.9
Ring: 34.0763 119.371 1142.78
Little: 29.1618 130.895 1181.11
Thumb: 34.7365 74.5684 1095.78
Index: -6.85059 61.062 1145.85
Middle: -19.1263 63.7393 1164.44
Ring: 34.2417 119.765 1144.08
Little: 29.2815 131.29 1181.64
Thumb: 33.1804 74.8238 1097.71
Index: -9.38285 63.0323 1147.35
Middle: -22.2326 66.9334 1165.9
Ring: 33.0676 119.788 1145.11
Little: 28.3476 131.84 1182.65
Thumb: 34.8158 74.931 1097.4
Index: -6.10924 61.0092 1147.82
Middle: -19.1308 64.3419 1166
Ring: 35.2556 118.861 1145.85
Little: 31.0254 130.374 1183.25
Thumb: 35.9408 77.1989 1097.21
Index: -3.48542 60.622 1147.73
Middle: -16.6845 65.6897 1167.28
Ring: 36.8298 119.938 1145.43
Little: 34.2737 130.679 1183.98
Thumb: 38.6403 79.0646 1097.56
Index: 4.11779 55.8301 1147.14
Middle: -7.50688 61.0746 1165.08
Ring: 42.1906 124.911 1147.66
Little: 31.9301 128.677 1183.08
Thumb: 37.7336 81.5654 1089.33
Index: 5.95853 54.056 1142.18
Middle: -6.50736 58.1228 1159.28
Ring: 43.1685 120.727 1149.73
Little: 39.2264 132.762 1184.27
Thumb: 40.0553 81.8177 1089.41
Index: 9.91874 50.1681 1138.42
Middle: -1.54772 52.8028 1155.36
Ring: 44.222 120.191 1146.36
Little: 40.6956 126.97 1183.34
Thumb: 37.6766 82.759 1086.37
Index: 13.3198 48.5329 1138.07
Middle: 1.46571 52.5692 1156.35
Ring: 45.2365 120.923 1143.17
Little: 46.4395 124.624 1182.91
Thumb: 36.51 80.4985 1081.4
Index: 12.9411 43.5541 1134.19
Middle: 2.4462 39.0823 1138.06
Ring: 52.0525 103.262 1154.83
Little: 47.5957 119.952 1182.41
Thumb: 36.1035 79.9809 1081.45
Index: 17.462 41.8097 1135.75
Middle: 5.75822 36.8755 1140.22
Ring: 55.7819 100.621 1154.47
Little: 49.8595 112.016 1181.57
Thumb: 35.3236 79.3052 1079.92
Index: 17.847 38.4687 1131.47
Middle: 9.43907 32.43 1139.58
Ring: 43.9133 101.954 1142.48
Little: 53.4083 105.885 1180.28
Thumb: 39.2176 79.9151 1078.7
Index: 24.2971 37.6124 1129.33
Middle: 14.0955 31.0083 1136.9
Ring: 47.3179 100.945 1139.98
Little: 58.8569 102.957 1178.07
Thumb: 39.737 81.269 1079.02
Index: 27.0916 36.8683 1128.15
Middle: 16.282 30.5464 1135
Ring: 47.5401 101.258 1139.67
Little: 60.1911 102.44 1177.68
Thumb: 43.3319 83.7079 1074.61
Index: 30.6601 38.9894 1122.34
Middle: 19.7992 31.6811 1128.69
Ring: 52.5323 102.187 1136.49
Little: 68.3954 111.289 1173.61
Thumb: 45.3674 86.6444 1069.85
Index: 35.2714 41.2091 1118.72
Middle: 20.4447 31.8475 1118.92
Ring: 55.3059 102.132 1132.76
Little: 72.8438 113.767 1169.98
Thumb: 56.7918 89.4323 1070
Index: 32.0942 41.2185 1101.37
Middle: 29.5077 28.8709 1115.88
Ring: 62.8111 91.4531 1121.88
Little: 83.7918 109.02 1166.34
Thumb: 50.6512 93.6261 1068.55
Index: 40.1698 43.8686 1107.78
Middle: 42.9738 34.0059 1134.2
Ring: 62.4755 93.988 1120.72
Little: 87.438 117.728 1166.05
Thumb: 39.7098 95.2952 1062.07
Index: 41.7221 40.1998 1106.68
Middle: 45.1944 31.8104 1135.32
Ring: 63.2792 91.5537 1124.03
Little: 93.3205 125.304 1168.87
Thumb: 40.5186 95.1722 1061.72
Index: 46.3411 41.2357 1108.14
Middle: 45.7547 29.7804 1131.5
Ring: 65.2057 91.3153 1121.12
Little: 95.2077 123.377 1168.18
Thumb: 41.4307 95.0215 1063.03
Index: 52.9839 41.2717 1109.5
Middle: 49.2289 30.229 1133
Ring: 65.756 91.7378 1121.62
Little: 97.6725 117.906 1167.19
Thumb: 40.7014 94.5551 1065.49
Index: 53.8419 41.2127 1107.73
Middle: 51.9086 29.791 1130.14
Ring: 71.6198 89.8106 1121.35
Little: 92.7166 126.403 1166.87
Thumb: 41.4552 93.8519 1066.35
Index: 55.6698 40.8295 1107.75
Middle: 53.6678 29.2543 1129.83
Ring: 73.2492 89.6604 1120.2
Little: 93.772 125.611 1166.43
Thumb: 37.0076 96.213 1061.82
Index: 53.0752 41.5649 1103.79
Middle: 50.2123 29.117 1125.21
Ring: 68.2925 90.7782 1117.04
Little: 93.8256 121.192 1163.8
Thumb: 33.4032 107.873 1062.49
Index: 45.204 50.435 1101.28
Middle: 52.1087 37.4049 1119.48
Ring: 73.3601 96.7835 1115.18
Little: 94.8315 131.459 1162.2
Thumb: 27.8877 117.136 1069.72
Index: 42.049 60.4974 1101.47
Middle: 70.2977 52.874 1126.22
Ring: 81.1677 117.773 1111.07
Little: 109.99 136.811 1146.33
Thumb: 27.8629 118.195 1076.58
Index: 38.5933 59.3854 1097.74
Middle: 66.3287 49.2304 1108.6
Ring: 80.8697 120.962 1107.7
Little: 104.384 149.625 1143.89
Thumb: 23.6734 117.928 1079.33
Index: 34.9292 60.1093 1091.93
Middle: 66.4106 51.9761 1105.29
Ring: 78.743 127.296 1110.34
Little: 107.457 152.835 1143.21
Thumb: 22.4935 118.586 1079.36
Index: 33.9327 60.2531 1089.44
Middle: 65.9868 52.0273 1103.51
Ring: 80.0737 131.361 1110.97
Little: 108.307 152.485 1142.71
Thumb: 18.3549 98.098 1078.21
Index: 38.5047 41.2839 1090.26
Middle: 69.7452 36.7188 1102.74
Ring: 73.531 104.34 1070.7
Little: 117.289 129.644 1065.37
Thumb: 22.459 95.8709 1080.68
Index: 61.1363 42.8735 1095.03
Middle: 63.317 27.5837 1099.17
Ring: 76.4559 95.8056 1074.42
Little: 125.254 113.987 1055.65
Thumb: 35.1415 96.8433 1084
Index: 68.2349 42.8497 1095.45
Middle: 58.8082 25.3029 1092.78
Ring: 62.0715 39.2258 1093.06
Little: 125.949 109.773 1055.2
Thumb: 18.7189 99.2428 1079.38
Index: 68.501 45.3872 1093.23
Middle: 59.766 27.9335 1090.93
Ring: 61.705 41.7185 1090.55
Little: 125.435 114.789 1049.36
Thumb: 14.6294 98.4357 1077.2
Index: 67.4153 45.2597 1087.93
Middle: 58.7431 27.9575 1086.72
Ring: 60.2221 41.7017 1086.29
Little: 120.547 115.537 1040.88
Thumb: 11.3416 94.0068 1077.93
Index: 64.9565 53.8046 1066.18
Middle: 57.248 27.7259 1084.51
Ring: 59.4682 41.6051 1084.23
Little: 118.317 124.815 1035.65
Thumb: 9.79899 95.2236 1079.67
Index: 62.1709 59.0007 1052.22
Middle: 56.5737 27.8846 1083.41
Ring: 59.9893 41.8005 1082.79
Little: 116.225 124.04 1030.02
Thumb: 8.08776 95.4992 1077.7
Index: 58.2005 60.6204 1048.46
Middle: 54.0252 26.5399 1079.94
Ring: 58.1263 40.3648 1078.72
Little: 115.674 125.096 1027.43
Thumb: 7.51478 98.4992 1074.79
Index: 30.6816 53.119 1041.29
Middle: 52.5942 26.8406 1078.48
Ring: 56.4884 40.5751 1076.83
Little: 115.434 124.664 1025.65
Thumb: 6.75524 100.953 1072.95
Index: 28.9962 54.7149 1037.67
Middle: 51.6584 26.7377 1074.56
Ring: 55.8566 40.5732 1074.81
Little: 115.426 123.054 1022.79
Thumb: 4.87717 101.859 1072.08
Index: 26.9596 51.2935 1038.6
Middle: 51.9683 27.7254 1073.38
Ring: 54.5275 41.4673 1072.9
Little: 112.987 125.564 1018.86
Thumb: 1.82736 96.3799 1067.6
Index: 23.351 44.8168 1036.68
Middle: 47.7795 24.1465 1069.02
Ring: 52.5132 37.8841 1068.5
Little: 112.986 128.692 1018.06
Thumb: 1.30088 96.9228 1066.96
Index: 22.26 43.3524 1036.56
Middle: 47.4365 24.4031 1066.59
Ring: 52.0261 38.2037 1066.35
Little: 111.124 128.515 1015.03
Thumb: 2.94463 98.0533 1064.33
Index: 21.5012 47.6388 1036.47
Middle: 46.9557 25.6616 1065.35
Ring: 51.5579 39.482 1065.37
Little: 108.477 123.532 1011.63
Thumb: 0.47963 97.2789 1064.01
Index: 22.8427 46.0807 1035.82
Middle: 48.9515 25.0998 1064.06
Ring: 51.7051 38.9186 1063.84
Little: 107.586 121.546 1010.86
Thumb: 0.709838 96.7691 1062.6
Index: 22.8163 49.372 1034.2
Middle: 49.5069 24.8351 1062.53
Ring: 52.0183 38.6533 1062.36
Little: 107.45 121.827 1009.71
Thumb: -0.423932 97.0121 1059.32
Index: 23.3599 46.8607 1035.85
Middle: 49.2773 24.2943 1062.39
Ring: 51.3149 38.0802 1062.71
Little: 109.143 120.843 1011.23
Thumb: 0.476382 97.1 1060.08
Index: 22.9783 46.1509 1036.61
Middle: 50.0005 24.4856 1062.57
Ring: 51.7762 38.2846 1063.04
Little: 108.793 120.194 1010.03
Thumb: -0.231719 98.5286 1061.81
Index: 23.4156 47.062 1037.32
Middle: 50.6426 25.6788 1063.87
Ring: 52.4642 39.4409 1063.31
Little: 109.44 128.725 1010.48
Thumb: 0.422955 98.5277 1062.33
Index: 23.4046 47.182 1037.55
Middle: 50.3459 25.7083 1064.26
Ring: 52.2489 39.4734 1063.76
Little: 109.873 129.614 1011.74
Thumb: 5.10646 100.133 1061.47
Index: 23.5704 48.6021 1037.61
Middle: 50.1303 27.0372 1064.58
Ring: 52.1089 40.8039 1064.14
Little: 110.122 128.145 1012.19
Thumb: 1.25241 98.6224 1062.66
Index: 23.6508 47.1387 1038.81
Middle: 50.1048 25.7502 1064.67
Ring: 52.1424 39.5859 1065.54
Little: 110.39 126.19 1013.27
Thumb: 2.79038 98.6639 1063.94
Index: 24.3982 45.2774 1044
Middle: 49.5557 25.2369 1071.6
Ring: 52.7748 39.1254 1071.25
Little: 110.46 121.432 1016.52
Thumb: 5.10701 99.3682 1067.27
Index: 24.245 45.3975 1047.56
Middle: 49.8199 25.3568 1075.24
Ring: 53.2971 39.2244 1074.53
Little: 110.264 120.784 1019.17
Thumb: 5.15573 99.0085 1068.95
Index: 25.9539 46.0914 1049.99
Middle: 51.3056 25.8468 1077.76
Ring: 53.9965 39.6889 1077.02
Little: 111.643 127.325 1022.4
Thumb: 6.87932 99.1575 1071.19
Index: 25.2679 46.2266 1053.62
Middle: 51.0959 26.036 1081.84
Ring: 53.999 39.812 1080.84
Little: 113.159 126.936 1025.03
Thumb: 8.78478 100.815 1072.41
Index: 28.3219 47.7092 1058.78
Middle: 53.0284 28.8523 1088.67
Ring: 55.0323 42.5231 1087
Little: 115.83 129.36 1030.16
Thumb: 9.67994 100.356 1074.57
Index: 27.8432 47.2567 1061.03
Middle: 52.9767 28.3099 1091.15
Ring: 55.3103 41.8961 1088.94
Little: 116.707 132.124 1034.58
Thumb: 8.84336 98.7674 1077.75
Index: 29.1886 46.3366 1063.6
Middle: 51.3603 27.0045 1093.63
Ring: 54.5789 40.7294 1092.2
Little: 117.266 127.187 1038.04
Thumb: 9.70472 98.1852 1080.75
Index: 27.025 44.8503 1069.73
Middle: 49.6232 26.4129 1100.52
Ring: 53.5676 40.1555 1099.07
Little: 117.035 126.357 1042.49
Thumb: 10.0186 96.4441 1085.01
Index: 26.3385 44.9935 1071.26
Middle: 45.7397 25.2236 1100.46
Ring: 53.2427 39.0738 1100.56
Little: 117.07 125.827 1046.72
Thumb: 10.135 94.4041 1086.4
Index: 30.5584 44.4366 1073.47
Middle: 37.7724 23.8188 1102.72
Ring: 50.8008 37.6153 1105.42
Little: 116.268 115.985 1054.81
Thumb: 13.469 96.7306 1090.17
Index: 32.4155 45.1946 1076.88
Middle: 38.0267 24.383 1105.34
Ring: 50.7781 38.1507 1108.72
Little: 117.405 115.285 1060.16
Thumb: 10.3939 94.8996 1095.58
Index: 33.4205 46.81 1081.77
Middle: 42.9483 26.489 1109.06
Ring: 54.1918 40.4813 1111.39
Little: 118.18 119.244 1062.08
Thumb: 12.7273 98.1966 1105.01
Index: 35.9635 50.9564 1089.98
Middle: 47.6887 31.4467 1116.85
Ring: 59.2548 45.6817 1117.18
Little: 117.748 142.083 1062.87
Thumb: 13.8992 104.289 1107.04
Index: 25.8074 59.411 1087.01
Middle: 44.0681 36.9566 1121.51
Ring: 56.9565 50.9935 1121.84
Little: 117.525 140.264 1063.35
Thumb: 11.3029 104.298 1106.24
Index: 26.7313 63.1106 1085.57
Middle: 34.6651 38.8266 1120.82
Ring: 50.1457 52.4868 1124.74
Little: 118.23 125.031 1074.77
Thumb: 18.0325 105.379 1092.72
Index: 21.0317 63.0429 1079.87
Middle: 16.8943 43.2764 1111.69
Ring: 33.7474 55.4442 1125.24
Little: 123.927 115.621 1091.13
Thumb: 100.371 164.15 994.608
Index: 20.1266 58.6374 1073.5
Middle: 9.02906 42.0727 1107.35
Ring: 25.3185 53.0603 1119.5
Little: 120.569 107.713 1108.73
Thumb: 91.9616 120.257 1005.38
Index: 14.9417 54.3475 1065.02
Middle: 6.82085 35.7026 1103.05
Ring: 14.1625 48.387 1107.56
Little: 116.886 94.3779 1101.44
Thumb: 73.195 124.812 1001.61
Index: 0.911137 39.7013 1084.82
Middle: 5.75343 33.5998 1111.93
Ring: 7.73832 46.4453 1106.06
Little: 111.387 92.8016 1098.84
Thumb: 132.494 127.382 1100.74
Index: 111.153 111.002 1100.66
Middle: 2.74808 46.7663 1087.04
Ring: 11.1558 58.0969 1084.06
Little: 56.5165 124.737 1169.74
Thumb: 127.043 104.809 1114.06
Index: 107.638 74.6491 1117.62
Middle: -5.28524 31.171 1092.74
Ring: 6.736 39.7425 1084.48
Little: 37.881 119.862 1166.22
Thumb: 141.535 113.362 1107.44
Index: 107.412 76.1909 1120.05
Middle: -3.37357 30.4412 1094.72
Ring: 6.11419 39.4094 1088.97
Little: 38.0796 121.785 1166.67
Thumb: 98.0113 104.676 1119.24
Index: 107.565 74.9098 1121.31
Middle: -3.51509 27.9805 1095.81
Ring: 5.98307 36.2551 1089.64
Little: 35.799 118.728 1167.96
Thumb: 68.0725 104.554 1136.18
Index: 112.173 81.9919 1128.61
Middle: -3.27757 25.0481 1106.67
Ring: -7.07192 34.7644 1113.84
Little: 0.747879 60.8428 1128.05
Thumb: 70.3567 105.981 1141.07
Index: 108.67 80.2648 1136.72
Middle: -5.16341 24.9804 1111.3
Ring: -8.53855 34.5453 1116.84
Little: -13.5446 62.3822 1137.41
Thumb: 119.16 94.4926 1085.04
Index: 104.411 82.0329 1140.18
Middle: -6.53345 17.9168 1115.13
Ring: -10.7865 28.4092 1121.55
Little: -14.619 57.1074 1151.2
Thumb: 124.945 102.988 1082.29
Index: 95.5325 105.836 1119.48
Middle: -8.71387 17.5628 1118.66
Ring: -7.22186 26.6288 1122.54
Little: -25.1495 57.8552 1143.2
Thumb: 112.7 88.4563 1104.79
Index: 89.1621 106.817 1123.35
Middle: -11.0962 17.3372 1123.02
Ring: -10.5506 26.3156 1124.03
Little: -29.7265 57.9624 1142.77
Thumb: 137.006 120.934 1122.42
Index: 35.7524 57.5564 1133.76
Middle: -11.3177 18.2337 1120.96
Ring: -11.761 27.2005 1119.6
Little: -35.2158 59.0134 1131.84
Thumb: 129.698 121.28 1125.38
Index: 33.2662 57.3166 1133.31
Middle: -13.745 15.9623 1118.15
Ring: -12.5027 24.2166 1118.04
Little: -37.8393 54.983 1127.69
Thumb: 130.043 123.471 1122.62
Index: 18.0221 45.2731 1131.6
Middle: -15.4866 17.2528 1117.92
Ring: -13.8339 25.3887 1117.37
Little: -39.7413 56.1995 1125.91
Thumb: 128.523 125.921 1120.7
Index: 17.9492 46.5417 1132.64
Middle: -16.7689 17.6824 1118.3
Ring: -14.5176 25.4983 1117.65
Little: -41.0795 55.9237 1126.44
Thumb: 122.42 119.369 1123.99
Index: 16.913 48.1132 1134.53
Middle: -19.2441 17.1169 1117.79
Ring: -16.7197 24.837 1116.79
Little: -38.0256 69.6264 1137.78
Thumb: 114.697 106.864 1119.92
Index: 10.6979 44.5249 1128.34
Middle: -19.8933 18.5082 1115.66
Ring: -17.5371 26.3071 1114.88
Little: -39.0885 71.2536 1135.17
Thumb: 116.575 107.145 1122.64
Index: 10.8295 45.5105 1131.13
Middle: -22.4228 18.6169 1116.4
Ring: -19.4723 26.2874 1115.55
Little: -40.7913 72.0189 1134.75
Thumb: 113.545 105.043 1121.03
Index: 11.0893 46.4555 1129.7
Middle: -23.3012 19.1917 1115.82
Ring: -19.8585 26.718 1114.94
Little: -40.8669 72.5299 1134.46
Thumb: 127.622 116.705 1101.85
Index: 13.6456 46.8968 1129.62
Middle: -24.9859 19.8143 1115.92
Ring: -23.0921 26.0438 1115.88
Little: -43.3878 70.8602 1133.56
Thumb: 126.306 116.869 1106.02
Index: 11.5637 46.8237 1130.8
Middle: -25.5733 18.3917 1116.04
Ring: -25.2886 25.1136 1115.71
Little: -45.9265 69.6879 1132.16
Thumb: 124.865 116.572 1109.41
Index: 8.91348 46.7751 1128.82
Middle: -27.7915 20.9137 1114.37
Ring: -26.0815 26.9077 1113.88
Little: -47.0484 71.4809 1129.72
Thumb: 127.43 121.916 1104.43
Index: 7.74556 39.7045 1126.83
Middle: -30.4186 22.3528 1114.11
Ring: -26.0671 27.0691 1113.05
Little: -47.5213 71.514 1129.19
Thumb: 105.277 112.484 1113.96
Index: 8.41501 38.9737 1126.42
Middle: 21.7535 101.539 1192.05
Ring: -25.0755 26.3984 1112.11
Little: -47.2036 70.5324 1128.15
Thumb: 103.228 113.105 1114.1
Index: 8.69796 38.9542 1126.56
Middle: 22.9456 103.573 1191.96
Ring: -24.2957 26.6682 1112.8
Little: -46.5748 70.9634 1128.5
Thumb: 100.836 116.264 1124.19
Index: 7.8225 39.1536 1127.02
Middle: 21.8418 104.048 1192.32
Ring: -24.6077 26.685 1113.1
Little: -47.1483 70.9382 1128.52
Thumb: 100.33 116.531 1127.94
Index: 9.04571 37.0008 1127.01
Middle: 21.4106 101.15 1192.54
Ring: -24.2668 25.2298 1113.22
Little: -46.7851 69.4015 1128.59
Thumb: 95.4236 114.892 1127.04
Index: 9.34926 37.1145 1127.71
Middle: 22.4882 103.124 1192.57
Ring: -23.952 25.2167 1113.94
Little: -46.4892 69.5281 1129.03
Thumb: 94.2077 116.593 1127.24
Index: 9.59535 37.4344 1129.32
Middle: 22.8746 104.316 1193.48
Ring: -23.634 25.3116 1115.74
Little: -46.3579 69.2884 1130.43
Thumb: 94.3777 109.685 1125.62
Index: 7.82701 28.4637 1124.8
Middle: 22.3998 104.594 1193.77
Ring: -23.2293 25.2722 1116.36
Little: -46.1368 69.177 1130.67
Thumb: 93.2529 107.447 1124.92
Index: 8.18125 28.8035 1124.85
Middle: 22.7119 104.445 1193.63
Ring: -22.6748 25.237 1115.96
Little: -45.7778 69.3049 1130.34
Thumb: 93.4751 108.827 1126.38
Index: 9.32519 28.8162 1124.92
Middle: 21.9156 104.729 1193.95
Ring: -21.2659 24.9034 1115.74
Little: -45.1413 68.6925 1129.73
Thumb: 80.9459 94.5224 1111.88
Index: 9.61232 28.4567 1124.78
Middle: 22.4183 104.326 1193.77
Ring: -20.8761 24.4711 1115.74
Little: -44.797 68.1981 1129.81
Thumb: 99.072 117.089 1134
Index: 9.30032 28.9598 1124.59
Middle: 21.0813 105.327 1193.88
Ring: -20.9507 24.9989 1114.82
Little: -45.1033 69.0663 1128.92
Thumb: 106.318 119.147 1120.6
Index: 8.98126 30.4076 1125.28
Middle: 24.346 105.263 1194.05
Ring: -19.443 25.0744 1116.24
Little: -43.3914 68.4605 1131.07
Thumb: 96.8086 121.44 1127.99
Index: 9.54566 30.703 1126.67
Middle: 26.9793 105.049 1194.67
Ring: -18.6468 25.0289 1117.82
Little: -41.6299 68.6824 1132.95
Thumb: 98.3098 123.96 1126.8
Index: 9.33703 32.4768 1126.42
Middle: 22.2538 104.834 1195.36
Ring: -18.4122 27.0327 1117.18
Little: -42.9789 69.304 1131.15
Thumb: 97.8112 123.658 1126.36
Index: 8.84548 33.8452 1126.96
Middle: 24.7791 107.401 1195.13
Ring: -15.9363 26.0838 1117.34
Little: -41.3501 67.4811 1131.36
Thumb: 98.5746 125.931 1124.67
Index: 10.1913 34.3531 1126.11
Middle: 26.568 109.737 1194.78
Ring: -14.9963 27.584 1117.43
Little: -40.29 68.9225 1131.58
Thumb: 102.551 123.193 1120.57
Index: 11.2489 34.7086 1125.32
Middle: 29.5786 109.618 1194.66
Ring: -12.7386 27.4998 1116.86
Little: -37.2643 70.2382 1131.21
Thumb: 105.571 125.287 1121.06
Index: 15.2268 34.2412 1124.87
Middle: 30.9327 109.915 1194.55
Ring: -8.90328 26.845 1116.47
Little: -34.8046 68.9533 1130.7
Thumb: 99.321 118.951 1130.47
Index: 18.0851 36.8234 1124.99
Middle: 35.7714 107.904 1194.03
Ring: -5.93852 27.1639 1114.4
Little: -30.8902 70.0101 1129.28
Thumb: 102.532 124.126 1128.36
Index: 27.1865 38.6913 1122.5
Middle: 38.1856 108.071 1193.5
Ring: 0.382881 28.99 1110.21
Little: -26.2001 69.9712 1125.77
Thumb: 112.763 131.486 1132.08
Index: 30.1748 42.5537 1119.35
Middle: 43.2651 107.806 1193.47
Ring: 3.65864 32.4486 1105.13
Little: -20.2865 71.4407 1122.22
