Thumb: 32.9554 91.7207 1121.92
Index: -64.5745 28.1944 1098.23
Middle: -101.42 40.8207 1097.63
Ring: -124.543 62.0639 1082.41
Little: -141.773 103.039 1080.87
Thumb: 41.914 96.6978 1122.55
Index: -39.0935 99.1415 1157.31
Middle: -109.24 43.9168 1089.81
Ring: -123.974 59.4319 1076.64
Little: -124.035 115.703 1093.78
Thumb: 34.6698 86.0237 1111.34
Index: -36.9695 93.1796 1157.1
Middle: -108.278 55.7296 1117.21
Ring: -131.658 60.0356 1082.14
Little: -125.156 116.852 1105.19
Thumb: 27.151 83.8311 1110.98
Index: -63.6409 65.4362 1150.52
Middle: -104.23 59.7619 1120.14
Ring: -132.346 58.6539 1083.6
Little: -126.339 115.844 1107.27
Thumb: 19.6493 81.17 1113.07
Index: -60.0959 66.8102 1153.26
Middle: -107.03 54.8721 1118.35
Ring: -132.326 56.8529 1084.32
Little: -121.157 120.657 1104.6
Thumb: 11.0885 84.4001 1107.52
Index: -103.346 43.6258 1083.32
Middle: -113.781 46.708 1105.5
Ring: -133.415 56.0854 1090.15
Little: -136.882 101.668 1102.79
Thumb: 6.98182 84.0411 1105.46
Index: -103.891 44.7823 1085.96
Middle: -113.448 44.4702 1104.5
Ring: -131.497 55.5778 1094.31
Little: -136.683 102.783 1102.88
Thumb: 0.413197 83.5343 1102.55
Index: -91.6349 32.3956 1086.41
Middle: -113.47 43.584 1103.94
Ring: -129.21 57.4393 1100
Little: -133.14 106.321 1099.72
Thumb: 1.69847 79.5784 1097.49
Index: -95.9335 35.0924 1088.74
Middle: -115.809 44.5122 1105.38
Ring: -131.244 57.8049 1100.48
Little: -140.705 97.8701 1102.11
Thumb: -3.78302 79.862 1097.72
Index: -99.0729 36.9058 1090.26
Middle: -120.412 43.9493 1101.23
Ring: -129.129 62.8369 1105.42
Little: -142.733 97.4702 1101.25
Thumb: -7.14252 78.1183 1096.27
Index: -101.345 39.1421 1090.4
Middle: -122.889 42.8954 1098.65
Ring: -129.504 63.3838 1107.88
Little: -141.825 96.8128 1103.57
Thumb: -8.26173 78.8577 1097.85
Index: -100.55 39.3182 1091.24
Middle: -122.228 41.5906 1097.84
Ring: -127.482 63.0531 1109.83
Little: -141.636 94.449 1104.22
Thumb: -9.92177 80.0823 1095.86
Index: -99.1141 38.829 1092.12
Middle: -121.605 40.834 1098.06
Ring: -126.596 60.7975 1111.11
Little: -140.968 93.9265 1107.77
Thumb: -8.22367 85.3842 1098.39
Index: -92.8452 37.426 1086.48
Middle: -116.064 37.1296 1091.73
Ring: -119.311 56.9528 1110.88
Little: -137.283 88.8109 1106.84
Thumb: -7.53323 86.9186 1100.73
Index: -87.0072 38.3397 1094.8
Middle: -111.148 36.054 1092.37
Ring: -114.587 61.0727 1114.08
Little: -129.31 88.2318 1106.47
Thumb: -4.41455 90.2683 1105.16
Index: -76.5478 37.1353 1095.86
Middle: -102.576 34.151 1095.58
Ring: -108.126 57.8383 1113.68
Little: -123.429 83.9532 1105.67
Thumb: 1.76852 88.2998 1103.04
Index: -68.7467 35.6638 1094.38
Middle: -93.9183 34.3826 1096.57
Ring: -99.8462 58.8936 1113.2
Little: -117.104 82.1126 1102.98
Thumb: 9.76874 86.1046 1102.75
Index: -62.2173 33.9386 1097.36
Middle: -84.2182 30.813 1100.17
Ring: -92.7898 53.6756 1113.73
Little: -112.487 76.5482 1106.33
Thumb: 17.7529 91.7949 1105.08
Index: -52.8154 34.5383 1096.22
Middle: -73.1635 30.2023 1099.75
Ring: -85.2641 51.997 1110.61
Little: -103.952 71.9211 1102.12
Thumb: 23.3358 90.6989 1104.33
Index: -43.2205 33.4409 1098.21
Middle: -65.4547 28.8514 1099.72
Ring: -77.0961 48.0835 1105.85
Little: -95.8711 70.8155 1103.03
Thumb: 31.8822 92.9067 1104.36
Index: -31.0994 32.8238 1097.49
Middle: -56.4204 25.4748 1096.24
Ring: -69.929 45.994 1105.07
Little: -87.8999 66.0968 1102
Thumb: 41.8477 93.4951 1105.06
Index: -22.1598 33.8391 1103.01
Middle: -50.6122 23.8012 1096.51
Ring: -62.8651 44.9876 1106.69
Little: -77.6655 68.3322 1107.2
Thumb: 48.4226 92.9148 1113.55
Index: -18.6738 33.0659 1102.39
Middle: -46.2122 23.042 1098.31
Ring: -56.343 41.756 1106.24
Little: -71.4199 68.2703 1105.56
Thumb: 56.3083 93.3365 1105.96
Index: -13.3464 32.4854 1101.4
Middle: -40.1985 22.6845 1097.63
Ring: -52.0647 38.5429 1104.67
Little: -64.6684 64.3741 1099.97
Thumb: 60.7088 93.2002 1107.33
Index: -7.97184 27.1482 1099.7
Middle: -32.7417 18.3744 1091.12
Ring: -42.5453 37.1129 1106.62
Little: -57.4364 63.1191 1100.34
Thumb: 68.892 90.4282 1101.85
Index: 3.03848 26.0838 1100.85
Middle: -24.4499 16.9791 1093.94
Ring: -37.3013 35.1259 1104.35
Little: -49.899 59.7927 1099.28
Thumb: 78.0378 93.9462 1108.64
Index: 10.4949 21.9854 1105.3
Middle: -18.7624 10.6397 1097.07
Ring: -33.2751 27.2181 1104.96
Little: -47.7341 49.0744 1096.48
Thumb: 87.063 92.0162 1111.49
Index: 18.5876 19.9245 1104.42
Middle: -12.4264 9.23644 1093.2
Ring: -26.4254 27.5205 1104.7
Little: -42.2231 51.3114 1099.23
Thumb: 97.1115 93.4678 1110.3
Index: 29.2776 17.1413 1100.97
Middle: -3.45726 8.27039 1093.11
Ring: -19.4375 24.99 1103.13
Little: -36.2892 48.6472 1098.1
Thumb: 101.298 90.9848 1113.65
Index: 37.7875 17.2187 1108.25
Middle: 1.57389 4.88772 1087.23
Ring: -14.5062 21.2938 1101.93
Little: -32.5183 47.0325 1100.36
Thumb: 110.325 95.5988 1115.44
Index: 45.6651 14.3918 1101.59
Middle: 10.8397 4.06707 1088.09
Ring: -2.71109 25.8573 1105.82
Little: -25.6595 44.3632 1098.25
Thumb: 121.605 91.2064 1110.72
Index: 50.4583 12.9102 1101.85
Middle: 14.6844 0.411489 1088
Ring: 1.37726 22.5118 1107.83
Little: -20.2888 46.1528 1101.88
Thumb: 128.675 96.5231 1113.01
Index: 63.691 23.2012 1107.8
Middle: 22.0486 -3.9472 1087.77
Ring: 14.01 31.6117 1120.01
Little: -16.5687 37.7545 1101.28
Thumb: 133.865 93.9556 1110.86
Index: 69.5251 24.4765 1105.45
Middle: 27.2817 -2.43002 1084.44
Ring: 17.4168 30.449 1116.5
Little: -9.99672 42.8931 1103.99
Thumb: 139.621 94.6304 1106.7
Index: 76.603 26.3124 1107.07
Middle: 33.6818 -0.457043 1085.58
Ring: 23.4991 29.7536 1114.32
Little: -2.74588 47.0619 1104.89
Thumb: 146.074 97.5872 1109.31
Index: 80.2512 25.8838 1106.32
Middle: 39.281 -1.93357 1083.68
Ring: 28.8982 34.0954 1114.76
Little: -0.129036 48.498 1106.84
Thumb: 147.672 94.3704 1107.65
Index: 84.0842 22.7937 1104.3
Middle: 43.8141 -6.39578 1078.95
Ring: 31.7146 27.709 1114
Little: 6.77444 55.9001 1103.21
Thumb: 152.437 98.8444 1106.62
Index: 87.4945 24.8257 1106.35
Middle: 47.6053 -5.15125 1079.05
Ring: 35.6993 31.8286 1116.78
Little: 8.76098 53.0191 1106.86
Thumb: 157.428 100.102 1109.3
Index: 88.6257 20.8455 1108.06
Middle: 51.2095 -5.11085 1083.86
Ring: 39.3679 39.953 1118.25
Little: 14.2544 70.011 1132.06
Thumb: 160.587 100.03 1104.39
Index: 89.5164 15.3078 1106.48
Middle: 52.5689 -5.03255 1080.99
Ring: 41.2701 36.4722 1119.38
Little: 19.3876 77.2867 1131.84
Thumb: 164.048 100.919 1110.18
Index: 89.361 14.7749 1109.46
Middle: 54.1283 -3.63861 1080.43
Ring: 40.4877 34.7836 1119.07
Little: 17.1448 70.885 1131.04
Thumb: 164.637 101.202 1110.2
Index: 91.035 20.3869 1110.4
Middle: 54.4743 -3.93795 1080.06
Ring: 55.0817 92.0694 1143.09
Little: 23.2217 94.5809 1134.24
Thumb: 165.366 100.95 1109.14
Index: 89.3723 18.2366 1109.96
Middle: 53.2286 -3.80893 1080.87
Ring: 55.1736 94.9229 1143.57
Little: 19.9858 87.0544 1139.8
Thumb: 164.891 96.8811 1112.25
Index: 84.0375 17.3163 1109.33
Middle: 47.8992 -1.72496 1081.21
Ring: 52.1806 94.0653 1145.64
Little: 17.7976 89.9837 1138.06
Thumb: 163.208 98.2433 1111.41
Index: 81.6967 18.951 1109.23
Middle: 45.5153 1.79712 1082.35
Ring: 50.0768 94.2523 1148.69
Little: 19.1631 100.245 1138.31
Thumb: 160.011 95.1611 1111.09
Index: 76.2652 17.9003 1109.18
Middle: 39.7428 3.38796 1082.69
Ring: 48.2553 94.8416 1148.96
Little: 18.3957 104.382 1138.42
Thumb: 156.554 95.2596 1114.46
Index: 73.2056 20.1544 1108.89
Middle: 36.102 5.98085 1083.77
Ring: 45.634 96.8908 1150.45
Little: 14.9459 103.951 1138.96
Thumb: 152.889 92.6486 1116.25
Index: 69.7706 29.5212 1114.37
Middle: 30.5121 9.78174 1080.15
Ring: 41.4491 99.0611 1148.74
Little: 10.9822 107.213 1138.14
Thumb: 146.634 92.6073 1114.64
Index: 88.3179 84.2122 1148.22
Middle: 24.3208 10.3699 1080.61
Ring: 37.22 101.025 1150.17
Little: 9.01851 113.83 1134.77
Thumb: 141.048 90.7645 1114.37
Index: 83.5254 88.5986 1160.22
Middle: 16.4385 13.5617 1081.15
Ring: 31.1151 104.028 1148.63
Little: -0.411725 109.464 1136.49
Thumb: 131.12 90.2067 1116.75
Index: 79.7498 89.7978 1162.2
Middle: 12.0685 14.8776 1082.09
Ring: 31.468 112.746 1142.46
Little: -3.3263 114.214 1138.46
Thumb: 124.447 91.4652 1120.33
Index: 72.8139 92.0305 1165.49
Middle: 3.96522 15.5857 1082.2
Ring: 20.482 109.493 1148.17
Little: -11.7314 114.283 1135.91
Thumb: 112.961 93.6788 1121.93
Index: 63.9506 92.3393 1168.8
Middle: -2.90895 15.2746 1078.95
Ring: 14.1108 111.39 1145.62
Little: -20.3496 113.439 1135.96
Thumb: 105.192 93.7567 1123.62
Index: 53.5627 90.2657 1168.88
Middle: -9.79411 15.9404 1084.99
Ring: 8.92866 112.659 1147.68
Little: -25.8809 113.148 1137.4
Thumb: 99.2903 93.9796 1125.97
Index: 50.1795 93.6384 1171.13
Middle: -16.5287 18.6168 1084.68
Ring: 1.11981 109.651 1144.99
Little: -30.2395 117.89 1139.05
Thumb: 93.935 92.7749 1125.86
Index: 37.8849 85.301 1176.54
Middle: -23.5467 18.9644 1089.38
Ring: -1.8763 114.742 1147.07
Little: -36.0851 118.657 1142.71
Thumb: 88.8166 94.7025 1127.84
Index: 37.6028 91.945 1178.44
Middle: -27.7944 19.5405 1091.35
Ring: -6.45162 116.551 1149.84
Little: -41.0274 119.969 1145.88
Thumb: 86.8838 94.5892 1128.79
Index: 32.3933 92.5042 1180.17
Middle: -31.7364 18.1325 1095.42
Ring: -12.3521 116.967 1151.17
Little: -46.5513 121.723 1148.63
Thumb: 82.3711 97.5377 1137.53
Index: 19.7356 89.0898 1175.89
Middle: -32.8663 17.1005 1095.89
Ring: -21.5251 117.367 1151.95
Little: -56.2078 118.746 1147.1
Thumb: 66.5396 98.6952 1154.32
Index: -21.0218 38.4622 1144.49
Middle: -35.3492 14.1675 1095.09
Ring: -33.2575 117.621 1146.54
Little: -68.7869 116.129 1138.61
Thumb: 23.217 119.863 1177.14
Index: -49.5279 55.6534 1145.6
Middle: -38.1181 16.3814 1098.41
Ring: -60.7775 95.9053 1119.78
Little: -75.329 98.1163 1103.43
Thumb: 64.9554 135.316 1210.8
Index: -49.504 45.5625 1132.46
Middle: -42.2331 18.4798 1108.3
Ring: -62.8179 39.2254 1097.62
Little: -72.1707 92.2223 1090.29
Thumb: 62.4291 135.026 1207.66
Index: -51.281 45.7896 1127.43
Middle: -48.4975 24.083 1107.97
Ring: -59.324 38.707 1091.4
Little: -41.9716 52.8047 1069.02
Thumb: 50.4329 133.068 1223.51
Index: -54.2688 43.3838 1129.53
Middle: -52.9708 26.6041 1109.01
Ring: -60.9556 40.4643 1093.06
Little: -46.176 60.8331 1074.93
Thumb: 38.6424 170.888 1240.69
Index: -57.2596 46.4652 1130.93
Middle: -56.6507 29.598 1113.15
Ring: -64.0414 44.1256 1096.67
Little: -48.439 64.3397 1075.32
Thumb: 33.3212 174.501 1241.66
Index: -70.8237 51.259 1135.4
Middle: -58.8988 29.6409 1109.97
Ring: -60.0101 40.4121 1090.22
Little: -48.4903 63.543 1079.09
Thumb: 47.6797 172.608 1235.88
Index: -76.7556 60.9373 1151.2
Middle: -59.5979 32.1554 1113.76
Ring: -57.8464 40.3976 1093.5
Little: -50.7006 64.6864 1095.99
Thumb: -79.4127 179.9 1171.55
Index: -72.2885 63.8925 1152.19
Middle: -60.006 33.6092 1109.01
Ring: -57.7849 40.1698 1093.1
Little: -50.8791 64.9329 1093.13
Thumb: 46.9799 173.553 1007.31
Index: 51.0746 112.862 1126.85
Middle: -59.4775 31.8457 1126.27
Ring: -64.5418 36.9656 1128.09
Little: -79.7877 62.1987 1146.4
Thumb: 64.4918 155.453 1019.96
Index: -30.6492 45.7818 1116.85
Middle: -67.3907 32.3324 1118.87
Ring: -70.0101 38.6745 1121.85
Little: -87.1319 66.5368 1140.38
Thumb: 77.7126 167.266 1029.22
Index: -46.5231 38.0528 1114.21
Middle: -73.1996 31.3804 1120.33
Ring: -74.6028 37.4168 1121.96
Little: -93.5275 66.7972 1136.84
Thumb: 94.3879 144.507 1085.5
Index: -49.9754 37.5261 1115.29
Middle: -76.7294 30.9366 1119.43
Ring: -75.8506 36.8811 1125.36
Little: -97.749 66.9707 1133.94
Thumb: 96.5594 150.531 1103.38
Index: -49.7877 39.391 1117.91
Middle: -80.3002 33.9515 1119.09
Ring: -77.1394 38.6084 1124.37
Little: -99.9117 68.468 1129.03
Thumb: 68.6237 114.314 1124.89
Index: -48.7847 40.3634 1119.32
Middle: -81.7633 35.2156 1119.29
Ring: -76.7027 38.5259 1123.36
Little: -100.84 68.039 1127.38
Thumb: 54.3465 105.158 1131.06
Index: -50.1909 41.0382 1119.85
Middle: -81.8452 35.0125 1119.19
Ring: -78.5447 39.1854 1122.61
Little: -102.694 68.5926 1125.67
Thumb: 59.1545 105.917 1118.37
Index: -50.8199 42.5642 1119.8
Middle: -82.8587 36.8087 1118.09
Ring: -80.1884 41.1569 1122.22
Little: -87.1637 97.2287 1150.48
Thumb: 65.5017 113.186 1122.78
Index: -52.9882 39.6281 1123.02
Middle: -85.7556 33.9225 1119.11
Ring: -83.6082 37.2548 1118.92
Little: -90.3764 108.311 1132.45
Thumb: 69.2613 122.033 1119.11
Index: -53.9264 41.1316 1122.22
Middle: -25.58 111.624 1194.7
Ring: -84.5806 38.5623 1116.73
Little: -92.0351 109.67 1130.4
Thumb: 66.4268 118.72 1130.03
Index: -54.4678 41.5802 1121.42
Middle: -28.4106 114.805 1193.31
Ring: -84.2654 38.3851 1113.74
Little: -92.9919 109.924 1126.65
Thumb: 74.1126 130.939 1122.18
Index: -56.5682 41.7294 1120.52
Middle: -30.6657 115.543 1192.39
Ring: -85.9725 38.8892 1112.25
Little: -94.007 110.688 1123.71
Thumb: 75.6155 136.995 1117.85
Index: -58.9832 42.964 1119.11
Middle: -36.7341 119.334 1189.66
Ring: -87.5976 39.5102 1109.04
Little: -96.7711 111.807 1117.92
Thumb: 75.2245 133.345 1121.23
Index: -59.5685 45.081 1117.74
Middle: -43.3197 116.571 1187.52
Ring: -88.3151 40.3392 1103.97
Little: -106.91 85.7107 1114.01
Thumb: 76.0082 132.14 1116.55
Index: -58.2598 46.2882 1117.22
Middle: -43.1984 114.61 1185.68
Ring: -88.9028 40.6302 1102.23
Little: -106.997 85.8864 1112.55
Thumb: 72.0105 121.691 1111.29
Index: -56.795 45.0265 1114.28
Middle: -43.5297 114.543 1183.23
Ring: -89.2337 40.698 1098.5
Little: -108.549 81.8539 1108.74
Thumb: 77.3905 130.006 1101.31
Index: -56.4888 47.0687 1112.65
Middle: -42.0504 116.533 1182.11
Ring: -87.3602 41.7615 1097.56
Little: -106.879 83.0548 1107.89
Thumb: 79.8949 142.078 1099.67
Index: -56.0275 47.1356 1109.55
Middle: -44.5707 117.388 1179.35
Ring: -86.4804 41.5261 1093.59
Little: -106.811 82.9146 1103.17
Thumb: 79.8674 136.472 1093.69
Index: -55.7941 46.2304 1107.66
Middle: -42.1746 116.104 1177.84
Ring: -86.9308 41.2944 1092.11
Little: -106.349 82.5168 1102.31
Thumb: 84.4835 148.237 1092.58
Index: -53.036 48.9714 1108.04
Middle: -39.8545 117.893 1176.37
Ring: -85.5947 42.9586 1092.29
Little: -104.681 84.0907 1102.49
Thumb: 44.4877 122.515 1109.03
Index: -51.6084 48.0964 1106.85
Middle: -36.1726 117.66 1175.68
Ring: -83.2899 42.1457 1092.65
Little: -103.337 82.1924 1103.43
Thumb: 43.7676 121.935 1110.24
Index: -50.4097 48.7095 1107.52
Middle: -35.1534 118.569 1175.74
Ring: -81.9721 42.4874 1093.2
Little: -101.067 86.0539 1104.08
Thumb: 44.6808 124.22 1109.91
Index: -48.0047 49.7722 1109.25
Middle: -34.1893 120.5 1176.21
Ring: -79.6788 42.5872 1094.7
Little: -99.382 86.2955 1105.03
Thumb: 52.1319 128.959 1111.07
Index: -43.5901 49.2393 1111.59
Middle: -28.1773 122.054 1174.94
Ring: -75.6688 40.7857 1098.15
Little: -95.5548 84.0505 1109.17
Thumb: 40.0682 125.588 1115.07
Index: -40.605 49.9944 1113.73
Middle: -26.3873 122.727 1176.08
Ring: -71.7285 39.7975 1099.42
Little: -92.9746 82.6302 1110.34
Thumb: 38.8231 127.426 1114.01
Index: -37.1807 49.8835 1115.27
Middle: -23.2565 121.545 1176.51
Ring: -68.5697 39.3572 1102.08
Little: -90.3693 82.7275 1113.3
Thumb: 61.662 123.731 1116.11
Index: -34.0065 49.573 1118.03
Middle: -21.9698 117.892 1182.23
Ring: -65.5142 39.1819 1105.73
Little: -86.9476 82.711 1116.86
Thumb: 53.976 124.991 1121.14
Index: -26.723 48.8012 1120.13
Middle: -17.1029 123.334 1182.31
Ring: -60.1111 35.8965 1107.31
Little: -83.758 77.3829 1118.2
Thumb: 65.4274 128.45 1116.55
Index: 14.9852 115.271 1170.01
Middle: -12.1223 124.322 1183.27
Ring: -55.0058 35.3956 1109.31
Little: -79.0412 76.0915 1119.96
Thumb: 18.534 92.5508 1103.62
Index: 22.9703 117.255 1170.34
Middle: -5.39469 122.904 1184.86
Ring: -50.1792 34.9878 1111.04
Little: -73.883 72.9173 1122.83
Thumb: 28.7718 88.9671 1102.27
Index: 27.4637 118.052 1174.41
Middle: -4.17878 117.427 1189.43
Ring: -45.1546 35.1863 1115.48
Little: -69.167 74.4132 1124.53
Thumb: 37.1096 84.4487 1107.42
Index: 36.3926 115.718 1177.32
Middle: 4.49604 114.343 1190.6
Ring: -40.7138 30.4324 1111.87
Little: -63.6477 68.3317 1124.54
Thumb: 41.024 83.6805 1112.85
Index: 44.0781 119.386 1176.47
Middle: 8.68376 109.835 1192.44
Ring: -31.8098 27.9394 1114.8
Little: -55.961 67.7122 1127.16
Thumb: 47.5621 83.7585 1108.53
Index: 47.8295 119.796 1178.39
Middle: 13.8632 113.195 1193.15
Ring: -22.8962 26.8225 1116.72
Little: -49.2393 66.0837 1128.32
Thumb: 53.6776 80.2072 1110.15
Index: 51.556 110.889 1181.36
Middle: 19.7219 109.988 1193
Ring: -17.13 24.1686 1114.51
Little: -43.5485 61.8652 1126.14
Thumb: 62.7298 81.0849 1107.42
Index: 55.3817 108.473 1182.2
Middle: 25.5328 110.431 1193.59
Ring: -7.01686 21.8122 1116.55
Little: -35.253 58.1361 1129.63
Thumb: 66.704 80.4437 1106.3
Index: 59.548 105.147 1182.07
Middle: 30.7403 109.31 1192.86
Ring: 0.85483 20.5026 1115.08
Little: -28.3702 55.8717 1126.35
Thumb: 74.2531 80.4412 1104.34
Index: 70.0181 111.636 1178.72
Middle: 39.0207 107.755 1191.93
Ring: 6.86757 19.9354 1114.6
Little: -22.3272 55.3612 1127.99
Thumb: 81.6913 79.5147 1106.29
Index: 77.5197 112.927 1179.36
Middle: 45.5796 106.098 1192.21
Ring: 14.2819 18.4796 1116.04
Little: -14.1524 53.8885 1128.29
Thumb: 87.3555 79.9959 1105.05
Index: 82.5732 111.502 1179.08
Middle: 50.6067 104.925 1191.75
Ring: 21.5432 18.2154 1114.21
Little: -8.51252 53.3994 1127.44
Thumb: 91.5942 84.5335 1105.65
Index: 85.7153 110.774 1180.23
Middle: 55.8634 109.556 1191.62
Ring: 30.8214 20.5955 1113.28
Little: -0.825799 55.8549 1126.89
Thumb: 99.8111 85.9395 1105.97
Index: 88.4958 110.898 1182.51
Middle: 58.5416 110.149 1193.26
Ring: 36.6031 21.2887 1112.62
Little: 4.1046 57.5902 1126.39
Thumb: 105.13 84.6651 1105.2
Index: 96.31 111.149 1182.37
Middle: 65.6376 108.22 1194.05
Ring: 41.4691 21.3404 1114.91
Little: 9.84459 52.3821 1127.09
Thumb: 111.09 83.4161 1108.34
Index: 102.336 114.578 1182.59
Middle: 70.3559 108.397 1194.28
Ring: 48.8137 19.6763 1115.46
Little: 16.634 51.6479 1126.58
Thumb: 114.538 84.3718 1108.27
Index: 108.665 116.178 1180.67
Middle: 75.5366 105.606 1193.97
Ring: 53.0163 20.9732 1116.18
Little: 20.9997 53.7033 1128.83
Thumb: 114.508 78.975 1111.6
Index: 111.941 107.05 1182.25
Middle: 79.7274 100.751 1195.24
Ring: 49.7011 18.1551 1118.32
Little: 20.5198 52.0788 1131.27
Thumb: 114.026 80.2356 1108.65
Index: 121.949 107.938 1178.01
Middle: 94.0783 108.297 1194.29
Ring: 50.1019 20.4063 1123.99
Little: 23.4172 54.5651 1139.42
Thumb: 116.71 79.4767 1102.58
Index: 131.105 109.908 1175.01
Middle: 104.167 109.636 1194.47
Ring: 42.0558 24.2861 1133.68
Little: 22.9632 59.191 1151.13
Thumb: 158.775 104.567 1097.25
Index: 138.568 109.957 1169.09
Middle: 111.858 106.728 1192.39
Ring: 39.6318 27.9492 1137.94
Little: 25.1327 66.977 1156.17
Thumb: 170.426 120.67 1086.58
Index: 145.886 115.256 1163.38
Middle: 120.914 109.954 1190.33
Ring: 40.5375 32.9973 1144.1
Little: 28.4765 68.4096 1162.24
Thumb: 164.038 114.138 1079.41
Index: 152.382 105.136 1151.55
Middle: 135.949 109.61 1178.98
Ring: 51.2434 43.4799 1158.88
Little: 35.2665 73.9447 1171.27
Thumb: 164.781 120.291 1068.89
Index: 158.314 108.9 1143.41
Middle: 143.632 111.778 1172.38
Ring: 39.3921 42.8774 1154.56
Little: 39.7517 78.7514 1173.8
Thumb: 151.967 117.455 1057.58
Index: 161.607 112.154 1135.84
Middle: 149.915 114.4 1166.17
Ring: 45.719 43.3625 1158.41
Little: 47.1551 78.9867 1178
Thumb: 161.12 127.095 1056.85
Index: 162.746 109.779 1133.72
Middle: 143.972 131.196 1145.28
Ring: 48.9255 40.7213 1160.36
Little: 50.7411 76.3674 1180.2
Thumb: 147.702 121.153 1066.19
Index: 161.963 124.551 1116.32
Middle: 140.872 136.658 1133.21
Ring: 53.3966 43.4414 1163.81
Little: 57.662 79.4424 1183.45
Thumb: 141.998 118.236 1069.58
Index: 159.092 124.183 1110.53
Middle: 123.518 140.856 1117.98
Ring: 50.9188 47.73 1166.63
Little: 96.7092 122.741 1180.41
Thumb: 142.131 118.011 1070.85
Index: 159.413 123.404 1109.92
Middle: 123.362 140.686 1117.26
Ring: 50.976 47.6667 1166.51
Little: 97.3454 122.541 1179.93
Thumb: 146.646 128.048 1047.94
Index: 156.791 125.378 1104.38
Middle: 131.49 141.004 1119.07
Ring: 52.036 49.7648 1167.07
Little: 110.002 120.031 1185.47
Thumb: 145.393 121.066 1053.36
Index: 155.101 124.384 1102.61
Middle: 140.367 136 1124.59
Ring: 50.8213 49.4634 1166.67
Little: 112.132 118.85 1185.01
Thumb: 141.992 113.583 1073.12
Index: 149.893 125.33 1096.32
Middle: 141.308 134.974 1121.71
Ring: 53.0789 48.9062 1167
Little: 115.552 123.717 1179.26
Thumb: 155.287 127.87 1066.97
Index: 148.553 124.712 1099.04
Middle: 141.653 134.781 1124.79
Ring: 54.167 47.9737 1167.45
Little: 116.126 124.998 1183.37
Thumb: 149.6 127.694 1056.76
Index: 148.447 124.71 1096.86
Middle: 142.093 134.571 1122.86
Ring: 54.8343 48.0294 1166.69
Little: 117.342 124.527 1181.78
Thumb: 170.631 178.314 1049.2
Index: 160.612 115.855 1105.61
Middle: 141.648 133.873 1123.76
Ring: 54.214 47.5144 1166.51
Little: 115.075 126.405 1180.46
Thumb: 172.434 177.032 1055.29
Index: 161.288 112.179 1107.32
Middle: 141.279 133.844 1123.83
Ring: 54.2243 46.5686 1164.89
Little: 115.012 125.932 1180.11
Thumb: 179.837 166.881 1073.59
Index: 160.265 106.479 1110.66
Middle: 143.424 130.855 1126.58
Ring: 54.2931 43.8992 1152.89
Little: 111.379 128.33 1181.14
Thumb: 180.804 157.197 1068.95
Index: 157.008 100.765 1114.75
Middle: 138.902 134.054 1126.3
Ring: 51.1291 45.3603 1146.66
Little: 108.848 128.844 1182.89
Thumb: 181.261 153.653 1068.75
Index: 155.978 98.3604 1122.84
Middle: 149.438 120.583 1141.71
Ring: 46.2143 42.0428 1146.98
Little: 100.911 126.147 1186.62
Thumb: 176.697 140.71 1078.65
Index: 155.298 95.745 1123.96
Middle: 153.036 110.803 1148.64
Ring: 44.1435 41.2984 1145.51
Little: 102.532 117.995 1189.27
Thumb: 180.035 141.684 1082.42
Index: 153.259 91.7357 1128.05
Middle: 151.748 109.765 1151.75
Ring: 42.3045 41.2761 1150.18
Little: 101.53 115.223 1192.72
Thumb: 175.194 131.73 1095.37
Index: 151.215 90.598 1132.67
Middle: 149.465 111.615 1154.57
Ring: 39.3736 42.0932 1151.47
Little: 97.3866 118.664 1194.59
Thumb: 177.053 142.772 1081.74
Index: 144.847 85.7119 1138.58
Middle: 144.159 108.126 1160.46
Ring: 33.5309 40.5612 1153.39
Little: 90.9325 116.466 1197.66
Thumb: 178.173 147.786 1078.31
Index: 144.017 90.1948 1139.93
Middle: 138.335 96.7003 1170.05
Ring: 31.2929 39.9135 1150.96
Little: 86.4794 116.57 1199.77
Thumb: 176.038 146.385 1084.23
Index: 143.819 94.847 1139.52
Middle: 136.969 97.94 1171.53
Ring: 30.789 38.5582 1153.66
Little: 84.1919 112.961 1200.63
Thumb: 172.11 153.74 1065.87
Index: 143.773 95.145 1138.97
Middle: 135.943 96.0873 1172.28
Ring: 31.6344 36.3964 1155.46
Little: 83.7729 111.714 1201.16
Thumb: 155.473 171.319 1042.44
Index: 140.803 100.475 1144.57
Middle: 129.519 98.9157 1178.57
Ring: 28.1507 36.6377 1156.47
Little: 75.2982 114.034 1203.29
Thumb: 152.095 161.309 1045.27
Index: 127.343 103.846 1128.71
Middle: 128.377 98.0124 1174.4
Ring: 17.6495 29.8755 1167.16
Little: 70.8639 102.951 1203.04
Thumb: 141.949 168.7 1037.06
Index: 124.961 108.289 1126.24
Middle: 123.774 115.757 1159.8
Ring: 14.6202 35.8346 1174.81
Little: 69.2964 105.42 1201.57
Thumb: 138.207 170.726 1034.94
Index: 122.205 109.323 1123.4
Middle: 121.878 116.652 1157.55
Ring: 14.2233 34.9832 1172.61
Little: 67.051 106.606 1198.73
Thumb: 136.441 175.547 1035.43
Index: 128.505 91.6878 1140.93
Middle: 115.779 117.902 1152.91
Ring: 15.115 37.0713 1171.84
Little: 63.5879 106.009 1196.56
Thumb: 132.897 187.21 1034.41
Index: 126.39 96.6729 1141.28
Middle: 115.173 120.404 1156
Ring: 11.6489 43.0482 1167.78
Little: 60.8592 111.562 1193.73
Thumb: 130.192 178.658 1029.1
Index: 129.41 116.696 1125.24
Middle: 114.56 123.184 1150.58
Ring: 13.4092 46.6619 1167.93
Little: 60.8286 114.644 1191.57
Thumb: 132.445 185.468 1033.84
Index: 122.223 98.0102 1139.15
Middle: 103.064 133.796 1137.66
Ring: 8.01274 48.3677 1167.56
Little: 55.5128 115.822 1191.72
Thumb: 148.102 152.123 1055.98
Index: 120.115 102.498 1139.33
Middle: 105.182 133.814 1143.22
Ring: -4.76407 53.4118 1157.99
Little: 50.9217 121.206 1188.32
Thumb: 127.432 117.842 1083.63
Index: 111.137 98.0225 1142.31
Middle: -10.5827 48.4985 1146.64
Ring: -17.2225 56.2097 1151.51
Little: 38.714 122.776 1187.24
Thumb: 130.032 120.431 1062.68
Index: 107.49 93.442 1140.44
Middle: -13.1476 44.4761 1141.99
Ring: -21.3396 54.6368 1150.38
Little: 36.1274 120.107 1183.88
Thumb: 113.361 106.421 1066.12
Index: 18.0173 45.1689 1126.17
Middle: -19.4566 47.4559 1144.71
Ring: -27.2891 57.8907 1151.92
Little: 34.6377 119.784 1181.9
Thumb: 91.7961 82.2837 1077.3
Index: 3.19276 40.6081 1133.67
Middle: -31.2515 46.005 1152.2
Ring: -32.936 52.8964 1156.99
Little: 27.1371 115.179 1184.7
Thumb: 89.3306 73.12 1039.89
Index: -15.9455 41.9214 1130.68
Middle: -37.2667 50.1669 1154.08
Ring: -31.6339 52.5833 1154.54
Little: 18.6993 114.828 1184.87
Thumb: 91.7189 70.3577 1044.63
Index: -22.1262 41.683 1127.3
Middle: -24.0416 38.1313 1147.41
Ring: -35.4931 52.3336 1153.09
Little: 15.7975 116.365 1184.05
Thumb: 91.0299 70.457 1044.42
Index: -9.44863 43.2983 1134.98
Middle: -24.6462 38.1677 1147.52
Ring: -36.6437 52.455 1153.15
Little: 13.3424 115.602 1184.96
Thumb: 95.0945 99.4402 1015.12
Index: -10.9183 43.8941 1134.35
Middle: -24.4108 38.9223 1147.79
Ring: -38.1523 53.0842 1152.23
Little: 12.0735 116.533 1183.29
Thumb: 95.7509 100.43 1012.8
Index: -12.557 45.2832 1134.1
Middle: -37.7629 37.4126 1139.61
Ring: -42.6093 54.1819 1149.43
Little: 11.0761 118.165 1182.34
Thumb: 89.438 83.1715 1023.85
Index: -12.57 46.9351 1133.41
Middle: -40.0207 38.0125 1138.74
Ring: -42.7812 55.0085 1149.45
Little: 9.22092 118.659 1180.87
Thumb: 82.4419 82.8483 1027.02
Index: -10.5373 45.5411 1131.85
Middle: -42.4421 35.1364 1134.38
Ring: -42.5629 51.5771 1148.74
Little: 7.15055 115.066 1181.14
Thumb: 89.0332 86.6568 1027.1
Index: -12.4777 46.6212 1130.46
Middle: -43.0637 34.6774 1131.29
Ring: -41.2322 49.7085 1144.05
Little: 5.57514 114.745 1180.09
Thumb: 128.218 130.047 1025.91
Index: -24.2868 45.1512 1129.14
Middle: -46.835 40.0489 1135.3
Ring: -38.39 45.4516 1135.59
Little: 6.01821 114.322 1179.48
Thumb: 114.695 121.918 1018.08
Index: -31.245 43.9833 1118.73
Middle: -28.381 46.905 1143.47
Ring: -26.6226 39.5011 1123.48
Little: 6.83528 114.827 1178.22
Thumb: 130.054 120.433 1054.98
Index: -27.9229 41.6585 1114.98
Middle: -10.2938 28.5327 1122.12
Ring: -28.0922 37.3241 1117.87
Little: 7.21721 113.548 1177.41
Thumb: 128.423 130.708 1046.99
Index: -24.8139 41.1643 1115.48
Middle: -3.94884 27.522 1118.93
Ring: -25.7516 36.8539 1117
Little: 11.1648 112.578 1177.89
Thumb: 112.09 126.089 1012.07
Index: -21.2446 39.8654 1115.29
Middle: -0.267947 26.8914 1118.22
Ring: -21.5345 35.521 1117.32
Little: 12.5141 111.791 1177.61
Thumb: 115.045 128.563 1014.57
Index: -20.8087 37.4704 1113.25
Middle: 1.6692 25.3374 1117.27
Ring: -20.8483 32.9434 1113.57
Little: 13.8419 111.553 1176.94
Thumb: 112.534 132.339 1010.68
Index: -19.3063 33.8993 1110.68
Middle: -10.13 25.2718 1124.73
Ring: -20.822 29.662 1110.99
Little: 14.189 107.166 1175.07
Thumb: 129.287 122.821 1061.37
Index: -16.2681 32.3367 1108.09
Middle: -7.93521 28.0926 1126.26
Ring: -16.4423 27.8085 1109.18
Little: 13.592 104.017 1173.78
Thumb: 128.466 124.18 1058.15
Index: -14.632 30.7264 1107.9
Middle: -6.2184 26.1387 1125.37
Ring: -14.9415 26.2385 1108.39
Little: 13.9096 104.233 1173.72
Thumb: 123.541 130.89 1035.79
Index: -13.9272 30.3758 1107.13
Middle: -4.45277 27.1329 1125.52
Ring: -8.96836 25.8528 1103.17
Little: 14.5429 103.893 1173.34
Thumb: 116.537 119.904 1058.2
Index: -10.2409 31.3175 1106.99
Middle: -14.1056 40.7723 1140.74
Ring: -2.47839 26.7714 1105.25
Little: 16.6624 106.249 1173.22
Thumb: 121.184 141.534 1052.54
Index: 2.7761 34.1383 1105.31
Middle: -6.68901 36.9152 1139.6
Ring: -29.8133 43.1525 1146.1
Little: 22.6301 114.086 1176.77
Thumb: 95.4121 100.361 1059.13
Index: 4.75957 34.3797 1106.82
Middle: -7.08383 37.3948 1140.27
Ring: -31.8002 45.1242 1144.09
Little: 23.7172 112.157 1177.52
Thumb: 114.318 112.16 1062.33
Index: 5.38897 34.5572 1114.16
Middle: 6.04631 44.6626 1158.89
Ring: -36.3056 47.4783 1144.83
Little: -2.41429 65.3238 1147.78
Thumb: 117.028 106.931 1072.16
Index: 1.29058 33.1 1115.32
Middle: 7.2681 49.7944 1166.9
Ring: -42.0388 47.7475 1142.64
Little: -2.17872 75.337 1159.65
Thumb: 126.148 107.868 1104.64
Index: -3.59726 33.5214 1122.69
Middle: 8.50524 61.8748 1180.33
Ring: -49.0572 51.4107 1143.94
Little: -11.1123 81.9771 1163.59
Thumb: 130.895 116.144 1103.47
Index: 0.458691 34.1305 1124.56
Middle: 10.2594 64.0746 1182.51
Ring: -2.23323 29.7829 1125.13
Little: -10.5246 87.1445 1166.97
Thumb: 97.0888 98.753 1129.02
Index: 2.4481 34.6623 1125.78
Middle: 9.75591 68.3467 1184.46
Ring: -4.97955 30.5228 1128.55
Little: -21.3234 100.619 1159.3
Thumb: 87.381 100.059 1141.98
Index: 14.4698 44.734 1143.25
Middle: 6.70767 67.5894 1189.94
Ring: -8.1572 30.732 1132.35
Little: -24.2625 101.83 1157.72
Thumb: 95.3962 96.5283 1133.87
Index: 12.5802 42.6069 1145.05
Middle: 36.342 104.188 1201.24
Ring: -8.09783 29.3591 1133.51
Little: -32.8202 65.5047 1147.11
Thumb: 96.0448 93.1326 1134.31
Index: 13.2868 42.9297 1145.31
Middle: 28.2842 94.1183 1205.43
Ring: -9.41962 26.7264 1131.7
Little: -33.3219 73.175 1147.57
Thumb: 104.39 93.902 1130.31
Index: 13.8451 43.0215 1142.9
Middle: 30.0706 98.8046 1207.12
Ring: -10.3788 25.6682 1127.8
Little: -34.6437 71.2598 1143.65
Thumb: 95.7503 89.4251 1134.04
Index: 17.3839 37.2264 1139.49
Middle: 31.0314 98.6611 1201.15
Ring: -11.0432 23.2134 1123.96
Little: -35.4856 67.3833 1141.47
Thumb: 125.485 100.696 1122.6
Index: 13.3947 34.6816 1132.64
Middle: 30.3467 95.5151 1197.34
Ring: -13.3814 18.6422 1114.92
Little: -37.1989 60.6596 1134.29
Thumb: 96.6743 96.8051 1124.8
Index: 12.6814 32.0979 1125.45
Middle: 32.7201 94.3083 1193.54
Ring: -14.5895 16.9181 1106.58
Little: -38.4395 57.8352 1129.2
Thumb: 92.6339 89.7025 1121.8
Index: 11.3044 29.0896 1119.37
Middle: 30.6235 89.1796 1189.47
Ring: -16.6325 14.5609 1099.32
Little: -40.5042 54.8401 1122.74
Thumb: 95.8549 91.5867 1121.83
Index: 20.6265 38.2512 1124.96
Middle: 28.7973 84.3934 1185.99
Ring: -16.6619 13.7623 1092.07
Little: -41.1877 53.738 1118.19
Thumb: 92.5098 86.3723 1118.4
Index: 27.535 46.6676 1119.75
Middle: 26.6974 78.3758 1183.73
Ring: -17.0083 12.6345 1093.34
Little: -42.2186 51.2327 1111.79
Thumb: 91.5692 87.869 1117.44
Index: 19.1079 33.8436 1122.16
Middle: 24.8435 73.9295 1183.19
Ring: -17.0876 13.0694 1088.05
Little: -43.0708 51.7901 1108.25
Thumb: 96.7115 84.4086 1119.75
Index: 18.9416 35.1356 1123.12
Middle: 24.3799 76.2972 1182.65
Ring: -19.1441 12.9722 1081.7
Little: -43.9769 51.7567 1108.24
Thumb: 92.6334 88.3818 1116.32
Index: 23.4665 40.5467 1118.55
Middle: 26.944 70.326 1179.36
Ring: -18.6123 14.5088 1075.81
Little: -43.9979 50.3673 1104.04
Thumb: 95.0306 91.6654 1117.16
Index: 23.5221 39.0827 1117.48
Middle: 34.7226 82.0122 1169.14
Ring: -17.9807 13.2585 1080.83
Little: -43.4653 50.6656 1105.21
Thumb: 95.5138 91.6367 1114.42
Index: 22.9599 40.2846 1113.45
Middle: 31.0946 73.5643 1172.83
Ring: -19.2753 15.1328 1079.57
Little: -43.8349 50.8631 1101.29
Thumb: 92.2776 97.0868 1106.71
Index: 23.7843 41.1497 1108.84
Middle: 32.5653 72.5659 1168.71
Ring: -18.5051 13.9497 1077.02
Little: -44.215 50.4348 1101.06
Thumb: 113.048 95.7881 1105.48
Index: 21.7914 41.4666 1110.44
Middle: 32.5255 87.276 1155.27
Ring: -19.0195 13.8577 1080.18
Little: -45.6474 50.7182 1099.92
Thumb: 83.7124 77.9285 1089.88
Index: 16.7822 36.5127 1105.02
Middle: 33.774 90.5797 1142.18
Ring: -18.9434 13.7553 1080.33
Little: -46.3564 51.2238 1098.16
Thumb: 81.9367 82.1161 1093.46
Index: 13.1441 34.5108 1100.15
Middle: 33.1073 91.3322 1139.68
Ring: -18.0374 16.2171 1074.38
Little: -45.3314 53.9432 1100.04
Thumb: 94.5302 96.528 1096.6
Index: 2.26426 27.3219 1090.93
Middle: 33.1454 90.1576 1137.04
Ring: -22.0731 16.7327 1065.95
Little: -44.6973 56.3086 1098
Thumb: 93.5049 97.6785 1096.65
Index: 2.07849 28.6183 1091.34
Middle: 31.9979 90.5502 1136.01
Ring: -23.9236 17.4773 1061.33
Little: -43.2518 55.7845 1096.91
Thumb: 78.0093 77.6787 1103.75
Index: 0.411801 28.4853 1090.6
Middle: 22.2824 93.7342 1140.77
Ring: -23.312 17.655 1060.9
Little: -42.8354 56.9766 1096.69
Thumb: 91.248 84.2766 1097.21
Index: 1.93376 31.5655 1091.53
Middle: 24.6423 93.4027 1140.89
Ring: -22.5818 18.5858 1059
Little: -43.4874 57.3747 1094.5
Thumb: 73.837 80.8873 1103.85
Index: 0.970757 30.5389 1091.6
Middle: 23.9161 94.9634 1138.56
Ring: -21.0705 20.0118 1058.24
Little: -43.1706 58.5304 1093.81
Thumb: 72.6626 81.0365 1104.92
Index: -0.563162 30.0348 1091.79
Middle: 23.893 95.1585 1137.95
Ring: -21.4778 19.4915 1060.7
Little: -43.8938 58.8275 1094.49
Thumb: 102.985 95.6359 1099.95
Index: -1.96973 29.7296 1094.04
Middle: 23.3547 95.2071 1139.84
Ring: -21.4202 19.035 1063.69
Little: -44.9066 58.696 1096.19
Thumb: 99.9591 90.9607 1098.28
Index: -2.56172 31.6006 1099.03
Middle: 21.455 95.2609 1142.14
Ring: -25.3284 19.5636 1063.3
Little: -47.1395 58.6552 1096.12
Thumb: 115.909 113.611 1092.56
Index: -1.51465 37.5319 1107.87
Middle: 18.1636 91.4989 1158.84
Ring: -27.3773 18.9939 1070.52
Little: -49.7778 60.6308 1099.75
Thumb: 118.642 109.798 1092.79
Index: -25.2086 24.8764 1090.03
Middle: 18.615 95.3845 1154.62
Ring: -25.3929 20.4739 1076.15
Little: -50.4447 64.2458 1110.49
Thumb: 118.269 110.547 1092.64
Index: -28.2422 23.5036 1093.89
Middle: 20.3346 89.3116 1164.94
Ring: -24.6203 20.0216 1084.75
Little: -49.9733 61.6935 1117.25
Thumb: 113.348 101.229 1100.99
Index: -29.396 23.9509 1105.4
Middle: -34.8917 20.7152 1119.64
Ring: -26.4339 20.264 1095.17
Little: -50.0464 62.838 1128.19
Thumb: 101.654 83.8157 1115.24
Index: -34.2407 25.3787 1116.94
Middle: -39.5305 24.6798 1134.08
Ring: -31.0854 21.1618 1108.31
Little: -55.7915 54.7162 1126.13
Thumb: 116.48 90.6507 1114.28
Index: -39.5546 31.1195 1133.32
Middle: -38.2207 38.2239 1151.16
Ring: -38.1797 26.0572 1124.25
Little: -57.9332 63.1606 1141
Thumb: 116.756 90.2256 1105.23
Index: -39.1141 34.2146 1143.93
Middle: -36.1014 43.8177 1163.25
Ring: -37.943 28.8239 1135.62
Little: -55.8949 67.0528 1151.84
Thumb: 108.611 84.6763 1118.81
Index: -39.756 37.2963 1146.48
Middle: -32.7677 47.4286 1170.39
Ring: -33.3676 31.1206 1145.86
Little: -46.2049 69.5366 1169
Thumb: 115.221 91.828 1124.73
Index: -31.5776 39.9909 1157
Middle: -26.1235 50.8854 1177.82
Ring: -28.7033 34.2804 1151.17
Little: -40.5994 73.1481 1175.34
Thumb: 125.838 97.073 1121.89
Index: -28.9684 44.8767 1161.9
Middle: -21.6303 55.4284 1184.02
Ring: -22.9905 38.7834 1161.48
Little: -35.0246 79.7038 1182.47
Thumb: 128.479 103.646 1112.82
Index: -25.1866 48.6037 1168.05
Middle: -18.4023 60.3662 1189.26
Ring: -18.7854 42.7116 1168.4
Little: -30.1431 86.2236 1191.03
Thumb: 136.893 105.436 1106.75
Index: -18.3892 50.211 1171.2
Middle: -13.1138 59.7902 1191.24
Ring: -16.9836 45.9154 1174.43
Little: -24.4814 87.0331 1191.16
Thumb: 139.745 107.463 1099.54
Index: -12.0936 50.8771 1171.11
Middle: -4.42119 62.0854 1191.23
Ring: -9.91432 47.0751 1177.26
Little: -12.4516 90.7595 1197.97
Thumb: 131.357 95.9151 1102.07
Index: -6.77627 51.7111 1172.57
Middle: 0.829659 63.3083 1192.17
Ring: 2.10492 46.3151 1175.6
Little: -6.2139 94.2214 1199.99
Thumb: 132.016 98.2218 1105.59
Index: -2.47345 49.9116 1165.97
Middle: 4.3094 61.5489 1186.55
Ring: 3.82928 45.2842 1171.91
Little: -0.126277 95.8424 1196.92
Thumb: 140.368 100.598 1099.24
Index: 2.33641 49.4902 1162.28
Middle: 8.63242 60.5404 1181.7
Ring: 7.76241 45.1776 1168.29
Little: 2.59559 99.882 1191.35
Thumb: 146.599 105.52 1094.98
Index: 11.1783 44.0045 1156.19
Middle: 15.3544 56.9868 1178.21
Ring: 14.9989 39.5636 1159.7
Little: 8.22556 92.421 1186.51
Thumb: 128.095 95.023 1094.64
Index: 21.7111 38.4268 1144.09
Middle: 28.2054 49.6704 1168.23
Ring: 28.7583 34.093 1150.53
Little: 14.4911 68.6624 1172.74
Thumb: 121.014 95.9223 1085.49
Index: 27.1353 35.1783 1138.4
Middle: 36.2111 44.849 1161.29
Ring: 35.1262 30.8001 1145.7
Little: 19.5151 63.6433 1166.83
Thumb: 121.137 97.907 1088.85
Index: 29.2496 35.0176 1133.82
Middle: 37.9571 44.1133 1156.62
Ring: 36.8593 30.4903 1140.92
Little: 18.956 62.7717 1158.96
Thumb: 116.316 91.1758 1101.52
Index: 26.7596 32.5968 1132.94
Middle: 16.1331 36.7231 1166.55
Ring: 27.7363 27.993 1133.29
Little: 15.0244 60.1822 1155.39
Thumb: 112.503 86.396 1097.25
Index: 24.0297 32.3751 1131.42
Middle: 11.4528 34.9887 1164.59
Ring: 24.7001 27.9334 1129.41
Little: 13.2497 60.0126 1154.13
Thumb: 116.34 83.2727 1091.19
Index: 12.8158 35.0479 1131.07
Middle: -2.53319 39.963 1162.58
Ring: 16.3443 30.201 1125.63
Little: 17.7396 64.3032 1164.97
Thumb: 128.095 82.9433 1070.27
Index: 6.81934 38.636 1139.4
Middle: -3.76451 52.1847 1164.26
Ring: 1.24823 34.1 1134.59
Little: 34.1385 123.593 1191.23
Thumb: 142.574 79.1622 1062.95
Index: -3.82954 43.168 1140.14
Middle: -0.807576 53.6334 1165.99
Ring: 18.9642 66.4582 1189.9
Little: 26.7424 122.622 1188.93
Thumb: 142.535 82.401 1043.85
Index: -5.31629 46.5464 1142.45
Middle: -9.12271 51.5304 1165.6
Ring: 24.4214 81.3293 1195.66
Little: 27.6155 122.425 1188.51
Thumb: 141.59 81.4526 1043.06
Index: -5.64812 47.0723 1143.12
Middle: -10.8361 51.6023 1165.8
Ring: 24.3097 81.7979 1196.11
Little: 28.2715 121.967 1188.71
Thumb: 141.847 81.3255 1043.1
Index: -6.20424 47.094 1142.11
Middle: -11.4387 51.9078 1165.03
Ring: 25.5051 82.8243 1193.64
Little: 28.0599 122.884 1187.92
Thumb: 137.624 85.9546 1034.87
Index: -1.4142 51.8529 1140.97
Middle: -9.8878 55.022 1164.3
Ring: 22.7809 86.8498 1192.98
Little: 33.0541 130.843 1185.16
Thumb: 138.078 83.2266 1029.04
Index: -3.80064 54.8204 1141.17
Middle: -15.495 56.7648 1161.37
Ring: 25.7349 88.7483 1191.68
Little: 38.2383 131.468 1184.18
Thumb: 132.861 86.541 1104.85
Index: -3.45941 57.6968 1143.26
Middle: -13.3876 60.0483 1164.82
Ring: 28.711 95.6083 1191.44
Little: 35.3108 139.193 1185.1
Thumb: 128.777 91.066 1110.91
Index: -4.3265 56.3887 1142.3
Middle: -17.3933 58.964 1160.75
Ring: 26.8833 93.3847 1190.06
Little: 34.6509 135.569 1184.53
Thumb: 126.732 91.1268 1108.64
Index: -5.32589 56.5579 1143.46
Middle: -18.966 60.4823 1161.69
Ring: 28.1265 95.6731 1189
Little: 29.763 130.25 1184.94
Thumb: 119.611 84.145 1096.12
Index: -5.68133 58.612 1144.21
Middle: -18.8961 62.168 1161.96
Ring: 37.7948 101.474 1188.36
Little: 29.9787 129.528 1182.94
Thumb: 125.451 63.0498 1082.47
Index: -7.64872 59.093 1143
Middle: -17.7069 64.462 1163.68
Ring: 37.0475 103.999 1187.89
Little: -22.5442 107.981 1153.74
Thumb: 133.813 63.3126 1081.21
Index: -7.39175 58.004 1143.23
Middle: -18.8451 63.3249 1162.02
Ring: 34.0454 103.913 1187.32
Little: -24.1322 107.481 1151.28
Thumb: 131.468 64.3651 1092.85
Index: -6.90857 57.55 1145.31
Middle: -20.056 62.9109 1161.9
Ring: 38.0426 109.692 1176.19
Little: -25.3825 108.159 1151.42
Thumb: 130.157 63.9425 1094.49
Index: -7.39557 58.0812 1145.84
Middle: -20.1054 63.3678 1162.59
Ring: 37.5805 110.068 1176.42
Little: -25.691 108.904 1151.61
Thumb: 121.767 67.8642 1102.13
Index: -6.95376 59.5044 1146.46
Middle: -18.7138 64.6375 1163.86
Ring: 38.0039 109.389 1180.32
Little: -24.6983 110.065 1151.89
Thumb: 122.418 67.2041 1100.81
Index: -5.98035 59.5285 1147.3
Middle: -18.7446 64.5027 1163.58
Ring: 36.2949 108.909 1179.73
Little: -24.6781 110.016 1151.67
Thumb: 122.904 65.4474 1100.95
Index: -7.44579 60.8232 1146.8
Middle: -20.4098 66.0731 1162.83
Ring: 30.704 107.399 1178.93
Little: -25.2344 110.386 1149.33
Thumb: 118.621 62.9495 1101.08
Index: -9.62319 60.6188 1145.24
Middle: -21.3797 66.1475 1162.64
Ring: 34.493 108.378 1180.46
Little: -26.658 111.258 1149.25
Thumb: 117.485 57.5382 1100.01
Index: -11.6793 64.4031 1150.28
Middle: -22.5684 70.7309 1167.22
Ring: 34.192 109.867 1180.52
Little: -27.7993 117.582 1151.77
Thumb: 114.988 62.4199 1106.99
Index: -9.60809 62.9188 1150.62
Middle: -18.9216 67.6397 1167.72
Ring: 32.0047 107.491 1179.99
Little: -30.782 121.763 1153.9
Thumb: 105.445 55.8694 1087.86
Index: -7.71618 60.7245 1149.81
Middle: -15.1829 69.173 1170.61
Ring: 32.5405 107.197 1181.31
Little: -30.6429 124.044 1155.52
Thumb: 102.547 53.2327 1063.47
Index: -3.40728 56.0717 1151.33
Middle: -3.17373 74.3872 1180.14
Ring: 39.4613 112.365 1183.95
Little: -25.3881 129.223 1159.82
Thumb: 93.9698 95.0027 1116.94
Index: -0.228392 52.8759 1149.2
Middle: 0.0567007 71.6438 1178.55
Ring: 45.2553 110.921 1184.11
Little: -22.8125 129.865 1162.02
Thumb: 92.5188 98.5394 1104.01
Index: 2.1935 54.5359 1149.41
Middle: 5.20847 73.7738 1180.55
Ring: 49.9187 109.549 1185.62
Little: -16.8995 131.324 1166.88
Thumb: 94.8219 92.2978 1082.3
Index: 4.26728 53.9424 1149.63
Middle: 9.64071 74.0572 1181.99
Ring: 50.7068 104.46 1188.42
Little: -10.288 131.769 1171.82
Thumb: 97.1452 74.9208 1082.13
Index: 4.57947 50.4345 1149.07
Middle: 9.73462 69.8699 1180.61
Ring: 49.3512 100.055 1188.31
Little: -6.90835 127.92 1173.71
Thumb: 90.3583 73.1408 1076.59
Index: 10.8787 52.5968 1156.09
Middle: 12.2109 72.7302 1183.47
Ring: 49.4984 100.443 1190.68
Little: 4.40921 131.924 1183.73
Thumb: 86.8474 67.5958 1059.08
Index: 15.9399 47.1988 1154.55
Middle: 13.3467 66.7191 1181.04
Ring: 51.9179 94.9489 1188.43
Little: 12.3087 125.097 1185.86
Thumb: 91.8153 62.6027 1052.32
Index: 23.1739 43.5026 1152.74
Middle: 25.6858 72.1049 1165.41
Ring: 61.3411 91.2822 1185.08
Little: 15.1391 119.839 1184.52
Thumb: 94.188 63.6059 1051.35
Index: 19.4486 40.8023 1147.87
Middle: 26.2965 69.2523 1163.37
Ring: 26.4653 80.7825 1181.31
Little: 30.3134 117.607 1187.11
Thumb: 109.591 84.2158 1102.59
Index: 22.8013 38.267 1148.62
Middle: 27.4173 66.7556 1163.41
Ring: 33.1583 77.4366 1178.73
Little: 46.5386 117.167 1186.17
Thumb: 92.7625 103.617 1125.53
Index: 28.2571 33.222 1144.92
Middle: 32.9906 61.272 1160.91
Ring: 32.1874 66.4365 1174.49
Little: 52.9938 111.765 1184.13
Thumb: 96.8053 94.1244 1123.59
Index: 33.6895 32.5392 1147.77
Middle: 19.8679 53.4464 1166.25
Ring: 28.3739 67.2968 1175.15
Little: 48.605 111.273 1184.18
Thumb: 90.1744 108.448 1133.64
Index: 37.3739 29.3862 1147.64
Middle: 6.86742 47.3571 1164.58
Ring: 33.97 67.405 1174.53
Little: 51.698 108.468 1179.47
Thumb: 91.107 111.795 1134.12
Index: 39.3989 28.0195 1149.78
Middle: 8.10352 46.6485 1166.48
Ring: 24.0457 62.1107 1174.19
Little: 50.3369 106.879 1178.57
Thumb: 85.9445 126.485 1129.07
Index: 42.4364 25.1465 1146.1
Middle: 59.8682 59.0618 1157.16
Ring: 21.5648 57.9503 1170.97
Little: 46.1772 100.502 1176.28
Thumb: 79.9194 131.011 1124.13
Index: 44.9737 21.5104 1147.47
Middle: 59.9588 72.5235 1131.08
Ring: 16.7145 54.2245 1170.33
Little: 47.9218 89.5894 1169.29
Thumb: 78.4582 135.562 1122.85
Index: 48.4418 18.5664 1141.52
Middle: 62.4714 72.2543 1130.39
Ring: 22.9344 50.7126 1168.21
Little: 48.6671 86.8768 1168.21
Thumb: 68.2403 78.6976 1124.51
Index: 50.4814 18.1397 1142.02
Middle: 62.8543 71.1871 1129.58
Ring: 27.6399 46.785 1166.28
Little: 48.93 86.8869 1170.76
Thumb: 66.8551 78.883 1118.38
Index: 47.9954 15.337 1134.42
Middle: 59.0127 67.9018 1121.7
Ring: 34.2511 42.8897 1159.7
Little: 47.4858 81.2431 1161.77
Thumb: 82.5012 159.315 1053.37
Index: 112.588 217.747 1070.13
Middle: 101.252 169.762 1057.25
Ring: 100.761 201.876 1047.27
Little: 76.7103 214.596 1048.25
Thumb: 85.042 176.871 1067.84
Index: 95.6483 230.284 1075.04
Middle: 87.2033 180.838 1057.62
Ring: 92.2309 201.407 1044.04
Little: 58.8045 222.163 1048.6
Thumb: 83.8574 178.536 1067.9
Index: 103.417 217.296 1079.31
Middle: 85.8093 184.842 1062.71
Ring: 72.9762 154.302 1032.33
Little: 59.9193 225.398 1055.68
Thumb: 78.1852 175.587 1063.09
Index: 104.469 221.954 1087.47
Middle: 89.9024 183.142 1073.52
Ring: 70.7598 156.164 1032.43
Little: 62.7173 224.928 1058.64
Thumb: 81.2624 177.61 1067.33
Index: 104.323 221.946 1087.85
Middle: 91.3801 185.802 1072.8
Ring: 71.3372 156.536 1032.12
Little: 66.1853 226.013 1066.86
Thumb: 86.0083 179.988 1070.22
Index: 102.815 222.815 1088.17
Middle: 84.214 185.311 1071.61
Ring: 83.5483 173.366 1027.02
Little: 64.474 225.948 1071.25
Thumb: 88.1415 179.907 1067.6
Index: 102.572 222.749 1084.92
Middle: 93.9501 204.529 1051.22
Ring: 83.9303 171.938 1019.62
Little: 63.5176 226.688 1069.32
Thumb: 87.1399 179.469 1062.89
Index: 103.219 221.03 1079.79
Middle: 87.9364 209.744 1045.6
Ring: 79.7834 171.805 1016.48
Little: 58.8044 229.902 1066.56
Thumb: 94.4099 180.427 1071.36
Index: 102.605 220.688 1075.57
Middle: 84.7958 209.605 1043.14
Ring: 76.4592 224.708 1044.59
Little: 57.2392 231.029 1065.19
Thumb: 95.7315 177.755 1069.75
Index: 102.838 217.28 1071.36
Middle: 82.2787 207.793 1040.59
Ring: 76.5469 220.551 1043.94
Little: 55.3953 231.947 1065.83
Thumb: 93.5375 183.682 1067.06
Index: 97.2747 224.849 1069.68
Middle: 72.3571 247.13 1052.78
Ring: 64.2966 205.854 1040.22
Little: 49.2795 234.987 1061.98
Thumb: 95.4396 183.992 1067.08
Index: 100.191 194.032 1052.52
Middle: 71.1631 248.4 1052.26
Ring: 62.5009 207.382 1035.42
Little: 38.468 237.366 1048.79
Thumb: 92.6618 185.832 1063.85
Index: 96.013 201.368 1050.3
Middle: 62.3107 257.276 1063.74
Ring: 58.375 205.459 1030.82
Little: 33.9546 232.716 1043.62
Thumb: 94.912 186.391 1064.21
Index: 96.6814 203.897 1045.39
Middle: 62.8289 259.111 1067.93
Ring: 58.58 211.389 1044.64
Little: 34.6514 234.399 1044.28
Thumb: 89.8935 181.003 1060.43
Index: 94.5107 203.223 1043.9
Middle: 62.2799 256.008 1057.95
Ring: 52.727 204.974 1040.29
Little: 31.7244 228.223 1030.87
Thumb: 91.8358 173.137 1069.72
Index: 93.1345 213.551 1044.13
Middle: 63.5284 241.727 1048.27
Ring: 48.4069 198.42 1038.22
Little: 36.2827 223.851 1027.9
Thumb: 96.3206 170.222 1068.28
Index: 96.1032 134.304 998.673
Middle: 66.4153 229.451 1043.34
Ring: 49.9294 201.37 1037.95
Little: 32.7318 223.481 1027.84
Thumb: 88.7392 169.38 1065.92
Index: 93.7992 139.432 992.554
Middle: 62.6643 247.901 1042.72
Ring: 45.3623 200.332 1038.7
Little: 33.469 230.696 1031.31
Thumb: 88.9201 169.423 1066.3
Index: 93.4961 143.108 989.26
Middle: 61.4367 251.694 1044.99
Ring: 44.6086 200.504 1036.59
Little: 31.134 227.409 1024.59
Thumb: 87.3567 168.53 1064.14
Index: 91.7982 146.141 985.439
Middle: 61.5619 253.538 1046.31
Ring: 43.553 200.492 1036.56
Little: 32.5676 231.768 1027.07
Thumb: 88.2661 170.193 1062.68
Index: 91.1519 147.774 983.362
Middle: 59.9261 253.666 1042.58
Ring: 43.0123 201.447 1033.64
Little: 42.1549 224.181 1025.35
Thumb: 87.7306 170.024 1059.23
Index: 91.8601 130.538 994.372
Middle: 59.6861 250.831 1037.38
Ring: 44.2424 200.309 1028.65
Little: 17.9472 196.917 1000.41
Thumb: 89.617 169.968 1059.4
Index: 92.9899 129.755 998.394
Middle: 61.747 252.453 1039.83
Ring: 46.05 204.772 1026.3
Little: 10.2163 189.372 999.092
Thumb: 88.9774 170.412 1060.8
Index: 93.5544 129.245 998.307
Middle: 62.7257 253.887 1042.33
Ring: 46.2603 201.456 1024.39
Little: 11.4362 189.005 999.315
Thumb: 88.0139 171.799 1061.69
Index: 94.7485 132.235 997.153
Middle: 59.5365 255.232 1044.36
Ring: 55.1337 205.995 1022.64
Little: 10.4217 186.897 999.228
Thumb: 88.7818 169.882 1060.87
Index: 94.5631 129.311 998.504
Middle: 62.1638 254.189 1044.47
Ring: 56.437 205.716 1021.88
Little: 11.1521 185.497 999.044
Thumb: 91.8474 167.432 1067.27
Index: 95.8152 132.235 995.599
Middle: 69.4027 246.42 1036.06
Ring: 52.8133 187.621 1012.89
Little: 14.2137 186.144 1000.45
Thumb: 91.9611 166.66 1069.87
Index: 99.7903 133.007 997.903
Middle: 70.9352 242.484 1036.45
Ring: 53.3358 183.538 1014.6
Little: 13.7175 181.25 1004.24
Thumb: 93.2393 166.274 1071.5
Index: 99.1674 134.412 999.442
Middle: 70.3704 241.626 1038.77
Ring: 53.376 184.81 1017.47
Little: 14.3738 183.564 1007.01
Thumb: 90.4761 166.705 1072.93
Index: 100.258 131.72 1002.54
Middle: 70.1255 236.231 1036.51
Ring: 55.8334 185.423 1021.74
Little: 17.3834 184.827 1007.5
Thumb: 91.2718 167.65 1073.19
Index: 100.19 128.359 1009.81
Middle: 66.6772 234.409 1033.99
Ring: 52.1094 194.108 1028.41
Little: 13.9104 180.72 1009.88
Thumb: 92.4328 167.989 1077
Index: 100.586 129.977 1011.38
Middle: 65.9241 234.058 1036.96
Ring: 52.8231 192.673 1030.19
Little: 14.1363 182.098 1011.99
Thumb: 93.5435 166.358 1076.62
Index: 101.575 128.176 1013.2
Middle: 68.7212 238.036 1042.97
Ring: 57.143 197.683 1036.32
Little: 16.51 181.177 1013.12
Thumb: 97.0981 167.027 1081.77
Index: 103.54 133.515 1012.56
Middle: 72.3214 244.261 1052.5
Ring: 55.7314 195.888 1045.14
Little: 17.0111 180.446 1015.97
Thumb: 97.9027 167.753 1085.39
Index: 102.297 133.999 1015.47
Middle: 66.921 235.73 1055.35
Ring: 51.5971 191.8 1050.85
Little: 13.0571 176.213 1017.87
Thumb: 97.4299 166.076 1093.09
Index: 106.419 124.17 1032.18
Middle: 68.6895 230.98 1063.37
Ring: 69.9619 202.462 1053.81
Little: 20.8317 176.432 1020.46
Thumb: 98.3142 165.427 1106.73
Index: 106.914 117.278 1050.36
Middle: 69.0578 230.874 1071.74
Ring: 63.2813 189.054 1067.23
Little: 21.9469 174.994 1027.05
Thumb: 93.1827 167.252 1114.06
Index: 109.02 115.14 1056.95
Middle: 72.4687 228.994 1073.81
Ring: 64.893 188.061 1069.99
Little: 40.717 187.969 1028.25
Thumb: 94.198 169.39 1112.83
Index: 111.113 121.35 1050.29
Middle: 71.9547 238.312 1077.48
Ring: 64.1676 190.022 1073.57
Little: 40.4995 190.358 1033.56
Thumb: 95.0824 171.744 1104.18
Index: 103.795 133.139 1038.24
Middle: 71.7146 208.292 1065.27
Ring: 66.8242 208.881 1065.29
Little: 29.3202 197.474 1048.53
Thumb: 95.5792 172.238 1111.23
Index: 104.032 135.759 1039.97
Middle: 70.7032 208.001 1068.57
Ring: 69.9149 203.446 1069.24
Little: 35.1822 204.4 1053.79
Thumb: 90.3714 169.821 1124.41
Index: 112.071 124.356 1060.48
Middle: 75.8005 199.665 1071.03
Ring: 75.3603 205.27 1070.74
Little: 32.0334 181.642 1040.71
Thumb: 93.9799 143.653 1126.32
Index: 117.863 90.4779 1091.45
Middle: 106.983 173.102 1090.56
Ring: 101.921 174.431 1091.31
Little: 66.4626 168.972 1049.72
Thumb: 64.8859 163.767 1083.97
Index: 104.497 214.425 1090.53
Middle: 99.6319 243.052 1090.01
Ring: 82.8578 176.693 1058.84
Little: 55.3655 162.294 1024.02
Thumb: 69.1984 168.578 1068.23
Index: 103.848 205.147 1069.55
Middle: 94.1678 208.336 1049.01
Ring: 100.1 164.148 1029.73
Little: 65.197 162.925 1000.04
Thumb: 38.8919 182.45 1100.11
Index: 102.221 201.999 1064.15
Middle: 91.2456 206.087 1044.18
Ring: 90.9726 160.61 1022.84
Little: 64.7619 160.62 993.133
Thumb: 31.7586 176.876 1109.71
Index: 96.6418 203.815 1062.64
Middle: 91.3651 205.126 1043.82
Ring: 77.8253 160.269 1019.3
Little: 59.918 164.302 989.768
Thumb: 28.4756 174.488 1109.83
Index: 110.367 182.533 1059.1
Middle: 86.9189 208.191 1039.92
Ring: 79.7431 162.254 1017.67
Little: 57.4625 166.07 989.829
Thumb: 25.6052 174.659 1111.81
Index: 87.029 196.639 1061.39
Middle: 80.6587 207.903 1040.05
Ring: 75.6298 159.908 1015.62
Little: 52.2094 161.639 988.099
Thumb: 22.9669 173.578 1113.6
Index: 81.9476 206.875 1057.81
Middle: 81.4908 221.997 1025.18
Ring: 76.9743 163.644 1013.67
Little: 46.0131 159.869 987.348
Thumb: 21.1576 169.814 1117.05
Index: 77.4773 207.294 1054.4
Middle: 73.8981 208.268 1022.37
Ring: 69.2118 163.647 1012.65
Little: 41.2815 157.516 985.655
Thumb: 85.3566 150.164 1078.44
Index: 51.6708 193.561 1022.12
Middle: 34.0713 220.3 1045.35
Ring: 11.5242 175.958 1049.77
Little: -1.46382 184.505 1080.62
Thumb: 64.2386 159.163 1090.01
Index: 70.2149 241.214 1075.46
Middle: 20.9193 218.686 1056.27
Ring: 9.7323 198.704 1061.33
Little: -4.54655 200.765 1082.99
Thumb: 68.7878 164.509 1090.21
Index: 46.5871 244.676 1069.85
Middle: 16.0093 213.635 1060.04
Ring: 5.34404 173.315 1061.58
Little: -8.87812 216.295 1103.96
Thumb: 71.9975 155.111 1081.04
Index: 25.3005 167.825 1003.6
Middle: 7.56633 189.678 1037.23
Ring: -2.55162 173.312 1054.32
Little: -11.3357 216.793 1097.82
Thumb: 83.6357 122.337 1054.7
Index: 26.722 164.674 1003.21
Middle: 2.83869 190.38 1031.7
Ring: -8.65235 243.215 1079.18
Little: -21.7862 224.172 1091.81
Thumb: 83.255 118.079 1053.04
Index: 30.1829 166.083 1003.58
Middle: 1.08624 203.239 1031.35
Ring: -14.3487 229.692 1064.36
Little: -9.65325 220.025 1078.4
Thumb: 77.0342 138.293 1052.68
Index: 33.6958 165.688 1004.28
Middle: 8.24801 163.219 1017.45
Ring: -14.8705 231.916 1061.68
Little: -14.7509 219.612 1074.93
Thumb: 110.587 112.949 1055.71
Index: 38.167 161.747 1004.88
Middle: 8.3489 177.786 1017.85
Ring: -13.8065 235.539 1060.28
Little: -13.0021 217.085 1073.85
Thumb: 110.193 110.279 1054.93
Index: 38.1574 161.687 1004.62
Middle: 7.49549 170.052 1008.73
Ring: -14.586 235.763 1059.73
Little: -11.933 216.928 1074.77
Thumb: 105.368 109.602 1051.58
Index: 39.5809 163.399 1003.63
Middle: 11.8369 162.407 1010.18
Ring: 4.89935 222.428 1049.66
Little: -8.58003 216.697 1072.97
Thumb: 104.785 105.018 1043.17
Index: 39.6379 159.703 1002.62
Middle: 11.3445 161.836 1009.35
Ring: 20.3971 256.878 1080.91
Little: -7.13967 214.75 1071.38
Thumb: 107.292 101.471 1046.34
Index: 41.9554 158.388 1002.75
Middle: 12.6337 160.026 1005.06
Ring: -10.4875 171.744 1011
Little: -6.98618 216.129 1069.33
Thumb: 113.491 96.6204 1056.75
Index: 42.4751 159.219 1002.21
Middle: 13.3656 160.261 1004.44
Ring: -8.17867 177.734 1009.05
Little: -10.2712 212.472 1066.46
Thumb: 111.293 96.6127 1054.74
Index: 41.0179 160.447 1000.97
Middle: 9.12766 168.998 996.896
Ring: -10.6062 172.827 1008.72
Little: -6.10452 218.522 1066.96
Thumb: 101.094 98.3414 1059.1
Index: 43.3928 160.526 1001.24
Middle: 12.4104 165.753 996.348
Ring: -7.80354 173.042 1007.61
Little: -3.85657 220.05 1066.13
Thumb: 104.921 91.3894 1062.31
Index: 46.0133 160.425 1001.52
Middle: 15.2269 167.451 995.663
Ring: -4.8898 174.942 1006.36
Little: 0.945272 223.384 1067.42
Thumb: 90.3703 111.228 1056.28
Index: 46.882 160.401 1001.57
Middle: 16.0142 168.382 995.344
Ring: -3.64063 175.49 1005.81
Little: 0.192805 221.999 1065.57
Thumb: 79.6927 116.88 1059.75
Index: 49.5368 158.328 1002.47
Middle: 19.0897 167.401 995.376
Ring: -0.0539982 176.921 1005.12
Little: 2.74143 221.908 1064.47
Thumb: 77.5234 86.3035 1056.6
Index: 54.0259 155.1 1004.41
Middle: 23.9846 164.488 995.799
Ring: 3.88943 174.134 1004.14
Little: 3.98746 220.838 1061.93
Thumb: 75.5734 77.7891 1051.2
Index: 50.4846 156.706 1004.31
Middle: 19.8894 164.205 997.153
Ring: 1.35445 177.594 1006.26
Little: 0.984575 220.928 1059.04
Thumb: 70.5007 80.0931 1059.12
Index: 52.747 156.912 1004.21
Middle: 22.247 164.398 995.96
Ring: 1.69452 173.825 1004.78
Little: 1.34118 222.352 1062.28
Thumb: 78.6425 114.568 1066.13
Index: 51.4936 157.845 1003.72
Middle: 20.7863 165.606 995.926
Ring: 0.321056 174.364 1005.19
Little: 1.03938 221.538 1064.04
Thumb: 76.5861 82.786 1061.03
Index: 54.4542 155.386 1004.55
Middle: 23.9994 162.811 996.309
Ring: 3.60326 172.686 1005.04
Little: 7.77073 224.685 1066.34
Thumb: 77.4741 89.4309 1061.06
Index: 55.311 157.392 1005.29
Middle: 25.2274 165.413 996.916
Ring: 5.42464 175.887 1005.59
Little: 8.7176 225.174 1067.62
Thumb: 71.7803 74.5308 1056.96
Index: 52.8273 156.881 1004.33
Middle: 22.1728 164.095 996.296
Ring: 2.46618 173.722 1005.2
Little: -16.5188 196.726 1041.91
Thumb: 94.3731 101.552 1069.14
Index: 52.6562 157.077 1004.15
Middle: 21.9816 164.887 996.136
Ring: 2.38255 174.204 1005.16
Little: -14.9288 199.129 1042.6
Thumb: 89.0495 75.6766 1063.66
Index: 52.6934 157.128 1004.18
Middle: 22.0104 165.008 996.156
Ring: 2.41164 174.216 1005.19
Little: -14.8229 199.245 1042.69
Thumb: 95.0264 103.649 1068.79
Index: 52.6321 157.453 1004.54
Middle: 21.6841 165.404 996.464
Ring: 0.643227 172.444 1005.83
Little: -16.1099 198.344 1042.92
Thumb: 101.533 100.375 1073.58
Index: 53.5923 159.721 1004.5
Middle: 22.6859 167.149 996.299
Ring: 2.79915 174.18 1005.41
Little: -15.318 199.039 1042.14
Thumb: 101.8 101.68 1072.7
Index: 53.4679 162.411 1004.56
Middle: 22.5709 169.664 996.736
Ring: 1.86272 175.701 1006.25
Little: -15.3316 200.893 1043.87
Thumb: 103.299 101.685 1073.72
Index: 52.1927 163.114 1004.19
Middle: 20.9782 170.747 996.656
Ring: 0.281678 176.363 1006.44
Little: -16.8078 201.261 1044.3
Thumb: 108.247 100.348 1075.18
Index: 55.7893 165.233 1004.94
Middle: 24.6435 172.253 997.135
Ring: 3.89288 177.3 1006.72
Little: -14.952 200.362 1043.91
Thumb: 110.514 100.694 1075.53
Index: 56.9377 166.172 1005.01
Middle: 25.7371 172.743 997.191
Ring: 4.02949 174.185 1007.31
Little: -5.06025 214.532 1041.69
Thumb: 111.902 101.392 1077.72
Index: 59.3827 165.222 1006.36
Middle: 28.052 172.884 997.828
Ring: 6.62216 176.047 1007.26
Little: -4.43044 213.792 1040.57
Thumb: 128.243 94.5453 1075.14
Index: 60.8396 166.854 1004.7
Middle: 29.9376 170.273 997.742
Ring: 7.60334 172.919 1008.07
Little: -1.7917 213.201 1042.49
Thumb: 137.48 93.5963 1085.87
Index: 63.8896 170.485 1004.81
Middle: 32.287 176.056 997.847
Ring: 12.294 183.78 1007.73
Little: 1.39388 216.527 1044.19
Thumb: 141.142 99.5994 1068.69
Index: 76.7676 170.066 1008.83
Middle: 46.3913 173.34 1000.43
Ring: 25.0307 187.288 1008.34
Little: 12.8442 220.534 1040.84
