Thumb: 32.9554 91.7207 1121.92
Index: -64.5745 28.1944 1098.23
Middle: -101.42 40.8207 1097.63
Ring: -124.543 62.0639 1082.41
Little: -141.773 103.039 1080.87
Thumb: 37.5156 87.8338 1107.76
Index: -67.2875 37.0503 1106.7
Middle: -101.755 40.135 1090.49
Ring: -122.517 60.6953 1078.99
Little: -134.943 96.3302 1088.34
Thumb: 27.6209 87.6236 1110.65
Index: -72.6964 33.5109 1094.52
Middle: -104.828 40.9842 1095.47
Ring: -124.791 59.2681 1077.93
Little: -135.677 96.7546 1093.18
Thumb: 23.9506 85.0531 1110.73
Index: -77.1061 34.901 1093.39
Middle: -108.767 43.3334 1092.88
Ring: -125.486 59.8981 1081.02
Little: -117.773 121.526 1100.6
Thumb: 19.9525 82.6413 1104.34
Index: -80.8081 31.7377 1094.73
Middle: -111.492 39.3013 1092.98
Ring: -125.854 56.9802 1085.96
Little: -126.55 109.591 1104.16
Thumb: 11.6427 82.4684 1101.49
Index: -83.9033 30.811 1092.17
Middle: -115.132 38.9315 1093.73
Ring: -129.109 57.5311 1089.38
Little: -133.098 107.265 1102.59
Thumb: 8.20958 83.5518 1101.72
Index: -84.6576 31.9596 1093.33
Middle: -116.091 39.893 1097.5
Ring: -129.152 59.0038 1096.33
Little: -134.715 104.849 1099.29
Thumb: 3.75753 82.5797 1099.71
Index: -90.2424 34.0186 1095.27
Middle: -116.317 40.2591 1095.61
Ring: -129.258 59.2041 1103
Little: -135.022 102.68 1102.74
Thumb: 0.927208 84.4403 1096.09
Index: -93.5678 35.8558 1090.24
Middle: -116.558 43.1805 1096.81
Ring: -128.986 61.078 1102.81
Little: -136.245 103.902 1102.24
Thumb: -2.33113 82.397 1094.2
Index: -97.372 37.4568 1091.77
Middle: -119.923 42.5524 1095.98
Ring: -129.853 61.2469 1104.79
Little: -135.452 105.831 1103.89
Thumb: -4.70009 81.964 1093
Index: -99.0414 39.6088 1092.41
Middle: -120.245 43.1721 1096.52
Ring: -128.929 62.2922 1107.22
Little: -135.447 106.067 1104.3
Thumb: -9.06588 79.7314 1092.04
Index: -98.8428 41.268 1098.44
Middle: -120.725 42.1148 1097.01
Ring: -127.383 62.8278 1112.14
Little: -134.437 106.327 1106.83
Thumb: -9.26348 78.043 1092.61
Index: -96.2842 42.6248 1101.28
Middle: -118.73 41.1684 1097.57
Ring: -126.082 60.0749 1108.86
Little: -136.546 100.099 1104.48
Thumb: -8.11314 78.4958 1097.25
Index: -92.1135 39.8991 1098.25
Middle: -115.025 42.0271 1099.86
Ring: -121.818 61.6005 1110.1
Little: -132.138 99.7832 1104.56
Thumb: -4.92225 81.0651 1095.6
Index: -85.1221 38.6249 1098.43
Middle: -108.324 39.2672 1098.92
Ring: -114.043 58.0009 1110.38
Little: -124.232 99.8098 1104.71
Thumb: -3.13534 85.6391 1099.8
Index: -77.6796 36.7277 1096.51
Middle: -103.229 38.7717 1097.55
Ring: -107.019 58.0147 1113.02
Little: -116.533 97.5235 1107.15
Thumb: 2.72947 86.4476 1100.33
Index: -68.2653 35.4269 1097.89
Middle: -94.3896 36.0732 1099.44
Ring: -100.755 55.8374 1112.5
Little: -109.809 92.6624 1107.09
Thumb: 10.2456 85.7863 1102.17
Index: -61.2052 31.8264 1095.91
Middle: -84.7074 34.8545 1100.79
Ring: -94.4773 52.9892 1113.9
Little: -105.159 86.2234 1103.55
Thumb: 17.7392 88.6051 1102.94
Index: -52.1381 31.5285 1095.07
Middle: -75.5881 33.7364 1102.16
Ring: -86.7222 48.3773 1110.2
Little: -98.4917 79.2254 1104.98
Thumb: 23.8863 91.0994 1104.99
Index: -44.862 29.4305 1092.43
Middle: -65.5686 29.356 1101.52
Ring: -79.1491 45.3735 1109.6
Little: -93.295 72.9967 1101.58
Thumb: 32.2173 93.7719 1106.76
Index: -32.4405 32.3563 1098.27
Middle: -54.6666 27.7132 1101.07
Ring: -70.4673 40.514 1105.03
Little: -85.6323 71.9639 1102.97
Thumb: 42.7625 94.3821 1110.36
Index: -25.2911 36.5362 1106.06
Middle: -51.1354 26.4531 1100.54
Ring: -61.5672 44.8791 1103.25
Little: -76.535 68.4051 1103.37
Thumb: 50.2991 95.4452 1115.05
Index: -25.6074 29.4095 1098.63
Middle: -44.5298 25.8297 1104.27
Ring: -54.8245 42.1985 1106.82
Little: -72.8741 62.0652 1100.34
Thumb: 56.4543 95.0194 1115.25
Index: -14.8342 30.7855 1100.75
Middle: -37.8846 23.01 1100.48
Ring: -49.272 40.0475 1109.89
Little: -66.4586 61.1523 1100.02
Thumb: 62.5321 93.9794 1114.77
Index: -5.78587 26.6853 1099.76
Middle: -32.1438 20.9249 1101
Ring: -43.8763 34.6166 1106.96
Little: -60.0865 57.9673 1100.24
Thumb: 71.2824 91.7596 1114.13
Index: 1.31604 24.5812 1100.71
Middle: -24.5867 17.3069 1101.93
Ring: -37.2239 30.9594 1103.71
Little: -55.235 54.3115 1100.51
Thumb: 79.0605 90.6049 1114.54
Index: 10.2348 22.6187 1100.8
Middle: -15.8002 15.7101 1098.76
Ring: -31.4867 30.3095 1100.98
Little: -49.1472 51.9439 1096.33
Thumb: 88.6461 89.7192 1110.41
Index: 20.3917 20.2794 1098.31
Middle: -8.30632 14.4604 1097.69
Ring: -25.2236 29.2765 1100.36
Little: -43.7968 50.4216 1094.26
Thumb: 95.8692 89.3397 1112.31
Index: 30.7198 17.6516 1103.69
Middle: -1.33585 11.6791 1092.05
Ring: -18.4915 26.6857 1096.46
Little: -38.3994 50.6736 1097.23
Thumb: 100.948 87.9523 1115.36
Index: 37.8969 14.0683 1101.22
Middle: 4.8281 10.1905 1096.9
Ring: -12.5128 25.7617 1104.15
Little: -32.7617 49.4712 1099.63
Thumb: 111.532 88.5257 1115.42
Index: 46.1906 14.468 1102.73
Middle: 11.4578 6.5367 1092.32
Ring: -6.52896 22.6936 1101.35
Little: -29.7419 47.7129 1098.78
Thumb: 120.312 88.7747 1106.24
Index: 53.8586 12.7805 1100.26
Middle: 18.8432 4.23364 1092.08
Ring: 1.1545 20.7682 1099.3
Little: -20.8185 42.2649 1097.88
Thumb: 129.959 92.403 1108.99
Index: 59.5382 11.568 1097.33
Middle: 25.5225 4.6084 1086.73
Ring: 7.27007 20.3008 1091.58
Little: -13.1837 42.394 1094.06
Thumb: 134.58 92.9287 1105.94
Index: 64.0209 8.57516 1096.03
Middle: 30.6612 3.59649 1091.36
Ring: 14.3591 21.3257 1100.49
Little: -11.3992 41.558 1096.41
Thumb: 137.674 91.8057 1096.78
Index: 69.4123 9.51203 1098.82
Middle: 35.59 2.33746 1085.66
Ring: 18.8617 21.2781 1098.04
Little: -5.41834 44.9143 1098.14
Thumb: 143.096 90.9327 1095.9
Index: 74.2827 9.26381 1097.27
Middle: 40.565 2.6939 1085.32
Ring: 25.4363 28.074 1101.69
Little: 0.997078 54.3564 1104.02
Thumb: 146.098 95.5476 1099.99
Index: 79.2013 8.61474 1095.89
Middle: 46.1112 1.11289 1083.57
Ring: 29.8947 25.23 1099.88
Little: 2.7152 44.3847 1099.39
Thumb: 149.702 97.2362 1102.21
Index: 84.1141 8.25627 1097.24
Middle: 51.3739 -0.42679 1080.54
Ring: 33.6495 24.1038 1099.15
Little: 7.12369 50.1726 1102.94
Thumb: 156.153 97.3194 1100.75
Index: 87.609 17.7104 1107.99
Middle: 50.9146 0.0863152 1076.6
Ring: 33.6771 23.5976 1098.51
Little: 8.88849 52.836 1103.27
Thumb: 160.534 99.0223 1106.81
Index: 88.7223 15.4873 1107.36
Middle: 53.0769 -1.45545 1080.13
Ring: 36.3619 24.0313 1101.76
Little: 12.3225 56.5794 1110.18
Thumb: 162.78 99.2221 1109.89
Index: 89.2606 16.6153 1108.88
Middle: 53.0499 -2.69961 1084.71
Ring: 36.5309 22.6752 1101.3
Little: 12.8474 55.6327 1106.03
Thumb: 164.584 99.2202 1108.94
Index: 89.7973 16.8745 1108.25
Middle: 53.2999 -2.22789 1082.82
Ring: 37.7156 25.8112 1109.09
Little: 19.2797 76.0328 1100.43
Thumb: 164.621 98.6599 1111.8
Index: 89.6621 16.1731 1109.26
Middle: 53.5382 -2.04296 1082.97
Ring: 42.0338 40.5217 1115.71
Little: 20.1177 77.3288 1100.51
Thumb: 164.151 100.195 1113.72
Index: 86.4437 21.304 1107.03
Middle: 50.0858 3.13415 1082.46
Ring: 45.7063 65.1993 1109.27
Little: 18.8607 83.7578 1096.61
Thumb: 163.153 96.1346 1114.14
Index: 83.8813 27.6084 1107.14
Middle: 44.3018 4.39085 1083.03
Ring: 37.5397 54.1786 1119.21
Little: 16.8109 86.3401 1096.63
Thumb: 161.723 95.0206 1113.87
Index: 81.3807 31.551 1107.73
Middle: 39.8453 7.92084 1081.06
Ring: 31.8171 50.294 1119.63
Little: 15.5139 91.1314 1096.24
Thumb: 156.376 95.0762 1116.84
Index: 76.4502 32.8813 1103.81
Middle: 37.3246 11.296 1075.23
Ring: 33.1989 62.0481 1120.06
Little: 13.1631 93.0712 1093.48
Thumb: 151.531 93.1928 1118.01
Index: 70.7457 30.6314 1104.65
Middle: 30.2564 12.7415 1080.61
Ring: 26.4481 59.5532 1123.26
Little: 10.2902 96.3551 1095.3
Thumb: 143.893 91.0118 1116.91
Index: 91.8163 84.4111 1144.22
Middle: 23.8914 12.9162 1080.22
Ring: 22.379 60.2095 1123.91
Little: 5.70341 97.1797 1096.73
Thumb: 139.021 89.913 1117.62
Index: 85.4334 85.1414 1139.37
Middle: 16.4918 14.3816 1079.36
Ring: 16.591 66.0324 1126.08
Little: 0.807546 99.1357 1095.29
Thumb: 132.919 89.6162 1118.26
Index: 72.8612 73.1714 1136.91
Middle: 7.72386 10.9085 1084.15
Ring: 27.0814 100.679 1148.99
Little: -6.751 96.337 1098.51
Thumb: 122.059 91.9808 1119.57
Index: 68.1068 81.7277 1136.87
Middle: 3.49724 14.8729 1082.66
Ring: 22.6211 111.641 1146.53
Little: -12.2273 101.601 1096.44
Thumb: 110.961 93.652 1122.72
Index: 61.8763 86.6582 1151.4
Middle: -2.68659 16.2306 1083.42
Ring: 3.32949 91.0391 1148.82
Little: -18.0717 104.468 1097.79
Thumb: 104.782 93.7015 1125.12
Index: 53.1975 87.7734 1155.88
Middle: -10.0151 16.9794 1080.09
Ring: -7.79535 87.7236 1147.51
Little: -23.9627 106.095 1097.38
Thumb: 96.7067 94.7758 1125.84
Index: 49.1551 90.8225 1158.1
Middle: -16.5654 18.6733 1084.02
Ring: -15.8165 85.9045 1152.67
Little: -22.9212 120.116 1107.77
Thumb: 92.8803 95.2985 1126.33
Index: 44.1644 88.7639 1159.2
Middle: -23.9266 18.596 1091.67
Ring: -10.7685 100.213 1156.42
Little: -28.6634 120.696 1113.82
Thumb: 86.7089 96.7527 1131.67
Index: 12.1959 38.5018 1126.44
Middle: -29.3634 19.823 1095.16
Ring: -10.5561 107.595 1159.2
Little: -36.4741 121.873 1141.89
Thumb: 88.0712 96.9228 1130.32
Index: 8.71983 38.5461 1124.18
Middle: -33.3589 19.7115 1095.19
Ring: -26.3123 92.8571 1162.19
Little: -43.5667 120.778 1142.15
Thumb: 82.287 100.39 1138.25
Index: 0.3146 37.6297 1138.02
Middle: -35.8507 16.8771 1098.47
Ring: -24.8977 116.423 1168.82
Little: -54.0914 117.516 1142.37
Thumb: 67.4219 102.769 1158.92
Index: -17.2308 36.3747 1141.67
Middle: -36.1496 13.5906 1100.68
Ring: -51.579 109.8 1169.8
Little: -56.5535 59.9152 1102.19
Thumb: 29.8045 113.843 1183.59
Index: -41.6848 38.9866 1129.56
Middle: -38.3798 17.7998 1102.56
Ring: -78.3934 117.397 1135.35
Little: -46.811 62.6443 1082.71
Thumb: 45.3213 145.876 1222.73
Index: -51.6131 45.3081 1130.32
Middle: -43.9094 20.0994 1106.91
Ring: -39.0043 27.6042 1102.54
Little: -40.619 60.3601 1081.23
Thumb: 34.8634 144.56 1230.85
Index: -55.4781 42.5632 1123.14
Middle: -47.2916 19.1883 1108.78
Ring: -49.3047 31.5853 1101.02
Little: -40.324 57.5828 1069.29
Thumb: 36.9321 158.024 1231.8
Index: -54.9679 51.1207 1120.63
Middle: -49.9555 28.4043 1111.15
Ring: -52.2358 40.7511 1097.08
Little: -41.1673 65.9216 1066.15
Thumb: 28.5056 154.058 1232.61
Index: -59.2533 51.9785 1115.21
Middle: -54.7299 29.3489 1109.15
Ring: -56.4597 42.3479 1089.55
Little: -43.8402 68.5303 1068.79
Thumb: 31.92 200.541 1234.12
Index: -61.6531 56.8981 1116.75
Middle: -56.261 31.3543 1109.59
Ring: -55.2619 42.1221 1088.94
Little: -42.8183 67.3241 1071.43
Thumb: -83.5479 154.405 1194.15
Index: -46.2365 39.0503 1097.41
Middle: -68.4296 41.7903 1069.46
Ring: -58.1062 39.8784 1077.27
Little: -44.3884 73.6129 1056.04
Thumb: -80.4984 166.978 1158.38
Index: -57.523 42.187 1108.51
Middle: -60.3235 31.092 1076.04
Ring: -59.0823 34.5698 1099.5
Little: -45.947 54.1248 1070.4
Thumb: -99.2407 159.94 1135.66
Index: -61.8295 41.1724 1108.8
Middle: -61.8866 31.527 1075.36
Ring: -65.1076 39.0607 1109.9
Little: -42.8764 51.4446 1074.55
Thumb: -105.73 168.332 1146.07
Index: -62.4328 42.2109 1113.85
Middle: -61.2506 55.4875 1072.98
Ring: -69.3714 42.2194 1116.94
Little: -40.4495 51.9173 1082.46
Thumb: -116.871 168.685 1139.9
Index: -65.3518 41.0091 1112.68
Middle: -58.0264 50.554 1073.92
Ring: -73.4185 41.4459 1115.05
Little: -40.4923 51.2679 1083.2
Thumb: -122.686 173.149 1136.7
Index: -66.1628 40.6138 1111.15
Middle: -57.589 51.8173 1071.5
Ring: -75.9679 41.4159 1109.7
Little: -39.3413 50.9482 1083.99
Thumb: -128.545 174.736 1128.27
Index: -67.9856 39.8703 1111.31
Middle: -56.4684 53.5975 1073.54
Ring: -78.1001 41.0793 1107
Little: -39.1711 49.8528 1086.3
Thumb: -130.237 175.766 1118.8
Index: -69.092 41.0908 1109.45
Middle: -54.0276 51.002 1074.82
Ring: -78.0548 43.1212 1104.75
Little: -38.6508 50.7494 1086.18
Thumb: -132.721 177.04 1113.33
Index: -98.1895 75.0573 1048.48
Middle: -54.4935 50.6284 1075.51
Ring: -79.6063 42.9466 1106.36
Little: -39.6525 51.0005 1087.24
Thumb: -135.064 176.027 1102.06
Index: -98.3465 79.0844 1041.46
Middle: -54.156 43.9754 1078.72
Ring: -82.8572 41.4941 1105.68
Little: -41.612 48.7906 1087.98
Thumb: -134.362 175.637 1094.17
Index: -98.7383 92.1519 1034.52
Middle: -55.4457 48.1056 1076.18
Ring: -83.962 41.6195 1109.55
Little: -41.7228 48.4615 1092.95
Thumb: -135.401 177.734 1088.23
Index: -95.6364 93.7053 1030.68
Middle: -50.8975 25.1106 1090.2
Ring: -86.0774 42.9592 1105.87
Little: -42.408 49.4549 1096.91
Thumb: -135.235 178.587 1084.33
Index: -94.7859 95.9572 1027.19
Middle: -49.7787 24.6435 1096.02
Ring: -86.5911 43.9962 1104.81
Little: -42.1739 50.902 1100.02
Thumb: -136.178 181.182 1080.72
Index: -92.5017 99.2362 1022.72
Middle: -51.5617 26.9781 1091.14
Ring: -88.0267 44.6969 1101.6
Little: -43.4335 51.4897 1099.7
Thumb: -137.56 182.429 1076.67
Index: -90.2842 99.2236 1018.18
Middle: -51.1244 26.6991 1090.53
Ring: -88.2702 44.563 1098.12
Little: -15.1404 81.2533 1034.55
Thumb: -135.583 183.042 1069.83
Index: -87.2071 97.5023 1014.49
Middle: -51.1323 26.9308 1085.29
Ring: -88.095 44.6403 1096.04
Little: -7.82326 84.6407 1031.89
Thumb: -134.284 182.959 1065.46
Index: -86.2122 101.312 1010.13
Middle: -51.4499 29.6927 1078.55
Ring: -87.9429 45.2964 1087.95
Little: -7.13354 85.8719 1029.51
Thumb: -135.892 183.095 1063.88
Index: -87.028 104.226 1007.89
Middle: -50.6329 31.3421 1075.11
Ring: -87.5149 45.5084 1087.27
Little: -7.23185 86.8674 1027.22
Thumb: -136.306 183.958 1060.06
Index: -84.1498 103.016 1004.84
Middle: -49.6615 31.5752 1072.62
Ring: -87.0522 45.2753 1084.65
Little: -5.31623 87.0258 1027.1
Thumb: -136.497 183.712 1060.92
Index: -85.9971 103.413 1004.06
Middle: -49.1926 31.6835 1069.92
Ring: -85.9587 44.8323 1079.72
Little: -6.35653 87.468 1023.63
Thumb: -135.424 183.575 1058.84
Index: -85.0226 101.905 1002.32
Middle: -49.0197 31.6189 1068.69
Ring: -86.0029 45.2615 1079.5
Little: -2.74802 91.0554 1022.01
Thumb: -131.642 183.09 1056.04
Index: -85.4704 105.617 998.033
Middle: -86.564 35.0403 1064.91
Ring: -89.6961 44.9528 1081.66
Little: -3.52268 87.8919 1020.16
Thumb: -129.704 184.416 1058.07
Index: -84.0945 99.7062 1000.29
Middle: -84.3377 35.0711 1070.63
Ring: -88.1227 48.0618 1085.57
Little: -1.68657 89.3678 1019.6
Thumb: -131.753 187.623 1061.28
Index: -83.9503 100.46 1000.98
Middle: -82.7527 36.4998 1068.31
Ring: -86.2855 48.1253 1085.89
Little: -2.05281 89.2439 1019.36
Thumb: -132.258 185.567 1061.07
Index: -82.8281 99.1233 1001.3
Middle: -80.056 35.3448 1070.32
Ring: -84.1303 46.684 1084.02
Little: -0.0780249 89.0194 1020.2
Thumb: -131.769 183.771 1062.74
Index: -82.258 96.5853 1004.24
Middle: -77.6146 32.3122 1080.69
Ring: -80.9599 46.6016 1089.24
Little: 0.805308 88.8844 1021.24
Thumb: -132.168 181.901 1064.27
Index: -81.0314 97.2443 1006.29
Middle: -74.0548 32.5435 1085.77
Ring: -75.3865 45.8997 1090.61
Little: 3.31496 91.1339 1022.35
Thumb: -133.04 179.02 1067.28
Index: -80.3717 94.9821 1009.66
Middle: -71.1395 30.9144 1092.37
Ring: -72.2277 44.5606 1092.89
Little: 3.95995 90.7302 1024.86
Thumb: -131.453 177.382 1072.07
Index: -79.5338 91.687 1014.17
Middle: -67.2625 29.6965 1099.69
Ring: -68.4933 43.5167 1093.19
Little: 5.56883 92.1743 1025.06
Thumb: -133.556 173.626 1074.6
Index: -77.92 93.4454 1015.5
Middle: -61.1701 28.1972 1100.23
Ring: -63.3384 42.8169 1100.05
Little: 7.2369 93.0012 1026.03
Thumb: -131.133 172.15 1076.84
Index: -74.8048 92.766 1016.6
Middle: -55.7976 27.2964 1100.81
Ring: -58.3749 41.721 1099.38
Little: 10.4862 92.4699 1026.64
Thumb: -129.064 167.983 1078.91
Index: -70.3159 87.6511 1018.52
Middle: -49.6756 24.3675 1106.64
Ring: -53.0856 38.6297 1105.05
Little: 14.5172 90.1373 1029.3
Thumb: -121.768 166.064 1083.92
Index: -65.5501 88.5403 1023.28
Middle: -45.3211 22.6313 1104.18
Ring: -48.1658 37.4893 1104.66
Little: 17.7901 90.1874 1029.65
Thumb: -115.223 165.351 1088.33
Index: -59.4793 85.6187 1024.69
Middle: -39.0329 19.1749 1105.69
Ring: -42.2667 33.4277 1102.99
Little: 26.2245 91.0352 1030.83
Thumb: -111.504 159.079 1090.34
Index: -54.6619 79.6672 1027.47
Middle: -31.6226 16.5331 1104.72
Ring: -34.6642 30.466 1101.95
Little: 33.2807 93.411 1035.09
Thumb: -105.104 154.463 1089.88
Index: -49.2908 81.1766 1026.96
Middle: -22.1932 15.751 1108.36
Ring: -25.2836 29.5452 1106.2
Little: 38.6267 92.3774 1033.87
Thumb: -102.323 149.031 1088.26
Index: -40.8473 83.0077 1024.51
Middle: -13.9232 12.4585 1106.98
Ring: -18.6752 26.702 1103.5
Little: 45.3964 90.0548 1035.69
Thumb: -96.3009 147.738 1088.82
Index: -33.6163 76.6423 1025.52
Middle: -6.14498 11.1456 1107.05
Ring: -10.1756 25.6046 1109.32
Little: 53.1118 89.4339 1036.95
Thumb: -91.5406 144.655 1086.74
Index: -26.286 71.3447 1025.17
Middle: 1.20863 9.7502 1109.92
Ring: -4.47852 23.6673 1105.98
Little: 62.0057 87.9918 1037.11
Thumb: -87.7055 142.639 1087.34
Index: -22.1329 67.8269 1025.27
Middle: 8.48188 8.78334 1107.55
Ring: 1.99561 22.6431 1103.82
Little: 64.3912 86.0101 1035.62
Thumb: -83.4801 144.999 1086.86
Index: -13.1765 69.0156 1021.65
Middle: 16.7204 9.32316 1104.08
Ring: 8.8179 23.1725 1101.07
Little: 72.7537 89.8135 1033.73
Thumb: -79.1931 144.455 1092.18
Index: -8.08968 74.6632 1021.65
Middle: 24.2086 9.87058 1106.61
Ring: 18.8356 22.7403 1103.69
Little: 78.1486 92.0656 1033.7
Thumb: -75.184 143.035 1094.27
Index: -3.14418 76.6839 1022.85
Middle: 31.7789 10.591 1109.79
Ring: 24.104 24.1293 1107.14
Little: 81.6685 87.8437 1034.1
Thumb: -67.7897 144.493 1100.81
Index: 2.09753 72.2723 1024.94
Middle: 36.2998 12.6765 1096.91
Ring: 28.0873 23.6602 1101.54
Little: 86.9082 87.2859 1034.66
Thumb: -59.5422 145.985 1099.89
Index: 10.864 73.284 1026.26
Middle: 41.8139 9.25179 1103.06
Ring: 35.3574 23.3945 1107.7
Little: 95.7832 86.5938 1036.2
Thumb: -55.0121 145.605 1096.07
Index: 15.4379 68.5832 1025.59
Middle: 47.2019 9.38729 1102.24
Ring: 41.351 22.8485 1099.94
Little: 101.016 89.3841 1034.87
Thumb: -51.879 148.28 1095.21
Index: 18.5723 67.0322 1028.47
Middle: 49.7294 9.96792 1106.23
Ring: 46.5664 23.2507 1104.28
Little: 105.761 91.2144 1034.91
Thumb: -48.9582 151.403 1105.14
Index: 15.9562 65.4285 1031.54
Middle: 49.2367 8.79527 1106.43
Ring: 45.6208 22.6594 1108.99
Little: 104.709 89.4241 1033.87
Thumb: -48.8044 153.211 1111.28
Index: 12.0476 66.3896 1037.47
Middle: 47.0814 7.38972 1107.11
Ring: 45.9629 20.5409 1107.95
Little: 99.4963 85.0626 1034.95
Thumb: -39.9794 154.994 1119.63
Index: 9.77618 64.2076 1045.15
Middle: 41.055 9.59019 1110.93
Ring: 40.285 23.0307 1107.33
Little: 95.6363 82.0448 1034.15
Thumb: -34.5367 159.827 1131.56
Index: 7.56608 60.1186 1053.15
Middle: 34.2707 14.08 1110.75
Ring: 56.5045 18.6023 1107.73
Little: 88.0993 90.6153 1028.68
Thumb: -28.452 165.212 1146.36
Index: 8.80456 59.997 1064.22
Middle: 29.0736 21.3613 1117.84
Ring: 40.4049 30.043 1112.41
Little: 82.2834 95.5834 1029.82
Thumb: -18.6321 166.819 1153.55
Index: 9.5929 60.1826 1072.62
Middle: 29.1555 26.0402 1127.68
Ring: 37.9697 34.7265 1109
Little: 68.0012 80.3818 1037.59
Thumb: -14.1789 171.125 1161.26
Index: 39.6173 33.5133 1114.25
Middle: 31.1024 26.1673 1133.98
Ring: 28.5784 40.1295 1096.46
Little: 62.9234 88.9744 1032.86
Thumb: -7.63589 169.02 1159.6
Index: 41.5738 36.3805 1136.67
Middle: 38.7132 30.9617 1138.6
Ring: 28.4307 50.4594 1092.43
Little: 58.908 105.363 1024.71
Thumb: -3.94161 167.179 1158.88
Index: 35.8185 42.1172 1136.91
Middle: 36.3338 35.0836 1137.35
Ring: 26.7915 55.6321 1094.87
Little: 50.7954 107.247 1025.85
Thumb: 7.35757 174.903 1172.63
Index: 38.8995 41.7197 1134.81
Middle: 38.6131 33.35 1133.19
Ring: 27.1051 55.2712 1093.71
Little: 46.7014 106.291 1024.3
Thumb: 15.5242 174.437 1177.57
Index: 40.7274 43.3458 1131.36
Middle: 40.8112 35.2989 1133.05
Ring: 28.8288 56.6725 1094.03
Little: 47.5022 113.225 1023.01
Thumb: 22.9661 177.753 1183.47
Index: 38.625 44.8813 1128.29
Middle: 40.7634 36.3039 1132.94
Ring: 28.3541 57.2618 1094.8
Little: 46.6051 116.675 1023.08
Thumb: 34.0354 176.559 1184.58
Index: 40.9063 47.4999 1132.61
Middle: 41.9571 38.5118 1135.11
Ring: 29.6002 58.7466 1100.15
Little: 52.4989 122.712 1024.61
Thumb: 45.4545 177.483 1185.94
Index: 44.5837 47.0014 1134.21
Middle: 37.2601 41.5421 1131.67
Ring: 26.3044 58.8959 1098.93
Little: 53.5107 124.995 1022.58
Thumb: 49.1235 174.39 1186.01
Index: 46.7893 47.6738 1136.82
Middle: 42.3047 41.7908 1134.33
Ring: 25.3962 57.0082 1102.79
Little: 56.6832 125.501 1023.23
Thumb: 49.5228 171.353 1183.81
Index: 46.5484 50.6153 1134.68
Middle: 40.0087 47.1861 1136.64
Ring: 27.5203 58.6193 1106.37
Little: 54.7475 128.205 1023.3
Thumb: 52.0916 170.212 1187.27
Index: 50.1515 50.092 1135.28
Middle: 40.7377 45.1283 1134.66
Ring: 26.4219 59.9658 1107.54
Little: 55.2672 131.642 1024.42
Thumb: 49.4889 169.763 1187.1
Index: 49.0704 50.2141 1137.77
Middle: 39.9536 44.699 1135
Ring: 26.5166 59 1110.13
Little: 55.1418 131.157 1025.68
Thumb: 49.7106 168.353 1186.99
Index: 47.0437 49.4394 1136.06
Middle: 39.7325 43.0664 1133.7
Ring: 24.4492 58.9078 1109.62
Little: 54.4672 130.934 1025.66
Thumb: 46.1689 166.354 1188.06
Index: 47.0621 49.3724 1136.95
Middle: 37.8864 43.2671 1134.8
Ring: 22.8924 60.1355 1111.67
Little: 55.61 130.975 1029.34
Thumb: 43.9614 164.202 1187.74
Index: 44.1194 47.0868 1134.93
Middle: 36.74 41.4678 1136.67
Ring: 20.8766 58.9699 1110.08
Little: 56.6874 128.761 1029.33
Thumb: 37.2409 161.305 1189.39
Index: 43.1039 45.3139 1140.94
Middle: 33.303 39.8225 1138.81
Ring: 18.3219 58.2111 1113.77
Little: 54.6825 127.42 1033.48
Thumb: 35.042 158.821 1186.53
Index: 41.027 44.9235 1140.27
Middle: 28.3343 42.2934 1135.85
Ring: 13.9062 60.3914 1108.58
Little: 55.9631 126.483 1032.6
Thumb: 28.8274 156.465 1182.21
Index: 36.0229 42.5511 1140.41
Middle: 22.7327 41.2184 1135.64
Ring: 9.29743 58.8776 1107.74
Little: 49.8572 121.718 1031.65
Thumb: 25.3086 154.972 1178.55
Index: 33.0554 43.3731 1143.25
Middle: 21.087 41.6053 1136.21
Ring: 7.95742 59.6344 1106.62
Little: 48.7203 121.845 1030.87
Thumb: 22.558 151.603 1176.21
Index: 28.5044 42.6839 1143.86
Middle: 18.8017 40.4965 1136.29
Ring: 5.37517 59.3917 1104.82
Little: 45.3004 119.552 1030.83
Thumb: 17.2379 149.279 1173.5
Index: 26.5682 42.5206 1145.2
Middle: 15.1664 40.9759 1140.51
Ring: 1.75692 61.2417 1104.55
Little: 44.3722 119.546 1032.51
Thumb: 15.8698 145.531 1168.83
Index: 28.2207 42.0585 1147.27
Middle: 17.1237 40.0265 1142.69
Ring: 1.53776 58.5624 1106.23
Little: 42.2519 116.835 1033.63
Thumb: 12.9595 144.271 1164.38
Index: 29.2076 40.9719 1147.16
Middle: 16.5321 39.3269 1146.45
Ring: 2.73423 54.1349 1111.77
Little: 36.0993 109.846 1035.12
Thumb: 7.74727 141.075 1160.2
Index: 22.6166 40.0458 1143.01
Middle: 12.2654 39.3593 1139.21
Ring: 8.15049 47.5671 1114.49
Little: 32.9138 105.149 1034.77
Thumb: 3.22584 136.195 1158.96
Index: 14.9181 39.622 1131.25
Middle: 7.9086 42.4494 1124.6
Ring: 15.5292 38.7278 1112.73
Little: 44.0661 98.625 1031.84
Thumb: -1.56331 133.638 1152.37
Index: 21.6114 34.952 1127.05
Middle: 7.23212 41.4511 1122.84
Ring: 16.2551 38.2076 1107.94
Little: 44.6506 98.9564 1026.78
Thumb: -8.44076 127.336 1149.17
Index: 15.3377 32.0275 1119.09
Middle: -4.86337 46.8465 1109.87
Ring: 11.4501 33.1315 1102.97
Little: 41.0977 97.9685 1022.96
Thumb: -10.0288 125.285 1143.84
Index: 13.3966 32.6314 1117.28
Middle: -6.98566 46.4002 1107.61
Ring: 8.63484 35.1456 1098.19
Little: 38.324 97.0963 1019.95
Thumb: -8.76156 120.353 1144.01
Index: 9.38239 33.7814 1118.77
Middle: -11.025 46.6713 1109.06
Ring: 9.07187 32.5529 1104.98
Little: 32.0797 96.9557 1020.91
Thumb: -10.7419 120.201 1140.31
Index: 8.93847 34.4717 1115.61
Middle: -13.7981 48.1751 1106.88
Ring: 3.7145 34.3048 1101.35
Little: 32.3533 95.0564 1019.57
Thumb: -9.11754 125.904 1141.61
Index: 8.03286 39.9558 1119.69
Middle: -15.2151 53.3204 1109.82
Ring: 0.763639 39.7469 1103.34
Little: 33.987 95.4617 1021.71
Thumb: -7.98566 129.669 1138.09
Index: 6.16466 43.3585 1119.95
Middle: -18.1698 56.6793 1113.98
Ring: -0.999303 42.3509 1109.31
Little: 31.1412 92.3994 1022.1
Thumb: -8.40044 127.407 1138.47
Index: -4.82158 46.1732 1134.61
Middle: -25.9388 66.7928 1118.92
Ring: -11.9444 46.3105 1119.98
Little: 33.0918 94.5214 1028.94
Thumb: -12.5812 127.161 1138.56
Index: -11.304 46.9586 1135.26
Middle: -29.8142 68.1543 1119.3
Ring: -17.6874 47.6049 1119.72
Little: 32.4893 92.7165 1033.62
Thumb: -13.9446 129.472 1131.67
Index: -23.4356 54.6264 1134.33
Middle: -40.6417 76.6624 1117.73
Ring: -28.1388 52.7537 1126.88
Little: 38.5106 83.8756 1050.22
Thumb: -17.1643 127.205 1134.6
Index: -25.4465 54.1851 1126.03
Middle: -43.8559 73.0788 1121.11
Ring: -33.2593 55.1922 1116.56
Little: 33.6972 82.7727 1051.31
Thumb: -19.3908 128.023 1133.92
Index: -28.7908 55.5426 1123.52
Middle: -46.1762 73.8674 1119.42
Ring: -33.9866 60.4392 1108.05
Little: 32.1052 83.5099 1050.33
Thumb: -20.3338 128.88 1130.98
Index: -34.0769 57.9589 1123.61
Middle: -52.3518 76.5027 1117.39
Ring: -36.3655 65.6341 1103.78
Little: 31.3493 83.2877 1053.2
Thumb: -24.3712 127.904 1131.78
Index: -40.885 59.7838 1125.37
Middle: -52.6072 86.9664 1102.95
Ring: -45.5171 62.6138 1110.9
Little: 27.0384 80.4265 1056.32
Thumb: -25.6158 128.254 1131.39
Index: -41.3306 62.7729 1124.38
Middle: -55.1253 86.1772 1103.58
Ring: -46.5098 62.662 1110.69
Little: 25.897 81.6087 1055.92
Thumb: -27.0103 127.053 1129.04
Index: -40.4115 59.8972 1125.25
Middle: -56.4166 85.9654 1102.12
Ring: -47.3778 63.2699 1107.35
Little: 24.5723 82.9498 1054.47
Thumb: -29.051 126.151 1128.18
Index: -41.4529 62.8186 1123.82
Middle: -61.4477 79.8348 1109.47
Ring: -47.2497 63.5251 1105.65
Little: 22.99 82.2652 1053.9
Thumb: -32.8793 125.145 1128.62
Index: -42.8323 63.3493 1122.97
Middle: -65.0483 73.6459 1116.78
Ring: -45.962 65.1356 1101.71
Little: 20.8314 82.9251 1053.55
Thumb: -36.3433 127.736 1134.19
Index: -46.8113 86.9914 1111.91
Middle: -63.1029 69.1569 1118.91
Ring: -45.1605 61.6061 1102.28
Little: 20.4629 83.4582 1051.91
Thumb: -38.8954 128.116 1138.38
Index: -46.4825 82.4987 1107.6
Middle: -59.568 64.7225 1116.14
Ring: -44.5676 55.9304 1101.14
Little: 0.398004 92.072 1022.61
Thumb: -47.3742 127.408 1142.04
Index: -40.826 77.1811 1107.51
Middle: -42.6369 50.7222 1125.6
Ring: -40.186 52.8196 1095.62
Little: -3.50233 96.0652 1019.44
Thumb: -43.6812 132.69 1144.41
Index: -42.5493 75.1886 1104.27
Middle: -43.4511 67.7602 1104.85
Ring: -38.2958 53.715 1092.63
Little: -0.542686 101.462 1017.53
Thumb: -44.1524 138.736 1146.74
Index: -40.4119 71.9635 1100.56
Middle: -42.8757 66.1008 1104.62
Ring: -36.9184 56.3596 1086.5
Little: 1.15855 101.552 1015.54
Thumb: -45.7337 142.432 1150.06
Index: -36.4378 66.0881 1099.06
Middle: -33.4557 55.5045 1095.23
Ring: -33.921 54.6551 1083.22
Little: 0.647277 99.8206 1013.59
Thumb: -47.1626 144.146 1149.24
Index: -35.945 59.9453 1098.18
Middle: -32.9049 58.2095 1094.1
Ring: -34.705 53.5388 1083.2
Little: 0.0278196 99.6175 1012.71
Thumb: -52.2127 143.498 1142.75
Index: -21.1816 36.9411 1103.46
Middle: -30.7906 58.7465 1088.6
Ring: -35.4459 52.5492 1082.79
Little: -3.26592 99.7414 1011.33
Thumb: -53.4582 145.858 1143.39
Index: -24.5068 41.975 1100.77
Middle: -30.5585 57.3417 1086.63
Ring: -35.3193 50.9782 1081.17
Little: -7.15832 94.8306 1009.67
Thumb: -54.0945 148.552 1145.66
Index: -25.1218 43.36 1097.13
Middle: -28.7434 52.7723 1086.98
Ring: -32.7083 47.2074 1081.5
Little: -7.84432 94.0771 1008.79
Thumb: -54.4175 151.91 1145.76
Index: -24.8406 46.192 1097.69
Middle: -29.397 50.683 1083.5
Ring: -30.284 42.9153 1077.22
Little: -8.07652 95.3938 1008.46
Thumb: -57.9856 154.102 1146.82
Index: -20.2 45.5726 1094.25
Middle: -23.6126 50.5304 1078.26
Ring: -24.1779 36.8267 1073.71
Little: -5.24715 98.3989 1007.37
Thumb: -60.0765 156.652 1143.86
Index: -19.7098 47.3018 1093.65
Middle: -22.1022 35.2758 1070.72
Ring: -21.8416 34.7444 1076.53
Little: -2.41363 95.2406 1009.12
Thumb: -67.1204 158.422 1137.75
Index: -17.0135 48.7932 1098.64
Middle: -7.47496 31.3455 1065.62
Ring: -20.8739 37.3816 1090.18
Little: 10.5923 96.6152 1012.61
Thumb: -70.4911 159.919 1127.9
Index: -10.0636 36.1325 1107.8
Middle: -4.12432 28.8331 1072.27
Ring: -17.4972 34.6408 1104.9
Little: 17.3636 91.998 1016.3
Thumb: -78.2876 164.308 1120.98
Index: -10.038 38.1775 1109.54
Middle: 3.95777 26.9959 1078.68
Ring: -9.35975 34.9314 1123.1
Little: 28.785 94.4136 1022.19
Thumb: -82.0665 168.465 1114.8
Index: -4.04542 35.5841 1114.69
Middle: 9.99619 26.7873 1081.13
Ring: -11.4708 37.0656 1111.19
Little: 34.6353 91.4869 1025.27
Thumb: -85.2212 166.895 1105.45
Index: -5.11131 36.5572 1114.42
Middle: 14.2041 26.5184 1084.4
Ring: -11.7864 37.2469 1113.14
Little: 39.2101 89.0401 1031.18
Thumb: -86.2708 166.781 1099.9
Index: -3.81406 37.6569 1115.4
Middle: 15.9736 28.9301 1084.86
Ring: -9.6136 38.5365 1110.78
Little: 30.0386 69.6969 1045.11
Thumb: -88.3368 165.714 1094.29
Index: -8.04246 37.6118 1117.18
Middle: 16.7292 24.8888 1094.67
Ring: -13.8147 37.9608 1116.11
Little: 30.1132 64.4502 1054.68
Thumb: -90.1389 161.262 1093.22
Index: -6.79845 37.427 1113.86
Middle: 22.1611 21.7387 1099.2
Ring: -12.5326 36.3959 1109.91
Little: 29.7708 61.6128 1058.99
Thumb: -90.1679 154.963 1088.25
Index: -6.64171 33.9485 1114.66
Middle: 19.0786 24.5174 1091.6
Ring: -12.9227 32.1281 1107.83
Little: 34.2633 61.7303 1058.43
Thumb: -87.8118 147.308 1082.82
Index: -7.83145 31.4696 1108.12
Middle: 20.8463 19.7769 1091.22
Ring: -13.6924 27.9327 1105.27
Little: 37.7199 63.9881 1053.95
Thumb: -86.6506 142.65 1081.14
Index: -9.49745 32.1424 1098.1
Middle: 21.2944 17.2192 1085.41
Ring: -12.8178 26.2376 1100.97
Little: 38.7665 63.8204 1051.42
Thumb: -84.6498 134.7 1077.81
Index: -9.50824 28.556 1092
Middle: 21.244 14.6153 1078.45
Ring: -13.5593 25.0588 1086.59
Little: 38.9351 61.4942 1047.9
Thumb: -78.1695 131.359 1060.33
Index: -9.41643 26.0667 1087.09
Middle: 19.6764 18.4795 1068.9
Ring: 4.56641 62.7512 1029.54
Little: 41.3837 64.2462 1044.78
Thumb: -75.7223 126.061 1050.63
Index: -10.9874 26.583 1077.15
Middle: 19.3171 20.8889 1058.61
Ring: -12.4205 23.2322 1075.09
Little: 42.3714 60.4492 1044.27
Thumb: -63.8656 124.358 1044.16
Index: -10.5303 26.42 1071.78
Middle: 18.5347 25.2288 1050.85
Ring: -13.8693 22.0354 1070.51
Little: 48.7092 75.1756 1046.61
Thumb: -39.847 111.507 1031.45
Index: -11.8459 31.2725 1068.16
Middle: 16.4296 31.5382 1047.59
Ring: -14.0183 25.9865 1065.67
Little: 48.1112 79.0834 1043.28
Thumb: -37.7193 111.749 1030.66
Index: -12.7624 33.9326 1062.82
Middle: 15.7815 33.4782 1045.74
Ring: -12.1377 30.5508 1066.31
Little: 47.6871 80.636 1042.83
Thumb: -33.9939 113.922 1026.9
Index: -13.9248 38.0801 1059.28
Middle: 15.4183 35.7606 1043.3
Ring: -12.9525 30.8531 1067.25
Little: 46.9212 83.6258 1041.65
Thumb: -35.9425 111.006 1028.85
Index: -15.5848 40.3078 1055.67
Middle: 13.8945 38.9451 1039.27
Ring: -14.6849 31.3994 1064.83
Little: 43.9527 84.4658 1040.95
Thumb: -37.2097 110.212 1032.85
Index: -15.5995 39.7967 1057.32
Middle: 11.6739 41.3231 1037.14
Ring: -14.4534 32.0841 1063.7
Little: 41.6371 86.2397 1038.45
Thumb: -36.7528 109.732 1032.41
Index: -16.4732 38.7994 1055.83
Middle: 9.92588 42.4695 1034.13
Ring: -16.7419 31.0967 1061.38
Little: 39.6472 87.7018 1035.44
Thumb: -38.4255 108.666 1032.97
Index: -15.7594 38.2791 1055.55
Middle: 9.94917 42.7171 1032.52
Ring: -16.8594 32.6446 1056.31
Little: 37.9578 88.1403 1031.59
Thumb: -39.7335 107.874 1032.69
Index: -13.2716 32.2276 1058.92
Middle: 9.42587 41.127 1030.65
Ring: -17.5202 34.1686 1053.74
Little: 35.0926 88.7477 1029.48
Thumb: -37.7699 106.966 1028.4
Index: -16.259 37.6894 1054.22
Middle: 10.0667 39.8624 1030.43
Ring: -18.2673 33.0977 1055.74
Little: 34.4421 87.0655 1027.75
Thumb: -39.5665 108.653 1026.89
Index: -17.8996 43.3294 1049.36
Middle: 7.36942 39.6109 1032.09
Ring: -17.9265 35.4839 1054
Little: 33.9062 90.2832 1024.69
Thumb: -37.014 108.379 1028.67
Index: -21.9032 39.3513 1051.37
Middle: 4.99457 36.2092 1030.46
Ring: -23.8367 32.4289 1056.16
Little: 23.8788 90.7599 1019.77
Thumb: -40.1987 109.808 1027.78
Index: -22.4763 34.3771 1055.74
Middle: 1.52589 34.5317 1030.92
Ring: -28.2727 35.0836 1050.68
Little: 22.7108 90.8042 1021.76
Thumb: -39.2348 111.946 1022.91
Index: -22.8596 32.9489 1056.49
Middle: 1.43401 32.6073 1032.69
Ring: -30.6039 37.286 1044.91
Little: 19.6161 89.9344 1021.11
Thumb: -39.414 111.919 1022.65
Index: -23.0591 33.087 1055.85
Middle: 1.1341 32.8861 1032
Ring: -30.5041 36.1846 1046.24
Little: 19.5924 90.368 1020.6
Thumb: -38.6856 113.037 1021.73
Index: -22.6867 34.7989 1054.73
Middle: 1.90236 34.4295 1031.34
Ring: -29.5144 35.9602 1048.16
Little: 20.4336 91.9985 1019.99
Thumb: -39.0425 111.349 1021.72
Index: -21.773 32.8784 1057.84
Middle: 1.91707 33.6494 1032.45
Ring: -29.8339 35.5618 1048.32
Little: 11.7348 78.3112 1015.02
Thumb: -39.9662 112.809 1021.57
Index: -22.1428 32.902 1060.39
Middle: 0.0675102 34.8252 1032.29
Ring: -31.1649 39.0909 1047.19
Little: 9.68419 77.7782 1015.75
Thumb: -42.1915 112.398 1023.01
Index: -23.5806 32.2748 1062.89
Middle: -1.81662 34.0995 1033.23
Ring: -32.8113 38.7864 1049.36
Little: 8.30157 75.1511 1017.82
Thumb: -45.2643 113.452 1029.55
Index: -23.7677 34.7652 1070.17
Middle: -4.2794 35.2918 1039.95
Ring: -32.9658 37.3169 1058.31
Little: 7.4859 73.6059 1024.77
Thumb: -53.0585 110.079 1031.37
Index: -25.0633 31.8358 1076.82
Middle: -7.73786 34.2191 1044.45
Ring: -33.9919 35.2252 1063.35
Little: 11.4279 75.5823 1024.8
Thumb: -62.8082 109.477 1041.24
Index: -29.462 34.1565 1079.02
Middle: -11.6626 29.4777 1056.36
Ring: -35.262 30.6348 1074.57
Little: 13.3507 76.8828 1029.69
Thumb: -72.2748 111.691 1059.11
Index: -32.0269 33.5262 1088.43
Middle: -18.0722 27.1784 1067.06
Ring: -37.7187 35.5841 1078.17
Little: 13.2071 85.8986 1038.37
Thumb: -75.5001 115.467 1067.76
Index: -49.2267 32.4226 1103.07
Middle: -29.3078 16.3216 1083.68
Ring: -54.6388 35.9568 1090.91
Little: 8.17265 81.2532 1037.99
Thumb: -82.0827 121.51 1084.83
Index: -53.5945 35.3184 1123.34
Middle: -36.9055 17.5901 1102.38
Ring: -57.2723 38.9004 1109.19
Little: 10.5951 76.9 1047.01
Thumb: -82.2034 126.938 1098.82
Index: -52.8128 42.3894 1134.06
Middle: -38.6873 25.3674 1112.29
Ring: -57.3345 44.8703 1126.37
Little: 12.0904 73.051 1056.54
Thumb: -81.0405 138.676 1115.26
Index: -48.4189 46.6531 1151.51
Middle: -39.6417 26.6627 1130.13
Ring: -52.7252 46.7181 1144.4
Little: 14.9302 80.1003 1060.76
Thumb: -76.1569 141.857 1120.69
Index: -39.4165 47.7232 1152.56
Middle: -34.5792 28.9459 1130.54
Ring: -35.5816 38.8354 1143.57
Little: 18.2 85.9344 1059.67
Thumb: -72.2458 146.936 1124.81
Index: -38.7186 56.0512 1162.68
Middle: -35.4918 36.159 1164.36
Ring: -28.2568 40.8125 1151.13
Little: 23.0671 86.1738 1068.99
Thumb: -69.5638 151.431 1125.81
Index: -42.0073 61.716 1174.32
Middle: -37.6625 45.0226 1178.9
Ring: -25.0996 43.1061 1157.83
Little: 21.4689 86.245 1071.41
Thumb: -60.4083 159.195 1135.66
Index: -49.5929 78.1881 1170.65
Middle: -24.5201 50.6699 1186.24
Ring: -12.797 47.1782 1172.52
Little: 13.3169 89.57 1074.29
Thumb: -57.6299 161.499 1137.26
Index: -44.4141 77.8019 1170.02
Middle: -27.1624 58.5936 1166.37
Ring: -11.279 48.8854 1168.51
Little: 14.8889 88.062 1074.68
Thumb: -55.0911 161.823 1138.73
Index: -39.6906 84.3226 1161.93
Middle: -20.3989 60.1415 1161.8
Ring: -6.47361 49.1124 1165.26
Little: 21.9596 88.1555 1073.03
Thumb: -51.987 160.262 1137.32
Index: -36.7293 81.6631 1159.16
Middle: -16.5885 59.0636 1158.84
Ring: -1.57777 47.6548 1164.87
Little: 27.4948 90.4313 1071.45
Thumb: -48.7962 157.979 1135.62
Index: -31.6409 78.2586 1155.98
Middle: -11.7953 58.6125 1154.38
Ring: 5.13895 45.8209 1158.8
Little: 28.0139 89.7382 1067.52
Thumb: -46.7037 153.127 1136.2
Index: -25.0923 69.562 1150.11
Middle: -6.42623 51.7278 1147.61
Ring: 7.28459 40.3407 1149.54
Little: 30.2456 89.1682 1062.19
Thumb: -41.8454 150.772 1139.44
Index: -12.0328 61.4356 1138.23
Middle: 2.27379 45.1238 1138.88
Ring: 21.2354 34.7434 1141.81
Little: 47.5224 101.08 1060.76
Thumb: -37.7211 143.099 1139.81
Index: -3.73745 57.0173 1129.41
Middle: 5.72354 39.6235 1132.11
Ring: 28.8684 29.597 1132.24
Little: 52.3708 100.973 1055.21
Thumb: -37.2554 137.473 1134.44
Index: 1.53608 49.9097 1132.05
Middle: 8.15314 36.7206 1130.89
Ring: 30.2969 27.4461 1128.87
Little: 49.5189 97.2339 1052.65
Thumb: -33.1953 130.791 1133.64
Index: 8.30373 45.0257 1137.18
Middle: 8.39631 35.9118 1129.49
Ring: 24.2601 30.9799 1124.67
Little: 50.7108 94.9677 1051.88
Thumb: -27.8185 128.062 1138.14
Index: 4.31463 41.8645 1141
Middle: 10.0478 32.0644 1123.99
Ring: 14.8799 33.2451 1121.23
Little: 47.994 92.1065 1045.22
Thumb: -21.9018 126.022 1137.62
Index: 1.3912 48.4775 1149.3
Middle: -1.9039 43.4824 1141.25
Ring: 8.77541 39.2548 1121.83
Little: 45.8735 91.0704 1045.74
Thumb: -23.3063 121.754 1133.88
Index: -9.84472 49.3055 1149.24
Middle: -3.3836 39.2515 1135.54
Ring: 0.729961 45.6538 1129.16
Little: 24.6628 78.5827 1039.83
Thumb: -18.5636 119.316 1129.92
Index: -12.6617 55.7116 1148.01
Middle: -10.2312 44.0717 1137.03
Ring: -2.42503 49.3684 1133.52
Little: 28.8151 84.8542 1032.91
Thumb: -17.2717 117.959 1130.11
Index: -12.7322 57.1513 1149.25
Middle: -12.4625 47.7436 1141.23
Ring: -3.81263 50.3456 1133.91
Little: 29.51 83.7926 1034.03
Thumb: -16.0899 119.623 1132.07
Index: -11.5221 59.0518 1151.51
Middle: -10.6488 48.808 1144.03
Ring: -3.69801 52.1043 1134.82
Little: 49.3496 88.6026 1037.61
Thumb: -15.9778 116.823 1131.7
Index: -13.4735 60.2135 1149.49
Middle: -13.7102 51.8427 1142.86
Ring: -4.80246 51.5963 1136.23
Little: 44.869 87.2364 1036.67
Thumb: -15.5151 117.141 1133.07
Index: -15.786 64.706 1156.03
Middle: -13.725 52.2375 1140.99
Ring: -4.79779 52.2707 1139.67
Little: 43.4916 85.836 1037.71
Thumb: -13.9278 115.896 1131.61
Index: -16.1895 66.8123 1157.12
Middle: -14.5347 55.7152 1146.23
Ring: -7.10688 53.5759 1141.77
Little: 45.6554 84.6312 1039.25
Thumb: -15.76 115.282 1131.25
Index: -4.39311 57.8882 1140.72
Middle: -22.3046 68.5078 1152.63
Ring: -6.8985 55.1772 1143.31
Little: 49.1467 83.5276 1043.34
Thumb: -17.99 115.53 1132
Index: -3.17998 52.5015 1146.85
Middle: -27.3832 69.5804 1150.49
Ring: -11.5181 56.034 1141.99
Little: 45.4959 83.6766 1043.35
Thumb: -19.8954 114.779 1132.32
Index: -8.4075 53.6462 1144.98
Middle: -26.2568 72.9463 1146.07
Ring: -15.2288 56.2727 1140.39
Little: 43.7732 83.2739 1044.81
Thumb: -20.5282 114.341 1132.15
Index: -11.8516 54.5284 1143.76
Middle: -29.1874 76.356 1139.7
Ring: -18.2084 57.1518 1140.01
Little: 41.2424 84.974 1044.19
Thumb: -21.1333 113.114 1132.04
Index: -11.0268 53.1718 1144.25
Middle: -28.4908 77.3531 1134.92
Ring: -17.9166 55.8417 1140.74
Little: 40.3527 85.0075 1043.93
Thumb: -21.2903 114.351 1134.95
Index: -11.0993 53.0765 1145.57
Middle: -29.4207 77.5421 1135.99
Ring: -18.6969 56.0101 1141.6
Little: 39.1974 85.2563 1044.16
Thumb: -21.0359 114.578 1136.16
Index: -10.7528 53.1844 1146.97
Middle: -29.2012 77.5403 1137.11
Ring: -18.3876 56.098 1142.94
Little: 39.2957 84.5519 1045.13
Thumb: -20.9275 116.461 1139.23
Index: -10.2128 52.0258 1146
Middle: -27.9759 76.9336 1135.51
Ring: -17.8569 54.8212 1142.2
Little: 40.4512 84.2417 1044.74
Thumb: -20.4468 116.33 1138.49
Index: -11.2035 52.0019 1145.53
Middle: -28.2144 76.7677 1136.6
Ring: -18.8675 54.9579 1141.53
Little: 39.1098 84.2281 1044.11
Thumb: -20.4934 115.653 1138.32
Index: -11.127 52.044 1146.16
Middle: -28.9867 76.6198 1136.17
Ring: -18.9796 54.8659 1142
Little: 39.8379 84.1107 1045.07
Thumb: -20.7913 117.355 1138.21
Index: -11.994 53.3315 1146.67
Middle: -31.065 77.5131 1135.84
Ring: -18.7003 56.1325 1142.92
Little: 39.0749 84.4805 1044.65
Thumb: -21.734 118.235 1136.68
Index: -15.08 55.448 1147.2
Middle: -33.7101 79.3635 1138.35
Ring: -22.1957 58.1959 1144.45
Little: 38.1627 84.2908 1046.14
Thumb: -24.1016 123.2 1141.05
Index: -16.7402 55.817 1146.86
Middle: -33.3103 81.6637 1137.31
Ring: -23.5754 58.1878 1145.99
Little: 34.2349 86.3991 1044.89
Thumb: -24.2448 126.568 1145.43
Index: -13.3543 53.832 1145.82
Middle: -30.9813 78.9438 1137.89
Ring: -20.6853 56.3439 1144.6
Little: 35.7533 88.5735 1043.76
Thumb: -23.6259 130.011 1149.58
Index: -8.18229 49.4999 1145.33
Middle: -26.9458 75.502 1138.36
Ring: -17.3327 53.4391 1141.62
Little: 29.6829 89.0656 1040.08
Thumb: -18.8745 134.423 1157.32
Index: -3.92697 46.5522 1148.38
Middle: -21.6649 73.4656 1134.82
Ring: -12.4005 50.4607 1139.8
Little: 28.9241 90.8561 1037.09
Thumb: -16.2973 138.827 1164.17
Index: -4.07072 43.122 1140.46
Middle: -19.5598 72.0214 1127.67
Ring: -12.4002 47.7458 1135.81
Little: 31.1814 93.1495 1036.08
Thumb: -10.3372 140.082 1167.59
Index: -12.7818 49.2198 1160.42
Middle: -25.8411 57.3963 1133.25
Ring: -7.63654 44.5348 1131.27
Little: 28.8762 95.4127 1031.91
Thumb: -4.04878 142.536 1172.07
Index: -9.76512 56.2316 1163.68
Middle: -19.5749 51.8914 1140.62
Ring: -1.26184 43.8769 1134.19
Little: 32.0087 96.2223 1034.84
Thumb: 5.9732 145.131 1173.53
Index: -4.22915 55.3427 1161.55
Middle: -14.8106 50.2556 1136.15
Ring: 4.49241 43.2509 1132.78
Little: 33.5155 96.9566 1030.29
Thumb: 11.4455 144.146 1175.36
Index: -0.630608 51.5623 1157.44
Middle: -10.7225 44.3112 1136.46
Ring: 10.4656 39.1947 1133.9
Little: 36.3326 98.4738 1029.27
Thumb: 20.0115 142.39 1177.68
Index: 2.08138 46.6051 1153.21
Middle: 4.80496 31.0649 1143.5
Ring: 14.4236 35.5755 1130.22
Little: 37.3191 98.438 1027.61
Thumb: 24.6737 138.652 1179.21
Index: 3.99109 43.788 1153.07
Middle: -2.14659 37.1752 1144.93
Ring: 16.842 33.7607 1131.15
Little: 33.8469 99.6883 1026.92
Thumb: 31.0158 138.165 1178.48
Index: 9.68831 42.3924 1149.97
Middle: 4.95098 33.7114 1141.47
Ring: 21.6868 33.581 1128.23
Little: 34.228 102.126 1024.17
Thumb: 36.9539 136.826 1173.72
Index: 17.3231 37.8107 1126.91
Middle: 12.3192 28.734 1130.24
Ring: 24.7438 34.1918 1120.35
Little: 32.6918 104.548 1016.64
Thumb: 32.7166 98.5298 1083.16
Index: 15.8588 37.1319 1120.1
Middle: 19.5249 24.7923 1125.15
Ring: 22.6625 34.0835 1112.47
Little: 48.0055 93.3568 1024.58
Thumb: 43.504 91.5294 1075.62
Index: 12.9585 48.0879 1128.61
Middle: -9.97007 40.295 1103.88
Ring: 8.62429 46.9369 1108.44
Little: 46.1655 85.9082 1020.36
Thumb: 55.3063 94.2198 1074.91
Index: 3.63616 53.8609 1123.35
Middle: -17.983 46.9241 1089.58
Ring: -1.01303 54.4793 1099.15
Little: 43.4362 86.4998 1014.85
Thumb: 61.7684 94.4862 1094.69
Index: 2.87347 51 1118.19
Middle: -18.193 46.3591 1091.77
Ring: -2.82858 53.4529 1096.94
Little: 43.2347 87.3842 1013.5
Thumb: 29.4876 94.1294 1069.97
Index: 9.36879 48.7357 1116.3
Middle: -14.8102 45.3542 1094.09
Ring: 1.18924 52.4289 1100.53
Little: 42.3841 87.776 1013.73
Thumb: 27.6801 92.4576 1070.03
Index: 7.0542 49.8875 1111.77
Middle: -15.6215 44.9844 1090.58
Ring: -1.2839 50.6522 1098.75
Little: 43.8301 86.6611 1015.08
Thumb: 30.5405 92.099 1071.29
Index: 11.4308 49.9796 1115.68
Middle: -10.1887 43.54 1097.53
Ring: 7.52705 50.697 1099.44
Little: 46.6782 86.7969 1016.87
Thumb: 37.3078 91.9182 1075.81
Index: 18.7152 50.8485 1101.02
Middle: -6.33676 40.7989 1101.6
Ring: 13.2833 49.4489 1098.21
Little: 39.3328 98.4894 1002.43
Thumb: 69.6112 71.7536 1134.77
Index: 39.1538 49.4144 1143.11
Middle: 34.153 18.0589 1140.05
Ring: 33.9891 42.8584 1129.72
Little: 8.4471 120.876 1072.66
Thumb: 68.9253 67.4305 1133.8
Index: 33.1047 43.5734 1144.57
Middle: 26.4188 17.9901 1140.99
Ring: 31.1942 37.8249 1125
Little: 9.77928 74.9884 1098.35
Thumb: 64.083 63.825 1126.06
Index: 38.0703 36.5418 1148.61
Middle: 6.60414 28.5519 1131.92
Ring: 19.6799 37.8054 1120.37
Little: -2.28072 86.5478 1103.3
Thumb: 63.6664 64.8346 1123.65
Index: 41.6096 15.1335 1108.48
Middle: 1.76047 24.5333 1122.08
Ring: 10.6207 44.9838 1120.39
Little: -3.18813 83.4197 1102.39
Thumb: 66.9162 68.2886 1121.31
Index: 42.0912 17.5382 1103.78
Middle: -1.1113 31.0185 1128.85
Ring: 4.58898 30.1144 1107.11
Little: -3.87475 81.9567 1103.21
Thumb: 67.0854 68.4025 1120.51
Index: 41.7644 17.2056 1103.32
Middle: -1.40696 30.3083 1127.85
Ring: 4.58634 28.8562 1105.97
Little: -4.77981 81.3038 1102.6
Thumb: 66.0392 67.6072 1118.55
Index: 42.4523 15.9377 1101.71
Middle: -0.171857 28.6449 1124.11
Ring: 5.07549 27.7187 1103.88
Little: -6.3724 77.8259 1104.57
Thumb: 66.5658 67.272 1114.97
Index: 42.6941 15.691 1098.7
Middle: 1.20543 21.4719 1113.92
Ring: 5.40108 27.8685 1102.79
Little: -6.22713 77.069 1104.06
Thumb: 67.895 67.6385 1111.7
Index: 42.3646 16.2428 1096.29
Middle: 2.09189 21.2424 1110.23
Ring: 6.88034 28.9397 1099.73
Little: -6.17234 76.5313 1102.31
Thumb: 70.1698 67.7189 1109.37
Index: 46.5286 14.4568 1097.45
Middle: 5.74839 32.8374 1142.67
Ring: 8.98588 27.2066 1104.55
Little: -8.3463 73.0121 1104.24
Thumb: 67.7588 67.5941 1107.3
Index: 44.4724 14.3052 1093.08
Middle: 6.11778 34.1613 1143.66
Ring: 7.6393 27.604 1100.03
Little: -6.03734 74.8307 1105.36
Thumb: 69.0373 67.7945 1104.26
Index: 43.8134 14.3187 1093.47
Middle: 14.4866 58.2622 1152.57
Ring: 8.51932 26.3484 1097.95
Little: -5.88989 71.2467 1102.69
Thumb: 70.0502 71.1562 1101.58
Index: 44.8781 17.4872 1091.94
Middle: 24.2757 80.0913 1160.51
Ring: 8.83655 29.9679 1098.17
Little: -5.75689 69.8847 1101.03
Thumb: 149.637 132.569 1140.8
Index: 44.0777 17.9632 1091.47
Middle: 27.1437 81.6729 1159.38
Ring: 9.90137 30.2064 1096.01
Little: -4.46485 63.863 1094.31
Thumb: 144.157 103.928 1108.74
Index: 41.6302 15.4658 1084.91
Middle: 25.7962 81.0339 1157.55
Ring: 7.11298 28.6041 1092.65
Little: -8.7101 61.5007 1090.73
Thumb: 131.938 100.474 1108.59
Index: 41.6579 17.5935 1092.52
Middle: 25.4869 80.8141 1154.16
Ring: 5.3032 28.7293 1089.36
Little: -9.71455 62.0164 1088.34
Thumb: 132.302 99.0247 1105
Index: 40.9978 17.4317 1087.42
Middle: 34.5381 104.894 1155.1
Ring: 4.35114 29.4234 1086.56
Little: -10.553 67.1077 1086.25
Thumb: 131.492 100.831 1099.52
Index: 41.8982 19.5766 1087.96
Middle: 34.1918 106.946 1151.8
Ring: 1.94671 23.5008 1072.42
Little: -11.9957 69.8427 1086.97
Thumb: 132.357 100.314 1097.14
Index: 41.8023 18.9401 1085.32
Middle: 34.4707 103.962 1151.06
Ring: 0.302027 23.9256 1070.87
Little: -11.5693 66.0208 1084
Thumb: 129.123 100.286 1098.18
Index: 41.9413 19.2341 1082.25
Middle: 34.4421 109.923 1149.52
Ring: -0.48498 24.5695 1067.37
Little: -13.5471 67.137 1080.91
Thumb: 129.166 100.852 1097.4
Index: 42.2754 19.5606 1081.88
Middle: 33.7311 107.388 1148.46
Ring: -0.382223 24.2099 1066.33
Little: -12.9206 68.0585 1082.9
Thumb: 129.166 100.516 1095.68
Index: 42.659 19.5665 1082.24
Middle: 33.4264 107.811 1147
Ring: 0.160465 23.9016 1064.95
Little: -12.8553 68.2017 1082
Thumb: 130.205 100.926 1094.66
Index: 43.2452 19.4852 1081.48
Middle: 33.4419 106.551 1150.29
Ring: -0.155649 24.9005 1065.28
Little: -12.4349 61.7034 1077.51
Thumb: 131.31 102.368 1095.21
Index: 44.2269 19.9101 1081.76
Middle: 33.4951 109.592 1149.56
Ring: 0.18343 24.9265 1067.11
Little: -12.5106 62.1266 1081.11
Thumb: 131.867 103.019 1098.37
Index: 42.2813 15.7507 1078.26
Middle: 30.7115 111.425 1149.43
Ring: 1.70289 25.4998 1068.17
Little: -14.4328 63.122 1080.54
Thumb: 132.099 102.64 1102
Index: 41.6703 17.8298 1083.53
Middle: 29.6892 111.724 1149.8
Ring: 1.13991 26.0032 1070.53
Little: -14.5637 63.8319 1080.39
Thumb: 129.653 102.509 1102.67
Index: 42.6746 18.858 1086.34
Middle: 29.6425 111.344 1149.52
Ring: 2.25532 25.702 1068.57
Little: -14.1026 63.2255 1078.54
Thumb: 129.102 103.206 1104.57
Index: 43.4128 18.4676 1089.43
Middle: 28.7657 112.834 1150.74
Ring: 1.25731 25.8034 1070.92
Little: -13.4061 62.1404 1080.66
Thumb: 129.372 103 1108.21
Index: 42.9948 16.4507 1090.43
Middle: 27.9797 111.863 1152.22
Ring: 4.17888 23.705 1070.69
Little: -12.4576 60.1493 1079.04
Thumb: 128.459 101.754 1113.2
Index: 42.3579 17.1981 1101.53
Middle: 21.7168 84.7439 1155.4
Ring: 7.25311 23.8001 1081.71
Little: -11.6555 58.5156 1082.25
Thumb: 130.809 101.04 1115.47
Index: 42.0208 18.3982 1105.82
Middle: 23.4779 90.9415 1152.41
Ring: 6.51214 24.9788 1086.87
Little: -11.2362 59.2443 1083.91
Thumb: 132.699 102.23 1116.19
Index: 41.6391 14.1228 1100.83
Middle: 22.3553 87.541 1154.75
Ring: 8.95118 23.8452 1088.66
Little: -12.4445 59.3791 1086.2
Thumb: 135.26 102.403 1116.55
Index: 42.9027 13.1365 1106.23
Middle: 24.59 94.798 1156.03
Ring: 8.42502 23.4847 1093.78
Little: -11.4918 55.7899 1087.91
Thumb: 136.308 103.245 1118.03
Index: 42.9965 13.5823 1112
Middle: 25.0313 88.0111 1154.57
Ring: 9.49131 21.6694 1094.44
Little: -10.4035 52.489 1087.2
Thumb: 135.406 103.173 1123.31
Index: 42.9279 18.2393 1121.29
Middle: 24.6562 92.4832 1160.67
Ring: 7.99172 22.4409 1097.66
Little: -9.41599 52.9807 1090.49
Thumb: 133.322 103.088 1128.35
Index: 41.0233 19.2535 1125.29
Middle: 23.5843 86.5736 1164.28
Ring: 7.3816 20.451 1098.97
Little: -11.389 54.9106 1098.94
Thumb: 130.621 100.424 1137.96
Index: 37.9718 21.7031 1130.3
Middle: 20.5373 81.6179 1174.57
Ring: 9.06573 21.8266 1104.99
Little: -11.4765 57.4471 1102.75
Thumb: 121.058 98.6198 1155.18
Index: 34.5719 25.873 1137.59
Middle: 12.5531 80.8761 1179.94
Ring: 11.89 21.7387 1107.34
Little: -9.59986 57.0903 1098.51
Thumb: 121.843 100.584 1159.59
Index: 34.4353 26.3948 1143.37
Middle: 11.6848 82.213 1183.1
Ring: 12.6177 21.7694 1115.68
Little: -9.79117 57.2871 1102.97
Thumb: 129.804 104.396 1159.47
Index: 35.5554 20.6614 1146.66
Middle: 16.8679 93.1879 1192.35
Ring: 9.74455 21.2308 1117.95
Little: -7.26607 57.3255 1110.51
Thumb: 138.558 114.364 1150.96
Index: 40.1667 20.0167 1145.28
Middle: 29.4631 107.112 1189.34
Ring: 10.5088 27.6605 1130.62
Little: -6.92012 56.4515 1121.3
Thumb: 131.964 110.391 1153.3
Index: 32.9741 26.7919 1151.78
Middle: 29.0665 108.318 1196.03
Ring: 9.22767 27.8069 1129.88
Little: -7.88882 53.3569 1119.47
Thumb: 116.906 105.55 1171.46
Index: 14.6181 29.6683 1153.45
Middle: 8.09645 25.3322 1153.42
Ring: 6.4129 23.3445 1115.52
Little: -9.06657 55.5891 1106.11
Thumb: 65.5177 109.315 1196.68
Index: -5.04424 30.1686 1152.93
Middle: -4.34839 14.8898 1125.8
Ring: 4.79658 22.0712 1110.18
Little: -6.56016 55.782 1097.52
Thumb: 30.0888 115.826 1196.81
Index: 0.865973 27.8791 1127.59
Middle: -1.30974 17.8627 1105.19
Ring: 5.63448 25.0349 1117.1
Little: -3.81467 59.0319 1092.7
Thumb: 17.0036 119.364 1201.38
Index: -5.17575 29.318 1123.94
Middle: -3.4024 16.869 1104.28
Ring: -1.50595 26.9392 1115.43
Little: -2.44226 58.035 1087.75
Thumb: 9.34544 126.491 1203.12
Index: -9.25033 30.6493 1131.05
Middle: -5.53529 18.0927 1105.62
Ring: -4.9917 26.6269 1113.22
Little: -0.791855 55.6073 1091.35
Thumb: 0.062685 128.919 1199.74
Index: -9.9233 28.0078 1131.39
Middle: -8.59752 18.8681 1103.62
Ring: -3.59546 25.0716 1108.63
Little: -0.249859 55.3282 1088.15
Thumb: -13.0697 131.716 1196.67
Index: -8.97738 31.9434 1119.49
Middle: -8.59225 18.9284 1106.03
Ring: -1.52546 26.3021 1109.51
Little: 5.12449 54.79 1085.06
Thumb: -15.5484 139.772 1196.4
Index: -4.97201 31.054 1117.57
Middle: -16.0736 23.7163 1098.22
Ring: -3.88466 27.1609 1104.97
Little: 1.83443 56.1327 1080.68
Thumb: -21.3922 145.193 1191.33
Index: -8.30162 40.0826 1115.14
Middle: -5.91993 28.739 1089.64
Ring: -1.73768 31.4194 1104.74
Little: 10.8216 56.3535 1085.75
Thumb: -31.814 142.161 1186.22
Index: -10.186 40.3935 1105.59
Middle: 2.53647 27.8921 1080.38
Ring: -0.88237 34.8524 1088.22
Little: 16.4002 56.4944 1076.57
Thumb: -41.3741 143.131 1178.85
Index: -3.40997 37.2707 1103.57
Middle: 1.32784 31.3486 1075.56
Ring: 2.82411 34.4641 1079.04
Little: 18.5829 55.8184 1078.66
Thumb: -43.0316 150.359 1155.39
Index: -9.20311 32.9954 1110.63
Middle: -12.8832 17.9489 1096.52
Ring: -3.83447 24.8812 1075.69
Little: 9.54554 43.1783 1074.59
Thumb: -52.8599 153.223 1149.74
Index: -11.1403 33.7135 1102.98
Middle: -13.2592 20.2993 1089.17
Ring: -0.304293 24.6343 1072.66
Little: 12.1393 77.818 1035.2
Thumb: -62.8088 153.679 1139.89
Index: -8.19459 29.9837 1103.94
Middle: -9.98023 19.0544 1091.52
Ring: 3.93622 25.0678 1072.64
Little: 19.0463 73.6173 1036.03
Thumb: -70.5608 153.171 1126.94
Index: -11.4633 28.9405 1101.5
Middle: -11.0561 16.2922 1091.97
Ring: 4.24123 28.9313 1069.49
Little: 35.1255 83.9754 1039.34
Thumb: -74.7598 152.28 1118.24
Index: -12.0161 29.9232 1100.06
Middle: -12.7684 16.0444 1093.4
Ring: 4.93117 34.536 1068.91
Little: 38.2826 85.8042 1036.6
Thumb: -78.1646 156.838 1112.02
Index: -11.5523 27.2819 1107.98
Middle: -14.1066 12.0083 1099.77
Ring: 3.83757 33.8171 1071.41
Little: 41.417 86.9018 1039.76
Thumb: -77.1909 157.382 1105.92
Index: -42.2522 69.5933 1040.67
Middle: -16.9884 12.3052 1104.71
Ring: 2.12568 32.9814 1072.68
Little: 42.6804 86.1167 1041.19
Thumb: -76.5787 151.508 1103.85
Index: -45.5638 70.4749 1041.32
Middle: -17.8759 13.7178 1107.12
Ring: 1.99291 34.6353 1078.67
Little: 34.9834 79.0241 1046.52
Thumb: -79.1391 151.309 1100.54
Index: -44.7151 69.9431 1038.56
Middle: -19.1942 13.168 1104.98
Ring: 1.44447 34.5674 1077.18
Little: 37.3899 82.2827 1047.17
Thumb: -78.455 148.672 1100.06
Index: -47.1956 70.4554 1037.97
Middle: -21.7454 12.6858 1098.25
Ring: 1.00227 37.7265 1077.01
Little: 36.8989 84.4987 1044.85
Thumb: -79.7188 151.083 1100.36
Index: -48.1375 67.6049 1039.64
Middle: -23.213 13.9795 1095.89
Ring: -0.817729 39.8444 1073.54
Little: 37.0297 87.8879 1043.38
Thumb: -81.3234 151.3 1097.27
Index: -47.1915 72.2138 1034
Middle: -23.5398 12.4748 1093.33
Ring: 0.526948 37.3827 1075.44
Little: 39.2841 85.5109 1046.53
Thumb: -81.4099 149.709 1091.3
Index: -48.7595 73.7544 1031.34
Middle: -23.9341 12.1517 1092.89
Ring: 1.15204 36.5823 1076.9
Little: 40.5836 85.3853 1048.28
Thumb: -81.3484 145.117 1085.78
Index: -43.1224 81.3408 1023.4
Middle: -17.1155 59.0462 1017.73
Ring: 8.07195 37.2968 1075.04
Little: 37.5072 45.1784 1052.27
Thumb: -86.2643 150.585 1088.63
Index: -44.5189 84.2019 1024.48
Middle: -16.9927 54.5708 1018.55
Ring: 9.06515 15.9701 1083.34
Little: 36.6325 49.2101 1048.92
Thumb: -78.7541 146.235 1084.68
Index: -45.3948 86.9189 1022.25
Middle: -16.9441 57.6826 1016.67
Ring: 10.3283 19.5744 1078.66
Little: 37.2331 56.3679 1042.06
Thumb: -78.9926 145.245 1081.25
Index: -43.0352 94.0908 1018.54
Middle: -13.6947 76.6824 1008.21
Ring: 11.6628 21.9727 1076.4
Little: 40.1548 57.3961 1042.01
Thumb: -79.0587 145.625 1083.04
Index: -44.0365 89.621 1020.14
Middle: -15.4915 74.755 1009.49
Ring: 10.9299 22.3843 1075.66
Little: 39.2632 54.6328 1043.41
Thumb: -75.2797 145.452 1080.58
Index: -42.3461 89.3011 1020.18
Middle: -13.9684 92.8802 1010.11
Ring: 11.0646 23.8596 1081.49
Little: 41.6285 53.2288 1051.5
Thumb: -78.0843 146.199 1084.38
Index: -45.0286 88.0906 1022.71
Middle: -17.2309 90.403 1011.12
Ring: 11.6237 20.966 1082.55
Little: 40.7317 55.1579 1051.95
Thumb: -78.2318 146.808 1084.84
Index: -44.3635 84.9586 1023.55
Middle: -17.7517 90.6124 1010.67
Ring: 11.9259 19.1886 1084.57
Little: 40.3944 61.5211 1047.03
Thumb: -78.5424 146.251 1083.84
Index: -42.4504 80.8002 1023.61
Middle: -16.9228 90.2759 1008.87
Ring: 11.8651 18.7788 1084.66
Little: 41.4824 54.806 1051.25
Thumb: -78.7435 148.142 1085.18
Index: -43.4748 82.739 1024.42
Middle: -17.5495 91.9298 1009.78
Ring: 11.2802 18.7623 1085.16
Little: 40.9999 54.4088 1051.66
Thumb: -78.0058 146.799 1085.65
Index: -41.4741 79.4354 1024.95
Middle: -15.8057 87.7004 1009.75
Ring: 13.3591 18.7532 1085.43
Little: 43.6404 80.3393 1057.15
Thumb: -79.348 144.712 1085.91
Index: -39.253 80.1795 1022.55
Middle: -11.894 75.5763 1010.32
Ring: 14.1926 18.7876 1083.04
Little: 45.7014 73.2793 1069.98
Thumb: -79.7893 145.114 1086.61
Index: -39.1073 80.1617 1022.82
Middle: -12.6296 83.5426 1008.97
Ring: 14.1156 19.2824 1082.64
Little: 45.6647 73.6479 1069.92
Thumb: -80.4194 147.758 1087.12
Index: -38.3782 79.9949 1023.78
Middle: -12.1999 84.5986 1009.49
Ring: 13.4401 19.2424 1085.92
Little: 46.2831 74.0739 1070.13
Thumb: -85.6044 151.157 1087.43
Index: -36.3053 81.1207 1024.07
Middle: -10.0166 90.6417 1009.61
Ring: 14.1314 22.3626 1087.47
Little: 47.9678 75.972 1072.11
Thumb: -80.4979 151.291 1085.93
Index: -37.7383 82.1518 1024.39
Middle: -9.68539 91.8204 1009.99
Ring: 14.182 22.089 1084.9
Little: 48.5204 74.9866 1072.55
Thumb: -78.6537 151.949 1086.16
Index: -37.4718 86.9789 1023.72
Middle: -8.75699 89.7872 1010.38
Ring: 15.2655 23.9375 1083.2
Little: 49.371 76.1665 1074.19
Thumb: -79.7161 151.719 1085.72
Index: -36.9679 87.4978 1023.75
Middle: -9.29747 90.6856 1010.18
Ring: 15.7852 23.7858 1082.66
Little: 49.7271 76.3811 1073.3
Thumb: -68.6281 152.119 1084.15
Index: -33.7036 91.6477 1021.3
Middle: -5.38713 87.8149 1009.26
Ring: 17.1073 23.7039 1085.59
Little: 51.8888 76.3233 1072.53
Thumb: -65.4386 152.451 1084.13
Index: -31.6413 93.7755 1020.96
Middle: -3.26626 91.9678 1008.52
Ring: 20.397 22.9835 1084.46
Little: 55.2335 90.9048 1066.57
Thumb: -59.4127 149.284 1083.42
Index: -28.0172 94.1896 1021.53
Middle: 0.351372 90.6302 1008.91
Ring: 24.1064 25.0977 1082.4
Little: 58.3204 89.804 1056.16
Thumb: -53.8326 151.142 1080.76
Index: -20.379 94.9671 1019.99
Middle: 7.90484 93.0255 1007.8
Ring: 28.9333 26.4993 1078.53
Little: 64.0772 89.3979 1053.55
Thumb: -42.2194 153.168 1083.08
Index: -17.8708 97.7913 1023.59
Middle: 10.0415 93.8999 1010.07
Ring: 33.2597 34.091 1070.07
Little: 68.1931 91.7505 1051.59
