Thumb: 32.9554 91.7207 1121.92
Index: -64.5745 28.1944 1098.23
Middle: -101.42 40.8207 1097.63
Ring: -124.543 62.0639 1082.41
Little: -141.773 103.039 1080.87
Thumb: 37.2366 92.9098 1100.37
Index: -66.8289 40.7107 1094.77
Middle: -104.928 39.1249 1095.44
Ring: -122.908 55.5004 1082.69
Little: -117.843 115.043 1104.64
Thumb: 29.9671 88.3215 1105.58
Index: -69.6858 48.8633 1106.98
Middle: -111.976 42.7613 1091.66
Ring: -126.525 59.0372 1081.29
Little: -121.375 116.572 1102.61
Thumb: 26.0411 86.8577 1103.94
Index: -71.142 48.1329 1110.36
Middle: -112.207 44.788 1104.27
Ring: -129.606 58.3422 1083.36
Little: -122.557 115.815 1105.81
Thumb: 25.3139 85.7846 1101.06
Index: -80.4399 39.8494 1106.15
Middle: -112.858 41.36 1099.38
Ring: -128.386 56.9436 1087.24
Little: -123.171 112.916 1106.91
Thumb: 8.50685 84.4443 1107.54
Index: -82.7602 36.7425 1105.57
Middle: -115.094 41.1642 1103.52
Ring: -131.274 56.2445 1093.1
Little: -128.795 110.945 1106.44
Thumb: 6.11206 85.7676 1105.38
Index: -84.2536 33.7084 1095.38
Middle: -114.869 42.8563 1106.92
Ring: -131.69 57.7729 1095.15
Little: -133.895 105.583 1105.8
Thumb: 1.20592 85.546 1102.05
Index: -86.5347 32.7015 1092.14
Middle: -112.079 46.9284 1108.33
Ring: -129.796 60.3035 1102.35
Little: -144.105 93.8214 1098.6
Thumb: -0.951999 83.6159 1100.34
Index: -94.0595 37.3838 1090.53
Middle: -115.064 44.8984 1097.08
Ring: -128.242 61.753 1108.23
Little: -143.786 93.5766 1100.73
Thumb: -2.66775 86.0126 1103.5
Index: -96.6694 39.1165 1089.1
Middle: -119.931 44.5571 1095.84
Ring: -130.868 60.4354 1105.35
Little: -143.229 94.1354 1102.89
Thumb: -8.02059 85.0423 1102.19
Index: -98.6704 40.0873 1089.24
Middle: -120.723 44.552 1097.97
Ring: -130.795 61.2857 1108.13
Little: -143.845 95.0121 1103.72
Thumb: -9.13746 81.9983 1099.99
Index: -96.7867 41.4741 1091.17
Middle: -118.363 48.3027 1099.35
Ring: -128.79 65.1351 1111.31
Little: -142.484 93.3344 1099.79
Thumb: -9.61582 82.4554 1103
Index: -95.6517 41.2076 1093.11
Middle: -116.117 47.5496 1101.19
Ring: -125.595 60.9918 1109.26
Little: -142.285 92.5362 1100.13
Thumb: -8.13614 84.8454 1104.7
Index: -91.1897 40.8828 1093.75
Middle: -111.832 46.9956 1100.82
Ring: -122.622 60.1121 1107.42
Little: -137.187 91.227 1102.76
Thumb: -4.96241 86.1155 1098.86
Index: -85.1089 39.8805 1094.29
Middle: -106.617 45.6652 1099.72
Ring: -114.363 59.3562 1113.06
Little: -131.383 88.8121 1104.03
Thumb: -4.92885 86.6741 1097.33
Index: -79.5953 38.2748 1093.37
Middle: -98.9474 42.932 1099.21
Ring: -109.615 58.827 1112.71
Little: -118.738 91.0939 1107.94
Thumb: 1.9279 86.8347 1096.7
Index: -68.9176 38.2368 1097.01
Middle: -91.9178 40.5998 1097.65
Ring: -100.454 54.5428 1112.42
Little: -112.798 88.5769 1109.02
Thumb: 7.29835 87.2962 1099.65
Index: -61.4516 33.942 1097.59
Middle: -83.9307 36.6885 1103.56
Ring: -94.4889 51.5163 1109.09
Little: -106.063 82.4515 1108.15
Thumb: 15.464 91.671 1103.34
Index: -50.9758 32.7255 1096.91
Middle: -74.7697 37.0587 1103.22
Ring: -87.6247 50.8767 1110.86
Little: -101.324 76.3143 1102.51
Thumb: 26.8804 95.9143 1109.71
Index: -43.6551 29.7181 1093.46
Middle: -63.5313 31.6993 1103.6
Ring: -78.5042 47.138 1108.07
Little: -91.1075 73.1558 1108.71
Thumb: 32.1784 93.6684 1105.76
Index: -31.9503 34.4202 1099.05
Middle: -54.2821 31.0233 1101.01
Ring: -68.4454 47.0888 1104.31
Little: -83.6286 73.0928 1103.64
Thumb: 43.1391 92.7586 1107.77
Index: -25.7032 32.6734 1098.21
Middle: -49.5808 28.9936 1101.29
Ring: -60.6292 44.1004 1107.54
Little: -79.0093 67.8832 1104.45
Thumb: 50.0015 92.998 1110.69
Index: -18.9996 33.8717 1102.2
Middle: -43.6549 27.7207 1102.22
Ring: -55.5856 41.378 1108.57
Little: -74.2739 65.7678 1105.14
Thumb: 55.3393 90.1465 1111.39
Index: -12.9937 31.7151 1101.2
Middle: -36.2539 28.0403 1103.49
Ring: -51.2849 39.5277 1106.77
Little: -65.1175 63.3835 1100.03
Thumb: 61.5767 89.7354 1110.31
Index: -8.91983 31.5655 1105.41
Middle: -29.709 23.9499 1103.66
Ring: -47.0255 34.6552 1106.6
Little: -58.228 59.7606 1102.26
Thumb: 70.7381 89.3717 1114.24
Index: -0.962854 23.8603 1096.21
Middle: -22.3986 23.4456 1099.81
Ring: -38.5068 32.6442 1105.67
Little: -53.5319 58.9175 1101.83
Thumb: 80.6228 88.408 1110.11
Index: 9.3924 22.7427 1097.58
Middle: -13.1548 21.7108 1099.82
Ring: -31.311 30.2951 1102.09
Little: -48.8311 53.3831 1096.32
Thumb: 86.9003 86.701 1111.46
Index: 18.643 18.1001 1096.81
Middle: -9.61178 14.2224 1093.35
Ring: -23.6916 29.331 1105.46
Little: -42.0305 50.6852 1096.7
Thumb: 93.8161 90.8083 1113.94
Index: 28.1621 14.4056 1102.9
Middle: -2.05687 11.0739 1095.48
Ring: -19.0209 25.5005 1104.8
Little: -37.2218 50.9922 1102.35
Thumb: 100.335 92.9154 1115.65
Index: 40.5314 17.8054 1106.03
Middle: 4.78457 9.89721 1093.6
Ring: -11.6905 24.5997 1106.05
Little: -30.2989 50.4608 1103.24
Thumb: 112.212 90.5532 1116.85
Index: 45.7755 10.673 1104.77
Middle: 12.8501 6.61641 1099.7
Ring: 0.649476 30.8427 1106.86
Little: -25.0533 47.961 1108.14
Thumb: 119.803 85.2348 1108.52
Index: 53.2825 8.78334 1104.59
Middle: 18.3023 2.6495 1096.51
Ring: 5.83339 28.7753 1103.81
Little: -20.891 45.0168 1105.67
Thumb: 131.039 89.069 1108.19
Index: 59.7907 8.05298 1104.35
Middle: 23.5789 -0.764385 1089.41
Ring: 12.9831 26.7978 1102.77
Little: -14.2218 44.8489 1106.53
Thumb: 142.387 87.1815 1105.49
Index: 63.2015 6.03618 1100.16
Middle: 29.9928 1.16257 1091.99
Ring: 16.035 27.9504 1099.22
Little: -10.9961 44.3116 1102.92
Thumb: 148.663 89.6647 1114.11
Index: 70.0415 11.4663 1105.93
Middle: 33.1731 0.708035 1087.84
Ring: 20.5251 29.3766 1098.06
Little: -4.62954 47.7544 1102.73
Thumb: 153.071 91.947 1111.72
Index: 76.367 10.5584 1105.75
Middle: 39.912 -1.4895 1088.45
Ring: 25.882 26.6052 1097.98
Little: -1.10466 44.2593 1102.9
Thumb: 151.168 94.1823 1111.07
Index: 81.9907 10.5222 1104.72
Middle: 46.5635 -1.01431 1089.31
Ring: 34.7529 38.2108 1105.76
Little: 4.10191 46.0886 1103.66
Thumb: 153.005 97.5159 1113.41
Index: 85.9601 15.9818 1107.94
Middle: 49.5439 -2.19647 1083.11
Ring: 37.2629 37.7922 1105.71
Little: 8.16799 52.4611 1104.42
Thumb: 159.972 100.451 1110.9
Index: 87.2803 8.9649 1104.42
Middle: 52.9098 -2.63847 1082.3
Ring: 38.099 29.542 1104.1
Little: 12.5206 56.1322 1111.64
Thumb: 161.138 99.2576 1105.32
Index: 88.2061 2.38313 1103.72
Middle: 55.2315 -4.80536 1088.22
Ring: 47.8283 61.0819 1106.62
Little: 14.7667 56.0035 1110.39
Thumb: 164.355 100.109 1107.64
Index: 88.5077 5.67063 1105.19
Middle: 55.7262 -1.77104 1084.58
Ring: 49.5409 64.921 1105.4
Little: 20.5777 79.5485 1099.72
Thumb: 163.239 98.1654 1110.46
Index: 88.125 5.25937 1105.46
Middle: 55.3041 -1.66385 1085
Ring: 57.8427 96.6191 1113.29
Little: 20.9025 79.7594 1099.59
Thumb: 163.509 100.188 1110.11
Index: 91.9704 24.8659 1110.78
Middle: 54.3788 -0.202122 1082.6
Ring: 56.6966 95.5413 1114.81
Little: 23.6227 94.1986 1103.6
Thumb: 163.055 100.071 1110.11
Index: 88.3716 24.4996 1108.48
Middle: 50.5451 2.44876 1082.44
Ring: 55.8921 97.5018 1112.37
Little: 23.1088 98.4919 1104.04
Thumb: 162.343 98.6786 1113.11
Index: 81.4874 15.8249 1100.7
Middle: 46.7551 3.84022 1080.62
Ring: 54.1631 99.7226 1112.42
Little: 21.4432 100.89 1103.29
Thumb: 159.537 95.0132 1113.91
Index: 78.871 22.9651 1102.73
Middle: 40.7934 5.63523 1080.59
Ring: 52.5177 100.663 1112.25
Little: 20.0012 103.619 1103.42
Thumb: 156.058 93.6445 1113.42
Index: 74.8987 24.5555 1101.76
Middle: 36.2324 8.33692 1082.48
Ring: 52.7139 107.879 1111.68
Little: 18.3575 106.842 1103.49
Thumb: 152.128 92.1815 1112.84
Index: 69.8604 24.5853 1099.27
Middle: 30.8622 9.76475 1080.08
Ring: 47.8637 105.238 1111.91
Little: 15.3496 109.305 1102.85
Thumb: 146.049 92.6529 1115.69
Index: 62.9686 25.3198 1100.3
Middle: 24.4092 10.8888 1081.4
Ring: 43.2449 108.618 1110.71
Little: 9.8612 110.046 1099.93
Thumb: 141.371 93.0797 1115.86
Index: 58.8084 30.7944 1105.28
Middle: 18.9689 13.516 1080.52
Ring: 39.2847 109.045 1111.17
Little: 7.40149 115.015 1102.9
Thumb: 135.126 91.7809 1118.11
Index: 51.2096 32.2471 1108.1
Middle: 11.2978 14.6755 1080.85
Ring: 33.5127 110.468 1111.07
Little: 1.52886 117.354 1104.99
Thumb: 126.992 95.2231 1119.53
Index: 43.9323 31.0814 1112.62
Middle: 6.33019 15.0296 1084.12
Ring: 26.6409 111.667 1110.45
Little: -5.95527 117.762 1104.02
Thumb: 116.05 93.6593 1119.95
Index: 37.121 31.4858 1114.26
Middle: -0.303497 14.9253 1083.15
Ring: 19.2283 113.046 1110.49
Little: -13.4622 117.161 1103.95
Thumb: 108.091 94.0263 1123.36
Index: 32.3593 35.9085 1112.84
Middle: -7.06441 16.2689 1085.35
Ring: 13.8778 115.028 1113.11
Little: -16.4336 123.487 1102.98
Thumb: 100.181 93.9775 1128.43
Index: 27.3725 38.4893 1114.8
Middle: -13.3618 18.5011 1088.91
Ring: 5.17055 108.227 1116.41
Little: -23.3871 122.027 1111.27
Thumb: 94.4102 93.3478 1130.94
Index: 19.2198 38.3266 1117.5
Middle: -21.0534 22.7201 1090.83
Ring: 4.16015 115.055 1118.52
Little: -32.4224 119.728 1124.7
Thumb: 91.3526 94.8642 1127.57
Index: 14.3418 36.8675 1128.22
Middle: -25.8304 19.3521 1097.81
Ring: -2.8275 113.239 1121.71
Little: -35.8796 121.636 1126.86
Thumb: 85.4568 94.4929 1133.23
Index: 11.0358 41.3472 1133.38
Middle: -30.0973 23.8721 1093.36
Ring: -9.9874 104.727 1122.74
Little: -41.5079 115.535 1134.78
Thumb: 80.4947 96.5753 1137.72
Index: -1.88373 29.0483 1136.2
Middle: -35.0183 20.1259 1095.38
Ring: -15.0387 112.169 1125.73
Little: -47.7515 122.791 1140.3
Thumb: 68.5422 99.9885 1158.9
Index: -18.1733 30.681 1140.14
Middle: -36.0207 19.6091 1095.68
Ring: -21.7487 119.885 1122.55
Little: -59.8778 127.531 1127.39
Thumb: 26.6549 111.962 1191.87
Index: -43.4524 36.8912 1130.67
Middle: -39.4403 18.9481 1096.23
Ring: -29.8108 120.951 1108.97
Little: -72.7596 98.9041 1090.62
Thumb: 56.1645 151.219 1224.4
Index: -50.6167 41.1714 1124.18
Middle: -43.4488 22.8791 1100.3
Ring: -63.4993 113.713 1109.57
Little: -53.1075 69.1712 1065.69
Thumb: 50.7044 177.2 1224.32
Index: -48.6931 34.1366 1121.02
Middle: -52.3525 20.4154 1110.97
Ring: -60.8946 39.0618 1097.04
Little: -46.1689 51.9087 1072.31
Thumb: 41.8473 177.615 1228.8
Index: -57.8639 39.2162 1125.88
Middle: -58.6926 23.7799 1113.37
Ring: -52.7089 28.6293 1103.89
Little: -46.0178 50.463 1074.56
Thumb: 40.4185 184.135 1233.31
Index: -59.5912 41.4372 1133.86
Middle: -61.2905 27.0734 1119.71
Ring: -52.5169 30.1551 1110.42
Little: -48.0565 52.2565 1079.42
Thumb: 42.8793 190.26 1235.49
Index: -67.3742 49.9827 1134.2
Middle: -61.6756 30.4433 1114.88
Ring: -53.414 33.6695 1112.12
Little: -45.9653 54.8743 1080.07
Thumb: 24.8602 196.244 1238.11
Index: -78.7831 57.6118 1141.94
Middle: -63.6119 30.2613 1114.77
Ring: -58.6671 34.4686 1115.49
Little: -45.2971 53.3111 1085.36
Thumb: 21.3465 198.845 1237.66
Index: -85.2778 62.6151 1146.27
Middle: -65.807 30.4349 1116.5
Ring: -60.08 33.7772 1113.36
Little: -49.0442 52.9482 1086.16
Thumb: -75.0232 191.212 1196.61
Index: -90.7923 75.3583 1144.77
Middle: -67.8204 36.8106 1109.87
Ring: -57.567 35.7792 1110.07
Little: -46.7228 55.2459 1090.12
Thumb: 80.4491 138.155 1126.51
Index: 49.2803 103.592 1143.05
Middle: -63.4874 35.438 1144.33
Ring: -61.5862 34.4017 1131.04
Little: -50.0207 116.143 1162.23
Thumb: 64.4707 118.129 1121.06
Index: 42.4005 101.743 1151.82
Middle: -72.8361 33.4432 1130.64
Ring: -52.811 51.2962 1140.49
Little: -57.3371 115.871 1160.99
Thumb: 63.2418 118.009 1114.53
Index: 39.2288 107.407 1154.86
Middle: -74.6663 31.887 1125.3
Ring: -60.1332 48.4752 1141.25
Little: -62.8545 113.443 1158.49
Thumb: 55.3271 117.203 1124.76
Index: 34.5907 110.828 1160.35
Middle: -76.8614 34.2112 1123.39
Ring: -73.3419 37.349 1130.26
Little: -68.33 120.631 1157.04
Thumb: 82.793 156.089 1103.91
Index: 28.9523 110.674 1165.92
Middle: -40.2029 69.1497 1156.02
Ring: -74.4284 37.3099 1128.77
Little: -64.3799 111.489 1172.49
Thumb: 81.9691 153.409 1103.93
Index: -51.025 35.5098 1112.48
Middle: -47.3739 69.5949 1157.68
Ring: -77.1093 35.9096 1127.54
Little: -73.9677 122.277 1163.57
Thumb: 46.7675 127.782 1124.78
Index: -52.3729 36.3903 1114.04
Middle: -18.2128 112.167 1169.03
Ring: -79.9137 35.2342 1121
Little: -78.1295 122.44 1161.45
Thumb: 46.0094 127.034 1128.14
Index: -53.7178 36.3052 1113.38
Middle: -30.8594 93.7062 1190.71
Ring: -81.2326 35.4421 1119.13
Little: -78.1431 124.557 1169.19
Thumb: 46.6485 122.189 1125.68
Index: -50.6797 39.9904 1125.66
Middle: -27.0444 99.2969 1191.78
Ring: -84.5835 35.6196 1119.33
Little: -78.812 124.556 1168.73
Thumb: 40.5208 127.738 1137.07
Index: -52.3746 44.2585 1125.98
Middle: -41.5437 99.0879 1194.75
Ring: -84.5039 38.8947 1115.2
Little: -86.9376 128.415 1162.74
Thumb: 40.7709 124.286 1136.91
Index: -56.7172 42.3502 1122.7
Middle: -36.8535 112.106 1193.94
Ring: -84.7657 38.1349 1112.74
Little: -88.993 128.732 1159.2
Thumb: 73.4116 130.862 1126.98
Index: -58.3427 41.975 1119.13
Middle: -38.7271 113.483 1190.74
Ring: -86.5939 37.7115 1109.04
Little: -91.8416 128.176 1155.32
Thumb: 81.0791 131.699 1108.42
Index: -60.1699 43.276 1118.23
Middle: -40.5433 114.986 1188.4
Ring: -87.7165 38.8647 1107.19
Little: -92.3635 129.22 1152.51
Thumb: 73.6642 131.626 1116.86
Index: -56.2978 43.4586 1115.05
Middle: -35.1602 116.013 1184.82
Ring: -86.4475 38.4101 1104.66
Little: -90.5635 127.9 1151.83
Thumb: 79.425 141.695 1120.18
Index: -56.5139 45.0214 1114.75
Middle: -43.6505 117.034 1183.46
Ring: -86.7048 39.3976 1100.33
Little: -93.5923 127.481 1145.47
Thumb: 82.4861 137.595 1114.93
Index: -57.711 42.5633 1108.53
Middle: -42.7481 115.408 1181.85
Ring: -86.2699 39.715 1097.24
Little: -92.5437 128.157 1143.14
Thumb: 83.0055 142.004 1114.86
Index: -58.6669 40.7134 1095.71
Middle: -41.7757 115.416 1179.81
Ring: -84.9286 40.4494 1094.7
Little: -91.9556 129.106 1142.07
Thumb: 85.7181 159.39 1091.18
Index: -57.8067 40.4672 1095.05
Middle: -40.7161 115.645 1178.46
Ring: -85.4693 40.3714 1094.02
Little: -91.1582 124.831 1142.9
Thumb: 84.1428 144.227 1092.49
Index: -55.2255 43.4344 1102.43
Middle: -41.5067 110.255 1176.36
Ring: -85.2266 40.9734 1092.27
Little: -88.7971 125.993 1141.47
Thumb: 77.8596 127.854 1105.08
Index: -52.1987 46.6268 1106.24
Middle: -35.854 117.295 1175.68
Ring: -82.5777 40.7761 1093.18
Little: -88.0614 130.934 1135.13
Thumb: 70.506 122.913 1111.74
Index: -50.609 46.4541 1106.81
Middle: -34.0574 117.764 1175.9
Ring: -81.1648 40.9276 1094.19
Little: -86.4683 130.031 1136.86
Thumb: 65.7986 122.312 1113.87
Index: -46.5621 47.5842 1108.58
Middle: -32.1575 118.346 1176.31
Ring: -79.8775 41.2535 1095.18
Little: -84.3669 126.657 1141.44
Thumb: 42.7945 112.217 1108.5
Index: -44.4168 47.1118 1108.95
Middle: -28.6753 119.51 1177.52
Ring: -74.3404 40.5934 1097.59
Little: -81.8628 126.776 1144.28
Thumb: 45.561 116.555 1112.97
Index: -41.0948 49.8196 1113.27
Middle: -27.879 124.984 1179.37
Ring: -70.9548 42.158 1101.6
Little: -80.9287 129.609 1145.27
Thumb: 45.5805 117.801 1109
Index: -36.7897 48.0928 1113.5
Middle: -23.8641 122.026 1180.38
Ring: -68.6278 40.2527 1103.27
Little: -78.5809 125.022 1146.16
Thumb: 49.0136 123.264 1115.42
Index: -31.5518 46.9498 1115.52
Middle: -20.0763 123.237 1181.88
Ring: -63.6861 38.1449 1105.99
Little: -75.8916 123.433 1146.76
Thumb: 52.9619 123.32 1114.61
Index: -26.1658 44.3023 1116.76
Middle: -16.4896 120.331 1182.8
Ring: -59.8045 34.3484 1107.69
Little: -73.273 114.74 1153.02
Thumb: 68.2577 131.498 1115.6
Index: -20.6882 46.2323 1118.76
Middle: -13.896 121.329 1184.25
Ring: -53.7687 34.524 1109.31
Little: -79.2568 71.0308 1128.45
Thumb: 60.1205 123.684 1113.76
Index: -16.4989 46.3872 1120.14
Middle: -8.46203 123.3 1185.19
Ring: -47.5885 34.4637 1110.59
Little: -70.9335 89.9987 1133.18
Thumb: 101.903 142.898 1094.83
Index: -13.9777 42.028 1122.93
Middle: -4.05764 116.308 1189.72
Ring: -43.2091 31.3847 1112.58
Little: -68.1489 71.7223 1132.08
Thumb: 99.7718 130.217 1116.9
Index: -6.8047 39.1705 1124.02
Middle: 2.00269 110.427 1191.45
Ring: -38.0177 27.8297 1113.53
Little: -59.572 74.4069 1137.63
Thumb: 95.4837 130.642 1121.49
Index: 2.49378 39.0126 1126.15
Middle: 10.217 112.047 1192.5
Ring: -29.8737 26.1838 1115.84
Little: -53.1588 74.5881 1140.26
Thumb: 97.0605 129.85 1125.06
Index: 10.5554 38.2788 1125.6
Middle: 16.9619 112.299 1192.88
Ring: -22.3543 25.5237 1116.22
Little: -46.6353 72.9947 1140.67
Thumb: 92.1438 119.341 1122.73
Index: 18.4575 38.0333 1124.93
Middle: 19.6278 109.404 1193.19
Ring: -13.8613 24.2314 1114.35
Little: -40.1571 73.1876 1138.95
Thumb: 55.8624 86.5589 1099.49
Index: 24.7855 37.2523 1124.79
Middle: 27.1241 109.182 1193.05
Ring: -7.33701 23.9231 1116.87
Little: -33.2562 73.2288 1143.23
Thumb: 35.0012 88.8312 1114.98
Index: 30.9192 36.1512 1125.94
Middle: 29.469 108.465 1193.43
Ring: -0.381803 21.7341 1113.72
Little: -28.5261 62.5479 1137.01
Thumb: 47.1534 85.3542 1112.65
Index: 38.0883 33.0613 1123.79
Middle: 35.0379 110.211 1192.8
Ring: 6.71836 21.1134 1113.6
Little: -22.6677 58.9442 1133.76
Thumb: 80.3957 81.1152 1100.58
Index: 44.9302 33.4733 1120.21
Middle: 41.2138 109.179 1191.6
Ring: 16.2493 21.568 1112.25
Little: -14.6845 57.4954 1131.97
Thumb: 83.8755 84.1671 1101.54
Index: 51.056 37.5846 1124.05
Middle: 47.642 112.028 1191.55
Ring: 22.4762 23.0086 1112.73
Little: -8.78907 47.7588 1123.13
Thumb: 59.0709 89.4586 1117.33
Index: 58.6556 36.1261 1122.86
Middle: 52.5229 113.47 1191.66
Ring: 30.824 21.2692 1111.9
Little: -1.3087 45.1462 1121.58
Thumb: 67.4458 87.3479 1115.34
Index: 64.2766 38.0756 1125.8
Middle: 58.6775 113.485 1192.98
Ring: 35.4167 21.6862 1116.43
Little: 3.99497 42.9286 1118.84
Thumb: 80.1644 86.4829 1111.53
Index: 69.1921 40.9304 1128.59
Middle: 64.3464 115.168 1193.17
Ring: 38.0156 22.3152 1119.37
Little: 6.60163 43.3242 1118.55
Thumb: 88.0652 87.8587 1111.53
Index: 76.2972 42.1595 1128.99
Middle: 68.6057 72.1776 1187.43
Ring: 46.0787 23.5668 1117.03
Little: 14.4516 43.9297 1116.55
Thumb: 93.9468 81.2798 1112.33
Index: 77.3173 38.1202 1130.24
Middle: 62.1683 74.362 1189.79
Ring: 47.6322 20.6367 1118.42
Little: 16.2707 42.2774 1116.42
Thumb: 85.1068 83.1546 1116.63
Index: 80.2498 36.4959 1128.64
Middle: 81.4651 105.085 1193.62
Ring: 47.8408 19.2769 1117.71
Little: 20.1783 50.8507 1136.65
Thumb: 88.1718 81.4721 1121.68
Index: 77.9648 33.4607 1126.99
Middle: 97.7805 106.66 1191.93
Ring: 48.2818 19.4196 1119.81
Little: 27.167 64.0306 1150.88
Thumb: 120.164 78.8464 1118.28
Index: 126.322 94.493 1168.99
Middle: 85.0792 71.2885 1192.15
Ring: 45.6507 22.6657 1125.85
Little: 31.8385 71.0782 1156.86
Thumb: 162.244 102.983 1109.95
Index: 119.953 84.3625 1169.94
Middle: 77.3973 62.731 1189.72
Ring: 42.1258 26.6468 1130.52
Little: 29.3764 95.3512 1147.9
Thumb: 167.196 108.564 1081.99
Index: 97.2443 53.2678 1153.56
Middle: 52.9018 25.9163 1136.28
Ring: 41.0129 34.6623 1138.63
Little: 36.8133 103.972 1152.58
Thumb: 163.395 107.745 1080.97
Index: 152.284 112.905 1144.59
Middle: 41.2191 35.2877 1145.3
Ring: 41.975 36.7146 1142.71
Little: 47.55 108.927 1159.37
Thumb: 168.264 117.102 1063.75
Index: 155.277 113.472 1135.19
Middle: 39.4481 39.0917 1149.07
Ring: 40.9632 40.5335 1147.54
Little: 52.3554 112.135 1162.92
Thumb: 160.551 110.073 1065.59
Index: 154.744 115.646 1131.62
Middle: 39.4966 41.1133 1149.21
Ring: 42.3899 41.7844 1146.13
Little: 53.4517 115.373 1163.57
Thumb: 161.677 115.966 1064.87
Index: 152.179 125.349 1124.39
Middle: 39.5529 41.3956 1146.34
Ring: 42.9178 42.0087 1143.02
Little: 52.0643 117.056 1163
Thumb: 146.032 112.069 1061.3
Index: 152.012 125.88 1124.85
Middle: 40.7925 42.1723 1149.2
Ring: 45.7343 42.1202 1143.46
Little: 55.8552 127.161 1167.84
Thumb: 147.406 112.39 1068.34
Index: 152.737 126.281 1121.4
Middle: 42.6801 42.5419 1150.64
Ring: 49.425 41.7918 1141.79
Little: 58.8158 132.442 1169.76
Thumb: 143.384 110.983 1061.83
Index: 154.428 118.318 1120.81
Middle: 41.9772 44.2524 1150.67
Ring: 49.5719 42.9131 1139.06
Little: 61.3275 133.103 1170.63
Thumb: 141.507 112.236 1058.69
Index: 153.904 119.487 1115.41
Middle: 44.1753 45.2295 1152.98
Ring: 51.1354 43.795 1139.74
Little: 65.422 133.674 1172.36
Thumb: 180.669 169.204 1051.47
Index: 154.572 121.623 1109.45
Middle: 44.2615 46.4791 1144.3
Ring: 48.659 46.5848 1136.25
Little: 67.0588 136.995 1170.1
Thumb: 153.557 128.273 1092.03
Index: 151.795 125.229 1104.68
Middle: 45.4022 44.706 1145.76
Ring: 48.2438 45.2081 1136.56
Little: 68.6415 133.568 1172.34
Thumb: 151.921 131.594 1103.01
Index: 137.388 143.894 1088.2
Middle: 48.2031 47.2172 1143.89
Ring: 51.692 48.1256 1136.5
Little: 73.8603 135.578 1173.08
Thumb: 151.886 130.181 1104.82
Index: 139.286 142.639 1089.73
Middle: 47.6693 46.7861 1145.66
Ring: 51.1505 47.5621 1138.35
Little: 73.6162 135.681 1174.08
Thumb: 138.267 129.544 1119.15
Index: 139.51 141.911 1090.7
Middle: 47.6685 45.5056 1143.81
Ring: 50.9827 47.772 1137.71
Little: 73.1294 136.125 1175.01
Thumb: 142.411 128.988 1127.82
Index: 136.622 141.059 1089.19
Middle: 47.6626 45.1062 1144.45
Ring: 50.9364 47.4545 1138.39
Little: 73.2541 135.931 1174.85
Thumb: 144.098 128.323 1126.25
Index: 131.14 139.381 1087.95
Middle: 46.2139 43.956 1143.14
Ring: 47.8795 48.2727 1141.42
Little: 73.5362 136.172 1176.31
Thumb: 150.365 130.702 1120.8
Index: 140.274 139.986 1089.56
Middle: 46.0542 43.7673 1143.33
Ring: 47.8317 47.9039 1141.21
Little: 73.6039 135.742 1176.17
Thumb: 184.171 161.306 1090.3
Index: 144.628 137.605 1097.48
Middle: 44.1553 43.042 1145.45
Ring: 46.1359 47.0657 1143.1
Little: 68.7124 136.165 1177.37
Thumb: 184.922 163.517 1089.04
Index: 147.015 132.842 1102.41
Middle: 41.2709 41.6524 1145.65
Ring: 43.3604 45.7928 1143.45
Little: 65.9653 135.021 1177.92
Thumb: 185.67 159.012 1092.47
Index: 146.862 129.198 1105.14
Middle: 37.6379 41.1984 1146.28
Ring: 39.33 45.6738 1145.11
Little: 63.4356 134.579 1178.07
Thumb: 185.979 156.304 1094.44
Index: 146.77 126.934 1107.37
Middle: 34.5596 42.1117 1147.56
Ring: 36.4726 46.4568 1146.24
Little: 80.2981 128.482 1189
Thumb: 181.075 155.662 1077.48
Index: 144.981 122.571 1110.35
Middle: 30.0923 40.8714 1148.4
Ring: 32.522 45.2462 1146.47
Little: 85.6784 119.534 1195
Thumb: 180.097 155.511 1082.17
Index: 128.709 130.185 1098.76
Middle: 27.8428 42.1075 1149.33
Ring: 30.6683 46.2402 1146.71
Little: 83.3069 121.436 1195.48
Thumb: 176.978 167.535 1086.1
Index: 143.519 122.817 1124.15
Middle: 28.5529 39.2826 1153.31
Ring: 31.9564 43.3631 1150.34
Little: 77.8535 118.929 1200.47
Thumb: 123.515 120.632 1135.68
Index: 134.436 126.294 1121.44
Middle: 24.1192 38.3521 1153.63
Ring: 31.342 43.6128 1153.94
Little: 69.8426 119.946 1203.13
Thumb: 166.225 129.256 1115.7
Index: 135.448 127.011 1126.79
Middle: 21.3341 39.2058 1144.11
Ring: 30.7302 44.6495 1146.23
Little: 59.4098 125.676 1198.32
Thumb: 119.754 108.476 1141.81
Index: 100.105 112.361 1115.65
Middle: 26.5603 28.8116 1130.95
Ring: 24.3603 43.9625 1132.76
Little: 50.0442 129.85 1202.53
Thumb: 104.547 111.898 1138.99
Index: 101.67 113.362 1112.68
Middle: 26.6045 28.185 1120.84
Ring: 21.8892 44.1484 1127.57
Little: 48.7902 127.59 1198.5
Thumb: 93.1807 129.777 1119.84
Index: 60.1161 75.5196 1128.81
Middle: 19.3016 28.1258 1115.53
Ring: 20.5968 42.9401 1129.76
Little: 45.9638 125.696 1195.76
Thumb: 91.0206 126.307 1123.61
Index: 38.0168 52.1373 1143.61
Middle: 17.2593 27.6107 1114.31
Ring: 15.1477 43.1115 1124.47
Little: 45.4682 125.001 1193.93
Thumb: 102.459 111.905 1142.17
Index: 25.4238 46.5496 1135.46
Middle: 15.1366 27.3972 1115.39
Ring: 18.1324 41.3182 1122.92
Little: 42.1566 123.74 1191.23
Thumb: 148.712 110.586 1124.17
Index: 22.391 46.6106 1132.91
Middle: 3.73755 31.7697 1121.37
Ring: 16.115 41.3709 1119.93
Little: 40.024 122.579 1189.56
Thumb: 152.264 114.421 1113.2
Index: 17.0732 46.5102 1129.63
Middle: -0.494004 33.721 1124.76
Ring: 14.2646 41.5388 1119.76
Little: 37.0712 124.717 1188.74
Thumb: 156.029 123.964 1087.8
Index: 14.3575 47.1865 1134.45
Middle: -13.2904 45.3446 1144.43
Ring: 12.8387 41.4498 1126.42
Little: 37.1079 124.695 1187.67
Thumb: 156.568 119.183 1088.35
Index: 2.92398 46.9981 1130.52
Middle: 0.449311 61.5362 1156.64
Ring: 4.25252 42.2178 1126.41
Little: 33.9827 125.008 1184.17
Thumb: 154.205 112.361 1095.98
Index: -4.10299 51.0744 1132.77
Middle: -6.57588 66.0334 1156.61
Ring: -13.5792 51.4829 1140.85
Little: 25.1654 118.296 1183.08
Thumb: 153.106 105.512 1074.17
Index: -10.5901 53.272 1130.83
Middle: -12.582 73.1355 1156.66
Ring: -16.5529 54.7139 1144.16
Little: 18.0241 109.267 1173.91
Thumb: 119.408 91.8147 1111.06
Index: -13.935 55.2043 1126.72
Middle: -13.6529 73.9791 1154.65
Ring: -22.1499 57.5751 1140.07
Little: 13.8219 105.017 1168.83
Thumb: 149.562 105.226 1084.84
Index: -16.8566 55.618 1125.58
Middle: -14.3115 75.7437 1153.35
Ring: -24.8578 58.5162 1140.25
Little: 13.2262 118.891 1163.63
Thumb: 145.637 111.389 1099.84
Index: -18.6407 56.9831 1121.86
Middle: -18.4634 74.3817 1152.88
Ring: -26.3236 56.6212 1128.18
Little: 8.71922 115.269 1161.39
Thumb: 142.717 106.397 1036.82
Index: -19.519 57.9341 1121.72
Middle: -37.3343 70.3668 1148.19
Ring: -27.2717 57.4935 1127.08
Little: 8.12306 116.196 1160.46
Thumb: 141.91 108.078 1040.6
Index: -22.5509 57.8814 1121.67
Middle: -38.4402 70.6932 1149.49
Ring: -29.3266 57.01 1127.09
Little: 6.96528 118.092 1161.75
Thumb: 136.299 94.3952 1056.04
Index: -22.9688 58.0582 1120.38
Middle: -39.1238 68.9429 1146.01
Ring: -30.4331 57.4446 1125.34
Little: 6.31339 119.111 1159.88
Thumb: 137.735 97.1677 1050.71
Index: -23.4662 59.3112 1118.99
Middle: -39.5532 67.6726 1142.38
Ring: -30.6804 58.5156 1123.59
Little: 6.37707 120.938 1157.89
Thumb: 127.937 93.5931 1033.69
Index: -24.2225 59.783 1120.84
Middle: -40.5037 68.9061 1144.03
Ring: -29.4146 57.5413 1123.15
Little: 6.16044 123.9 1157.64
Thumb: 132.067 102.55 1054.76
Index: -21.2698 58.8877 1120.9
Middle: -43.09 67.4189 1139.57
Ring: -28.0991 56.7887 1121.11
Little: 7.91239 124.548 1157.52
Thumb: 134.396 113.905 1080.35
Index: -22.6405 52.017 1116.39
Middle: -40.8536 57.5573 1135.55
Ring: -19.2015 51.6902 1118.75
Little: 5.52195 122.695 1160.06
Thumb: 69.9311 115.467 1124.27
Index: 3.05017 60.4309 1114.62
Middle: -40.6847 54.8363 1128.82
Ring: -23.5199 52.3701 1109.65
Little: 5.13837 120.6 1158.93
Thumb: 59.6812 115.183 1132
Index: -24.4205 41.5382 1107.4
Middle: -40.2389 43.2108 1120.5
Ring: 24.7602 75.9956 1164.45
Little: -6.52705 156.717 1138.87
Thumb: 78.4195 104.21 1106.02
Index: -22.3778 46.7658 1100.46
Middle: -29.0913 40.5936 1111.3
Ring: 30.8113 86.5827 1161.62
Little: -8.22672 156.857 1137.38
Thumb: 73.2645 107.616 1110.03
Index: -18.827 44.0103 1101.3
Middle: -26.7636 38.5913 1109.53
Ring: 31.3224 86.064 1160.38
Little: -7.75166 156.741 1136.65
Thumb: 71.7169 106.563 1111.09
Index: -20.6173 44.6598 1103.48
Middle: -7.66452 48.9987 1117.95
Ring: 27.7651 84.7791 1159.71
Little: -6.9515 159.758 1136.48
Thumb: 76.974 94.9837 1087.4
Index: -19.5417 37.8474 1095.75
Middle: -11.8258 43.7643 1115.49
Ring: 25.6602 84.2113 1158.93
Little: -8.27855 157.65 1133.77
Thumb: 83.0138 91.4042 1067.8
Index: -22.1185 38.7766 1096.63
Middle: -8.18937 42.1272 1110.69
Ring: 21.9994 85.4754 1158.54
Little: -8.20205 161.358 1131.73
Thumb: 83.4228 93.1272 1076.67
Index: -14.4109 36.9157 1102.58
Middle: -7.09381 41.4527 1108.99
Ring: 21.0714 87.5485 1159.35
Little: -10.3504 161.098 1129.23
Thumb: 59.9994 88.7339 1074.61
Index: -8.30968 35.3777 1105.28
Middle: -22.5331 35.149 1094.19
Ring: 21.4474 87.5513 1158.1
Little: -7.49718 163.104 1128.92
Thumb: 67.2572 88.357 1080.87
Index: -8.1657 31.0142 1097.41
Middle: -25.1344 37.5581 1097.02
Ring: 19.3543 94.0765 1161.91
Little: -8.63107 166.265 1129.01
Thumb: 70.6592 88.2204 1096.15
Index: -7.66948 26.1093 1095.37
Middle: -15.7728 37.5936 1123.75
Ring: 19.8623 111.233 1165.08
Little: -11.574 166.783 1130.64
Thumb: 75.444 82.8623 1097.42
Index: -2.20798 47.3001 1140.57
Middle: -24.625 62.1894 1149.7
Ring: 8.54835 117.814 1176.38
Little: -2.85756 167.758 1152.89
Thumb: 75.8793 85.1128 1104.14
Index: -0.410811 49.7308 1145.44
Middle: -25.8918 62.6497 1150.55
Ring: 1.00864 116.795 1176.56
Little: -4.57435 164.577 1166.29
Thumb: 92.7104 75.7985 1104.27
Index: -2.57467 53.984 1149.75
Middle: -33.9595 62.9143 1143.97
Ring: 4.80919 134.539 1175.42
Little: -8.02932 171.18 1164.85
Thumb: 93.3092 75.0138 1089.55
Index: 10.9649 79.9088 1156.09
Middle: -40.9485 61.5276 1143.75
Ring: 4.49976 152.482 1162.94
Little: -20.0936 168.154 1168.16
Thumb: 89.5001 71.9374 1099.62
Index: 14.7243 91.6142 1160.64
Middle: -46.1921 62.7714 1144.24
Ring: -2.77102 147.584 1167.48
Little: -19.0261 174.875 1169.7
Thumb: 99.2448 70.788 1104.46
Index: 9.30241 91.3019 1163.21
Middle: -49.5006 62.5198 1142.6
Ring: -6.91025 151.385 1152.81
Little: -23.4205 176.891 1170.27
Thumb: 126.418 82.4731 1082.79
Index: 9.68628 96.0298 1168.18
Middle: -55.5985 57.1852 1142.7
Ring: -15.5749 144.74 1153.05
Little: -30.4891 172.798 1172.72
Thumb: 127.736 81.0291 1087.1
Index: 9.46512 96.9169 1172.82
Middle: -57.9974 55.6792 1141.51
Ring: -10.1389 152.29 1150.23
Little: -29.5589 174.698 1174.45
Thumb: 129.898 79.3151 1092.54
Index: 10.4113 97.6527 1179.21
Middle: -58.9561 51.206 1135.64
Ring: -13.8524 145.659 1145.21
Little: -31.7025 171.632 1174.24
Thumb: 156.994 122.627 1095.16
Index: 9.18828 95.053 1179.03
Middle: -60.7959 47.8 1132.74
Ring: -16.1912 142.466 1145.55
Little: -34.3877 167.503 1175.17
Thumb: 150.408 107.874 1097.67
Index: 7.64249 91.3103 1179.67
Middle: -61.584 45.9485 1123.71
Ring: -13.0179 146.502 1143.85
Little: -34.8429 165.54 1176.79
Thumb: 103.518 42.4051 1109.1
Index: -2.21025 71.1279 1188.49
Middle: -58.7753 45.9611 1138.13
Ring: -15.3151 133.064 1143.65
Little: -32.1142 159.061 1173.66
Thumb: 149.347 79.9649 1121.6
Index: -4.40316 65.6673 1182.75
Middle: -58.3496 44.8201 1132.17
Ring: -16.453 129.016 1141.55
Little: -33.3222 154.478 1171.84
Thumb: 142.72 124.858 1104.42
Index: 44.7604 83.2066 1187
Middle: 23.6178 17.2686 1134.09
Ring: -5.49236 97.0416 1140.75
Little: -35.6523 100.704 1170.57
Thumb: 126.215 102.875 1090.2
Index: 49.8442 70.2845 1182.19
Middle: 23.7749 17.8414 1138.93
Ring: -5.74782 91.2016 1138.58
Little: -32.8422 92.7293 1171.38
Thumb: 128.153 110.815 1080.55
Index: 47.4894 74.4194 1181.15
Middle: 24.809 23.1856 1149.76
Ring: -6.88557 93.7243 1135.42
Little: -34.3807 89.3828 1168.86
Thumb: 129.047 113.544 1081.54
Index: 46.0223 70.4281 1179.14
Middle: 16.9798 69.6299 1174.32
Ring: -8.41975 92.1393 1133.3
Little: -36.2586 87.0159 1166.29
Thumb: 127.376 113.887 1123.66
Index: 43.9096 73.1242 1179.23
Middle: 15.8992 68.9164 1173.61
Ring: -9.9096 94.0259 1131.11
Little: -38.0272 85.7078 1164.04
Thumb: 122.899 99.6814 1118.52
Index: 45.8998 69.8553 1175.21
Middle: 16.3967 66.8045 1168.43
Ring: -10.2661 91.9799 1129.4
Little: -37.6454 82.3227 1162.33
Thumb: 123.485 105.526 1122.49
Index: 46.1846 66.9029 1171.97
Middle: 14.4876 83.8452 1177.98
Ring: -11.5122 92.9646 1126.76
Little: -37.1749 78.8727 1161
Thumb: 121.663 105.961 1120.97
Index: 47.7185 69.8599 1169.92
Middle: 14.8255 84.761 1175.16
Ring: -10.931 92.0025 1125.3
Little: -37.2681 83.1075 1160.16
Thumb: 108.481 99.5323 1118.84
Index: 47.0782 71.4278 1166.83
Middle: 16.4157 80.874 1177.63
Ring: -8.95774 89.5585 1148.86
Little: -38.3302 88.2434 1158.57
Thumb: 117.778 115.323 1112.7
Index: 47.6157 72.2612 1163.78
Middle: 13.9338 85.8741 1172.73
Ring: -8.75669 89.2936 1166.72
Little: -39.7144 86.404 1155.91
Thumb: 109.005 108.61 1117.08
Index: 42.7448 73.3113 1163.73
Middle: 10.7601 85.1228 1171.29
Ring: -12.5263 92.1641 1165.65
Little: -41.7725 83.6776 1154.59
Thumb: 112.324 112.309 1112.57
Index: 43.9696 74.2257 1160.64
Middle: 9.9389 89.2044 1166.46
Ring: -8.6122 80.8709 1169.72
Little: -41.5454 83.21 1152.54
Thumb: 119.065 121.712 1101.27
Index: 45.8309 75.8437 1156.25
Middle: 18.372 74.7158 1171.56
Ring: -6.15033 83.3211 1167.58
Little: -40.6944 87.8251 1151.56
Thumb: 121.621 137.107 1091.89
Index: 45.182 80.0193 1153.21
Middle: 14.6733 88.1503 1167.32
Ring: -5.71924 83.8798 1166.1
Little: -40.1753 86.228 1151.19
Thumb: 121.252 129.6 1092.12
Index: 43.4163 81.6977 1154.49
Middle: 12.4599 92.3205 1167.86
Ring: -6.29404 82.9222 1166.68
Little: -42.5334 92.7625 1149.89
Thumb: 120.459 132.811 1090.03
Index: 42.4012 80.9238 1152.86
Middle: 11.6452 90.1464 1166.39
Ring: -6.60998 78.6901 1163.71
Little: -44.2094 93.0918 1146.99
Thumb: 120.425 133.519 1089.13
Index: 41.4622 82.3849 1153.09
Middle: 10.6624 91.9032 1166.27
Ring: -9.44906 86.7656 1163.9
Little: -44.6512 93.6858 1146.72
Thumb: 104.419 114.793 1098.84
Index: 40.4902 83.1532 1153
Middle: 10.9789 88.9865 1167.25
Ring: -11.4542 91.1273 1163.25
Little: -44.9853 93.0146 1147.16
Thumb: 104.671 114.155 1098.22
Index: 40.1077 82.6552 1153.1
Middle: 10.949 87.4191 1167.52
Ring: -11.761 90.6508 1163.29
Little: -45.4311 93.3705 1146.98
Thumb: 102.104 107.985 1099.2
Index: 39.3465 81.1096 1155.97
Middle: 10.3002 88.1615 1170.54
Ring: -2.43511 11.4042 1091.6
Little: -46.2347 96.6404 1149.97
Thumb: 97.7291 99.3329 1103.98
Index: 34.7063 76.4224 1157.92
Middle: 6.27698 90.3515 1172.17
Ring: -17.4632 12.2521 1080.35
Little: -47.8436 95.0559 1152.57
Thumb: 91.373 104.175 1105.21
Index: 36.8766 80.975 1163.03
Middle: 8.93855 91.9783 1178.08
Ring: -15.104 12.1025 1089.47
Little: -46.5805 101.565 1159.81
Thumb: 92.9256 107.332 1119.22
Index: 37.5684 83.4068 1171.28
Middle: 10.9067 87.4534 1187.66
Ring: -14.3961 11.556 1097.78
Little: -44.6989 95.0677 1169.01
Thumb: 86.7399 97.5312 1124.71
Index: 42.8365 80.5434 1177.24
Middle: 16.7608 86.3351 1194.89
Ring: -14.8095 11.1982 1108.34
Little: -40.3279 95.4813 1179.4
Thumb: 85.5322 96.0106 1127.22
Index: 44.4207 75.7786 1184.68
Middle: 19.4577 88.4569 1202.82
Ring: -21.8873 13.7114 1121.42
Little: -45.2934 55.2489 1154.45
Thumb: 93.4684 100.52 1124.63
Index: 49.754 69.2777 1182.54
Middle: 28.6283 80.9254 1203.58
Ring: -29.8867 20.2352 1125.28
Little: -49.9616 56.5662 1149.62
Thumb: 88.0572 92.2058 1116.3
Index: 54.4082 70.8318 1183.82
Middle: 34.6661 79.4211 1206.23
Ring: -32.798 24.9883 1135.01
Little: -44.4809 69.5817 1165.34
Thumb: 106.952 104.531 1128.18
Index: 61.3822 77.178 1187.62
Middle: 41.9728 85.0282 1210.33
Ring: -29.6209 29.2753 1144.07
Little: -38.3948 73.5817 1172.12
Thumb: 110.667 105.388 1111.05
Index: 68.8863 79.1547 1190.35
Middle: 49.4458 83.9637 1213.98
Ring: -25.8705 31.4821 1153.02
Little: -29.8005 77.3805 1182.15
Thumb: 103.224 95.8035 1123.31
Index: 74.0503 85.8085 1195.53
Middle: 53.5057 87.9704 1219.23
Ring: -20.5228 34.6161 1162.42
Little: -25.3967 79.3835 1187.36
Thumb: 110.528 99.7899 1122.78
Index: 76.636 83.0721 1198.68
Middle: 57.6035 90.7799 1221.45
Ring: -19.5621 39.7856 1172.03
Little: -21.4347 85.2476 1193.06
Thumb: 118.862 106.776 1121.87
Index: 79.6181 88.5604 1202.4
Middle: 63.4285 92.6264 1223.39
Ring: -13.3244 40.5377 1173.26
Little: -11.4412 89.7072 1200.9
Thumb: 136.37 108.551 1103.22
Index: 86.7167 89.5897 1199.14
Middle: 71.0494 94.0269 1221.09
Ring: -6.93584 39.5755 1172.73
Little: 1.57652 101.618 1205.42
Thumb: 149.841 122.621 1101.56
Index: 99.0896 97.3198 1191.39
Middle: 78.6558 100.495 1217.77
Ring: -1.20177 42.1774 1171.57
Little: 8.21057 111.268 1202.66
Thumb: 153.743 124.456 1094.73
Index: 102.659 97.033 1189.86
Middle: 82.445 102.627 1215.23
Ring: 1.01594 43.9816 1171.06
Little: 11.2581 109.887 1199.46
Thumb: 154.343 116.799 1097.33
Index: 105.985 97.4618 1187.7
Middle: 85.6074 105.167 1211.05
Ring: 7.2584 42.097 1167.87
Little: 14.8457 109.016 1194.62
Thumb: 150.279 108.746 1111.45
Index: 88.9613 78.5508 1194.81
Middle: 84.046 91.9467 1211.17
Ring: 11.4281 37.5115 1165.68
Little: 9.08808 111.316 1184.03
Thumb: 120.215 91.7297 1093.49
Index: 118.556 95.8626 1171.4
Middle: 102.674 93.9961 1197.52
Ring: 30.5833 30.0659 1145.66
Little: 21.2673 98.4325 1177.42
Thumb: 126.738 101.266 1078.31
Index: 124.287 95.0682 1163.9
Middle: 110.988 100.204 1190.23
Ring: 34.9538 27.6528 1144.13
Little: 28.8252 93.3845 1174.5
Thumb: 131.163 107.332 1071.71
Index: 126.566 124.442 1133.24
Middle: 116.266 104.275 1185.57
Ring: 40.8993 24.497 1143.44
Little: 33.9509 89.8024 1172.4
Thumb: 132.292 101.239 1075.62
Index: 127.436 122.038 1134.69
Middle: 114.531 105.791 1185.5
Ring: 39.0059 24.0981 1144.02
Little: 34.6416 66.8175 1163.5
Thumb: 133.013 107.837 1074.79
Index: 127.116 132.252 1122.13
Middle: 122.184 116.307 1177.2
Ring: 101.976 110.991 1188.33
Little: 49.0455 59.9983 1156.7
Thumb: 134.508 115.09 1050.45
Index: 124.311 129.57 1114.84
Middle: 119.632 106.793 1176.34
Ring: 98.514 104.338 1186.4
Little: 43.6173 56.7919 1153.46
Thumb: 130.601 101.528 1056.94
Index: 122.632 124.867 1110.83
Middle: 119.912 104.768 1170.4
Ring: 97.9158 97.5808 1182.08
Little: 37.4877 49.1801 1153.16
Thumb: 126.273 99.8302 1046.53
Index: 133.453 120.069 1122.86
Middle: 120.846 106.488 1167.9
Ring: 99.1838 95.062 1180.96
Little: 33.4869 76.3777 1154.41
Thumb: 126.872 97.9579 1051.13
Index: 133.175 118.053 1128.56
Middle: 118.572 99.3239 1172.3
Ring: 96.854 93.1395 1182.57
Little: 28.981 72.741 1157.42
Thumb: 128.196 101.581 1050.03
Index: 131.78 119.873 1127.1
Middle: 118.909 101.618 1171.75
Ring: 97.1184 99.7913 1180.41
Little: 29.8759 71.8091 1157.07
Thumb: 125.71 99.6591 1047.76
Index: 128.303 119.966 1120.49
Middle: 119.572 101.464 1170.59
Ring: 98.2881 95.6597 1181.28
Little: 29.7466 72.8046 1158.11
Thumb: 122.186 97.5566 1048.45
Index: 126.935 115.309 1125.08
Middle: 116.93 99.8522 1171.47
Ring: 94.9942 92.5878 1182.46
Little: 26.5196 72.9418 1158.4
Thumb: 125.533 116.044 1045.7
Index: 118.685 126.626 1118.6
Middle: 118.655 114.918 1165.5
Ring: 100.386 97.309 1179.82
Little: 27.8245 90.3098 1157.24
Thumb: 122.759 112.965 1047.44
Index: 120.762 128.676 1122.16
Middle: 113.428 124.005 1159.66
Ring: 99.4642 97.3635 1178.51
Little: 26.1375 91.9846 1156.71
Thumb: 117.897 110.53 1041.74
Index: 112.934 120.484 1114.79
Middle: 113.22 119.035 1161.93
Ring: 96.9009 95.7283 1179.09
Little: 22.6722 93.6779 1157.92
Thumb: 115.966 109.379 1042.89
Index: 109.626 122.988 1112.13
Middle: 112.421 118.857 1161.59
Ring: 95.8657 96.9716 1178.41
Little: 21.3366 94.133 1158
Thumb: 110.167 104.93 1042.63
Index: 117.513 118.221 1121.77
Middle: 110.776 119.401 1159.38
Ring: 95.1957 94.9689 1177.18
Little: 20.456 94.0189 1157.34
Thumb: 91.4165 83.9138 1089.02
Index: 118.844 119.181 1117.99
Middle: 112.386 120.233 1154.86
Ring: 96.0943 95.8783 1174.4
Little: 42.4231 93.5642 1175.39
Thumb: 86.8802 79.9048 1092.52
Index: 119.202 117.434 1119.15
Middle: 113.097 119.051 1154.89
Ring: 95.3579 95.9724 1175.2
Little: 47.8642 93.1512 1180.67
Thumb: 87.6346 79.6288 1090.83
Index: 119.079 116.765 1119.46
Middle: 106.17 117.611 1149
Ring: 93.9399 100.622 1174.12
Little: 47.9457 93.0264 1180.62
Thumb: 103.327 88.2399 1058.89
Index: 119.298 116.996 1119.69
Middle: 87.6528 125.783 1126.47
Ring: 92.9753 103.324 1173.35
Little: 48.2168 92.7492 1179.96
Thumb: 103.581 88.5364 1059.29
Index: 119.527 117.513 1119.84
Middle: 87.8261 126.12 1126.75
Ring: 89.7112 111.594 1170.17
Little: 48.5761 92.6977 1180.05
Thumb: 103.545 88.8142 1059.4
Index: 128.162 113.869 1130.68
Middle: 89.5769 128.725 1128.19
Ring: 88.4972 113.505 1169.05
Little: 48.5848 92.5116 1180.03
Thumb: 100.102 83.3952 1068.63
Index: 126.034 94.395 1136.23
Middle: 90.4234 128.416 1128.13
Ring: 92.0342 112.485 1167.2
Little: 51.3835 90.9371 1182.47
Thumb: 99.312 82.3674 1070.5
Index: 125.627 92.7283 1136.71
Middle: 90.4673 128.179 1128.3
Ring: 93.008 107.999 1170.73
Little: 51.0328 90.9158 1182.74
Thumb: 97.2512 83.4432 1070.92
Index: 125.86 89.7507 1138.27
Middle: 92.6061 130.573 1130.88
Ring: 92.2818 110.945 1168.42
Little: 51.4142 91.8346 1181.7
Thumb: 97.1314 84.7872 1071.1
Index: 122.226 74.7823 1138.42
Middle: 97.6892 130.6 1136.54
Ring: 93.7584 111.921 1169.11
Little: 55.3993 92.9957 1181.33
Thumb: 99.9468 88.6063 1060.86
Index: 122.526 72.7636 1138.75
Middle: 94.9912 130.193 1132.21
Ring: 94.9528 112.273 1168.69
Little: 57.094 92.5967 1182.51
Thumb: 100.281 94.9089 1058.6
Index: 119.962 112.825 1119.98
Middle: 87.647 126.114 1124.93
Ring: 97.1697 115.472 1166.09
Little: 52.6417 98.7969 1179.92
Thumb: 95.6651 92.5298 1056.08
Index: 121.923 113.235 1114.28
Middle: 106.641 134.522 1133.06
Ring: 95.0754 124.897 1153.87
Little: 52.3246 101.934 1175.17
Thumb: 85.3409 90.7777 1078.93
Index: 119.768 112.433 1107.73
Middle: 108.669 133.048 1129.68
Ring: 93.0894 127.362 1147.04
Little: 57.7063 99.9906 1175.62
Thumb: 89.8627 88.1535 1072.66
Index: 103.267 116.244 1090.03
Middle: 113.727 132.635 1126.71
Ring: 103.165 120.783 1148.82
Little: 58.9558 103.59 1173.74
Thumb: 95.9597 105.15 1039.94
Index: 94.7273 110.166 1085.68
Middle: 114.623 128.542 1124.1
Ring: 103.016 118.995 1145.34
Little: 57.6434 104.1 1172.12
Thumb: 89.1082 95.5064 1040
Index: 91.824 105.914 1083.96
Middle: 119.676 119.725 1124.81
Ring: 103.598 117.194 1142.73
Little: 40.8444 52.4408 1141.97
Thumb: 92.9744 97.081 1034.84
Index: 89.7472 108.748 1079.45
Middle: 127.738 103.202 1132.02
Ring: 105.586 114.704 1141.12
Little: 40.8092 51.7994 1142.06
Thumb: 97.6826 98.0085 1029.85
Index: 87.8398 109.31 1075.07
Middle: 129.449 100.592 1128.31
Ring: 110.125 110.532 1140.83
Little: 29.5452 40.4718 1133.05
Thumb: 120.927 93.9479 1061.25
Index: 88.3977 106.339 1070.04
Middle: 114.982 120.29 1103.19
Ring: 107.365 120.183 1125.01
Little: 34.4977 43.4562 1132.95
Thumb: 141.951 122.085 1046.36
Index: 88.3513 108.445 1065.39
Middle: 122.426 118.214 1102.22
Ring: 109.908 119.241 1121.91
Little: 35.8901 43.4975 1128.49
Thumb: 141.992 118.344 1064.24
Index: 100.869 114.905 1063.46
Middle: 129.446 116.45 1102.74
Ring: 114.638 119.729 1121.15
Little: 40.3085 44.5533 1132.24
Thumb: 133.591 111.004 1075.68
Index: 127.328 113.08 1069.62
Middle: 110.12 117.796 1095.97
Ring: 113.635 123.321 1117.3
Little: 44.006 42.2754 1136.55
Thumb: 126.982 108.406 1072.92
Index: 124.259 115.331 1063.26
Middle: 116.574 115.999 1093.54
Ring: 113.314 124.297 1111.83
Little: 46.7995 41.6605 1133.44
Thumb: 131.515 120.417 1100.37
Index: 122.389 116.735 1061.31
Middle: 116.619 115.536 1092.66
Ring: 108.708 126.142 1109.22
Little: 45.4847 42.8288 1131.38
Thumb: 88.3902 144.356 1146.27
Index: 129.906 110.502 1063.76
Middle: 113.276 116.584 1090.1
Ring: 114.513 123.087 1109.88
Little: 49.4091 39.9379 1131.31
Thumb: 86.6589 139.449 1138.99
Index: 130.057 109.97 1063.62
Middle: 119.853 112.533 1092.67
Ring: 127.82 107.516 1119.06
Little: 51.1419 40.1136 1132.19
Thumb: 82.2929 141.259 1148.11
Index: 126.548 116.873 1068.19
Middle: 118.033 115.02 1098.9
Ring: 126.188 109.164 1126.64
Little: 50.8661 39.2133 1134.05
Thumb: 82.2322 128.104 1121.73
Index: 122.542 120.66 1064.29
Middle: 77.6844 113.193 1090.99
Ring: 123.977 114.104 1121.07
Little: 53.4888 36.1497 1132.64
Thumb: 76.484 132.992 1125.64
Index: 100.944 125.018 1058.1
Middle: 69.6629 113.692 1090.46
Ring: 114.848 117.401 1114.93
Little: 49.7856 39.5036 1128.74
Thumb: 63.947 134.149 1140.66
Index: 89.755 130.192 1059.64
Middle: 66.272 114.982 1092.59
Ring: 104.041 128.207 1118.78
Little: 52.228 40.0545 1131.79
Thumb: 58.0745 125.339 1120.33
Index: 69.642 139.954 1067.48
Middle: 56.0845 123.869 1094.63
Ring: 89.0492 120.849 1125.09
Little: 30.7919 37.296 1105.38
Thumb: -4.17953 124.863 1148.29
Index: 15.8676 88.7838 1112.33
Middle: 22.3637 124.395 1111.64
Ring: 33.187 132.24 1135.26
Little: 37.744 188.977 1144.62
Thumb: -1.85923 109.449 1102
Index: 10.9992 93.4058 1116.57
Middle: 19.4633 128.823 1113.82
Ring: 31.8614 136.669 1137.88
Little: 40.476 193.343 1143.85
Thumb: -8.98097 108.113 1096.97
Index: 11.2962 92.4699 1110.57
Middle: 19.2193 127.671 1111.59
Ring: 12.5193 144.025 1160.22
Little: 8.23252 204.472 1136.21
Thumb: -8.19194 106.697 1099.57
Index: 9.42032 93.8459 1107.43
Middle: 18.0727 126.175 1110.47
Ring: 14.0898 143.2 1155.44
Little: 3.87847 206.173 1128.62
Thumb: -8.65713 107.591 1098.92
Index: 9.50909 94.8546 1104.68
Middle: 15.9572 127.432 1112.16
Ring: 15.9953 142.165 1155.79
Little: -1.71205 212.298 1125.48
Thumb: -13.5524 105.688 1094.4
Index: 9.46562 96.1378 1101.14
Middle: 15.3097 128.519 1109.46
Ring: 14.6539 140.413 1153.03
Little: -4.76255 232.486 1081.62
Thumb: -8.9538 108.578 1096.12
Index: 8.77783 95.1633 1103.11
Middle: 14.3551 127.887 1110.58
Ring: 10.0598 145.425 1158.63
Little: -9.24816 230.204 1090.22
Thumb: -14.3951 107.201 1097.89
Index: 8.15399 95.9355 1101.2
Middle: 14.1935 127.999 1108.79
Ring: 7.79121 147.238 1158.87
Little: -12.2229 232.525 1086.4
Thumb: -11.2607 108.464 1095.78
Index: 5.87576 98.3683 1102.26
Middle: 11.9876 121.93 1144.16
Ring: -1.26071 159.276 1166.23
Little: -14.6398 236.096 1091.09
Thumb: -15.6891 106.011 1089.29
Index: 10.2895 95.5817 1106.54
Middle: 11.8906 126.646 1151.79
Ring: 3.1802 162.302 1166.92
Little: -14.5225 236.211 1093.69
Thumb: -20.8067 104.082 1086.06
Index: 9.1265 94.5405 1103.69
Middle: -4.63185 136.843 1170.01
Ring: 1.99232 160.698 1164.69
Little: -14.2849 234.689 1096.61
Thumb: -19.7969 102.729 1087.41
Index: 9.92699 94.8899 1101.58
Middle: -7.53929 139.817 1168.07
Ring: 1.55727 160.99 1162.78
Little: -8.53521 218.605 1103.97
Thumb: -20.1432 104.523 1085.69
Index: 9.68904 93.8518 1099.63
Middle: -9.80508 138.993 1165.35
Ring: -0.783761 159.89 1160.04
Little: -22.2052 226.199 1107.24
Thumb: -12.8303 109.714 1085.73
Index: 9.79373 93.1124 1096.87
Middle: -8.69679 136.962 1163.99
Ring: 1.03178 157.238 1159
Little: -18.1712 225.398 1113.49
Thumb: -15.8563 108.954 1084.48
Index: 4.12718 92.1953 1125.2
Middle: -8.74733 137.658 1162.5
Ring: -0.473292 159.352 1157.31
Little: 15.5435 189.071 1139.01
Thumb: -19.1224 106.251 1081.25
Index: 1.77052 93.4282 1129.61
Middle: -9.4527 138.522 1160.15
Ring: -1.0398 160.098 1155.02
Little: 14.2434 190.599 1136.84
Thumb: -18.2583 107.311 1083.61
Index: 3.58346 90.0201 1122.25
Middle: -11.2611 138.457 1159.77
Ring: -1.84544 159.293 1154.74
Little: 15.7154 188.32 1136.02
Thumb: -18.2024 107.123 1081.06
Index: -0.554074 91.7088 1126.3
Middle: -11.8523 138.024 1157.24
Ring: -3.6787 160.379 1152.36
Little: 12.8587 190.154 1134.9
Thumb: -30.561 100.594 1072.56
Index: -11.4299 100.947 1136.05
Middle: -10.8515 137.159 1155.58
Ring: -2.40296 159.07 1150.65
Little: 14.6045 188.495 1133
Thumb: -30.756 101.519 1070.27
Index: -17.6464 106.663 1141.55
Middle: -12.402 138.999 1155.31
Ring: -3.47005 159.861 1149.41
Little: 11.1418 190.295 1130.56
Thumb: -31.1133 101.301 1069.62
Index: -17.3338 108.553 1142.09
Middle: -11.3528 140.298 1155.64
Ring: -2.80866 161.514 1149.67
Little: 13.9327 189.772 1130.57
Thumb: -30.8109 101.765 1069.58
Index: -16.6617 108.527 1141.75
Middle: -11.0732 140.603 1155.54
Ring: -2.70851 161.987 1149.51
Little: -22.2326 231.229 1095.61
Thumb: -30.2306 103.783 1069.28
Index: -16.9861 109.597 1142.74
Middle: -11.7199 142.091 1156.15
Ring: -0.893895 161.034 1150.04
Little: -21.7306 231.202 1096.63
Thumb: -29.6038 103.042 1069.66
Index: -18.4671 109.803 1143.09
Middle: -12.2066 141.457 1156.05
Ring: -1.71032 160.861 1150.03
Little: -20.8488 230.918 1094.66
Thumb: -29.3401 103.534 1070.52
Index: -18.7933 109.99 1144.15
Middle: -11.0077 140.083 1157.1
Ring: -1.9554 160.94 1151.06
Little: -21.0179 231.11 1095.14
Thumb: -16.3817 104.784 1079.48
Index: -19.7746 108.683 1145.23
Middle: -12.656 139.834 1158.66
Ring: -2.53083 160.013 1152.96
Little: -14.9021 224.953 1107.22
Thumb: -9.79391 104.881 1084.41
Index: -12.7111 101.847 1143.15
Middle: -12.1962 138.447 1161.2
Ring: -2.21868 158.678 1155.58
Little: -18.2288 227.864 1103.42
Thumb: -9.83277 103.892 1085.82
Index: -12.1063 101.219 1145.15
Middle: -11.7494 138.24 1163.39
Ring: -1.22529 157.994 1157.83
Little: -16.0183 225.24 1109.33
Thumb: -10.3278 101.788 1089.31
Index: 7.59774 88.7233 1102.9
Middle: -11.6109 136.728 1166.28
Ring: -0.897425 156.316 1160.84
Little: -15.1949 224.269 1111.84
Thumb: -10.5375 101.974 1093.12
Index: 6.89958 88.3938 1105.66
Middle: -12.8615 136.485 1167.88
Ring: -3.5072 157.362 1162.21
Little: -18.7513 225.315 1108.99
Thumb: -11.2505 98.785 1094.81
Index: 7.43631 87.6292 1108.1
Middle: -12.0057 137.649 1170.3
Ring: -1.90959 157.914 1164.39
Little: -2.1779 208.672 1113.89
Thumb: -6.73235 64.1169 1101.13
Index: 8.04154 88.8284 1111.6
Middle: -10.2168 139.047 1173.86
Ring: 1.35687 157.636 1167.84
Little: 0.298887 207.574 1121.56
Thumb: -6.29781 65.5037 1104.98
Index: 7.47515 89.5596 1115.75
Middle: -10.9451 140.05 1177.1
Ring: 1.00186 158.309 1171.02
Little: -3.81897 213.272 1124.37
Thumb: -7.71943 64.0629 1107.93
Index: 5.3102 90.5432 1117.98
Middle: -14.6535 142.147 1178.92
Ring: -2.25755 160.326 1173.15
Little: -3.7815 215.345 1121.77
Thumb: -6.75986 61.5589 1108.08
Index: 4.00569 89.9468 1118.62
Middle: -7.64852 126.176 1179.26
Ring: -6.06825 156.147 1175.58
Little: -6.32079 214.138 1124.6
Thumb: 1.78972 20.8064 1101.76
Index: 4.5603 89.9578 1123.35
Middle: -11.5724 132.214 1185.12
Ring: -7.05393 159.215 1179.52
Little: -6.28951 215.892 1127.31
Thumb: 1.46831 20.1731 1108.74
Index: 4.04163 91.2439 1126.74
Middle: -7.21056 130.734 1187.36
Ring: 4.75451 149.859 1181.23
Little: -5.03501 217.48 1129.05
Thumb: 4.63512 22.4318 1111.21
Index: 5.93775 94.0041 1136.9
Middle: -6.35701 140.151 1199.24
Ring: 7.11845 156.91 1192.75
Little: -2.64288 220.047 1143.68
Thumb: -11.4378 42.3846 1119.36
Index: 5.60013 95.5288 1136.11
Middle: -6.4958 138.109 1199.3
Ring: 2.29527 160.902 1194.35
Little: 2.142 219.82 1146.25
Thumb: -12.8447 48.0571 1118.46
Index: 3.63404 93.5157 1133.26
Middle: -13.894 133.022 1192.49
Ring: -1.23415 152.011 1187.85
Little: -9.33287 212.099 1136.77
Thumb: -9.46708 57.4014 1097.86
Index: 2.43795 89.0338 1125.72
Middle: -55.3446 168.292 1133.26
Ring: -21.5575 159.767 1161.54
Little: -9.81442 207.121 1092.93
Thumb: -4.68334 61.555 1093.82
Index: 5.81495 84.6482 1113.9
Middle: -47.6996 160.665 1093.68
Ring: -2.38096 145.198 1131.9
Little: 5.4978 201.545 1066.3
Thumb: -12.5357 46.8583 1091.35
Index: -35.2793 97.5151 1119.27
Middle: -39.1209 150.361 1102.78
Ring: -2.58977 141.35 1127.82
Little: 21.548 200.262 1064.5
Thumb: -10.7181 46.1255 1089.64
Index: -38.2497 100.636 1112.35
Middle: -39.9934 151.432 1096.22
Ring: 24.3034 135.477 1110.69
Little: 40.7947 199.057 1044.62
Thumb: -5.39371 31.3359 1121.68
Index: -30.9767 109.546 1123.67
Middle: -39.7841 161.226 1104.12
Ring: 25.074 146.154 1116.18
Little: 37.9492 203.97 1046.27
Thumb: -5.72406 31.8482 1123.27
Index: -37.1076 121.362 1112.54
Middle: -22.5287 132.181 1142.96
Ring: 24.9846 146.794 1118.02
Little: 27.922 206.55 1058.2
Thumb: -2.03875 39.1751 1130.19
Index: -11.5192 118.112 1108.16
Middle: 10.1953 124.355 1143.01
Ring: 28.6644 150.674 1120.67
Little: 38.2073 205.574 1046.17
Thumb: -13.3657 48.8359 1147.49
Index: -12.6901 139.834 1089.53
Middle: 18.0194 130.45 1144.02
Ring: 33.2641 153.341 1123.99
Little: 38.4745 203.388 1046.89
Thumb: -14.1273 53.6171 1150.13
Index: -14.2953 152.038 1094.38
Middle: 24.3505 132.434 1139.97
Ring: 21.4224 166.475 1143.57
Little: 41.8895 220.81 1064.44
Thumb: -2.6183 43.3431 1115.89
Index: -17.7919 154.462 1093.52
Middle: 22.7572 127.558 1133.29
Ring: 10.4949 166.59 1147.59
Little: 30.5581 227.134 1087.38
Thumb: -2.37322 42.3837 1113.21
Index: -19.0396 158.891 1085.97
Middle: 23.5215 125.768 1130.31
Ring: -7.81379 184.271 1147.11
Little: 34.6996 227.521 1086.58
Thumb: 10.5195 44.18 1082.57
Index: 21.4163 91.3431 1128.53
Middle: 30.9332 117.718 1147
Ring: -1.27616 167.888 1146.25
Little: -9.96832 217.474 1090.71
Thumb: 11.2419 48.3815 1102.87
Index: 5.72427 80.5803 1158.8
Middle: 12.34 104.702 1189.75
Ring: 22.7013 125.673 1176.53
Little: -44.6233 161.993 1163.71
Thumb: -1.69459 55.999 1112.93
Index: -7.33365 86.3508 1160.08
Middle: 0.756164 112.685 1189.68
Ring: 13.8895 131.985 1178.04
Little: -55.3466 169.47 1146.02
Thumb: -2.68067 51.6587 1108.35
Index: -5.55949 86.9973 1155.42
Middle: -5.95877 115.622 1191
Ring: -2.39919 135.636 1191.46
Little: -69.964 172.875 1138.13
Thumb: -7.0502 54.3825 1110.3
Index: -17.7067 89.5308 1156.77
Middle: -8.76115 117.939 1190.7
Ring: -18.2729 139.638 1192.79
Little: -76.7053 172.805 1130.85
Thumb: -9.99772 56.1899 1109.57
Index: -15.1537 90.0005 1152.04
Middle: -11.7717 119.365 1190.92
Ring: -19.8207 140.875 1192.06
Little: -78.6122 173.899 1129.2
Thumb: -8.27 62.7352 1110.29
Index: -21.0363 95.0005 1155.52
Middle: -16.4718 124.27 1191.49
Ring: -28.5696 145.246 1191.36
Little: -90.6367 164.897 1117.46
Thumb: -11.0545 61.3212 1108.71
Index: -20.9379 91.9671 1152.36
Middle: -13.2029 120.447 1190.52
Ring: -27.3502 141.718 1188.7
Little: -88.8139 171.565 1115.95
Thumb: -10.2877 62.2517 1109.34
Index: -22.2467 95.7692 1151.99
Middle: -14.0118 124.649 1190.23
Ring: -30.3367 146.49 1187.95
Little: -90.8819 169.328 1112.56
Thumb: -11.6254 65.4454 1109.01
Index: -23.023 98.2813 1151.51
Middle: -27.4023 128.822 1193.17
Ring: -26.589 148.919 1187.33
Little: -91.0155 168.663 1111.21
Thumb: -13.3151 65.4981 1105.16
Index: -21.9125 100.39 1161.34
Middle: -30.8458 130.901 1192.18
Ring: -31.4044 151.027 1186
Little: -92.4952 167.198 1110.43
Thumb: -14.7022 65.2914 1105.42
Index: -22.9207 100.463 1161.56
Middle: -33.282 131.178 1192.18
Ring: -28.9116 150.918 1185.97
Little: -94.6704 166.84 1109.39
Thumb: -14.8508 65.8163 1104.46
Index: -26.1736 100.884 1159.58
Middle: -22.4048 130.189 1189.41
Ring: -27.6259 150.9 1185.04
Little: -94.2889 167.699 1107.74
Thumb: -15.6126 65.8892 1105.12
Index: -27.0444 103.257 1159.95
Middle: -21.1455 133.071 1188.05
Ring: -26.3859 153.791 1183.78
Little: -94.1543 167.421 1105.19
Thumb: 13.4571 47.4593 1095.74
Index: -25.5237 102.636 1159.46
Middle: -21.531 132.294 1188.23
Ring: -28.8357 153.275 1182.54
Little: -95.3672 169.959 1101.96
Thumb: 13.7242 49.8316 1098.33
Index: -23.9313 104.701 1160.3
Middle: -20.0341 134.853 1187.02
Ring: -28.3522 155.66 1182.45
Little: -94.8723 166.35 1102.05
Thumb: 14.8317 51.6854 1096.91
Index: -23.2827 105.124 1159.96
Middle: -19.6457 135.132 1186.86
Ring: -29.5665 155.551 1182.52
Little: -94.9927 165.821 1102.43
Thumb: 14.0101 50.4213 1098.67
Index: -19.0553 104.124 1156.76
Middle: -20.7494 134.929 1186.69
Ring: -30.2599 155.453 1182.1
Little: -94.7663 166.059 1101.35
Thumb: 13.8036 50.3126 1098.98
Index: -18.9807 104.13 1157.11
Middle: -20.8028 134.92 1186.98
Ring: -28.61 155.762 1182.35
Little: -94.7601 166.175 1101.77
Thumb: 13.0635 49.6816 1098.89
Index: -19.9539 105.135 1157.8
Middle: -20.246 136.077 1188.1
Ring: -28.2351 157.006 1182.69
Little: -94.5534 167.965 1102.53
Thumb: 13.77 49.4808 1101.07
Index: -19.6057 106.259 1158.43
Middle: -20.665 137.774 1188.58
Ring: -27.5659 158.561 1182.51
Little: -93.4359 167.528 1102.04
Thumb: 13.7708 49.6459 1103.67
Index: -16.4661 106.386 1159.78
Middle: -19.873 138.651 1189.67
Ring: -28.6159 159.224 1182.82
Little: -94.7311 166.374 1102.27
Thumb: 15.5049 49.6518 1103.89
Index: -16.4316 105.263 1160.7
Middle: -25.7633 137.229 1190.87
Ring: -28.3923 157.477 1182.91
Little: -94.8084 165.405 1103.61
Thumb: 16.2895 47.7916 1104.5
Index: -16.7164 104.925 1161.34
Middle: -24.8742 137.156 1191.98
Ring: -27.1528 157.37 1184.01
Little: -94.5756 166.081 1107.14
Thumb: 16.455 47.0092 1104.36
Index: -16.7215 104.64 1160.16
Middle: -18.55 136.675 1191.07
Ring: -27.3894 157.295 1183.05
Little: -94.5888 166.409 1105.86
Thumb: 16.5506 48.7055 1105.83
Index: -17.3061 107.34 1162.03
Middle: -20.9289 139.319 1190.92
Ring: -28.1514 160.319 1182.36
Little: -94.2445 168.865 1102.37
Thumb: 15.6829 46.7797 1104.21
Index: -13.532 107.659 1165.25
Middle: -24.1319 141.285 1193.27
Ring: -26.5142 161.515 1183.29
Little: -91.5443 171.229 1101.82
Thumb: 16.3268 47.7189 1103.3
Index: -13.4024 108.629 1165.71
Middle: -26.7482 142.543 1193.87
Ring: -25.2387 162.335 1184.04
Little: -91.3918 174.023 1105.15
Thumb: 16.2641 45.4005 1103.54
Index: -19.6012 108.923 1167.96
Middle: -28.9702 141.837 1193.66
Ring: -25.137 161.575 1184.19
Little: -89.8898 174.727 1106.76
Thumb: 16.0189 27.6949 1109.69
Index: -4.10483 98.847 1156.09
Middle: -29.3689 145.537 1193.37
Ring: -30.06 167.296 1183.62
Little: -78.0331 179.426 1111.46
Thumb: 18.7431 28.7093 1108.93
Index: -19.1389 109.533 1179.19
Middle: -26.6674 145.189 1193.53
Ring: -23.4778 165.449 1184.04
Little: -76.7748 175.807 1111.55
Thumb: 22.8331 29.2802 1107.62
Index: -16.4426 108.936 1178.65
Middle: -24.343 144.108 1193.13
Ring: -23.1376 165.045 1183.69
Little: -76.1326 173.451 1108.88
Thumb: 27.1475 30.5541 1108.91
Index: -17.91 110.995 1182.26
Middle: -24.773 144.63 1192.89
Ring: -19.2878 164.191 1183.22
Little: -75.1172 169.001 1107.41
Thumb: 31.8708 31.3533 1104.2
Index: -2.60928 107.375 1181.39
Middle: -16.4666 144.917 1193.31
Ring: -8.37817 164.045 1182.94
Little: -66.8965 172.314 1108.5
Thumb: 36.0342 31.0089 1095.23
Index: 0.386397 109.678 1183.16
Middle: -7.73809 145.937 1195.32
Ring: -2.87608 166.418 1186.04
Little: -57.3625 179.549 1112.46
