Thumb: 32.9554 91.7207 1121.92
Index: -64.5745 28.1944 1098.23
Middle: -101.42 40.8207 1097.63
Ring: -124.543 62.0639 1082.41
Little: -141.773 103.039 1080.87
Thumb: 45.5004 88.7618 1103.72
Index: -101.826 48.3475 1077.53
Middle: -130.906 64.6419 1091.46
Ring: -81.9475 123.431 1141.24
Little: -147.614 101.091 1080.13
Thumb: 31.1992 83.6917 1108.07
Index: -102.654 51.4895 1087.83
Middle: -133.744 65.8491 1091.86
Ring: -75.921 124.067 1141.03
Little: -151.493 102.366 1079.66
Thumb: 26.6201 84.1971 1106.78
Index: -106.001 49.6589 1085.6
Middle: -135.5 64.5725 1095.53
Ring: -87.7628 116.387 1146.64
Little: -154.107 100.916 1080.1
Thumb: 21.5674 82.3277 1108.11
Index: -108.58 47.2708 1081.58
Middle: -133.732 64.057 1098.77
Ring: -86.5385 114.395 1150.44
Little: -154.911 99.2089 1083.45
Thumb: 12.0229 81.2007 1103.67
Index: -108.242 46.9283 1084.4
Middle: -134.924 62.5052 1099.35
Ring: -86.857 114.996 1151.66
Little: -153.101 94.8911 1087.36
Thumb: 7.89087 82.4545 1102.7
Index: -108.11 45.8052 1085.76
Middle: -131.919 63.0554 1105.31
Ring: -83.1527 118.614 1151.99
Little: -152.561 92.9858 1089.85
Thumb: 3.40519 82.7044 1099.05
Index: -108.634 44.4891 1083.43
Middle: -130.468 61.7498 1107.02
Ring: -79.0221 117.584 1153.12
Little: -150.24 90.8624 1092.54
Thumb: 0.523481 82.8518 1098.65
Index: -108.568 44.9629 1087.29
Middle: -130.532 62.4403 1108
Ring: -78.2803 118.298 1153.01
Little: -149.477 91.632 1096.12
Thumb: -2.7749 83.8185 1107.14
Index: -109.001 45.1655 1086.07
Middle: -130.001 62.6605 1108.04
Ring: -81.3335 115.187 1152.97
Little: -147.325 92.7667 1099.63
Thumb: -6.7916 84.5672 1108.2
Index: -108.804 44.9952 1087.23
Middle: -130.687 62.0384 1110.44
Ring: -76.732 118.525 1150.93
Little: -147.7 92.5413 1101.31
Thumb: -8.80062 85.8506 1108.42
Index: -108.456 44.9129 1088.44
Middle: -129.517 62.3432 1113.72
Ring: -77.8533 116.659 1148.94
Little: -146.059 92.9865 1102.7
Thumb: -9.20245 85.4994 1109.36
Index: -108.511 44.9373 1087.35
Middle: -127.133 63.6345 1115.27
Ring: -83.0445 112.246 1152.02
Little: -143.14 93.2052 1104.58
Thumb: -8.00215 82.3237 1109.04
Index: -104.798 44.6486 1084.56
Middle: -125.262 62.8779 1114.15
Ring: -77.0606 115.954 1149.79
Little: -137.372 92.1088 1104.76
Thumb: -5.13303 83.154 1101.45
Index: -97.034 43.3711 1084.59
Middle: -115.588 62.8837 1116.28
Ring: -76.8397 113.533 1146.87
Little: -129.742 90.5772 1105.34
Thumb: -2.28449 86.457 1104.52
Index: -77.3573 47.1877 1099.86
Middle: -108.42 57.4395 1113.19
Ring: -67.2749 115.436 1144.66
Little: -120.296 89.882 1107.14
Thumb: 4.43164 86.1556 1102.35
Index: -73.1142 43.7586 1100.61
Middle: -101.289 56.0984 1113.12
Ring: -67.8584 110.657 1145.99
Little: -113.005 87.1944 1106.31
Thumb: 10.6933 89.3514 1104.06
Index: -61.3881 41.9941 1099.59
Middle: -92.6586 49.667 1111.71
Ring: -58.1349 112.573 1138.55
Little: -107.664 82.091 1105.68
Thumb: 19.4968 90.6292 1102.34
Index: -53.8814 37.8297 1099.78
Middle: -78.7393 44.0432 1109.96
Ring: -82.5801 61.2944 1112.98
Little: -99.5447 80.5616 1105.95
Thumb: 26.586 94.6109 1106.27
Index: -41.3857 36.5393 1101.98
Middle: -64.0526 31.8398 1103.42
Ring: -72.6786 60.4435 1109.5
Little: -92.1791 74.8197 1106.78
Thumb: 33.271 94.4123 1105.13
Index: -34.5587 35.7066 1099.14
Middle: -54.7822 28.4642 1103.11
Ring: -71.092 42.1137 1109.95
Little: -85.6047 69.2745 1106.94
Thumb: 42.9195 93.3925 1106.18
Index: -24.3726 33.9128 1099.31
Middle: -50.6538 29.4445 1100.21
Ring: -65.9918 41.3601 1107.53
Little: -78.8922 69.4619 1107.44
Thumb: 49.0267 96.2403 1104.46
Index: -18.4853 30.3741 1097.21
Middle: -43.6663 27.3034 1100.52
Ring: -58.8007 39.0117 1109.45
Little: -71.9566 64.9284 1107.85
Thumb: 55.5486 94.4129 1104.88
Index: -13.7797 29.8441 1099.44
Middle: -39.1947 24.4576 1100.84
Ring: -52.0452 38.4183 1111.32
Little: -66.2722 63.0305 1107.35
Thumb: 61.8032 92.5901 1108.46
Index: -6.85633 27.9352 1098.56
Middle: -32.2589 22.8103 1100.45
Ring: -45.4271 35.0815 1108.48
Little: -60.2065 59.5755 1105
Thumb: 70.5465 92.1384 1107.14
Index: 1.17897 25.1542 1099.32
Middle: -23.9904 18.8322 1100.19
Ring: -38.9888 31.1333 1106.79
Little: -53.0869 56.8911 1104.67
Thumb: 78.1082 94.4851 1103.53
Index: 10.4821 22.9092 1102.06
Middle: -17.1145 15.719 1099.09
Ring: -32.6216 29.3678 1106.44
Little: -45.9679 54.7602 1106.86
Thumb: 85.57 94.8247 1111.36
Index: 20.3903 22.5516 1104.19
Middle: -10.7152 10.7543 1097.23
Ring: -24.718 27.5843 1108.27
Little: -41.944 51.935 1108.42
Thumb: 95.8089 95.6766 1111.4
Index: 28.8437 18.7106 1102.64
Middle: -3.11029 9.48219 1096.21
Ring: -17.9089 27.65 1109.1
Little: -39.718 51.7409 1106.32
Thumb: 101.287 94.3937 1110.89
Index: 37.6641 15.5392 1100.68
Middle: 2.70147 4.98472 1091.72
Ring: -10.4756 27.102 1108.53
Little: -32.7504 53.8161 1107.57
Thumb: 109.158 94.0235 1107.92
Index: 45.3625 14.3522 1098.36
Middle: 9.31448 4.51657 1091.92
Ring: -4.02999 25.7358 1106.79
Little: -28.097 47.6103 1106.11
Thumb: 117.066 94.4257 1103.06
Index: 53.6685 15.1788 1101.65
Middle: 16.671 3.2872 1088.24
Ring: 2.12185 22.1595 1101.33
Little: -21.6463 45.3474 1104.57
Thumb: 126.538 95.4294 1102.24
Index: 58.9953 14.0161 1097.35
Middle: 22.8771 3.17547 1089.8
Ring: 7.06341 20.5715 1095.56
Little: -14.1653 44.2185 1103.4
Thumb: 134.117 94.7246 1106.76
Index: 63.6902 13.6234 1098.74
Middle: 26.971 3.38494 1089.46
Ring: 15.3856 29.3057 1098.44
Little: -12.4488 42.6405 1100.76
Thumb: 140.538 95.5033 1111.07
Index: 67.9947 11.5112 1094.87
Middle: 32.3458 3.37538 1085.05
Ring: 21.3631 30.7815 1100.19
Little: -6.44869 44.6286 1098.39
Thumb: 143.424 103.737 1116.9
Index: 73.4883 11.0085 1093.62
Middle: 38.2481 2.05771 1083.62
Ring: 25.904 28.0964 1095.66
Little: 0.816272 48.104 1100.53
Thumb: 147.866 106.112 1114.74
Index: 80.8227 13.9043 1098.29
Middle: 43.9874 -0.0233631 1080.14
Ring: 31.6147 26.6116 1099.11
Little: 8.5155 54.4291 1104.2
Thumb: 149.937 108.027 1112.2
Index: 83.0813 13.0014 1097.9
Middle: 47.3156 -0.533075 1082.76
Ring: 34.3109 26.25 1100.76
Little: 15.1496 68.6531 1102.48
Thumb: 156.796 105.447 1112.2
Index: 85.2045 12.3254 1099.66
Middle: 48.5515 -2.03961 1083.34
Ring: 35.6762 24.0415 1097.82
Little: 18.3413 69.5619 1097.72
Thumb: 159.921 104.379 1111.98
Index: 93.5113 26.1286 1115.47
Middle: 50.9736 -1.39913 1082.22
Ring: 63.1757 96.2882 1146.38
Little: 38.8196 43.0342 1095.83
Thumb: 163.905 105.287 1113.69
Index: 91.8131 17.5639 1108.11
Middle: 53.5381 -1.27007 1083.63
Ring: 62.6463 92.1553 1156.34
Little: 40.8395 41.153 1094.97
Thumb: 164.221 104.47 1113.64
Index: 91.2998 16.8195 1107.36
Middle: 52.9592 -1.62814 1083.21
Ring: 64.3959 92.5082 1155.51
Little: 40.1399 42.8543 1095.06
Thumb: 164.116 101.929 1114.97
Index: 91.6173 21.6217 1108.84
Middle: 51.6814 0.126627 1082.84
Ring: 59.0655 79.8614 1163.69
Little: 39.1871 45.3108 1094.1
Thumb: 164.642 101.512 1115.29
Index: 89.0498 25.6768 1109.2
Middle: 47.1987 2.49797 1083.72
Ring: 57.1515 83.7048 1164.43
Little: 37.4533 43.9497 1094.16
Thumb: 162.636 102.89 1113.86
Index: 85.4529 27.2025 1110.16
Middle: 44.4725 4.04925 1081.46
Ring: 55.791 99.6386 1160.62
Little: 33.3464 48.8949 1093.76
Thumb: 160.312 99.6691 1113.11
Index: 80.6187 25.6789 1109.58
Middle: 39.2273 4.49348 1082.61
Ring: 45.5064 100.256 1160.61
Little: 29.5616 48.8207 1094.29
Thumb: 154.087 96.2612 1116.37
Index: 76.7664 27.367 1110.45
Middle: 35.5905 7.37984 1081.95
Ring: 43.5709 97.7842 1162.84
Little: 24.7841 53.3943 1093.46
Thumb: 151.514 94.5994 1116.31
Index: 71.2423 26.546 1107.78
Middle: 29.9985 8.09401 1081.81
Ring: 40.56 89.8933 1164.31
Little: 19.9618 55.4614 1094.21
Thumb: 146.589 93.8372 1117.25
Index: 65.0899 27.7371 1108.23
Middle: 23.7865 10.4584 1080.69
Ring: 36.1228 93.1731 1163.94
Little: 15.2412 53.6926 1091.4
Thumb: 141.224 90.7655 1120.53
Index: 76.2479 61.7356 1106.6
Middle: 17.5592 13.216 1080.02
Ring: 33.1634 106.468 1161.95
Little: 9.98813 52.2843 1078.69
Thumb: 134.171 92.006 1121.58
Index: 69.9344 62.2959 1105.71
Middle: 11.2319 15.3589 1079.58
Ring: 25.9736 106.934 1161.76
Little: 4.37588 54.4879 1079.68
Thumb: 125.006 94.1094 1123.52
Index: 62.6829 62.8131 1109.14
Middle: 3.70172 15.3404 1079.17
Ring: 16.0485 114.2 1160.91
Little: -1.95511 53.5929 1083.01
Thumb: 113.331 94.8842 1125.53
Index: 56.1985 63.2078 1108.7
Middle: -2.39024 15.4695 1078.41
Ring: 9.00587 114.006 1160.91
Little: -8.05783 53.293 1080.34
Thumb: 105.112 94.954 1127.91
Index: 50.1115 64.5206 1110.77
Middle: -8.48041 17.618 1082.45
Ring: 2.3242 106.889 1164.74
Little: -14.5008 56.7485 1081.78
Thumb: 97.7785 94.4757 1127.95
Index: 43.9411 64.9235 1113.45
Middle: -15.2907 18.9771 1083.67
Ring: -3.12027 102.029 1167.7
Little: -20.7809 58.3125 1084.14
Thumb: 94.0966 94.6236 1129.22
Index: 38.4715 65.3098 1117.13
Middle: -22.5825 19.562 1090.52
Ring: -6.08192 106.694 1171.81
Little: -27.266 58.7202 1089.89
Thumb: 88.9518 95.1163 1129.81
Index: 33.1046 65.9816 1118.5
Middle: -26.7449 19.823 1091.67
Ring: -11.1939 106.485 1174.52
Little: -33.1572 60.097 1091.21
Thumb: 85.0851 94.8007 1131.13
Index: 27.1496 63.8318 1120.43
Middle: -30.9297 18.5851 1095.94
Ring: -15.8416 110.135 1175.83
Little: -38.7667 59.5722 1092.46
Thumb: 80.5241 95.2691 1138.97
Index: -2.679 25.7657 1131.98
Middle: -32.8516 16.2217 1097.02
Ring: -33.76 106.14 1174.63
Little: -45.043 59.9231 1090.41
Thumb: 68.5478 98.9731 1159.62
Index: -20.8528 30.0213 1134.26
Middle: -35.5417 15.5461 1100.11
Ring: -53.376 112.561 1168.19
Little: -49.2467 60.9642 1093.64
Thumb: 31.1191 112.298 1198.15
Index: -35.8342 31.7868 1109.25
Middle: -40.4581 17.3263 1100.03
Ring: -86.0002 91.5527 1128.86
Little: -43.6546 55.9402 1075.84
Thumb: 64.6533 157.013 1224.12
Index: -40.2648 33.2187 1113.24
Middle: -45.1166 19.6454 1103.12
Ring: -55.0978 34.4218 1087.4
Little: -36.5158 51.1534 1065.87
Thumb: 55.9113 171.216 1232.27
Index: -42.8863 40.4857 1115.17
Middle: -47.2974 26.0775 1108.87
Ring: -53.4131 40.0682 1091
Little: -35.8695 57.9338 1067.04
Thumb: 35.0445 220.308 1228.22
Index: -47.9632 38.6151 1125.74
Middle: -51.8059 26.8533 1111.38
Ring: -58.3337 40.8852 1093.4
Little: -39.2883 57.2694 1074.16
Thumb: 28.4515 171.057 1238.32
Index: -53.7297 41.0154 1126.47
Middle: -57.7954 29.3167 1111.8
Ring: -62.1011 42.4381 1091.92
Little: -41.9842 57.702 1073.95
Thumb: 25.4252 175.88 1246.68
Index: -73.3873 53.4485 1151.34
Middle: -58.2096 31.0941 1115.94
Ring: -59.1866 41.0943 1098.8
Little: -44.6587 58.2022 1076.55
Thumb: 25.3274 177.153 1245.5
Index: -76.7199 58.5315 1148.94
Middle: -60.5722 34.1171 1112.06
Ring: -58.5647 42.1996 1092.47
Little: -40.6552 56.2503 1078.84
Thumb: -78.6573 173.036 1176.75
Index: -83.2104 65.7125 1148.78
Middle: -62.179 35.8536 1110.86
Ring: -55.1789 41.8551 1091.22
Little: -38.4874 57.3147 1076.02
Thumb: -86.8852 177.45 1170.99
Index: -90.4378 69.1775 1142.25
Middle: -64.923 37.3247 1109.4
Ring: -51.2374 40.5349 1090.74
Little: -37.7485 58.1284 1091.39
Thumb: -109.278 155.078 1136.9
Index: -65.8056 44.4211 1104.99
Middle: -54.5025 40.544 1079.89
Ring: -45.1801 39.794 1083.49
Little: -24.0637 63.6887 1069.69
Thumb: -103.134 177.421 1149.46
Index: -66.422 39.9468 1111.57
Middle: -73.2508 25.2159 1105.05
Ring: -59.0463 35.1972 1081.71
Little: -41.1984 51.7576 1080.41
Thumb: -111.737 177.893 1137.31
Index: -99.5399 70.8414 1064.04
Middle: -76.6233 25.9072 1103.82
Ring: -57.2285 53.5782 1076.21
Little: -41.5906 49.7816 1084.65
Thumb: -120.814 178.886 1130.4
Index: -101.096 74.1833 1058.92
Middle: -77.7582 26.5185 1100.63
Ring: -55.9814 51.3612 1077.95
Little: -41.6715 49.7301 1088.36
Thumb: -129.472 176.27 1121.78
Index: -100.794 79.3113 1051.79
Middle: -77.4682 26.7012 1104.34
Ring: -55.6614 51.532 1077.73
Little: -39.818 49.8787 1094.22
Thumb: -131.37 176.685 1113.8
Index: -104.472 75.4392 1050.98
Middle: -80.0975 26.8518 1102.71
Ring: -56.3264 50.2524 1078.56
Little: -41.5574 49.851 1094.39
Thumb: -134.409 175.888 1104.71
Index: -103.115 80.9427 1044.3
Middle: -82.2278 28.1945 1104.5
Ring: -85.6161 44.4571 1110.12
Little: -44.3 50.7664 1090.85
Thumb: -134.552 177.017 1096.94
Index: -100.228 86.5319 1038.25
Middle: -83.5672 29.3415 1110.58
Ring: -85.3735 43.3897 1109.96
Little: -45.3975 50.622 1095.3
Thumb: -135.572 177.037 1090.07
Index: -100.539 89.8206 1034.74
Middle: -85.764 29.8666 1111.25
Ring: -87.2464 44.2981 1109.78
Little: -45.1254 50.6748 1100.24
Thumb: -134.534 178.648 1083.43
Index: -101.718 89.7364 1032.17
Middle: -86.4097 30.2066 1108.27
Ring: -87.586 43.7708 1107.6
Little: -46.922 51.2276 1100.68
Thumb: -136.336 180.173 1079.7
Index: -104.385 83.9381 1034.32
Middle: -87.034 30.4496 1105.85
Ring: -89.2221 44.1802 1102.4
Little: -47.9514 51.7508 1098.84
Thumb: -135.798 181.939 1076.43
Index: -107.737 79.3619 1035.86
Middle: -88.6532 31.8932 1099.4
Ring: -90.512 45.8972 1098.78
Little: -49.3876 52.7778 1095.92
Thumb: -135.42 182.265 1070.13
Index: -97.7362 90.3404 1019.75
Middle: -87.7567 30.6077 1094.15
Ring: -90.2318 43.7936 1095.75
Little: -50.7386 52.5092 1096.72
Thumb: -136.646 183.111 1066.16
Index: -92.0645 99.6961 1011.2
Middle: -87.6781 30.2087 1089.4
Ring: -90.8147 43.6952 1090.51
Little: -51.2657 52.4973 1093.61
Thumb: -134.887 183.332 1061.69
Index: -90.4784 101.787 1009.01
Middle: -86.9814 31.2939 1086.92
Ring: -89.7649 44.6189 1086.36
Little: -50.3516 53.4088 1091.08
Thumb: -135.363 183.787 1060.97
Index: -90.4854 100.299 1007.13
Middle: -86.351 32.1181 1081.56
Ring: -89.904 44.7524 1085.25
Little: -50.2282 53.4082 1089.32
Thumb: -135.646 183.897 1059.44
Index: -92.0283 95.6713 1006.16
Middle: -85.5995 33.4 1080.28
Ring: -88.8077 45.4061 1082.96
Little: -49.8546 54.7382 1086.46
Thumb: -135.642 183.978 1057.82
Index: -90.413 99.9991 1005.07
Middle: -86.1104 32.0439 1082.89
Ring: -88.7415 45.2501 1081.58
Little: -49.8207 54.5826 1084.78
Thumb: -134.876 183.765 1057.59
Index: -91.5569 97.9849 1003.96
Middle: -85.7399 32.3785 1081.6
Ring: -88.0106 45.5117 1080.9
Little: -49.0741 54.8885 1084.25
Thumb: -132.235 185.987 1055.27
Index: -89.9325 95.9747 1003.97
Middle: -84.713 32.8514 1080.39
Ring: -87.7602 46.4166 1080.24
Little: -48.6685 55.1456 1083.77
Thumb: -133.379 184.989 1058.84
Index: -95.1821 84.5904 1010.48
Middle: -82.4521 33.9077 1081.82
Ring: -84.9482 47.8751 1086.47
Little: -44.7757 56.1017 1082.48
Thumb: -134.496 183.525 1057.68
Index: -90.7652 85.4941 1009.69
Middle: -80.125 33.1907 1083.79
Ring: -83.3429 47.7136 1086.34
Little: -41.9873 56.1654 1084.59
Thumb: -134.409 182.321 1060.03
Index: -89.331 84.3103 1011.95
Middle: -76.3051 33.2785 1091.53
Ring: -79.6185 47.1851 1089.1
Little: -38.5202 56.4111 1085.82
Thumb: -133.215 179.81 1062.47
Index: -87.7694 83.562 1014.8
Middle: -73.1008 33.9043 1094.95
Ring: -75.8032 47.4463 1092.68
Little: -35.1344 57.3936 1087.89
Thumb: -133.328 178.059 1066.45
Index: -86.0393 85.6015 1017.32
Middle: -69.6925 32.6244 1095.32
Ring: -73.953 48.1201 1097.15
Little: -31.4164 57.3118 1091.29
Thumb: -134.465 175.283 1070.09
Index: -83.1698 87.4083 1018.56
Middle: -65.83 30.0697 1095.66
Ring: -70.5081 45.6451 1100.37
Little: -28.5881 55.4566 1090.64
Thumb: -134.243 173.176 1073.96
Index: -81.3382 86.0726 1020.43
Middle: -60.1965 29.6174 1100.66
Ring: -66.3943 45.5552 1104.4
Little: -24.4062 56.5722 1096.74
Thumb: -134.005 170.593 1076.18
Index: -76.1711 76.2301 1024.4
Middle: -55.4492 28.7049 1102.54
Ring: -58.9828 42.3602 1103.82
Little: -19.2827 56.3756 1096.72
Thumb: -130.479 167.077 1079.53
Index: -71.6506 72.7115 1027.27
Middle: -50.3504 24.8028 1102.69
Ring: -54.4253 39.1019 1105.63
Little: -14.0955 53.3785 1099.78
Thumb: -122.299 166.476 1084.25
Index: -63.3614 77.5509 1026.34
Middle: -44.2319 23.6668 1103.8
Ring: -48.7063 37.5656 1102.06
Little: -7.87143 51.7699 1097.84
Thumb: -118.532 163.033 1085.87
Index: -59.1886 83.2893 1025.05
Middle: -38.3534 19.692 1102.9
Ring: -43.1568 35.0881 1106.15
Little: -0.544279 48.3446 1098.71
Thumb: -111.666 158.798 1087.11
Index: -56.2063 76.4101 1028.7
Middle: -29.9231 17.925 1102.64
Ring: -34.8959 31.9051 1105.04
Little: 4.63811 46.384 1097.74
Thumb: -106.433 153.708 1087.55
Index: -49.2381 69.8753 1029.54
Middle: -22.7241 15.7495 1103.53
Ring: -28.6393 30.187 1106.45
Little: 11.9024 45.2109 1100.76
Thumb: -101.176 149.978 1087.31
Index: -42.6571 67.0591 1029.5
Middle: -14.9359 13.908 1105.42
Ring: -19.3402 27.3596 1107.76
Little: 18.9225 43.9458 1100.82
Thumb: -97.2221 147.412 1087.54
Index: -35.4872 64.7658 1028.78
Middle: -6.39764 12.5025 1106.48
Ring: -10.7537 25.2318 1107.83
Little: 25.7602 43.0786 1099.46
Thumb: -90.4942 145.757 1087.01
Index: -29.7722 71.4045 1026.88
Middle: 0.0709052 11.7252 1107.15
Ring: -4.23837 24.4535 1108.39
Little: 32.4206 42.1392 1098.11
Thumb: -86.8549 141.575 1085.98
Index: -23.5081 64.1192 1029.92
Middle: 8.96286 11.226 1109.11
Ring: 2.81747 23.5789 1107.52
Little: 38.9524 42.2911 1096.88
Thumb: -83.2296 143.18 1086.32
Index: -14.7032 69.4521 1026.22
Middle: 17.113 10.4984 1105.8
Ring: 10.6881 22.8754 1106.07
Little: 46.376 42.4717 1096.76
Thumb: -80.241 144.797 1086.74
Index: -10.127 73.4516 1025.37
Middle: 24.1605 10.8091 1106.11
Ring: 17.6963 22.8056 1103.68
Little: 52.9205 43.3709 1096.99
Thumb: -77.3695 142.833 1089.12
Index: -2.12703 71.3875 1025.19
Middle: 31.135 10.7184 1105.98
Ring: 24.174 23.1109 1104.92
Little: 60.2053 44.3694 1096.89
Thumb: -70.3808 142.337 1088.35
Index: 3.67414 68.8024 1027.8
Middle: 37.0251 10.8362 1107.82
Ring: 30.7064 23.2732 1107.84
Little: 66.2886 44.5122 1100.32
Thumb: -64.7233 143.917 1093.93
Index: 9.87679 74.3148 1023.79
Middle: 42.5843 10.8094 1107.25
Ring: 35.963 23.4144 1105.51
Little: 72.7071 44.6012 1099.01
Thumb: -60.2956 146.607 1094.96
Index: 11.7691 75.9526 1025.27
Middle: 49.1169 10.751 1107.38
Ring: 42.3388 23.3035 1106.28
Little: 78.9916 44.5922 1097.62
Thumb: -54.3688 149.136 1097.03
Index: 17.4885 79.0642 1024.51
Middle: 51.0202 10.2225 1106.74
Ring: 43.9461 24.4699 1108.09
Little: 84.0047 44.3759 1100.89
Thumb: -51.2186 151.175 1103.37
Index: 15.4712 64.2058 1030.76
Middle: 50.3771 9.25651 1107.87
Ring: 43.8334 23.5071 1108.32
Little: 84.0679 42.7314 1099.68
Thumb: -46.8623 153.572 1112.9
Index: 14.097 71.3846 1034.37
Middle: 47.3863 10.7352 1106.86
Ring: 42.6818 24.4154 1109.99
Little: 98.0967 86.1355 1034
Thumb: -36.947 153.627 1120.74
Index: 13.4328 62.9839 1044.58
Middle: 39.3566 13.717 1110.31
Ring: 39.7827 26.7913 1111.87
Little: 93.8153 83.6455 1032.58
Thumb: -34.9462 157.857 1135.52
Index: 11.467 55.9648 1057.6
Middle: 33.6177 18.9208 1106.2
Ring: 54.1146 26.1565 1094.1
Little: 83.3491 85.1113 1030.62
Thumb: -29.1083 161.538 1144.74
Index: 10.8667 57 1066.68
Middle: 31.3658 22.2011 1118.48
Ring: 46.5598 32.6179 1089.97
Little: 72.3983 69.4797 1050.57
Thumb: -20.4964 165.309 1150.98
Index: 46.2079 38.6211 1118.32
Middle: 29.6606 28.8796 1124.35
Ring: 38.4643 37.3983 1095.76
Little: 64.1664 79.8204 1047.59
Thumb: -14.9063 166.491 1154.47
Index: 45.8156 43.3258 1121.57
Middle: 31.0138 33.976 1126.22
Ring: 36.0674 39.3404 1099.1
Little: 55.1426 79.5109 1050.11
Thumb: -7.04938 167.616 1164.76
Index: 44.4573 44.4707 1117.08
Middle: 35.414 33.2334 1128.84
Ring: 32.2516 43.4927 1100.26
Little: 51.2611 88.6506 1043.72
Thumb: -1.33916 168.631 1168.6
Index: 42.4841 44.8334 1129.69
Middle: 36.3701 35.5499 1131.54
Ring: 30.5935 46.4107 1100.54
Little: 52.9836 94.5267 1042.88
Thumb: 5.1301 168.858 1172.09
Index: 47.7202 45.1092 1130.31
Middle: 38.6129 37.3528 1131.24
Ring: 33.1836 45.818 1101.92
Little: 56.7264 104.206 1039.01
Thumb: 14.9793 170.994 1178.47
Index: 46.9703 47.1087 1129.85
Middle: 38.3115 39.003 1128.86
Ring: 32.6327 47.6411 1102.53
Little: 45.5214 97.6362 1042.27
Thumb: 25.5128 174.519 1185.32
Index: 47.833 47.532 1128.25
Middle: 38.0943 41.3456 1130.05
Ring: 31.3462 50.4636 1102.4
Little: 47.1969 101.038 1042.17
Thumb: 33.783 176.24 1187.8
Index: 45.4314 48.5102 1126.47
Middle: 37.3118 42.4179 1128.31
Ring: 29.7309 52.8198 1103.67
Little: 62.087 109.512 1041.79
Thumb: 39.4113 172.959 1187.29
Index: 44.4166 48.5091 1127.71
Middle: 37.9807 42.3267 1128.03
Ring: 27.2107 56.4757 1106.34
Little: 63.1873 114.195 1037.6
Thumb: 44.0249 171.709 1188.82
Index: 44.8774 47.9506 1130.43
Middle: 37.5765 42.3488 1129.42
Ring: 26.5701 56.9079 1108.69
Little: 63.4862 114.302 1037.87
Thumb: 46.1733 171.494 1188.93
Index: 42.3089 50.249 1135.15
Middle: 38.979 42.7865 1128.58
Ring: 26.9331 58.3313 1109.36
Little: 66.436 113.895 1039.91
Thumb: 46.3024 169.566 1191.48
Index: 42.4655 49.5855 1131.97
Middle: 39.836 41.8331 1130.7
Ring: 25.0379 59.1287 1110.07
Little: 67.2712 112.854 1043.34
Thumb: 46.6614 168.891 1192.34
Index: 43.824 49.0607 1133.49
Middle: 39.3153 41.8037 1131.49
Ring: 24.2904 59.3536 1110.92
Little: 66.661 112.803 1044.29
Thumb: 44.5945 166.308 1193.2
Index: 45.6024 47.7372 1136.55
Middle: 38.716 41.3119 1134.25
Ring: 23.0359 59.096 1112.09
Little: 65.8957 112.559 1045.83
Thumb: 43.3407 164.205 1192.11
Index: 46.6363 47.4576 1138.59
Middle: 37.339 42.6451 1135.7
Ring: 22.275 59.3259 1111.02
Little: 66.2092 113.043 1045.3
Thumb: 40.3846 163.222 1191.61
Index: 45.19 46.1419 1138.41
Middle: 34.389 42.7035 1136.11
Ring: 20.2354 58.2237 1110.01
Little: 65.2387 111.147 1045.5
Thumb: 36.4118 160.689 1190.57
Index: 43.4735 45.5162 1138.75
Middle: 32.616 41.8344 1136.72
Ring: 18.1598 58.7832 1109.67
Little: 63.7627 110.128 1046.47
Thumb: 31.8115 158.005 1190.6
Index: 38.8907 43.6513 1142.36
Middle: 28.4773 41.9235 1139.06
Ring: 13.3183 60.9985 1107.47
Little: 63.646 106.203 1049.45
Thumb: 27.4936 155.921 1188.77
Index: 35.1569 43.2056 1140.06
Middle: 23.356 42.3766 1138
Ring: 10.5333 60.7088 1106.87
Little: 62.9717 105.607 1049.73
Thumb: 21.4532 153.137 1185.48
Index: 33.6097 43.7642 1141.21
Middle: 22.2993 42.4911 1139.4
Ring: 9.91096 60.7923 1107.84
Little: 63.1388 105.795 1051.2
Thumb: 16.694 149.47 1180.43
Index: 31.732 43.9919 1139.84
Middle: 21.6112 42.2652 1139.55
Ring: 9.33079 60.4265 1107.67
Little: 63.3073 105.572 1051.14
Thumb: 9.04616 146.342 1177.74
Index: 29.149 43.6372 1144.42
Middle: 18.3047 42.7446 1140.98
Ring: 5.59364 61.1186 1105.88
Little: 61.5988 106.97 1051.89
Thumb: 3.34086 142.685 1174.09
Index: 27.0959 41.6804 1145.55
Middle: 16.4548 39.9104 1143.27
Ring: 2.89741 59.7163 1106.52
Little: 60.2534 103.713 1053.91
Thumb: -2.20596 139.009 1169.2
Index: 25.4996 39.5844 1145.63
Middle: 14.6192 38.9775 1143.49
Ring: 3.86464 56.038 1107.31
Little: 60.0942 100.645 1054.75
Thumb: -7.5162 134.505 1167.28
Index: 19.1047 43.1421 1132.82
Middle: 9.81603 37.7734 1142.52
Ring: 6.62138 49.083 1111.58
Little: 59.0717 99.0761 1054.94
Thumb: -11.1397 131.036 1162.43
Index: 19.9837 39.6465 1127.59
Middle: 2.29375 42.5088 1139.79
Ring: 11.0323 42.9315 1115.67
Little: 58.0045 97.4553 1053.31
Thumb: -14.1944 126.998 1156.2
Index: 19.6355 40.1033 1115.43
Middle: -1.74283 43.2351 1134.45
Ring: 9.77403 42.9047 1112.45
Little: 53.2986 97.1526 1049.46
Thumb: -17.2399 120.821 1154.53
Index: 18.6001 36.6683 1113.96
Middle: -4.69276 44.8442 1128.75
Ring: 8.7121 39.2647 1112.08
Little: 50.165 96.2957 1048.6
Thumb: -17.0783 118.541 1152.18
Index: 18.3424 36.8447 1112.01
Middle: -6.37671 44.4564 1126.48
Ring: 7.36033 39.3098 1109.69
Little: 48.1201 96.7255 1045.99
Thumb: -17.0565 116.022 1146.95
Index: 16.9555 36.7939 1108.77
Middle: -10.5915 45.0172 1119.89
Ring: 7.07978 38.43 1106.97
Little: 52.4681 96.1348 1044.47
Thumb: -18.79 114.292 1143.22
Index: 12.5998 39.7048 1108.18
Middle: -13.6414 43.1916 1123.13
Ring: 4.02251 39.8991 1107.38
Little: 48.9729 97.4433 1044.34
Thumb: -18.1902 115.928 1142.64
Index: 11.0163 42.7164 1115.73
Middle: -16.5546 50.3879 1127.4
Ring: -0.348248 46.0042 1110.85
Little: 47.819 99.0802 1045.97
Thumb: -23.0356 115.603 1140.02
Index: 1.45422 43.6755 1116.83
Middle: -25.6301 59.387 1117.75
Ring: -7.25253 44.1509 1112.21
Little: 43.6518 92.3347 1045.3
Thumb: -23.8831 117.465 1140.59
Index: -3.7603 44.8301 1124.04
Middle: -27.2126 72.1765 1115.27
Ring: -14.5515 48.43 1117.33
Little: 41.3266 91.4135 1046.69
Thumb: -24.7972 117.25 1140.39
Index: -9.95067 48.9512 1126.62
Middle: -26.6692 76.7394 1116.03
Ring: -18.8757 51.8649 1118.69
Little: 41.7031 89.6977 1050.48
Thumb: -30.0185 113.779 1136.86
Index: -20.2686 52.4643 1126.7
Middle: -13.495 91.7127 1108.19
Ring: -28.1482 52.5813 1118.76
Little: 37.0472 86.3723 1053.03
Thumb: -30.879 114.024 1137.55
Index: -24.7242 58.7834 1126.55
Middle: -36.2739 88.9374 1097.8
Ring: -30.7075 52.3147 1119.51
Little: 34.1233 86.0871 1052
Thumb: -34.0313 112.016 1134.74
Index: -30.9035 63.227 1123.04
Middle: -50.4336 84.5719 1097.85
Ring: -36.8292 52.3504 1120.82
Little: 23.9752 88.1629 1042.07
Thumb: -35.0093 112.599 1131.89
Index: -34.1281 65.5402 1122.48
Middle: -52.4776 88.0824 1095.53
Ring: -40.1566 56.1754 1117.28
Little: 17.4582 91.9531 1033.32
Thumb: -36.3712 113.006 1131.45
Index: -36.7708 67.1344 1123.54
Middle: -54.513 90.7762 1094.31
Ring: -42.983 58.6293 1116.78
Little: 15.4947 91.627 1034.12
Thumb: -39.0075 113.011 1130.88
Index: -38.1187 65.8827 1122.95
Middle: -56.5022 87.8784 1094.29
Ring: -45.0738 57.9476 1114.82
Little: 10.0816 89.6171 1029.82
Thumb: -38.8154 114.103 1129.62
Index: -37.6811 66.5232 1122.43
Middle: -57.2763 88.4339 1094.3
Ring: -44.8953 57.5192 1116.67
Little: 11.5546 90.7401 1028.98
Thumb: -41.8594 112.859 1127.3
Index: -39.832 65.0902 1121.84
Middle: -59.0003 87.7786 1092.65
Ring: -47.1125 56.5317 1116.03
Little: 9.98643 90.3645 1028.61
Thumb: -44.1423 112.973 1128.52
Index: -42.8928 64.7225 1120.71
Middle: -61.8476 87.8756 1091.73
Ring: -50.0062 55.3393 1116.81
Little: 5.06474 90.5518 1027.32
Thumb: -46.6908 114.529 1134.22
Index: -42.1996 61.5764 1118.97
Middle: -62.6459 84.4946 1091.07
Ring: -49.2774 51.6477 1115.39
Little: 5.93833 92.8812 1026.54
Thumb: -48.8159 119.626 1141.33
Index: -39.5506 59.3154 1116.18
Middle: -60.9168 81.8896 1091.52
Ring: -46.6608 49.4503 1110.31
Little: 1.1252 94.5066 1023.69
Thumb: -48.3935 125.858 1145.1
Index: -35.573 58.6226 1109.18
Middle: -56.906 77.304 1091.07
Ring: -41.8931 48.2052 1101.57
Little: -0.909029 97.5916 1017.77
Thumb: -49.1913 129.258 1147.38
Index: -29.7059 54.066 1104.65
Middle: -46.3686 74.363 1092.41
Ring: -37.6505 53.1846 1087.81
Little: -2.5845 100.131 1014.27
Thumb: -49.8929 133.638 1148.22
Index: -34.569 67.7832 1101.29
Middle: -43.6672 68.6969 1086.28
Ring: -36.7904 56.7737 1084.17
Little: -2.57775 101.171 1013.33
Thumb: -50.0083 137.312 1147.71
Index: -34.5266 63.7029 1106.1
Middle: -42.9079 61.0537 1086.23
Ring: -36.0845 57.9932 1084.43
Little: -0.506842 98.3267 1013.72
Thumb: -53.2671 139.852 1148.73
Index: -32.0643 51.1908 1105.94
Middle: -42.7151 57.8578 1083.81
Ring: -35.2198 55.6227 1082.06
Little: -3.97389 99.2233 1011.91
Thumb: -53.3769 142.432 1150.38
Index: -27.3628 46.0578 1105.42
Middle: -40.1763 54.9497 1080.17
Ring: -35.3331 51.6197 1083.96
Little: -5.21564 98.0505 1011.25
Thumb: -56.0085 144.011 1150.02
Index: -26.7402 44.5095 1101.44
Middle: -40.7266 49.8253 1081.46
Ring: -34.059 49.1051 1082.6
Little: -4.9086 98.7122 1009.87
Thumb: -57.1664 145.895 1148.51
Index: -27.0129 42.8461 1098.6
Middle: -37.6675 35.4769 1083.51
Ring: -32.44 47.9598 1078.36
Little: -6.57542 97.7011 1007.58
Thumb: -56.7914 149.044 1149.45
Index: -21.4111 39.7544 1098.67
Middle: -35.4647 47.1405 1077.74
Ring: -31.4718 45.491 1081.37
Little: -7.94686 97.1883 1007.37
Thumb: -56.7178 151.919 1147
Index: -18.5705 47.0212 1094.27
Middle: -30.2245 43.0379 1073.7
Ring: -23.7327 36.7256 1076.97
Little: -4.86355 97.4545 1005.55
Thumb: -60.238 151.663 1142.36
Index: -18.3035 47.175 1094.29
Middle: -21.6318 35.1057 1065.76
Ring: -15.2259 29.3394 1074.8
Little: 8.20609 97.727 1013.28
Thumb: -66.6469 156.875 1137.09
Index: -33.5037 51.2733 1118.14
Middle: -25.2006 49.9839 1084.31
Ring: -8.30269 26.5721 1078.82
Little: 15.3332 97.431 1017.33
Thumb: -76.519 156.69 1130.12
Index: -39.4603 54.188 1107.57
Middle: -14.7465 35.5615 1095.37
Ring: -1.21666 25.8285 1080.35
Little: 36.7757 91.7282 1044.29
Thumb: -82.1501 160.43 1123.16
Index: -43.7132 56.6581 1104.12
Middle: -14.5139 35.4863 1100.72
Ring: -0.988608 26.2803 1086.81
Little: 41.0068 90.0271 1053.04
Thumb: -87.3653 161.399 1111.41
Index: -46.5438 51.8991 1099.6
Middle: -13.7586 32.575 1105.22
Ring: 4.72797 25.9309 1095.77
Little: 45.6867 93.4744 1060.79
Thumb: -88.3125 163.512 1104.95
Index: -44.1864 66.0141 1092.91
Middle: -12.6435 35.2501 1104.98
Ring: 14.3572 25.3415 1117.04
Little: 48.4449 95.6301 1066.7
Thumb: -89.1765 163.529 1100.27
Index: -49.6837 55.5772 1082.5
Middle: -13.2812 34.2157 1106.26
Ring: 13.3235 23.9194 1121.01
Little: 49.681 93.7911 1072.05
Thumb: -89.9819 161.035 1097.97
Index: -48.191 54.3743 1074.39
Middle: -12.0238 35.6081 1106.44
Ring: 13.8143 24.8052 1123.32
Little: 46.2074 87.6068 1078.26
Thumb: -91.5184 157.816 1091.53
Index: -43.7697 69.1177 1052.13
Middle: -12.8738 30.8703 1100.73
Ring: 6.50666 87.532 1027.8
Little: 46.9278 85.7352 1081.47
Thumb: -88.658 153.186 1088.32
Index: -43.7467 68.5137 1054.3
Middle: -12.7171 30.4672 1103.83
Ring: 9.19587 90.7877 1029.36
Little: 47.7542 85.5835 1084.11
Thumb: -87.215 148.691 1085.1
Index: -43.6126 69.6052 1049.93
Middle: -14.0897 28.8031 1099
Ring: 10.498 86.8298 1027.86
Little: 49.0612 83.6575 1082.55
Thumb: -85.5213 144.274 1084.28
Index: -41.1811 71.7053 1044.74
Middle: -14.2421 29.6908 1094.5
Ring: 12.7358 83.5258 1026.35
Little: 49.5655 80.6345 1079.67
Thumb: -84.4771 141.608 1081.21
Index: -40.682 73.8123 1038.65
Middle: -14.7164 28.3659 1086.95
Ring: 12.8204 83.4135 1022.74
Little: 22.4021 42.4352 1088.02
Thumb: -77.7166 130.382 1064.04
Index: -45.141 50.8943 1044.91
Middle: -15.71 28.6321 1076.22
Ring: 11.6807 80.7825 1020.23
Little: 18.2364 36.2799 1084.76
Thumb: -74.7298 126.709 1055
Index: -49.9785 38.6194 1057.56
Middle: -18.6784 24.5259 1075.95
Ring: 5.2433 80.382 1017.38
Little: 15.5679 35.9152 1072.99
Thumb: -68.6669 125.446 1048.42
Index: -49.6669 39.2874 1053.25
Middle: -19.2987 25.409 1068.05
Ring: 6.4473 80.1568 1014.02
Little: 14.7561 34.5545 1069.66
Thumb: -62.2494 121.94 1037.57
Index: -53.271 36.6249 1048.79
Middle: -22.5378 26.5809 1057.06
Ring: 1.31272 77.2307 1011.3
Little: 13.1718 35.0363 1055.37
Thumb: -58.708 118.823 1036.84
Index: -52.4824 39.3355 1048.06
Middle: -21.4575 30.4952 1054.71
Ring: -0.199012 77.9243 1010.84
Little: 13.1178 36.9126 1053.58
Thumb: -40.7998 105.493 1026.68
Index: -54.5744 37.2049 1047.5
Middle: -23.4461 28.284 1053.47
Ring: -2.98775 76.9453 1009.17
Little: 11.6995 38.763 1048.76
Thumb: -37.7807 106.455 1026.45
Index: -53.8994 44.0303 1041.04
Middle: -22.7068 33.149 1047.93
Ring: -3.60607 78.4877 1008.02
Little: 11.1844 40.1151 1046.96
Thumb: -38.8793 105.618 1026.58
Index: -54.7841 46.3184 1040.02
Middle: -23.5031 35.2622 1044.81
Ring: -9.68913 77.9109 1005.73
Little: 7.21364 43.0329 1039.54
Thumb: -39.5781 104.269 1025.93
Index: -55.8525 47.182 1036.79
Middle: -24.0398 36.53 1043.25
Ring: -10.8276 77.9277 1004.27
Little: 6.09192 43.4185 1038.16
Thumb: -39.9864 103.993 1022.74
Index: -56.8495 50.5689 1031.31
Middle: -24.5562 33.9902 1041.78
Ring: -12.5155 78.3107 1001.33
Little: 5.02482 42.091 1036.29
Thumb: -38.5756 103.268 1021.42
Index: -58.6401 57.0496 1026.94
Middle: -24.0945 33.9999 1042.81
Ring: -15.5686 78.5413 1000.33
Little: 3.65373 42.5016 1035.63
Thumb: -39.4512 101.678 1019.85
Index: -60.447 61.347 1021.82
Middle: -25.9736 34.7827 1039.92
Ring: -16.4987 78.0437 998.609
Little: 2.12043 40.837 1035.23
Thumb: -41.9949 100.285 1018.17
Index: -63.6939 67.9645 1020.59
Middle: -27.5418 35.568 1037.04
Ring: -18.1334 78.0399 994.826
Little: -0.811798 36.7831 1035.44
Thumb: -41.2388 101.843 1018.12
Index: -65.0272 65.052 1021.81
Middle: -30.344 37.5649 1037.24
Ring: -20.322 79.2373 994.651
Little: -3.96546 36.7321 1037.01
Thumb: -42.6898 101.942 1016.07
Index: -64.7328 63.5608 1021.31
Middle: -31.9722 37.6037 1036.53
Ring: -22.0317 80.7128 992.711
Little: -5.04363 34.7859 1038.81
Thumb: -42.354 102.922 1015.53
Index: -63.3631 69.2741 1024.09
Middle: -31.8204 37.8687 1036.5
Ring: -21.8456 80.1961 992.599
Little: -5.897 34.7001 1041.04
Thumb: -41.8415 103.021 1013.95
Index: -63.0194 67.7036 1022.9
Middle: -30.7227 37.3666 1036.66
Ring: -21.7505 81.5272 991.226
Little: -7.13952 34.8163 1040.27
Thumb: -42.4026 102.557 1012.39
Index: -62.474 65.0509 1022.19
Middle: -29.0261 37.878 1034.15
Ring: -22.0714 81.4159 989.748
Little: -7.36644 34.0352 1040.9
Thumb: -43.7831 102.067 1012.38
Index: -61.8898 65.1821 1024.16
Middle: -28.3455 37.6974 1035.08
Ring: -23.2687 82.2057 990.164
Little: -10.3138 35.784 1038.03
Thumb: -47.2779 95.9636 1020.11
Index: -62.4293 64.2089 1024.65
Middle: -29.5772 37.4591 1036.74
Ring: -23.4439 83.4813 990.61
Little: -12.3089 33.2865 1043.8
Thumb: -48.8338 97.5515 1022.52
Index: -63.6502 63.577 1031.16
Middle: -31.361 38.191 1040.5
Ring: -25.7189 84.4924 992.85
Little: -14.8198 37.1034 1042.64
Thumb: -50.0823 101.239 1025.79
Index: -64.8368 69.1006 1037.26
Middle: -31.2705 37.6791 1046.08
Ring: -12.2478 15.3121 1035.51
Little: -16.9829 36.9932 1049.08
Thumb: -52.1091 103.668 1033.67
Index: -65.7094 65.4941 1045.94
Middle: -32.7397 36.0345 1055.79
Ring: -13.1596 12.0769 1049.17
Little: 6.86379 80.226 1013.62
Thumb: -63.5873 106.802 1047.2
Index: -63.8273 59.5729 1056.3
Middle: -32.7755 36.476 1063.2
Ring: -14.4857 14.6564 1052.94
Little: 15.8845 104.707 1052.1
Thumb: -66.9457 112.967 1058.43
Index: -65.9893 58.8889 1076.99
Middle: -40.1464 34.0374 1070.13
Ring: -20.5537 12.6127 1068.5
Little: 13.4772 103.066 1058.43
Thumb: -71.0436 115.639 1072.43
Index: -70.1372 52.087 1094.43
Middle: -47.1206 33.5251 1082.34
Ring: -30.9937 17.3755 1075.85
Little: 10.9926 100.45 1064.94
Thumb: -75.4179 120.439 1088.16
Index: -70.9209 56.9288 1112.96
Middle: -51.0375 38.2505 1097.02
Ring: -40.9098 20.6832 1095.74
Little: 10.5292 97.2915 1070.51
Thumb: -75.8322 126.659 1100.15
Index: -68.4705 61.4757 1131.75
Middle: -58.3213 40.5662 1115.87
Ring: -43.4846 24.7233 1108.9
Little: 7.73335 96.0775 1075.35
Thumb: -74.3825 133.797 1110.62
Index: -62.3902 64.8135 1143.59
Middle: -54.1604 43.236 1129.86
Ring: -39.7292 32.8324 1119.86
Little: 12.0725 98.321 1079.39
Thumb: -70.0267 140.244 1114.35
Index: -56.3289 70.1532 1156.88
Middle: -48.9493 46.676 1143.94
Ring: -36.6553 39.7645 1128.38
Little: 15.2897 98.5591 1083.69
Thumb: -67.2624 146.154 1117.94
Index: -50.6985 74.6455 1158
Middle: -38.4185 52.3359 1151.3
Ring: -29.0659 35.2871 1145.69
Little: 14.4905 91.0622 1076.33
Thumb: -63.9569 152.746 1124.85
Index: -49.3427 81.027 1164.51
Middle: -36.0904 55.873 1154.47
Ring: -23.82 36.4949 1160.05
Little: 23.2455 101.943 1094.13
Thumb: -58.8949 155.522 1130.69
Index: -42.8317 83.4907 1172.38
Middle: -31.2143 56.6323 1162.53
Ring: -16.4646 40.6189 1165.1
Little: 25.9144 105.092 1094.28
Thumb: -55.4241 157.529 1130.4
Index: -38.2771 84.578 1173.33
Middle: -26.1883 59.8723 1163.32
Ring: -10.7952 42.9767 1167.71
Little: 32.1712 106.82 1097.87
Thumb: -50.7179 157.513 1135.27
Index: -36.3869 83.1504 1164.66
Middle: -18.7493 59.0287 1158.84
Ring: -6.31334 44.4006 1162.32
Little: 37.2728 107.981 1090.81
Thumb: -46.4517 157.332 1132.61
Index: -32.9217 83.6198 1161.76
Middle: -14.4825 58.9171 1155.68
Ring: -2.12122 45.301 1161.11
Little: 43.3233 110.336 1088.98
Thumb: -45.5181 156.717 1137.58
Index: -26.246 77.3174 1159.5
Middle: -10.149 56.5292 1152.86
Ring: 3.52156 41.588 1156.17
Little: 45.2367 110.056 1085.03
Thumb: -42.7097 151.61 1137.43
Index: -19.218 71.6298 1152.66
Middle: -3.37821 51.1225 1146.94
Ring: 12.0935 37.5369 1146.72
Little: 49.4896 111.807 1079.97
Thumb: -40.527 146.092 1139.48
Index: -8.27501 63.9083 1147.8
Middle: 3.42617 45.6954 1137.44
Ring: 22.2917 32.2582 1138.58
Little: 50.834 111.41 1073.44
Thumb: -36.9735 140.841 1139.67
Index: 0.174594 56.2692 1148.64
Middle: 8.48329 41.9052 1128.8
Ring: 28.8948 28.3536 1129.44
Little: 55.6923 110.368 1075.58
Thumb: -34.4028 133.384 1137.93
Index: 5.33608 47.9198 1146.49
Middle: 8.55667 37.4834 1125.93
Ring: 29.842 22.7206 1128.44
Little: 56.2241 105.11 1070.28
Thumb: -30.7473 128.111 1132.17
Index: 3.54757 48.4691 1141.07
Middle: 7.10397 36.6577 1122.46
Ring: 22.3495 23.7586 1117.36
Little: 53.4795 104.676 1064.52
Thumb: -24.7036 126.715 1131.1
Index: 6.59982 47.786 1145.02
Middle: 5.31571 36.5999 1126.34
Ring: 14.3543 27.2668 1122.29
Little: 50.6995 102.095 1055.87
Thumb: -18.4725 125.486 1133.53
Index: 5.14807 54.297 1143.83
Middle: 0.248081 43.7742 1136.5
Ring: 8.56277 36.072 1119.37
Little: 28.9408 87.9487 1043.14
Thumb: -15.6712 124.54 1132.72
Index: 2.07971 55.2732 1142.71
Middle: -9.19402 50.7898 1144.96
Ring: 0.787019 40.9473 1127.7
Little: 38.8291 93.2808 1041.84
Thumb: -15.2586 121.883 1127.39
Index: -43.7507 119.709 1087.16
Middle: -14.8955 55.9345 1146.79
Ring: -4.10871 43.8312 1133
Little: 34.5622 87.9023 1043.32
Thumb: -14.502 120.27 1126.87
Index: -45.4006 106.999 1089.32
Middle: -17.7711 57.1834 1145.75
Ring: -6.91483 46.4441 1133.01
Little: 29.8948 85.2359 1041.93
Thumb: -13.4632 118.962 1129.65
Index: -46.7669 103.512 1090.78
Middle: -16.2149 56.0931 1146.75
Ring: -6.45931 45.886 1132.26
Little: 30.9295 83.3121 1041.86
Thumb: -13.1467 117.721 1130.98
Index: -49.4475 98.0823 1099
Middle: -16.362 55.8304 1149.22
Ring: -7.76874 47.9017 1134.9
Little: 47.0024 87.8709 1046.16
Thumb: -12.2521 117.952 1132.15
Index: -49.3084 98.9235 1097.5
Middle: -20.1211 59.5688 1151.85
Ring: -9.84566 48.7595 1136.2
Little: 48.1946 83.099 1046.22
Thumb: -11.4475 119.428 1134.26
Index: -45.3298 111.583 1091.14
Middle: -20.3003 61.1583 1153.75
Ring: -10.0894 50.985 1138.34
Little: 47.071 82.1711 1045.71
Thumb: -12.7407 119.129 1134.89
Index: -42.1376 117.023 1090.48
Middle: -22.5295 65.2245 1150.59
Ring: -11.1898 50.6065 1140.85
Little: 46.3674 81.0989 1047.36
Thumb: -12.2124 120.577 1135.51
Index: -53.5047 100.731 1112.9
Middle: -22.9456 67.3805 1149.14
Ring: -12.9114 52.1404 1140.72
Little: 46.9256 81.4237 1049.43
Thumb: -13.554 124.338 1138.25
Index: -52.7262 106.744 1108.98
Middle: -26.5532 72.2285 1138.48
Ring: -14.4158 52.5056 1141.65
Little: 44.3847 80.3576 1048.11
Thumb: -15.3696 123.159 1137.47
Index: -50.9777 111.615 1106.96
Middle: -27.4782 74.8765 1132.83
Ring: -17.5109 53.3084 1139.53
Little: 40.8365 81.3116 1047.79
Thumb: -14.0105 123.985 1138.74
Index: -49.1232 114.199 1106.51
Middle: -27.04 74.4797 1132.19
Ring: -17.8019 53.3511 1140.14
Little: 39.749 80.9564 1047.52
Thumb: -15.6784 122.966 1138.96
Index: -55.0341 109.004 1109.05
Middle: -27.4846 74.1913 1130.75
Ring: -18.9303 52.0932 1140.82
Little: 40.2383 80.7353 1048.49
Thumb: -15.6796 122.942 1139.14
Index: -56.0298 106.676 1111.2
Middle: -27.7532 74.6265 1131
Ring: -18.7243 52.2809 1141.08
Little: 39.7357 80.6299 1048.61
Thumb: -16.0235 123.147 1139.01
Index: -56.2602 106.476 1111.67
Middle: -28.1768 75.1474 1131.28
Ring: -18.9003 52.4057 1142.82
Little: 39.6949 80.4124 1049.09
Thumb: -15.8557 122.986 1138.92
Index: -56.0465 106.907 1111.78
Middle: -28.4012 75.082 1132.05
Ring: -18.9474 52.5055 1140.6
Little: 39.4603 80.5006 1049.06
Thumb: -15.8103 123.071 1138.99
Index: -55.0907 108.962 1110.1
Middle: -27.9287 75.549 1132.03
Ring: -18.909 52.5306 1140.84
Little: 39.4285 80.5007 1049.27
Thumb: -16.1708 124.026 1139.01
Index: -54.4247 111.332 1108.39
Middle: -28.4252 75.2259 1133.56
Ring: -19.1181 52.7123 1142.38
Little: 38.8335 83.1581 1050.81
Thumb: -16.5959 126.174 1139.41
Index: -57.1633 110.966 1111.21
Middle: -29.9118 76.4466 1133.97
Ring: -20.3386 54.0878 1143
Little: 37.8613 83.4678 1051.16
Thumb: -15.7509 130.198 1141.87
Index: -51.7628 123.025 1108.04
Middle: -32.5156 80.2727 1136.08
Ring: -23.0741 56.5633 1142.34
Little: 33.8802 89.022 1055.36
Thumb: -16.3771 133.844 1144.61
Index: -54.9973 122.907 1110.93
Middle: -32.3225 78.8207 1139.09
Ring: -21.7582 54.8534 1142.91
Little: 33.9897 87.3878 1052.13
Thumb: -19.5223 134.085 1149.4
Index: -52.6517 132.273 1101.21
Middle: -29.6607 76.2826 1140.78
Ring: -19.9917 51.7406 1142.32
Little: 32.3473 93.3438 1054.81
Thumb: -16.7643 136.07 1154.58
Index: -51.2543 136.18 1096.02
Middle: -23.2771 70.6014 1136.58
Ring: -11.9759 47.003 1140.3
Little: 29.4088 97.9349 1049.39
Thumb: -13.1227 140.957 1161.15
Index: -58.825 123.939 1098.41
Middle: -21.3419 62.5721 1141.5
Ring: -8.61877 44.5332 1136.77
Little: 32.2069 99.1492 1048.66
Thumb: -5.23315 144.154 1166.98
Index: -54.8933 129.059 1093.64
Middle: -16.2781 58.2057 1137.79
Ring: -5.39632 42.5591 1132.86
Little: 34.5779 96.7182 1044.76
Thumb: 1.40716 146.138 1168.72
Index: -50.808 131.755 1097.22
Middle: -9.72359 48.0419 1145.66
Ring: 0.990753 41.541 1133.23
Little: 39.2843 95.6886 1043.64
Thumb: 9.27275 147.794 1172.99
Index: 4.25045 57.6439 1162.42
Middle: -7.4704 47.7591 1146.83
Ring: 4.50627 38.6972 1131.53
Little: 37.8972 94.9822 1042.46
Thumb: 14.5426 147.021 1172.58
Index: 12.8268 53.7055 1151.22
Middle: -3.69195 46.1142 1146.53
Ring: 8.68642 38.056 1131.25
Little: 35.936 96.7181 1039.18
Thumb: 20.7406 144.461 1176.37
Index: 10.486 50.6407 1147.07
Middle: -2.80031 43.4039 1144.67
Ring: 9.57863 35.0722 1128.09
Little: 32.6057 102.28 1041.92
Thumb: 25.517 141.398 1177.39
Index: 13.223 48.0898 1147.58
Middle: 0.443127 40.556 1146.16
Ring: 13.2837 31.383 1129.55
Little: 31.8258 102.773 1045.32
Thumb: 32.4955 139.425 1175.35
Index: 20.2468 47.0678 1145.2
Middle: 8.0916 36.0303 1138.76
Ring: 18.851 30.5133 1127.36
Little: 33.643 102.619 1040.64
Thumb: 37.5779 139.951 1166.42
Index: -5.73192 66.7235 1131.04
Middle: 13.9536 30.8717 1124.37
Ring: 20.6853 31.4371 1123.88
Little: 36.401 98.4561 1031.61
Thumb: 86.8373 164.8 1159.39
Index: 0.636875 67.2779 1132.19
Middle: 13.0429 33.9816 1117.14
Ring: 24.7213 32.0189 1120.73
Little: 36.9193 94.7019 1020.76
Thumb: 76.1759 216.317 1145.44
Index: 1.19888 65.2805 1129.81
Middle: 8.88767 48.7686 1106.76
Ring: 4.09419 42.9236 1104.5
Little: 41.2362 93.7935 1018.98
Thumb: 69.9139 176.673 1154.31
Index: 1.58525 50.673 1098.45
Middle: -17.2164 47.0721 1086.77
Ring: -2.3789 50.188 1101.46
Little: 42.0562 93.2501 1003.78
Thumb: 62.7791 175.905 1154.24
Index: -0.341192 47.6998 1097.53
Middle: -18.2312 45.7665 1095.09
Ring: -5.38564 48.7528 1099.88
Little: 35.3548 94.5697 996.793
Thumb: 63.6109 170.783 1154.38
Index: -1.34287 49.535 1096.18
Middle: -17.6025 43.2256 1095.74
Ring: -4.53834 45.8553 1099.72
Little: 38.3413 91.7277 998.183
Thumb: 95.7314 177.008 1146.33
Index: 13.79 61.299 1101.47
Middle: -5.1975 44.4323 1100.97
Ring: 7.74715 53.7251 1101.01
Little: 45.2968 92.4672 1014.82
Thumb: 71.9066 100.655 1101.77
Index: 12.7329 60.6514 1101.2
Middle: -3.37652 42.4174 1102.32
Ring: 7.58118 51.4433 1100.53
Little: 42.5535 94.8326 1015.87
Thumb: 74.8557 99.953 1104.59
Index: 14.1833 59.5575 1100.27
Middle: -0.869799 42.0945 1103.14
Ring: 7.27836 50.012 1098.49
Little: 43.555 94.054 1015.6
Thumb: 74.2151 100.66 1107.14
Index: 12.8263 59.1684 1099.6
Middle: -4.26115 43.587 1101.99
Ring: 4.2819 51.1216 1097.6
Little: 41.8396 95.4734 1015.32
Thumb: 49.1281 252.686 1089.38
Index: 84.7882 120.303 1189.19
Middle: 81.3507 110.131 1204.23
Ring: 91.4633 106.637 1194.67
Little: 45.5425 74.29 1113.93
Thumb: 36.839 257.699 1087.77
Index: 100.657 123.296 1177.9
Middle: 114.759 95.686 1195.62
Ring: 126.704 111.635 1179.98
Little: 46.8554 77.9581 1113.91
Thumb: 47.2931 256.629 1103.26
Index: 111.339 121.741 1170.89
Middle: 128.093 97.3312 1185.22
Ring: 81.1095 113.44 1193.26
Little: 45.7901 80.0737 1112.67
Thumb: 63.2606 235.563 1144.83
Index: 125.205 105.789 1167.79
Middle: 78.678 116.441 1202.23
Ring: 77.5097 109.19 1191.23
Little: 42.5946 80.4299 1111.06
Thumb: 64.561 237.512 1140.76
Index: 132.624 101.238 1163.29
Middle: 82.5592 118.198 1202.97
Ring: 77.1466 109.821 1191.63
Little: 45.5338 80.3416 1112.56
Thumb: 19.7604 133.935 1160.58
Index: 132.656 101.054 1158.63
Middle: 78.5935 99.4465 1194.94
Ring: 77.4225 105.177 1187.89
Little: 29.3566 78.7635 1114.49
Thumb: 24.4689 144.881 1171.1
Index: 134.881 98.9633 1155.35
Middle: 77.8469 104.201 1194.75
Ring: 71.2228 91.8704 1184.91
Little: 28.5869 78.607 1116.25
Thumb: 37.0799 206.189 1181.84
Index: 136.409 96.9379 1149.69
Middle: 79.9518 100.541 1189.4
Ring: 73.9598 88.2256 1179.12
Little: 31.2868 77.3377 1111.3
Thumb: 23.1548 195.51 1179.79
Index: 141.713 99.4407 1141.76
Middle: 82.1066 108.573 1188.12
Ring: 76.5619 90.9294 1177.76
Little: 35.1986 77.7573 1110.41
Thumb: 18.3132 167.411 1184.92
Index: 144.402 101.017 1135.94
Middle: 86.1519 110.824 1184.55
Ring: 78.1429 95.3143 1174.9
Little: 35.9381 77.2803 1110.85
Thumb: 8.96976 223.436 1169.05
Index: 143.662 103.81 1131.7
Middle: 83.588 117.678 1182.15
Ring: 75.6218 100.464 1171.16
Little: 37.1669 83.8818 1106.57
Thumb: 60.5516 269.596 1099.62
Index: 145.276 106.091 1126.32
Middle: 85.7415 123.221 1180.24
Ring: 75.1371 106.154 1170.27
Little: 38.1278 86.3463 1106.13
Thumb: 59.7045 266.755 1106.03
Index: 144.04 104.515 1122.26
Middle: 83.6263 122.271 1177.1
Ring: 75.0508 103.791 1167.14
Little: 35.8963 84.4662 1104.73
Thumb: 60.9492 267.651 1103.25
Index: 143.666 104.084 1117.96
Middle: 82.3012 122.311 1175.12
Ring: 72.9556 104.171 1165.02
Little: 35.8745 83.7021 1100.17
Thumb: 69.46 247.878 1109.79
Index: 143.418 103.525 1114.42
Middle: 81.601 121.137 1172.45
Ring: 73.1631 102.006 1162.08
Little: 35.2569 83.3655 1097.03
Thumb: 84.3885 222.164 1116.38
Index: 143.616 103.854 1111.67
Middle: 81.2816 123.001 1170.11
Ring: 70.9717 105.36 1159.74
Little: 35.5369 83.2972 1095.42
Thumb: 78.3025 236.815 1113.52
Index: 143.154 103.474 1107.63
Middle: 79.534 122.538 1167.41
Ring: 70.9374 103.19 1156.64
Little: 33.8312 84.7956 1092.26
Thumb: 79.6609 232.102 1117.04
Index: 142.788 104.374 1103.17
Middle: 79.058 123.205 1165.07
Ring: 69.6353 104.747 1154.63
Little: 32.4877 87.3994 1092.61
Thumb: 79.6996 228.826 1118.71
Index: 139.756 103.313 1104.55
Middle: 76.3341 121.729 1164.23
Ring: 67.2002 103.061 1153.43
Little: 31.9327 86.7098 1088.35
Thumb: 67.6868 260.528 1099.66
Index: 138.455 104.18 1105.41
Middle: 75.9852 121.526 1163.24
Ring: 66.8585 102.901 1152.38
Little: 31.8046 86.6184 1087.17
Thumb: 84.0478 222.943 1113.59
Index: 138.598 104.31 1104.27
Middle: 76.8042 121.51 1161.68
Ring: 67.6095 102.874 1150.9
Little: 32.191 86.4041 1086.18
Thumb: 83.2713 212.53 1114.31
Index: 139.007 104.879 1103.47
Middle: 76.4588 122.381 1161.15
Ring: 67.3183 103.771 1150.28
Little: 31.6638 87.7607 1085.74
Thumb: 86.0496 233.434 1105.67
Index: 139.402 105.233 1104.61
Middle: 77.5679 123.546 1160.95
Ring: 67.7456 105.434 1150.54
Little: 32.0189 86.398 1085.87
Thumb: 67.1625 263.658 1087.12
Index: 139.961 105.053 1104.84
Middle: 78.388 123.001 1161.35
Ring: 67.5622 105.952 1151.05
Little: 32.231 87.2521 1086.34
Thumb: 43.5157 268.263 1081.56
Index: 141.52 106.184 1105.12
Middle: 78.3609 123.647 1161.62
Ring: 68.0734 106.204 1151.37
Little: 33.322 86.4025 1086.92
Thumb: 49.0043 269.104 1081.3
Index: 139.912 105.913 1108.29
Middle: 78.8215 121.673 1162.53
Ring: 67.1026 105.55 1152.26
Little: 33.2647 85.4412 1088.04
Thumb: 39.3856 267.744 1078.92
Index: 138.876 105.84 1112.61
Middle: 78.1729 120.213 1164.31
Ring: 69.3667 102.086 1153.76
Little: 33.663 85.0096 1088.18
Thumb: 46.3815 267.75 1088.12
Index: 139.048 104.703 1114.5
Middle: 77.8143 119.132 1166.1
Ring: 68.8468 101.367 1155.56
Little: 32.7029 84.6305 1090.36
Thumb: 61.3816 261.471 1093.67
Index: 140.857 105.858 1115.57
Middle: 80.049 118.78 1168.33
Ring: 72.8694 100.295 1158.07
Little: 32.9306 80.4842 1094.68
Thumb: 67.351 254.159 1099.4
Index: 141.198 105.923 1117.42
Middle: 79.9765 118.987 1170.73
Ring: 71.7393 100.437 1160.38
Little: 32.4052 80.2204 1098.04
Thumb: 49.6588 265.142 1093.19
Index: 142.343 107.641 1118.92
Middle: 81.8073 119.762 1173.15
Ring: 72.5637 104.588 1163.42
Little: 35.0751 79.5061 1100.86
Thumb: 45.2531 265.312 1087.14
Index: 143.93 105.503 1120.91
Middle: 83.1527 121.313 1175.99
Ring: 74.117 105.405 1166.58
Little: 35.8708 79.8637 1103.11
Thumb: 59.2327 259.272 1084.38
Index: 145.091 107.479 1123.63
Middle: 83.6268 120.935 1178.34
Ring: 77.0376 104.96 1168.81
Little: 38.1814 78.8979 1104.52
Thumb: 59.6236 260.324 1079.17
Index: 145.212 108.113 1125.92
Middle: 84.4959 121.376 1180.47
Ring: 77.0637 105.458 1171.11
Little: 38.2884 79.0959 1108.34
Thumb: 57.2672 260.798 1077.59
Index: 145.591 110.139 1133.31
Middle: 83.9548 121.248 1184.83
Ring: 78.1299 105.527 1175.49
Little: 36.5294 79.6682 1112.02
Thumb: 50.1096 264.442 1081.58
Index: 139.694 109.508 1146.45
Middle: 82.313 118.561 1191.48
Ring: 76.0474 104.822 1181.96
Little: 34.5308 80.0074 1117.32
Thumb: 12.8126 166.972 1194.85
Index: 129.743 108.706 1161.7
Middle: 77.4191 112.325 1198.04
Ring: 71.6966 102.419 1188.06
Little: 32.9461 79.52 1118.2
Thumb: 24.6039 223.601 1178.96
Index: 130.963 109.585 1168
Middle: 81.0306 113.342 1203.16
Ring: 76.8569 105.085 1193.65
Little: 34.0379 80.2355 1123.96
Thumb: 10.8668 181.723 1198
Index: 140.965 112.439 1162.48
Middle: 80.1405 118.806 1205.3
Ring: 80.9497 107.616 1195.98
Little: 37.9039 79.4069 1127.49
Thumb: 25.9748 194.731 1204.44
Index: 151.645 115.995 1149.58
Middle: 88.0871 130.344 1206.21
Ring: 83.271 111.171 1196.87
Little: 41.8818 82.8809 1133.59
Thumb: 12.0323 161.505 1210.49
Index: 153.046 117.437 1149.42
Middle: 83.7431 128.729 1209.3
Ring: 77.4387 109.691 1199.53
Little: 40.4058 82.7229 1136.5
Thumb: 14.681 224.995 1188.92
Index: 134.446 117.043 1173.55
Middle: 78.9512 128.73 1213.67
Ring: 72.8444 108.898 1203.23
Little: 34.3906 82.1117 1133.2
Thumb: 62.906 195.092 1221.78
Index: 98.5244 38.3609 1190.02
Middle: 14.9043 70.8934 1203.14
Ring: 5.49398 87.8755 1162.55
Little: 11.9189 77.9146 1113.02
Thumb: 70.2307 195.373 1222.21
Index: 15.8968 101.48 1207.54
Middle: -5.1013 99.5176 1184.9
Ring: 17.8658 44.683 1172.78
Little: 11.7415 83.2656 1106.19
Thumb: 109.227 201.679 1218.54
Index: 13.542 121.164 1199.96
Middle: -9.73508 102.965 1186.16
Ring: 1.33039 66.702 1167.91
Little: 19.545 56.4171 1117.67
Thumb: 100.091 200.425 1220.96
Index: 14.6576 124.924 1198.15
Middle: 3.22608 127.109 1167.53
Ring: 2.5265 68.6472 1167.34
Little: 19.1051 59.8854 1116.18
Thumb: 127.108 189.522 1196.08
Index: 72.8779 33.0137 1158.14
Middle: 22.0985 135.634 1127.23
Ring: 2.94259 59.5031 1144.74
Little: 14.8946 58.6873 1091.96
Thumb: 81.0234 121.368 1162.51
Index: 75.0139 28.6109 1148.16
Middle: 22.0936 144.342 1124.96
Ring: -0.331146 61.4374 1142.89
Little: 15.9176 59.4972 1084.98
Thumb: 79.476 118.805 1162.19
Index: 74.2985 23.1189 1148.27
Middle: 19.2149 141.674 1127.35
Ring: -3.938 61.874 1145.12
Little: 14.5037 54.6468 1085.83
Thumb: 90.5126 115.074 1170.7
Index: 75.0776 19.1182 1147.52
Middle: 17.0943 140.297 1129.37
Ring: -6.94851 64.543 1146.66
Little: 14.9109 51.8331 1085.26
Thumb: 65.4845 86.534 1098.19
Index: 90.1934 108.242 1109.97
Middle: 83.3863 119.088 1151.98
Ring: 77.3075 102.361 1168.4
Little: 11.511 45.1282 1114.54
Thumb: 88.4598 115.681 1107.28
Index: 84.541 102.618 1121.17
Middle: 90.3828 102.073 1166.89
Ring: 75.4651 93.2441 1178.21
Little: 9.17316 44.4516 1136.26
Thumb: 84.0567 118.391 1117.33
Index: 83.8713 104.272 1126.96
Middle: 90.7081 95.047 1173.4
Ring: 71.5499 89.5083 1181.68
Little: 10.5505 42.7309 1135.8
Thumb: 99.8983 104.182 1116.07
Index: 84.2933 106.823 1135.27
Middle: 83.1337 97.9167 1180.17
Ring: 57.3423 104.996 1187.4
Little: 5.69913 41.8574 1125.07
Thumb: 106.329 105.229 1121.33
Index: 83.805 108.961 1146.83
Middle: 76.1259 95.9438 1185.31
Ring: 47.9283 106.757 1189.75
Little: 5.17825 41.7349 1122.96
Thumb: 99.7114 107.422 1123.32
Index: 79.4314 109.59 1150.2
Middle: 67.7704 99.742 1187.14
Ring: 50.6194 79.7472 1183.21
Little: 1.49624 42.6713 1121.65
Thumb: 113.576 112.615 1115.9
Index: 81.6373 105.997 1168.68
Middle: 56.4442 105.088 1189.72
Ring: 41.0399 82.0191 1184.18
Little: -1.03255 42.5946 1120.47
Thumb: 107.223 108.703 1115.2
Index: 78.9385 98.7981 1171.36
Middle: 49.8136 105.563 1190.95
Ring: 27.5267 103.403 1191.28
Little: -6.22276 43.3725 1119.54
Thumb: 123.057 128.458 1100.96
Index: 75.3482 106.567 1175.33
Middle: 45.858 108.01 1193.71
Ring: 22.9968 106.67 1192.35
Little: -5.44618 44.5346 1120.97
Thumb: 107.921 117.849 1107.98
Index: 70.9457 104.209 1177.11
Middle: 43.7596 104.385 1194.55
Ring: 18.7004 107.238 1192.2
Little: -8.7082 44.7643 1120.93
Thumb: 109.875 118.857 1105.61
Index: 71.4985 103.663 1176.04
Middle: 44.618 104.683 1193.55
Ring: 20.1829 108.547 1191
Little: -8.34417 45.2051 1120.86
Thumb: 86.9179 120.432 1112.35
Index: 68.5897 102.048 1174.46
Middle: 14.214 23.1998 1127.68
Ring: 16.2077 106.328 1188.51
Little: -9.26851 46.2678 1113.93
Thumb: 84.5067 118.72 1110.89
Index: 69.1687 104.611 1173.44
Middle: 13.5977 23.4769 1126.78
Ring: 16.3541 106.963 1188.04
Little: -9.62986 47.3785 1113.58
Thumb: 88.537 116.3 1110.94
Index: 67.2206 105.461 1173.61
Middle: 12.6944 23.5083 1126.28
Ring: 14.521 106.408 1187.02
Little: -10.1957 47.3877 1112.4
Thumb: 79.0013 112.904 1110.53
Index: 46.7684 67.0726 1169.28
Middle: 13.3473 21.7679 1125.02
Ring: 10.6056 105.606 1186.7
Little: -13.0131 47.0421 1111.48
Thumb: 80.7892 114.518 1110.06
Index: 46.1051 65.9406 1168.56
Middle: 13.1919 20.3965 1124.05
Ring: 11.8468 103.029 1186.53
Little: -13.1109 47.1002 1111.58
Thumb: 79.881 113.983 1109.56
Index: 51.5162 78.9067 1169.16
Middle: 13.5489 20.8041 1124.16
Ring: 11.6707 103.679 1186.19
Little: -13.0954 47.3677 1111.5
Thumb: 110.382 121.297 1099.16
Index: 49.5831 76.7677 1171.06
Middle: 15.734 23.714 1125.64
Ring: 7.45863 106.731 1186.43
Little: -13.7437 48.476 1111.35
Thumb: 106.479 116.891 1101.51
Index: 47.1079 70.3056 1170.62
Middle: 15.0274 23.4646 1125.1
Ring: 6.6768 105.378 1185.93
Little: -14.9027 48.5275 1110.63
Thumb: 114.75 140.31 1087.4
Index: 46.5992 68.5689 1170.28
Middle: 15.7727 23.417 1125.77
Ring: 5.98674 107.544 1186.14
Little: -14.8631 48.5639 1111.29
Thumb: 114.095 144.254 1087.1
Index: 47.5045 67.4003 1170.21
Middle: 15.0867 21.8017 1125.46
Ring: 5.65563 108.365 1186.55
Little: -15.2975 48.6552 1112.17
Thumb: 96.0618 112.317 1107.13
Index: 47.5208 67.3052 1170.94
Middle: 15.9389 21.8446 1126.65
Ring: 6.33864 107.304 1187.3
Little: -15.4235 48.7723 1113.36
Thumb: 80.5401 114.07 1110.88
Index: 50.334 77.2669 1174.65
Middle: 13.875 20.1507 1125.65
Ring: 6.42107 107.217 1187.74
Little: -15.4442 48.7669 1113.78
Thumb: 79.1262 116.767 1112.49
Index: 53.4442 75.8771 1173.17
Middle: 14.3735 21.0595 1129.26
Ring: 7.48583 108.326 1188.79
Little: -15.1046 48.3846 1116.44
Thumb: 80.1416 116.234 1113.42
Index: 53.6262 80.2104 1173.65
Middle: 13.9573 20.3158 1128.57
Ring: 7.62598 108.021 1188.68
Little: -14.7364 48.5406 1115.92
Thumb: 80.2226 116.227 1113.44
Index: 54.1949 85.3387 1174.36
Middle: 15.4574 19.9594 1129.01
Ring: 7.50589 108.478 1188.81
Little: -14.435 48.2138 1116.53
Thumb: 81.6066 115.729 1113.65
Index: 53.9807 83.6605 1174.63
Middle: 16.0872 20.9677 1129.88
Ring: 7.49193 108.331 1188.73
Little: -14.323 48.0606 1116.28
Thumb: 81.9106 116.121 1114.86
Index: 55.6349 83.8076 1174.67
Middle: 16.6253 20.8838 1129.94
Ring: 8.79515 108.214 1188.83
Little: -13.0454 47.9566 1116.31
Thumb: 84.7365 118.875 1112.53
Index: 55.5865 83.5963 1174.98
Middle: 16.5377 20.7302 1130.48
Ring: 8.78413 108.103 1189.04
Little: -12.9811 47.6434 1116.66
Thumb: 93.2959 118.079 1113.88
Index: 54.4323 82.8796 1176.77
Middle: 14.9235 21.6124 1131.16
Ring: 7.58899 108.984 1189.31
Little: -11.898 48.5519 1116.26
Thumb: 85.7835 120.849 1111.85
Index: 56.4237 88.7958 1177.13
Middle: 15.6481 23.8162 1131.45
Ring: 8.73506 111.204 1189.52
Little: -10.5227 50.3292 1116.87
Thumb: 85.6017 120.626 1111.15
Index: 57.5553 89.6671 1176.78
Middle: 16.5623 23.874 1131.22
Ring: 9.74922 110.268 1189.55
Little: -9.75485 50.2754 1116.67
Thumb: 87.961 123.225 1114.79
Index: 59.8285 91.9045 1176.63
Middle: 17.098 24.8689 1130.31
Ring: 10.727 111.536 1189.12
Little: -8.81855 51.5437 1115.72
Thumb: 89.5009 124.243 1115.63
Index: 61.0733 92.8535 1176.92
Middle: 19.1842 26.481 1130.86
Ring: 11.3642 113.583 1188.98
Little: -6.95822 52.3094 1115.65
Thumb: 93.3871 124.705 1116.54
Index: 63.3707 93.5703 1176
Middle: 22.3781 26.4743 1129.14
Ring: 14.2885 111.328 1188.44
Little: -3.64064 52.3091 1113.77
Thumb: 97.6359 127.016 1116.6
Index: 67.6966 92.9195 1175.52
Middle: 26.5988 26.5832 1128.48
Ring: 17.7534 110.073 1188.17
Little: 0.355086 51.4093 1112.87
Thumb: 102.97 129.21 1119
Index: 72.5688 95.4872 1175.39
Middle: 31.6921 29.8498 1126.52
Ring: 22.7078 114.589 1187.37
Little: 5.68172 53.7304 1110.52
Thumb: 141.939 158.394 1100.29
Index: 75.9243 96.7691 1176.89
Middle: 37.4712 35.5082 1123.6
Ring: 23.2322 117.253 1186.92
Little: 12.4824 58.0183 1106.97
