Thumb: 32.9554 91.7207 1121.92
Index: -64.5745 28.1944 1098.23
Middle: -101.42 40.8207 1097.63
Ring: -124.543 62.0639 1082.41
Little: -141.773 103.039 1080.87
Thumb: 38.0441 90.0895 1105.51
Index: -66.1573 27.1755 1091.98
Middle: -96.6053 34.2093 1089.42
Ring: -87.4995 41.4047 1079.9
Little: -111.291 79.6169 1076.22
Thumb: 30.7201 86.4858 1108.7
Index: -73.3478 25.8629 1090.28
Middle: -102.461 36.6898 1091.72
Ring: -93.5258 42.3728 1080.56
Little: -115.514 81.5687 1075.05
Thumb: 26.2358 86.5643 1108.76
Index: -76.902 23.0532 1090.75
Middle: -104.422 36.4907 1094.73
Ring: -96.7956 39.3703 1084.11
Little: -113.036 132.215 1136.15
Thumb: 21.1013 83.5667 1105.96
Index: -80.5984 24.6337 1096.36
Middle: -107.337 35.7191 1095.92
Ring: -100.257 38.876 1082.52
Little: -114.462 130.999 1139.14
Thumb: 11.1723 85.8939 1111.94
Index: -84.2295 26.3472 1096.02
Middle: -110.131 36.009 1095.36
Ring: -102.116 40.4375 1084.44
Little: -115.181 132.385 1139.41
Thumb: 7.3831 86.6801 1109.93
Index: -87.4428 27.9332 1094.3
Middle: -110.81 37.4956 1097.69
Ring: -128.073 51.2424 1085.86
Little: -115.565 135.554 1140.06
Thumb: 1.86683 85.7675 1111.18
Index: -91.3592 30.3473 1098.31
Middle: -112.338 40.0761 1101.85
Ring: -127.34 57.2592 1101.83
Little: -113.795 137.406 1143.09
Thumb: 0.242433 86.1785 1112.82
Index: -96.6883 33.3788 1096.13
Middle: -114.606 41.3712 1101.01
Ring: -127.597 59.687 1104.34
Little: -112.981 139.676 1142.97
Thumb: -2.15744 84.6649 1114.1
Index: -97.8902 35.4189 1100.26
Middle: -119.123 40.9803 1100.83
Ring: -127.924 59.7406 1107.16
Little: -111.239 138.564 1145.44
Thumb: -7.58973 83.5005 1113.88
Index: -101.205 34.5649 1098.34
Middle: -121.461 42.0556 1101.9
Ring: -129.002 59.7239 1108.13
Little: -110.842 136.16 1146.18
Thumb: -8.41368 83.5042 1118.23
Index: -101.48 35.5342 1100.62
Middle: -121.693 41.2472 1102.3
Ring: -126.301 59.124 1108.78
Little: -109.272 137.474 1146.56
Thumb: -9.96864 83.5135 1117.32
Index: -99.1091 34.5411 1100.89
Middle: -121.451 39.4344 1100.77
Ring: -124.932 58.1856 1110.29
Little: -109.527 134.838 1146.06
Thumb: -8.55649 83.3231 1108.89
Index: -97.1838 33.2713 1094.96
Middle: -115.189 39.1379 1103.21
Ring: -120.278 57.0111 1110.85
Little: -105.322 135.224 1145.95
Thumb: -6.51211 86.3445 1108.93
Index: -86.8558 33.8306 1099.47
Middle: -108.891 38.5217 1103.65
Ring: -113.088 57.3291 1112.45
Little: -99.6395 135.125 1146.07
Thumb: -2.54506 87.8512 1112.04
Index: -77.5246 34.7584 1102.54
Middle: -102.139 38.7029 1102.73
Ring: -107.206 57.7213 1111.2
Little: -121.936 85.0975 1103.11
Thumb: 3.4917 83.6633 1110.04
Index: -69.8117 33.0808 1100.05
Middle: -93.4004 36.4731 1100.45
Ring: -99.5515 55.6389 1109.48
Little: -113.698 84.867 1105.08
Thumb: 9.13732 83.3847 1106.82
Index: -60.3479 32.3772 1098.34
Middle: -83.929 36.71 1102.19
Ring: -92.1916 53.2041 1106.96
Little: -106.565 80.5626 1099.86
Thumb: 17.1919 86.8237 1107.64
Index: -50.2294 33.4784 1100.63
Middle: -74.4622 32.6374 1100.55
Ring: -84.0943 50.6103 1106.97
Little: -100.309 77.0383 1098.23
Thumb: 22.772 89.1557 1103.45
Index: -40.1667 34.5124 1100.14
Middle: -62.8561 30.4532 1099.14
Ring: -78.8829 48.2196 1104.39
Little: -91.2312 74.2417 1096.41
Thumb: 32.6767 90.6784 1104.72
Index: -31.3473 33.078 1099.18
Middle: -54.1405 28.7387 1101.09
Ring: -70.8529 42.8816 1102.62
Little: -82.4212 70.6621 1098.75
Thumb: 41.5174 90.5333 1105.81
Index: -24.2442 33.0907 1096.78
Middle: -49.7127 27.868 1097.2
Ring: -62.7943 44.1078 1102.09
Little: -77.2502 70.555 1096.98
Thumb: 47.3965 88.747 1109.91
Index: -18.1114 32.416 1101.83
Middle: -44.626 25.0148 1099.32
Ring: -57.3954 41.097 1104.08
Little: -70.5531 66.3318 1097.96
Thumb: 53.1632 89.5839 1112.65
Index: -12.8293 30.0904 1099.84
Middle: -37.9002 25.0246 1100.35
Ring: -50.3369 39.9902 1105.61
Little: -64.4485 63.3346 1095.82
Thumb: 59.0131 90.3869 1112.94
Index: -5.1622 26.3643 1098.63
Middle: -31.4226 21.8538 1099.8
Ring: -43.7091 36.3694 1105.37
Little: -59.4508 59.5169 1096.71
Thumb: 66.593 85.467 1107.96
Index: 2.76887 25.445 1098.06
Middle: -24.026 19.65 1097.82
Ring: -37.8837 33.298 1102.91
Little: -51.8461 57.0809 1094.68
Thumb: 75.1741 87.7065 1112.23
Index: 12.0194 23.2016 1101.71
Middle: -16.2508 13.3961 1093.73
Ring: -31.1012 29.824 1103.08
Little: -47.5811 54.4681 1096.85
Thumb: 83.2443 88.5513 1114.33
Index: 20.1119 19.5419 1100.76
Middle: -9.94995 12.5565 1093.74
Ring: -25.1864 30.1733 1103.63
Little: -41.2887 53.0304 1096.11
Thumb: 92.4257 87.9213 1115.46
Index: 31.2148 17.4643 1101.52
Middle: -2.00004 10.6385 1091.05
Ring: -18.088 27.9919 1103.48
Little: -37.2845 52.6764 1099.29
Thumb: 99.3735 90.4687 1115.7
Index: 40.4859 16.6448 1100.51
Middle: 5.19093 9.32159 1091.58
Ring: -11.4746 26.2174 1102.56
Little: -32.5895 48.8388 1096.21
Thumb: 110.202 87.3222 1109.39
Index: 46.8829 13.2764 1100.91
Middle: 11.8552 5.52759 1091.43
Ring: -3.80612 25.802 1103.54
Little: -26.7829 45.7828 1100.44
Thumb: 119.101 88.6812 1109.77
Index: 54.3289 12.3036 1097.28
Middle: 19.7383 4.75878 1091.04
Ring: 3.20396 22.873 1100.73
Little: -19.5991 43.6975 1097.7
Thumb: 128.962 89.7976 1110.18
Index: 59.9558 11.0377 1099.85
Middle: 25.1253 4.3452 1090.72
Ring: 8.28998 21.6495 1099.21
Little: -14.5188 43.3258 1098.62
Thumb: 134.63 89.4877 1111.86
Index: 64.7872 10.293 1093.11
Middle: 31.035 5.72769 1086.75
Ring: 14.5067 24.4313 1096.27
Little: -10.6429 46.5298 1091.74
Thumb: 140.13 89.59 1105.03
Index: 71.3567 10.7216 1094.45
Middle: 36.5299 5.62626 1081.19
Ring: 24.0708 34.2359 1098.59
Little: -6.14743 46.9714 1093.08
Thumb: 144.909 90.5107 1104.81
Index: 76.5337 10.9877 1094.94
Middle: 41.744 5.83749 1081.98
Ring: 28.5806 32.2302 1100.29
Little: -0.769842 47.7344 1094.24
Thumb: 149.361 94.0309 1110.34
Index: 79.785 9.57988 1092.15
Middle: 46.0161 3.86753 1077.53
Ring: 32.371 33.1991 1098.58
Little: 2.73509 45.9518 1095.42
Thumb: 153.736 95.2015 1109.98
Index: 83.5659 11.7988 1097.39
Middle: 49.138 3.59116 1081.07
Ring: 35.0553 31.9589 1100.71
Little: 5.55957 45.5849 1097.1
Thumb: 158.325 99.7727 1112.15
Index: 87.5067 10.2607 1098.71
Middle: 53.3186 1.5811 1079.51
Ring: 38.376 29.359 1101.38
Little: 11.2533 51.9221 1104.78
Thumb: 164.159 97.5697 1113.02
Index: 88.0011 9.0694 1099.8
Middle: 53.8335 2.16872 1081.23
Ring: 40.4583 32.7727 1102.09
Little: 17.1651 65.3339 1110
Thumb: 164.198 97.7144 1114.88
Index: 89.6484 8.52124 1097.65
Middle: 56.0643 2.16324 1082.58
Ring: 61.0069 96.1527 1147.39
Little: 22.7885 80.6234 1101.26
Thumb: 165.693 98.2142 1116.99
Index: 89.6855 9.01596 1099.76
Middle: 56.263 2.3537 1082.25
Ring: 60.3521 97.1731 1146.55
Little: 23.6776 83.3919 1098.87
Thumb: 166.396 97.9756 1117.77
Index: 87.9303 8.88682 1098.12
Middle: 54.7631 3.20903 1082.64
Ring: 58.7764 95.2855 1149.04
Little: 23.005 84.4496 1097.97
Thumb: 165.692 96.9965 1117.4
Index: 89.0946 25.9433 1106.82
Middle: 50.3926 5.09393 1078.8
Ring: 58.5195 100.585 1147.94
Little: 21.7967 89.0452 1101.56
Thumb: 163.83 96.6812 1116.57
Index: 86.3847 31.5704 1106.78
Middle: 46.3772 8.55153 1079.37
Ring: 56.8976 106.386 1147.09
Little: 19.3175 90.9252 1096.28
Thumb: 160.538 95.5847 1117.16
Index: 81.6954 29.5269 1105.62
Middle: 42.2679 9.16584 1077.17
Ring: 53.8425 106.788 1147.07
Little: 16.8437 92.7663 1096.7
Thumb: 154.922 93.6981 1118.05
Index: 76.5191 28.939 1107.85
Middle: 36.3979 9.51976 1080.32
Ring: 50.7933 106.464 1147.29
Little: 13.7458 94.1613 1097.59
Thumb: 151.02 93.9434 1118.08
Index: 70.4178 26.7703 1107.69
Middle: 31.0808 9.88292 1079.91
Ring: 46.4382 107.043 1148.06
Little: 15.1075 109.322 1103.96
Thumb: 144.191 93.5451 1117.73
Index: 65.8272 28.2196 1106.17
Middle: 25.5352 10.2555 1080.92
Ring: 40.0443 103.9 1158.53
Little: 10.9137 111.164 1103.75
Thumb: 141.309 91.4487 1118.87
Index: 74.9708 60.7928 1106.1
Middle: 17.7864 12.0572 1081.86
Ring: 35.7494 105.752 1161.62
Little: 0.227983 102.382 1134.72
Thumb: 132.952 92.5296 1120.9
Index: 69.5099 62.4472 1106.15
Middle: 11.3859 14.7034 1080.01
Ring: 29.0862 104.673 1160.77
Little: -7.4014 99.7473 1134.27
Thumb: 123.842 92.4317 1123.38
Index: 62.4321 62.8255 1108.05
Middle: 4.05942 15.3815 1081.41
Ring: 22.539 107.827 1160.17
Little: -12.4929 105.83 1136.29
Thumb: 113.342 94.3068 1125.63
Index: 54.6224 62.9271 1112.11
Middle: -1.67751 14.6793 1080.63
Ring: 6.0336 94.3154 1156.6
Little: -22.433 103.057 1134.31
Thumb: 105.492 94.9075 1126.71
Index: 49.246 64.5691 1111.76
Middle: -8.02741 17.1549 1082.99
Ring: -0.78805 94.3225 1156.1
Little: -28.2151 104.719 1134.57
Thumb: 97.9626 94.5643 1127.99
Index: 43.3995 64.7111 1113.69
Middle: -14.9058 18.3433 1085.42
Ring: -6.34232 95.2485 1155.08
Little: -34.5671 105.132 1135.83
Thumb: 94.2327 94.3738 1126.59
Index: 37.9797 65.6297 1117.05
Middle: -22.155 18.6085 1090.07
Ring: -5.3104 104.338 1160.58
Little: -38.7388 106.807 1142.44
Thumb: 89.467 96.7435 1130.21
Index: 32.133 66.8811 1118.95
Middle: -25.9587 19.6066 1091.27
Ring: -16.2351 98.484 1161.67
Little: -43.9207 110.066 1143.41
Thumb: 86.4745 96.7853 1127.65
Index: 25.6961 65.51 1120.49
Middle: -31.0548 19.1741 1093.19
Ring: -17.5149 107.165 1162.63
Little: -46.6963 117.538 1148.13
Thumb: 81.0332 94.0716 1136.52
Index: 8.59366 48.0705 1131.99
Middle: -33.08 15.8568 1098.13
Ring: -29.0916 108.163 1160.96
Little: -56.7846 119.079 1147.13
Thumb: 68.7449 96.9318 1163.96
Index: -19.5028 29.8149 1136.26
Middle: -34.8059 17.2432 1100.83
Ring: -59.7956 66.5171 1150.06
Little: -67.781 110.311 1137.09
Thumb: 28.4692 106.41 1200.8
Index: -41.603 32.8155 1118.7
Middle: -38.756 18.713 1098.58
Ring: -65.8173 50.9355 1099.95
Little: -71.5331 83.917 1080.27
Thumb: -16.5891 120.609 1196.78
Index: -49.2817 35.9032 1125.68
Middle: -43.5651 20.6867 1104.74
Ring: -58.6357 44.9378 1091.54
Little: -33.6481 55.783 1068.05
Thumb: -32.6645 134.23 1203.33
Index: -40.7817 34.6385 1116.01
Middle: -47.1357 24.7116 1110.98
Ring: -51.4207 38.5886 1090.85
Little: -35.2644 60.271 1067.3
Thumb: -46.0211 140.962 1201.2
Index: -46.1499 35.0035 1122.16
Middle: -52.9086 25.9527 1110.83
Ring: -54.6389 37.1506 1093.67
Little: -41.9732 60.8206 1071.76
Thumb: -59.9201 146.733 1202.95
Index: -48.5806 34.7782 1123.21
Middle: -57.185 27.1446 1110.59
Ring: -59.0135 39.4742 1090.37
Little: -41.4317 60.9957 1075.8
Thumb: -72.4679 151.343 1193.54
Index: -50.787 38.1636 1115.32
Middle: -57.1073 30.3839 1103.83
Ring: -57.9782 44.9188 1078.47
Little: -37.7332 66.6096 1069.9
Thumb: -87.3204 154.418 1194.66
Index: -58.011 33.0198 1120.43
Middle: -62.5532 30.0221 1094.18
Ring: -57.7989 43.0485 1075.09
Little: -36.6548 64.6655 1067.76
Thumb: -104.659 154.972 1181.56
Index: -59.658 32.7702 1120.58
Middle: -64.9197 29.6052 1098.64
Ring: -53.5632 38.4067 1081.88
Little: -34.7202 64.1245 1066.12
Thumb: -94.0734 174.833 1158.21
Index: -54.2927 40.0316 1111.95
Middle: -63.6628 30.5948 1084.52
Ring: -64.774 40.7221 1113.08
Little: -42.5692 54.3736 1071.58
Thumb: -106.444 174.779 1147.96
Index: -60.1609 38.5901 1110.57
Middle: -71.9355 26.1481 1108.31
Ring: -68.6741 38.7661 1112.71
Little: -41.1559 51.4423 1073.98
Thumb: -113.724 173.824 1137.25
Index: -94.7202 60.9457 1071.45
Middle: -75.1842 27.2474 1108.82
Ring: -72.6487 40.7037 1113.28
Little: -40.7326 50.8067 1079.23
Thumb: -119.657 175.12 1132.71
Index: -98.7393 65.2441 1065.7
Middle: -78.2314 26.925 1108.12
Ring: -76.5874 40.9783 1112.88
Little: -42.4907 50.013 1081.42
Thumb: -124.5 177.708 1124.91
Index: -98.9632 69.1309 1059.26
Middle: -78.9992 27.7743 1104.77
Ring: -78.3012 40.5352 1108.7
Little: -42.6564 50.8082 1084.98
Thumb: -128.133 177.964 1114.58
Index: -99.5327 73.113 1054.48
Middle: -79.5344 28.0174 1105.92
Ring: -81.1591 42.4348 1109.71
Little: -42.3653 50.7469 1089.67
Thumb: -131.178 177.604 1107.83
Index: -104.279 74.7029 1052.52
Middle: -81.1435 28.3642 1106.95
Ring: -82.0772 42.499 1111.12
Little: -43.6701 51.0367 1091.7
Thumb: -132.561 178.498 1102.99
Index: -107.128 70.5422 1054.35
Middle: -83.3127 28.2576 1106.13
Ring: -84.1711 42.6276 1110.9
Little: -45.084 50.4227 1091.38
Thumb: -133.877 177.481 1095.71
Index: -113.458 71.9838 1053.91
Middle: -83.8086 27.9006 1106.92
Ring: -85.9992 43.0873 1110.19
Little: -45.2004 50.1354 1094.05
Thumb: -133.001 178.395 1089.55
Index: -110.573 78.4338 1046.22
Middle: -85.4648 28.4797 1105.68
Ring: -87.0932 43.4901 1110.52
Little: -45.5277 50.4845 1099.93
Thumb: -134.125 179.768 1084.84
Index: -108.938 80.4502 1042.05
Middle: -86.7042 29.3876 1107.65
Ring: -88.9878 44.5824 1109.85
Little: -47.3897 50.6591 1097.4
Thumb: -132.821 182.615 1077.1
Index: -108.361 77.7313 1039.01
Middle: -88.8195 30.6808 1101.39
Ring: -90.1978 44.3972 1106.03
Little: -49.352 51.4433 1099.16
Thumb: -134.371 182.817 1072.87
Index: -105.389 86.07 1033
Middle: -89.0795 31.5293 1099.52
Ring: -90.6427 44.8067 1100.04
Little: -49.6332 52.3544 1095.27
Thumb: -133.206 183.877 1067.44
Index: -102.12 90.865 1025.58
Middle: -89.4861 30.7919 1095.19
Ring: -91.1035 44.3872 1096.3
Little: -50.1766 51.6338 1091.81
Thumb: -133.414 184.648 1063.61
Index: -105.868 79.7576 1025.16
Middle: -89.4669 30.8577 1091.87
Ring: -90.7995 44.0011 1092.12
Little: -50.1787 51.629 1088.9
Thumb: -131.591 185.123 1059.65
Index: -100.568 85.686 1018.68
Middle: -88.3585 31.5435 1085.15
Ring: -89.9531 44.072 1089.22
Little: -48.9424 51.71 1089.48
Thumb: -132.084 185.821 1058.35
Index: -96.0875 97.6277 1015.33
Middle: -87.9896 31.2441 1083.81
Ring: -89.8722 43.7568 1086.8
Little: -49.0201 51.6759 1088.93
Thumb: -133.905 185.606 1057.73
Index: -102.341 83.2771 1016.07
Middle: -87.881 31.3755 1081.63
Ring: -89.4512 43.8084 1085.38
Little: -48.3773 51.5482 1082.95
Thumb: -133.355 184.805 1054.59
Index: -101.593 83.8087 1013.39
Middle: -87.4437 31.0142 1079.9
Ring: -90.1243 44.2813 1084.76
Little: -48.2466 51.4943 1083.33
Thumb: -134.213 183.721 1053.14
Index: -97.0253 93.5634 1008.27
Middle: -87.3902 31.5015 1081.1
Ring: -88.0935 45.223 1082.91
Little: -45.444 52.9026 1082.13
Thumb: -134.244 185.841 1054.3
Index: -97.6995 88.0982 1009.28
Middle: -85.6255 31.7681 1080.9
Ring: -87.7052 46.052 1083.45
Little: -44.4872 53.1175 1083.06
Thumb: -133.173 184.692 1054.29
Index: -94.5351 91.225 1009.27
Middle: -83.799 32.8247 1081.33
Ring: -86.6582 48.0338 1081.74
Little: -42.0489 54.5577 1083.28
Thumb: -133.375 183.672 1057.09
Index: -92.2451 93.7673 1009.06
Middle: -81.4548 32.5848 1083.42
Ring: -83.2049 46.6028 1084.63
Little: -39.6494 54.1689 1081.45
Thumb: -132.379 183.091 1059.08
Index: -94.7444 87.4856 1021.08
Middle: -77.4672 35.9245 1075.83
Ring: -80.9981 47.4839 1090.82
Little: -36.7667 54.2678 1083.01
Thumb: -131.96 181.4 1061.42
Index: -92.0722 87.7539 1020.03
Middle: -74.285 30.7684 1093.39
Ring: -75.5464 44.3672 1092.92
Little: -34.4787 54.2925 1086.85
Thumb: -132.175 179.744 1066.82
Index: -89.9455 84.9574 1027.3
Middle: -70.8006 31.6743 1098.71
Ring: -72.0111 45.6141 1097.38
Little: -29.924 55.7743 1091.44
Thumb: -133.998 176.14 1069.46
Index: -86.05 90.5915 1026.13
Middle: -65.8257 29.7958 1101.88
Ring: -69.6787 43.8753 1098.27
Little: -27.6838 55.0965 1093.2
Thumb: -133.125 174.024 1071.24
Index: -84.21 83.5771 1028
Middle: -60.8941 28.812 1102.78
Ring: -65.1458 42.994 1100.04
Little: -23.3244 55.2521 1095.13
Thumb: -131.882 171.405 1075.92
Index: -85.0075 61.1019 1061.78
Middle: -56.9194 28.3586 1105.01
Ring: -60.1711 42.4285 1104.22
Little: -19.452 55.2132 1095.39
Thumb: -130.116 167.157 1078.71
Index: -80.7339 61.6565 1063.13
Middle: -51.3122 25.1998 1106.8
Ring: -53.5862 37.0239 1102.43
Little: -15.9959 53.1459 1098.3
Thumb: -120.853 166.54 1083.72
Index: -73.0902 60.111 1066.7
Middle: -47.3071 22.8883 1104.92
Ring: -48.7655 35.4498 1105.01
Little: -10.7984 50.0142 1098.48
Thumb: -115.513 164.495 1087.47
Index: -65.5268 59.5978 1065.66
Middle: -38.9971 21.7546 1103.37
Ring: -43.4612 36.3575 1104.99
Little: -2.18175 49.9615 1099.13
Thumb: -111.423 159.38 1087.2
Index: -54.6886 90.8917 1052.09
Middle: -30.6258 17.4784 1103.08
Ring: -34.1472 31.0633 1104.95
Little: 5.54767 46.8401 1100.57
Thumb: -105.606 154.286 1086.25
Index: -48.7423 88.0148 1046.86
Middle: -22.022 16.2282 1109.23
Ring: -26.8284 30.0296 1108.46
Little: 12.9415 45.7339 1100.42
Thumb: -100.311 149.85 1088.93
Index: -43.1078 78.8172 1031.83
Middle: -15.6976 13.1076 1106.86
Ring: -21.6879 27.8582 1106.58
Little: 20.3779 43.3564 1100.18
Thumb: -97.3764 146.052 1088.45
Index: -33.5948 79.8983 1030.07
Middle: -5.86635 11.9503 1109.22
Ring: -11.5377 26.225 1107.47
Little: 29.8136 43.575 1101.09
Thumb: -92.425 144.642 1086.18
Index: -29.0025 78.6332 1027.77
Middle: -0.0646726 11.2507 1109.06
Ring: 23.8242 84.5735 1014.21
Little: 36.0236 43.1811 1101.72
Thumb: -88.3247 142.232 1087.17
Index: -23.477 64.7736 1028.61
Middle: 7.43942 9.43121 1108.78
Ring: 29.7337 83.771 1014.2
Little: 41.7811 41.2532 1096.66
Thumb: -87.6859 142.921 1085.5
Index: -15.0849 73.7177 1024.17
Middle: 16.1451 9.25682 1107.81
Ring: 36.5639 81.4995 1013.99
Little: 50.0439 42.3678 1095.01
Thumb: -81.9547 143.244 1088.36
Index: -9.43114 71.646 1025.99
Middle: 23.4317 9.57171 1105.65
Ring: 41.6898 82.9946 1013.34
Little: 57.1982 43.6163 1096.92
Thumb: -76.5293 142.345 1091.05
Index: -2.7424 74.2657 1023.79
Middle: 29.2423 9.06753 1106.92
Ring: 48.6424 83.4548 1012.94
Little: 62.5902 43.3241 1097.27
Thumb: -70.061 143.135 1095.54
Index: 4.38445 72.5584 1025.03
Middle: 35.4046 9.79531 1108.62
Ring: 56.1888 86.703 1013.42
Little: 87.3701 86.8242 1034.28
Thumb: -64.628 144.795 1095.11
Index: 10.5599 68.4983 1024.02
Middle: 41.4708 8.40179 1102.48
Ring: 63.03 85.7869 1014.19
Little: 95.455 89.9486 1034.75
Thumb: -58.0454 146.767 1094.93
Index: 15.7607 72.4633 1024.3
Middle: 46.4491 8.58613 1103.62
Ring: 68.9044 85.1895 1014.54
Little: 100.237 85.9385 1035.42
Thumb: -54.3033 149.449 1097.72
Index: 17.7363 64.5402 1028.76
Middle: 49.9782 6.68251 1101.45
Ring: 71.067 82.9274 1015.76
Little: 103.044 84.3863 1035.65
Thumb: -50.0618 150.472 1101.67
Index: 17.7189 71.7367 1028.52
Middle: 48.8129 7.9545 1110.14
Ring: 72.412 85.8282 1015.93
Little: 103.579 83.3718 1035.43
Thumb: -47.3688 152.715 1110.79
Index: 10.2738 53.6649 1041.95
Middle: 45.9622 8.72617 1112.53
Ring: 63.3532 86.3535 1016.96
Little: 96.9474 83.8389 1032.52
Thumb: -42.005 154.439 1124.48
Index: 5.89921 49.3316 1053.62
Middle: 36.9055 15.5639 1100.65
Ring: 54.9581 84.6049 1019.89
Little: 91.8143 84.6997 1031.33
Thumb: -34.0881 159.682 1131.3
Index: 4.93585 50.1601 1062.4
Middle: 32.8768 20.8706 1101.84
Ring: 53.1667 27.622 1085.63
Little: 88.7239 85.3216 1030.78
Thumb: -28.7817 163.092 1139.85
Index: 7.89632 53.6867 1069.83
Middle: 28.9809 27.5514 1106.08
Ring: 46.5303 31.5411 1088.17
Little: 73.9881 65.9986 1052.96
Thumb: -19.4789 166.313 1150.36
Index: 42.238 34.5115 1114.06
Middle: 28.4579 23.0296 1125.73
Ring: 36.4683 29.7865 1098.63
Little: 81.1024 95.3297 1046.22
Thumb: -13.403 169.152 1154.88
Index: 34.9195 48.0024 1111.1
Middle: 29.4664 27.5984 1128.6
Ring: 31.0292 35.8841 1097.7
Little: 74.4097 98.7704 1044.05
Thumb: -6.8022 169.939 1160.24
Index: 17.945 59.1144 1136.33
Middle: 34.4173 31.8912 1130.5
Ring: 33.9662 39.2337 1102.51
Little: 81.6977 102.613 1052.5
Thumb: -1.73088 170.907 1166.9
Index: 39.9713 42.1957 1132.63
Middle: 35.6841 32.4662 1128.52
Ring: 28.264 54.7261 1090.43
Little: 79.0294 104.194 1051.62
Thumb: 4.7026 171.464 1172.34
Index: 40.909 43.3002 1131.58
Middle: 36.3158 33.3085 1126.53
Ring: 30.2409 55.407 1092.51
Little: 74.6243 104.017 1050.59
Thumb: 13.3125 173.078 1180.15
Index: 44.9687 45.0508 1126.04
Middle: 37.312 34.9152 1128.09
Ring: 32.7493 44.1843 1104.44
Little: 72.6724 105.316 1050.3
Thumb: 22.445 175.766 1183.27
Index: 46.0924 46.2021 1125.86
Middle: 37.8017 36.3659 1126.85
Ring: 31.8269 46.2783 1105.71
Little: 56.5444 111.005 1039.72
Thumb: 33.8468 177.448 1182.8
Index: 46.4695 48.1603 1123.31
Middle: 37.8901 38.8892 1125.89
Ring: 32.7595 49.4624 1108.08
Little: 52.2344 112.781 1034.74
Thumb: 39.1685 174.785 1184.8
Index: 46.2779 48.6122 1127.59
Middle: 37.2296 41.1625 1128.56
Ring: 26.0515 55.786 1103.77
Little: 50.1269 116.615 1033.87
Thumb: 44.9948 172.016 1191.36
Index: 48.9121 48.2244 1129.72
Middle: 37.4769 43.2127 1133.26
Ring: 25.7 59.0108 1109.12
Little: 66.5677 112.005 1043.26
Thumb: 45.5534 171.219 1191.72
Index: 46.8104 48.6764 1134.71
Middle: 38.2669 42.5087 1131.73
Ring: 25.9846 58.7936 1108.35
Little: 67.1984 112.087 1043.25
Thumb: 46.2771 169.399 1191.22
Index: 49.3789 47.6223 1135.81
Middle: 38.5464 42.065 1131.92
Ring: 25.8255 57.7256 1109.33
Little: 67.7273 112.923 1042.44
Thumb: 47.1759 168.425 1191.28
Index: 50.1054 47.4437 1135.77
Middle: 39.4369 42.0559 1133.06
Ring: 23.9274 58.8751 1107.84
Little: 68.043 113.632 1041.89
Thumb: 46.3512 166.195 1192.61
Index: 50.8673 46.6249 1138.63
Middle: 39.4815 41.7308 1135.71
Ring: 23.2 58.38 1109.16
Little: 67.808 113.057 1043.71
Thumb: 42.3923 164.137 1192.36
Index: 47.7462 46.977 1134.78
Middle: 37.908 42.1453 1137.32
Ring: 22.5276 58.0194 1110.14
Little: 67.19 113.005 1045
Thumb: 40.2456 162.375 1192.54
Index: 45.6278 45.8828 1135.79
Middle: 35.2485 41.5373 1136.94
Ring: 20.22 58.0206 1108.94
Little: 65.2938 110.653 1046.27
Thumb: 35.2459 159.899 1191.7
Index: 44.5836 45.1256 1140.9
Middle: 33.2451 41.5645 1138.73
Ring: 18.1061 58.6878 1109.62
Little: 65.3422 109.254 1048.61
Thumb: 32.0055 158.514 1189.75
Index: 39.1686 45.1222 1138.78
Middle: 28.5789 41.2194 1137.9
Ring: 13.6751 60.7211 1107.24
Little: 64.836 107.346 1048.92
Thumb: 26.8062 156.278 1188.97
Index: 36.0079 44.9928 1140.15
Middle: 25.0198 41.9008 1140
Ring: 11.8649 60.5428 1108.1
Little: 64.0544 106.942 1050.78
Thumb: 21.1229 152.806 1183.75
Index: 34.823 44.1326 1141.74
Middle: 22.6688 42.3391 1138.94
Ring: 10.3666 60.3028 1106.05
Little: 65.2774 105.621 1050.64
Thumb: 15.807 149.587 1179.57
Index: 31.0979 44.0201 1141.03
Middle: 19.8623 41.5036 1138.24
Ring: 7.90074 60.3646 1105.4
Little: 63.6336 104.885 1050.57
Thumb: 9.851 147.533 1177.82
Index: 27.6761 42.1942 1141.81
Middle: 15.7104 40.2907 1139.6
Ring: 2.97316 61.4358 1102.54
Little: 62.7755 103.975 1051.57
Thumb: 5.20979 143.666 1173.11
Index: 27.3371 42.8072 1145.82
Middle: 16.079 40.2857 1143.26
Ring: 2.45705 61.851 1103.56
Little: 62.2907 102.8 1053.19
Thumb: -1.87194 138.902 1169.13
Index: 24.2614 39.0904 1146.68
Middle: 12.8191 37.4052 1143.73
Ring: 1.44344 54.4243 1106.57
Little: 59.7841 100.226 1053.28
Thumb: -8.05535 135.244 1165.57
Index: 18.0507 38.9112 1146.67
Middle: 9.61444 37.4033 1140.89
Ring: 5.86672 45.3514 1111.97
Little: 58.0952 96.8085 1053.29
Thumb: -11.2978 130.915 1161.64
Index: 9.19296 49.3182 1142.37
Middle: 2.01835 41.5584 1128.99
Ring: 11.8809 39.852 1114.53
Little: 57.2763 95.2387 1051.79
Thumb: -14.49 126.336 1157.69
Index: 6.4422 48.3514 1144.74
Middle: -2.32699 42.5639 1128.99
Ring: 11.5063 38.1539 1111.55
Little: 53.1659 95.6203 1048.52
Thumb: -17.237 120.84 1153.69
Index: 5.27888 48.2419 1141.95
Middle: -4.47648 41.6909 1122.74
Ring: 10.2706 35.0755 1108.8
Little: 49.9073 94.6945 1045.31
Thumb: -19.1924 116.385 1152.12
Index: 0.267176 47.4562 1143.89
Middle: -8.25362 41.1 1122.59
Ring: 6.91562 34.6659 1107.53
Little: 48.8291 94.9877 1044.77
Thumb: -20.4695 113.493 1147.44
Index: -3.10016 50.8515 1145.32
Middle: -10.1305 40.5912 1121.87
Ring: 4.44551 35.5086 1105.54
Little: 46.7314 93.9605 1043.66
Thumb: -20.9842 113.355 1146.01
Index: -5.93406 52.8599 1144.03
Middle: -12.6684 41.8453 1120.63
Ring: 1.54319 36.3335 1104.3
Little: 44.6542 93.5117 1042.52
Thumb: -23.4809 113.622 1142.07
Index: -11.6464 56.2988 1145.47
Middle: -19.1239 45.7707 1120.65
Ring: -3.83958 37.691 1106.52
Little: 44.2205 92.3239 1042.58
Thumb: -22.1122 118.065 1139.36
Index: -16.0544 67.2747 1152.95
Middle: -22.3141 54.7383 1122.08
Ring: -7.02857 42.3034 1111.62
Little: 45.149 91.9837 1042.61
Thumb: -24.9665 117.138 1136.57
Index: -23.8038 76.4491 1147.45
Middle: -27.1153 63.0212 1118.2
Ring: -14.3612 43.7828 1114.26
Little: 42.8672 89.7183 1044.02
Thumb: -23.2355 117.77 1138.76
Index: -28.1786 84.4952 1145.27
Middle: -24.237 73.3799 1115.12
Ring: -18.5736 48.0725 1116.07
Little: 37.069 91.1885 1039.16
Thumb: -28.4714 114.19 1135.18
Index: -35.1343 89.8847 1135.09
Middle: -27.9522 77.5853 1116.77
Ring: -24.1813 51.047 1120.04
Little: 36.3717 89.5766 1046.68
Thumb: -30.812 112.914 1133.09
Index: -36.5544 91.8634 1131.07
Middle: -32.9467 77.2864 1117.57
Ring: -30.541 53.317 1118.02
Little: 34.1882 85.7521 1050.35
Thumb: -32.9092 112.683 1132.67
Index: -39.0899 91.4039 1129.1
Middle: -43.1752 77.3244 1113.56
Ring: -34.5125 54.2186 1115.68
Little: 31.3216 85.6721 1049.85
Thumb: -35.0764 113.832 1132.67
Index: -49.3623 94.8833 1121.31
Middle: -48.8585 77.1605 1112.32
Ring: -39.1094 55.7682 1117.34
Little: 22.9552 88.9254 1040.69
Thumb: -36.99 113.942 1132.2
Index: -58.9593 85.4425 1126.51
Middle: -50.4503 78.0307 1108.59
Ring: -41.7877 56.6045 1117.06
Little: 21.0517 88.6251 1041.27
Thumb: -39.6174 113.125 1130.63
Index: -60.6325 84.7529 1123.48
Middle: -50.2844 79.0621 1106.88
Ring: -44.1162 56.0927 1117.9
Little: 19.7077 87.6089 1041.42
Thumb: -41.5142 111.611 1128.7
Index: -58.0516 86.7992 1119.12
Middle: -61.6031 60.8593 1119.8
Ring: -43.6415 55.0061 1117.63
Little: 10.6028 90.8249 1029.79
Thumb: -43.1713 112.532 1127.99
Index: -58.3174 88.0445 1117.33
Middle: -59.4441 61.0262 1117.68
Ring: -45.1998 55.2625 1117.45
Little: 6.81711 89.9238 1027.71
Thumb: -45.3069 113.422 1130.25
Index: -58.7831 90.0936 1114.04
Middle: -60.2551 58.6743 1116.52
Ring: -46.2129 52.958 1116.63
Little: 5.35802 90.2425 1026.96
Thumb: -47.1214 116.601 1135.63
Index: -60.0969 83.4996 1114.07
Middle: -46.0462 77.0622 1104.74
Ring: -45.8347 49.3438 1111.8
Little: 6.23467 92.0423 1027.8
Thumb: -48.5971 120.505 1138.55
Index: -59.4407 79.9285 1114.12
Middle: -46.3584 73.102 1102.75
Ring: -42.9389 44.0797 1109.01
Little: 1.02268 92.9399 1026.75
Thumb: -47.6443 124.517 1144.8
Index: -54.3504 77.5243 1107.14
Middle: -43.6092 69.8402 1097.49
Ring: -41.2575 47.9133 1098.11
Little: 2.50484 98.3497 1022.24
Thumb: -46.8916 130.799 1144.17
Index: -36.6649 48.4681 1102.61
Middle: -43.8082 75.6114 1096.62
Ring: -38.4338 55.0934 1090.2
Little: 3.19264 99.1862 1015.55
Thumb: -47.7468 135.582 1147.22
Index: -34.0422 65.0539 1103.42
Middle: -41.9551 67.9444 1095.97
Ring: -38.0513 58.2695 1085.72
Little: 0.736839 99.6979 1013.86
Thumb: -50.1936 137.471 1147.13
Index: -33.361 63.6378 1104.28
Middle: -38.7275 62.9455 1092.45
Ring: -37.3067 56.7284 1086.3
Little: -1.1837 97.9091 1014.1
Thumb: -49.9584 141.485 1147.92
Index: -30.4325 54.5265 1106.97
Middle: -33.177 60.0049 1093.2
Ring: -36.8466 55.4288 1084.55
Little: -2.2698 99.2262 1011.65
Thumb: -51.0427 142.951 1148.5
Index: -26.841 50.9305 1104.06
Middle: -32.9084 50.7977 1093.48
Ring: -36.8078 54.0653 1084.03
Little: -4.13716 97.1272 1011.2
Thumb: -52.9728 144.688 1149.12
Index: -29.2876 54.8195 1100.1
Middle: -31.0723 48.7224 1090.84
Ring: -35.4127 50.8775 1082.89
Little: -5.51523 96.6936 1009.88
Thumb: -55.0891 146.562 1148.21
Index: -27.8088 52.2276 1098.29
Middle: -28.5847 44.2777 1087.8
Ring: -33.3007 47.412 1079.02
Little: -5.00956 96.6387 1008.67
Thumb: -56.7611 149.826 1149.06
Index: -23.3165 47.664 1098.11
Middle: -28.1417 50.6697 1084.29
Ring: -29.5804 40.9388 1077.11
Little: -6.2372 97.3168 1008.18
Thumb: -57.7338 151.345 1147.5
Index: -22.9109 49.2322 1098.28
Middle: -22.7436 57.466 1075.82
Ring: -24.4756 36.3458 1073.91
Little: -4.21021 97.0393 1009.36
Thumb: -61.7581 151.972 1145.41
Index: -21.2811 43.9263 1102.2
Middle: -17.8639 54.8217 1074.54
Ring: -15.9233 31.9021 1075.41
Little: 0.147787 95.5705 1010.23
Thumb: -70.4831 153.344 1138.62
Index: -10.3362 39.47 1096
Middle: -8.13972 21.1421 1076.98
Ring: -8.07249 30.3515 1076.47
Little: 10.0472 94.4715 1012.48
Thumb: -76.4472 157.793 1130.6
Index: -7.63668 37.5278 1102.03
Middle: -2.17012 19.7755 1083.34
Ring: 0.217525 26.4623 1080.29
Little: 17.8358 97.2073 1015.89
Thumb: -82.1071 160.391 1120.2
Index: -3.19653 37.0755 1106.5
Middle: 6.62887 22.513 1081.76
Ring: 5.16394 28.0662 1083.41
Little: 24.5344 96.6223 1018.11
Thumb: -87.8989 162.71 1111.88
Index: -6.29721 37.921 1113.1
Middle: 1.68622 18.9655 1112.06
Ring: 10.0488 27.3098 1088.47
Little: 30.4682 92.8289 1026.1
Thumb: -90.5921 164.738 1104.74
Index: -41.1881 66.415 1060.27
Middle: -10.1104 35.2886 1096.82
Ring: 11.8558 26.41 1096.49
Little: 34.927 88.3894 1037.75
Thumb: -90.3983 164.446 1099.33
Index: -47.6688 56.2457 1069.84
Middle: -11.1799 33.9418 1093.95
Ring: 10.0696 44.852 1083.91
Little: 37.9939 86.5829 1041.99
Thumb: -88.7905 162.181 1093.04
Index: -48.826 52.1378 1078.86
Middle: -12.5 35.2292 1105.72
Ring: 8.00995 49.092 1088.76
Little: 41.0214 87.4068 1049.48
Thumb: -87.9511 159.402 1090.26
Index: -49.1984 61.0839 1066.27
Middle: -12.9235 32.1935 1106.75
Ring: 8.48615 98.3013 1053.31
Little: 42.3499 86.0566 1052.36
Thumb: -85.0385 154.098 1086.95
Index: -47.5121 59.4868 1065.28
Middle: -13.5928 30.8276 1104.72
Ring: 10.9667 95.7163 1048.76
Little: 43.6988 85.8099 1053.48
Thumb: -84.5347 149.777 1086.82
Index: -47.4827 59.0201 1060.75
Middle: -14.6194 29.3258 1102.1
Ring: 10.0787 88.5074 1042.14
Little: 44.4835 81.5447 1050.51
Thumb: -81.2786 144.8 1084.12
Index: -48.6755 52.3376 1060.32
Middle: -16.1319 28.2976 1094.65
Ring: 9.30119 90.7286 1025.83
Little: 42.4125 78.0796 1047.26
Thumb: -79.2373 136.029 1071.41
Index: -46.7173 47.7099 1054.65
Middle: -15.21 30.2716 1085.5
Ring: 10.5244 85.6753 1023.08
Little: 16.1264 36.0016 1090.16
Thumb: -77.3398 132.116 1065.45
Index: -46.8174 43.8561 1052.42
Middle: -15.7653 27.6228 1075.91
Ring: 8.52135 81.3282 1020.26
Little: 15.9666 34.5523 1083.49
Thumb: -72.2958 129.429 1053.2
Index: -46.9011 49.0094 1044.3
Middle: -16.7888 26.9929 1070.83
Ring: 9.32066 80.5089 1018.63
Little: 16.8731 36.389 1076.82
Thumb: -67.2345 123.816 1046.5
Index: -48.1468 42.2617 1043.78
Middle: -17.2639 28.0207 1063.11
Ring: 2.65527 76.2268 1014.49
Little: 14.5388 34.6995 1066.46
Thumb: -39.0651 102.799 1034.69
Index: -48.4576 40.082 1042.86
Middle: -17.4615 29.8853 1058.58
Ring: 4.10403 77.4512 1012.49
Little: 14.6913 35.8666 1063.28
Thumb: -36.3768 104.444 1029.28
Index: -50.3947 37.4397 1043.87
Middle: -19.1177 31.6084 1053.37
Ring: -2.25439 75.4383 1011.18
Little: 13.4251 37.9586 1053.9
Thumb: -38.1611 103.752 1026.06
Index: -50.7034 39.8863 1038.68
Middle: -19.6882 31.955 1049.94
Ring: 0.801156 75.2214 1008.29
Little: 13.2763 38.6613 1050.33
Thumb: -35.8013 105.498 1024.54
Index: -51.8498 42.0371 1037.38
Middle: -20.4298 34.9633 1046.75
Ring: -4.41591 76.4868 1006.7
Little: 10.9733 40.5158 1045.77
Thumb: -37.1665 104.435 1025.02
Index: -54.4529 47.461 1040.39
Middle: -23.3563 37.0417 1044.97
Ring: -8.02215 78.2598 1005.08
Little: 7.63111 41.722 1038.17
Thumb: -36.1858 106.767 1024.17
Index: -55.7618 49.2416 1036.45
Middle: -22.824 37.9649 1050
Ring: -8.77824 77.3732 1003.92
Little: 6.05705 42.3604 1037.45
Thumb: -39.6402 103.674 1022.05
Index: -58.7405 49.8728 1031.06
Middle: -24.4449 36.883 1047.5
Ring: -14.0065 77.2467 1001.05
Little: 3.22109 40.5769 1034.19
Thumb: -41.3419 101.265 1020.76
Index: -59.6891 56.6359 1025.27
Middle: -23.7436 34.7782 1046.86
Ring: -14.2545 76.9787 998.726
Little: 3.03454 38.7271 1033.53
Thumb: -38.5988 101.665 1017.35
Index: -59.7602 63.2936 1019.2
Middle: -23.1576 56.4791 1048.11
Ring: -14.0631 76.6953 995.844
Little: 0.513479 37.7337 1033.63
Thumb: -42.1976 100.698 1016.85
Index: -61.473 66.4982 1017.42
Middle: -24.1923 56.3459 1048
Ring: -14.7277 75.6437 994.798
Little: 0.127326 37.4771 1033.36
Thumb: -44.0942 101.459 1015.31
Index: -62.8849 73.9891 1021.15
Middle: -26.6705 57.6257 1047.7
Ring: -19.2699 78.7488 993.949
Little: -3.32788 37.3122 1032.89
Thumb: -44.4586 101.799 1014.64
Index: -62.1296 71.1703 1019.47
Middle: -27.8537 57.8177 1047.19
Ring: -20.2025 79.7812 993.374
Little: -5.17946 35.6748 1035.09
Thumb: -45.2961 101.259 1013.91
Index: -62.9948 73.0866 1018.75
Middle: -28.6443 58.6135 1047.15
Ring: -20.8256 79.5267 992.667
Little: -6.0192 34.8508 1036.4
Thumb: -44.3882 100.299 1011.87
Index: -61.5877 73.2383 1018.32
Middle: -27.8103 58.5795 1045
Ring: -20.7207 79.5213 990.59
Little: -5.41934 33.4725 1037.54
Thumb: -44.886 100.356 1010.61
Index: -61.5359 70.5282 1017.29
Middle: -27.4096 58.1014 1043.21
Ring: -20.9728 79.6843 989.478
Little: -7.43406 33.0169 1037.59
Thumb: -46.9212 100.916 1009.93
Index: -61.6997 77.7044 1019.02
Middle: -27.7792 58.2087 1042.87
Ring: -21.9629 80.9121 989.435
Little: -7.811 32.8385 1037.97
Thumb: -46.9906 100.157 1010.23
Index: -61.6021 82.6258 1023.75
Middle: -27.8729 58.3519 1044.21
Ring: -21.8437 79.6975 990.312
Little: -7.77202 33.3855 1038.6
Thumb: -49.7869 96.8124 1015.24
Index: -64.2373 68.2643 1021.92
Middle: -29.6618 58.4657 1047.34
Ring: -24.2546 79.5095 992.599
Little: -9.72279 36.5196 1036.94
Thumb: -50.5258 95.7318 1022.36
Index: -65.0915 71.1954 1026.53
Middle: -30.206 37.2813 1046.99
Ring: -24.4159 80.5031 995.856
Little: -13.8549 35.4154 1042.13
Thumb: -51.9437 101.93 1031.42
Index: -64.4487 62.4075 1044.65
Middle: -33.5656 36.8216 1054.68
Ring: -22.9382 87.4161 1001.84
Little: -19.7084 36.4447 1056.87
Thumb: -62.443 107.815 1045.15
Index: -66.2435 59.6205 1056.46
Middle: -35.846 34.9837 1060.35
Ring: -29.2893 90.5771 1009.73
Little: -21.6291 35.4062 1068.87
Thumb: -67.3533 113.165 1059.38
Index: -66.283 55.9493 1075.98
Middle: -39.4659 33.2256 1070.76
Ring: -33.3798 93.9309 1019.26
Little: -24.6142 36.4191 1081.3
Thumb: -71.7776 115.069 1072.5
Index: -68.7293 50.9358 1093.55
Middle: -46.5159 36.2124 1086.22
Ring: -38.2005 91.2812 1028.84
Little: -29.0323 37.4831 1091.52
Thumb: -74.5535 119.922 1087.08
Index: -70.4931 56.2526 1111.37
Middle: -53.6404 40.4482 1099.65
Ring: -43.3744 89.0893 1040.23
Little: -32.6839 39.7915 1106.39
Thumb: -75.8988 125.726 1098.39
Index: -66.4549 62.5505 1130.92
Middle: -55.5356 41.919 1114.14
Ring: -29.361 101.953 1050.07
Little: -32.6336 43.8461 1120.41
Thumb: -73.6566 133.049 1107.62
Index: -60.0315 64.4521 1145.57
Middle: -52.1434 43.4975 1139.19
Ring: -38.2599 34.3584 1138
Little: -25.285 50.5034 1135.89
Thumb: -69.1459 140.324 1113.87
Index: -55.6115 71.6211 1158.65
Middle: -45.6501 47.5225 1149.48
Ring: -35.2829 39.0037 1150.04
Little: -23.4891 55.6832 1144.78
Thumb: -67.9035 145.883 1117.98
Index: -50.3933 75.0644 1160.38
Middle: -39.1742 51.7858 1154.48
Ring: -29.3373 43.1094 1156.47
Little: -14.6831 59.0807 1152.68
Thumb: -65.1702 151.368 1126.11
Index: -47.9471 80.696 1161.81
Middle: -35.9495 55.4389 1160.16
Ring: -23.7597 44.3335 1167.86
Little: -9.92654 62.8494 1159.74
Thumb: -60.199 155.56 1132.83
Index: -43.0677 85.413 1161.73
Middle: -30.7222 57.6409 1163.2
Ring: -16.9152 45.7865 1168.1
Little: -3.49782 65.1397 1162.72
Thumb: -56.7801 155.68 1136.16
Index: -40.8214 83.1391 1170.03
Middle: -24.5645 59.6672 1163.86
Ring: -11.8067 47.4864 1171.36
Little: 2.50058 65.9992 1164.62
Thumb: -51.9583 156.578 1136.18
Index: -34.7204 83.7968 1167.07
Middle: -18.8309 59.8446 1154.74
Ring: -5.05084 47.1622 1167.72
Little: 5.90211 69.726 1165.81
Thumb: -46.805 157.651 1135.74
Index: -30.4234 81.7923 1166.24
Middle: -14.6606 58.5139 1152.07
Ring: -1.45099 46.4544 1163.39
Little: 9.42257 69.2482 1162.88
Thumb: -45.8082 156.315 1138.24
Index: -26.3185 78.6073 1159.68
Middle: -8.37805 56.7363 1146.23
Ring: 3.79741 44.5544 1158.17
Little: 14.662 66.9975 1158.31
Thumb: -42.9609 151.497 1139.72
Index: -18.9237 71.2351 1151.7
Middle: -4.22227 49.3304 1148.98
Ring: 10.154 38.9719 1144.35
Little: 27.2677 81.3701 1068.09
Thumb: -41.7472 145.035 1143.19
Index: -8.43268 61.7545 1144.39
Middle: 4.11061 47.3413 1136.61
Ring: 22.7905 32.7335 1138.69
Little: 40.8186 94.1151 1061.88
Thumb: -36.6264 141.269 1142.85
Index: 0.244321 56.1989 1141.18
Middle: 7.87019 42.2898 1132.79
Ring: 28.6152 28.9097 1131.77
Little: 48.6327 104.161 1063.83
Thumb: -34.9167 133.249 1138.41
Index: 5.03941 49.0678 1140.24
Middle: 10.9473 38.1758 1129.7
Ring: 28.5702 25.113 1122.55
Little: 51.6233 100.453 1062.01
Thumb: -31.1712 129.196 1135.76
Index: 7.19236 46.9696 1142.81
Middle: 9.31856 36.4683 1129.46
Ring: 22.6539 26.0586 1121.94
Little: 51.8039 99.9708 1059.93
Thumb: -26.966 126.255 1136.28
Index: 7.32629 49.2898 1142.4
Middle: 8.52602 38.0804 1132.27
Ring: 16.0917 29.3358 1117.58
Little: 49.1513 104.725 1053.55
Thumb: -20.8894 123.326 1135.9
Index: 3.9919 52.9977 1143.93
Middle: 2.8387 42.5539 1134.86
Ring: 9.38668 32.1749 1117.14
Little: 45.8229 100.531 1049.24
Thumb: -15.733 124.285 1130.25
Index: -43.6469 123.376 1085.2
Middle: -10.4751 52.4735 1142.76
Ring: -0.183769 42.1417 1126.89
Little: 38.0773 88.979 1043.48
Thumb: -15.1287 122.883 1128.34
Index: -44.1438 113.299 1085.97
Middle: -13.7716 53.6533 1145.67
Ring: -3.41433 44.2612 1126.66
Little: 45.1863 93.892 1047.8
Thumb: -13.4434 121.81 1129.72
Index: -50.5493 105.549 1099.06
Middle: -15.5752 56.2167 1147.81
Ring: -6.12718 46.4488 1130.77
Little: 45.8325 91.612 1048.59
Thumb: -12.1456 120.903 1129.09
Index: -51.4406 95.1641 1114.01
Middle: -15.2052 56.4126 1148.59
Ring: -6.06988 46.6802 1130.75
Little: 47.4224 91.444 1049.27
Thumb: -10.3537 121.004 1132.57
Index: -48.3396 106.573 1105.29
Middle: -16.0041 58.9544 1152.6
Ring: -7.33045 48.6711 1132.18
Little: 46.7801 89.1978 1050.19
Thumb: -9.27649 122.754 1135.48
Index: -48.4184 104.586 1108.26
Middle: -17.1361 60.8039 1153.17
Ring: -8.34887 49.753 1135.65
Little: 50.6134 82.4768 1050
Thumb: -9.52884 122.504 1134.79
Index: -50.682 103.243 1112.44
Middle: -18.6464 62.7642 1153.83
Ring: -9.73397 50.6321 1137.15
Little: 49.7478 83.7289 1052.26
Thumb: -10.7817 120.471 1134.42
Index: -42.3075 112.102 1107.15
Middle: -21.8673 67.3501 1141.53
Ring: -10.9877 49.9595 1137.33
Little: 48.1265 83.12 1052.3
Thumb: -12.7936 122.212 1136.37
Index: -45.9291 110.924 1109.13
Middle: -24.2086 68.9398 1139.79
Ring: -12.1489 49.6828 1139.52
Little: 45.8577 84.2795 1053.24
Thumb: -13.3188 124.005 1137.24
Index: -44.1671 114.034 1106.15
Middle: -24.7534 71.3199 1137.29
Ring: -14.1362 50.949 1137.69
Little: 43.0323 85.4355 1052.57
Thumb: -14.9272 122.541 1137.26
Index: -47.8486 113.133 1108.12
Middle: -27.3662 72.3148 1134.02
Ring: -16.8761 50.6362 1138.89
Little: 39.59 86.4062 1052.68
Thumb: -15.4461 121.878 1137.7
Index: -50.042 112.225 1109.89
Middle: -27.9833 73.0768 1133.03
Ring: -18.5845 50.0964 1136.27
Little: 37.321 87.1382 1051.7
Thumb: -15.2768 122.741 1139.08
Index: -55.1529 107.164 1113.3
Middle: -27.8418 75.1228 1130.57
Ring: -19.6011 50.9772 1137.54
Little: 37.0485 86.2796 1051.95
Thumb: -14.5099 124.021 1140.29
Index: -56.066 102.304 1117.47
Middle: -26.8857 74.9438 1130.64
Ring: -18.0991 51.675 1143.19
Little: 38.3199 83.0885 1053.71
Thumb: -15.7131 123.695 1138.16
Index: -55.701 106.412 1114.21
Middle: -27.7665 75.6458 1130.86
Ring: -19.3466 51.1885 1143.11
Little: 37.9479 79.4575 1051.61
Thumb: -15.0887 122.999 1137.73
Index: -56.5246 104.691 1115.85
Middle: -27.554 75.4096 1131.54
Ring: -18.7407 51.2884 1143.69
Little: 38.9339 79.6378 1052.56
Thumb: -15.0926 123.004 1137.76
Index: -56.5208 104.681 1115.88
Middle: -27.6411 75.3533 1131.56
Ring: -18.7757 51.3005 1143.63
Little: 38.9279 79.6485 1052.55
Thumb: -15.6412 124.007 1137.45
Index: -57.023 106.104 1115.11
Middle: -29.2213 75.7792 1132.54
Ring: -20.1476 52.2434 1142.52
Little: 37.6867 81.8282 1052.71
Thumb: -16.6477 125.332 1137.99
Index: -56.6457 111.617 1112.56
Middle: -29.5238 77.5383 1133.66
Ring: -21.9046 52.9625 1142.21
Little: 35.5358 82.9242 1051.75
Thumb: -16.7503 130.894 1138.72
Index: -61.5851 111.704 1119.38
Middle: -31.3625 80.4144 1135.42
Ring: -23.3028 55.0975 1146.87
Little: 34.9011 81.5236 1053.21
Thumb: -16.3896 133.497 1142.23
Index: -60.0998 117.319 1112.17
Middle: -29.4884 78.019 1139.35
Ring: -21.0805 53.7764 1144.58
Little: 34.782 82.5748 1052.67
Thumb: -15.4455 137.732 1148.02
Index: -59.8579 122.518 1105.69
Middle: -27.4887 75.852 1139.44
Ring: -18.0534 50.5776 1141.32
Little: 35.2748 86.0719 1050.98
Thumb: -14.6532 139.081 1152.82
Index: -57.971 126.703 1097.03
Middle: -25.1043 68.712 1143.36
Ring: -13.5058 48.3087 1140.29
Little: 19.4522 86.3383 1044.19
Thumb: -9.7113 142.525 1160.24
Index: -54.8192 135.112 1094.04
Middle: -19.2858 62.4081 1136.32
Ring: -9.21621 44.882 1137.97
Little: 28.4624 91.3251 1044.22
Thumb: -6.05163 142.471 1164.65
Index: -55.551 128.799 1095.47
Middle: -15.9739 58.5525 1134.2
Ring: -5.75621 42.2298 1133.73
Little: 30.5719 95.0722 1043.1
Thumb: 1.03393 145.346 1166.51
Index: -51.6382 132.098 1096.31
Middle: -7.94617 44.5528 1142.14
Ring: 1.63903 41.0857 1133.23
Little: 37.1614 96.4756 1042.17
Thumb: 9.26017 147.133 1170.71
Index: -51.0178 128.355 1098.12
Middle: -4.75844 43.7935 1141.28
Ring: 5.8979 38.6987 1132.11
Little: 41.0208 95.7714 1042.97
Thumb: 14.5005 145.875 1173.06
Index: 9.82297 52.4269 1149.04
Middle: 1.40598 36.4285 1138.88
Ring: 9.64013 35.5885 1132.88
Little: 44.0283 88.3312 1056.14
Thumb: 20.5637 144.157 1177.2
Index: 13.3276 49.4504 1147.6
Middle: -2.16302 43.4384 1145.92
Ring: 12.5939 33.5125 1130.91
Little: 40.9553 93.0583 1057.55
Thumb: 26.0453 140.905 1178.46
Index: 16.9689 48.0237 1147.08
Middle: 1.70581 40.1526 1145.45
Ring: 15.218 32.313 1129.68
Little: 32.5051 106.152 1044.23
Thumb: 33.0248 140.51 1174.5
Index: 20.7186 46.7745 1143.36
Middle: 8.30979 35.4874 1138.23
Ring: 18.8677 31.2328 1126.88
Little: 32.9502 103.654 1039.47
Thumb: 35.5437 141.385 1167.89
Index: 25.6505 46.9577 1137.7
Middle: 13.5065 30.0498 1121.68
Ring: 21.6312 32.3513 1121.7
Little: 46.8286 89.7374 1043.99
Thumb: 53.0379 142.573 1063.57
Index: 27.6297 46.8338 1129.75
Middle: 12.196 34.1997 1114.44
Ring: 22.9971 34.5505 1113.48
Little: 48.4698 92.5649 1033.61
Thumb: 49.0561 110.276 1061.85
Index: 16.4286 68.8811 1112.28
Middle: 2.16811 41.6994 1102.92
Ring: 33.1199 41.9718 1119.86
Little: 51.5497 93.3388 1026.51
Thumb: 57.5773 149.108 1051.58
Index: 25.6526 69.4785 1111.99
Middle: -0.445036 47.167 1100.93
Ring: 41.6883 50.5981 1124.02
Little: 47.2456 99.1736 1022.65
Thumb: 55.6489 148.372 1053.71
Index: 29.653 69.3679 1116.41
Middle: -1.8396 48.3104 1100.46
Ring: 47.1402 51.5531 1128.73
Little: 47.4228 96.9341 1026.14
Thumb: 54.4828 146.41 1054.35
Index: 29.4967 63.3295 1116.53
Middle: -2.40136 45.6222 1099.92
Ring: 46.9939 48.6191 1128.74
Little: 48.5469 94.6667 1026.98
Thumb: 52.3238 144.56 1055.27
Index: 28.8512 59.7198 1117.16
Middle: -3.13394 44.3536 1100.28
Ring: 48.2308 46.6064 1129.19
Little: 47.0781 92.8287 1027.49
Thumb: 53.7049 143.566 1059.02
Index: 29.9113 59.5906 1116.44
Middle: -1.70989 42.5147 1099.07
Ring: 49.75 45.1995 1128.5
Little: 47.716 95.1929 1024.33
Thumb: 53.613 143.286 1058.98
Index: 32.0087 55.8365 1116.63
Middle: -0.820974 42.0304 1099.8
Ring: 51.6507 44.543 1127.98
Little: 47.5487 92.4479 1027.15
Thumb: 71.0881 120.012 1098.6
Index: 45.9155 46.3473 1115.71
Middle: -1.06479 44.7664 1099.5
Ring: 53.4698 44.1034 1121.86
Little: 14.7937 95.6271 1022.67
Thumb: 77.9185 122.127 1111.84
Index: 41.8888 44.8711 1112.28
Middle: -5.77919 45.7302 1099.79
Ring: 49.1414 41.3066 1117.35
Little: 16.7824 97.5691 1019.88
Thumb: 59.1394 126.491 1078.19
Index: 45.1885 30.7709 1039.12
Middle: 54.1112 37.7214 1059.96
Ring: 17.4264 16.8661 1097.23
Little: 53.232 33.3434 1114.16
Thumb: 52.2087 115.737 1079.28
Index: 36.0979 86.869 999.422
Middle: 32.4608 69.1484 1068.12
Ring: 6.50801 21.9024 1095.5
Little: 48.6465 32.1918 1102.85
Thumb: 50.5152 117.511 1079.45
Index: 31.5195 86.9248 999.972
Middle: 29.471 71.7687 1067.17
Ring: 1.1743 25.2202 1093.03
Little: 49.433 32.6854 1091.04
Thumb: 52.1911 120.784 1079.17
Index: 31.872 86.1922 999.718
Middle: 29.6142 71.1219 1066.5
Ring: 1.43954 24.0721 1092.51
Little: 50.3079 31.6558 1089.63
Thumb: 52.6232 123.917 1077.38
Index: 30.0442 89.1357 997.282
Middle: 41.4804 97.9129 1054.05
Ring: 1.11018 23.334 1089.5
Little: 50.9535 31.6282 1084.23
Thumb: 51.5156 124.334 1076.04
Index: 30.7341 89.6696 995.461
Middle: 41.6066 96.9469 1052.45
Ring: 1.34735 22.8828 1087.11
Little: 53.8709 31.8682 1079.06
Thumb: 49.7503 100.686 1074.14
Index: 26.908 86.6535 993.35
Middle: 41.0516 102.383 1050.74
Ring: 0.161809 22.5134 1084.98
Little: 51.8102 30.9065 1075.87
Thumb: 50.6439 101.708 1073.67
Index: 22.4278 89.1039 993.35
Middle: 41.0011 103.858 1051.66
Ring: -0.0258226 23.1006 1085.48
Little: 51.8992 32.0049 1072.9
Thumb: 6.18066 87.2568 1075.46
Index: 16.6403 88.9008 992.896
Middle: 37.6582 104.689 1049.15
Ring: 0.887117 22.9042 1083.38
Little: 50.5792 32.7209 1069.5
Thumb: 4.84247 85.809 1076.1
Index: 11.8269 93.8963 989.775
Middle: 38.9657 87.5235 1006.91
Ring: -0.0335655 22.0426 1082.09
Little: 50.0555 32.1242 1064.51
Thumb: 2.59961 86.0247 1076.1
Index: 9.68739 91.3009 989.13
Middle: 36.9157 89.5953 1004.63
Ring: -0.387735 23.1863 1078.82
Little: 49.992 34.7537 1060.37
Thumb: 2.26609 87.9496 1073.86
Index: 8.05682 94.0303 988.013
Middle: 34.8465 90.4446 1002.98
Ring: -1.14172 25.3295 1076.41
Little: 49.005 36.8125 1057.22
Thumb: 2.43592 89.2698 1073.16
Index: 7.57186 97.1649 983.841
Middle: 35.6455 84.1822 986.476
Ring: -2.02378 25.3205 1073.42
Little: 47.1158 35.8794 1056.7
Thumb: 1.28544 89.3618 1070.28
Index: 3.69371 100.316 981.407
Middle: 32.7354 83.0505 982.745
Ring: -3.64678 25.6543 1070.44
Little: 45.6307 36.6764 1049.7
Thumb: 0.582564 90.233 1068.74
Index: 4.39265 97.2756 980.162
Middle: 33.6046 89.255 980.128
Ring: -3.31852 26.2362 1067.63
Little: 44.2792 37.8765 1056.53
Thumb: 1.78795 89.9675 1065.89
Index: 1.49277 100.541 977.822
Middle: 31.0835 92.6382 977.572
Ring: -2.94119 26.5077 1064.59
Little: 43.2094 37.9353 1054.85
Thumb: 1.19805 91.2791 1065.26
Index: 1.09695 102.024 976.166
Middle: 30.4175 90.0286 974.233
Ring: -2.75657 27.3934 1062.39
Little: 43.389 39.2968 1053.61
Thumb: 1.77512 92.2339 1062.43
Index: -0.533839 104.764 975.67
Middle: 28.8391 85.6729 972.89
Ring: -3.64038 29.0462 1058.74
Little: 41.5231 40.1495 1052.91
Thumb: 0.134711 92.2133 1060.03
Index: -0.302001 104.959 974.823
Middle: 29.0969 88.3152 971.683
Ring: -3.53648 28.9785 1057.9
Little: 41.628 40.0288 1051.46
Thumb: -1.98505 92.3542 1060.16
Index: -1.16322 104.967 974.351
Middle: 28.2306 89.1292 970.685
Ring: -3.82276 29.0327 1058.19
Little: 41.6583 40.1863 1050.17
Thumb: -1.01379 91.4609 1060.45
Index: -1.71556 106.682 973.26
Middle: 27.8393 90.2761 969.378
Ring: -4.68544 28.3167 1058.58
Little: 46.0933 44.4029 1040.92
Thumb: -1.08815 91.3935 1060.35
Index: -1.02261 105.525 973.051
Middle: 28.6277 89.5216 969.585
Ring: -4.51641 28.2774 1058.92
Little: 43.52 41.0496 1045.41
Thumb: -0.96763 90.7169 1058.16
Index: -1.84804 104.995 973.02
Middle: 27.6568 89.3559 969.556
Ring: -2.39103 26.5771 1058.85
Little: 42.8296 39.027 1050.2
Thumb: -0.951096 90.6801 1058.15
Index: -1.98718 102.503 973.375
Middle: 27.3653 89.7175 969.578
Ring: -2.63475 26.8199 1062.06
Little: 41.4933 38.3366 1055.09
Thumb: -0.925317 90.8561 1058.47
Index: -1.87632 102.491 973.449
Middle: 27.5001 89.4711 969.72
Ring: -2.78602 27.079 1064.58
Little: 41.8264 38.4792 1054.79
Thumb: -0.716826 89.7403 1060.29
Index: -0.266786 100.179 974.342
Middle: 29.5052 87.3888 971.274
Ring: -2.36007 25.9768 1066.25
Little: 42.5513 37.9558 1057.88
Thumb: -0.117337 89.2489 1061.19
Index: 1.58797 98.5561 975.587
Middle: 31.6755 87.7003 972.915
Ring: -1.92039 24.3312 1067.54
Little: 42.4675 36.434 1061.89
Thumb: -1.79996 85.8731 1062.29
Index: 0.408894 96.8162 979.543
Middle: 30.3364 86.5094 976.342
Ring: -1.06892 22.1807 1072.06
Little: 41.2212 32.8342 1069.23
Thumb: 1.09736 86.4654 1065.97
Index: 2.17666 100.295 981.333
Middle: 31.9548 86.0106 978.837
Ring: -0.312347 23.0425 1074.83
Little: 41.5204 32.5855 1072.8
Thumb: 2.41428 87.4641 1070.29
Index: 2.39331 98.9103 983.579
Middle: 32.0274 84.5771 981.098
Ring: 1.59871 22.0989 1076.67
Little: 42.7342 31.8683 1074.91
Thumb: 3.4143 87.6211 1072.97
Index: 3.52098 97.8285 985.97
Middle: 33.4066 85.7207 983.527
Ring: 2.69662 21.9636 1079.96
Little: 43.5047 31.8239 1079.11
Thumb: 1.50073 83.2742 1075.94
Index: 3.00216 91.8271 989.54
Middle: 33.7917 83.4187 987.177
Ring: 1.61758 18.2105 1084.85
Little: 42.3934 27.9319 1084.04
Thumb: 2.3506 84.0382 1078.32
Index: 4.23212 92.0933 991.967
Middle: 34.5657 82.0326 989.902
Ring: 1.39641 19.1081 1087.4
Little: 41.3598 28.0444 1089.44
Thumb: 2.88988 83.7232 1081.24
Index: 6.14311 91.133 995.494
Middle: 36.7347 81.4419 994.353
Ring: 1.65332 18.5766 1091.49
Little: 41.9258 28.16 1093.15
Thumb: 2.26634 82.1186 1083.64
Index: 8.11666 89.6609 998.086
Middle: 37.9601 77.8456 997.952
Ring: 0.273933 16.9404 1093.85
Little: 38.6112 26.3495 1101.95
Thumb: 3.0028 80.7276 1085.79
Index: 16.8366 90.6173 1001.54
Middle: 45.3149 74.2386 1004.5
Ring: 0.600295 15.7569 1099
Little: 37.2787 26.121 1109.8
Thumb: 3.65091 81.0225 1090.01
Index: 15.0094 85.2235 1005.19
Middle: 45.1776 74.6022 1007.74
Ring: 1.26047 15.679 1101.99
Little: 38.1119 26.1717 1113.09
Thumb: 5.46976 80.2059 1092.39
Index: 15.4064 88.659 1008.29
Middle: 44.9556 76.1587 1010.38
Ring: 1.65223 16.1053 1104.53
Little: 39.1039 25.9413 1115.04
Thumb: 7.21075 84.3681 1099.87
Index: 7.35205 93.4474 1015.11
Middle: 37.0283 81.1991 1013.69
Ring: 3.20234 18.8497 1110.23
Little: 41.3432 28.1419 1116.91
Thumb: 8.30883 85.8879 1099.84
Index: 6.44602 96.7224 1017.88
Middle: -21.6296 20.1915 1107.21
Ring: 0.725328 20.2162 1106.78
Little: 37.4282 29.7233 1119.08
Thumb: 8.6511 92.8209 1101.45
Index: 20.2048 96.6645 1016
Middle: -5.71403 40.8711 1083.47
Ring: 1.65183 25.1837 1103.46
Little: 32.1844 37.3949 1124.98
Thumb: 42.9741 72.1418 1110.58
Index: 118.904 77.4671 1072.04
Middle: 67.7067 109.935 1091.6
Ring: 103.349 134.948 1131.74
Little: 133.066 144.951 1117.48
Thumb: 3.65078 27.9876 1107.34
Index: 115.301 80.3554 1069.05
Middle: 79.1208 108.719 1092.01
Ring: 131.077 133.576 1127.11
Little: 128.354 159.959 1113.3
Thumb: 3.48228 32.8675 1108.14
Index: 120.452 77.2367 1060.41
Middle: 85.933 107.384 1086.39
Ring: 133.444 128.674 1112.08
Little: 131.795 162.894 1092.65
Thumb: -8.05602 41.3961 1079.29
Index: 152.673 118.326 1109.48
Middle: 132.621 139.601 1095.14
Ring: 160.052 167.248 1092.33
Little: 104.585 199.024 1085.03
Thumb: -5.71698 39.0295 1075.3
Index: 153.21 129.953 1037.18
Middle: 111.389 144.993 1043.39
Ring: 149.313 173.696 1047.04
Little: 114.013 192.486 1072.77
Thumb: -4.99154 31.9103 1079.51
Index: 129.222 112.331 1048.23
Middle: 93.605 132.739 1042.94
Ring: 154.294 160.539 1054.16
Little: 125.174 180.52 1070.59
Thumb: -6.38592 30.4799 1076.78
Index: 130.362 112.086 1046.38
Middle: 87.4407 133.023 1031.38
Ring: 165.546 159.24 1051.02
Little: 132.644 177.244 1066.27
Thumb: -5.92644 29.0036 1079.44
Index: 130.58 110.721 1047.35
Middle: 113.32 141.228 1022.99
Ring: 155.739 155.141 1048.13
Little: 137.743 182.769 1064.83
Thumb: -10.8064 20.7221 1082.26
Index: 124.107 96.9968 1049.62
Middle: 112.504 128.439 1024.37
Ring: 154.964 150.047 1031.46
Little: 131.869 173.417 1055.57
Thumb: -12.3686 19.763 1104.78
Index: 100.879 107.331 1042.02
Middle: 104.031 146.768 1021.41
Ring: 85.5219 157.408 1010.5
Little: 101.826 175.417 1050.77
Thumb: -13.7422 20.7308 1124.39
Index: 83.4109 105.498 1045.34
Middle: 94.648 141.287 1021.27
Ring: 70.9073 146.123 999.427
Little: 86.3536 173.902 1045.15
Thumb: 13.4902 38.0259 1088.72
Index: 109.614 116.594 1029.26
Middle: 115.538 151.664 1018.06
Ring: 70.9697 144.402 1013.77
Little: 95.4736 166.417 1039.99
Thumb: 16.8635 36.8767 1089.06
Index: 127.41 126.297 1028.89
Middle: 101.335 145.956 1028.26
Ring: 92.0738 141.003 1013.89
Little: 97.4301 168.706 1045.88
Thumb: 16.8094 38.351 1091.01
Index: 143.145 124.407 1060.93
Middle: 88.2453 132.115 1053.17
Ring: 72.0314 143.068 1017.86
Little: 95.128 167.823 1046.49
Thumb: 16.7674 36.7061 1091.48
Index: 137.556 133.649 1069.25
Middle: 70.6205 132.991 1051.76
Ring: 124.815 130.599 1041.33
Little: 90.9472 172.788 1054.05
Thumb: 16.4082 41.7269 1094.96
Index: 119.772 118.226 1047.58
Middle: 77.1285 128.301 1044.05
Ring: 108.734 127.082 1026.76
Little: 103.421 160.369 1055.83
Thumb: 14.7339 41.1809 1095.34
Index: 130.287 122.324 1065.94
Middle: 71.0479 124.889 1047.05
Ring: 113.187 129.089 1037.41
Little: 101.351 161.268 1048.49
Thumb: 13.7882 43.0272 1095.25
Index: 67.424 97.2784 1015.61
Middle: 67.9185 125.394 1045.94
Ring: 116.946 130.62 1037.07
Little: 99.3143 163.819 1054.14
Thumb: 11.6444 37.404 1095.46
Index: 92.0939 106.68 1018.74
Middle: 74.2215 125.719 1052.53
Ring: 122.375 141.424 1041.93
Little: 93.7696 163.839 1046.29
Thumb: 14.7701 52.7203 1097.35
Index: 40.9807 82.9223 1013.12
Middle: 64.5152 115.716 1047.2
Ring: 124.927 107.62 1051.65
Little: 112.535 132.236 1070.47
Thumb: 12.377 47.543 1097.52
Index: 42.1433 83.0382 1012.8
Middle: 75.5751 116.289 1037.37
Ring: 126.038 109.53 1053.13
Little: 114.982 135.153 1072.39
Thumb: 12.0383 47.4176 1096.98
Index: 43.1474 84.008 1011.44
Middle: 65.4427 117.044 1055.76
Ring: 111.863 119.376 1042.94
Little: 69.7264 164.875 1036.38
Thumb: 14.0753 53.1557 1095.35
Index: 45.2359 84.8059 1011.36
Middle: 63.3021 117.934 1057.91
Ring: 132.366 147.791 1063.61
Little: 67.6374 166.676 1036.81
Thumb: 14.1029 53.5739 1095.34
Index: 45.0887 84.7574 1011.3
Middle: 62.9307 117.883 1057.94
Ring: 131.841 147.684 1063.23
Little: 70.1806 165.637 1039.39
Thumb: 12.8997 53.7173 1095.04
Index: 44.5303 84.838 1011.5
Middle: 62.135 118.097 1058.17
Ring: 121.327 145.604 1041.95
Little: 78.369 160.472 1035.15
Thumb: -24.314 31.642 1109.83
Index: 39.2589 83.5467 1011.65
Middle: 60.0653 116.254 1058.19
Ring: 75.1312 135.463 1011.36
Little: 80.406 156.668 1034.59
Thumb: -23.3194 30.8754 1106.13
Index: 29.7522 83.0442 1013.37
Middle: 65.7736 117.396 1059.66
Ring: 70.2938 135.434 1009.47
Little: 85.3318 148.979 1036.8
Thumb: -23.2384 30.0004 1106.46
Index: 29.3964 82.7857 1015.41
Middle: 67.0261 118.181 1061.03
Ring: 81.9294 137.212 1010.3
Little: 105.474 136.149 1065.51
Thumb: -23.2485 29.4569 1106.42
Index: 28.742 83.1198 1018.64
Middle: 67.6194 119.15 1061.95
Ring: 81.5915 138.482 1012.51
Little: 105.363 137.557 1065.41
Thumb: -23.3474 28.3911 1108.84
Index: 44.6466 81.7641 1013.42
Middle: 113.519 125.48 1061.37
Ring: 92.6741 132.799 1016.58
Little: 109.757 135.74 1076.92
Thumb: -23.1376 28.4793 1110.17
Index: 44.9863 81.2028 1014.23
Middle: 113.572 125.468 1061.86
Ring: 79.5764 130.749 1014.85
Little: 111.217 137.412 1082.73
Thumb: -22.6046 28.5174 1110.74
Index: 44.8813 81.1121 1014.34
Middle: 113.698 125.442 1061.39
Ring: 132.662 132.832 1065.15
Little: 113.739 140.73 1080.78
Thumb: -21.4852 28.7108 1111.6
Index: 46.312 80.4158 1015.62
Middle: 115.398 126.087 1064.13
Ring: 118.041 130.118 1037.8
Little: 114.002 141.733 1082.41
Thumb: -20.3665 28.3905 1111.25
Index: 43.7639 79.8626 1015.68
Middle: 128.757 125.502 1053.71
Ring: 105.88 121.073 1025.59
Little: 113.254 145.237 1068.29
Thumb: -18.7026 28.5908 1111.93
Index: 43.778 79.8462 1015.73
Middle: 124.64 124.351 1049.1
Ring: 106.162 121.453 1025.83
Little: 112.93 145.333 1067.93
Thumb: -18.6992 28.5818 1111.92
Index: 43.7765 79.8577 1015.72
Middle: 123.107 124.055 1048.46
Ring: 106.354 122.498 1025.69
Little: 111.414 142.541 1068.24
Thumb: -17.0792 28.8951 1112.28
Index: 43.8933 80.3582 1015.92
Middle: 118.335 124.247 1042.9
Ring: 112.546 123.505 1030.68
Little: 108.316 138.402 1069.94
Thumb: -17.0443 28.9163 1112.05
Index: 106.596 94.7087 1042.44
Middle: 109.255 122.491 1030.94
Ring: 108.11 122.982 1027.5
Little: 81.7644 154.065 1029.56
Thumb: -17.0649 29.6352 1112.23
Index: 89.5416 90.2451 1032.35
Middle: 108.193 122.036 1030.6
Ring: 117.43 122.181 1034.84
Little: 68.742 165.305 1036.07
Thumb: -16.2595 31.1862 1111.59
Index: 97.367 93.9919 1036.73
Middle: 130.688 131.587 1061.27
Ring: 103.611 124.159 1025.02
Little: 69.8848 167.501 1034.88
Thumb: -14.6825 32.1293 1111.05
Index: 96.1866 95.2962 1034.44
Middle: 134.111 134.877 1063.66
Ring: 117.378 138.213 1031.3
Little: 79.4913 164.307 1031.4
Thumb: -12.1379 32.0112 1110.3
Index: 104.436 97.8413 1038.43
Middle: 138.787 137.661 1071.24
Ring: 106.522 134.753 1029.17
Little: 71.0825 169.005 1031.52
Thumb: -9.14434 31.4091 1108.03
Index: 110.713 100.157 1041.89
Middle: 144.712 140.063 1075.39
Ring: 137.363 149.17 1058.46
Little: 78.0669 166.772 1029.11
Thumb: -5.35959 30.2375 1104.85
Index: 117.078 103.013 1044.92
Middle: 147.113 142.125 1076.66
Ring: 132.712 152.797 1052.79
Little: 86.779 163.638 1030.49
Thumb: -0.868806 33.6424 1102.51
Index: 128.706 108.51 1062.64
Middle: 155.199 144.326 1086.8
Ring: 122.069 152.219 1039.52
Little: 95.4477 169.591 1032.18
Thumb: 4.01731 34.904 1099.11
Index: 52.0021 93.8085 1027.46
Middle: 70.0966 125.285 1006.42
Ring: 122.418 157.882 1036.23
Little: 92.7409 177.542 1034.13
