Thumb: 32.9554 91.7207 1121.92
Index: -64.5745 28.1944 1098.23
Middle: -101.42 40.8207 1097.63
Ring: -124.543 62.0639 1082.41
Little: -141.773 103.039 1080.87
Thumb: 37.9344 91.7435 1098.73
Index: -46.351 81.9467 1153.74
Middle: -80.3509 91.4153 1163.34
Ring: -133.488 64.6509 1087.97
Little: -142.857 99.0605 1087.76
Thumb: 32.2369 92.9094 1106.8
Index: -49.941 82.8861 1154.07
Middle: -74.0979 101.479 1166.79
Ring: -132.969 62.683 1088.08
Little: -137.419 104.69 1092.62
Thumb: 28.1813 88.6156 1106.63
Index: -54.3021 77.176 1152.96
Middle: -93.5412 79.3163 1160.23
Ring: -136.036 61.5561 1090.41
Little: -142.236 101.035 1091.85
Thumb: 24.2201 88.7761 1105.58
Index: -54.0975 73.0041 1149.7
Middle: -95.6891 73.6711 1158.19
Ring: -134.481 61.1274 1095.99
Little: -142.212 99.7665 1095.59
Thumb: 13.8461 90.2064 1108.09
Index: -79.114 44.3229 1117.57
Middle: -101.181 62.5194 1149.98
Ring: -132.816 61.7431 1100.66
Little: -146.743 94.2625 1090.97
Thumb: 11.2301 91.7707 1110.1
Index: -88.5693 32.7939 1100.2
Middle: -114.592 48.2225 1100.89
Ring: -132.191 60.9395 1101.68
Little: -147.093 92.8318 1090.71
Thumb: 4.65829 91.255 1112.42
Index: -90.0939 35.1284 1099.47
Middle: -114.634 49.2055 1102.75
Ring: -131.571 62.2465 1104.54
Little: -147.278 93.3093 1092.6
Thumb: 0.711433 91.4408 1109.43
Index: -94.2438 38.2291 1097.43
Middle: -116.244 43.6311 1098.77
Ring: -129.528 61.0275 1105.63
Little: -145.728 92.5208 1095.64
Thumb: -3.1006 87.5828 1105.57
Index: -95.9812 41.6106 1099.26
Middle: -119.073 43.5268 1098
Ring: -130.208 62.4487 1107.42
Little: -145.73 94.3857 1098.19
Thumb: -4.68732 83.121 1102.26
Index: -98.8767 42.4247 1097.12
Middle: -121.26 44.271 1098.65
Ring: -130.59 63.4346 1109.33
Little: -147.379 93.8137 1099.87
Thumb: -8.02901 83.4886 1103.04
Index: -98.0347 42.5868 1097.98
Middle: -121.547 44.0148 1098.07
Ring: -129.88 63.4985 1109.68
Little: -146.529 93.6787 1100.71
Thumb: -8.56993 82.5586 1098.39
Index: -96.063 41.3559 1097.17
Middle: -119.754 42.9867 1097.5
Ring: -126.075 61.5791 1108.91
Little: -142.746 93.0672 1102.32
Thumb: -8.44803 82.3281 1091.76
Index: -91.0624 40.2432 1097.2
Middle: -115.263 42.9507 1099.39
Ring: -120.441 60.3878 1109.54
Little: -138.045 91.3315 1102.43
Thumb: -5.97514 81.3767 1089.3
Index: -86.3319 40.797 1100.37
Middle: -108.981 39.7303 1099.33
Ring: -113.588 58.616 1111.58
Little: -131.926 88.3403 1103.96
Thumb: -2.71679 83.7812 1085.09
Index: -76.661 39.1926 1098.53
Middle: -101.581 40.0964 1098.71
Ring: -105.354 58.3367 1109.25
Little: -121.449 86.3868 1103.82
Thumb: 2.60777 82.9894 1084.06
Index: -69.2926 36.8133 1100.34
Middle: -93.003 38.1724 1101.2
Ring: -101.219 55.4877 1113.54
Little: -114.535 83.744 1106.12
Thumb: 8.40753 88.7376 1097.04
Index: -60.1033 36.1126 1097.53
Middle: -84.2878 37.6749 1098.97
Ring: -94.5213 52.7909 1108.74
Little: -108.24 79.8662 1103.12
Thumb: 17.2157 90.4899 1100.96
Index: -50.7858 34.2172 1098.67
Middle: -74.9099 35.4837 1102.58
Ring: -85.8877 49.055 1110.69
Little: -102.633 73.4792 1103.82
Thumb: 23.8716 91.2562 1100.83
Index: -42.9575 35.1565 1097.79
Middle: -64.6439 32.1213 1101.07
Ring: -81.1139 46.2622 1107.3
Little: -93.1951 72.1757 1104.95
Thumb: 33.0451 93.8548 1098.98
Index: -31.3354 33.5749 1096.36
Middle: -54.7814 29.5414 1099.27
Ring: -70.3766 43.1669 1105.79
Little: -84.0573 69.8875 1104.52
Thumb: 43.3226 94.3907 1100.78
Index: -25.5872 32.2613 1096.84
Middle: -50.1406 27.0269 1097.78
Ring: -65.263 43.4075 1105.81
Little: -78.8164 69.0642 1104.46
Thumb: 48.9342 95.0073 1103.86
Index: -18.71 31.5569 1095.4
Middle: -44.2476 27.2885 1098.78
Ring: -57.7146 40.1487 1106.26
Little: -72.4703 64.957 1100.36
Thumb: 53.5707 89.0163 1101.77
Index: -12.1119 30.2775 1096.27
Middle: -39.063 23.6672 1094.44
Ring: -50.1538 39.4616 1105.85
Little: -66.6122 64.1935 1101.73
Thumb: 60.9653 90.3241 1108.71
Index: -5.35678 27.8392 1097.66
Middle: -31.5546 21.9217 1098.76
Ring: -45.3631 35.8239 1104.37
Little: -60.8531 58.6272 1099.31
Thumb: 67.2634 85.5977 1105.93
Index: 3.08562 27.3577 1098.3
Middle: -24.8991 18.7639 1094.19
Ring: -39.0552 34.0204 1102.39
Little: -54.5641 56.4277 1095.46
Thumb: 76.3504 86.3969 1106.04
Index: 11.7141 23.4536 1099.13
Middle: -16.1638 14.9917 1093.64
Ring: -31.6521 31.1097 1103.6
Little: -48.3099 51.6684 1096.09
Thumb: 86.0057 86.5888 1109.05
Index: 20.6929 22.6445 1100.46
Middle: -9.39529 13.1161 1091.05
Ring: -24.8895 30.0828 1103.2
Little: -41.5159 53.09 1096.04
Thumb: 91.7902 86.9155 1109.84
Index: 31.4632 19.1225 1100.51
Middle: -2.74151 11.2277 1091.06
Ring: -18.8066 27.4722 1101.19
Little: -37.1412 52.805 1100.21
Thumb: 100.441 88.335 1111.85
Index: 39.224 17.546 1098.87
Middle: 4.02494 10.242 1090.84
Ring: -11.4478 27.9534 1101.8
Little: -32.4745 50.7791 1101.28
Thumb: 110.959 88.5116 1107.57
Index: 45.8497 13.8685 1097.01
Middle: 11.2034 7.58307 1089.53
Ring: -5.37945 23.9559 1099.69
Little: -28.3007 45.9418 1099.15
Thumb: 118.704 90.5023 1104.81
Index: 53.0568 13.3089 1093.64
Middle: 19.4558 7.5298 1089.28
Ring: 1.93016 22.2945 1098.12
Little: -21.4771 43.4979 1098.28
Thumb: 127.328 88.1781 1101.36
Index: 58.8447 11.9913 1091.81
Middle: 25.5664 6.88642 1086.64
Ring: 8.7802 24.6533 1098.1
Little: -15.2635 44.0515 1094.24
Thumb: 134.118 88.4007 1105.4
Index: 64.4029 12.1 1090.03
Middle: 31.0043 7.55516 1082.89
Ring: 13.8286 24.4855 1093.71
Little: -10.5766 46.4593 1091.65
Thumb: 140.206 89.0974 1104.83
Index: 70.0344 12.2936 1091.6
Middle: 36.4636 7.78062 1082.26
Ring: 19.1594 23.5991 1095.4
Little: -6.68554 47.1217 1090.75
Thumb: 144.458 89.5151 1104.74
Index: 74.5698 12.1454 1091.44
Middle: 40.806 6.96152 1078.18
Ring: 23.884 23.485 1092.67
Little: -1.86985 47.2889 1091.36
Thumb: 150.333 94.739 1107.86
Index: 80.4454 12.0226 1092.28
Middle: 47.1043 5.57717 1081.83
Ring: 30.4158 26.1985 1095.95
Little: 2.91671 44.4705 1090.15
Thumb: 153.313 97.6211 1107.69
Index: 85.539 14.7773 1095.91
Middle: 51.4974 5.20369 1082.2
Ring: 35.262 28.4186 1097.44
Little: 7.8264 49.3438 1099.83
Thumb: 157.299 96.5778 1104.54
Index: 87.2066 11.006 1094.41
Middle: 53.5549 3.08572 1082.43
Ring: 38.7513 31.3596 1099.06
Little: 12.4546 55.8977 1103.41
Thumb: 160.969 103.922 1112.29
Index: 87.82 8.1259 1094.08
Middle: 54.5399 1.58152 1082.16
Ring: 39.732 30.1541 1097.81
Little: 18.8018 76.2067 1105.26
Thumb: 164.197 100.937 1113.22
Index: 89.3499 6.23671 1093.93
Middle: 56.4064 0.287888 1084.69
Ring: 57.3188 79.4045 1163.53
Little: 23.4143 80.6577 1108.38
Thumb: 164.882 99.366 1114.27
Index: 91.2469 12.756 1104.86
Middle: 56.2649 0.614319 1082.66
Ring: 56.5409 79.746 1162.91
Little: 23.1445 78.829 1105.37
Thumb: 165.971 99.744 1114.51
Index: 90.0192 18.0635 1108.2
Middle: 53.2543 1.79694 1082.62
Ring: 55.3381 81.0628 1162.69
Little: 21.7524 79.1002 1105.52
Thumb: 165.354 99.4226 1116.49
Index: 89.5891 25.7998 1105.61
Middle: 49.3554 3.49447 1081.8
Ring: 55.336 82.2733 1163.66
Little: 36.2452 44.259 1090.23
Thumb: 163.301 98.7311 1116.74
Index: 85.8726 25.3335 1106.93
Middle: 45.4667 5.20453 1082.08
Ring: 59.0516 99.1562 1162.18
Little: 33.4203 46.0956 1090.1
Thumb: 160.462 98.8817 1115.41
Index: 81.5356 25.7153 1109.47
Middle: 40.8426 6.39025 1082.33
Ring: 53.5407 93.3543 1164.3
Little: 29.1383 50.7968 1093.53
Thumb: 156.332 96.1453 1116.94
Index: 77.2638 28.0555 1109.51
Middle: 35.4285 8.18572 1083.02
Ring: 48.1631 90.5514 1163.89
Little: 25.314 52.8752 1092.36
Thumb: 151.868 95.1714 1116.65
Index: 72.0287 28.2421 1108.75
Middle: 29.7416 9.09773 1081.77
Ring: 45.4592 94.1545 1163.09
Little: 20.1342 52.2564 1091.68
Thumb: 146.355 93.7428 1118.94
Index: 67.1554 30.702 1110.56
Middle: 24.0886 12.511 1081.36
Ring: 40.0731 95.4038 1163.88
Little: 16.8449 55.8905 1091.87
Thumb: 141.31 91.5284 1119.36
Index: 61.49 33.9384 1113.97
Middle: 16.696 13.9783 1080.54
Ring: 32.7217 97.4348 1163.58
Little: 9.02369 53.4357 1086.56
Thumb: 133.641 92.1526 1120.11
Index: 71.2465 62.2284 1103.08
Middle: 11.5727 15.6672 1081.36
Ring: 27.5326 107.217 1161.74
Little: 4.39244 56.1555 1086.42
Thumb: 125.166 95.1697 1122.3
Index: 64.7963 64.2803 1104.99
Middle: 5.7034 16.4749 1082.6
Ring: 19.3273 104.871 1163.8
Little: -1.329 55.1398 1081.05
Thumb: 113.98 95.5838 1124.71
Index: 57.9118 65.6973 1108.83
Middle: -2.48637 16.5419 1081.81
Ring: 9.70598 110.21 1161.81
Little: -7.54448 54.1005 1079.36
Thumb: 105.75 96.0628 1126.75
Index: 50.4373 64.9014 1109.27
Middle: -8.74575 17.9784 1083.03
Ring: 2.48599 98.4686 1164.71
Little: -14.1594 56.259 1082.47
Thumb: 100.035 95.9083 1129.38
Index: 44.5286 64.942 1115.47
Middle: -15.1338 18.1736 1085.31
Ring: -1.2251 105.042 1168.65
Little: -19.9946 56.4412 1085.85
Thumb: 94.3252 95.0021 1130.86
Index: 37.5876 65.1021 1118.24
Middle: -23.5233 19.4555 1090.51
Ring: -6.8717 106.342 1171.89
Little: -27.1201 57.9481 1089.17
Thumb: 90.2198 97.1311 1130.77
Index: 33.7081 66.0884 1118.98
Middle: -27.3028 19.5904 1093.55
Ring: -9.64098 106.964 1174.11
Little: -31.6113 57.9266 1092.32
Thumb: 85.5289 96.1111 1131.1
Index: 27.3068 64.4558 1121.22
Middle: -31.5567 18.0241 1094.08
Ring: -15.4808 104.716 1176.62
Little: -38.1999 57.5348 1094.06
Thumb: 82.0146 95.4933 1140.8
Index: -3.21726 26.0638 1129.94
Middle: -33.9614 17.1681 1096.31
Ring: -30.3318 104.7 1175.92
Little: -43.938 59.0056 1095.17
Thumb: 67.6388 95.7541 1164.45
Index: -21.0502 30.7251 1140.27
Middle: -35.8736 14.8094 1099.1
Ring: -48.8224 126.575 1166.1
Little: -48.6872 59.3325 1090.54
Thumb: 31.2832 115.78 1196.9
Index: -51.0852 64.4326 1162.13
Middle: -38.5271 20.0603 1102.42
Ring: -77.28 100.623 1139.36
Little: -35.9502 60.7587 1077.64
Thumb: 68.711 157.172 1224.98
Index: -52.6588 38.2578 1142.81
Middle: -44.0256 21.6708 1105.36
Ring: -40.2012 30.92 1106.7
Little: -34.5866 55.6901 1071.15
Thumb: 36.523 156.296 1219.64
Index: -56.3894 40.6828 1146.44
Middle: -49.0471 23.4772 1112.13
Ring: -41.3713 31.0111 1107.24
Little: -37.9885 54.4256 1072.55
Thumb: 29.1089 150.151 1215.48
Index: -60.8834 41.3532 1147.7
Middle: -55.0192 24.916 1114.3
Ring: -46.1887 31.9686 1110.03
Little: -44.1138 56.1449 1075.1
Thumb: 47.9737 174.484 1227.38
Index: -66.3181 42.5744 1151.32
Middle: -59.2729 24.8442 1117.96
Ring: -51.2288 32.2471 1111.16
Little: -47.6633 55.2783 1076.16
Thumb: -61.0867 157.604 1165.72
Index: -74.668 47.6477 1148.99
Middle: -61.4331 25.457 1113.86
Ring: -56.586 35.0732 1108.77
Little: -44.516 56.584 1079.09
Thumb: -75.3381 164.285 1179.29
Index: -81.2559 54.1294 1150.76
Middle: -63.483 25.4389 1114.27
Ring: -59.8647 35.4739 1106.71
Little: -45.8625 56.9507 1081.08
Thumb: 74.8665 219.4 1097.37
Index: 46.0704 111.919 1099.23
Middle: 35.7629 148.897 1146.82
Ring: 24.8468 100.169 1105.92
Little: -16.7624 80.3949 1086.08
Thumb: 44.782 261.45 1064.13
Index: 49.8779 108.679 1099.24
Middle: 28.8151 153.387 1149.04
Ring: 22.491 99.2491 1113.2
Little: -15.1991 78.5078 1088.31
Thumb: 52.8916 126.727 1104.33
Index: 40.8002 122.355 1116.38
Middle: 30.61 118.615 1169.19
Ring: -18.6221 76.6774 1143.28
Little: -54.1948 55.4467 1122.81
Thumb: 49.0324 124.771 1112.06
Index: 48.5598 115.667 1143.77
Middle: 23.6716 112.328 1176.37
Ring: -18.8805 78.8281 1140.38
Little: -57.0408 54.4011 1121.47
Thumb: 46.0711 124.506 1115.82
Index: 42.8198 122.023 1143.69
Middle: 15.9063 110.152 1182.15
Ring: -19.6101 74.1561 1143.6
Little: -59.7213 55.1751 1120.04
Thumb: 37.5862 120.043 1118.42
Index: 32.7797 101.922 1166.17
Middle: 7.12164 109.338 1187.4
Ring: -21.1719 69.1772 1145.97
Little: -61.2838 56.3389 1119.75
Thumb: 34.9914 120.512 1118.68
Index: 27.2321 103.081 1170.19
Middle: 2.09015 111.544 1189.3
Ring: -22.9831 63.8932 1145.48
Little: -63.0729 57.3481 1119.32
Thumb: 38.599 122.592 1117.27
Index: 23.0166 105.723 1173.52
Middle: -4.59904 113.317 1191.73
Ring: -24.7545 61.4416 1146.46
Little: -64.2529 57.0271 1119.81
Thumb: 36.1257 118.894 1118.82
Index: 18.1305 107.501 1176.56
Middle: -9.13213 115.026 1192.49
Ring: -29.4793 58.8255 1142.32
Little: -67.0368 58.7596 1118.49
Thumb: 33.1052 117.966 1117.06
Index: 13.8842 109.559 1179.09
Middle: -14.38 115.919 1194.04
Ring: -34.0991 53.6182 1132.47
Little: -68.152 59.962 1118.36
Thumb: 37.2885 118.323 1119.01
Index: -14.7937 72.2082 1175.32
Middle: -20.6595 114.459 1194.89
Ring: -37.7053 53.9058 1132.22
Little: -71.8785 60.0957 1117.61
Thumb: 37.5418 120.073 1118.68
Index: -10.7996 74.6657 1175.51
Middle: -21.7264 113.579 1193.97
Ring: -38.4367 53.2424 1131.06
Little: -73.0709 59.9226 1115.17
Thumb: 40.5277 120.664 1118.61
Index: -9.47952 81.4235 1177.48
Middle: -27.5258 115.302 1193.8
Ring: -40.4208 55.5133 1130.78
Little: -74.0172 61.0486 1112.96
Thumb: 48.1327 122.468 1118.45
Index: -9.40349 89.9693 1178.24
Middle: -31.9765 119.162 1191.27
Ring: -41.3889 53.4433 1129.3
Little: -74.8491 61.5166 1109.98
Thumb: 48.6898 118.067 1116.55
Index: -10.086 86.7708 1175.1
Middle: -32.6296 118.99 1188.42
Ring: -42.8546 52.3052 1125.97
Little: -76.1791 62.1405 1106.34
Thumb: 38.4726 122.303 1113.42
Index: -9.61027 86.2572 1172.14
Middle: -33.7049 117.956 1186.32
Ring: -41.8404 52.851 1123.67
Little: -74.7214 61.4556 1103.32
Thumb: 42.3215 119.384 1115.14
Index: -10.7549 86.6713 1170.36
Middle: -53.7264 23.5718 1106.2
Ring: -41.4473 49.9572 1121.29
Little: -74.5573 61.5018 1100.63
Thumb: 47.5974 120.564 1114.56
Index: -11.7458 90.2632 1168.5
Middle: -55.0663 25.1784 1103.19
Ring: -58.5943 119.334 1172.98
Little: -74.413 62.6832 1096.11
Thumb: 47.6214 120.714 1112.89
Index: -8.50516 92.4276 1166.77
Middle: -54.1424 24.2779 1097.8
Ring: -56.3826 119.177 1171.82
Little: -73.6605 62.2577 1095.12
Thumb: 39.7813 123.24 1109.36
Index: -7.29817 95.0262 1165.67
Middle: -52.096 29.2805 1109.77
Ring: -55.8937 120.647 1170.49
Little: -73.3305 62.4783 1094.35
Thumb: 70.9538 127.106 1103.84
Index: -6.11144 94.7812 1164.35
Middle: -50.7335 29.5968 1108.45
Ring: -54.5317 121.936 1168.85
Little: -72.3552 62.8994 1093.06
Thumb: 65.494 122.01 1100.8
Index: -4.52564 90.7135 1162.88
Middle: -48.2245 31.19 1108.69
Ring: -51.9179 123.965 1168.27
Little: -70.5017 63.1746 1093.21
Thumb: 71.3729 126.838 1097.5
Index: -2.54155 91.5704 1162.29
Middle: -46.9037 28.9766 1106.8
Ring: -49.4988 123.12 1168.64
Little: -68.716 63.2113 1094.25
Thumb: 81.035 144.716 1083.63
Index: -0.524054 96.1509 1162.51
Middle: -42.8021 29.6735 1106.59
Ring: -48.9287 125.83 1168.31
Little: -66.9448 63.7179 1094.09
Thumb: 82.8604 155.443 1082.52
Index: 4.05961 96.9243 1163.02
Middle: -38.6963 31.7647 1112.69
Ring: -44.8393 124.679 1170.36
Little: -64.5416 62.6316 1097.16
Thumb: 84.0469 154.228 1084.54
Index: 6.73821 100.244 1164.35
Middle: -34.7719 34.5462 1115.53
Ring: -42.5645 124.878 1171.56
Little: -60.2344 63.1015 1099.04
Thumb: 73.6376 133.407 1098.04
Index: 10.0719 95.2664 1165.24
Middle: -30.801 36.8203 1119.66
Ring: -38.2643 123.372 1173.74
Little: -57.8222 62.5976 1101.3
Thumb: 59.6725 131.093 1107.14
Index: 14.5461 96.3661 1165.69
Middle: -25.1383 34.2757 1120.07
Ring: -34.9843 124.653 1175.57
Little: -54.8183 62.0968 1104.45
Thumb: 65.8173 135.216 1102.35
Index: 16.1501 98.1906 1167.2
Middle: -20.5363 34.3918 1121.95
Ring: -33.5604 124.863 1177
Little: -51.1606 61.0625 1106.38
Thumb: 70.6214 135.247 1098.85
Index: 20.7003 98.9106 1166.63
Middle: -15.2927 34.6026 1120.55
Ring: -30.3476 125.398 1177.43
Little: -44.6161 61.3306 1106.82
Thumb: 70.6946 127.989 1100.53
Index: 25.794 98.6961 1168.76
Middle: -10.6662 30.7538 1121.23
Ring: -24.5815 120.276 1180.18
Little: -39.6359 57.8637 1108.19
Thumb: 69.4045 122.798 1109.65
Index: 29.9885 92.3613 1172.74
Middle: -3.57518 30.5446 1125.02
Ring: -18.6038 117.843 1182.77
Little: -33.2998 56.1999 1109.62
Thumb: 81.0569 123.415 1110.59
Index: 36.9838 94.3403 1175.39
Middle: 3.29911 27.2156 1126.32
Ring: -13.0525 114.335 1185.05
Little: -27.7272 52.8197 1111.51
Thumb: 87.7939 126.586 1109.73
Index: 45.4998 95.111 1175.37
Middle: 11.0554 25.8406 1126.3
Ring: -6.24668 114.582 1186.26
Little: -20.3144 51.4733 1113.13
Thumb: 91.0329 125.831 1111.35
Index: 49.676 94.7737 1176.85
Middle: 17.9486 26.1713 1126.87
Ring: -2.57576 112.637 1186.67
Little: -13.3473 51.1622 1112.93
Thumb: 89.1428 122.148 1114.83
Index: 56.477 92.799 1176.5
Middle: 23.2241 24.4531 1129.37
Ring: 4.42378 110.499 1187.17
Little: -7.4309 48.0914 1114
Thumb: 58.9711 87.7033 1110.43
Index: 63.8229 89.2971 1175.69
Middle: 29.464 22.2586 1127.28
Ring: 11.1766 110.283 1186.75
Little: -1.17872 47.166 1114.23
Thumb: 65.4463 86.5766 1112.77
Index: 69.1029 88.2809 1177.58
Middle: 36.6408 22.2197 1129.36
Ring: 16.1698 108.432 1186.82
Little: 5.81721 45.7638 1113.81
Thumb: 71.139 88.0035 1111.5
Index: 74.4587 93.1177 1175.55
Middle: 45.62 23.5978 1127.2
Ring: 21.6561 109.274 1185.41
Little: 13.3112 46.1902 1111.74
Thumb: 77.3175 89.8338 1106.29
Index: 81.7316 95.4711 1174.09
Middle: 54.1887 24.916 1126.43
Ring: 28.3396 108.829 1184.86
Little: 22.4476 46.268 1111.06
Thumb: 84.0151 90.5711 1107.01
Index: 85.4122 97.8415 1175.64
Middle: 61.7334 25.8412 1124.76
Ring: 30.5203 111.277 1184.63
Little: 28.9453 48.1158 1110.18
Thumb: 91.2427 93.5414 1107.2
Index: 90.0953 104.588 1175.65
Middle: 68.6836 27.2852 1123.2
Ring: 36.5618 110.796 1184.97
Little: 35.7179 49.8632 1109.72
Thumb: 99.5991 88.9924 1106.23
Index: 98.6072 99.2633 1177.32
Middle: 76.5901 26.2286 1126.42
Ring: 44.9038 107.066 1186.63
Little: 40.554 46.5993 1111.26
Thumb: 105.894 87.1926 1105.53
Index: 105.48 96.7649 1177.51
Middle: 81.6657 24.5196 1127.84
Ring: 51.5984 106.985 1187.3
Little: 46.4573 45.4434 1112.79
Thumb: 111.466 88.7591 1106.25
Index: 108.771 97.6155 1177.72
Middle: 83.4274 24.172 1127.04
Ring: 55.0463 106.784 1186.53
Little: 51.182 45.473 1110.98
Thumb: 114.776 83.7476 1104.63
Index: 112.725 109.681 1165.11
Middle: 87.3372 21.4506 1129.48
Ring: 62.5661 104.512 1187.6
Little: 53.1835 42.4749 1114.04
Thumb: 114.332 80.0591 1100.16
Index: 117.592 106.735 1164.82
Middle: 87.0278 19.7382 1129.24
Ring: 68.2051 103.171 1188.8
Little: 53.5462 42.0302 1115.22
Thumb: 113.278 80.7486 1099.22
Index: 121.816 86.3074 1162.71
Middle: 82.419 18.2499 1127.85
Ring: 74.699 106.425 1189.78
Little: 51.2881 45.3289 1119.07
Thumb: 110.351 79.5278 1093.84
Index: 124.477 77.7213 1156.44
Middle: 78.3643 25.7419 1134.15
Ring: 85.2382 111.1 1190.46
Little: 47.636 48.5672 1123.93
Thumb: 131.752 128.767 1104
Index: 143.493 118.721 1146.97
Middle: 124.462 131.32 1181.22
Ring: 98.2191 121.309 1185.54
Little: 79.0589 63.0032 1131.79
Thumb: 145.572 128.273 1089.87
Index: 148.749 133.531 1140.54
Middle: 135.094 136.417 1178.03
Ring: 110.411 123.981 1185.29
Little: 83.1064 64.6968 1136.55
Thumb: 150.662 125.317 1089.04
Index: 132.649 132.924 1124.95
Middle: 141.595 112.155 1177.5
Ring: 118.339 115.905 1186.29
Little: 67.5017 68.0983 1149.96
Thumb: 149.517 126.823 1081.63
Index: 143.971 127.478 1127.69
Middle: 144.916 121.874 1171.96
Ring: 126.362 116.084 1182.87
Little: 69.5137 71.4094 1152.99
Thumb: 142.304 128.486 1086.26
Index: 146.396 130.768 1126.37
Middle: 150.908 119.35 1167.54
Ring: 131.055 118.735 1179.4
Little: 72.3989 95.7527 1164.58
Thumb: 145.331 123.843 1080.22
Index: 150.254 130.242 1119.5
Middle: 156.768 119.167 1160.75
Ring: 138.46 116.28 1173.79
Little: 81.4866 94.9801 1166.67
Thumb: 147.489 130.714 1078.65
Index: 161.134 128.096 1120.91
Middle: 152.995 138.206 1155.85
Ring: 143.328 117.086 1170.22
Little: 80.5765 120.205 1173.24
Thumb: 141.116 133.208 1078.78
Index: 121.466 147.261 1098.95
Middle: 158.41 130.732 1152.76
Ring: 139.214 133.586 1170.87
Little: 76.566 121.393 1171.1
Thumb: 134.415 128.323 1079.93
Index: 123.381 149.239 1100.48
Middle: 162.672 121.098 1150.06
Ring: 139.547 134.22 1169.33
Little: 76.2939 124.008 1170.37
Thumb: 128.112 129.539 1082.33
Index: 137.041 147.049 1102.55
Middle: 152.678 145.102 1148.35
Ring: 148.848 121.511 1162.8
Little: 76.79 130.37 1171.96
Thumb: 138.001 124.515 1070.84
Index: 132.661 143.987 1093.87
Middle: 149.103 139.51 1141.41
Ring: 126.272 141.044 1159.49
Little: 80.2305 127.798 1171.8
Thumb: 132.978 152.521 1036.94
Index: 145.008 132.73 1097.08
Middle: 158.825 128.394 1139.5
Ring: 124.835 141.891 1159.99
Little: 78.8385 127.688 1171.97
Thumb: 133.475 150.267 1038.53
Index: 154.488 123.851 1100.36
Middle: 164.965 118.914 1138.08
Ring: 124.413 141.746 1160.27
Little: 79.5822 126.827 1172.46
Thumb: 135.04 146.767 1037.17
Index: 144.342 117.949 1100.34
Middle: 152.998 121.68 1139.81
Ring: 137.254 123.613 1160.85
Little: 65.0266 59.5763 1138.89
Thumb: 150.481 131.904 1051.34
Index: 124.328 128.965 1093.47
Middle: 144.987 119.91 1139.72
Ring: 126.062 124.057 1159.52
Little: 62.1263 58.6404 1138.63
Thumb: 156.929 137.996 1054.37
Index: 122.182 128.024 1092.67
Middle: 135.148 126.604 1140.79
Ring: 128.225 121.99 1159.88
Little: 61.9377 58.6102 1140.17
Thumb: 155.56 132.573 1056.03
Index: 115.941 123.359 1092.27
Middle: 134.094 125.531 1142.98
Ring: 126.365 119.762 1161.02
Little: 59.5031 56.5695 1141.2
Thumb: 152.821 143.071 1054.36
Index: 112.282 122.1 1093.56
Middle: 140.508 121.408 1145.44
Ring: 125.51 118.942 1162
Little: 58.0287 56.1138 1144.78
Thumb: 174.428 142.509 1075.72
Index: 112.565 120.434 1093.81
Middle: 139.724 119.619 1145.98
Ring: 135.596 111.778 1164.56
Little: 57.0863 54.6628 1143.38
Thumb: 186.286 168.67 1083.67
Index: 142.462 122.163 1109.74
Middle: 139.618 129.568 1147.95
Ring: 130.056 117.271 1171.97
Little: 54.1563 57.3053 1141.07
Thumb: 180.213 154.19 1079.12
Index: 154.599 104.945 1121.82
Middle: 124.835 131.577 1145.65
Ring: 126.201 122.41 1176.05
Little: 53.643 57.1277 1143.06
Thumb: 171.448 150.716 1068.46
Index: 114.044 117.296 1103.28
Middle: 145.653 119.239 1157.34
Ring: 126.132 115.823 1176.75
Little: 46.8688 55.0606 1147.76
Thumb: 152.013 125.909 1097.62
Index: 111.142 116.031 1104.95
Middle: 141.342 111.852 1160.34
Ring: 123.099 115.218 1177.68
Little: 43.6439 53.7558 1150.33
Thumb: 165.868 156.349 1065.23
Index: 106.892 115.782 1105.23
Middle: 143.037 102.457 1164.45
Ring: 123.672 111.24 1179
Little: 41.2351 53.8664 1151.67
Thumb: 164.998 161.08 1067.38
Index: 108.061 114.557 1105.44
Middle: 141.419 119.577 1162.63
Ring: 125.489 105.477 1181.39
Little: 41.1423 49.1504 1157.63
Thumb: 144.167 116.664 1072.08
Index: 104.703 114.418 1106.21
Middle: 132.605 131.049 1157.95
Ring: 123.75 103.385 1183.56
Little: 39.9669 47.744 1161.73
Thumb: 136.893 103.581 1078.68
Index: 103.032 114.812 1106.64
Middle: 137.888 118.056 1164.43
Ring: 122.368 99.4158 1184.17
Little: 38.3231 46.6495 1165.01
Thumb: 132.46 117.94 1053.8
Index: 99.4482 110.518 1102.78
Middle: 132.359 120.365 1162.48
Ring: 118.895 95.2956 1184.95
Little: 30.6037 46.3488 1174.98
Thumb: 125.325 118.503 1050.74
Index: 95.8863 111.437 1098.28
Middle: 133.825 115.215 1159.98
Ring: 116.771 98.737 1181.87
Little: 28.7276 44.7061 1173.12
Thumb: 128.135 118.54 1054.76
Index: 126.849 109.748 1118.96
Middle: 131.184 105.37 1162.19
Ring: 111.287 100.466 1181.32
Little: 26.7631 41.5715 1167.53
Thumb: 126.529 122.312 1050.03
Index: 130.584 113.228 1121.86
Middle: 126.364 111.539 1157.81
Ring: 102.193 111.113 1175.87
Little: 24.4604 38.111 1163.27
Thumb: 125.243 122.768 1049.58
Index: 115.389 113.921 1114.9
Middle: 119.457 114.065 1156.09
Ring: 95.0409 109.479 1176.4
Little: 17.4286 35.9587 1162.93
Thumb: 118.753 136.823 1042.41
Index: 115.154 110.531 1114.89
Middle: 118.849 109.692 1158.55
Ring: 94.138 108.127 1174.73
Little: 25.3776 48.3957 1170.29
Thumb: 115.06 139.39 1039.3
Index: 111.733 114.102 1112.76
Middle: 116.449 111.902 1159.18
Ring: 96.9957 98.5711 1179.17
Little: 23.1804 50.2294 1171.77
Thumb: 122.646 116.023 1051.67
Index: 126.58 110.288 1126.63
Middle: 112.668 120.088 1155.11
Ring: 96.532 99.0784 1178.31
Little: 28.1983 71.7598 1172.13
Thumb: 106.076 147.791 1030.4
Index: 122.894 111.62 1128.11
Middle: 106.793 118.686 1157.15
Ring: 91.3685 96.3043 1177.39
Little: 26.2691 71.5285 1167.33
Thumb: 106.171 145.582 1029.36
Index: 118.878 113.534 1127.43
Middle: 106.151 102.268 1165.7
Ring: 85.2631 100.091 1176.87
Little: 22.6906 71.737 1167.85
Thumb: 99.5051 141.17 1024.32
Index: 117.798 95.4157 1133.7
Middle: 92.7477 116.81 1145.24
Ring: 82.9273 103.392 1170.1
Little: 5.9553 30.2342 1156.6
Thumb: 99.8002 111.458 1042.12
Index: 93.481 129.199 1094.29
Middle: 89.691 116.147 1141.98
Ring: 82.2521 104.471 1168.78
Little: 4.02382 31.0581 1159.69
Thumb: 101.606 111.838 1038.24
Index: 96.2875 129.452 1089.64
Middle: 110.302 106.836 1151.39
Ring: 90.2277 108.656 1163.71
Little: 10.846 37.1318 1167.37
Thumb: 97.4559 107.188 1041.51
Index: 85.5643 129.1 1083.42
Middle: 108.822 102.526 1154.01
Ring: 88.2033 109.253 1163.85
Little: 7.34074 35.9932 1165.8
Thumb: 95.8569 105.037 1039.05
Index: 76.7719 121.211 1081.12
Middle: 106.105 100.044 1155.24
Ring: 86.8232 102.44 1167.46
Little: -0.406661 35.9128 1163.44
Thumb: 95.7977 112.925 1035.79
Index: 74.3089 122.324 1081.21
Middle: 105.656 102.538 1154.81
Ring: 86.3839 104.025 1167.21
Little: 3.76332 35.2041 1165.11
Thumb: 92.6631 116.517 1027.31
Index: 72.4252 121.703 1079.92
Middle: 104.218 102.96 1153.73
Ring: 84.8825 104.905 1165.94
Little: -0.151024 35.1756 1162.54
Thumb: 90.0585 114.134 1030.05
Index: 73.0833 122.477 1080.94
Middle: 101.221 116.366 1146.89
Ring: 81.9485 113.769 1160.48
Little: 0.603341 34.7669 1159.79
Thumb: 85.9331 114.246 1027.5
Index: 70.005 120.75 1080
Middle: 101.139 113.691 1145.38
Ring: 82.9313 110.524 1160.56
Little: 1.0851 35.91 1161.95
Thumb: 87.3735 114.195 1031.92
Index: 70.0202 123.618 1080.48
Middle: 87.5582 133.307 1132.52
Ring: 79.9414 109.254 1161.44
Little: 0.815118 36.5022 1161.05
Thumb: 78.9898 105.427 1051.72
Index: 96.4366 115.556 1105.99
Middle: 84.3107 136.658 1130.8
Ring: 79.4074 102.414 1164.05
Little: -0.650338 35.9955 1157.53
Thumb: 83.9919 107.852 1040.43
Index: 79.3895 121.893 1088.74
Middle: 87.2547 133.321 1132.56
Ring: 79.1939 103.306 1163.1
Little: 2.69815 36.1779 1144.22
Thumb: 83.2203 110.942 1038.19
Index: 76.5677 124.085 1085.96
Middle: 86.0006 136.88 1125.85
Ring: 69.4213 119.878 1152.53
Little: 3.27043 36.6207 1144.69
Thumb: 81.5039 109.436 1040.1
Index: 70.1933 118.414 1083.27
Middle: 79.5586 140.042 1118.17
Ring: 70.9515 119.173 1150.92
Little: -3.17827 37.5738 1157.47
Thumb: 75.0298 109.43 1054.15
Index: 73.6055 119.729 1085.42
Middle: 78.9306 141.415 1116.6
Ring: 72.8671 122.981 1150.92
Little: -2.69894 36.5993 1155.56
Thumb: 72.3333 106.351 1052.48
Index: 66.2827 118.335 1080.61
Middle: 75.1921 142.521 1112.68
Ring: 66.8185 122.05 1146.14
Little: -4.77789 38.0082 1154.36
Thumb: 73.1317 102.853 1055.4
Index: 65.6898 114.831 1080.14
Middle: 75.9213 141.332 1111.83
Ring: 73.3571 118.092 1146.41
Little: -10.9703 40.1571 1160.56
Thumb: 66.9121 105.178 1061.77
Index: 63.4917 115.013 1078.58
Middle: 71.9487 141.965 1108.11
Ring: 76.184 116.594 1148.94
Little: -11.9421 42.2096 1162.5
Thumb: 71.3198 102.651 1055.91
Index: 63.6758 112.534 1078.26
Middle: 75.1584 142.19 1108.67
Ring: 81.4468 109.03 1153.72
Little: -9.70195 41.4999 1161.42
Thumb: 74.4814 105.172 1054.01
Index: 64.148 113.862 1078.19
Middle: 77.2097 143.144 1110.39
Ring: 81.4933 110.293 1153.57
Little: -7.3504 40.5768 1158.13
Thumb: 90.9761 121.999 1027.21
Index: 62.6182 111.563 1073.01
Middle: 96.0306 121.884 1128.53
Ring: -6.10229 27.8589 1144.89
Little: -2.28278 54.3768 1158.19
Thumb: 97.0699 102.959 1048.55
Index: 64.7668 113.329 1076.57
Middle: 96.393 116.224 1139.99
Ring: -10.119 30.3408 1144.67
Little: -18.0223 48.6073 1152.73
Thumb: 96.3677 97.2684 1062.97
Index: 77.5995 118.215 1086.89
Middle: 93.3568 109.456 1151.66
Ring: 1.35343 34.6508 1157.14
Little: -22.9898 50.7503 1152.08
Thumb: 106.499 107.319 1062.77
Index: 87.6329 125.699 1105.55
Middle: 2.2281 21.4448 1130.09
Ring: -1.1529 32.811 1153.54
Little: -30.5294 51.7386 1154.29
Thumb: 112.963 111.685 1075.67
Index: 89.2842 126.503 1120.73
Middle: -0.255888 22.6742 1131.19
Ring: 52.1829 107.091 1183.57
Little: -35.8756 53.0752 1150.76
Thumb: 107.016 109.686 1095.85
Index: 87.4735 123.265 1136.33
Middle: -6.51821 23.7439 1132.41
Ring: 42.8715 107.957 1189.3
Little: -43.1448 55.0587 1148.35
Thumb: 112.95 110.074 1105.54
Index: 87.7228 113.645 1165.2
Middle: -9.93483 24.033 1135.35
Ring: 36.1141 108.011 1193.94
Little: -47.2865 55.7406 1146.68
Thumb: 116.968 112.442 1104.8
Index: 19.0668 30.6773 1125.42
Middle: -15.7454 24.8339 1133.61
Ring: 31.03 109.653 1196.41
Little: -49.9835 55.8162 1144.44
Thumb: 116.824 112.306 1107.76
Index: 18.2629 33.998 1131.41
Middle: -14.3456 30.2562 1144.02
Ring: 25.2964 111.025 1199.39
Little: -50.6022 57.5911 1142.59
Thumb: 125.936 128.05 1098.05
Index: 19.1932 34.0121 1135.79
Middle: -14.1419 30.0705 1146.32
Ring: 20.6284 110.719 1201.39
Little: -51.4846 56.061 1140.99
Thumb: 126.526 124.162 1109.05
Index: 19.091 34.8155 1138.3
Middle: -15.3058 30.0498 1145.73
Ring: 13.0204 107.6 1202.52
Little: -51.5588 54.3778 1136.56
Thumb: 116.114 107.264 1116.61
Index: 18.4266 33.9368 1136.05
Middle: -15.929 29.3227 1142.39
Ring: 11.6157 105.863 1201.08
Little: -51.4261 52.5415 1131.16
Thumb: 110.07 100.433 1118.32
Index: 17.4357 31.4975 1133.16
Middle: -17.0686 27.1746 1139.34
Ring: 10.5003 100.943 1199.98
Little: -51.2584 50.4154 1128.19
Thumb: 107.139 98.4426 1121.92
Index: 17.9401 30.3111 1130.36
Middle: -16.5529 25.7372 1135.36
Ring: -1.88793 77.9598 1195.28
Little: -52.3443 46.6741 1121.42
Thumb: 110.5 96.2334 1125.91
Index: 18.3402 28.6231 1127.27
Middle: -20.8756 18.3736 1126.31
Ring: -4.55533 74.3433 1191.4
Little: -52.9958 42.198 1113.53
Thumb: 100.825 91.2059 1123.1
Index: 16.1351 27.0268 1120.66
Middle: -21.1264 20.6908 1123.37
Ring: 7.92582 93.1569 1174.91
Little: -53.4484 39.3746 1106.9
Thumb: 99.9309 94.431 1122.3
Index: 16.6194 27.3631 1110.73
Middle: -23.1076 17.1516 1112
Ring: 13.4131 94.2839 1171.73
Little: -51.9319 38.8093 1100.01
Thumb: 93.161 95.3026 1121.35
Index: 15.9272 26.8787 1105.44
Middle: -22.897 17.764 1106.58
Ring: 6.73934 89.9396 1165.53
Little: -52.4271 39.3901 1094.48
Thumb: 91.8748 96.4891 1121.43
Index: 15.6489 26.7304 1100.44
Middle: -21.4778 19.3038 1102.78
Ring: 5.74694 87.2799 1168.7
Little: -52.2867 39.5756 1090.19
Thumb: 103.077 95.9115 1120.19
Index: 16.0828 28.4849 1098.44
Middle: -20.6763 19.2347 1103.65
Ring: 6.62895 86.886 1165.81
Little: -51.7798 38.784 1089.59
Thumb: 109.161 96.5481 1117.73
Index: 14.6598 29.7987 1095.17
Middle: -22.4611 20.5751 1100.59
Ring: 3.0766 66.4862 1174.59
Little: -52.3963 40.9603 1087.08
Thumb: 112.52 98.6304 1114.42
Index: 13.805 30.8253 1091.09
Middle: -20.0444 23.6055 1102.5
Ring: 5.89082 69.985 1172.7
Little: -53.0553 42.5364 1084.9
Thumb: 130.272 132.594 1106.72
Index: 12.6895 30.5553 1088.31
Middle: -22.3265 21.9514 1098.8
Ring: 8.11104 68.3484 1170.54
Little: -47.7479 50.4187 1102.66
Thumb: 124.895 111.605 1107.44
Index: 12.2755 30.943 1086
Middle: -23.1818 21.2154 1096.44
Ring: 10.0763 73.4248 1167.59
Little: -46.9943 49.5006 1101.22
Thumb: 109.432 99.6488 1106.59
Index: 8.30968 31.9781 1084.9
Middle: -21.5933 18.6228 1093.75
Ring: 6.82559 75.2994 1165.08
Little: -48.1217 51.8308 1099.95
Thumb: 109.015 100.231 1105.68
Index: 9.58652 33.2131 1087.38
Middle: -24.4294 18.2764 1092.71
Ring: 4.01365 76.881 1162.76
Little: -48.7438 50.5837 1097.29
Thumb: 116.272 108.41 1099.87
Index: 1.22645 23.0238 1079.87
Middle: -33.7992 8.76825 1078.83
Ring: 4.71443 73.7572 1159.25
Little: -46.8435 74.6151 1108.06
Thumb: 108.3 104.269 1098.84
Index: 2.231 25.0935 1078.13
Middle: -39.1654 11.5693 1075.99
Ring: 16.16 94.3883 1149.86
Little: -46.1078 74.6701 1108.16
Thumb: 119.446 134.629 1085.96
Index: -0.451067 22.9882 1075.04
Middle: -40.0622 11.4595 1075.82
Ring: 15.5599 97.538 1140.76
Little: -39.4888 95.7071 1118.41
Thumb: 117.826 135.228 1085.68
Index: -1.75044 24.3213 1074.55
Middle: -31.5962 16.5622 1088.58
Ring: 14.3893 110.388 1128.87
Little: -44.5043 79.8983 1113.02
Thumb: 99.8879 103.632 1094.4
Index: -0.478911 24.1916 1075.23
Middle: -37.9799 11.0104 1076.76
Ring: 15.1219 108.76 1134.98
Little: -46.6624 77.8679 1110.2
Thumb: 93.7188 103.331 1093.32
Index: -0.0156831 24.0659 1074.22
Middle: -27.1821 14.1082 1095.44
Ring: 13.9634 110.9 1129.05
Little: -46.7148 76.6987 1111.29
Thumb: 94.1165 105.048 1093.36
Index: -0.150551 24.9972 1073.88
Middle: -27.2254 15.1046 1094.81
Ring: 14.6675 110.642 1132.31
Little: -46.856 78.0007 1111.11
Thumb: 88.3738 104.741 1096.32
Index: -2.96345 22.8637 1072.24
Middle: -27.6126 16.7165 1097.91
Ring: 13.9261 110.668 1131.74
Little: -48.1158 78.0357 1110.08
Thumb: 93.4098 103.993 1097.78
Index: -5.78436 21.246 1074.7
Middle: -30.8094 16.1554 1100.17
Ring: 14.1172 109.885 1135.82
Little: -48.8467 79.5168 1112.43
Thumb: 82.4617 103.143 1101.74
Index: -8.89303 21.331 1079.51
Middle: -33.449 17.143 1106.21
Ring: 13.616 106.296 1141.56
Little: -50.2497 81.1667 1116.45
Thumb: 76.3717 102.06 1106.71
Index: -10.3984 21.0147 1087.78
Middle: -32.9255 19.2812 1116.3
Ring: 6.93851 93.8946 1151.75
Little: -49.8139 82.1414 1124.92
Thumb: 77.3266 99.8312 1113.5
Index: -16.1029 18.9346 1091.91
Middle: -32.496 21.4384 1127.66
Ring: 7.08731 93.5745 1160.61
Little: -50.9014 79.6848 1130.38
Thumb: 90.2349 98.8487 1118.27
Index: -22.139 18.6578 1093.64
Middle: -24.7087 30.3669 1141.72
Ring: 0.811312 73.6373 1180.54
Little: -50.3963 79.9526 1135.91
Thumb: 109.124 101.16 1110.45
Index: 45.1684 71.1998 1183.87
Middle: -30.6477 32.6039 1162.56
Ring: -12.0906 94.1767 1150.61
Little: -46.8514 85.0718 1147.48
Thumb: 115.579 122.467 1098.19
Index: 51.2947 69.2204 1184.82
Middle: -37.8327 24.0891 1157.59
Ring: -7.86004 93.8446 1157.11
Little: -38.9302 56.2142 1154.33
Thumb: 72.4871 94.7386 1121.49
Index: 53.8493 71.7397 1188.12
Middle: -41.9027 24.0912 1159.86
Ring: 8.86842 99.2842 1188.25
Little: -39.2657 49.1998 1148.42
Thumb: 75.2269 94.048 1124.23
Index: 58.2287 75.0159 1192.87
Middle: -40.0176 28.2372 1167.22
Ring: 13.1051 102.183 1193.46
Little: -34.9526 53.0011 1156.89
Thumb: 81.2205 96.2674 1131.13
Index: 56.5684 80.4252 1200.47
Middle: -34.3225 36.7545 1174.16
Ring: 4.96012 104.344 1185.89
Little: -32.0321 60.2368 1170.21
Thumb: 86.5841 99.9572 1133.75
Index: 58.3039 86.7863 1205.69
Middle: -29.4246 39.8339 1175.89
Ring: 6.39671 110.204 1181.85
Little: -26.3371 66.0683 1178.82
Thumb: 90.9456 104.506 1133.17
Index: 61.6082 88.6734 1208.68
Middle: -25.1098 39.9247 1180.54
Ring: 9.71631 111.049 1187.12
Little: -21.5272 66.6016 1183.36
Thumb: 93.1055 106.492 1130.25
Index: 68.0432 93.0266 1210.83
Middle: -18.6175 42.4107 1184.26
Ring: 0.199755 99.5846 1176.53
Little: -14.3449 69.3144 1185.29
Thumb: 93.6139 106.134 1126.18
Index: 74.4239 90.2822 1207.24
Middle: -11.8227 41.9532 1182.54
Ring: 6.86452 99.6407 1176.15
Little: -10.7541 69.509 1186.41
Thumb: 97.254 108.882 1125.37
Index: 78.2772 91.1788 1206.87
Middle: -8.10985 40.7976 1182.16
Ring: 10.5008 100.009 1176.85
Little: -4.75606 67.3318 1182.12
Thumb: 101.266 109.672 1120.95
Index: 87.9003 92.7846 1201.79
Middle: -4.65289 38.609 1174.41
Ring: 1.57885 70.7517 1193.49
Little: -25.5896 83.2364 1199.78
Thumb: 104.677 110.4 1115.86
Index: 106.124 108.222 1190.63
Middle: 1.47326 36.8206 1166.32
Ring: -3.13085 53.1444 1188.07
Little: -25.1278 75.0892 1189.93
Thumb: 104.814 110.05 1111.6
Index: 113.294 108.87 1183.07
Middle: 10.1177 33.7099 1159.63
Ring: 4.55881 48.1353 1179.41
Little: -17.5784 68.6701 1182.5
Thumb: 105.726 111.542 1102.47
Index: 119.33 123.155 1158.03
Middle: 21.0864 26.7631 1153.33
Ring: 15.9888 38.9409 1170.31
Little: -2.11161 55.98 1173.71
Thumb: 107.401 109.83 1097.35
Index: 121.593 122.063 1143.9
Middle: 28.3967 23.3961 1145.96
Ring: 21.817 36.2903 1165.27
Little: 3.68453 49.1212 1162.25
Thumb: 108.412 110.924 1095.41
Index: 130.314 114.551 1152.79
Middle: 31.3273 20.761 1142.61
Ring: 24.6363 32.1092 1161.98
Little: 8.86879 45.1563 1159.63
Thumb: 111.43 108.589 1092.19
Index: 103.909 123.746 1111.6
Middle: 29.2738 20.6613 1140.91
Ring: 20.9859 31.2573 1159.07
Little: 9.11488 44.9532 1155.38
Thumb: 114.943 95.1205 1093.56
Index: 114.725 112.778 1112.43
Middle: 18.2646 25.2699 1153.92
Ring: 6.90132 36.5701 1166.43
Little: 11.6272 51.5938 1161.86
Thumb: 120 87.6379 1087.48
Index: 121.497 102.9 1129.54
Middle: 9.89457 27.445 1150.99
Ring: -1.11292 40.2599 1162.35
Little: 41.1136 79.6511 1182.09
Thumb: 120.187 84.5756 1072.85
Index: 121.118 97.7014 1138.98
Middle: 2.8259 29.1981 1150.73
Ring: -5.46553 43.4391 1163.39
Little: 35.4064 75.6364 1178.44
Thumb: 115.705 82.1236 1065.46
Index: 119.126 93.7143 1141.4
Middle: -5.69051 30.4147 1146.26
Ring: -9.70187 45.5369 1162.58
Little: 32.0275 76.2564 1177.91
Thumb: 114.835 78.434 1064.77
Index: 115.769 89.2343 1145.12
Middle: -11.126 30.8462 1145.72
Ring: -14.5554 46.2953 1162.12
Little: 27.7236 76.7463 1178.38
Thumb: 113.766 79.1306 1060.64
Index: 116.231 90.3517 1143.58
Middle: -11.4822 30.8455 1145.12
Ring: -14.1688 46.2124 1162.65
Little: 27.4793 77.0582 1177.82
Thumb: 112.274 75.149 1059.42
Index: 113.856 85.3612 1149.8
Middle: -14.5825 33.2235 1148.01
Ring: -15.7543 47.5185 1163.66
Little: 25.5238 78.3479 1179.11
Thumb: 116.204 75.6079 1053.99
Index: 114.05 86.3619 1149.44
Middle: -12.1841 32.9737 1153.4
Ring: -16.3033 47.7438 1165.89
Little: 25.4754 78.3798 1180.37
Thumb: 112.197 71.2825 1055.99
Index: 110.098 82.2822 1151.91
Middle: -15.4647 36.4625 1156.24
Ring: -19.3138 51.7081 1167.45
Little: 21.3152 93.0359 1177.17
Thumb: 98.4727 80.3607 1073.09
Index: 109.479 84.5121 1151.48
Middle: -9.18165 37.8354 1161.63
Ring: -17.7012 53.4677 1171.76
Little: 19.1704 93.2638 1175.71
Thumb: 93.3797 79.147 1069.87
Index: 102.863 77.191 1158.85
Middle: -10.7019 39.2718 1162.79
Ring: -21.4718 54.73 1170.22
Little: 16.676 93.1461 1175.75
Thumb: 103.195 70.7644 1052.02
Index: 106.213 84.9002 1145.89
Middle: -12.3275 39.0652 1161.91
Ring: -22.8251 54.0174 1170.84
Little: 15.3473 91.3377 1175.02
Thumb: 102.404 72.3472 1047.93
Index: 105.096 84.5713 1144.24
Middle: -13.2225 37.4019 1160.85
Ring: -23.02 52.7719 1169.72
Little: 15.5809 92.5866 1175.2
Thumb: 38.4071 75.5021 1115.04
Index: 104.701 83.6125 1144.98
Middle: -13.1032 38.7002 1162.41
Ring: -22.8968 53.9585 1171.61
Little: 16.2887 93.404 1176.24
Thumb: 41.53 73.3669 1101.59
Index: 104.147 85.7275 1144.65
Middle: -5.15738 42.402 1162.63
Ring: -22.5184 53.3828 1167.87
Little: 16.4121 95.6571 1175.18
Thumb: 43.4775 72.1295 1103.52
Index: 105.59 89.148 1141.16
Middle: -3.78229 42.6775 1163.38
Ring: -22.0235 52.7606 1167.59
Little: 16.3659 96.251 1175.02
Thumb: 44.503 72.4386 1103.19
Index: 105.82 90.2752 1139.74
Middle: -16.0999 39.2531 1156.84
Ring: -23.8123 53.7461 1166.65
Little: 15.2972 95.0515 1173.49
Thumb: 44.6245 72.3797 1103.23
Index: 106.184 91.1664 1138.53
Middle: -16.4681 39.1937 1156.45
Ring: -22.9053 54.1336 1167.2
Little: 15.3182 95.1205 1173.4
Thumb: 45.0713 72.0185 1102.56
Index: 103.614 85.0022 1145.25
Middle: -16.5391 39.1564 1156.16
Ring: -22.2661 54.3656 1167.33
Little: 15.2728 94.9224 1173.1
Thumb: 41.5291 74.0357 1102.2
Index: 103.968 87.6469 1142.27
Middle: -17.5214 40.022 1155.96
Ring: -22.5144 55.0689 1168
Little: 16.2925 97.0066 1174.24
Thumb: 41.2832 73.5262 1102.39
Index: 105.104 90.8371 1138.17
Middle: -19.0688 40.052 1154.64
Ring: -23.2186 55.786 1168.49
Little: 16.2541 96.95 1174.52
Thumb: 38.4493 74.8486 1102.83
Index: 103.768 93.2486 1135.17
Middle: -23.2646 45.7104 1156.28
Ring: -26.0117 61.7782 1170.83
Little: 15.4367 101.745 1175.67
Thumb: 37.0035 76.2436 1102.26
Index: 103.908 94.4599 1133.63
Middle: -20.4268 42.5935 1156.5
Ring: -24.0139 57.8686 1171.26
Little: 16.5734 98.0552 1176.63
Thumb: 41.2781 76.1231 1100.53
Index: 105.131 98.8845 1130.38
Middle: -10.3298 39.7354 1159.78
Ring: -20.7211 53.631 1170.41
Little: 22.9322 90.8117 1181.9
Thumb: 42.0141 77.5688 1098.18
Index: 104.32 101.681 1124.98
Middle: -12.3255 38.3532 1153.29
Ring: -16.2918 51.1269 1167.6
Little: 20.1728 96.3232 1179.46
Thumb: 43.2382 78.2816 1094.96
Index: 103.257 100.576 1120.11
Middle: -9.37865 36.3871 1151.08
Ring: -13.3018 48.5426 1163.54
Little: 25.1668 95.2587 1179.33
Thumb: 44.0842 77.1931 1092.64
Index: 106.018 100.232 1114.51
Middle: -5.83948 33.0961 1149.34
Ring: -9.59877 43.1602 1158.52
Little: 31.138 80.751 1180.42
Thumb: 49.0233 74.601 1091.57
Index: 106.022 101.004 1103.86
Middle: -2.88074 24.9998 1139.31
Ring: -5.88088 35.8548 1157.39
Little: 39.4178 77.8959 1186.25
Thumb: 49.9525 74.9166 1093.59
Index: 117.795 102.807 1105.28
Middle: 2.38674 22.3656 1138.82
Ring: -0.59444 33.0277 1157.11
Little: 44.0477 80.8868 1182.68
Thumb: 44.5936 74.721 1093.11
Index: 121.675 98.7322 1106.92
Middle: 4.00964 21.3807 1139.95
Ring: 1.42488 31.8018 1158.29
Little: 42.428 83.5519 1179.04
Thumb: 49.1509 82.5859 1082.13
Index: 120.296 116.139 1084.8
Middle: 10.7746 31.8068 1139.52
Ring: 4.50309 42.7352 1155.48
Little: 19.2157 73.7007 1172.13
Thumb: 50.3382 84.2469 1082.33
Index: 115.17 123.606 1078.41
Middle: 16.1802 29.6591 1135.78
Ring: 9.96113 39.6305 1152.37
Little: 22.7674 72.538 1173
Thumb: 52.061 84.5303 1079.8
Index: 135.262 103.186 1093.59
Middle: 19.803 29.3996 1129.78
Ring: 13.7547 38.7696 1146.78
Little: 26.6968 71.0002 1168.37
Thumb: 55.412 88.8821 1076.93
Index: 135.597 109.966 1086.23
Middle: 23.7165 31.4037 1126.52
Ring: 18.5167 39.9545 1144.22
Little: 23.3052 62.3555 1168.45
Thumb: 59.3105 91.7479 1075.52
Index: 137.459 104.288 1085.73
Middle: 27.3788 32.0695 1120.86
Ring: 34.2435 40.6408 1141.66
Little: 26.203 60.3858 1164.09
Thumb: 60.6753 94.7774 1074.55
Index: 138.992 111.734 1077.61
Middle: 34.5056 31.7502 1114.96
Ring: 36.4301 37.9164 1135.17
Little: 50.5943 63.18 1130.11
Thumb: 58.2878 86.9685 1076.21
Index: 137.609 103.45 1071.3
Middle: 36.1097 27.0832 1115.85
Ring: 39.313 33.5003 1135.89
Little: 52.3988 59.3904 1132.12
Thumb: 61.5466 91.639 1089.49
Index: 137.348 97.5164 1070.03
Middle: 38.6701 25.3665 1115.72
Ring: 43.4312 31.5046 1135.82
Little: 63.3109 83.217 1134.85
Thumb: 63.987 91.2161 1096.68
Index: 45.7826 31.4704 1085.11
Middle: 40.6272 21.6824 1118.92
Ring: 43.9887 28.4735 1138.51
Little: 62.9816 81.1767 1135.96
Thumb: 63.2428 88.7045 1094.44
Index: 47.2642 29.7021 1085.84
Middle: 43.6485 20.0894 1119.93
Ring: 47.185 25.8794 1135.8
Little: 63.9413 80.0112 1135.69
Thumb: 66.1893 84.5258 1103.88
Index: 48.6757 22.8993 1098.37
Middle: 47.6981 16.7317 1133.67
Ring: 42.051 19.8023 1135.94
Little: 68.1639 75.2175 1143.01
Thumb: 67.2608 84.5175 1104.57
Index: 48.6563 20.3903 1096.57
Middle: 47.3173 13.531 1131.64
Ring: 42.556 16.5126 1134.04
Little: 68.1282 73.0804 1142.27
Thumb: 76.8792 91.7176 1113.55
Index: 43.5765 19.7725 1093.82
Middle: 46.165 12.7764 1129.35
Ring: 37.7843 14.801 1127.76
Little: 71.2862 73.212 1141.86
Thumb: 96.3808 137.629 1149.92
Index: 42.689 27.3376 1084.33
Middle: 39.4897 15.7775 1117.92
Ring: 36.9649 17.8743 1116.78
Little: 74.3258 72.6189 1139.73
Thumb: 87.0714 189.491 1199.99
Index: 47.2234 30.8955 1137.73
Middle: 13.8227 23.9634 1127.3
Ring: 16.497 24.0377 1108.07
Little: -0.598953 74.4753 1118.29
Thumb: 92.3695 175.584 1202.75
Index: 42.9952 24.4658 1124.98
Middle: 2.59856 24.4151 1128.44
Ring: 5.70524 21.7298 1105.19
Little: -15.0364 52.6672 1110.61
Thumb: 92.0474 187.845 1201.32
Index: 43.3565 20.0708 1113.76
Middle: 14.9939 101.569 1187.71
Ring: -0.234122 23.071 1098.74
Little: -19.8937 52.8003 1106.96
Thumb: 89.0692 189.209 1200.57
Index: 45.2814 19.9686 1111.96
Middle: 15.6494 104.795 1186.44
Ring: 0.192502 23.2028 1098.31
Little: -22.6206 52.2981 1100.12
Thumb: 85.5662 191.945 1199.44
Index: 46.1792 19.5608 1107.49
Middle: 17.8331 102.791 1184.49
Ring: 0.673145 22.7751 1094.48
Little: -22.7279 51.8121 1097.42
Thumb: 86.3071 185.266 1201.12
Index: 46.3106 19.3566 1106.58
Middle: 13.5949 97.0876 1182.8
Ring: 0.936094 22.6093 1093.15
Little: -23.3003 52.0871 1095.29
Thumb: 89.8099 194.164 1193.88
Index: 46.8686 19.5587 1103.1
Middle: 18.7187 100.044 1181.17
Ring: 0.922341 23.1505 1091.89
Little: -22.6169 51.7891 1092.92
Thumb: 96.1539 187.428 1189.91
Index: 46.7371 18.6144 1101.18
Middle: 28.7434 106.666 1178.93
Ring: 2.55265 19.7579 1089.9
Little: -22.4932 49.5448 1096.6
Thumb: 97.8374 195.671 1185.65
Index: 47.8844 19.2249 1100.27
Middle: 32.0467 104.372 1180.62
Ring: 1.15528 21.0729 1091
Little: -22.7167 48.27 1094.61
Thumb: 103.531 189.659 1182.02
Index: 47.9717 19.1167 1096.16
Middle: 35.1199 100.968 1179.39
Ring: 0.556803 20.5973 1090
Little: -23.3097 46.6718 1094.82
Thumb: 135.976 130.667 1153.05
Index: 47.4495 20.714 1093.39
Middle: 37.7238 100.622 1178.1
Ring: 0.453007 20.8024 1083.66
Little: -23.8268 45.3661 1089.15
Thumb: 141.805 130.458 1143.02
Index: 45.618 22.9335 1093.01
Middle: 40.2339 102.32 1174.68
Ring: 1.44271 21.3965 1080.38
Little: -23.4394 45.1814 1084.49
Thumb: 139.787 110.143 1112.36
Index: 44.8753 22.344 1086.83
Middle: 35.0894 96.2485 1173.35
Ring: -0.0448551 21.4856 1079.68
Little: -24.4908 45.3689 1082.74
Thumb: 133.915 104.771 1102.57
Index: 43.3769 23.1549 1082.34
Middle: 37.3048 101.752 1170.2
Ring: -1.30681 22.2994 1072.98
Little: -26.6822 46.4542 1081.68
Thumb: 133.124 104.48 1099.24
Index: 43.097 22.7978 1080.8
Middle: 37.7495 99.3861 1168.29
Ring: -1.69081 22.1414 1071.07
Little: -26.5284 45.9159 1078.46
Thumb: 133.583 104.589 1095.96
Index: 42.2687 22.8593 1076.77
Middle: 37.7091 99.1147 1166.07
Ring: -3.19352 22.3631 1071.65
Little: -27.4322 45.9864 1076.24
Thumb: 132.973 106.517 1096.25
Index: 41.9395 23.1062 1074.08
Middle: 36.6485 100.158 1163.87
Ring: -3.6806 22.4292 1069.08
Little: -28.2292 45.9303 1072.94
Thumb: 130.454 105.154 1095.04
Index: 41.1386 23.1019 1072.29
Middle: 37.3494 98.629 1162.46
Ring: -3.7731 22.1788 1066.79
Little: -28.3797 45.7103 1071.92
Thumb: 129.97 105.947 1093.19
Index: 40.1817 22.8987 1069.79
Middle: 39.7736 102.408 1159.59
Ring: -4.70252 21.759 1063.64
Little: -29.6933 45.0768 1071.15
Thumb: 130.313 106.08 1092.77
Index: 40.2692 22.7889 1068.88
Middle: 36.8967 99.6224 1159.46
Ring: -4.89725 21.4867 1065.24
Little: -29.6812 46.1616 1074.29
Thumb: 131.016 106.913 1091.82
Index: 41.0763 24.0155 1068.33
Middle: 40.2123 104.151 1158.06
Ring: -4.32588 22.7079 1065.6
Little: -28.7866 47.0223 1072.82
Thumb: 132.053 108.133 1092.07
Index: 41.2254 23.9633 1068.62
Middle: 40.7797 105.771 1157.63
Ring: -4.27195 22.5478 1066.45
Little: -28.6915 47.1827 1074.24
Thumb: 131.367 108.097 1093.67
Index: 41.3598 24.0041 1070.38
Middle: 40.4304 107.391 1158.28
Ring: -3.55607 22.511 1064.93
Little: -28.2345 47.0838 1075.16
Thumb: 131.978 108.59 1095.77
Index: 40.6416 24.3694 1075.37
Middle: 37.7525 107.724 1158.81
Ring: -3.13623 22.3215 1066.31
Little: -28.3347 47.0472 1073.14
Thumb: 130.527 107.947 1096.81
Index: 40.5722 24.8131 1076.75
Middle: 36.8757 106.663 1159.04
Ring: -3.83487 22.7339 1069.64
Little: -28.39 46.9589 1071.55
Thumb: 130.277 107.846 1099.91
Index: 41.0744 25.083 1082.08
Middle: 33.075 99.7895 1161.51
Ring: -2.11428 22.5471 1072.45
Little: -26.5044 46.2119 1072.21
Thumb: 129.41 107.62 1104.27
Index: 41.7733 24.0901 1085.36
Middle: 31.9743 98.9129 1163.94
Ring: -1.1436 20.9924 1076.13
Little: -26.1223 44.3853 1074.81
Thumb: 132.76 107.996 1106.11
Index: 42.7484 23.024 1090.88
Middle: 30.7944 92.4194 1167.29
Ring: -0.299119 19.7436 1081.64
Little: -25.1211 42.4681 1077.96
Thumb: 132.803 109.22 1109.1
Index: 43.6806 21.3616 1092.52
Middle: 31.608 93.8219 1170.34
Ring: 0.35193 18.3221 1086.63
Little: -23.823 39.827 1079.28
Thumb: 133.83 109.823 1110.31
Index: 44.3825 22.8219 1101.33
Middle: 33.3925 92.1514 1172.24
Ring: 1.73865 18.156 1088.65
Little: -23.3032 39.464 1083.5
Thumb: 136.105 111.672 1112.99
Index: 45.0819 23.1569 1103.76
Middle: 32.996 93.962 1175.4
Ring: 2.06113 17.8469 1091.79
Little: -21.8245 38.7322 1084.98
Thumb: 136.681 111.114 1112.02
Index: 44.0907 22.1365 1108.21
Middle: 32.0827 92.4238 1178.55
Ring: 1.91772 17.4213 1093
Little: -22.1976 38.846 1085.25
Thumb: 139.268 112.903 1115.46
Index: 43.6396 22.7087 1112.39
Middle: 33.1045 94.7177 1180.78
Ring: 3.31436 17.3819 1095.45
Little: -21.5129 40.2205 1090.14
Thumb: 134.424 111.597 1127.05
Index: 41.5802 21.1984 1121.49
Middle: 29.399 94.6976 1185.07
Ring: 2.46198 15.3492 1101.88
Little: -21.9898 39.6204 1098.57
Thumb: 131.613 110.588 1136.6
Index: 38.8147 22.3686 1129.29
Middle: 24.2044 95.7584 1189.72
Ring: 2.30355 14.8081 1103.66
Little: -22.4394 40.5951 1101.18
Thumb: 125.421 109.213 1152
Index: 34.2198 24.1088 1136.35
Middle: 14.7694 96.2002 1192.84
Ring: 2.46212 15.9394 1105.41
Little: -21.1606 42.8595 1100.11
Thumb: 126.046 108.671 1154.78
Index: 33.9372 25.4334 1142.2
Middle: 14.9427 95.8965 1195.65
Ring: 2.84906 16.6936 1110.12
Little: -19.247 39.9034 1099.27
Thumb: 131.015 108.968 1156.64
Index: 35.8479 25.3345 1143.39
Middle: 21.665 100.67 1200.28
Ring: 4.60161 17.184 1112.48
Little: -14.9824 41.1684 1105.12
Thumb: 137.969 110.836 1143.01
Index: 39.9421 26.5702 1138.82
Middle: 28.5348 88.493 1204.54
Ring: 7.39794 20.8761 1113.87
Little: -5.61964 45.1652 1116.02
Thumb: 135.083 113.334 1147.49
Index: 33.5228 28.6623 1143.7
Middle: 23.8154 89.1756 1205.1
Ring: 3.12979 21.8101 1112.31
Little: -3.41856 46.9787 1116.85
Thumb: 119.314 108.187 1167.28
Index: 21.0351 30.4804 1148.52
Middle: -3.21682 20.7439 1107.7
Ring: 3.55712 20.9115 1110.64
Little: -2.22358 50.9861 1118.31
Thumb: 66.6376 103.238 1220.4
Index: 3.08795 33.1564 1107.8
Middle: -24.9345 41.6641 1086.39
Ring: -23.377 41.6816 1094.56
Little: -29.1278 85.1331 1082.29
Thumb: 32.2915 162.287 1234.72
Index: 7.66007 33.0962 1103.85
Middle: -21.5564 43.5422 1079.13
Ring: -45.3185 98.4106 1110.01
Little: -18.8925 90.0363 1069.87
Thumb: 15.223 120.943 1207.73
Index: 4.49476 38.3945 1107.41
Middle: -11.9441 44.54 1076.04
Ring: -38.5545 101.922 1101.65
Little: -9.58122 91.5388 1065.34
Thumb: 6.43048 125.649 1206.75
Index: 2.76637 38.2239 1109.8
Middle: -10.1106 41.4923 1076.59
Ring: -41.7817 103.175 1093.62
Little: -8.13319 91.7651 1062.95
Thumb: -0.673471 126.879 1202.16
Index: 2.40215 36.9182 1110.2
Middle: -5.9771 37.3496 1075.73
Ring: -39.5429 108.359 1096.6
Little: -8.28099 89.6416 1062.03
Thumb: -6.7234 137.92 1203.29
Index: 2.86075 41.408 1111.3
Middle: -0.637539 39.4098 1076.1
Ring: -42.3725 128.036 1093.74
Little: 4.07673 86.2882 1060.6
Thumb: -13.8343 138.924 1201.35
Index: -1.81717 46.6694 1107.72
Middle: 4.35127 43.1872 1073.97
Ring: -44.6444 131.097 1080.79
Little: 9.59631 82.9273 1059.55
Thumb: -22.0099 139.711 1193.7
Index: -2.91146 45.625 1103.67
Middle: 4.46203 40.9304 1072.63
Ring: -6.38359 62.7441 1052.41
Little: 13.8428 83.8901 1056.06
Thumb: -33.9342 139.962 1186.86
Index: -2.14264 40.9838 1102.86
Middle: 3.67022 35.3471 1075.09
Ring: -11.5965 64.8751 1050.27
Little: 17.8372 83.2198 1056.13
Thumb: -42.1653 140.894 1178.62
Index: -4.98147 36.8727 1106.02
Middle: 4.44415 33.9349 1073.25
Ring: -14.85 67.0654 1049.21
Little: 22.2864 80.2667 1055.25
Thumb: -51.2815 141.226 1168.27
Index: -0.456298 36.5562 1102.64
Middle: 6.19818 32.3001 1073.26
Ring: -12.3786 74.1131 1042.19
Little: 24.0379 74.4996 1051.67
Thumb: -54.2805 148.93 1150.5
Index: -5.04897 27.4199 1103.72
Middle: 0.741974 25.2421 1067.76
Ring: -16.2796 80.9628 1035.2
Little: 24.0934 90.524 1035.19
Thumb: -63.409 147.297 1137.22
Index: -5.58657 26.8612 1102.95
Middle: 3.4235 32.6847 1067.42
Ring: -0.752382 93.5909 1048.07
Little: 31.8901 89.5131 1037.14
Thumb: -72.8494 147.005 1126.43
Index: -5.26553 26.1753 1104.61
Middle: 5.22596 41.3517 1071.69
Ring: -3.56318 88.1052 1036.61
Little: 33.8377 90.833 1037.34
Thumb: -75.5408 146.704 1119.07
Index: -8.17605 27.8283 1098.72
Middle: 5.97195 43.3183 1070.03
Ring: -0.398011 87.0897 1033.99
Little: 37.2454 90.9156 1038.55
Thumb: -78.001 145.619 1109.66
Index: -7.63767 25.933 1103.77
Middle: 12.5078 23.9647 1074.25
Ring: 4.7224 92.8638 1044.26
Little: 39.1228 88.0124 1039.93
Thumb: -78.2297 144.957 1104.46
Index: -9.7903 25.9971 1101.29
Middle: 12.8005 22.2749 1074.86
Ring: 7.41141 89.4694 1040.77
Little: 40.4918 85.9435 1040.17
Thumb: -79.7232 143.514 1100.09
Index: -11.243 25.9153 1100.3
Middle: 12.1576 20.3545 1074.66
Ring: 6.59192 89.4145 1039.96
Little: 40.9803 86.3186 1043.73
Thumb: -78.6006 145.683 1096.74
Index: -13.8534 27.3852 1097.85
Middle: 10.0468 22.0839 1073.2
Ring: 6.28223 89.3323 1034.67
Little: 41.3622 84.8487 1043.03
Thumb: -80.7093 146.689 1098.81
Index: -14.7083 27.7385 1096
Middle: 9.97146 21.1481 1073.42
Ring: 4.39713 91.3821 1036.84
Little: 40.6685 86.7597 1044.45
Thumb: -80.0924 146.225 1096.58
Index: -15.8595 29.5485 1095.01
Middle: 9.55137 22.5328 1073.54
Ring: 4.86326 91.95 1037.52
Little: 40.5276 84.0244 1046.57
Thumb: -80.297 146.926 1092.72
Index: -15.9568 27.9648 1094.41
Middle: 9.52071 21.1295 1073.44
Ring: 5.67324 88.9016 1034.88
Little: 45.2019 84.8759 1063.18
Thumb: -79.503 145.777 1087.4
Index: -17.2651 31.1315 1092.13
Middle: 10.4476 21.9489 1074.3
Ring: 8.52725 21.3636 1077.36
Little: 44.2849 75.5537 1071.15
Thumb: -77.8692 145.189 1087.11
Index: -17.964 31.2401 1091.02
Middle: -20.112 91.5179 1011.38
Ring: 9.30552 20.0533 1079
Little: 43.8801 75.9305 1071.55
Thumb: -78.3898 144.305 1082.91
Index: -17.4181 30.0273 1090.14
Middle: -16.5183 82.8221 1008.63
Ring: 10.0939 21.4842 1077.2
Little: 43.8624 74.7434 1073.18
Thumb: -77.3248 144.985 1082.79
Index: -17.504 30.3302 1090.83
Middle: -16.3115 82.292 1008.65
Ring: 9.86953 21.7792 1077.23
Little: 44.1171 74.8865 1073.1
Thumb: -76.0104 146.185 1082.55
Index: -18.6869 30.6733 1090.37
Middle: -15.523 80.766 1008.27
Ring: 10.7516 21.4296 1077.61
Little: 43.9906 74.0333 1073.37
Thumb: -75.9026 147.335 1082.74
Index: -18.4794 32.0713 1091.39
Middle: -14.6688 78.6083 1009.42
Ring: 10.6763 22.1646 1079.33
Little: 44.1371 75.6116 1074.05
Thumb: -77.0755 146.054 1082.3
Index: -18.2121 31.7124 1091.99
Middle: -15.1657 80.6964 1009.36
Ring: 11.0802 21.6711 1080.27
Little: 44.4917 74.8584 1075.14
Thumb: -76.9672 145.926 1082.44
Index: -18.3279 31.7417 1093.01
Middle: -16.2546 80.3871 1010.23
Ring: 11.082 21.4477 1081.12
Little: 44.4346 74.8763 1075.78
Thumb: -78.7534 147.408 1083.7
Index: -18.0858 31.3994 1093.48
Middle: -16.4355 81.3023 1010.28
Ring: 10.5214 20.1836 1084.22
Little: 44.9421 74.8121 1075.95
Thumb: -79.8565 146.203 1085.27
Index: -18.0879 31.1322 1093.48
Middle: -16.3391 85.4583 1009.64
Ring: 10.1247 20.185 1083.91
Little: 45.2655 74.6604 1075.94
Thumb: -79.6496 146.203 1085.95
Index: -15.2063 27.4754 1105.32
Middle: -16.852 85.6119 1009.97
Ring: 11.185 20.073 1084.25
Little: 45.303 74.4145 1076.14
Thumb: -79.6547 145.361 1085.86
Index: -14.889 27.6257 1106.4
Middle: -16.5975 85.1226 1009.89
Ring: 12.3635 20.0743 1084.58
Little: 45.3968 74.6423 1075.92
Thumb: -79.3251 145.814 1085.5
Index: -14.0198 27.7526 1107.49
Middle: -16.3005 85.105 1010.09
Ring: 12.5726 20.2919 1084.92
Little: 45.9372 74.4325 1076.38
Thumb: -78.6205 145.583 1084.8
Index: -13.358 27.6639 1107.5
Middle: -15.3547 84.6178 1010.03
Ring: 12.5091 20.2806 1088.16
Little: 46.7478 75.1227 1075.93
Thumb: -78.6172 147.929 1084.75
Index: -12.3242 28.2106 1107.59
Middle: -13.2874 84.1367 1010.45
Ring: 12.1658 21.3416 1089.16
Little: 48.2054 75.1569 1076.58
Thumb: -77.9165 149.568 1085.13
Index: -11.8811 30.3136 1109.66
Middle: -12.4854 86.4829 1010.81
Ring: 12.6826 23.02 1091.25
Little: 48.587 77.3907 1077.59
Thumb: -75.8714 151.765 1085.5
Index: -11.4793 30.6665 1109.61
Middle: -12.9326 89.4988 1010.74
Ring: 13.0189 24.152 1090.46
Little: 48.753 77.8864 1077.38
Thumb: -74.2512 152.837 1085.64
Index: -11.0235 31.0716 1107.89
Middle: -12.0642 92.7587 1010.39
Ring: 13.7264 25.1341 1090.3
Little: 49.5338 79.3129 1076.89
Thumb: -71.9331 153.027 1083.92
Index: -9.17092 32.42 1106.84
Middle: -8.49602 90.347 1010.05
Ring: 15.6287 26.2428 1089.41
Little: 51.7871 80.5003 1077.07
Thumb: -67.3662 151.863 1083.62
Index: -7.76188 32.6528 1106.67
Middle: -7.4093 90.8571 1009.34
Ring: 17.1487 26.5166 1088.03
Little: 52.9332 81.0352 1075.93
Thumb: -65.4146 151.162 1081.41
Index: -3.16431 33.6489 1105.63
Middle: -3.26101 91.9345 1009.21
Ring: 19.6079 27.5827 1086.42
Little: 56.6834 82.8468 1076.56
Thumb: -59.1489 149.503 1080.35
Index: 1.20598 32.8433 1104.77
Middle: 1.527 88.9112 1008.8
Ring: 24.4941 26.8422 1084.35
Little: 60.6599 83.5886 1076.06
Thumb: -51.7163 150.519 1079.01
Index: 3.77558 35.9529 1092.49
Middle: 4.16782 94.5954 1009.42
Ring: 27.7309 29.3828 1078.86
Little: 65.8091 93.4723 1069.89
Thumb: -41.2573 152.572 1079.77
Index: 9.27388 39.3926 1089.43
Middle: 15.5994 99.7763 1007.66
Ring: 34.1385 33.6086 1076.51
Little: 73.2203 98.4539 1072.08
