Thumb: 32.9554 91.7207 1121.92
Index: -64.5745 28.1944 1098.23
Middle: -101.42 40.8207 1097.63
Ring: -124.543 62.0639 1082.41
Little: -141.773 103.039 1080.87
Thumb: 29.7698 92.0362 1118.95
Index: -66.8326 46.9147 1121.67
Middle: -104.578 42.1718 1100.94
Ring: -126.74 60.592 1086.5
Little: -136.44 98.9706 1090.08
Thumb: 33.3685 84.1069 1111.31
Index: -70.9442 52.3086 1121.5
Middle: -113.001 45.5224 1096.01
Ring: -130.295 60.3994 1084.28
Little: -140.376 95.0934 1078.82
Thumb: 34.8184 87.8435 1109.95
Index: -72.8541 56.588 1122.24
Middle: -115.857 45.6568 1087.92
Ring: -131.227 60.0403 1079.7
Little: -131.125 112.893 1097.42
Thumb: 19.1878 87.996 1108.78
Index: -73.5228 53.272 1120.79
Middle: -118.501 45.1258 1094.09
Ring: -133.84 59.4678 1084.48
Little: -129.966 115.354 1104.04
Thumb: 10.0444 86.1229 1117.08
Index: -75.6761 49.7554 1121.68
Middle: -119.732 41.642 1094.92
Ring: -131.208 62.6547 1099.64
Little: -144.891 95.2697 1091.36
Thumb: 3.96145 92.4972 1126.32
Index: -74.2413 50.9676 1122.1
Middle: -117.531 42.2898 1098.58
Ring: -134.336 54.5235 1088.9
Little: -142.754 97.3621 1100.71
Thumb: 3.45947 83.6054 1111.05
Index: -78.2088 55.026 1119.19
Middle: -117.87 40.8502 1098.08
Ring: -125.281 65.9486 1105.2
Little: -144.27 91.6497 1099.57
Thumb: -0.0472279 83.6421 1109.69
Index: -78.7005 54.7672 1117.7
Middle: -116.864 42.7484 1101.48
Ring: -129.958 61.3451 1102.43
Little: -142.785 94.5296 1102.55
Thumb: -4.27977 82.1746 1106.78
Index: -78.8838 57.1623 1118.54
Middle: -119.646 43.5707 1101
Ring: -131.117 63.6133 1106.71
Little: -143.881 96.4685 1106.11
Thumb: -7.33624 83.4142 1107.92
Index: -85.4595 53.9124 1117.88
Middle: -119.493 43.9566 1101.3
Ring: -131.31 63.1874 1106.41
Little: -144.166 96.0281 1105.16
Thumb: -8.50927 76.6248 1103.37
Index: -102.196 43.8985 1101.83
Middle: -121.425 45.0321 1102.74
Ring: -132.001 64.4792 1108.81
Little: -144.595 98.2466 1105.12
Thumb: -9.77481 79.1277 1102.84
Index: -98.1369 43.5382 1097.53
Middle: -119.555 46.513 1098.84
Ring: -126.35 63.6741 1109.75
Little: -135.176 101.755 1105.09
Thumb: -8.83002 80.1676 1099.51
Index: -91.9824 43.7365 1104.51
Middle: -114.893 44.0233 1102.82
Ring: -121.242 58.4383 1107.5
Little: -129.311 100.274 1111.07
Thumb: -6.50898 80.6432 1097.67
Index: -82.5038 41.4939 1105.8
Middle: -109.315 43.4102 1104.39
Ring: -114.571 59.805 1110.33
Little: -123.674 102.209 1109.75
Thumb: -3.50604 82.737 1100.5
Index: -76.5504 37.5621 1101.59
Middle: -105.026 42.2534 1103.4
Ring: -108.245 57.0019 1115.67
Little: -122.457 93.3133 1106.71
Thumb: -8.99698 93.2507 1104.96
Index: -68.4347 37.8697 1098.35
Middle: -96.5898 39.4787 1100.99
Ring: -101.204 55.9333 1115.37
Little: -110.3 89.1147 1108.1
Thumb: 4.96677 90.0043 1096.09
Index: -58.4727 35.353 1100.05
Middle: -86.7706 33.3822 1101.83
Ring: -92.3071 53.2254 1117.43
Little: -102.83 84.521 1114.74
Thumb: 17.3493 90.451 1096.4
Index: -51.7005 33.3703 1098.99
Middle: -76.6804 30.8013 1103.27
Ring: -85.1548 48.4884 1114.66
Little: -97.1241 79.0352 1113.04
Thumb: 22.4467 91.1301 1093.06
Index: -43.0238 30.1447 1097.7
Middle: -70.2832 28.7269 1100.7
Ring: -76.5327 52.9838 1117.5
Little: -92.15 72.2889 1108.63
Thumb: 31.0644 96.9744 1097.46
Index: -32.756 32.5229 1101.62
Middle: -57.1109 25.6139 1102.37
Ring: -71.3813 41.3481 1111.81
Little: -84.0418 67.3757 1108.72
Thumb: 39.8456 97.4986 1100.21
Index: -23.2427 35.5445 1103.56
Middle: -51.8738 31.2994 1103.07
Ring: -62.9727 35.5202 1103.01
Little: -78.8879 65.583 1103.89
Thumb: 50.8644 97.2687 1106.41
Index: -17.563 35.0313 1105.06
Middle: -41.8302 27.2497 1104.12
Ring: -60.6625 36.9742 1104.99
Little: -72.4841 64.372 1106.35
Thumb: 52.709 98.061 1102.69
Index: -13.6287 29.7049 1102.39
Middle: -37.8077 26.7724 1105.86
Ring: -52.5364 33.1606 1101.59
Little: -69.5098 61.0201 1104.15
Thumb: 56.3762 87.7551 1097.24
Index: -12.2735 24.1724 1098.39
Middle: -34.6868 17.9853 1100.21
Ring: -39.6857 39.0582 1116.11
Little: -61.1691 54.0838 1104.2
Thumb: 70.8006 89.0988 1100.36
Index: -1.2137 24.9629 1099.28
Middle: -22.7232 18.8659 1104.38
Ring: -26.0798 42.4884 1121.04
Little: -56.3608 49.1745 1100.3
Thumb: 74.6903 90.5017 1104.27
Index: 8.54925 26.1997 1103.53
Middle: -15.9688 15.7258 1098.12
Ring: 1.75062 93.1046 1148.42
Little: -47.7347 47.6284 1095.09
Thumb: 85.7233 92.0132 1090.41
Index: 21.181 21.5505 1095.98
Middle: -9.80184 13.595 1093.01
Ring: 7.04545 85.145 1156.98
Little: -45.0203 46.973 1095.83
Thumb: 90.0384 91.667 1108.32
Index: 28.0289 17.9792 1102.18
Middle: -6.67175 7.14086 1089.04
Ring: -8.1346 63.0532 1157.92
Little: -42.7384 43.1672 1092.16
Thumb: 96.6958 94.4706 1103.64
Index: 38.7822 16.6514 1103.27
Middle: 0.957711 3.57817 1090.17
Ring: 6.8115 69.3455 1161.45
Little: -36.1322 38.9094 1096.67
Thumb: 106.762 91.8568 1100.01
Index: 44.6231 13.7312 1101.5
Middle: 7.49423 0.22965 1086.78
Ring: 20.7342 85.5357 1158.16
Little: -30.1258 41.5477 1110.7
Thumb: 120.845 106.028 1111.33
Index: 51.908 9.63075 1097.38
Middle: 16.9713 0.300579 1089.94
Ring: 30.6021 101.801 1148.1
Little: -22.524 42.4411 1111.37
Thumb: 123.353 102.976 1109.36
Index: 57.7231 9.99244 1096.64
Middle: 22.8172 1.26173 1093.39
Ring: 37.0359 100.5 1149.8
Little: -15.2714 45.1083 1116.46
Thumb: 132.976 98.5751 1107.7
Index: 64.2328 11.7023 1092.97
Middle: 27.2242 -0.983356 1080.04
Ring: 40.8976 86.5927 1155.02
Little: 18.371 33.7654 1097.54
Thumb: 137.834 103.341 1100.9
Index: 72.4298 11.3005 1096.18
Middle: 36.3724 -2.65164 1082.77
Ring: 45.3791 87.564 1157.64
Little: 24.0971 37.719 1101.13
Thumb: 142.873 104.329 1106.75
Index: 77.7898 13.6208 1097.83
Middle: 40.9969 -1.03909 1079.64
Ring: 49.631 88.3247 1157.05
Little: 30.5631 35.9606 1094.86
Thumb: 143.666 105.172 1103.12
Index: 82.986 9.73044 1090.37
Middle: 48.0668 -2.24005 1079.04
Ring: 54.5452 79.3828 1158.02
Little: 35.3278 39.4639 1098.3
Thumb: 144.646 110.491 1110.04
Index: 84.1333 10.2558 1092.7
Middle: 49.9535 -3.03282 1078.81
Ring: 53.7353 86.9972 1156.57
Little: 35.676 39.3 1098.66
Thumb: 154.146 111.048 1107.58
Index: 87.7924 10.5743 1099.8
Middle: 52.1864 -2.55133 1079.48
Ring: 58.5273 88.1516 1160.84
Little: 39.547 40.1899 1100.45
Thumb: 159.19 111.036 1102.76
Index: 87.9743 9.21178 1095.2
Middle: 54.2587 -3.18472 1081.86
Ring: 60.1656 85.1938 1163.29
Little: 43.038 36.9428 1096.74
Thumb: 159.458 111.47 1111.08
Index: 90.2355 9.25932 1097.89
Middle: 56.2362 -3.08151 1084.37
Ring: 57.6106 86.6474 1163.39
Little: 45.438 36.0026 1096.4
Thumb: 160.167 108.563 1108.96
Index: 92.3606 27.6702 1109.44
Middle: 52.6455 -1.4759 1078.83
Ring: 54.5908 89.1836 1162.19
Little: 42.7901 37.6694 1094.09
Thumb: 166.135 104.941 1115.21
Index: 90.0297 24.8485 1114.11
Middle: 50.5498 0.0522842 1088.83
Ring: 54.0863 86.7729 1164.32
Little: 42.1945 40.6109 1099.09
Thumb: 167.639 101.459 1113.76
Index: 86.5617 25.3832 1114.4
Middle: 46.3286 0.753616 1087.7
Ring: 53.1109 90.6237 1162.75
Little: 39.0975 41.6842 1099.07
Thumb: 162.242 100.746 1112.56
Index: 85.3577 31.5042 1114.86
Middle: 42.5136 7.01775 1085.16
Ring: 54.3298 83.9785 1164.41
Little: 37.5129 47.4798 1097.2
Thumb: 160.819 99.2979 1112.34
Index: 82.3056 31.3548 1112.21
Middle: 38.6875 7.29893 1079.58
Ring: 52.4256 86.0492 1164.57
Little: 34.1511 49.0312 1097.79
Thumb: 154.885 101.066 1114.71
Index: 77.2084 33.3656 1113.02
Middle: 34.2109 8.56538 1082.05
Ring: 48.5063 88.9983 1165.43
Little: 29.3506 49.6252 1098.48
Thumb: 151.616 95.6911 1117.98
Index: 75.4214 44.0556 1118.28
Middle: 28.8598 8.42185 1080.21
Ring: 41.4473 96.8346 1163.85
Little: 21.7764 53.3134 1098.08
Thumb: 146.654 92.0462 1116.35
Index: 70.4515 44.3911 1120.26
Middle: 20.0421 11.2911 1080.25
Ring: 34.8007 97.2175 1163.35
Little: 14.4179 57.0292 1097.2
Thumb: 137.189 89.9514 1116.58
Index: 80.6054 71.26 1137.16
Middle: 13.2916 13.7138 1081.81
Ring: 32.6506 97.0575 1164.39
Little: 9.78156 58.5198 1097.59
Thumb: 131.491 92.4779 1113.77
Index: 71.8714 71.2114 1136.92
Middle: 6.07152 15.96 1078.01
Ring: 24.2861 98.9513 1163.76
Little: 0.203512 59.4492 1093.6
Thumb: 124.584 94.8667 1118.41
Index: 75.5236 85.6857 1138.66
Middle: 0.690969 16.5304 1080.21
Ring: 14.2764 94.1406 1161.65
Little: -2.56095 59.5333 1090.7
Thumb: 116.254 97.4506 1121.13
Index: 70.7856 86.8529 1140.29
Middle: -3.1061 16.4452 1081.22
Ring: 11.2107 97.1471 1163.48
Little: -6.09129 58.2284 1093.1
Thumb: 106.999 97.6268 1123.59
Index: 63.781 88.4387 1142.38
Middle: -11.5012 16.3416 1079.66
Ring: 6.21216 108.342 1159.49
Little: -12.9242 56.3062 1092.57
Thumb: 98.0507 93.2424 1132.89
Index: 56.7448 89.9731 1148.05
Middle: -16.497 18.7968 1086.32
Ring: 2.65815 114.882 1162.9
Little: -20.6085 63.356 1096.7
Thumb: 93.288 93.3088 1132.75
Index: 70.0414 106.037 1157.59
Middle: -22.895 24.9927 1085.18
Ring: -9.55453 100.307 1163.95
Little: -27.2159 66.8939 1094.65
Thumb: 89.3721 95.4059 1130.74
Index: 44.5835 88.4827 1166.78
Middle: -28.7298 20.9003 1094.82
Ring: -7.81636 110.98 1169.58
Little: -31.6874 60.5037 1098.37
Thumb: 84.2324 95.3098 1127.67
Index: 31.4143 79.9927 1166.61
Middle: -33.307 18.5433 1093.42
Ring: -11.9545 112.177 1171.21
Little: -38.7496 59.6337 1100.66
Thumb: 80.5233 95.6675 1142.69
Index: 11.3457 78.7986 1179.12
Middle: -33.6904 20.0749 1092.5
Ring: -25.5759 119.071 1169.67
Little: -40.994 62.6729 1099.22
Thumb: 66.8037 99.179 1160
Index: -14.5887 78.6916 1181.5
Middle: -35.686 16.4386 1094.35
Ring: -50.8262 111.227 1165.16
Little: -48.6921 61.2188 1096.58
Thumb: 72.7563 114.727 1209.97
Index: -36.1106 94.1379 1166.74
Middle: -38.1354 19.0113 1091.53
Ring: -71.0165 129.269 1133.09
Little: -41.309 62.3797 1077.54
Thumb: 45.022 145.102 1232.02
Index: -23.704 116.621 1162.01
Middle: -41.4233 22.6605 1102.69
Ring: -72.6967 92.1972 1124.69
Little: -44.0305 75.5017 1081.25
Thumb: 39.6205 137.48 1235.47
Index: -24.085 103.436 1151.34
Middle: -47.2049 22.2763 1114.07
Ring: -68.0003 68.894 1112.88
Little: -35.4608 64.6994 1071.71
Thumb: 43.6074 146.518 1227.14
Index: -26.0761 99.622 1146.95
Middle: -55.4352 25.5888 1111.14
Ring: -70.868 64.5593 1115.87
Little: -41.5313 62.5254 1074.2
Thumb: 43.6438 154.422 1226.08
Index: -28.9635 109.844 1146.46
Middle: -54.9598 32.7601 1114.75
Ring: -54.8357 55.5922 1111.94
Little: -37.1285 65.8497 1073.06
Thumb: -63.4069 160.936 1193.91
Index: -34.8124 109.182 1148.23
Middle: -59.133 30.9501 1118.45
Ring: -59.2214 53.8597 1114.15
Little: -39.4934 62.3008 1074.41
Thumb: -71.6016 167.643 1184.71
Index: -41.4949 111.067 1147.12
Middle: -62.095 35.5236 1126.03
Ring: -66.4233 62.8882 1116.24
Little: -40.7937 63.7347 1077.15
Thumb: -78.1704 172.451 1181.21
Index: -42.4345 111.259 1147.52
Middle: -62.795 35.0254 1125.85
Ring: -69.5975 78.391 1113.83
Little: -39.7735 63.8409 1079.84
Thumb: -74.9295 178.294 1174.69
Index: -53.2567 117.528 1150.83
Middle: -63.5229 41.0356 1141.75
Ring: -71.4671 82.0433 1121.74
Little: -41.1888 64.8119 1088.04
Thumb: -51.4887 148.952 1125.68
Index: -65.1721 120.103 1137.67
Middle: -68.3927 41.7936 1114.7
Ring: -72.187 87.0682 1105.73
Little: -35.7365 67.2829 1082.23
Thumb: 16.1831 121.575 1142.31
Index: 44.7616 114.961 1127.99
Middle: -56.041 36.1005 1139.1
Ring: -13.8204 94.3434 1167.44
Little: -49.736 63.0909 1132.76
Thumb: 17.3957 117.49 1141.59
Index: 46.7466 121.626 1124.37
Middle: -47.0739 32.474 1132.36
Ring: -12.2218 106.463 1161.8
Little: -62.681 56.9898 1122.48
Thumb: 25.5312 123.287 1133.02
Index: 31.9918 126.007 1116.13
Middle: -46.9396 30.2394 1121.69
Ring: -19.0064 96.483 1162.78
Little: -65.1911 53.959 1114.9
Thumb: 28.1139 127.571 1135.61
Index: 34.4739 136.513 1127.56
Middle: -52.2608 27.6528 1110.35
Ring: -23.246 103.303 1168.14
Little: -62.8857 52.2273 1117.08
Thumb: 50.3953 127.822 1137.13
Index: 24.9708 131.129 1118.6
Middle: -60.1181 20.202 1123.75
Ring: -28.6008 103.552 1170.78
Little: -57.3646 60.6195 1137.56
Thumb: 32.9674 135.031 1134.88
Index: 29.1346 131.363 1154.91
Middle: -55.1866 21.2818 1120.21
Ring: -32.7007 107.484 1174.09
Little: -60.8747 64.7095 1135.93
Thumb: 26.0967 134.987 1122.48
Index: 23.197 122.614 1171.97
Middle: -48.2534 34.4298 1129.09
Ring: -34.1627 117.202 1171.55
Little: -60.8122 71.7061 1131.77
Thumb: 19.3722 124.125 1131.01
Index: 22.3847 128.664 1170.45
Middle: -50.614 32.4772 1126.42
Ring: -38.0277 113.088 1173.04
Little: -63.0585 71.7172 1128.11
Thumb: 15.5057 117.286 1132.85
Index: 20.7163 132.298 1166.04
Middle: -52.5893 32.9554 1125.82
Ring: -40.3264 115.053 1170.38
Little: -64.9933 72.419 1126.83
Thumb: 35.792 116.246 1126.1
Index: -9.94232 78.0754 1169.66
Middle: -56.1066 32.647 1125.18
Ring: -47.8977 114.699 1169.18
Little: -67.873 67.5531 1123.51
Thumb: 33.5571 120.466 1116.27
Index: -5.35927 92.3005 1172.62
Middle: -55.4711 34.9943 1125.16
Ring: -48.3802 116.135 1178.11
Little: -69.7565 69.1949 1122.61
Thumb: 46.2557 125.838 1117.71
Index: -11.4299 87.3838 1173.74
Middle: -57.4635 30.1288 1120.03
Ring: -51.3935 120.483 1172
Little: -69.8905 69.4705 1120.44
Thumb: 42.3368 124.968 1111.47
Index: -10.5624 89.4106 1169.64
Middle: -55.9126 34.2553 1121.06
Ring: -51.431 120.821 1168.65
Little: -69.2837 70.085 1116.99
Thumb: 42.4653 123.091 1108.68
Index: -8.20673 89.9995 1166.32
Middle: -52.8831 34.0254 1115.14
Ring: -49.4855 126.211 1163.58
Little: -68.8968 71.4282 1113.46
Thumb: 39.8791 118.771 1109.82
Index: -8.89577 94.7714 1167.29
Middle: -53.1532 36.4639 1114
Ring: -51.6176 124.292 1162.33
Little: -67.6454 68.4961 1108.65
Thumb: 36.3736 114.915 1103.15
Index: -5.74859 98.231 1165.68
Middle: -52.4992 37.7343 1111.94
Ring: -50.1973 122.21 1161.74
Little: -68.2708 69.7374 1107.07
Thumb: 56.1239 119.558 1095.61
Index: -4.00145 101.898 1163.57
Middle: -52.033 37.9424 1111.77
Ring: -48.4639 125.716 1157.1
Little: -67.1685 63.3535 1102.79
Thumb: 51.9097 116.62 1097.45
Index: -7.24537 99.3733 1163.48
Middle: -50.0223 39.7591 1111.34
Ring: -50.2018 123.182 1162.54
Little: -67.5608 66.0305 1101.48
Thumb: 56.5829 120.493 1095.51
Index: -5.95485 101.13 1162.71
Middle: -49.3366 32.8553 1104.43
Ring: -49.2983 124.049 1162.07
Little: -66.8575 66.7488 1103.28
Thumb: 58.499 120.415 1094.24
Index: -4.52716 99.5756 1161.49
Middle: -47.0242 34.7971 1107.48
Ring: -46.5235 129.533 1165.82
Little: -64.6117 66.8469 1100.83
Thumb: 48.9444 125.269 1099.22
Index: -1.07469 104.335 1161.57
Middle: -43.1674 35.4923 1107.51
Ring: -45.7537 119.34 1167.2
Little: -62.9339 68.1046 1103.19
Thumb: 48.6139 125.24 1097.14
Index: 2.86351 105.933 1162.51
Middle: -39.8781 37.3992 1115.17
Ring: -42.4533 120.442 1169.02
Little: -58.8005 64.276 1099.69
Thumb: 39.2234 129.909 1100.92
Index: 5.99951 114.113 1162.42
Middle: -34.07 52.781 1121.75
Ring: -41.387 128.11 1168.67
Little: -53.5833 70.9225 1097.55
Thumb: 50.8809 130.157 1099.41
Index: 7.42326 120.885 1165.14
Middle: -31.4359 50.7604 1122.14
Ring: -42.2969 127.191 1169.5
Little: -50.6978 69.0422 1097.43
Thumb: 57.03 124.638 1097.46
Index: 12.0116 112.229 1165.73
Middle: -26.4545 39.976 1121.57
Ring: -34.7907 127.723 1174.59
Little: -52.321 63.6808 1106.27
Thumb: 55.2738 121.431 1095.83
Index: 16.0714 105.643 1166.7
Middle: -21.6204 39.7649 1123.3
Ring: -29.7821 126.204 1176.16
Little: -46.3107 61.5281 1108.16
Thumb: 67.818 137.134 1092.6
Index: 18.5807 98.1658 1165.52
Middle: -16.0738 38.5757 1123.49
Ring: -26.0485 128.71 1177.34
Little: -41.5825 60.6108 1109.65
Thumb: 82.1706 155.591 1082.84
Index: 18.7607 100.194 1172.07
Middle: -11.7347 33.3954 1125.69
Ring: -27.7925 118.245 1180.81
Little: -38.0849 57.1154 1111.65
Thumb: 59.237 135.865 1103.12
Index: 30.9876 105.378 1172.51
Middle: -0.302027 32.7731 1125.26
Ring: -16.1222 107.719 1184.53
Little: -26.7497 57.0647 1116.24
Thumb: 62.7932 139.197 1104.58
Index: 30.9321 95.4289 1171.77
Middle: 3.24354 27.3301 1114.85
Ring: -14.6889 113.535 1186.25
Little: -23.9391 56.6374 1116.36
Thumb: 74.6867 140.922 1114.04
Index: 39.9599 115.638 1168
Middle: 7.42673 26.4577 1112.25
Ring: -9.78808 115.54 1184.94
Little: -13.3563 59.0901 1119.76
Thumb: 78.3212 134.247 1112.16
Index: 48.5508 121.167 1159.97
Middle: 13.9839 21.9735 1113.63
Ring: -1.53896 112.61 1186.05
Little: -9.021 55.2367 1121.98
Thumb: 97.8599 135.089 1108.86
Index: 55.0843 120.203 1160.17
Middle: 19.691 20.8112 1113.94
Ring: 5.87417 106.2 1186.78
Little: -3.44323 54.4615 1122.43
Thumb: 105.831 136.734 1111.35
Index: 59.9619 116.9 1160.35
Middle: 28.4524 18.2736 1112.77
Ring: 9.31102 112.581 1185.71
Little: 3.99523 48.2565 1114.48
Thumb: 112.012 137.163 1108.94
Index: 65.743 100.484 1176.04
Middle: 35.7817 18.0274 1112.94
Ring: 17.7458 109.655 1186.03
Little: 11.9099 47.4139 1116.23
Thumb: 60.0617 109.204 1124.3
Index: 67.9165 97.1931 1176.99
Middle: 46.5557 21.4132 1123.53
Ring: 20.1254 108.445 1184.9
Little: 18.1641 45.6896 1111.31
Thumb: 73.7639 96.2017 1106.23
Index: 72.0381 105.842 1178.24
Middle: 53.0289 21.8733 1115.06
Ring: 21.9116 109.778 1182.85
Little: 26.1511 49.2834 1107.87
Thumb: 80.8046 97.8245 1103.73
Index: 79.2948 101.73 1177.16
Middle: 60.2496 22.9727 1113.71
Ring: 31.2364 111.828 1184.44
Little: 33.29 50.3873 1109.67
Thumb: 88.3172 98.479 1099.02
Index: 82.7392 109.071 1178.21
Middle: 68.5708 26.3285 1115.9
Ring: 34.0366 111.604 1184.66
Little: 39.884 50.1581 1111.07
Thumb: 121.485 242.477 1133.37
Index: 92.5542 109.453 1174.91
Middle: 76.5729 28.2958 1118.34
Ring: 44.6273 113.507 1186.15
Little: 48.0885 52.0362 1112.53
Thumb: 113.354 260.862 1133.92
Index: 96.553 111.663 1175.37
Middle: 77.3573 27.8694 1117.87
Ring: 46.5354 116.248 1185.18
Little: 53.0098 52.6698 1111.4
Thumb: 153 227.873 1104.32
Index: 108.371 107.685 1172
Middle: 82.6413 26.7953 1116.49
Ring: 57.4223 119.468 1184.98
Little: 60.5364 54.3194 1118.41
Thumb: 155.029 226.612 1100.13
Index: 106.959 103.83 1173.03
Middle: 85.4853 26.5763 1113.91
Ring: 59.444 114.628 1186.04
Little: 61.2496 54.917 1119.24
Thumb: 160.029 186.568 1087.78
Index: 114.254 99.0072 1171.84
Middle: 83.7899 22.3433 1115.4
Ring: 69.175 114.037 1188.06
Little: 61.5374 50.9263 1115.1
Thumb: 160.508 180.048 1080.99
Index: 120.212 98.6602 1172.75
Middle: 77.9137 21.5441 1117.44
Ring: 76.6525 114.984 1189.21
Little: 58.4989 51.903 1118.58
Thumb: 159.144 170.363 1074.71
Index: 118.298 80.5885 1167.7
Middle: 71.4003 18.3432 1122.11
Ring: 82.7634 113.472 1190.95
Little: 54.326 49.4255 1125
Thumb: 145.161 124.495 1108.33
Index: 119.767 74.899 1169.48
Middle: 62.0224 16.344 1131.08
Ring: 87.0212 111.382 1194.69
Little: 52.5425 46.8928 1130.74
Thumb: 143.152 117.068 1127.4
Index: 116.044 76.8324 1169.02
Middle: 51.7225 45.6079 1154.29
Ring: 94.4176 113.685 1193.58
Little: 57.0259 101.847 1184.97
Thumb: 145.128 112.328 1097.11
Index: 114.643 74.121 1166.56
Middle: 47.3921 47.009 1154.32
Ring: 90.1328 80.0065 1187.04
Little: 55.2817 91.6114 1180.95
Thumb: 143.612 116.404 1082.6
Index: 147.365 115.917 1149.73
Middle: 43.8604 43.0264 1154.35
Ring: 97.2958 93.9371 1186.56
Little: 58.4947 91.9318 1183.87
Thumb: 141.049 116.954 1080.91
Index: 150.208 121.129 1139.18
Middle: 38.188 39.8683 1147.75
Ring: 100.966 111.286 1179.88
Little: 63.7466 104.563 1182.97
Thumb: 144.619 120.294 1077.92
Index: 147.466 133.794 1113.62
Middle: 36.7593 43.0745 1149.14
Ring: 107.192 114.408 1178.46
Little: 62.5159 124.045 1175.29
Thumb: 150.733 132.4 1070.6
Index: 149.008 133.207 1113.56
Middle: 41.5887 39.8492 1146.86
Ring: 114.669 118.054 1179.35
Little: 65.5525 130.896 1176.52
Thumb: 147.351 134.859 1060.79
Index: 148.287 135.359 1106.54
Middle: 41.9785 43.6616 1151.49
Ring: 120.12 118.819 1176.66
Little: 69.7034 132.036 1176.09
Thumb: 162.38 151.846 1037.51
Index: 146.842 136.014 1100.29
Middle: 44.011 43.9996 1152.85
Ring: 124.971 124.067 1172.01
Little: 65.2601 135.736 1172.6
Thumb: 153.495 149.882 1046.95
Index: 153.422 130.686 1105.28
Middle: 43.9268 42.8803 1148.74
Ring: 128.318 127.839 1170.75
Little: 85.3127 131.65 1183.83
Thumb: 152.219 155.041 1048.37
Index: 153.526 127.217 1102.89
Middle: 43.1425 39.855 1135.71
Ring: 129.81 125.525 1170.24
Little: 83.6433 128.168 1179.95
Thumb: 159.44 147.357 1080.02
Index: 157.578 118.063 1111.18
Middle: 43.2662 40.3328 1139.16
Ring: 130.5 126.055 1172.76
Little: 86.5002 129.788 1183.29
Thumb: 161.154 146.489 1090.14
Index: 158.277 117.047 1115.09
Middle: 43.4978 40.7561 1141.08
Ring: 129.416 128.814 1175.47
Little: 87.0927 129.369 1185.67
Thumb: 161.124 145.964 1092.15
Index: 156.149 124.782 1107.39
Middle: 43.6806 40.8638 1140.66
Ring: 130.673 128.18 1174.24
Little: 89.0268 128.314 1185.41
Thumb: 161.738 145.941 1092.18
Index: 158.105 120.853 1110.64
Middle: 44.0832 40.8669 1140.65
Ring: 131.068 128.078 1174.5
Little: 89.4103 128.707 1185.74
Thumb: 161.697 152.739 1100.61
Index: 157.224 132.066 1107.15
Middle: 48.1212 45.2576 1142.56
Ring: 138.874 134.847 1162.54
Little: 90.7053 141.507 1188.55
Thumb: 161.062 151.437 1109.33
Index: 157.017 131.636 1106.6
Middle: 47.224 45.2964 1139.11
Ring: 137.088 137.811 1160.59
Little: 91.3244 137.598 1187.08
Thumb: 160.708 149.305 1111.41
Index: 152.489 134.118 1103.22
Middle: 45.7764 45.3263 1140.68
Ring: 138.264 131.129 1163.78
Little: 87.701 139.511 1186.37
Thumb: 160.101 149.426 1112.81
Index: 135.865 135.117 1098.25
Middle: 45.3295 44.7992 1140.31
Ring: 131.896 142.47 1159.19
Little: 68.6695 137.321 1176.6
Thumb: 122.755 142.756 1131.26
Index: 135.522 129.528 1101.72
Middle: 41.648 42.5739 1143.46
Ring: 135.159 125.902 1168.51
Little: 66.6332 135.868 1177.62
Thumb: 119.028 141.741 1133.11
Index: 134.921 126.383 1103.85
Middle: 38.4427 41.8773 1144.19
Ring: 129.225 120.626 1179.61
Little: 63.8482 134.923 1177.74
Thumb: 119.913 132.466 1140.94
Index: 125.597 127.334 1102.6
Middle: 35.3242 42.2571 1144.25
Ring: 125.327 118.578 1182.81
Little: 62.8693 135.979 1180.35
Thumb: 126.525 127.505 1130.98
Index: 133.846 127.005 1110.56
Middle: 30.9192 42.82 1144.1
Ring: 119.849 117.512 1186.31
Little: 56.1476 133.657 1178.51
Thumb: 125.696 126.576 1130.95
Index: 127.676 123.152 1106.37
Middle: 29.8414 43.8964 1150.13
Ring: 122.168 110.985 1183.48
Little: 57.8105 132.802 1178.46
Thumb: 111.509 142.983 1118.35
Index: 125.811 125.033 1105.79
Middle: 30.0972 43.1054 1152.77
Ring: 121.482 114.806 1183.85
Little: 56.9921 133.316 1180.2
Thumb: 129.677 133.045 1117.88
Index: 115.947 124.679 1109.51
Middle: 29.8079 42.2172 1153.21
Ring: 109.966 114.121 1190.64
Little: 46.3069 133.522 1177.04
Thumb: 122.764 134.038 1081.54
Index: 108.915 120.743 1115.88
Middle: 18.0448 39.2368 1148.79
Ring: 31.8636 43.6193 1134
Little: 37.1371 142.593 1181.74
Thumb: 119.069 129.381 1077.11
Index: 105.279 117.33 1114.71
Middle: 31.8983 29.8735 1128.72
Ring: 24.0313 45.2242 1135.12
Little: 47.2335 133.225 1192.22
Thumb: 125.083 124.134 1067.88
Index: 69.3505 80.3191 1132.39
Middle: 25.3353 30.8265 1126.93
Ring: 24.6349 44.9868 1125.31
Little: 40.4209 131.905 1189.77
Thumb: 137.069 131.393 1063.98
Index: 103.757 118.302 1104.11
Middle: 18.4295 35.6954 1126.13
Ring: 26.8201 44.506 1118.74
Little: 44.1795 130.148 1180.75
Thumb: 129.596 131.648 1046.46
Index: 93.0345 113.817 1105.58
Middle: 21.7048 26.3286 1121.77
Ring: 16.1011 40.2719 1126.07
Little: 42.986 127.143 1191.88
Thumb: 128.726 134.945 1044.64
Index: 92.5102 116.679 1102.26
Middle: 16.8771 30.4062 1116.55
Ring: 20.2337 43.2213 1116.4
Little: 41.1486 129.196 1187.94
Thumb: 122.286 135.024 1046.04
Index: 91.0502 119.572 1101.32
Middle: 16.3699 30.2334 1118.36
Ring: 21.9436 42.8012 1117.48
Little: 43.4928 119.984 1191.47
Thumb: 113.432 128.95 1059.03
Index: 89.3812 119.6 1102.28
Middle: 16.2031 29.4383 1121.3
Ring: 9.68882 43.1443 1129.43
Little: 40.9036 122.705 1191.89
Thumb: 115.698 121.877 1053.32
Index: 93.4423 118.178 1108.59
Middle: 11.5918 30.0775 1124.99
Ring: 5.45913 44.0605 1132.17
Little: 37.2741 121.788 1190.67
Thumb: 112.984 122.972 1044.51
Index: 87.9787 116.757 1099.57
Middle: -3.61524 36.263 1127.73
Ring: 2.18225 44.2721 1123.89
Little: 35.7691 127.574 1185.16
Thumb: 111.398 119.852 1039.18
Index: 83.6195 115.068 1096.74
Middle: -3.63661 35.8452 1133.06
Ring: -14.8739 51.295 1142.88
Little: 33.9432 132.065 1182.37
Thumb: 109.525 114.928 1025.29
Index: 89.1136 114.139 1088.68
Middle: -13.2166 36.7458 1129.46
Ring: -22.6976 53.4101 1140.6
Little: 33.4274 129.137 1177.08
Thumb: 98.125 97.6629 1043.48
Index: 79.0473 101.885 1091.29
Middle: -27.8617 32.4762 1136.47
Ring: -24.9449 50.087 1153.83
Little: 22.0007 126.154 1177.99
Thumb: 107.431 96.7545 1030.15
Index: 75.5004 100.542 1091.75
Middle: -16.1972 37.0733 1148.58
Ring: -23.8742 53.0045 1155.61
Little: 15.8058 133.822 1172.79
Thumb: 93.5663 98.5976 1048.41
Index: 79.3618 101.24 1096.11
Middle: -21.0846 38.6658 1149.24
Ring: -26.8447 56.6187 1157.04
Little: 12.1377 140.246 1168
Thumb: 89.7944 102.096 1049
Index: 77.9453 101.976 1095.45
Middle: -21.2494 38.3501 1148.89
Ring: -27.0261 54.294 1154.69
Little: 12.4468 135.722 1171.34
Thumb: 89.2171 97.276 1052.69
Index: 75.7851 103.712 1094.82
Middle: -26.879 37.2893 1147.61
Ring: -30.294 53.571 1156.66
Little: 5.4908 142.942 1164.36
Thumb: 88.3249 98.2968 1049.06
Index: 84.765 100.705 1106.99
Middle: -30.9402 39.8471 1149.45
Ring: -32.9642 55.9424 1158.36
Little: 8.65652 130.735 1165.03
Thumb: 85.1344 100.675 1051.06
Index: 81.7986 101.505 1107.59
Middle: -18.7219 43.6082 1148.64
Ring: -36.0168 53.9155 1155.85
Little: 4.88748 129.406 1165.32
Thumb: 86.9444 99.7519 1046.21
Index: 81.2699 100.519 1104.34
Middle: -20.6451 43.2378 1144.61
Ring: -41.4167 52.6475 1149.71
Little: 4.22548 128.253 1163.58
Thumb: 82.6766 101.128 1051.86
Index: 82.0769 101.029 1107.01
Middle: -20.7633 43.6243 1143.6
Ring: -41.9321 51.722 1148.53
Little: 4.29358 133.583 1159.15
Thumb: 84.8518 98.4304 1061.29
Index: 81.3965 101.019 1107.98
Middle: -16.752 48.1484 1143.69
Ring: -38.6179 52.5623 1153.67
Little: 1.30164 140.966 1151.28
Thumb: 87.5974 107.051 1040.97
Index: 82.4309 102.541 1104.6
Middle: -11.4011 44.7101 1138.4
Ring: -38.4585 46.2398 1147.91
Little: 3.25473 137.43 1157.66
Thumb: 88.0971 121.392 1030.91
Index: 24.4786 50.0518 1124.88
Middle: -8.00124 45.3388 1130.22
Ring: -36.7947 44.9796 1137.78
Little: 2.25815 135.874 1153.26
Thumb: 90.6082 124.378 1012.47
Index: -8.62806 34.3591 1114.96
Middle: -6.84406 40.0457 1135.61
Ring: -18.4544 33.512 1129.77
Little: 0.874372 134.681 1159.74
Thumb: 94.3995 123.008 1019.3
Index: -13.8703 39.1814 1114.28
Middle: -7.21559 46.071 1131.92
Ring: -15.6421 38.7114 1126.42
Little: -2.22948 140.721 1156.99
Thumb: 94.4958 118.936 1019.17
Index: -14.4416 38.0289 1114.21
Middle: -17.323 34.0582 1131.35
Ring: -17.2137 36.6871 1123.49
Little: -12.9585 137.062 1144.99
Thumb: 107.694 106.461 1088.74
Index: -14.5872 35.4153 1110.42
Middle: -13.8593 33.9322 1132.56
Ring: -5.93106 42.5038 1127.38
Little: -11.6707 135.625 1146.47
Thumb: 115.512 110.876 1064.46
Index: -15.3983 31.9906 1109.05
Middle: -8.56982 25.6633 1124.42
Ring: -2.91713 38.3765 1121.93
Little: -5.19095 142.39 1155.4
Thumb: 113.909 112.53 1058.51
Index: -14.3329 32.0365 1107.9
Middle: 0.66435 21.9655 1115.68
Ring: -1.61234 37.4257 1120.71
Little: -6.10011 143.015 1154.82
Thumb: 113.535 113.129 1055.02
Index: -13.5967 30.7707 1107.63
Middle: 5.84343 22.8264 1113.92
Ring: -0.909389 35.3419 1120.06
Little: -5.93257 141.398 1154.57
Thumb: 109.93 111.562 1060.48
Index: -5.79893 29.974 1110.59
Middle: 11.4385 22.6468 1113.8
Ring: 5.53686 32.1746 1115.24
Little: -6.96644 140.816 1154.65
Thumb: 108.325 114.343 1070.47
Index: -3.22121 28.6134 1108.51
Middle: 12.2606 23.6475 1118.22
Ring: 6.81822 26.8363 1110.09
Little: -8.48522 138.79 1155.04
Thumb: 115.56 119.875 1076.46
Index: 2.56867 29.3002 1108.15
Middle: 21.0267 25.6123 1119.96
Ring: 16.7759 31.0037 1113.88
Little: -0.0434046 91.7438 1151.33
Thumb: 120.66 117.689 1074.03
Index: 2.47476 29.8158 1112.8
Middle: 18.1877 24.9189 1124.69
Ring: 17.3548 32.1089 1119.82
Little: -0.305411 94.8482 1154.98
Thumb: 107.931 90.7397 1089.05
Index: 7.21029 31.8708 1121.4
Middle: 12.8491 28.6934 1131.52
Ring: 14.8206 35.1003 1127.07
Little: -6.91825 99.1544 1153.46
Thumb: 110.624 91.7237 1100.59
Index: 1.87202 32.3427 1122.1
Middle: 10.0127 28.7487 1135.14
Ring: 9.21643 39.1662 1137.48
Little: -15.3597 103.718 1146.42
Thumb: 128.931 112.752 1102.98
Index: 2.87183 34.8261 1127.6
Middle: 10.2826 22.8369 1135.97
Ring: 4.63894 37.6081 1138.97
Little: -18.9967 105.938 1148.24
Thumb: 133.117 118.938 1117.1
Index: 4.1616 36.0738 1134.03
Middle: 19.567 21.5738 1136.3
Ring: -1.1388 30.3927 1131.82
Little: -23.8057 108.231 1148.88
Thumb: 133.88 119.649 1120.57
Index: 5.37023 37.0815 1139.31
Middle: 19.7683 21.5521 1137.76
Ring: -0.0758135 33.622 1138.84
Little: -24.876 107.631 1148.75
Thumb: 130.025 113.416 1117.78
Index: 9.62113 39.1028 1141.74
Middle: 22.9406 30.9056 1142.86
Ring: -1.62927 29.4271 1133.4
Little: -26.0534 105.033 1149.13
Thumb: 130.49 115.07 1131.3
Index: 10.1179 43.4626 1150.38
Middle: 19.1956 22.9667 1143.87
Ring: -2.90364 29.0312 1134.81
Little: -28.732 104.158 1144.45
Thumb: 123.444 100.107 1123.06
Index: 14.3137 42.121 1151.3
Middle: 20.5156 18.2145 1140.03
Ring: -2.07619 24.6696 1132.32
Little: -28.6379 98.7309 1143.19
Thumb: 121.316 90.1379 1124.6
Index: 11.6554 38.7407 1153.62
Middle: 31.0085 90.2622 1201.48
Ring: -3.26777 28.234 1142.52
Little: -29.9252 97.0143 1144.14
Thumb: 124.908 94.9854 1125.92
Index: 24.0885 49.2329 1172.57
Middle: 28.0183 91.745 1198.25
Ring: -6.52901 32.3592 1140.05
Little: -32.9164 94.5104 1143.08
Thumb: 131.726 113.57 1150.04
Index: 30.7838 57.8875 1156.09
Middle: 22.7 87.1095 1193.67
Ring: -8.63686 30.6709 1130.73
Little: -34.7438 92.1469 1131.8
Thumb: 136.186 121.55 1122.68
Index: 18.5432 34.2714 1158.96
Middle: 22.8719 87.6472 1186.69
Ring: -13.1324 14.0722 1115.58
Little: -35.7374 85.66 1129.66
Thumb: 134.347 116.617 1122.11
Index: 17.485 30.1534 1154.26
Middle: 23.3536 85.4424 1182.46
Ring: -13.5548 11.8699 1108.32
Little: -36.2239 82.524 1125.14
Thumb: 133.49 118.377 1114.34
Index: 23.3578 32.6513 1149.2
Middle: 26.1752 77.1874 1185.79
Ring: -13.2214 13.6378 1104.69
Little: -37.3917 81.0485 1122.58
Thumb: 129.62 118.86 1112.1
Index: 23.6682 35.3605 1150.08
Middle: 24.0482 75.4552 1184.99
Ring: -12.7502 13.1962 1102.46
Little: -40.6726 54.2648 1117.87
Thumb: 132.909 131.884 1126.87
Index: 19.6767 35.4339 1150.13
Middle: 22.5743 86.3031 1180.63
Ring: -16.464 11.9066 1087.02
Little: -42.6184 54.5629 1114.2
Thumb: 131.815 132.253 1129.68
Index: 19.1742 35.2742 1146.38
Middle: 19.3665 91.0153 1174.73
Ring: -15.9662 12.7853 1083.13
Little: -42.5299 54.2504 1108.88
Thumb: 134.503 134.957 1120.02
Index: 5.93845 23.1235 1127.33
Middle: 21.8792 88.9488 1173.9
Ring: -17.3599 11.837 1083.87
Little: -42.9675 53.466 1109.22
Thumb: 135.639 133.742 1115.61
Index: 7.56057 25.168 1118.25
Middle: 22.8391 83.759 1171.81
Ring: -17.4984 12.9718 1077.2
Little: -43.367 53.2122 1104.34
Thumb: 127.144 114.312 1086.29
Index: 13.0702 34.0122 1111.71
Middle: 27.9255 84.0902 1169.19
Ring: -18.7659 16.8762 1073.64
Little: -42.8954 56.3336 1104.39
Thumb: 124.6 111.356 1081.14
Index: 8.4271 28.1125 1110.24
Middle: 27.3005 83.8068 1167.29
Ring: -19.0461 15.7708 1072.49
Little: -43.2309 55.4404 1102.96
Thumb: 120.462 119.48 1078.81
Index: 17.0561 36.4337 1108.72
Middle: 24.7069 91.7104 1159.04
Ring: -18.0676 16.2324 1065.59
Little: -43.3826 52.9348 1100.43
Thumb: 126.85 134.231 1087.82
Index: 6.8051 29.2594 1099.79
Middle: 25.2581 77.2848 1164.48
Ring: -19.4991 17.1669 1064.35
Little: -44.7943 54.192 1096.37
Thumb: 124.974 127.794 1087.12
Index: 4.43339 29.9765 1096.01
Middle: 25.1854 75.3866 1161.22
Ring: -18.5427 24.8287 1078.98
Little: -46.5449 56.3784 1094.64
Thumb: 123.745 128.825 1086.38
Index: 3.96562 29.8423 1096.72
Middle: 32.4774 88.7407 1156.47
Ring: -18.5015 24.3636 1080.73
Little: -46.5761 56.2833 1097.56
Thumb: 123.308 129.816 1084.92
Index: 2.49156 30.5225 1095.82
Middle: 31.2423 85.9356 1157.3
Ring: -18.5373 25.5397 1081.27
Little: -43.3403 58.0358 1097.4
Thumb: 90.2347 96.5321 1097.85
Index: 2.26741 30.3975 1091.3
Middle: 23.9596 84.2837 1157.5
Ring: -18.4895 26.5466 1076.58
Little: -43.4841 58.7064 1093.28
Thumb: 96.0261 94.4779 1099
Index: -0.494044 30.1948 1091.64
Middle: 19.388 92.7386 1156.17
Ring: -17.6441 27.1098 1076.24
Little: -45.3697 59.697 1091.96
Thumb: 91.8408 91.7224 1098.06
Index: -0.385992 30.5469 1092.84
Middle: 15.343 102.672 1152.2
Ring: -17.2887 27.2599 1077.2
Little: -45.5679 59.9944 1092.65
Thumb: 89.4465 90.1362 1100.17
Index: -2.21298 30.3734 1093.21
Middle: 14.3816 108.702 1147.21
Ring: -22.4938 22.2662 1057.81
Little: -46.4552 60.123 1092.92
Thumb: 89.4983 88.9879 1101.4
Index: -4.3593 30.7316 1095.64
Middle: 13.1423 109.168 1145.82
Ring: -24.6554 21.5745 1059.57
Little: -47.5322 60.348 1094.33
Thumb: 80.3182 87.929 1105.08
Index: -9.27855 28.5998 1100.78
Middle: 11.8734 107.891 1150.95
Ring: -25.3073 20.4824 1067.6
Little: -48.6231 60.5927 1101.17
Thumb: 80.0916 91.1282 1110.13
Index: -28.2746 22.7126 1086.18
Middle: 11.6103 103.058 1160.44
Ring: -23.6688 19.662 1077.24
Little: -49.9231 62.0168 1109.61
Thumb: 106.184 92.8617 1110.38
Index: -30.3631 22.0606 1090.63
Middle: 10.1126 90.0847 1179.9
Ring: -22.4425 16.8903 1095.73
Little: -51.1695 62.3882 1117.54
Thumb: 114.341 100.878 1111.62
Index: -32.0289 23.4778 1098.56
Middle: 10.3934 102.976 1177.87
Ring: -25.7893 19.3797 1095.1
Little: -51.3259 62.3394 1126.11
Thumb: 111.482 96.9785 1104.44
Index: -34.8307 24.1721 1114.84
Middle: 16.0417 93.9934 1186.74
Ring: -29.2448 19.874 1110.78
Little: -51.5869 59.8581 1139.59
Thumb: 108.481 86.0462 1103.72
Index: -41.7908 29.4658 1129.02
Middle: 15.4187 112.028 1178.58
Ring: -36.3141 24.143 1126.09
Little: -53.2969 68.7314 1152.32
Thumb: 103.758 87.4254 1082.26
Index: -39.0329 32.4962 1141.83
Middle: 31.095 94.3696 1180.3
Ring: -36.3412 27.5022 1135.2
Little: -44.335 71.7058 1168.71
Thumb: 109.223 82.1827 1096.2
Index: -38.9788 34.2817 1147.12
Middle: -62.0448 39.7517 1167.8
Ring: -34.401 28.5156 1143.56
Little: -39.7582 73.3596 1175.56
Thumb: 128.827 102.451 1104.01
Index: -30.9483 39.3382 1157.98
Middle: -48.8522 49.8268 1187.81
Ring: -26.2152 33.5167 1155.16
Little: -32.3435 83.8581 1185.94
Thumb: 130.856 103.362 1092.36
Index: -28.7646 44.6428 1165.1
Middle: -38.9783 47.3887 1192.95
Ring: -24.6635 38.5889 1161.58
Little: -26.842 90.2094 1191.45
Thumb: 133.911 103.717 1098.43
Index: -23.4207 48.3745 1171.45
Middle: -37.9299 45.7799 1186.14
Ring: -18.565 42.2189 1169.25
Little: -21.3133 95.86 1196.23
Thumb: 139.009 109.187 1096.88
Index: -15.077 48.6116 1172.38
Middle: -25.2892 50.496 1193.92
Ring: -9.20403 42.6505 1171.14
Little: -14.3613 92.9754 1197.46
Thumb: 122.808 93.2252 1128.92
Index: -13.2406 50.0064 1174.2
Middle: -6.86482 60.7586 1196.82
Ring: -7.1735 43.9181 1173.27
Little: -11.0869 94.7543 1199.24
Thumb: 106.242 96.6027 1142.84
Index: -6.53344 51.6132 1172.83
Middle: 0.716816 61.7976 1195.06
Ring: -0.892036 45.7931 1171.05
Little: -5.08712 96.0608 1198.81
Thumb: 111.17 99.2983 1145.58
Index: -3.19606 51.7232 1167.78
Middle: 2.99316 61.623 1190.11
Ring: 2.07839 45.7421 1165.63
Little: 0.367144 98.4799 1197.08
Thumb: 131.723 95.094 1125.47
Index: 1.11698 50.2681 1166.18
Middle: 7.74668 59.7214 1187.98
Ring: 6.18994 44.3622 1163.56
Little: 3.15104 98.2662 1192.95
Thumb: 140.447 100.141 1095.67
Index: 10.4164 44.6435 1154.14
Middle: 16.1673 51.551 1175.22
Ring: 12.8179 42.2719 1169.33
Little: 7.52172 86.5325 1182.46
Thumb: 114.202 96.6792 1120.99
Index: 21.4465 38.633 1147.94
Middle: 27.3208 44.6782 1169.48
Ring: 25.3262 35.4893 1161.22
Little: 16.6259 79.8278 1178.41
Thumb: 141.482 105.456 1106.44
Index: 25.7974 35.8909 1136.73
Middle: 35.8897 42.1778 1160.45
Ring: 32.7114 31.5837 1149.17
Little: 21.0998 65.0063 1166.01
Thumb: 149.446 111.008 1099.44
Index: 29.0028 33.3397 1132.49
Middle: 39.5094 41.929 1155.41
Ring: 34.9683 28.5421 1136.94
Little: 26.9278 62.0734 1164.63
Thumb: 155.171 125.525 1081.33
Index: 26.9316 33.4848 1132.71
Middle: 25.7264 25.6857 1152.21
Ring: 27.8295 28.9136 1132.95
Little: 19.5348 61.084 1159.46
Thumb: 133.767 103.591 1053.67
Index: 19.7746 32.3878 1134.1
Middle: 6.09155 38.0058 1166.39
Ring: 19.405 27.9459 1133.37
Little: 20.9753 63.2616 1166.55
Thumb: 139.848 113.617 1036.24
Index: 16.6735 36.5215 1136.66
Middle: -1.64462 45.0892 1165.88
Ring: 17.8001 31.7106 1135.21
Little: 12.6084 69.1757 1162.33
Thumb: 135.587 109.735 1038.81
Index: 6.14659 38.4782 1138.14
Middle: -9.0472 45.7903 1166.27
Ring: 9.20739 33.1653 1135.97
Little: 34.8319 117.104 1194.65
Thumb: 137.052 119.673 1017.34
Index: -6.02619 41.0136 1132.43
Middle: -15.0716 37.9395 1151.28
Ring: 6.71305 34.7247 1142.47
Little: 29.7787 126.839 1188.76
Thumb: 136.199 121.026 1015.25
Index: -6.28423 41.7241 1133.24
Middle: -16.1685 39.188 1151.63
Ring: 10.5585 36.317 1148.59
Little: 31.4236 132.682 1187.74
Thumb: 134.398 116.431 1014.09
Index: -9.47335 43.4179 1135.15
Middle: -17.884 43.3359 1155.45
Ring: 39.9061 86.1295 1171.52
Little: 30.9372 140.137 1183.52
Thumb: 123.775 78.1094 1048.61
Index: -12.3001 43.4644 1135.51
Middle: -18.8862 40.2565 1153.47
Ring: 42.542 95.5724 1174.18
Little: 28.5165 142.03 1180.14
Thumb: 125.211 76.8857 1044.13
Index: -7.75072 43.3222 1142.5
Middle: -14.0972 41.3269 1159.45
Ring: 44.1611 98.156 1173.77
Little: 29.5082 144.135 1179.31
Thumb: 123.847 71.62 1048.56
Index: -13.708 50.4237 1143.44
Middle: -25.1707 50.2861 1160.58
Ring: 43.1273 101.3 1174.76
Little: 32.9644 143.06 1184.36
Thumb: 123.503 69.3502 1045.58
Index: -12.69 51.8851 1144.97
Middle: -29.8564 50.8396 1154.46
Ring: 43.361 101.56 1172.74
Little: 34.2117 143.137 1182.72
Thumb: 134.893 71.052 1040.89
Index: -10.2752 56.434 1140.11
Middle: -17.637 55.3736 1158.55
Ring: 45.3166 103.619 1168.02
Little: 37.8241 147.536 1176.49
Thumb: 123.382 69.8138 1047.95
Index: -8.81749 59.6539 1146.15
Middle: -19.5033 64.352 1166.53
Ring: 44.9938 103.666 1168.79
Little: 30.9722 131.586 1180.15
Thumb: 120.928 69.6979 1050.48
Index: -7.39796 60.7661 1147.4
Middle: -20.4598 61.9114 1162.69
Ring: 44.3045 101.706 1166.62
Little: 32.2516 130.197 1179.11
Thumb: 121.613 70.6038 1045.46
Index: -8.31218 61.2769 1147.41
Middle: -22.2124 62.0948 1161.56
Ring: 44.2837 101.907 1166.8
Little: 31.2491 128.826 1179.39
Thumb: 122.227 71.6427 1042.93
Index: -7.83512 61.7696 1148.1
Middle: -22.4422 62.7968 1161.64
Ring: 44.3502 103.088 1166.2
Little: 31.9128 130.199 1179.27
Thumb: 122.853 74.254 1042.17
Index: -7.50072 60.9906 1147
Middle: -21.4092 63.1353 1161.95
Ring: 45.0286 106.553 1164.12
Little: 32.1589 131.005 1179.53
Thumb: 123.582 74.0097 1041.84
Index: -7.40906 60.3292 1146.09
Middle: -20.9755 61.6871 1160.44
Ring: 44.9826 106.016 1164.07
Little: 32.8446 131.081 1179.14
Thumb: 123.828 74.298 1041.58
Index: -6.88935 60.5483 1146.47
Middle: -20.5003 62.7706 1161.51
Ring: 45.0982 104.234 1165.86
Little: 31.4951 128.456 1179.62
Thumb: 123.521 72.9597 1038.52
Index: -6.99057 59.0326 1146.18
Middle: -21.0129 62.8189 1161.53
Ring: 44.5827 102.996 1166.08
Little: 31.6271 128.801 1179.54
Thumb: 116.718 76.6082 1048.73
Index: -7.11576 60.0741 1146.62
Middle: -19.9285 62.8347 1162.73
Ring: 44.8361 103.053 1166.24
Little: 31.981 128.88 1179.71
Thumb: 114.195 74.8994 1047.63
Index: -9.62765 61.6064 1147.27
Middle: -22.8 64.4617 1162.55
Ring: 39.963 114.532 1152.52
Little: 31.0738 131.096 1180.29
Thumb: 112.294 74.5193 1045.73
Index: -10.2599 62.1101 1147.8
Middle: -24.0794 65.2758 1162.49
Ring: 40.0777 114.925 1152.43
Little: 31.4961 131.426 1180.69
Thumb: 97.5576 97.0324 1102.78
Index: -10.9858 63.1365 1147.83
Middle: -22.6372 67.428 1166.38
Ring: 41.1505 116.799 1153.63
Little: 30.9814 131.098 1181.45
Thumb: 104.076 76.9071 1065.39
Index: -8.66818 57.1157 1145.84
Middle: -18.2678 66.2959 1168.68
Ring: 38.418 118.223 1145.01
Little: 33.132 129.882 1182.08
Thumb: 111.565 71.5363 1069.67
Index: -7.70357 56.6755 1145.17
Middle: -14.4451 65.9522 1169.83
Ring: 39.561 119.736 1145.02
Little: 34.5566 131.708 1181.42
Thumb: 138.126 68.2375 1049.18
Index: -0.916917 48.9758 1139.02
Middle: -11.0284 48.1241 1146.51
Ring: 50.7306 104.917 1160.39
Little: 40.457 125.756 1181.73
Thumb: 132.783 64.6795 1054.73
Index: 3.22249 47.9034 1140.74
Middle: -8.89321 47.9917 1147.58
Ring: 36.2055 85.6406 1158.14
Little: 43.1104 126.04 1181.14
Thumb: 130.377 70.5914 1100.34
Index: 7.98787 43.4898 1140.74
Middle: -6.42719 47.9431 1149.3
Ring: 33.3659 78.4473 1159.42
Little: 47.0616 127.207 1181.35
Thumb: 130.06 64.9639 1082.93
Index: 11.3517 40.8482 1139.22
Middle: 1.3724 39.6747 1140.84
Ring: 37.3173 79.1585 1157.2
Little: 51.9735 125.308 1179.67
Thumb: 127.669 72.917 1103.12
Index: 13.632 36.8 1136.66
Middle: 5.62597 36.5514 1137.71
Ring: 37.0485 78.2542 1156.75
Little: 49.1303 120.691 1178.58
Thumb: 123.723 70.2769 1094.51
Index: 16.0855 35.025 1134.5
Middle: 8.83816 34.1193 1135.47
Ring: 37.2706 73.3421 1152.99
Little: 45.5716 109.254 1175.78
Thumb: 114.341 67.102 1101.96
Index: 22.204 32.7975 1139.52
Middle: 10.3384 32.3008 1138.64
Ring: 39.6839 72.3187 1154.4
Little: 46.0687 107.071 1175.93
Thumb: 117.509 64.6235 1091.34
Index: 19.6207 28.4558 1133.47
Middle: 11.9105 32.3195 1139.77
Ring: 41.8096 72.1498 1154.6
Little: 48.7523 106.09 1175.87
Thumb: 116.409 77.6619 1100.28
Index: 21.399 29.5368 1126.69
Middle: 15.6556 32.6528 1132.94
Ring: 44.9942 72.6486 1151.54
Little: 50.2705 106.575 1173.07
Thumb: 125.033 76.643 1090.91
Index: 24 27.3953 1115.79
Middle: 16.8842 31.9261 1123.83
Ring: 49.4177 73.7507 1144.86
Little: 50.9346 102.682 1167.94
Thumb: 110.031 84.6724 1102.6
Index: 27.916 25.9298 1109.2
Middle: 32.953 27.6424 1122.09
Ring: 41.1483 59.7909 1136.94
Little: 62.4766 102.353 1164.14
Thumb: 95.8573 121.196 1120.33
Index: 33.5439 28.948 1114.78
Middle: 38.1394 28.6717 1127.6
Ring: 49.3472 63.8404 1134.11
Little: 68.3135 102.658 1162.42
Thumb: 97.2232 120.358 1117.67
Index: 37.5714 29.7128 1117.9
Middle: 44.6514 27.9879 1131.03
Ring: 61.5103 70.1092 1134.48
Little: 68.1522 97.9696 1161.87
Thumb: 89.5653 151.938 1112.21
Index: 36.7088 25.6786 1127.69
Middle: 43.6744 22.853 1136.35
Ring: 60.6344 63.7732 1139.92
Little: 63.7092 90.6641 1163.84
Thumb: 75.68 131.844 1108.34
Index: 41.158 25.8171 1126.01
Middle: 48.5204 22.807 1135.01
Ring: 63.8901 62.8083 1137.93
Little: 62.1472 86.4832 1160.89
Thumb: 76.4554 130.953 1108.53
Index: 44.866 23.45 1124.25
Middle: 47.9829 20.127 1131.1
Ring: 67.2881 94.5592 1126.75
Little: 80.3691 99.9901 1159.6
Thumb: 78.832 132.862 1106.63
Index: 45.636 24.0447 1123.79
Middle: 52.1549 20.3167 1129.92
Ring: 68.2953 95.9831 1124.74
Little: 82.5418 100.427 1157.96
Thumb: 83.9728 130.908 1086.25
Index: 38.2976 31.8862 1117.59
Middle: 48.7685 24.7288 1122.26
Ring: 75.7865 90.1332 1106.82
Little: 106.547 86.0621 1124.38
Thumb: 90.2137 98.0067 1087.49
Index: 43.5286 18.7217 1120.71
Middle: 37.2024 12.254 1117.56
Ring: 80.8641 79.1206 1102.42
Little: 113.497 72.1808 1114.02
Thumb: 74.2786 89.8903 1074.61
Index: 33.2202 6.84974 1111.49
Middle: 30.4729 1.57454 1111.62
Ring: 63.4481 27.6245 1098.05
Little: 128.028 101.526 1073.96
Thumb: 60.0249 81.8336 1076.18
Index: 47.5972 5.53897 1112.96
Middle: 45.79 -1.43629 1113.6
Ring: 70.6815 27.6463 1097.01
Little: 122.534 111.641 1069.46
Thumb: 63.018 81.0961 1075.25
Index: 58.7871 4.5382 1081.09
Middle: 48.2034 -2.49416 1110.08
Ring: 70.9583 27.2383 1096.78
Little: 123.011 107.575 1065.94
Thumb: 52.7427 72.2332 1067.16
Index: 53.8905 57.7819 1013.65
Middle: 50.2251 -4.86859 1102.45
Ring: 68.2696 25.547 1090.54
Little: 120.49 89.5627 1059.24
Thumb: 52.9094 75.5275 1064.93
Index: 49.9573 66.7347 1008.36
Middle: 50.0162 -4.97729 1096.7
Ring: 68.6061 27.0165 1085.96
Little: 120.295 94.234 1055.91
Thumb: 50.4174 74.211 1064
Index: 49.2662 68.1959 1006.11
Middle: 50.7007 -4.70446 1101.34
Ring: 69.0658 26.9371 1082.8
Little: 120.586 95.2499 1053.2
Thumb: 30.5546 70.8929 1075.58
Index: 52.8093 64.324 1001.87
Middle: 51.0227 -5.07206 1096.07
Ring: 61.8982 17.152 1078.77
Little: 120.589 91.6795 1051.76
Thumb: 23.071 60.7293 1077.46
Index: 38.4596 72.8271 999.003
Middle: 58.8129 3.7118 1072.47
Ring: 60.3931 14.5561 1074.91
Little: 115.479 92.2055 1040.01
Thumb: 21.2033 62.6476 1073.28
Index: 39.4897 78.4329 996.325
Middle: 60.6092 7.44018 1069.75
Ring: 55.0005 12.3715 1084.65
Little: 115.426 97.3303 1037.25
Thumb: 24.1888 66.0782 1070.61
Index: 37.6889 79.0558 994.13
Middle: 60.3382 6.73555 1067.53
Ring: 52.8933 12.0362 1083.35
Little: 114.416 94.8409 1033.9
Thumb: 20.6554 67.1307 1073.02
Index: 33.9831 79.2297 993.928
Middle: 55.9236 2.21325 1074.67
Ring: 51.1061 13.4759 1083.59
Little: 112.107 94.5163 1031.15
Thumb: 22.7116 71.1754 1069.97
Index: 34.1038 78.9943 991.199
Middle: 55.9422 4.17003 1072.89
Ring: 51.4094 15.9255 1081.15
Little: 111.718 96.977 1027.82
Thumb: 19.0564 69.2424 1069.82
Index: 26.4641 80.2102 989.878
Middle: 53.4713 4.07382 1070.39
Ring: 50.0233 15.9127 1079.09
Little: 107.434 97.5535 1022.56
Thumb: 17.5753 66.6229 1066.87
Index: 21.9581 77.5227 987.352
Middle: 55.5216 3.00081 1066.52
Ring: 50.7733 14.4389 1075.74
Little: 102.895 96.4561 1017.66
Thumb: 15.5629 65.8067 1066.89
Index: 18.6197 76.6795 986.782
Middle: 49.6817 88.3892 986.175
Ring: 48.7621 13.173 1074.57
Little: 100.349 94.7058 1015.57
Thumb: 14.0357 65.6715 1062.38
Index: 18.4495 71.0575 984.933
Middle: 47.4683 75.0143 976.407
Ring: 46.3712 12.5878 1068.53
Little: 96.3826 94.7052 1009.43
Thumb: 14.3502 65.9346 1058.52
Index: 16.7349 76.5825 981.309
Middle: 49.5551 74.8733 974.009
Ring: 46.0472 12.6284 1066.05
Little: 97.8532 95.6891 1008.38
Thumb: 14.2179 67.3819 1057.44
Index: 15.3231 79.8904 979.959
Middle: 48.4418 82.7399 972.072
Ring: 46.2183 14.2549 1064.66
Little: 97.8581 99.2448 1007.11
Thumb: 11.3711 64.5439 1056.13
Index: 15.4599 78.3259 977.946
Middle: 47.8339 83.0128 970.424
Ring: 46.9771 14.5008 1063.07
Little: 96.5754 100.465 1005.69
Thumb: 17.912 68.9883 1054.57
Index: 19.2763 72.137 978.775
Middle: 46.4888 84.0665 969.568
Ring: 48.3214 15.5618 1061.9
Little: 95.248 102.89 1004.28
Thumb: 14.5749 65.97 1055.44
Index: 18.1215 71.9328 978.037
Middle: 44.8297 84.3835 968.841
Ring: 47.8069 15.8892 1061.57
Little: 94.2154 102.717 1002.89
Thumb: 12.1209 65.3141 1055.95
Index: 14.8573 76.3807 977.115
Middle: 44.837 84.5451 968.423
Ring: 48.3363 16.1282 1061.2
Little: 93.5594 98.2019 1002.48
Thumb: 12.1584 65.391 1056.77
Index: 15.0338 76.6646 977.819
Middle: 46.2548 83.3028 969.679
Ring: 48.3527 16.2694 1063.49
Little: 94.465 98.0408 1004.21
Thumb: 15.236 69.3451 1055.21
Index: 19.7796 74.2179 977.376
Middle: 49.4998 83.3228 970.359
Ring: 48.5094 16.3687 1064.75
Little: 96.5216 98.589 1006.9
Thumb: 16.2054 70.442 1055.14
Index: 20.0284 74.0194 977.729
Middle: 49.5197 83.4449 970.694
Ring: 48.2422 16.0748 1065.67
Little: 97.0128 96.8948 1007.78
Thumb: -19.3129 62.8202 1063.77
Index: 24.7944 75.3391 978.104
Middle: 56.5049 82.5642 973.332
Ring: 49.192 16.6689 1067.92
Little: 101.549 105.88 1013.26
Thumb: -16.4469 61.3176 1066.34
Index: 25.7236 74.4618 979.804
Middle: 56.4827 82.7315 975.227
Ring: 47.888 16.1251 1067.86
Little: 101.295 103.243 1015.74
Thumb: -15.7036 60.294 1069.55
Index: 24.1177 73.1946 982.418
Middle: 54.0796 82.4328 976.729
Ring: 48.0288 15.4928 1071.43
Little: 100.212 101.809 1016.16
Thumb: -41.1528 91.9463 1068
Index: 7.22512 91.7023 982.803
Middle: 38.9173 84.8804 981.579
Ring: -3.19594 22.7071 1074.13
Little: 86.2399 76.2369 1025.38
Thumb: -40.2608 91.4577 1072.42
Index: 8.51348 94.2048 985.001
Middle: 40.3838 88.6538 983.389
Ring: 0.336457 23.2525 1074.04
Little: 43.6246 37.8017 1078.39
Thumb: -39.8968 89.0191 1072.71
Index: 7.46273 91.6252 987.572
Middle: 38.9429 85.8914 986.396
Ring: -1.43954 21.2835 1078.04
Little: 41.6184 35.1398 1083.27
Thumb: -37.7587 90.4028 1075.75
Index: 7.02119 90.6022 990.78
Middle: 37.9395 84.5468 989.255
Ring: -1.6389 22.3633 1081.03
Little: 41.8139 35.1545 1084.71
Thumb: -37.9657 90.0963 1079.76
Index: 7.5726 86.4336 994.543
Middle: 37.8533 83.3315 993.361
Ring: -0.754644 22.1764 1085.5
Little: 43.4165 35.4896 1087.22
Thumb: -37.4845 89.474 1081.4
Index: 6.50326 86.0439 995.815
Middle: 36.7857 83.1389 994.029
Ring: 0.207659 21.8666 1086.96
Little: 44.2561 35.4456 1088.04
Thumb: -38.4758 90.4299 1085.95
Index: 9.67909 84.8623 1002.85
Middle: 38.6881 85.92 1003.99
Ring: -1.32433 22.2844 1094.66
Little: 42.7722 35.5412 1097.47
Thumb: -37.7448 89.5935 1080.55
Index: 21.6335 83.3643 1004.12
Middle: 50.3173 83.1578 1010.14
Ring: -0.772121 21.7319 1093.75
Little: 43.0093 35.5419 1101.01
Thumb: -37.33 87.6194 1083.57
Index: 21.245 81.7463 1008.16
Middle: 52.0446 74.6836 1013.12
Ring: -1.37808 20.2442 1098.37
Little: 42.0942 33.9884 1106.41
Thumb: -36.4295 88.1029 1088.24
Index: 19.6805 82.3104 1008.67
Middle: 48.9494 80.9944 1013.44
Ring: 0.404949 21.0373 1099.49
Little: 42.319 35.0822 1109.5
Thumb: -34.4174 87.4683 1105.27
Index: 10.2644 83.3225 1018.78
Middle: 39.3425 84.8863 1018.74
Ring: 0.0531931 21.465 1106.45
Little: 43.367 34.4679 1111.18
Thumb: -32.109 87.279 1103.56
Index: 10.265 90.8838 1018.28
Middle: 40.5933 85.3705 1019.83
Ring: -2.67341 23.1925 1105.62
Little: 41.1239 35.5869 1110.72
Thumb: 4.64139 79.0168 1094.67
Index: 13.7267 94.163 1015.91
Middle: 44.3179 87.3499 1019.18
Ring: -4.07107 25.273 1103.16
Little: 37.6439 39.126 1110.11
Thumb: 3.41376 94.0853 1084.51
Index: 34.2104 86.8245 1015.54
Middle: 62.5689 92.9011 1024.97
Ring: -23.2116 41.8874 1090.2
Little: 12.9354 48.091 1107.78
Thumb: 31.9063 81.0725 1083.61
Index: 69.3939 87.2999 1042.9
Middle: 79.4202 115.146 1069.86
Ring: -17.7848 42.3271 1077.41
Little: 12.7755 44.0737 1115.14
Thumb: 47.6504 99.1525 1096.8
Index: 73.4959 88.3528 1040.64
Middle: 80.0229 121.42 1071.37
Ring: -12.4446 40.5247 1068.81
Little: 14.1194 42.5435 1108.67
Thumb: 51.0476 98.6641 1099.03
Index: 77.8615 84.8998 1042.24
Middle: 100.386 81.1084 1065.09
Ring: -9.4923 38.2865 1068.74
Little: 6.79964 42.2814 1110.51
Thumb: 49.2045 95.3448 1097.44
Index: 82.9801 83.2712 1049.27
Middle: 103.814 79.5702 1073.27
Ring: -7.72775 36.5689 1072.7
Little: 6.85725 42.1434 1114.4
Thumb: 55.2162 92.2441 1084.2
Index: 115.063 74.2368 1079.23
Middle: 111.102 78.5017 1108.48
Ring: 3.95363 19.3442 1066.51
Little: 6.77538 43.1922 1079.29
Thumb: 66.3506 96.924 1111.74
Index: 119.507 95.3006 1112.65
Middle: 108.88 107.232 1136.52
Ring: 0.523762 26.2404 1111.13
Little: 9.39384 50.1204 1109.17
Thumb: 75.8497 99.742 1097.41
Index: 120.663 103.865 1107.17
Middle: 109.586 120.044 1128.16
Ring: 2.85008 30.3937 1116.61
Little: -6.97806 51.3157 1138.05
Thumb: 66.7259 97.5267 1100.48
Index: 116.23 108.883 1113.12
Middle: 105.425 122.019 1136.87
Ring: 1.43795 28.3746 1113.77
Little: -5.60286 46.7528 1128.55
Thumb: 69.0676 98.7504 1103.58
Index: 118.398 115.111 1120.19
Middle: 102.699 126.11 1141.3
Ring: 4.90857 26.6731 1112.46
Little: -5.24683 44.4024 1125.75
Thumb: 77.4364 90.5072 1097.08
Index: 115.426 120.935 1131.71
Middle: 94.8672 132.624 1147.91
Ring: 8.27963 25.718 1109.31
Little: -0.666503 41.6287 1120.31
Thumb: 114.273 106.143 1100.49
Index: 112.025 113.614 1138.98
Middle: 91.4424 109.614 1163.3
Ring: 7.95325 17.1008 1115.44
Little: -1.02843 32.844 1122.76
Thumb: 104.137 102.008 1102.3
Index: 107.576 113.527 1152.24
Middle: 84.3887 110.518 1172.21
Ring: 21.0153 31.2059 1132.29
Little: -1.46276 31.3665 1121.89
Thumb: 105.372 114.016 1108.64
Index: 100.211 114.962 1160.26
Middle: 75.5381 114.12 1176.37
Ring: 18.6142 36.9117 1136.24
Little: -1.7474 34.3762 1121.23
Thumb: 105.129 128.252 1107.68
Index: 90.9051 125.359 1165.46
Middle: 65.4909 122.23 1181.44
Ring: 29.1835 43.2198 1130.17
Little: -3.06743 40.107 1117.29
Thumb: 87.6932 122.958 1112.93
Index: 87.1041 127.948 1168.03
Middle: 60.4999 125.036 1182.56
Ring: 24.6366 42.2761 1131.36
Little: -0.316823 40.1763 1116.6
Thumb: 85.4072 124.074 1113.97
Index: 82.2919 130.411 1170.05
Middle: 55.3988 124.244 1184.91
Ring: 23.2428 32.691 1126.36
Little: -7.35892 39.4924 1117.3
Thumb: 85.9308 124.434 1109.72
Index: 79.9501 122.481 1172.17
Middle: 53.7769 118.211 1188.95
Ring: 21.5633 32.4234 1125.54
Little: -7.60071 39.5349 1115.97
Thumb: 83.3641 124.064 1106.53
Index: 77.6867 122.317 1172.28
Middle: 51.2941 116.958 1189.26
Ring: 19.7568 35.8837 1128.31
Little: -9.19437 38.3821 1115.88
Thumb: 70.12 122.531 1112.96
Index: 76.1504 123.536 1173.39
Middle: 48.8911 114.259 1190.3
Ring: 19.557 38.9167 1127.92
Little: -9.03778 41.2408 1115.35
Thumb: 67.8897 121.637 1112.49
Index: 77.3327 130.054 1171.13
Middle: 49.5956 115.839 1189.19
Ring: 19.3584 37.2876 1126.74
Little: -12.3975 40.9305 1115.68
Thumb: 67.898 115.19 1114.61
Index: 74.7229 122.318 1173.55
Middle: 46.4907 110.689 1190.56
Ring: 17.8612 30.014 1126.63
Little: -13.2651 36.6975 1115.57
Thumb: 76.2162 119.304 1111.01
Index: 74.5394 132.384 1160.27
Middle: 46.4408 109.312 1188.82
Ring: 18.8295 29.5964 1124.63
Little: -14.8609 35.2424 1113.04
Thumb: 73.2826 121.064 1114.28
Index: 72.8783 138.734 1150.83
Middle: 44.6352 110.851 1189.5
Ring: 18.7663 29.7979 1125.71
Little: -14.8622 35.9719 1113.88
Thumb: 74.6086 124.403 1110.93
Index: 70.8263 138.147 1151.19
Middle: 43.5246 114.799 1188.63
Ring: 17.1081 22.595 1112.24
Little: -15.7626 36.823 1113.18
Thumb: 62.1045 121.641 1114.81
Index: 70.753 136.955 1153.86
Middle: 43.3083 115.772 1188.6
Ring: 16.627 24.0848 1112.52
Little: -14.7538 38.4404 1112.66
Thumb: 65.7944 121.436 1113.47
Index: 70.476 138.457 1166.92
Middle: 40.4378 114.73 1189.67
Ring: 17.6302 24.6569 1116.95
Little: -15.2968 36.9713 1111.65
Thumb: 70.9106 123.473 1112.02
Index: 69.5069 141.275 1153.17
Middle: 40.3629 113.054 1189.81
Ring: 17.894 26.1431 1117.77
Little: -16.1341 37.5398 1111.37
Thumb: 73.3452 123.366 1110
Index: 69.8007 141.486 1151.79
Middle: 40.7245 113.871 1189.89
Ring: 17.172 24.0078 1110.07
Little: -16.0462 38.4624 1111.92
Thumb: 72.2527 120.781 1110.35
Index: 69.9576 138.675 1153.6
Middle: 40.8687 112.592 1190.07
Ring: 17.5873 23.3388 1115.62
Little: -16.0339 36.6458 1112.62
Thumb: 72.5156 121.458 1111
Index: 69.9516 138.94 1151.93
Middle: 41.2497 113.295 1191.08
Ring: 17.5022 23.9991 1117.15
Little: -15.2871 37.6392 1114.46
Thumb: 72.7574 122.292 1111.31
Index: 69.449 138.664 1152.77
Middle: 40.8139 113.58 1191.25
Ring: 17.3706 23.9971 1117.51
Little: -15.8796 37.51 1114.89
Thumb: 74.2184 120.923 1108.97
Index: 70.2432 138.582 1154.76
Middle: 41.5979 114.593 1191.74
Ring: 18.9145 24.2202 1119.07
Little: -13.5078 37.6045 1116.05
Thumb: 99.7574 123.255 1102.81
Index: 69.7271 138.659 1154.54
Middle: 41.3467 114.933 1191.6
Ring: 18.7061 24.6738 1118.71
Little: -14.5436 37.9003 1115.96
Thumb: 93.0647 106.997 1109.08
Index: 62.5306 113.207 1176.21
Middle: 32.4888 114.234 1192.53
Ring: -22.4692 34.7891 1124.55
Little: -49.035 58.8938 1122.46
Thumb: 96.1866 99.5986 1113.4
Index: 59.6723 100.866 1176.79
Middle: 30.3106 104.148 1192.44
Ring: -26.6922 27.2821 1122.86
Little: -52.464 52.3166 1120.01
Thumb: 101.153 103.855 1116.96
Index: 54.5606 97.744 1179.95
Middle: 28.6532 107.369 1193.7
Ring: -24.6644 27.3436 1124.76
Little: -51.5465 51.6886 1120.66
Thumb: 110.438 116.577 1121.89
Index: 50.5475 93.9804 1182.27
Middle: 26.8035 107.949 1194.61
Ring: -24.6158 26.5681 1121.9
Little: -50.9236 51.3186 1119.68
Thumb: 107.74 117.958 1122.86
Index: 52.4171 98.1218 1182.38
Middle: 26.9964 110.128 1194.6
Ring: -21.0793 27.5869 1120.7
Little: -43.3896 65.1817 1131.43
Thumb: 104.258 115.812 1123.17
Index: 53.2762 98.9207 1182.67
Middle: 27.9838 110.018 1194.99
Ring: -19.5561 27.3175 1121.03
Little: -42.6882 65.0458 1132.14
Thumb: 105.949 117.659 1119.83
Index: 55.5156 101.112 1182.05
Middle: 29.329 110.378 1194.47
Ring: -17.4501 27.6219 1120.13
Little: -40.7363 66.042 1131.38
Thumb: 97.7935 117.821 1123.38
Index: 60.799 110.263 1181.83
Middle: 31.2418 112.767 1195.05
Ring: -15.1104 28.946 1121.67
Little: -38.4199 67.2676 1132.72
Thumb: 54.7539 89.6339 1111.43
Index: 64.4521 108.869 1181.15
Middle: 33.8443 109.405 1194.66
Ring: -10.1317 30.5112 1123.89
Little: -35.437 65.3293 1130.86
Thumb: 37.4406 94.0108 1120.87
Index: 67.9675 111.437 1181.43
Middle: 37.4421 112.507 1194.72
Ring: -6.95887 31.3031 1123.7
Little: -31.5211 66.8635 1131.16
Thumb: 43.2153 92.6945 1122.55
Index: 68.8366 105.117 1181.92
Middle: 40.7619 111.333 1193.95
Ring: -6.57118 33.0798 1119.5
Little: -29.2727 67.4586 1127
Thumb: 40.4189 96.6516 1122.84
Index: 77.5563 108.879 1181.32
Middle: 50.7307 121.101 1192.96
Ring: 0.796545 42.7767 1138.58
Little: -25.2097 69.0554 1128.46
