Thumb: 32.9554 91.7207 1121.92
Index: -64.5745 28.1944 1098.23
Middle: -101.42 40.8207 1097.63
Ring: -124.543 62.0639 1082.41
Little: -141.773 103.039 1080.87
Thumb: 36.8396 96.5099 1122.78
Index: -68.1839 29.0891 1089.68
Middle: -97.6539 37.4975 1086.84
Ring: -86.121 114.245 1148.69
Little: -109.917 131.428 1124.97
Thumb: 36.3195 91.3252 1128.33
Index: -75.3161 27.5638 1088.57
Middle: -105.379 39.3889 1093.57
Ring: -81.9064 135.649 1151.49
Little: -110.294 134.37 1127.64
Thumb: 29.3559 91.1603 1130.98
Index: -80.9771 27.1104 1085.98
Middle: -109.483 38.349 1090.99
Ring: -85.8544 134.205 1151.97
Little: -110.668 146.716 1126.49
Thumb: 21.4758 91.8112 1130.53
Index: -82.4998 26.6844 1085.19
Middle: -109.298 37.6269 1096.55
Ring: -81.7279 128.998 1151.55
Little: -108.777 145.525 1135.19
Thumb: 8.35065 93.4727 1127.47
Index: -82.3833 27.9236 1085.47
Middle: -110.863 38.3433 1091.94
Ring: -80.5113 125.361 1155.42
Little: -107.517 145.751 1137.33
Thumb: 1.28989 91.4396 1116.79
Index: -89.7354 28.3728 1087.1
Middle: -111.858 35.2964 1092.96
Ring: -83.6024 129.232 1155
Little: -111.828 144.575 1137.87
Thumb: -0.41327 93.2404 1114.46
Index: -92.9695 32.0228 1090.42
Middle: -114.127 38.7561 1094.96
Ring: -120.5 58.5464 1095.64
Little: -112.315 148.961 1137.68
Thumb: -2.42101 92.5363 1111.24
Index: -92.4858 35.8177 1096.44
Middle: -115.764 39.3198 1097.31
Ring: -119.97 62.1583 1105.43
Little: -111.825 142.429 1142.44
Thumb: -4.5881 90.3013 1111.85
Index: -96.1952 36.3317 1098.32
Middle: -120.201 41.0761 1098.61
Ring: -124.415 62.7184 1106.89
Little: -111.177 145.941 1142.99
Thumb: -12.0655 91.5747 1112.98
Index: -97.3927 38.869 1098.43
Middle: -121.591 41.4725 1095.99
Ring: -123.024 63.1199 1105.17
Little: -107.571 147.861 1143.35
Thumb: -12.2522 88.8597 1112.94
Index: -96.7869 37.5643 1106.65
Middle: -122.388 38.9322 1098.77
Ring: -123.805 61.3976 1108.47
Little: -107.462 147.701 1142.55
Thumb: -9.329 86.5293 1112.34
Index: -98.7951 37.1812 1108.3
Middle: -122.565 36.9754 1100.7
Ring: -123.284 54.6531 1105.66
Little: -112.342 136.443 1143.11
Thumb: -9.28978 85.7279 1108.77
Index: -97.9799 38.6294 1104.31
Middle: -117.95 38.6436 1100.57
Ring: -117.891 56.5273 1108.58
Little: -108.725 134.842 1141.89
Thumb: -4.29785 87.9894 1107.21
Index: -89.9739 33.8569 1103.24
Middle: -110.235 37.5321 1102.39
Ring: -109.48 55.2926 1109.78
Little: -102.648 137.068 1139.54
Thumb: -1.42402 89.6896 1104.74
Index: -80.0913 29.1929 1098.77
Middle: -101.754 35.6552 1102.99
Ring: -105.35 54.6884 1110.17
Little: -103.137 125.175 1136.69
Thumb: 2.10183 89.737 1105.82
Index: -72.8361 26.5593 1097.3
Middle: -95.4611 35.8384 1106.55
Ring: -100.143 55.3013 1109.52
Little: -97.9347 125.145 1137.27
Thumb: 12.3889 92.5486 1106.85
Index: -62.7962 27.2589 1096.63
Middle: -85.418 35.8225 1109.3
Ring: -85.3514 44.6055 1102.17
Little: -92.2045 125.265 1137.58
Thumb: 15.8209 90.0396 1113.78
Index: -52.9307 33.9474 1100.57
Middle: -80.8016 41.808 1111.56
Ring: -87.0975 49.5154 1102.55
Little: -86.0899 120.414 1133.7
Thumb: 24.9508 94.0849 1113.46
Index: -42.5317 33.3499 1102.93
Middle: -59.7299 45.5805 1112.27
Ring: -76.3815 49.5292 1104.81
Little: -82.8967 122.987 1126.69
Thumb: 34.6193 88.6087 1110.2
Index: -31.5492 28.9374 1111
Middle: -58.7476 21.1032 1104.16
Ring: -67.27 44.5527 1113.84
Little: -78.2271 106.898 1129.11
Thumb: 43.9654 90.2786 1109.51
Index: -20.7067 37.7493 1103.49
Middle: -48.4458 28.257 1103.82
Ring: -60.3712 40.0001 1105.59
Little: -71.6717 84.2918 1101.31
Thumb: 52.8803 96.044 1111.41
Index: -18.3915 21.4452 1099.14
Middle: -40.5835 26.5468 1106.98
Ring: -53.6619 38.2024 1106.35
Little: -63.3415 81.734 1105.53
Thumb: 57.5433 93.7138 1119.43
Index: -13.311 25.5137 1104.5
Middle: -34.8947 26.8558 1107.81
Ring: -48.8637 36.1735 1101.27
Little: -55.9804 72.1619 1099.07
Thumb: 58.5963 88.7058 1116.38
Index: -6.28742 24.5607 1105.18
Middle: -33.7735 23.6734 1104
Ring: -42.3109 34.694 1101.28
Little: -52.3948 68.6607 1098.37
Thumb: 67.093 83.0658 1111.66
Index: -1.22753 19.6832 1105.23
Middle: -27.7497 16.3959 1102.51
Ring: -35.8186 29.8801 1103.57
Little: -46.6593 65.7021 1100.36
Thumb: 78.5806 79.8259 1106.35
Index: 11.9707 21.3794 1111.87
Middle: -18.3157 10.5293 1101.24
Ring: -33.7498 26.6413 1106.73
Little: -40.8207 59.6665 1100.56
Thumb: 84.7782 80.6163 1104.78
Index: 20.3054 21.5811 1107.63
Middle: -9.83896 11.5491 1098.01
Ring: -23.6605 25.4665 1097.32
Little: -35.104 64.0363 1108.73
Thumb: 93.4963 83.6044 1105.4
Index: 30.5816 24.4699 1108.77
Middle: -0.546566 11.6171 1093.68
Ring: -15.4874 26.9587 1097.49
Little: -36.4263 61.1592 1105.27
Thumb: 107.791 84.1732 1108.9
Index: 38.8071 17.8564 1109.58
Middle: 4.34436 7.25433 1097.83
Ring: -12.513 21.8621 1097.3
Little: -29.6166 49.4577 1102.97
Thumb: 113.014 90.4111 1107.21
Index: 48.8372 17.7218 1108.53
Middle: 13.1407 3.61508 1095.89
Ring: -2.88524 18.2708 1097.74
Little: -22.8807 44.164 1099.52
Thumb: 121.986 94.4081 1109.9
Index: 55.3542 19.3549 1105.77
Middle: 21.1309 6.29346 1090.64
Ring: 2.79173 21.4831 1095.33
Little: -16.0744 47.1972 1096.91
Thumb: 132.235 90.5711 1107.29
Index: 61.1939 17.9222 1102.07
Middle: 26.7404 5.33194 1095.78
Ring: 13.0413 18.6673 1088.84
Little: -10.2071 45.9149 1094.07
Thumb: 149.213 94.254 1103.56
Index: 64.8296 17.303 1102.08
Middle: 28.5172 4.60944 1082.51
Ring: 23.3768 37.3557 1109.35
Little: -4.5266 47.5327 1095.75
Thumb: 141.914 89.7303 1101.73
Index: 70.9197 11.5896 1099.04
Middle: 36.0398 2.24077 1079.62
Ring: 26.3747 36.2008 1110.58
Little: 3.42311 43.9357 1098.34
Thumb: 148.384 99.8425 1106.03
Index: 77.6862 9.01063 1097.78
Middle: 42.7019 -3.63204 1078.53
Ring: 31.2023 27.4171 1111.25
Little: 22.7356 36.2735 1098.2
Thumb: 149.35 96.0919 1108.85
Index: 81.7474 4.9718 1097.5
Middle: 47.7263 -5.00504 1080.42
Ring: 39.8597 38.7641 1115.51
Little: 28.2932 33.8681 1093.18
Thumb: 152.046 100.764 1107.9
Index: 86.1414 7.34021 1100.9
Middle: 51.6412 -5.34334 1079.59
Ring: 44.4009 49.6425 1110.84
Little: 31.5932 32.54 1092.43
Thumb: 157.2 98.9252 1108.91
Index: 88.0464 7.32679 1100.24
Middle: 53.6544 -3.84597 1078.85
Ring: 48.2591 53.1741 1106.92
Little: 34.4086 34.0629 1092.06
Thumb: 162.985 98.4106 1110.88
Index: 90.5872 7.26861 1101.31
Middle: 56.4194 -3.36316 1079.7
Ring: 51.3972 54.2467 1107
Little: 37.742 34.6388 1088.62
Thumb: 164.141 97.1183 1104.71
Index: 89.5117 5.66214 1100.4
Middle: 54.5974 -4.55973 1078.62
Ring: 60.6198 96.1706 1122.45
Little: 37.6881 33.1388 1091.13
Thumb: 163.964 97.6661 1106.43
Index: 88.7422 6.73119 1102.4
Middle: 53.8959 -3.61577 1078.82
Ring: 62.8713 107.882 1125.84
Little: 37.6118 33.9293 1088.18
Thumb: 163.48 100.346 1109.07
Index: 87.645 8.33335 1099.53
Middle: 54.3739 1.7452 1086.9
Ring: 58.3312 109.036 1127.39
Little: 37.6271 37.5236 1084.64
Thumb: 163.811 96.6734 1108.23
Index: 83.4324 6.83742 1098.48
Middle: 50.29 1.73428 1085.06
Ring: 57.7883 105.813 1129.09
Little: 35.0162 39.0132 1084.81
Thumb: 161.581 93.3392 1108.6
Index: 88.1083 38.8248 1123.15
Middle: 43.6814 3.29749 1083.76
Ring: 54.29 103.421 1131.22
Little: 30.4429 42.3595 1086.19
Thumb: 159.959 94.2654 1111.12
Index: 81.9874 35.9788 1123.01
Middle: 40.0796 3.97734 1082.96
Ring: 51.4453 106.021 1128.68
Little: 25.0675 43.6172 1084.35
Thumb: 154.011 93.2899 1108.1
Index: 89.1398 55.4584 1107.51
Middle: 35.4657 4.5603 1084.87
Ring: 48.1625 101.164 1139.53
Little: 22.3361 44.1071 1086.38
Thumb: 153.166 90.7675 1112.24
Index: 85.49 57.6188 1104.91
Middle: 29.7863 9.14025 1080.42
Ring: 47.3342 106.077 1135.92
Little: 19.0524 48.3862 1082.31
Thumb: 146.499 91.3127 1117.5
Index: 80.7424 59.9287 1106.38
Middle: 23.5994 11.7637 1079.8
Ring: 42.0066 107.81 1136.7
Little: 14.4311 50.9246 1080.83
Thumb: 140.205 92.9883 1117.99
Index: 75.3512 62.6854 1109.17
Middle: 18.1491 14.0541 1080.64
Ring: 37.1938 110.7 1138.48
Little: 10.2234 53.2408 1078.71
Thumb: 132.932 91.9221 1121.9
Index: 68.9522 62.9923 1111.05
Middle: 11.2394 16.1829 1078.99
Ring: 28.7597 112.442 1137.78
Little: 4.76471 55.6879 1078.41
Thumb: 129.418 98.1514 1119.85
Index: 60.4599 59.892 1109.82
Middle: 3.01394 10.9738 1084.13
Ring: 17.5587 108.483 1146.35
Little: -6.15106 51.0706 1084.8
Thumb: 110.566 93.9563 1122.13
Index: 56.5908 66.3247 1113.08
Middle: -0.260039 17.1988 1083.76
Ring: 10.4381 116.407 1145.69
Little: -7.59834 57.0103 1079.89
Thumb: 104.963 96.6666 1126.53
Index: 34.4242 42.351 1121.78
Middle: -7.86821 17.3684 1086.89
Ring: 4.36632 130.83 1141.25
Little: -14.8455 57.0848 1084.39
Thumb: 94.8293 97.8184 1124.25
Index: 43.7134 69.1792 1123.98
Middle: -14.9283 20.9749 1086.87
Ring: -6.10805 100.386 1165.04
Little: -19.2955 59.9861 1083.16
Thumb: 93.9203 93.4923 1131.82
Index: 22.9025 47.8538 1139.45
Middle: -22.9028 21.1542 1088.51
Ring: -8.64372 95.6171 1169
Little: -25.6315 60.4583 1086.25
Thumb: 88.261 94.2924 1134.5
Index: 17.2259 48.2328 1133.33
Middle: -29.2706 23.0709 1087.01
Ring: -15.6838 100.361 1170.66
Little: -31.9942 62.6749 1085.48
Thumb: 81.0096 96.7693 1133.46
Index: 14.7917 61.3211 1139.46
Middle: -31.5733 20.2134 1092.14
Ring: -19.2247 108.559 1174.63
Little: -40.8701 63.4187 1090.26
Thumb: 81.4962 95.2782 1136.63
Index: 9.48768 63.18 1142.92
Middle: -34.4583 16.1055 1099.8
Ring: -28.9893 107.287 1176.14
Little: -46.1502 59.6586 1091.09
Thumb: 65.2934 99.492 1155.54
Index: -22.654 50.7473 1144.84
Middle: -37.6532 16.638 1101.74
Ring: -48.5093 115.398 1169.54
Little: -48.939 61.4231 1088.03
Thumb: 96.6371 110.258 1185.74
Index: -26.1042 72.0196 1153.01
Middle: -40.0376 19.429 1095.91
Ring: -57.7247 56.301 1137.47
Little: -48.183 65.393 1084.05
Thumb: 73.5818 151.517 1214.63
Index: -65.3998 56.2108 1123.83
Middle: -42.6095 9.74459 1102.36
Ring: -42.9994 23.6218 1105.04
Little: -42.1228 53.3422 1072.83
Thumb: 67.3226 178.541 1205.89
Index: -48.5746 34.9239 1107.97
Middle: -46.0031 22.3137 1077.91
Ring: -38.4702 28.0383 1110.95
Little: -39.9417 54.1325 1073.65
Thumb: 36.1722 179.314 1222.25
Index: -54.6462 34.706 1112.18
Middle: -71.312 52.4901 1094.41
Ring: -45.3316 28.8303 1115.1
Little: -42.8988 53.7049 1076.99
Thumb: 31.6345 177.655 1223.94
Index: -56.2079 34.8919 1111.66
Middle: -74.7863 56.8354 1092.46
Ring: -51.1263 30.6618 1115.75
Little: -43.6803 53.3004 1077.25
Thumb: 27.3634 178.797 1223.26
Index: -58.8216 36.6375 1110.61
Middle: -79.2213 44.5742 1085.11
Ring: -52.1568 31.0065 1114.61
Little: -46.5147 54.7702 1076.91
Thumb: 27.3746 206.033 1224.9
Index: -60.6991 39.119 1112.74
Middle: -81.2263 46.3489 1088.2
Ring: -55.0767 33.7953 1117.92
Little: -46.5154 55.4073 1079.16
Thumb: 42.0531 168.081 1234.11
Index: -84.5356 69.1448 1145.64
Middle: -64.3693 34.7777 1086.12
Ring: -78.6651 57.313 1135.75
Little: -70.7205 86.5167 1093.75
Thumb: 37.2026 166.894 1235.19
Index: -83.1299 68.4382 1144.74
Middle: -63.7523 35.8595 1086.41
Ring: -77.3726 78.8176 1132.62
Little: -71.2802 88.1115 1094.16
Thumb: 70.3405 115.868 1074.79
Index: -19.0715 51.8424 1158.81
Middle: -29.3784 23.7706 1135.43
Ring: -60.964 39.0089 1116.35
Little: -54.0401 111.402 1168.94
Thumb: 68.0905 107.03 1076.29
Index: -49.4565 43.5055 1146.47
Middle: -71.1139 42.1949 1159.13
Ring: -67.1576 37.3622 1118.48
Little: -62.904 113.037 1165.72
Thumb: 68.2773 113.284 1092.67
Index: -48.7812 43.8443 1143.2
Middle: -77.2246 42.0228 1150.79
Ring: -68.636 37.7201 1115.67
Little: -69.4659 106.687 1159.57
Thumb: 70.3098 114.032 1097.91
Index: -47.6426 44.9251 1144.46
Middle: -73.839 44.6062 1154.06
Ring: -69.9983 37.7832 1115.73
Little: -74.8292 117.231 1147.57
Thumb: 65.4391 116.175 1102.46
Index: -49.4427 45.2542 1143.65
Middle: -77.9687 45.3755 1150.9
Ring: -72.1929 39.5076 1113.12
Little: -79.0791 120.71 1140.14
Thumb: 65.9146 124.052 1072.19
Index: -42.483 55.007 1156.68
Middle: -81.332 36.3246 1126.32
Ring: -72.1137 42.6314 1115.47
Little: -82.0733 123.685 1139.7
Thumb: 65.3126 117.422 1083.49
Index: -49.4653 56.1045 1158.9
Middle: -83.701 33.4439 1113.5
Ring: -74.4459 42.8647 1117.38
Little: -90.0967 95.4749 1136.68
Thumb: 60.1932 112.448 1100.34
Index: -47.117 58.0929 1162.98
Middle: -86.1287 31.9739 1117.16
Ring: -77.5543 41.2632 1115.13
Little: -93.5069 92.7121 1132.97
Thumb: 61.2418 119.193 1116.13
Index: -50.2294 64.2655 1164.29
Middle: -87.2748 33.4555 1117.47
Ring: -77.0795 42.4274 1115.64
Little: -95.5578 94.3854 1130.67
Thumb: 61.7907 118.855 1119.42
Index: -54.7616 65.0978 1164.1
Middle: -88.6925 33.7235 1113.65
Ring: -79.2521 42.7732 1112.29
Little: -97.505 94.8005 1125.09
Thumb: 59.3476 119.414 1121.49
Index: -56.8692 67.8486 1164.5
Middle: -90.5091 34.272 1112.61
Ring: -79.2343 42.6824 1111.3
Little: -98.7866 94.6488 1123.95
Thumb: 87.7856 123.194 1111.87
Index: -56.3979 71.7604 1161.06
Middle: -90.8898 35.9081 1112.1
Ring: -79.1542 44.3966 1110.22
Little: -100.43 96.8411 1120.06
Thumb: 87.8464 125.037 1116.59
Index: -58.5864 37.9455 1120.74
Middle: -90.7963 35.898 1106.9
Ring: -79.191 44.5447 1104.11
Little: -102.977 83.2043 1103.97
Thumb: 85.3394 119.294 1114.29
Index: -58.3277 28.3037 1103.75
Middle: -88.4405 35.212 1098.4
Ring: -82.5212 47.0244 1099.15
Little: -104.94 87.4178 1101.42
Thumb: 88.4336 122.278 1109.9
Index: -60.0122 30.1662 1100.39
Middle: -90.7039 37.0426 1095.03
Ring: -80.6539 46.6609 1095.53
Little: -103.577 86.9233 1099.23
Thumb: 89.5143 121.494 1105.88
Index: -60.7212 28.9666 1096.23
Middle: -90.7087 35.9656 1094.25
Ring: -80.4972 45.6723 1094.63
Little: -103.734 85.914 1097.3
Thumb: 96.7352 131.584 1084.97
Index: -59.436 30.6734 1093.67
Middle: -90.1104 38.0747 1091.07
Ring: -80.4223 47.7156 1091.38
Little: -102.083 87.8903 1095.31
Thumb: 98.5747 137.266 1075.01
Index: -59.6616 31.4485 1098.49
Middle: -88.9898 37.1406 1089.68
Ring: -79.7099 47.2516 1089.84
Little: -102.423 87.884 1093.8
Thumb: 97.2955 132.846 1076.07
Index: -57.7459 30.9119 1092.16
Middle: -88.2981 37.92 1089.78
Ring: -77.9042 47.5636 1090.03
Little: -101.328 86.6774 1091.35
Thumb: 93.0912 128.011 1089.2
Index: -51.95 47.2281 1110.14
Middle: -87.6794 40.011 1090.52
Ring: -77.6703 49.6408 1090.48
Little: -100.664 88.1467 1090.34
Thumb: 94.1142 131.661 1084.02
Index: -52.6997 38.0454 1104.25
Middle: -83.6531 38.1671 1091.59
Ring: -74.7932 48.5151 1091.15
Little: -98.755 85.9452 1089.96
Thumb: 95.787 136.567 1092.68
Index: -46.6738 45.4051 1111.08
Middle: -82.6176 39.4328 1093.51
Ring: -72.4766 49.3452 1092.77
Little: -97.0671 86.8293 1092.04
Thumb: 74.108 126.338 1117.36
Index: -41.5967 43.7634 1110.96
Middle: -78.8637 37.3082 1095.97
Ring: -68.8751 47.4614 1094.77
Little: -94.8008 84.151 1096.79
Thumb: 74.6998 126.152 1120.14
Index: -42.5797 44.7596 1115.08
Middle: -77.4692 37.2515 1098.61
Ring: -67.4378 47.4095 1097.52
Little: -93.7814 84.0663 1096.9
Thumb: 72.2493 125.858 1123.83
Index: -36.1181 43.9536 1118.92
Middle: -70.8213 36.2429 1103.59
Ring: -61.1785 46.9566 1102.03
Little: -88.539 83.065 1100.8
Thumb: 60.9782 129.739 1140.26
Index: -33.5914 43.3315 1119.71
Middle: -68.4679 34.9941 1104.94
Ring: -58.8581 45.6595 1103.23
Little: -86.6259 80.859 1100.33
Thumb: 37.9842 119.477 1136.44
Index: -26.3954 42.4433 1122.62
Middle: -61.6204 33.2292 1108.24
Ring: -54.1343 44.6897 1106.39
Little: -82.6855 78.9021 1103.18
Thumb: 63.7948 117.799 1112.37
Index: -22.5701 42.0258 1122.5
Middle: -57.8258 32.7302 1107.8
Ring: -49.2225 44.0976 1105.96
Little: -78.6695 78.325 1103.22
Thumb: 70.9497 118.062 1106.68
Index: -17.5609 43.3059 1127.03
Middle: -51.0111 31.1415 1112.19
Ring: -45.1475 43.4865 1111.41
Little: -74.6078 77.0571 1106.81
Thumb: 75.8 118.085 1108.66
Index: -10.5473 41.5622 1125.33
Middle: -44.4584 28.0794 1109.78
Ring: -38.4917 40.6311 1109.68
Little: -69.141 73.8581 1108
Thumb: 67.6173 107.547 1107.17
Index: -5.33525 36.972 1125.03
Middle: -38.9164 23.6215 1110.02
Ring: -32.8654 36.0825 1110.18
Little: -62.449 70.3015 1109.2
Thumb: 69.5349 113.907 1112.18
Index: 2.91381 37.7336 1128.25
Middle: -31.4691 22.9493 1112.09
Ring: -26.0894 35.6971 1111.79
Little: -57.7519 67.91 1109.34
Thumb: 78.926 117.513 1110.84
Index: 9.81713 36.0135 1127.44
Middle: -23.0665 19.8221 1115.12
Ring: -16.1458 116.572 1187.14
Little: -49.6133 62.9996 1115.45
Thumb: 80.2191 116.957 1120.38
Index: 14.1832 40.4738 1133.14
Middle: -15.4993 16.2506 1118.87
Ring: -19.0628 117.186 1186.3
Little: -43.6828 58.7168 1114.93
Thumb: 86.7973 111.063 1118.41
Index: 44.1401 98.792 1166.07
Middle: -8.06948 16.7242 1118.31
Ring: -5.89923 115.865 1185.98
Little: -36.438 63.9265 1119.89
Thumb: 97.4458 110.211 1122.58
Index: 51.6042 101.817 1167.77
Middle: -5.43492 15.9455 1117.58
Ring: -2.38555 114.357 1185.2
Little: -27.9585 61.5195 1120.54
Thumb: 102.677 114.068 1120.87
Index: 53.4267 100.778 1175.44
Middle: 2.93046 14.5544 1116.32
Ring: 1.57548 113.441 1184.47
Little: -21.6308 57.1412 1114.94
Thumb: 140.377 124.527 1102.92
Index: 61.3111 98.9631 1175.52
Middle: 12.5778 13.9851 1113.47
Ring: 10.6583 114.475 1184.33
Little: -16.2084 56.5409 1114.15
Thumb: 127.604 122.324 1109.91
Index: 70.3547 104.255 1174.63
Middle: 20.1446 13.9146 1115.61
Ring: 16.5445 113.915 1184.92
Little: -8.00179 54.9997 1114.22
Thumb: 130.406 162.516 1104.94
Index: 88.0546 121.281 1170.87
Middle: 71.2631 22.5812 1108.17
Ring: 35.6693 110.187 1183.97
Little: 29.0673 50.0464 1109.44
Thumb: 93.3072 166.305 1182.34
Index: 96.4403 127.914 1173.05
Middle: 69.652 86.1976 1191.62
Ring: 36.6303 115.716 1183.46
Little: 38.4778 45.8201 1111.54
Thumb: 110.202 169.182 1179.54
Index: 100.517 126.226 1176.83
Middle: 71.3341 115.223 1192.77
Ring: 45.5942 115.312 1184.81
Little: 51.3652 48.6166 1111.13
Thumb: 112.057 175.236 1178.26
Index: 105.792 121.403 1177.06
Middle: 78.3651 119.434 1192.34
Ring: 54.0841 116.068 1186.22
Little: 57.9554 49.4545 1112.89
Thumb: 113.569 196.434 1183.21
Index: 112.77 119.047 1176.46
Middle: 85.0558 115.991 1191.8
Ring: 59.6365 114.221 1185.88
Little: 60.0306 47.6903 1112.25
Thumb: 123.734 170.793 1179.38
Index: 114.763 120.617 1177.32
Middle: 86.7811 116.727 1193.38
Ring: 76.7464 93.916 1185.92
Little: 61.097 47.8059 1114.56
Thumb: 131.68 209.358 1175.21
Index: 127.724 115.517 1168.7
Middle: 101.745 116.525 1188.88
Ring: 91.3284 86.3697 1181.64
Little: 56.5341 47.8413 1117.42
Thumb: 188.566 189.703 1087.16
Index: 139.003 135.738 1154.88
Middle: 108.634 114.408 1191.74
Ring: 86.4759 108.506 1190.7
Little: 56.0218 49.2394 1123.27
Thumb: 172.863 137.201 1062.38
Index: 144.496 133.234 1146.82
Middle: 120.97 109.936 1189.55
Ring: 98.6961 105.845 1191.67
Little: 61.0108 44.7012 1130.87
Thumb: 176.896 139.764 1054.34
Index: 146.172 134.354 1130.71
Middle: 128.675 110.379 1187.21
Ring: 105.235 110.042 1190.37
Little: 63.1811 48.7815 1129.4
Thumb: 177.228 143.067 1059.76
Index: 144.623 128.068 1118.58
Middle: 142.979 112.008 1174.43
Ring: 120.933 113.951 1183.38
Little: 60.8763 55.4888 1135.59
Thumb: 169.997 129.407 1066.09
Index: 142.763 130.103 1113.27
Middle: 146.946 114.733 1170.89
Ring: 126.188 115.815 1181.57
Little: 59.8895 59.1279 1140.06
Thumb: 162.896 131.955 1054.18
Index: 143.49 132.042 1106.8
Middle: 151.838 116.473 1165.37
Ring: 132.024 117.668 1177.79
Little: 63.2013 59.8624 1141.91
Thumb: 163.428 141.535 1048.85
Index: 145.194 142.033 1098.16
Middle: 157.907 118.092 1159.69
Ring: 138.882 118.163 1173.41
Little: 102.757 117.438 1187.42
Thumb: 147.533 132.08 1036.71
Index: 147.125 133.253 1101.33
Middle: 135.927 155.075 1130.66
Ring: 141.695 115.523 1170.25
Little: 106.034 116.973 1186.68
Thumb: 150.166 146.031 1041.52
Index: 148.672 140.837 1102.37
Middle: 126.365 158.075 1121.85
Ring: 145.123 117.537 1167.4
Little: 107.425 119.455 1185.61
Thumb: 142.426 125.175 1055.25
Index: 154.63 128.375 1105.88
Middle: 118.808 154.412 1115.31
Ring: 150.033 119.28 1164.6
Little: 116.281 122.759 1186.94
Thumb: 134.752 113.395 1064.62
Index: 152.479 125.66 1102.06
Middle: 119.806 152.798 1114.73
Ring: 150.299 118.895 1161.9
Little: 117.517 124.722 1185.53
Thumb: 143.588 122.482 1057.63
Index: 151.958 123.366 1101.39
Middle: 118.787 153.208 1119.27
Ring: 143.154 129.993 1162.57
Little: 117.317 122.611 1185.02
Thumb: 141.205 119.902 1061.28
Index: 154.109 120.45 1100.59
Middle: 118.297 152.732 1119.15
Ring: 140.698 129.989 1159.21
Little: 118.573 118.218 1182.36
Thumb: 150.575 118.466 1079.5
Index: 152.965 117.937 1099.35
Middle: 145.733 139.6 1134.81
Ring: 146.702 124.032 1159.65
Little: 121.186 116.852 1182.16
Thumb: 147.873 118.066 1066.33
Index: 149.345 117.435 1098.69
Middle: 141.599 140.729 1133.41
Ring: 146.802 122.073 1160.11
Little: 120.341 117.168 1183.34
Thumb: 149.105 112.275 1074.58
Index: 148.324 113.385 1099.93
Middle: 143.359 136.68 1135.21
Ring: 146.412 118.976 1161.67
Little: 120.24 115.502 1185.37
Thumb: 146 115.432 1067.07
Index: 147.43 112.11 1098.73
Middle: 127.109 140.4 1130.99
Ring: 146.553 119.339 1159.26
Little: 121.249 115.374 1183.81
Thumb: 160.86 120.159 1073.15
Index: 155.336 101.237 1105.66
Middle: 132.503 130.613 1132.78
Ring: 138.154 113.582 1162.56
Little: 61.0564 56.4762 1143.15
Thumb: 160.357 121.313 1071.42
Index: 154.529 92.0099 1106.83
Middle: 128.754 129.247 1131.83
Ring: 142.504 104.096 1160.57
Little: 59.0879 55.5802 1143.83
Thumb: 157.867 121.813 1064.48
Index: 153.573 91.9836 1110.32
Middle: 128.104 127.153 1135.3
Ring: 134.356 108.467 1164.94
Little: 55.971 53.3187 1143.79
Thumb: 154.75 114.158 1078.22
Index: 153.797 87.3266 1114.21
Middle: 130.426 125.373 1137.16
Ring: 133.639 109.062 1167.25
Little: 54.1381 53.407 1144.04
Thumb: 136.407 98.5292 1102.53
Index: 153.076 86.7483 1121.88
Middle: 132.331 121.577 1144
Ring: 133.853 104.879 1172.28
Little: 51.4494 54.2688 1146.85
Thumb: 139.164 100.016 1111.69
Index: 151.247 88.571 1129.24
Middle: 129.313 121.677 1148.47
Ring: 127.944 108.401 1176.86
Little: 48.5014 53.8122 1148.08
Thumb: 153.799 107.935 1100.57
Index: 151.405 100.306 1124.82
Middle: 129.066 123.733 1147.25
Ring: 123.456 115.256 1177.41
Little: 46.6208 58.106 1148.53
Thumb: 154.694 114.542 1101.19
Index: 147.546 113.901 1117.9
Middle: 120.719 132.56 1144.74
Ring: 129.619 107.218 1179.08
Little: 48.299 57.2623 1150.63
Thumb: 159.072 121.764 1109.09
Index: 147.803 106.264 1123.68
Middle: 111.556 130.933 1141.66
Ring: 113.931 120.361 1176.96
Little: 46.8099 53.736 1153.01
Thumb: 122.82 109.045 1123.6
Index: 142.681 110.481 1124.54
Middle: 107.556 126.999 1144.07
Ring: 112.541 115.019 1178.62
Little: 41.2694 51.0073 1153.34
Thumb: 154.611 119.245 1084.12
Index: 141.769 104.232 1123.04
Middle: 107.689 126.381 1142.36
Ring: 110.127 115.526 1175.32
Little: 40.3684 51.099 1152
Thumb: 151.346 134.797 1059.65
Index: 135.814 109.162 1122.62
Middle: 106.91 127.509 1145.76
Ring: 104.598 117.729 1175.89
Little: 36.2622 51.1539 1153.75
Thumb: 127.892 115.258 1092.65
Index: 135.888 105.126 1124.39
Middle: 120.627 127.321 1141.51
Ring: 103.394 117.201 1175.64
Little: 37.1126 50.2171 1154.93
Thumb: 128.101 116.711 1087.24
Index: 136.918 111.737 1121.64
Middle: 102.639 125.681 1128.95
Ring: 94.9427 118.049 1171.13
Little: 33.7419 49.4831 1139.86
Thumb: 123.468 114.327 1089.3
Index: 130.472 95.8817 1127.95
Middle: 101.786 125.531 1130.92
Ring: 91.7054 115.937 1169.14
Little: 31.3706 46.337 1137.43
Thumb: 118.523 113.828 1100.31
Index: 129.527 95.172 1124.61
Middle: 100.788 124.429 1126.03
Ring: 92.4516 114.827 1166.69
Little: 32.8415 44.7006 1132.37
Thumb: 121.146 111.604 1108.62
Index: 123.33 111.471 1114.37
Middle: 103.761 116.048 1138.17
Ring: 79.536 109.466 1165.07
Little: 34.9375 51.649 1140.35
Thumb: 118.919 92.0239 1094.07
Index: 102.89 117.428 1094.57
Middle: 101.74 118.565 1139.62
Ring: 85.8842 106.087 1174.28
Little: 35.0338 51.6785 1140.79
Thumb: 118.209 90.7366 1086.86
Index: 98.6084 109.719 1093.76
Middle: 98.3724 119.539 1140.28
Ring: 79.9825 117.68 1170.79
Little: 33.9037 53.2964 1143.12
Thumb: 88.8026 76.3691 1094.51
Index: 93.752 110.487 1090
Middle: 91.6302 123.058 1132.34
Ring: 75.3869 119.1 1166.56
Little: 24.3013 77.8948 1145.67
Thumb: 79.2011 74.296 1092.21
Index: 110.99 113.808 1113.6
Middle: 85.3602 125.711 1132.5
Ring: 72.8004 119.057 1168.12
Little: 20.6294 77.1358 1143.88
Thumb: 82.3353 77.98 1069.16
Index: 109.848 118.652 1108.19
Middle: 79.7876 129.194 1122.44
Ring: 76.9684 117.206 1167.77
Little: 19.6555 99.3267 1152.92
Thumb: 76.7566 82.4334 1050.91
Index: 107.307 121.733 1106.51
Middle: 78.0373 131.309 1121.09
Ring: 72.0963 122.577 1165.5
Little: 21.7261 97.0317 1154.6
Thumb: 75.2088 88.9461 1043.8
Index: 106.582 126.754 1106.1
Middle: 69.6467 128.515 1113.04
Ring: 73.4362 123.258 1160.89
Little: 22.1855 93.6702 1152.24
Thumb: 80.8455 102.522 1032.87
Index: 107.785 88.9347 1115.48
Middle: 65.2769 125.979 1107.77
Ring: 75.4679 122.844 1160.44
Little: 23.8686 92.9972 1150.95
Thumb: 78.9616 103.228 1032.04
Index: 105.819 127.601 1104.76
Middle: 63.2868 125.444 1107.8
Ring: 75.6908 123.427 1157.31
Little: 22.0298 93.0575 1151
Thumb: 77.6927 97.3151 1039.56
Index: 105.522 129.205 1107.21
Middle: 60.3496 120.747 1108.2
Ring: 73.5079 124.899 1157.08
Little: 18.0585 95.8738 1150.73
Thumb: 77.6698 104.808 1030.41
Index: 80.1162 125.824 1080.58
Middle: 60.0898 120.811 1105.65
Ring: 72.0835 123.086 1157.02
Little: 16.4209 94.4774 1147.88
Thumb: 60.809 97.2678 1072.07
Index: 79.602 124.092 1081.68
Middle: 58.1102 121.044 1105.32
Ring: 70.6484 123.471 1155.76
Little: 13.6525 95.5863 1147.28
Thumb: 71.2641 90.9016 1041.08
Index: 76.6453 124.557 1079.5
Middle: 57.548 125.287 1102.8
Ring: 76.039 120.405 1155.46
Little: 13.1456 94.9788 1146.8
Thumb: 66.3634 88.5791 1045.85
Index: 74.9663 124.332 1081.14
Middle: 57.167 121 1107.07
Ring: 79.3388 109.265 1160.55
Little: 9.87359 97.2078 1148.69
Thumb: 65.1555 92.4599 1042.67
Index: 72.1383 125.46 1079.25
Middle: 56.3355 121.029 1105.43
Ring: 79.0242 112.167 1160.21
Little: 11.8847 97.6301 1150
Thumb: 66.9531 100.836 1038.43
Index: 70.9765 128.932 1077.74
Middle: 57.8625 124.376 1105.73
Ring: 75.9364 112.041 1161.51
Little: 11.6363 98.338 1147.82
Thumb: 71.6734 110.036 1033.18
Index: 70.5918 135.267 1076.39
Middle: 53.9113 123.891 1102.32
Ring: 77.4601 111.706 1159.5
Little: 11.0751 98.966 1147.25
Thumb: 71.625 110.404 1033.28
Index: 70.2653 135.613 1076.38
Middle: 62.2861 130.442 1108.47
Ring: 77.2074 111.847 1159.72
Little: 10.7308 99.1427 1147.25
Thumb: 74.5097 116.186 1034.58
Index: 69.4898 138.502 1075.21
Middle: 61.1049 135.215 1105.8
Ring: 78.5475 114.528 1158.1
Little: 13.453 98.8346 1146.96
Thumb: 71.8287 114.128 1034.93
Index: 67.8749 138.026 1072.82
Middle: 62.8827 137.383 1105.02
Ring: 69.5814 121.845 1152.28
Little: 14.904 99.2192 1146.81
Thumb: 70.6019 113.6 1032.26
Index: 67.0312 137.643 1072.43
Middle: 62.6731 137.393 1105.01
Ring: 70.3001 121.528 1150.97
Little: 14.1498 99.9584 1146.98
Thumb: 74.2511 112.657 1036.57
Index: 64.56 133.958 1069.21
Middle: 63.3429 139.899 1101.76
Ring: 69.9013 124.595 1147.87
Little: 16.082 100.41 1145.95
Thumb: 74.7931 111.18 1037.3
Index: 64.9207 132.246 1069.76
Middle: 63.5264 138.665 1102.28
Ring: 72.3144 122.026 1148.97
Little: 15.8676 100.958 1146.62
Thumb: 75.6048 112.906 1038.42
Index: 63.4422 131.867 1069.42
Middle: 67.0184 140.195 1105.2
Ring: 71.1093 122.657 1148.95
Little: 15.0257 100.878 1145.94
Thumb: 79.697 115.171 1038.38
Index: 65.0531 130.725 1071.85
Middle: 77.3942 135.913 1116.93
Ring: 69.2642 120.467 1151.31
Little: 13.8599 99.4809 1146.11
Thumb: 88.8986 115.604 1050.81
Index: 65.3422 130.132 1073.26
Middle: 73.6464 136.694 1114.23
Ring: 71.5889 118.923 1154.52
Little: 18.354 95.0936 1146.97
Thumb: 92.3909 114.677 1067.02
Index: 70.4234 134.83 1080.78
Middle: 79.8225 147.304 1127.44
Ring: 69.4609 120.893 1162.76
Little: 16.6918 97.9735 1149.35
Thumb: 99.7716 115.91 1079.44
Index: 75.1016 133.707 1090.39
Middle: 77.5132 144.839 1139.21
Ring: 62.8214 120.788 1171.55
Little: 24.4666 58.0946 1130.69
Thumb: 115.483 136.03 1055.46
Index: 75.5178 120.821 1096.99
Middle: 80.1452 133.17 1152.23
Ring: 64.8136 104.749 1177.85
Little: 21.3845 54.6922 1136.28
Thumb: 119.317 133.801 1070.69
Index: 74.9365 125.406 1102.24
Middle: 75.1675 134.776 1160.39
Ring: 56.3042 106.264 1184.99
Little: 18.0525 49.2197 1136.09
Thumb: 124.173 135.777 1084.79
Index: 78.6429 123.685 1110.61
Middle: 73.3076 138.748 1161.97
Ring: 54.684 105.475 1188.44
Little: 20.4067 46.6872 1136.44
Thumb: 126.5 135.747 1089.72
Index: 83.0642 135.172 1119.15
Middle: 72.8305 113.722 1190.5
Ring: 49.469 107.748 1192.3
Little: 4.45203 36.5958 1140.29
Thumb: 126.558 138.737 1101.08
Index: 81.6982 140.332 1126.08
Middle: 66.2349 114.685 1197.96
Ring: 43.1156 103.953 1197.91
Little: 4.98989 43.8203 1147.53
Thumb: 126.672 139.855 1103.86
Index: 82.1638 144.653 1127.21
Middle: 65.5872 115.469 1199.54
Ring: 41.8111 88.8322 1199.19
Little: 3.28471 45.0546 1148.73
Thumb: 109.935 130.793 1126.89
Index: 78.4581 149.744 1137.44
Middle: 54.9723 116.813 1204.34
Ring: 23.8147 21.4086 1134.37
Little: -1.52933 48.3563 1148.01
Thumb: 99.4541 111.702 1138.2
Index: 80.1195 145.467 1137.55
Middle: 54.9862 104.963 1203.4
Ring: 29.7855 51.8083 1175.02
Little: -2.80622 42.3769 1140.95
Thumb: 118.901 118.517 1122.01
Index: 82.5518 142.573 1146.91
Middle: 54.8295 100.982 1203.75
Ring: 28.53 34.7757 1157.53
Little: -2.63842 36.4992 1141.06
Thumb: 125.399 129.715 1119.12
Index: 81.2843 134.896 1143.97
Middle: 57.1651 101.968 1198.24
Ring: 24.3399 6.71218 1123.21
Little: 2.18396 28.3022 1133.39
Thumb: 127.703 130.93 1118.78
Index: 80.0048 130.152 1145.53
Middle: 52.3089 93.4911 1195.37
Ring: 22.3575 5.56971 1109.48
Little: -2.45161 30.0864 1122.87
Thumb: 124.022 132.534 1121.85
Index: 76.9438 128.944 1142.37
Middle: 51.0261 87.908 1193.84
Ring: 24.7512 9.0497 1115.47
Little: -6.9997 26.4822 1120.95
Thumb: 103.816 98.0196 1114.25
Index: 75.473 126.902 1136.5
Middle: 46.6964 85.9337 1193.25
Ring: 20.4513 14.1119 1117.79
Little: -9.35131 28.3143 1116.65
Thumb: 93.3506 88.9755 1104.02
Index: 74.9565 125.971 1140.11
Middle: 45.5736 76.138 1189.51
Ring: 21.0912 8.1693 1105.83
Little: -10.0047 26.6944 1109.32
Thumb: 93.2842 92.591 1101.63
Index: 72.8406 127.727 1138.2
Middle: 45.7337 86.9933 1188.78
Ring: 18.5825 8.66722 1102.92
Little: -9.16374 26.2391 1107.7
Thumb: 93.3259 91.8891 1100.93
Index: 72.0477 124.715 1137.15
Middle: 44.4472 85.7069 1185.39
Ring: 17.3689 7.57946 1097.28
Little: -10.0107 25.1766 1102.1
Thumb: 93.0101 90.496 1101.17
Index: 70.2484 120.98 1135.69
Middle: 39.2785 87.9827 1185.1
Ring: 15.3859 42.8762 1157.35
Little: -14.217 24.0005 1096.92
Thumb: 84.7925 86.3072 1100.59
Index: 68.7309 123.472 1139.08
Middle: 39.0415 91.7893 1182.78
Ring: 14.9259 40.547 1155.77
Little: -13.4378 21.9275 1094.13
Thumb: 82.3743 83.5873 1100.24
Index: 69.703 123.881 1138.13
Middle: 40.0591 84.3429 1182.3
Ring: 16.3197 43.5014 1155.02
Little: -15.4699 21.8509 1093.11
Thumb: 85.3764 85.9812 1091.33
Index: 69.7104 122.558 1133.23
Middle: 36.5908 84.3589 1181.83
Ring: 13.5415 52.8509 1159.94
Little: -17.4574 22.8076 1090.8
Thumb: 84.4611 86.5033 1088.89
Index: 67.4615 119.643 1122.06
Middle: 33.913 82.9018 1179.09
Ring: 10.7723 47.4297 1156.03
Little: -18.3721 22.5463 1086.21
Thumb: 102.113 108.848 1102.55
Index: 65.536 120.647 1116.94
Middle: 35.8819 90.5813 1175.41
Ring: 12.1857 47.6456 1153.07
Little: -19.2908 21.7515 1085.77
Thumb: 107.807 124.422 1107.26
Index: 63.2244 121.082 1112.74
Middle: 34.3266 88.5085 1173.48
Ring: 10.7915 51.1633 1152.62
Little: -21.5175 21.1992 1083.93
Thumb: 81.4897 89.2363 1083.27
Index: 63.0011 120.224 1111.35
Middle: 31.398 86.5312 1171.75
Ring: 6.036 37.3312 1145.66
Little: -22.8877 23.2165 1081.72
Thumb: 81.3841 93.6839 1070.85
Index: 62.1806 124.216 1108
Middle: 34.9713 88.1243 1167.91
Ring: 1.63851 7.00957 1074.01
Little: -22.892 23.7595 1083.16
Thumb: 76.2926 90.9814 1080.24
Index: 62.7257 125.953 1103.97
Middle: 38.4045 91.3313 1165.55
Ring: 1.23225 10.6542 1071.04
Little: -23.3388 22.4408 1073.81
Thumb: 72.2183 90.8002 1083.46
Index: 62.3701 126.207 1101.73
Middle: 37.8216 95.2298 1164.56
Ring: 1.61023 12.4234 1072.06
Little: -23.7869 23.8092 1072.21
Thumb: 68.5436 87.2113 1088.41
Index: 59.9455 120.073 1103.98
Middle: 31.3515 96.8458 1165.44
Ring: -1.38513 10.9855 1071.55
Little: -20.3253 23.1119 1070.41
Thumb: 68.2994 88.1645 1088.97
Index: 59.8455 121.216 1104.17
Middle: 30.9413 98.0721 1165.89
Ring: -1.57355 11.9165 1072.42
Little: -19.8099 24.1872 1071.2
Thumb: 68.8245 88.3523 1086.1
Index: 59.7549 120.673 1104.12
Middle: 30.6867 99.1679 1166.32
Ring: -2.55938 13.1153 1078.44
Little: -20.9823 24.1056 1073.07
Thumb: 70.2273 84.4 1088.5
Index: 58.972 117.558 1103.58
Middle: 30.4515 96.6675 1168.04
Ring: -6.01514 9.62322 1080.57
Little: -24.9624 21.957 1077.9
Thumb: 69.6609 83.6503 1091.76
Index: 59.1219 119.128 1108.1
Middle: 30.6198 103.004 1172.5
Ring: -5.7983 9.78453 1087.8
Little: -26.7208 22.37 1085.72
Thumb: 74.0946 85.5383 1092.57
Index: 59.494 125.2 1111.05
Middle: 33.6348 102.174 1175.69
Ring: -5.32716 14.0067 1102.1
Little: -25.6254 21.1305 1091.94
Thumb: 78.6352 89.0473 1103.28
Index: 58.5439 124.41 1118.94
Middle: 32.5017 99.9743 1185.68
Ring: -6.18284 13.0482 1113.39
Little: -26.2309 20.2427 1103.56
Thumb: 79.2719 93.6583 1100.92
Index: 54.9176 124.352 1124.94
Middle: 30.974 101.166 1192.73
Ring: -11.4762 14.7772 1125.08
Little: -25.2605 28.4324 1123.77
Thumb: 74.2608 83.8209 1097.12
Index: 54.4657 114.07 1127.38
Middle: 28.0914 86.6312 1200.1
Ring: -28.5373 15.837 1136.79
Little: -33.4102 33.0301 1135.33
Thumb: 72.3694 79.5699 1088.58
Index: 56.2906 108.97 1132.17
Middle: 27.5438 88.1036 1206.08
Ring: -35.6133 20.0585 1146.05
Little: -42.0209 28.8468 1133.21
Thumb: 105.093 112.51 1106.06
Index: 55.74 114.376 1139.53
Middle: 24.3134 97.3187 1213.2
Ring: -37.3567 24.0103 1153.03
Little: -39.9225 33.3637 1138.63
Thumb: 110.29 121.311 1101.3
Index: 58.8952 115.462 1143.71
Middle: 28.5954 103.952 1216.78
Ring: -32.6685 25.1874 1160.26
Little: -37.19 36.672 1148.39
Thumb: 96.257 102.584 1105
Index: 64.9591 120.636 1142.93
Middle: 46.1071 108.559 1217.46
Ring: -32.9371 28.7422 1161
Little: -37.2978 46.8469 1167.46
Thumb: 89.5284 91.5484 1123.41
Index: 71.5341 124.285 1146.93
Middle: 54.8826 113.332 1221.25
Ring: -24.2031 30.2285 1170.33
Little: -28.9312 47.4706 1173.37
Thumb: 95.7163 95.8957 1129.66
Index: 88.5059 124.429 1182.53
Middle: 60.6782 112.447 1220.17
Ring: -17.8717 35.5935 1173.76
Little: -20.9189 52.3983 1177.82
Thumb: 100.477 97.8707 1127.76
Index: 92.7556 125.742 1183.38
Middle: 66.3948 114.114 1221.65
Ring: -10.8531 35.4389 1179.92
Little: -18.4319 50.7766 1178.28
Thumb: 108.62 98.6597 1114.08
Index: 97.2592 126.627 1175.16
Middle: 73.4121 113.202 1221.72
Ring: -6.88383 40.5614 1185.95
Little: -13.9571 53.1713 1179.48
Thumb: 112.502 106.561 1104.95
Index: 99.5572 130.731 1171.16
Middle: 79.0099 119.91 1216.87
Ring: -1.83236 41.014 1183.15
Little: -7.28072 53.8019 1176.48
Thumb: 104.997 113.346 1115.18
Index: 110.83 133.249 1177.22
Middle: 88.1236 122.507 1211.7
Ring: 1.36234 39.076 1175.62
Little: 1.06885 55.6046 1176.8
Thumb: 108.808 116.717 1118.69
Index: 115.516 131.618 1177
Middle: 92.1866 116.241 1213.08
Ring: 7.67536 36.5911 1173.82
Little: 5.25914 53.2346 1176.03
Thumb: 108.541 118.871 1110.23
Index: 118.501 137.373 1165.39
Middle: 100.888 117.302 1207.38
Ring: 19.1275 33.9541 1171.25
Little: 14.9886 50.0806 1172.52
Thumb: 125.733 128 1096.93
Index: 123.74 133.643 1149.99
Middle: 110.272 113.875 1196.43
Ring: 27.7865 29.219 1170.62
Little: 21.417 47.8658 1176.89
Thumb: 118.917 121.317 1086.83
Index: 119.369 139.595 1135.69
Middle: 113.887 115.059 1193.59
Ring: 31.8841 25.5783 1167.44
Little: 33.2251 41.7651 1163.1
Thumb: 117.867 119.479 1096.4
Index: 115.97 139.803 1124.81
Middle: 114.811 112.463 1190.41
Ring: 35.9101 24.0663 1164.25
Little: 41.5196 41.765 1155.94
Thumb: 121.825 117.331 1097.44
Index: 119.596 139.976 1121.34
Middle: 118.374 113.423 1184.95
Ring: 33.3789 21.6323 1163.87
Little: 38.185 38.6545 1153.57
Thumb: 116.731 114.048 1092.32
Index: 115.933 134.424 1111.69
Middle: 120.01 109.059 1180.31
Ring: 31.595 23.1486 1164.56
Little: 31.9253 37.9161 1153.16
Thumb: 137.916 116.941 1065.83
Index: 117.56 133.865 1111.27
Middle: 119.236 104.148 1178.35
Ring: 96.6394 110.124 1181.13
Little: 27.9841 30.7085 1152.07
Thumb: 136.441 112.205 1061.18
Index: 119.43 129.756 1107.71
Middle: 120.46 99.4139 1170.84
Ring: 95.4814 108.033 1170.28
Little: 25.3231 27.8041 1145.97
Thumb: 132.196 110.058 1045.37
Index: 119.941 123.526 1108.87
Middle: 118.139 94.4073 1172.45
Ring: 92.6051 106.985 1168.81
Little: 12.3912 30.9596 1155.45
Thumb: 133.142 109.561 1050.11
Index: 105.603 116.701 1097.85
Middle: 120.415 98.4754 1172.78
Ring: 92.6745 110.471 1166.64
Little: 19.596 27.836 1158.3
Thumb: 127.344 96.7981 1056.23
Index: 106.06 117.037 1097.27
Middle: 119.765 96.5967 1172.98
Ring: 92.3797 109.942 1166.11
Little: 11.8334 29.3863 1163.46
Thumb: 105.615 96.5861 1082.47
Index: 105.341 119.349 1096.04
Middle: 122.45 97.5517 1171.79
Ring: 90.7675 111.127 1161.22
Little: 63.4263 90.827 1187.6
Thumb: 108.178 97.1498 1072.48
Index: 105.48 119.04 1095.43
Middle: 121.932 97.2548 1171.04
Ring: 90.3222 110.722 1160.28
Little: 62.7515 90.3561 1186.09
Thumb: 107.205 100.739 1072.6
Index: 112.154 110.375 1106.43
Middle: 124.763 107.435 1167.24
Ring: 91.8137 113.38 1158.27
Little: 67.0669 87.3931 1183.61
Thumb: 104.184 97.3647 1074.95
Index: 111.382 108.758 1105.89
Middle: 120.787 120.225 1159.5
Ring: 90.4049 112.443 1157.22
Little: 65.5147 86.6244 1181.98
Thumb: 106.691 95.3696 1068.45
Index: 105.074 108.445 1101.35
Middle: 107.921 126.938 1144.78
Ring: 88.1066 111.759 1157.24
Little: 63.443 85.2279 1181.67
Thumb: 101.615 85.2116 1081.76
Index: 104.016 110.042 1101.35
Middle: 105.903 128.17 1143.53
Ring: 86.2054 111.724 1157.34
Little: 61.4974 85.7021 1181.7
Thumb: 107.724 101.744 1045.56
Index: 99.6801 107.023 1097.55
Middle: 100.038 123.263 1135.8
Ring: 86.4621 110.727 1155.83
Little: 62.3524 84.8885 1180.75
Thumb: 101.355 87.2412 1069.39
Index: 98.2997 105.496 1098.31
Middle: 99.0674 120.614 1137.77
Ring: 84.6498 109.666 1156.52
Little: 59.1532 87.7441 1180.23
Thumb: 101.297 90.7872 1072.11
Index: 113.004 113.618 1113.03
Middle: 103.178 117.282 1144.13
Ring: 84.036 109.184 1155.82
Little: 58.2563 87.6941 1179.15
Thumb: 89.5659 99.325 1078.8
Index: 115.773 112.647 1116.87
Middle: 106.996 114.116 1148.76
Ring: 92.1847 108.126 1163.94
Little: 60.1843 86.3176 1178.55
Thumb: 87.6309 92.9517 1080.2
Index: 106.875 135.465 1102.75
Middle: 101.937 119.202 1144.52
Ring: 89.3362 108.273 1164.22
Little: 51.9568 93.5107 1179.84
Thumb: 91.5258 92.9471 1082.66
Index: 114.388 120.98 1113.08
Middle: 106.316 118.601 1147.49
Ring: 91.3015 111.521 1163.67
Little: 58.4821 90.7185 1181.72
Thumb: 91.5561 92.4334 1085.2
Index: 114.135 120.941 1113.46
Middle: 105.847 117.887 1148.05
Ring: 91.5738 110.895 1165.51
Little: 57.7531 89.7378 1181.72
Thumb: 90.1272 91.6392 1086.34
Index: 113.641 119.102 1113.13
Middle: 103.106 115.987 1145.3
Ring: 90.3472 111.4 1163.88
Little: 53.4666 94.1874 1179.82
Thumb: 90.9415 92.1537 1086.06
Index: 113.567 119.172 1113.38
Middle: 102.883 115.818 1145.69
Ring: 90.2295 111.124 1164.23
Little: 51.5439 95.8549 1178.63
Thumb: 82.7966 90.8323 1088.95
Index: 107.411 134.796 1103.04
Middle: 104.626 115.518 1150.32
Ring: 88.8193 110.711 1166.58
Little: 51.8633 93.7123 1178.87
Thumb: 81.2176 91.8799 1087.78
Index: 108.404 134.262 1103.01
Middle: 105.201 115.537 1149.7
Ring: 93.13 105.79 1171.58
Little: 53.2161 94.0644 1179.09
Thumb: 100.362 94.298 1051.26
Index: 108.337 136.444 1103.54
Middle: 105.111 116.8 1149.39
Ring: 93.6227 107.141 1171.54
Little: 53.4063 95.4829 1179.19
Thumb: 89.2388 97.4816 1071.58
Index: 110.245 139.699 1100.9
Middle: 110.153 119.556 1147.65
Ring: 94.0959 121.738 1160.47
Little: 55.777 96.021 1182.55
Thumb: 103.283 109.486 1037.36
Index: 112.485 126.466 1102.11
Middle: 110.693 116.966 1142.18
Ring: 96.6337 120.188 1157.33
Little: 60.4369 99.6192 1184.59
Thumb: 100.054 113.832 1029.88
Index: 114.287 121.062 1100.24
Middle: 113.673 114.942 1138.41
Ring: 103.883 114.119 1158.48
Little: 62.9349 101.618 1184.5
Thumb: 97.6529 123.277 1025.49
Index: 121.078 119.245 1102.32
Middle: 109.341 121.059 1129.22
Ring: 95.7968 121.009 1147.3
Little: 63.4615 103.163 1182.55
Thumb: 98.3062 124.998 1025.2
Index: 121.242 116.125 1101.48
Middle: 107.611 120.877 1126.07
Ring: 103.632 115.055 1151.07
Little: 62.3242 102.662 1180.62
Thumb: 91.1711 117.501 1022.68
Index: 112.194 117.694 1089.87
Middle: 111.762 119.516 1121.92
Ring: 110.792 105.105 1151.09
Little: 67.7495 103.208 1178.4
Thumb: 94.3849 124.621 1017.72
Index: 117.261 113.857 1089.65
Middle: 100.174 122.886 1111.76
Ring: 111.876 101.436 1149.32
Little: 68.6639 102.45 1176.91
Thumb: 93.2486 102.53 1035.57
Index: 119.047 108.851 1087.12
Middle: 101.644 119.962 1108.6
Ring: 117.839 98.1795 1145.99
Little: 75.6463 104.459 1172.26
Thumb: 93.3167 102.265 1037.92
Index: 113.249 111.083 1083.75
Middle: 100.338 118.559 1108.35
Ring: 119.088 93.5458 1147.18
Little: 77.4186 102.463 1175.74
Thumb: 93.3972 96.8738 1036.7
Index: 133.317 90.6804 1092.61
Middle: 101.966 118.156 1102.98
Ring: 121.312 93.3763 1143.28
Little: 88.0193 99.9185 1170.98
Thumb: 111.714 96.4112 1051.79
Index: 134.274 91.4055 1090.59
Middle: 106.479 118.64 1102.32
Ring: 123.221 95.2015 1141.06
Little: 90.1961 99.5823 1169.5
Thumb: 129.081 107.944 1070.78
Index: 136.137 97.806 1082.28
Middle: 89.927 120.484 1094.96
Ring: 127.838 96.6672 1133.71
Little: 51.2063 40.9735 1133.61
Thumb: 124.97 102.163 1051.52
Index: 133.853 94.8214 1071.42
Middle: 97.0923 120.868 1086.39
Ring: 129.965 97.6297 1122.64
Little: 51.5855 38.5092 1135.15
Thumb: 126.484 102.982 1060.83
Index: 135.002 99.9599 1068.76
Middle: 103.485 125.616 1085.04
Ring: 121.515 109.682 1116.81
Little: 46.4262 38.9173 1132.25
Thumb: 138.704 119.926 1100.93
Index: 132.569 103.587 1065.79
Middle: 103.727 127.056 1083.87
Ring: 118.257 111.023 1115.98
Little: 48.391 39.5747 1130.54
Thumb: 124.535 104.34 1067.17
Index: 133.173 107.183 1068.3
Middle: 103.646 129.258 1084.76
Ring: 120.359 113.995 1117.64
Little: 53.7904 42.7613 1131.09
Thumb: 138.122 135.671 1116.93
Index: 134.065 110.582 1067.69
Middle: 132.931 118.416 1095.21
Ring: 123.881 111.713 1119.15
Little: 56.7439 41.0359 1126.72
Thumb: 91.9263 100.8 1188.3
Index: 42.0515 78.9318 1185.62
Middle: 41.4418 120.389 1164.73
Ring: 8.91233 109.428 1148.39
Little: 53.1293 37.3284 1103.18
Thumb: 83.9869 102.819 1187.5
Index: 45.876 105.098 1194.23
Middle: 26.8483 63.1726 1152.37
Ring: 6.42546 111.272 1151.92
Little: 47.2217 39.4149 1109.22
Thumb: 101.398 104.615 1195.7
Index: 49.9504 115.845 1183.67
Middle: 25.5221 86.7332 1146.19
Ring: 31.4235 25.852 1127.13
Little: 10.6161 54.7905 1111.92
Thumb: 119.891 95.4843 1184.25
Index: 48.1352 98.5535 1181.51
Middle: 19.6168 85.9267 1142.34
Ring: 14.3535 26.9848 1094.46
Little: -0.667428 58.7077 1101.46
Thumb: 128.352 100.818 1177.24
Index: 49.9895 100.215 1189.44
Middle: 15.4214 73.6633 1138.73
Ring: 5.74531 27.3697 1097.52
Little: 1.5269 54.8996 1103.94
Thumb: 137.824 97.6325 1167.62
Index: 46.6301 94.4544 1188.97
Middle: 11.7647 71.913 1136.13
Ring: 1.78887 26.8668 1100.1
Little: -4.09947 58.3438 1106.32
Thumb: 140.327 98.0482 1163.47
Index: 45.7936 95.4387 1188.89
Middle: 7.27104 68.9755 1135.89
Ring: 1.16241 24.9929 1099.78
Little: -11.1324 55.7972 1099.53
Thumb: 142.586 99.6438 1160.37
Index: 50.2039 96.88 1187.07
Middle: 7.95797 68.8725 1134.97
Ring: 1.89085 23.134 1097.19
Little: -13.1201 56.0033 1097.57
Thumb: 138.814 98.2545 1158.73
Index: 50.92 97.7654 1185.68
Middle: 8.04865 68.4515 1133.48
Ring: 2.39582 22.9177 1095.17
Little: -14.436 55.9866 1095.76
Thumb: 140.338 95.9496 1150.87
Index: 52.2434 94.8383 1182.62
Middle: 10.5954 65.4192 1132.76
Ring: 0.112399 22.4417 1091.55
Little: -15.8028 56.2632 1095.17
Thumb: 131.988 96.8026 1142.45
Index: 58.645 96.8443 1179.7
Middle: 12.2163 66.6398 1132.01
Ring: 3.86145 23.3817 1094.42
Little: -13.5276 55.1869 1090.98
Thumb: 132.431 94.3682 1127.62
Index: 66.3851 95.3365 1173.16
Middle: 14.6572 64.6687 1128.94
Ring: 6.40315 23.2624 1091.31
Little: -14.9783 55.6789 1088.8
Thumb: 134.335 96.7329 1124.35
Index: 66.7299 95.6943 1173.23
Middle: 15.336 66.4527 1129.87
Ring: 6.93573 24.562 1091.82
Little: -15.308 57.3727 1090.58
Thumb: 135.839 98.8043 1116.89
Index: 60.4922 90.2304 1172.25
Middle: 9.57571 62.3696 1128.74
Ring: 4.2256 28.1925 1089.9
Little: -12.9748 59.9126 1089.47
Thumb: 129.898 99.6566 1110.15
Index: 63.6468 91.0491 1168.12
Middle: 10.7868 61.52 1126.73
Ring: 6.12593 26.8037 1087.35
Little: -11.9688 58.0829 1087.15
Thumb: 129.616 98.3588 1108.37
Index: 62.7378 89.1611 1167.06
Middle: 11.7362 60.4484 1126.38
Ring: 8.73784 26.6336 1087.87
Little: -12.1079 57.9797 1085.59
Thumb: 128.74 95.1223 1102.92
Index: 62.9681 87.5363 1161.66
Middle: 12.3567 61.8231 1122.43
Ring: 4.86745 27.033 1082.63
Little: -17.0562 58.9566 1080.2
Thumb: 131.721 100.024 1103.66
Index: 59.5526 84.1968 1157.52
Middle: 10.7031 59.2984 1116.41
Ring: 4.89452 28.0028 1076.52
Little: -13.0795 59.0318 1075.37
Thumb: 131.156 100.153 1100.18
Index: 60.9506 86.7193 1156.85
Middle: 9.53861 59.7861 1117.91
Ring: 3.5758 26.7391 1076.33
Little: -12.8605 58.5369 1077.57
Thumb: 130.638 100.307 1097.07
Index: 57.0749 83.8892 1153.81
Middle: 7.79607 58.4415 1112.48
Ring: 2.56599 26.9783 1070.43
Little: -13.2832 59.5195 1074.28
Thumb: 129.064 97.1263 1094.25
Index: 65.4583 91.7824 1149.43
Middle: 8.3222 63.6771 1108.31
Ring: 2.79485 27.579 1066.37
Little: -14.9124 59.822 1069.25
Thumb: 128.669 98.8143 1093.36
Index: 65.5805 91.6086 1148.01
Middle: 9.04157 64.0744 1106.58
Ring: 1.62465 27.2724 1063.77
Little: -14.9167 62.3306 1076.48
Thumb: 128.033 101.203 1095.51
Index: 66.6033 93.2543 1147.06
Middle: 9.20191 64.3917 1112.38
Ring: 1.69336 25.7735 1067.27
Little: -16.0592 61.7145 1076.59
Thumb: 129.216 99.1197 1096.06
Index: 64.7912 91.7343 1147.32
Middle: 9.54096 62.2995 1109.52
Ring: 1.16548 26.2811 1066.56
Little: -15.9744 63.5126 1076.35
Thumb: 129.171 104.05 1098.61
Index: 63.5368 91.3694 1148.84
Middle: -9.28282 23.164 1074.98
Ring: 2.1933 25.5706 1064.61
Little: -13.7475 62.2503 1076.48
Thumb: 129.605 103.725 1100.78
Index: 61.3861 88.6905 1150.07
Middle: -9.09702 22.0627 1071.77
Ring: 2.50351 24.9936 1066.35
Little: -13.1857 61.5673 1077.61
Thumb: 132.526 103.028 1099.56
Index: 65.25 93.3479 1149
Middle: -9.49014 21.6656 1073.39
Ring: 1.43075 24.6196 1065.89
Little: -14.174 62.9715 1078.59
Thumb: 131.207 103.026 1100.83
Index: 61.4679 89.5665 1151.08
Middle: -10.0696 22.7023 1076.92
Ring: 1.78897 24.0945 1067.12
Little: -13.8143 63.3127 1080.08
Thumb: 131.142 103.782 1104.4
Index: 54.1827 82.4353 1151.97
Middle: -7.80401 22.19 1078.98
Ring: 2.50722 23.6902 1073.31
Little: -13.0871 63.6668 1080.19
Thumb: 129.201 106.272 1111.37
Index: 53.6432 87.9692 1156.36
Middle: -6.74468 21.771 1084.38
Ring: 4.615 23.2934 1076.96
Little: -13.4021 63.1779 1081.38
Thumb: 128.009 104.539 1111.63
Index: 57.6839 89.3439 1157.55
Middle: -4.83178 19.2691 1083.05
Ring: 5.60686 22.0784 1080.94
Little: -12.4183 61.5923 1083.31
Thumb: 128.899 104.535 1109.64
Index: 57.7315 87.8758 1159.78
Middle: -3.7115 16.8906 1091.99
Ring: 4.83612 19.3932 1083.37
Little: -12.491 59.0305 1086.46
Thumb: 130.944 103.311 1110.43
Index: 61.2927 87.4419 1160.94
Middle: -3.62983 15.0935 1085.15
Ring: 5.16224 20.1482 1088.28
Little: -12.7335 58.6253 1089.71
Thumb: 130.302 103.367 1117.53
Index: 60.4598 84.0952 1164.13
Middle: -2.62131 17.9837 1091.88
Ring: 4.63079 21.6246 1087.55
Little: -9.58237 60.5667 1090.99
Thumb: 133.77 103.563 1119.38
Index: 58.4657 81.121 1167.43
Middle: -2.88353 16.6438 1097.07
Ring: 4.94407 19.7618 1092.6
Little: -11.6674 61.2234 1102.85
Thumb: 135.27 105.893 1122.88
Index: 56.3066 81.8905 1172.85
Middle: -4.008 14.9548 1095.08
Ring: 4.60237 20.1874 1099.4
Little: -9.34489 58.9802 1101.48
Thumb: 134.118 106.812 1132.23
Index: 54.6772 85.5421 1177.6
Middle: -3.65977 15.2077 1089.68
Ring: 3.62807 20.8767 1101.96
Little: -9.85809 59.6347 1101.55
Thumb: 129.953 107.717 1140.97
Index: 51.9943 84.0616 1181.77
Middle: -1.99285 14.1006 1092.72
Ring: 5.23396 20.2132 1103.04
Little: -11.0112 59.3848 1103.72
Thumb: 122.403 105.271 1151.87
Index: 44.0334 85.5908 1186.51
Middle: -1.37063 13.3598 1091.88
Ring: 7.12898 18.9438 1103.7
Little: -12.1157 60.2666 1104.39
Thumb: 121.964 105.871 1162.08
Index: 40.6536 89.8925 1194.12
Middle: -2.31805 14.3222 1100.39
Ring: 5.89228 19.8947 1110.45
Little: -11.8732 58.9649 1108.58
Thumb: 128.229 105.854 1161.27
Index: 46.617 91.9897 1196.25
Middle: -2.11143 13.4314 1102.59
Ring: 9.35998 18.2416 1112.6
Little: -7.60269 50.1188 1105.54
Thumb: 137.184 109.275 1140.2
Index: 56.2154 88.2489 1196.65
Middle: -2.26082 15.0754 1116.56
Ring: 10.9808 19.7768 1110.29
Little: -7.7466 51.9992 1110.56
Thumb: 131.205 108.756 1147.39
Index: 42.8184 71.3223 1196.91
Middle: -3.13514 16.2316 1113.93
Ring: -16.0682 35.5023 1126.08
Little: -7.91097 52.3244 1115.05
Thumb: 118.153 106.538 1157.58
Index: 36.8339 77.4302 1197.21
Middle: -2.0883 18.4568 1111.48
Ring: -18.0586 43.9067 1131.77
Little: -29.2615 108.25 1162.16
Thumb: 82.0116 132.81 1189.3
Index: 8.17075 31.0894 1134.12
Middle: -1.7253 16.3809 1119.08
Ring: -26.4251 54.2488 1128.98
Little: -48.4016 113.953 1126.15
Thumb: 61.136 157.435 1214.44
Index: -2.7929 21.7396 1127.67
Middle: -9.88763 7.7194 1113.6
Ring: -34.9894 52.2919 1118.05
Little: -43.6494 110.542 1103.04
Thumb: 13.9959 116.176 1141.07
Index: -8.38977 16.0547 1105.78
Middle: -32.1522 17.9171 1086.95
Ring: -34.6964 39.5795 1082.21
Little: -9.31022 41.9862 1078.68
Thumb: -2.079 112.843 1183.54
Index: -8.37662 15.9878 1108.83
Middle: -32.2655 18.4013 1088.62
Ring: -34.1604 46.8049 1085.14
Little: -5.2979 39.6759 1079.27
Thumb: -2.04855 126.069 1210.61
Index: -7.16483 16.7221 1111.77
Middle: -27.1222 16.6017 1089.28
Ring: -28.8932 32.6406 1085.06
Little: -2.80265 38.681 1080.67
Thumb: -12.182 129.927 1205
Index: -8.0811 18.2252 1111.47
Middle: -24.3048 14.9922 1090
Ring: -19.4732 21.4308 1080.09
Little: -0.101806 39.0294 1080.1
Thumb: -24.5741 134.573 1199.07
Index: -9.86465 17.8878 1113.15
Middle: -23.6926 14.0499 1089.18
Ring: -22.5043 25.9946 1077.16
Little: 1.69274 36.9305 1081.83
Thumb: -26.3124 143.697 1198.78
Index: -8.34016 21.6809 1119.41
Middle: -18.974 19.0518 1088.96
Ring: -17.4143 30.5954 1079.33
Little: -7.38474 54.7252 1079.3
Thumb: -38.2327 140.116 1184.66
Index: -9.38503 28.9306 1080.81
Middle: -18.2605 31.7692 1048.67
Ring: -13.8276 35.9507 1059.48
Little: 2.96446 65.3291 1045.36
Thumb: -43.7678 139.934 1180.08
Index: 4.54296 29.6892 1091.51
Middle: -9.07815 23.0618 1072.14
Ring: -5.97453 37.1987 1078.32
Little: 13.1336 73.9524 1049.24
Thumb: -55.1426 138.825 1165.99
Index: -4.04372 24.6856 1096.8
Middle: -6.81358 34.0467 1072.25
Ring: -3.97782 36.5278 1078.54
Little: 19.5967 73.4074 1048.94
Thumb: -59.4335 142.151 1180.64
Index: -6.08599 20.5041 1103.9
Middle: -1.66294 25.0943 1081.41
Ring: 4.81181 26.6345 1089.36
Little: 23.6733 71.0914 1052.49
Thumb: -72.2319 143.043 1134.46
Index: -3.97391 27.1133 1094.22
Middle: 4.91996 36.9599 1076.77
Ring: 10.5144 29.3901 1088.46
Little: 36.5212 64.5269 1055.7
Thumb: -74.7404 136.98 1123.86
Index: -4.23125 27.2485 1101.96
Middle: 6.01343 37.5867 1081.57
Ring: 12.3187 30.3027 1090.14
Little: 37.9467 67.7435 1058.98
Thumb: -76.1909 142.893 1123.56
Index: -9.55034 28.0169 1104.36
Middle: -5.06943 35.8004 1088.98
Ring: 12.8271 28.3519 1088.36
Little: 39.3635 72.1463 1058.22
Thumb: -79.0935 143.159 1121.57
Index: -13.0901 27.5072 1103.51
Middle: -10.2723 38.292 1085.95
Ring: 10.4533 28.4636 1088.24
Little: 39.9441 73.6103 1058.18
Thumb: -105.637 145.619 1110.55
Index: -13.0122 27.1214 1093.26
Middle: 3.23765 35.8087 1079.51
Ring: 10.7353 29.6808 1091.25
Little: 44.383 74.2287 1062.94
Thumb: -105.591 145.743 1108.67
Index: -13.6094 24.0936 1095.74
Middle: -1.8001 34.3119 1081.46
Ring: 7.10007 29.247 1090.42
Little: 45.2613 73.8882 1069.44
Thumb: -106.84 143.315 1112.98
Index: -16.4307 31.9716 1092.45
Middle: 7.43877 34.063 1075.83
Ring: 5.10745 27.9151 1094.03
Little: 39.8969 65.5228 1066.57
Thumb: -102.531 135.774 1094.53
Index: -16.0935 29.1744 1092.52
Middle: 6.88794 32.5231 1078.2
Ring: 6.58234 24.6306 1090.74
Little: 39.11 63.4223 1066.25
Thumb: -106.415 138.909 1088.7
Index: -16.7225 28.2225 1090.77
Middle: 5.91641 34.6209 1076.9
Ring: 5.68382 23.6627 1094.47
Little: 37.6705 62.2397 1065.95
Thumb: -107.439 143.963 1088.8
Index: -19.1796 29.2392 1090.31
Middle: 5.32354 37.4906 1072.6
Ring: 1.85368 24.618 1090.53
Little: 35.2381 60.3792 1065.83
Thumb: -103.569 140.043 1086.83
Index: -18.3568 30.2055 1088.96
Middle: 8.1674 37.0616 1073.77
Ring: 3.42161 24.6813 1092.85
Little: 37.9116 60.4093 1066.55
Thumb: -100.021 135.632 1083.73
Index: -18.1681 29.6966 1089.91
Middle: 7.45322 39.4358 1072.83
Ring: 4.23965 24.5196 1096.48
Little: 37.9993 59.806 1066.34
Thumb: -99.0183 135.59 1075.53
Index: -18.2186 28.8645 1090.1
Middle: 7.00499 41.6167 1071.22
Ring: 2.68793 25.0214 1088.55
Little: 38.3998 59.0407 1068.06
Thumb: -100.204 137.066 1076.5
Index: -17.9966 28.8801 1090.37
Middle: 7.73336 41.5539 1071.68
Ring: 3.37355 25.1302 1091.48
Little: 38.8086 58.841 1069.14
Thumb: -99.5093 132.75 1076.38
Index: -16.2599 28.3367 1089.45
Middle: 13.0865 25.3422 1076.47
Ring: 5.34712 24.9248 1091.07
Little: 39.763 59.3424 1068.96
Thumb: -98.7297 136.066 1080.41
Index: -18.0183 28.355 1088.96
Middle: 12.6016 22.8913 1081.25
Ring: 7.53096 23.7677 1089.75
Little: 39.4456 60.1232 1068.3
Thumb: -103.184 135.378 1084.47
Index: -17.0948 29.3106 1092.56
Middle: 12.2383 27.6617 1083.82
Ring: 10.1672 25.4294 1094.6
Little: 39.9741 62.8477 1071.43
Thumb: -103.153 138.706 1089.54
Index: -18.8321 30.0933 1086.65
Middle: 11.8419 26.2501 1081.51
Ring: 9.63548 22.3442 1096.46
Little: 40.2015 57.8266 1071.92
Thumb: -103.374 139.372 1087.65
Index: -17.809 31.1515 1086.7
Middle: 11.2011 27.2066 1082.45
Ring: 9.38171 23.6478 1097.71
Little: 40.2308 59.9259 1073.16
Thumb: -106.012 147.262 1096.39
Index: -16.2214 31.0063 1088.08
Middle: 12.365 26.6007 1082.96
Ring: 9.79331 22.8779 1098.3
Little: 39.4492 58.4532 1072.83
Thumb: -104.955 147.55 1098.74
Index: -16.6727 26.2164 1091.44
Middle: 11.5339 26.2157 1082.78
Ring: 12.5269 21.6163 1096.43
Little: 40.0987 59.8383 1070.16
Thumb: -106.067 148.977 1098.39
Index: -15.896 27.3922 1090.38
Middle: 13.1103 25.8487 1083.56
Ring: 12.5492 22.099 1097.8
Little: 41.5314 59.0285 1072.23
Thumb: -105.629 149.497 1098.27
Index: -14.9317 27.1625 1090.91
Middle: 15.168 26.009 1083.88
Ring: 12.6488 22.0934 1101.02
Little: 42.4095 58.6357 1072.84
Thumb: -108.14 155.942 1096.82
Index: -14.0908 27.4821 1088.84
Middle: 14.0451 23.7508 1083.72
Ring: 12.5852 21.9228 1099.94
Little: 43.3901 60.4399 1070.47
Thumb: -106.569 153.637 1095.62
Index: -14.5327 27.6275 1089.47
Middle: 15.2033 23.9725 1084.29
Ring: 13.4781 22.355 1100.38
Little: 44.516 62.3985 1067.41
Thumb: -104.712 155.107 1095.1
Index: -13.2654 28.5462 1090.24
Middle: 14.33 20.2164 1085.69
Ring: 13.3915 23.3083 1100.88
Little: 44.4851 59.9357 1072.72
Thumb: -104.063 154.825 1096.61
Index: -13.4984 29.0232 1091.6
Middle: -0.435904 94.5397 1015.84
Ring: 11.0625 24.3179 1105.97
Little: 46.4026 64.6469 1068.33
Thumb: -103.832 156.761 1096.41
Index: -11.1954 30.4282 1090.51
Middle: -1.55807 94.0905 1014.52
Ring: 10.4407 25.3539 1106.47
Little: 45.9641 66.592 1063.82
Thumb: -103.886 158.164 1096.94
Index: -8.99876 31.8927 1090.66
Middle: -0.163109 93.4701 1015.21
Ring: 12.6498 26.8197 1104.1
Little: 49.3546 66.7776 1066.12
Thumb: -98.4926 165.788 1096.81
Index: -5.95067 36.5418 1089.64
Middle: 3.26582 95.1812 1015.14
Ring: 14.5709 27.2743 1103.55
Little: 50.0993 65.4113 1067.62
Thumb: -95.6597 160.408 1097.16
Index: -5.07227 31.4677 1091.62
Middle: 4.78115 95.6108 1014.69
Ring: 17.1403 26.0542 1102.2
Little: 55.4741 72.1037 1065.15
Thumb: -94.0164 163.394 1094.77
Index: 0.879914 30.9987 1090.45
Middle: 9.74504 93.4791 1014.71
Ring: 21.1913 26.0221 1099.69
Little: 58.2161 67.9816 1065.33
Thumb: -92.517 162.843 1097.34
Index: 8.68936 31.4313 1085.88
Middle: 15.0099 93.5868 1013.86
Ring: 27.0231 24.8155 1092.81
Little: 63.2078 68.5412 1067.01
Thumb: -93.2077 157.308 1091.05
Index: 13.3841 37.8725 1085.51
Middle: 18.6728 97.6035 1012.7
Ring: 33.9776 31.5922 1093.34
Little: 68.8076 77.2057 1067.25
