Thumb: 32.9554 91.7207 1121.92
Index: -64.5745 28.1944 1098.23
Middle: -101.42 40.8207 1097.63
Ring: -124.543 62.0639 1082.41
Little: -141.773 103.039 1080.87
Thumb: 35.9789 90.727 1101.57
Index: -69.6252 29.8517 1096.3
Middle: -101.219 34.8534 1082.37
Ring: -122.045 58.1412 1091.89
Little: -129.273 102.372 1103.52
Thumb: 36.7133 89.8441 1101.19
Index: -71.1576 29.7736 1093.9
Middle: -102.905 35.989 1080.67
Ring: -99.7619 84.3457 1120.51
Little: -116.933 114.778 1108.1
Thumb: 31.5285 87.1189 1107.47
Index: -75.6216 29.8484 1093.62
Middle: -106.38 37.7527 1080.69
Ring: -97.6714 87.517 1121.15
Little: -119.366 113.258 1108.11
Thumb: 21.7646 84.1334 1109.48
Index: -79.315 29.4665 1088.04
Middle: -110.242 38.1196 1082.79
Ring: -99.8357 88.5522 1120.6
Little: -120.048 115.687 1109.44
Thumb: 8.87732 85.2106 1114.76
Index: -80.7874 30.4534 1086.45
Middle: -110.693 39.0867 1089.02
Ring: -101.752 86.0581 1117.19
Little: -115.928 124.707 1103.62
Thumb: 5.16855 82.2556 1112.08
Index: -84.7169 32.633 1090.46
Middle: -112.089 38.9883 1086.06
Ring: -105.631 87.4262 1114.94
Little: -131.769 104.311 1090.26
Thumb: 0.276199 85.6006 1108
Index: -88.7753 34.0995 1092.04
Middle: -113.075 36.8952 1088.24
Ring: -105.374 86.8143 1116.99
Little: -133.379 103.054 1093.7
Thumb: -4.69662 84.5061 1107.6
Index: -93.0442 36.8773 1089.03
Middle: -116.301 39.4782 1090.1
Ring: -105.401 87.4241 1118.3
Little: -136.017 98.0131 1092.33
Thumb: -3.78191 83.4609 1105.78
Index: -96.0427 38.0973 1087.52
Middle: -118.395 41.1344 1090.55
Ring: -125.59 64.951 1095.93
Little: -137.5 100.836 1094.4
Thumb: -11.4363 85.5442 1112.54
Index: -98.6117 37.5619 1095.61
Middle: -120.513 39.0913 1090.59
Ring: -121.643 70.9112 1105.33
Little: -137.903 102.049 1102.89
Thumb: -13.8259 85.2682 1111.12
Index: -99.3859 36.6555 1091.56
Middle: -122.203 39.1548 1085.06
Ring: -120.298 70.0905 1104.88
Little: -140.942 97.1909 1099.23
Thumb: -12.0691 84.8668 1109.31
Index: -96.8148 37.6813 1097.7
Middle: -123.1 40.1919 1087.69
Ring: -118.81 71.3172 1109.74
Little: -139.883 96.5421 1100.57
Thumb: -8.41129 80.8286 1106.08
Index: -91.9068 37.1225 1097.28
Middle: -113.788 39.0175 1097.22
Ring: -118.557 63.2133 1108.42
Little: -136.192 92.6792 1099.29
Thumb: -7.09307 79.333 1102.9
Index: -86.4764 37.3074 1098.19
Middle: -107.209 37.8047 1099.81
Ring: -113.519 61.1869 1110.17
Little: -130.59 89.6988 1101.32
Thumb: -4.58679 81.7454 1098.68
Index: -75.9824 35.7106 1100.74
Middle: -95.1682 34.922 1102.96
Ring: -106.269 54.4934 1106.22
Little: -123.027 83.0892 1107.15
Thumb: 6.40424 84.7608 1097.33
Index: -65.7992 34.0693 1102.82
Middle: -93.128 36.1024 1106.6
Ring: -98.1054 54.1492 1109.78
Little: -116.529 79.1314 1103.61
Thumb: 9.0753 83.9858 1096.43
Index: -58.4564 30.71 1102.28
Middle: -80.6981 32.7011 1112.81
Ring: -90.4466 50.8238 1112.87
Little: -108.571 75.319 1111.96
Thumb: 19.2856 90.2753 1105.22
Index: -49.2768 27.8902 1102.35
Middle: -75.4137 25.752 1105.78
Ring: -84.2519 43.3834 1109.71
Little: -102.299 69.4625 1106.61
Thumb: 29.2972 87.6467 1112.39
Index: -43.6211 28.5012 1102.34
Middle: -65.2148 25.4097 1103.93
Ring: -73.4571 43.4061 1105.59
Little: -92.6211 68.6984 1101.01
Thumb: 30.968 89.0822 1118.47
Index: -36.389 29.6734 1104.17
Middle: -54.2509 24.7795 1105.09
Ring: -60.2165 31.3932 1095.69
Little: -82.7628 66.0905 1096.3
Thumb: 41.4763 93.8412 1117.19
Index: -28.8303 31.0635 1103.91
Middle: -49.8678 23.257 1103.22
Ring: -52.7618 28.566 1091.22
Little: -76.0747 63.6171 1096.49
Thumb: 49.6547 95.6379 1123.06
Index: -17.5537 30.7519 1106.78
Middle: -43.3191 24.7287 1103.66
Ring: -43.9333 29.1703 1090.87
Little: -67.1877 68.9114 1100.32
Thumb: 71.1452 94.5397 1119.57
Index: -11.1349 32.2056 1109.28
Middle: -36.5473 23.2262 1105.21
Ring: -49.5471 31.2139 1092.59
Little: -62.0147 68.8226 1101.84
Thumb: 65.8054 93.1534 1116.78
Index: -4.68658 27.7792 1105.19
Middle: -29.5319 20.5237 1101.31
Ring: -42.447 32.802 1102.01
Little: -56.7445 62.16 1092.63
Thumb: 74.4348 93.1452 1118.21
Index: 4.70982 23.3876 1107.72
Middle: -21.4581 11.5407 1104.24
Ring: -33.4422 21.4583 1101.21
Little: -52.0205 52.949 1101.26
Thumb: 79.4688 91.8337 1116.84
Index: 13.4197 22.958 1109.54
Middle: -19.1775 11.8139 1104.67
Ring: -32.0764 25.4664 1109.01
Little: -47.1013 48.1966 1092.45
Thumb: 86.9627 93.7081 1119.07
Index: 24.4583 23.4902 1112.93
Middle: -8.72097 7.75646 1105.17
Ring: -20.1047 37.4847 1117.13
Little: -36.4168 53.4107 1113.94
Thumb: 112.367 102.297 1117.4
Index: 36.0157 22.3797 1109.15
Middle: -2.23062 6.13859 1100.03
Ring: -14.3714 34.687 1113.34
Little: -32.3817 52.7278 1113.88
Thumb: 132.905 105.85 1115.56
Index: 44.1134 25.7069 1116.37
Middle: 4.03801 1.8232 1103.12
Ring: -2.06894 32.7393 1116.41
Little: -24.5502 50.3393 1117.22
Thumb: 113.888 89.5053 1117.01
Index: 48.5669 12.1085 1109.56
Middle: 12.8125 0.621378 1098.96
Ring: -1.30077 24.3783 1108.78
Little: -18.4676 49.0713 1111.99
Thumb: 121.254 91.2661 1115.19
Index: 54.8731 9.23543 1105.95
Middle: 19.8213 0.219963 1097.85
Ring: 4.97699 24.1486 1108.5
Little: -6.08259 58.5547 1125.27
Thumb: 129.179 92.4801 1117.23
Index: 59.9362 9.39877 1106.51
Middle: 26.322 0.41073 1098.53
Ring: 10.895 23.8435 1108.6
Little: -1.33221 57.1629 1122.7
Thumb: 143.311 95.1491 1107.9
Index: 68.3692 7.93902 1102.5
Middle: 32.7741 -2.59744 1090.89
Ring: 17.6594 19.2397 1103.19
Little: 5.29136 57.008 1120.12
Thumb: 147.036 95.9595 1107.33
Index: 72.4673 9.83293 1098.6
Middle: 38.3989 -0.334675 1090.81
Ring: 23.312 22.2936 1106.53
Little: 9.18958 55.6449 1114.35
Thumb: 147.037 90.4597 1114.48
Index: 76.8632 7.20933 1098.74
Middle: 43.1742 -0.426928 1089.76
Ring: 28.2944 25.2729 1109.71
Little: 14.252 56.9173 1108.11
Thumb: 152.148 93.1205 1115.36
Index: 81.5322 7.19095 1101.8
Middle: 47.7249 -0.451118 1093
Ring: 38.2632 34.2284 1120.05
Little: 15.8029 55.9084 1110.7
Thumb: 155.69 93.5939 1111.22
Index: 85.4557 4.00111 1098.14
Middle: 52.9589 -0.387444 1092
Ring: 37.8062 23.874 1115.87
Little: 13.6481 59.1264 1115.33
Thumb: 158.481 96.6452 1110.85
Index: 89.1159 5.85421 1098.71
Middle: 60.8528 2.25268 1096.53
Ring: 49.4156 63.4056 1117.89
Little: 17.5324 61.722 1117.96
Thumb: 162.218 97.7952 1110.95
Index: 90.2523 8.48257 1100.34
Middle: 59.2965 5.30946 1097.56
Ring: 51.3288 63.8364 1119.12
Little: 20.5515 68.2669 1119.02
Thumb: 163.465 98.3243 1110.9
Index: 92.0817 6.66969 1101.21
Middle: 59.9539 2.78549 1094.36
Ring: 56.9224 98.9722 1124.89
Little: 20.6514 69.057 1114.74
Thumb: 164.83 99.0629 1110.23
Index: 93.5806 6.69905 1100.99
Middle: 61.6599 3.35865 1095.88
Ring: 59.0351 106.575 1122.49
Little: 22.1697 68.8789 1119.54
Thumb: 165.435 99.4731 1111.61
Index: 91.352 7.81492 1103.13
Middle: 58.7325 0.811922 1092.63
Ring: 57.1498 96.576 1147.75
Little: 21.2765 71.5324 1122.73
Thumb: 166.251 96.6625 1112.94
Index: 85.4651 7.59381 1103.75
Middle: 53.4072 1.59632 1094.16
Ring: 53.4123 96.5173 1150.05
Little: 18.1901 78.8451 1119.06
Thumb: 163.455 97.5846 1111.44
Index: 82.3001 9.73869 1101.81
Middle: 51.7787 4.18198 1093.41
Ring: 50.8763 92.0856 1151.49
Little: 16.8957 83.8679 1118.85
Thumb: 160.355 92.839 1112.69
Index: 77.2215 15.5247 1107.36
Middle: 44.5071 7.69876 1094.33
Ring: 46.4047 89.6357 1153.82
Little: 13.7324 87.0351 1117.48
Thumb: 155.071 92.9331 1115.31
Index: 73.7644 19.7947 1112.26
Middle: 38.3793 8.49814 1081.74
Ring: 42.3137 88.2842 1152.57
Little: 10.3917 86.9698 1114.4
Thumb: 153.123 91.4013 1114.54
Index: 71.1555 26.9951 1114.71
Middle: 32.4232 10.2368 1081.22
Ring: 39.7801 89.2968 1150.98
Little: 15.2167 113.531 1125.23
Thumb: 148.179 90.1376 1115.52
Index: 90.656 86.7113 1150.94
Middle: 23.6812 11.5675 1080.75
Ring: 41.9437 107.045 1141.46
Little: 15.4618 126.775 1123.05
Thumb: 142.067 94.8497 1125.98
Index: 87.9569 93.5804 1157.16
Middle: 21.0062 15.7076 1081.63
Ring: 36.0075 111.412 1141.83
Little: 0.604217 108.366 1137.27
Thumb: 128.846 87.3382 1119.79
Index: 80.1409 86.8625 1159.07
Middle: 6.26285 12.7119 1080.71
Ring: 27.9179 104.359 1142.93
Little: -3.37591 114.195 1137.64
Thumb: 122.924 96.9385 1118.9
Index: 68.4211 84.8531 1165.85
Middle: -1.48608 13.6618 1078.01
Ring: 19.2183 103.649 1145.27
Little: -10.56 113.461 1132.54
Thumb: 114.192 99.7581 1121.52
Index: 61.647 87.7453 1167.38
Middle: -6.17887 16.294 1079.21
Ring: 10.6728 101.096 1145.05
Little: -16.2458 116.016 1131.31
Thumb: 108.347 99.6179 1125.46
Index: 54.1514 91.4882 1171.03
Middle: -11.7936 14.9341 1085.96
Ring: 5.17621 106.307 1144.89
Little: -23.422 118.266 1133.26
Thumb: 99.6628 97.6516 1129.01
Index: 50.8559 96.7723 1173.96
Middle: -18.1134 18.7372 1091.68
Ring: 1.12544 114.278 1153.8
Little: -29.371 120.008 1138.22
Thumb: 95.3178 97.7532 1129.54
Index: 49.5336 97.4059 1175.04
Middle: -20.7255 19.5216 1087.69
Ring: -8.82837 101.625 1149.45
Little: -34.2601 118.801 1140.03
Thumb: 89.5775 96.0408 1127.46
Index: 42.8859 91.4846 1177.45
Middle: -29.2107 18.7579 1091.12
Ring: -7.09596 108.203 1142.85
Little: -39.0809 117.653 1146.44
Thumb: 83.2353 94.0695 1128.6
Index: 34.6811 92.2575 1175.92
Middle: -33.8722 17.4769 1093.8
Ring: -12.8167 112.549 1143.5
Little: -46.0711 120.357 1146.05
Thumb: 78.7872 93.8908 1132.88
Index: 27.9691 88.7104 1178.87
Middle: -36.9262 17.7988 1096.26
Ring: -16.1585 113.495 1144.68
Little: -51.6704 117.688 1148.09
Thumb: 72.7381 102.666 1164
Index: -22.693 47.9064 1153.54
Middle: -35.3365 20.1062 1093.75
Ring: -23.4078 119.371 1132.43
Little: -62.7953 123.637 1135.9
Thumb: 26.3505 116.839 1196.04
Index: -49.0862 59.3573 1147.76
Middle: -37.9042 21.2643 1097.2
Ring: -57.5796 125.845 1132.04
Little: -78.1426 97.6811 1092.85
Thumb: 67.9858 140.734 1217.1
Index: -54.7721 52.7967 1138.94
Middle: -56.0164 41.5284 1115.88
Ring: -61.4465 129.44 1122.08
Little: -43.4187 55.426 1076.11
Thumb: 46.9004 151.465 1223.89
Index: -69.1158 56.9206 1129.73
Middle: -64.4999 45.1724 1106.08
Ring: -71.3185 68.8203 1091.9
Little: -37.485 52.6529 1071.24
Thumb: 44.6881 168.306 1222.23
Index: -62.9481 61.8645 1131.36
Middle: -64.184 42.5801 1116.72
Ring: -68.6766 60.1855 1103.57
Little: -43.9533 53.4898 1076.97
Thumb: 35.3177 160.326 1221.42
Index: -68.5194 64.7801 1127.42
Middle: -61.0122 28.3553 1110.51
Ring: -58.7137 36.9819 1092.19
Little: -48.8982 60.2973 1073.52
Thumb: -61.3785 166.832 1194.11
Index: -63.3831 51.1935 1117.96
Middle: -61.1232 29.5271 1111.04
Ring: -58.0809 37.9024 1091.09
Little: -48.3486 61.7308 1072.63
Thumb: -72.9614 166.901 1183.81
Index: -74.1232 57.1274 1121.68
Middle: -62.805 29.7655 1109.02
Ring: -58.0005 36.8119 1091.77
Little: -40.9998 57.7504 1075.26
Thumb: -79.3819 170.712 1179.83
Index: -79.948 66.5296 1127.8
Middle: -63.0661 33.5337 1104.74
Ring: -56.3706 38.4934 1089.52
Little: -36.3994 58.2906 1078.99
Thumb: -90.7212 176.423 1163.6
Index: -92.1832 72.5874 1137.73
Middle: -70.0342 35.3881 1105.9
Ring: -59.7383 37.7589 1090.05
Little: -37.5705 53.5116 1088.17
Thumb: -101.761 179.078 1143.92
Index: -96.1834 72.9838 1119.76
Middle: -68.8039 32.6606 1106.44
Ring: -56.4915 37.2742 1088.65
Little: -38.5748 57.1794 1087.8
Thumb: -105.23 175.871 1151.51
Index: -101.428 56.1142 1084.03
Middle: -69.9864 21.704 1109.08
Ring: -71.3475 30.7662 1077.13
Little: -49.209 47.3448 1087.58
Thumb: -111.93 179.471 1137.94
Index: -102.224 57.9636 1075.42
Middle: -75.3362 22.0141 1103.07
Ring: -64.3744 27.7663 1082.29
Little: -46.2709 45.626 1089.46
Thumb: -122.066 183.412 1129.1
Index: -102.053 67.865 1064.28
Middle: -77.438 25.572 1100.77
Ring: -71.0443 100.691 1022.17
Little: -44.5362 47.6601 1090.11
Thumb: -123.503 179.69 1122.23
Index: -98.3733 73.2654 1057.36
Middle: -76.9321 31.416 1099.44
Ring: -63.4047 99.4865 1020.96
Little: -41.7472 52.2006 1093.75
Thumb: -123.097 180.24 1116.01
Index: -101.104 74.9503 1057.12
Middle: -79.8456 31.5798 1099.4
Ring: -64.7143 95.6664 1019.22
Little: -45.3283 52.4531 1091.33
Thumb: -124.537 173.525 1107.57
Index: -100.515 80.6634 1052.06
Middle: -80.6952 30.6124 1099.14
Ring: -59.908 107.22 1016.69
Little: -45.3285 51.4019 1093.56
Thumb: -128.447 176.319 1093.3
Index: -97.8293 110.534 1049.26
Middle: -83.3163 28.3774 1101.2
Ring: -55.2733 96.7907 1016.73
Little: -47.5375 48.9435 1097.58
Thumb: -131.212 178.584 1088.13
Index: -95.8119 112.871 1047.09
Middle: -84.5755 28.749 1105.11
Ring: -51.9145 94.9696 1017.79
Little: -49.8619 49.9588 1097.99
Thumb: -132.503 179.284 1085.23
Index: -98.3179 94.0967 1037.66
Middle: -85.7151 29.1904 1103.14
Ring: -50.0935 101.771 1015.9
Little: -51.2396 50.9447 1096.65
Thumb: -136.103 180.419 1081.1
Index: -97.0013 97.9152 1035.86
Middle: -86.0888 27.9253 1099.33
Ring: -49.1131 98.3452 1012.87
Little: -52.0046 50.3154 1099.15
Thumb: -135.019 180.85 1076.22
Index: -96.7164 102.119 1031.6
Middle: -86.6468 29.65 1094.21
Ring: -50.1479 96.0991 1010.51
Little: -52.3448 51.8866 1095.66
Thumb: -135.631 181.591 1072.17
Index: -95.2719 113.314 1026.18
Middle: -87.9503 30.054 1091.53
Ring: -48.1362 95.1092 1008.99
Little: -53.1499 51.6531 1093.49
Thumb: -135.078 183.492 1069.25
Index: -92.4892 117.317 1026.62
Middle: -86.0336 27.6218 1089.39
Ring: -45.4267 91.5848 1005.93
Little: -54.6479 49.7952 1085.91
Thumb: -135.342 187.326 1068.17
Index: -90.8291 115.196 1020.1
Middle: -86.3062 27.6834 1084.87
Ring: -43.1033 89.0525 1005.54
Little: -54.2338 50.5667 1090.09
Thumb: -133.352 187.892 1064.44
Index: -86.8907 117.723 1019.87
Middle: -87.4451 28.1583 1086.53
Ring: -41.4454 87.3881 1004.98
Little: -52.7044 50.3496 1089.23
Thumb: -132.905 185.386 1062.94
Index: -87.6662 119.179 1018.53
Middle: -86.8936 29.3124 1082.25
Ring: -42.2807 89.7069 1002.08
Little: -50.9539 51.2099 1080.92
Thumb: -131.58 184.63 1057.6
Index: -82.3449 120.21 1014.74
Middle: -88.54 30.5307 1080.71
Ring: -37.5823 88.473 1000.27
Little: -48.8887 51.1113 1079.57
Thumb: -129.961 187.064 1060.22
Index: -87.5662 99.6396 1008.13
Middle: -88.6854 31.5015 1081.38
Ring: -34.978 91.9635 997.968
Little: -47.4596 51.4795 1081.75
Thumb: -130.01 188.275 1060.93
Index: -87.6624 103.948 1009.24
Middle: -88.4239 32.5371 1084.88
Ring: -36.4752 91.9644 997.772
Little: -47.3924 52.1251 1080.96
Thumb: -131.169 185.409 1058.68
Index: -83.3932 106.125 1006.2
Middle: -83.327 32.6129 1082.35
Ring: -31.9522 93.4253 997.22
Little: -42.5214 53.8806 1082.28
Thumb: -132.107 184.817 1060.5
Index: -85.8646 101.93 1007.48
Middle: -81.6967 32.8172 1086.34
Ring: -34.3739 91.7225 998.671
Little: -41.6224 54.6306 1083.38
Thumb: -134.363 183.294 1061.25
Index: -86.7508 92.3419 1008.63
Middle: -77.4962 30.9275 1090.45
Ring: -30.698 93.92 998.279
Little: -38.731 54.1571 1086.78
Thumb: -133.989 179.057 1061.39
Index: -84.0956 94.623 1008.02
Middle: -76.4276 29.8326 1090.3
Ring: -29.4537 94.9696 999.494
Little: -34.5893 53.2608 1085.57
Thumb: -135.469 178.174 1066.41
Index: -80.1835 89.5744 1010.51
Middle: -71.4446 30.6193 1093.13
Ring: -26.7295 98.4578 1001.18
Little: -29.8325 55.7088 1088.12
Thumb: -132.134 178.597 1076.57
Index: -86.8348 87.5576 1017.67
Middle: -66.8121 31.2634 1097.17
Ring: -31.7197 97.8574 1002.35
Little: -26.6844 56.133 1089.2
Thumb: -132.535 174.231 1074.15
Index: -75.4022 91.6467 1012.07
Middle: -60.445 28.5124 1099.68
Ring: -26.0434 92.6757 1004.63
Little: -25.1241 55.0269 1093.62
Thumb: -129.915 173.07 1076.75
Index: -73.5953 96.7333 1014.6
Middle: -53.9612 28.0939 1105.73
Ring: -22.1761 90.1796 1007.58
Little: -20.7786 54.5871 1096.05
Thumb: -126.351 166.902 1074.62
Index: -69.5085 92.4379 1016.5
Middle: -49.3326 25.8844 1106.84
Ring: -17.162 89.6422 1009.16
Little: -16.8303 52.7642 1095.41
Thumb: -119.54 166.947 1081.7
Index: -62.7548 95.6585 1020.09
Middle: -43.3438 23.5418 1108.55
Ring: -9.33472 92.6218 1012.81
Little: -10.1152 50.2616 1096.95
Thumb: -114.796 165.896 1088.81
Index: -61.6336 76.7117 1023.69
Middle: -38.334 17.9596 1104.98
Ring: -12.0109 84.0401 1012.21
Little: -3.97838 45.3471 1097.72
Thumb: -108.395 160.543 1101.3
Index: -59.9531 79.6906 1027.47
Middle: -30.088 17.3405 1105.42
Ring: -11.9014 86.9163 1013.03
Little: 4.41426 45.9932 1098.51
Thumb: -105.065 158.786 1091.22
Index: -48.841 74.4685 1026.08
Middle: -22.1815 11.5755 1107.94
Ring: 1.37398 81.8538 1015.19
Little: 11.8305 39.4296 1098.85
Thumb: -100.72 149.888 1089.46
Index: -39.4715 74.8342 1023.6
Middle: -14.3262 12.883 1104.75
Ring: 11.1569 84.1497 1015.18
Little: 18.8863 43.5028 1103.07
Thumb: -95.6311 146.458 1087.87
Index: -29.3798 71.9503 1021.84
Middle: -6.87702 10.8619 1103.9
Ring: 21.3423 90.2806 1015.48
Little: 27.4526 42.3392 1102.07
Thumb: -89.8547 146.105 1090.47
Index: -24.4479 80.6434 1018.79
Middle: 0.267266 10.3039 1101.24
Ring: 26.9656 81.7671 1014.77
Little: 34.8122 41.7161 1101.58
Thumb: -90.4448 139.573 1088.29
Index: -22.5866 83.8963 1016.94
Middle: 9.41823 8.53005 1103.71
Ring: 30.4736 87.3786 1014.49
Little: 39.0357 41.4268 1101.51
Thumb: -86.6236 139.666 1083.51
Index: -18.4211 101.426 1022.2
Middle: 17.9323 9.74134 1105.91
Ring: 36.8247 83.7001 1015.29
Little: 46.8657 43.0061 1101.37
Thumb: -77.3476 141.794 1089.71
Index: -11.1068 106.193 1026.94
Middle: 23.1201 9.28697 1101.72
Ring: 43.4529 80.3415 1014.73
Little: 54.7513 42.0832 1097.04
Thumb: -72.8626 141.24 1090.42
Index: -6.38699 106.126 1027.26
Middle: 29.5219 8.765 1098.66
Ring: 49.6111 82.1705 1013.36
Little: 60.828 41.8835 1096.49
Thumb: -70.9026 138.058 1088.16
Index: 0.42288 103.05 1029.74
Middle: 36.6413 8.68286 1100.72
Ring: 58.1612 87.2121 1014.05
Little: 67.6226 43.3362 1099.78
Thumb: -61.6165 141.198 1093.74
Index: 10.5464 91.115 1030.26
Middle: 41.3383 8.04027 1108.47
Ring: 63.7338 82.0217 1015.53
Little: 74.5552 41.4604 1097.74
Thumb: -60.4974 147.052 1093.75
Index: 13.4352 94.2533 1032.64
Middle: 46.7749 11.082 1091.21
Ring: 70.1804 84.832 1014.15
Little: 81.3811 42.2653 1097.61
Thumb: -57.4323 148.183 1096.59
Index: 13.6587 93.7705 1036.02
Middle: 50.4476 10.8273 1094.47
Ring: 69.2804 82.5058 1014.75
Little: 85.3048 42.4286 1099.95
Thumb: -53.0152 152.008 1103.62
Index: 15.2901 82.67 1026.66
Middle: 49.5423 10.8565 1096.03
Ring: 67.6583 82.8808 1015.46
Little: 87.8619 41.951 1101.1
Thumb: -48.8961 153.317 1115.09
Index: 11.4699 85.0117 1032.2
Middle: 45.2406 11.6152 1097.48
Ring: 62.2946 80.5625 1016.51
Little: 84.1297 39.3143 1094.5
Thumb: -38.1476 154.341 1126.27
Index: 14.7695 87.5685 1037.03
Middle: 34.415 22.3489 1084.77
Ring: 64.9363 79.4751 1019.19
Little: 97.5259 64.3841 1063.23
Thumb: -31.0424 159.2 1135.79
Index: 11.2048 76.4208 1051.68
Middle: 31.3487 22.5621 1107.56
Ring: 48.1112 26.66 1104.66
Little: 95.4855 74.0151 1062.33
Thumb: -32.0848 162.859 1144.42
Index: 10.4952 76.8833 1058.48
Middle: 30.4623 24.0791 1116.71
Ring: 45.3167 31.8302 1103.59
Little: 85.1039 73.2572 1062.67
Thumb: -22.5625 168.329 1160.35
Index: 9.18169 65.9189 1067.95
Middle: 29.3462 26.6107 1119.41
Ring: 40.0311 35.8378 1104.49
Little: 76.6036 87.9349 1042.61
Thumb: -16.1239 168.428 1158.84
Index: 43.0329 36.0003 1108.61
Middle: 31.4308 27.1198 1132.48
Ring: 31.6592 38.082 1094.4
Little: 67.6624 95.0518 1038.06
Thumb: -9.27707 166.489 1158.92
Index: 38.4938 40.1438 1110.68
Middle: 31.3671 29.01 1131.78
Ring: 28.4117 41.5207 1101.39
Little: 65.5989 101.896 1036.48
Thumb: -2.09701 167.015 1167.51
Index: 43.5415 40.7264 1110.55
Middle: 34.7761 29.0008 1128.16
Ring: 27.6974 51.3292 1091.47
Little: 64.8573 107.756 1033.99
Thumb: 3.11802 169.206 1171.44
Index: 44.701 41.4726 1113.02
Middle: 35.4993 28.8711 1124.99
Ring: 27.458 54.7771 1090.14
Little: 56.7997 107.526 1032.55
Thumb: 5.45183 165.995 1170
Index: 44.92 44.1401 1113.38
Middle: 34.658 31.9317 1125
Ring: 31.7996 56.9512 1093.9
Little: 54.3478 110.103 1033.12
Thumb: 27.0108 174.843 1181.96
Index: 43.8395 49.2403 1114.26
Middle: 39.3752 35.6238 1130.47
Ring: 32.7125 59.224 1098.52
Little: 47.4134 104.509 1039.22
Thumb: 32.8272 176.394 1186.49
Index: 34.8352 51.2412 1107.34
Middle: 35.9315 35.9585 1126.2
Ring: 30.5415 60.3216 1094.23
Little: 44.673 109.606 1035.48
Thumb: 43.8407 174.926 1186.82
Index: 33.8722 57.6452 1111.1
Middle: 36.0457 40.7471 1129.97
Ring: 31.8321 65.0619 1098.46
Little: 50.1421 109.108 1041.07
Thumb: 45.8833 173.501 1190.35
Index: 32.2446 61.1175 1113.25
Middle: 36.1457 42.2133 1132.15
Ring: 34.9134 64.1301 1102.78
Little: 51.8388 116.379 1040.01
Thumb: 47.1949 170.5 1190.07
Index: 32.565 60.4556 1111.36
Middle: 37.7954 41.1191 1130.88
Ring: 35.5527 65.9232 1106.79
Little: 51.8101 116.67 1039.69
Thumb: 49.0181 170.515 1187.97
Index: 31.312 63.0795 1110.89
Middle: 39.3285 41.6624 1130.85
Ring: 36.7856 66.435 1107.84
Little: 51.5855 116.3 1038.43
Thumb: 49.9243 169.699 1187.26
Index: 29.7255 65.9111 1111.11
Middle: 38.7857 43.126 1130.71
Ring: 38.4972 66.0882 1110.41
Little: 54.121 118.479 1038.99
Thumb: 49.6885 168.614 1186.71
Index: 29.2185 65.6759 1109.96
Middle: 38.6209 42.7063 1130.14
Ring: 37.7403 67.5336 1109.09
Little: 56.0571 119.746 1038.78
Thumb: 47.8007 166.161 1186.34
Index: 28.9806 64.9212 1109.22
Middle: 39.2 41.4493 1130.48
Ring: 38.5615 66.4145 1108.22
Little: 53.9221 114.716 1040.9
Thumb: 47.5635 165.06 1187.38
Index: 27.3927 66.0786 1111.19
Middle: 38.9666 41.585 1134.34
Ring: 38.2132 65.6579 1110.67
Little: 51.5473 118.524 1038.43
Thumb: 40.5543 162.158 1183.46
Index: 24.9671 64.172 1111.76
Middle: 35.1452 40.4959 1134.97
Ring: 35.058 62.5477 1112.47
Little: 49.2285 115.291 1038.55
Thumb: 37.8301 161.438 1183.18
Index: 22.3276 63.4629 1111.18
Middle: 29.9433 39.8895 1132.09
Ring: 31.9419 61.9373 1112
Little: 49.1203 113.52 1038.95
Thumb: 36.2499 157.236 1181.17
Index: 19.7852 63.5713 1111.09
Middle: 25.54 41.2196 1132.31
Ring: 28.1406 62.481 1111.72
Little: 46.771 115.025 1039.72
Thumb: 28.7862 157.549 1179.17
Index: 15.1043 64.1943 1111.48
Middle: 20.3582 40.7934 1134.71
Ring: 23.7986 60.1055 1113.95
Little: 62.515 106.309 1050.68
Thumb: 28.1444 154.147 1169.39
Index: 14.3871 64.7695 1111.13
Middle: 21.4898 40.7859 1135.55
Ring: 23.2719 61.5851 1113.13
Little: 62.1223 106.184 1050.17
Thumb: 22.2736 154.574 1165.33
Index: 13.413 64.5611 1110.71
Middle: 19.8271 40.8606 1134.74
Ring: 22.3901 61.5148 1112.6
Little: 61.2734 105.854 1050.25
Thumb: 22.9225 153.321 1155.4
Index: 11.7098 63.8049 1113.26
Middle: 20.5101 39.876 1135.89
Ring: 23.1972 63.8291 1111.49
Little: 64.3672 105.063 1049.73
Thumb: 19.9107 149.114 1154.79
Index: 8.21096 59.5155 1110.53
Middle: 15.4462 35.8608 1133
Ring: 18.993 59.8502 1109.09
Little: 64.0358 103.222 1048.16
Thumb: 17.5065 148.204 1150.81
Index: 13.3319 54.131 1116.17
Middle: 14.0918 38.8093 1141.4
Ring: 21.0372 58.0621 1113.55
Little: 66.9354 100.777 1050.47
Thumb: 9.63199 142.493 1146.09
Index: 16.1335 49.4594 1112.82
Middle: 19.6979 34.335 1142.26
Ring: 21.865 62.2154 1100.67
Little: 73.6995 102.827 1050.73
Thumb: 6.65663 143.037 1149.75
Index: 20.0405 43.065 1116.98
Middle: 2.01205 44.3093 1134.72
Ring: 17.9914 53.7771 1111.8
Little: 63.2977 101.707 1049.09
Thumb: 5.55694 140.898 1140.88
Index: 21.8232 40.8771 1111.03
Middle: -0.0811863 44.1322 1131.32
Ring: 14.8579 59.1509 1095.19
Little: 61.3142 101.759 1040.25
Thumb: 6.11553 142.163 1142.2
Index: 16.5427 42.6058 1107.58
Middle: -0.998394 43.8222 1132.1
Ring: 14.3278 62.8917 1092.45
Little: 48.3709 100.953 1032.96
Thumb: 6.16852 135.481 1141.02
Index: 15.5208 40.7196 1108.59
Middle: -3.25691 41.7631 1133.31
Ring: 12.0189 62.0363 1092.48
Little: 46.1022 100.573 1033.07
Thumb: 3.70635 135.924 1136.51
Index: 13.2273 41.5197 1109.09
Middle: -7.75801 43.5115 1131.69
Ring: 6.59599 42.9086 1110.12
Little: 45.9896 100.564 1032.08
Thumb: 2.71456 134.838 1131.8
Index: 11.844 41.0688 1113.41
Middle: -12.0933 47.1778 1131.05
Ring: 3.67174 43.0373 1113.94
Little: 46.9233 99.744 1033.88
Thumb: -0.214588 138.637 1133.44
Index: 6.74346 43.5234 1116.61
Middle: -16.1201 54.4609 1129.22
Ring: -1.46272 46.1819 1115.01
Little: 34.6495 101.193 1022.93
Thumb: -4.10797 136.895 1133.21
Index: -12.3398 49.8677 1113.53
Middle: -27.349 68.1876 1110.78
Ring: -11.2151 45.3893 1117.25
Little: 30.5126 92.312 1026.77
Thumb: -5.25605 133.901 1131.35
Index: -17.9809 52.8047 1113.89
Middle: -27.4548 70.0417 1111.52
Ring: -14.3025 45.2238 1119.98
Little: 37.3655 90.9647 1031.8
Thumb: -7.47424 132.615 1122.32
Index: -23.0601 51.0083 1118.53
Middle: -19.7907 88.3726 1100.06
Ring: -23.1048 48.489 1121.82
Little: 35.1028 90.8188 1034.51
Thumb: -10.714 133.895 1124.32
Index: -31.263 53.5222 1117.79
Middle: -34.8773 86.6579 1097.62
Ring: -29.261 50.9059 1119.43
Little: 29.8744 91.2241 1033.76
Thumb: -11.8253 135.197 1124.88
Index: -35.4206 57.5808 1118.28
Middle: -36.0432 90.4072 1099.3
Ring: -32.9551 53.5219 1121.98
Little: 22.3613 92.8218 1030.51
Thumb: -13.4708 134.763 1123.98
Index: -39.3031 57.5937 1120.5
Middle: -40.8222 89.9801 1101.81
Ring: -40.1197 55.8632 1121.56
Little: 20.0739 89.5205 1030.66
Thumb: -16.3891 137.344 1127.86
Index: -41.2717 61.4318 1118.42
Middle: -43.7063 89.8805 1101.37
Ring: -40.1439 59.493 1115.03
Little: 16.708 91.7734 1029.51
Thumb: -17.9251 136.809 1122.67
Index: -42.9879 61.3867 1117.3
Middle: -46.31 88.3821 1101.7
Ring: -41.9888 58.4187 1115.91
Little: 16.872 91.1514 1029.21
Thumb: -20.9744 136.191 1122.3
Index: -45.0107 58.6497 1116.23
Middle: -48.356 86.9225 1100.94
Ring: -45.257 57.6638 1112.51
Little: 13.6476 90.7898 1027.74
Thumb: -22.6895 136.266 1121.56
Index: -43.7606 54.3384 1119.7
Middle: -53.7298 89.8093 1093.15
Ring: -46.3089 54.6685 1119.43
Little: 10.8842 90.7072 1026.92
Thumb: -23.459 135.398 1122.42
Index: -46.0838 55.6104 1118.07
Middle: -57.8289 88.7236 1093.66
Ring: -47.3629 57.221 1113.38
Little: 8.55018 92.0636 1026.58
Thumb: -25.9861 137.667 1128.79
Index: -42.6016 52.1029 1117.28
Middle: -60.8616 83.1258 1095.11
Ring: -46.0118 54.7607 1111.51
Little: 10.2381 92.979 1025.17
Thumb: -26.0198 136.707 1130.69
Index: -43.2687 50.686 1116.22
Middle: -58.9246 82.706 1093.42
Ring: -44.7846 51.4655 1112.4
Little: 8.519 92.1133 1025.07
Thumb: -27.6663 141.368 1134.7
Index: -44.3858 50.4376 1110.05
Middle: -59.7951 78.4417 1095.25
Ring: -44.0594 51.5209 1106.42
Little: 7.545 95.487 1021.81
Thumb: -29.8787 145.338 1136.29
Index: -38.0814 45.6592 1106.92
Middle: -55.6865 71.6599 1091.2
Ring: -40.7859 54.8668 1092.5
Little: 6.2467 96.1926 1017.63
Thumb: -31.7135 145.828 1136.77
Index: -39.1358 57.5697 1101.61
Middle: -47.6113 62.5486 1088.6
Ring: -38.4584 54.7732 1087.97
Little: 5.16036 98.489 1016.02
Thumb: -32.2061 148.284 1137.66
Index: -27.7769 38.6784 1107.05
Middle: -46.4917 62.0731 1086.78
Ring: -37.2751 54.4333 1087.78
Little: 4.44566 98.8269 1015.12
Thumb: -32.8114 149.396 1136.27
Index: -16.8267 33.527 1110.08
Middle: -45.3167 55.4288 1088.49
Ring: -36.0819 54.8447 1084.43
Little: 2.51942 99.4154 1012.26
Thumb: -34.539 153.994 1137.16
Index: -16.4007 32.4166 1110
Middle: -40.2292 49.6171 1082.17
Ring: -36.0308 53.9947 1084.94
Little: 0.142136 98.042 1012.33
Thumb: -39.0723 153.053 1141.53
Index: -12.276 29.154 1106.34
Middle: -41.601 49.78 1084.42
Ring: -33.1233 50.7748 1081.53
Little: -2.54743 97.0934 1010.67
Thumb: -41.351 153.563 1142.25
Index: -9.11115 27.7554 1106.46
Middle: -35.8995 37.317 1082.63
Ring: -31.6817 49.0905 1081.22
Little: -3.15169 97.0191 1010.42
Thumb: -42.1595 156.119 1143.1
Index: -10.5668 27.3022 1102.72
Middle: -33.8101 29.13 1085
Ring: -32.2764 48.5645 1079.07
Little: -4.11711 96.8548 1009.21
Thumb: -45.3283 155.012 1141.58
Index: -10.0488 29.1838 1102.12
Middle: -34.0156 43.7068 1078.28
Ring: -22.4507 35.5242 1074.39
Little: -0.682744 100.761 1010.09
Thumb: -46.8639 154.783 1138.18
Index: -5.22484 31.8831 1105.87
Middle: -28.3368 43.1029 1081.74
Ring: -13.1503 35.3715 1073.52
Little: 5.66124 101.93 1012.79
Thumb: -47.4432 158.856 1132.18
Index: -10.4973 35.5712 1102.44
Middle: -26.6666 43.9152 1080.55
Ring: -7.05216 29.1717 1081.15
Little: 4.57164 94.4717 1014.26
Thumb: -49.6796 162.996 1127.06
Index: -9.81405 37.0751 1109
Middle: -15.8085 33.076 1090.99
Ring: -7.61422 29.4956 1089.22
Little: 14.6166 96.8952 1017.01
Thumb: -56.9372 162.124 1119.06
Index: -10.9998 35.0001 1119.85
Middle: -15.2717 27.4185 1102.8
Ring: -4.10758 24.0367 1094.14
Little: 21.6488 86.681 1024.49
Thumb: -61.3957 166.744 1118.72
Index: -6.88338 37.326 1126.85
Middle: -10.699 27.4735 1108.47
Ring: 4.69128 25.0805 1092.02
Little: 27.7289 85.9163 1028.63
Thumb: -64.7721 166.246 1111.05
Index: -37.9214 65.759 1067.04
Middle: -10.4051 29.84 1106.17
Ring: 8.88686 24.9445 1098.62
Little: 36.5249 88.4776 1033.94
Thumb: -70.4359 166.004 1111.75
Index: -43.2316 70.0792 1058.94
Middle: -12.07 31.9606 1106.01
Ring: 8.83188 22.7343 1104.08
Little: 35.5453 88.2282 1039.1
Thumb: -70.7741 168.588 1109.17
Index: -42.7555 70.9174 1057.18
Middle: -14.257 35.8044 1103.7
Ring: 0.844359 98.7881 1029.62
Little: 23.5045 64.816 1052.94
Thumb: -72.7987 163.639 1101.94
Index: -43.0632 72.9101 1054.61
Middle: -14.7932 32.9942 1105.84
Ring: 3.53953 99.8217 1030.91
Little: 15.2494 44.0918 1107.44
Thumb: -71.4001 160.362 1104.42
Index: -44.3713 96.1002 1051.65
Middle: -14.1581 29.8255 1101.6
Ring: 3.50514 91.1042 1029.16
Little: 16.3081 41.8702 1108.56
Thumb: -66.7232 157.096 1098.87
Index: -42.822 95.0405 1048.47
Middle: -14.768 29.7128 1099.45
Ring: 4.34497 86.1758 1028.84
Little: 14.4899 39.9123 1112.18
Thumb: -64.8862 148.664 1087.74
Index: -37.2776 78.0619 1044.38
Middle: -12.9574 26.7806 1094.37
Ring: 10.764 80.8187 1026.62
Little: 14.2884 33.9063 1106.11
Thumb: -58.1935 142.738 1074.05
Index: -37.4865 68.8204 1040.94
Middle: -13.8445 28.6844 1086.38
Ring: 7.69824 81.8981 1023.05
Little: 13.4449 35.6989 1096.1
Thumb: -53.263 137.231 1068.99
Index: -36.6105 67.9433 1040.28
Middle: -13.6739 26.8556 1087.45
Ring: 9.60229 78.6539 1023.54
Little: 16.291 37.355 1087.63
Thumb: -49.4773 132.25 1060.58
Index: -38.4139 64.3064 1032.87
Middle: -12.9891 23.3213 1072.39
Ring: 12.9628 79.4648 1017.87
Little: 17.8271 36.4407 1079.18
Thumb: -41.0106 128.389 1052.49
Index: -43.6354 58.8405 1036.7
Middle: -17.4082 34.7488 1061.09
Ring: 1.76211 79.7354 1014.88
Little: 17.0575 43.6164 1069.99
Thumb: -39.8403 125.208 1048.53
Index: -44.071 56.8448 1033.9
Middle: -18.3053 29.0099 1055.85
Ring: 3.80694 84.9431 1012.41
Little: 18.0085 42.4795 1066.69
Thumb: -37.6016 123.247 1048.65
Index: -43.0559 57.3456 1030.92
Middle: -17.3499 28.6764 1053.23
Ring: -1.37684 76.7776 1010.69
Little: 15.6898 42.2332 1064.1
Thumb: -38.6381 120.611 1048.24
Index: -43.3487 42.3637 1041.15
Middle: -19.778 27.4374 1053.23
Ring: -6.44967 69.742 1011.09
Little: 20.5874 51.8187 1049.43
Thumb: -36.3167 119.376 1045.68
Index: -45.0437 49.9184 1033.17
Middle: -20.6965 34.1213 1048.59
Ring: -6.16918 71.8042 1008.34
Little: 15.1934 46.831 1047.75
Thumb: -34.2158 118.248 1046.33
Index: -52.4565 58.7022 1041.76
Middle: -22.1058 37.5014 1046.54
Ring: -14.8579 80.6412 1006.4
Little: 9.81797 51.7695 1038.62
Thumb: -35.1339 117.434 1046.73
Index: -55.4141 46.3937 1044.08
Middle: -25.0288 32.644 1047.01
Ring: -18.764 84.6959 1006.08
Little: 8.63625 56.7121 1035.8
Thumb: -34.8524 115.964 1043.57
Index: -55.4024 55.4235 1038.57
Middle: -23.9722 32.6835 1044.79
Ring: -18.3892 81.0857 1003.66
Little: 8.69738 53.9017 1035.39
Thumb: -35.5439 115.212 1038.72
Index: -56.2003 65.9354 1033.7
Middle: -23.7429 30.8023 1043.26
Ring: -16.7532 81.143 1000.78
Little: 8.5642 53.6534 1033.54
Thumb: -34.5555 114.447 1037.21
Index: -58.2854 64.4134 1030.48
Middle: -25.408 29.5938 1040.17
Ring: -19.7228 81.8866 997.305
Little: 5.93181 53.1969 1029.92
Thumb: -35.0637 115.755 1038.5
Index: -60.9377 64.8622 1031.69
Middle: -28.6845 31.4331 1039.33
Ring: -22.9487 84.193 997.112
Little: 6.91557 53.8057 1027.41
Thumb: -37.8192 117.266 1037.83
Index: -63.1721 67.2024 1031.77
Middle: -30.8113 34.1922 1037.49
Ring: -26.7518 85.3152 996.15
Little: 0.963142 47.494 1029.34
Thumb: -38.1098 118.198 1037.76
Index: -64.1844 62.9686 1031.68
Middle: -32.1034 35.7434 1037.44
Ring: -27.0097 88.0014 996.008
Little: -2.14403 46.5526 1028.85
Thumb: -39.1011 117.048 1034.88
Index: -65.9141 66.6836 1030.12
Middle: -33.5069 33.6771 1036.36
Ring: -27.7616 89.3054 993.28
Little: -4.25316 43.825 1029.12
Thumb: -38.4372 115.652 1034.07
Index: -64.921 63.3206 1029.41
Middle: -31.9861 32.9094 1036.57
Ring: -27.1358 86.9439 992.827
Little: -3.08336 43.4948 1029.87
Thumb: -37.7854 116.441 1033.83
Index: -64.7578 62.0154 1031.31
Middle: -31.6983 37.5913 1038.18
Ring: -27.3571 89.6269 993.25
Little: -3.76797 45.2854 1031.44
Thumb: -39.4684 114.935 1028.43
Index: -61.2804 61.7386 1026.24
Middle: -28.3381 35.3636 1035.94
Ring: -21.1989 87.4944 991.671
Little: -5.06891 43.4954 1032.21
Thumb: -40.0512 114.32 1027.77
Index: -61.8282 68.5169 1030.33
Middle: -29.298 36.0137 1037.71
Ring: -22.3989 86.4126 991.723
Little: -7.50791 43.3592 1035.72
Thumb: -40.9532 115.793 1029.91
Index: -64.2788 70.6995 1033.23
Middle: -32.6965 38.3455 1039.37
Ring: -25.5458 86.9729 993.213
Little: -10.9106 42.5826 1037.69
Thumb: -45.0738 116.552 1036
Index: -66.3362 66.964 1036.28
Middle: -34.4959 39.1271 1044.59
Ring: -27.9071 86.1547 996.02
Little: -13.788 43.4633 1039.09
Thumb: -48.2913 116.484 1043.94
Index: -67.882 66.5069 1041.65
Middle: -35.086 39.5334 1049.16
Ring: -27.1979 6.37581 1073.99
Little: -13.1213 43.893 1047.15
Thumb: -52.1641 118.495 1053.01
Index: -68.5585 67.5228 1056.02
Middle: -35.8983 36.4348 1062.92
Ring: -32.63 7.30108 1084.14
Little: -17.437 41.6377 1055.96
Thumb: -57.4581 124.105 1062.3
Index: -70.2157 58.1025 1078.26
Middle: -42.8723 39.9886 1071.58
Ring: -22.7039 3.70258 1080.28
Little: -26.3543 34.5089 1072.33
Thumb: -56.0506 128.661 1071.31
Index: -75.1264 65.552 1091.07
Middle: -50.668 45.4636 1082.3
Ring: -30.2659 6.76758 1087.62
Little: -32.0041 35.2023 1095.03
Thumb: -56.3835 135.533 1080.61
Index: -72.899 51.4652 1115.06
Middle: -50.3056 49.9192 1096.22
Ring: -37.7065 13.3522 1096.35
Little: -33.5277 39.6512 1110.45
Thumb: -39.8523 107.87 1091.53
Index: -70.5473 58.9123 1121.25
Middle: -49.0721 44.1232 1106.44
Ring: -31.7894 20.0331 1121.18
Little: -30.2805 48.435 1125.83
Thumb: -41.3456 111.618 1099.48
Index: -65.2073 65.0902 1137.05
Middle: -41.8108 41.0392 1137.37
Ring: -36.0604 31.7014 1134
Little: -24.5131 54.9247 1139.7
Thumb: -39.1352 112.456 1109.06
Index: -56.3193 70.9067 1148.06
Middle: -36.6948 47.2984 1147.68
Ring: -34.5975 35.9734 1132.04
Little: -15.0337 55.6422 1149.32
Thumb: -72.655 146.414 1128.56
Index: -53.613 72.0262 1146.69
Middle: -33.283 46.364 1150.77
Ring: -24.6448 34.0164 1136.23
Little: -12.4456 57.867 1155.56
Thumb: -72.6079 154.302 1141.33
Index: -46.6062 74.2208 1164.35
Middle: -24.7583 52.9056 1156.21
Ring: -20.885 43.2347 1160.61
Little: -7.84768 64.654 1159.71
Thumb: -62.1471 156.406 1139.49
Index: -44.1766 81.2193 1162.96
Middle: -23.0861 57.4568 1156.78
Ring: -16.1375 44.839 1165.51
Little: -3.36832 66.2075 1165.98
Thumb: -60.0831 156.169 1138.07
Index: -37.2353 83.2792 1167.98
Middle: -21.5038 62.0583 1160.09
Ring: -8.92759 46.061 1166.7
Little: 4.17871 70.9715 1169.23
Thumb: -54.9895 156.178 1138.65
Index: -33.9435 82.4699 1165.35
Middle: -17.3736 61.789 1157.93
Ring: -3.67988 47.0243 1165.39
Little: 7.2886 69.8634 1165.46
Thumb: -50.9287 158.482 1134.02
Index: -31.3553 84.1537 1160.01
Middle: -11.71 62.1248 1153.65
Ring: -0.808183 47.9419 1164.47
Little: 7.62548 69.9745 1153.66
Thumb: -50.7364 156.27 1135.04
Index: -26.6298 79.3723 1156.68
Middle: -10.5931 55.3041 1147.38
Ring: 3.09912 43.4178 1151.76
Little: 11.543 66.6711 1148.08
Thumb: -49.1827 155.124 1145.72
Index: -20.7971 75.3408 1157.59
Middle: -3.77661 49.8745 1149.2
Ring: 9.84083 38.3555 1144.57
Little: 16.7926 62.2312 1145.89
Thumb: -43.3742 146.895 1143.4
Index: -9.70562 67.3917 1154.35
Middle: 7.83693 43.8022 1143.22
Ring: 22.0457 32.9771 1138.01
Little: 26.0799 57.3012 1138.12
Thumb: -38.6296 141.012 1143.27
Index: -2.67694 63.3121 1149.35
Middle: 14.4492 42.7234 1132.51
Ring: 26.6271 30.7893 1126.11
Little: 33.1907 54.9555 1133.34
Thumb: -37.655 132.849 1140.87
Index: -0.3208 58.0447 1143.18
Middle: 19.2507 40.2138 1127.15
Ring: 31.0317 27.7642 1116.49
Little: 33.0557 51.1124 1122.12
Thumb: -34.8582 128.81 1135.45
Index: -1.0788 57.1943 1141.1
Middle: 14.3085 39.6034 1117.99
Ring: 24.0485 31.751 1107.86
Little: 32.0149 49.1918 1120.13
Thumb: -22.8358 126.883 1140.11
Index: 6.39929 53.1127 1151.26
Middle: 11.4965 44.4096 1117.92
Ring: 19.0015 31.201 1108.15
Little: 28.9839 51.4244 1118.67
Thumb: -19.4083 124.512 1136.79
Index: 7.95011 54.5663 1151.68
Middle: 12.767 43.9046 1119.53
Ring: 6.45812 38.5102 1121.66
Little: 28.9791 51.7507 1117.68
Thumb: -12.9712 119.51 1128.36
Index: 4.90056 62.9495 1159.72
Middle: 7.9758 46.5999 1128.49
Ring: 6.52201 40.9279 1129.91
Little: 25.1848 55.6504 1126.47
Thumb: -12.0842 122.325 1129.11
Index: 0.987038 66.4584 1159.58
Middle: -3.84953 51.3884 1122.6
Ring: -3.36576 47.6289 1127.38
Little: 18.8803 56.6123 1124.6
Thumb: -10.1869 124.732 1130.13
Index: -2.15445 69.6823 1158.59
Middle: -12.41 57.6617 1114.11
Ring: -3.80631 48.7481 1132.11
Little: 18.0101 57.9239 1127.21
Thumb: -10.641 123.153 1129
Index: -2.85564 68.9253 1159.11
Middle: -8.58727 53.3671 1120.15
Ring: -4.41168 47.5308 1132.74
Little: 20.0402 56.8333 1131.72
Thumb: -8.66262 126.066 1134.55
Index: -44.0518 91.4541 1110.24
Middle: -14.7544 55.6302 1121.68
Ring: -10.4891 50.5249 1137.31
Little: 14.6651 59.2217 1133.98
Thumb: -10.7449 124.897 1132.87
Index: -43.0331 86.4877 1115.34
Middle: -12.6309 53.9017 1126.94
Ring: -10.7891 49.4261 1141.29
Little: 13.0571 59.5287 1134.86
Thumb: -12.4747 120.792 1129.91
Index: -44.6344 106.774 1099.96
Middle: -14.859 54.6675 1132.01
Ring: -9.16192 48.2122 1146.05
Little: 14.7768 59.6725 1138.02
Thumb: -13.5416 120.986 1129.98
Index: -46.4849 102.091 1107.4
Middle: -21.5513 62.6166 1132.96
Ring: -14.34 52.7904 1136.24
Little: 15.6478 60.015 1140.1
Thumb: -12.4324 122.782 1131.47
Index: -45.0507 109.934 1101.74
Middle: -22.543 64.6705 1131.78
Ring: -13.3002 53.2972 1140.5
Little: 16.2758 61.0023 1140.81
Thumb: -15.8084 125.867 1134.86
Index: -51.1872 106.646 1110.91
Middle: -23.4899 71.5464 1133.17
Ring: -14.8646 51.3052 1140.17
Little: 14.1479 60.9154 1141.87
Thumb: -15.5912 127.178 1139.23
Index: -53.4593 101.89 1117.47
Middle: -23.4727 70.8828 1140.38
Ring: -18.273 50.43 1138.2
Little: 9.31421 59.4164 1138.86
Thumb: -15.5278 127.473 1138.11
Index: -53.6474 101.712 1119.91
Middle: -26.5337 73.9344 1139.46
Ring: -20.2841 51.8083 1140.79
Little: 6.97486 60.038 1138.73
Thumb: -17.1457 126.617 1135.89
Index: -53.444 100.129 1120.28
Middle: -27.2594 73.6374 1139.44
Ring: -19.5294 49.791 1146.04
Little: 5.19082 60.3321 1139.73
Thumb: -17.2285 126.58 1135.7
Index: -53.0394 99.9135 1120.83
Middle: -27.0254 73.6642 1139.85
Ring: -19.5859 49.8799 1146.1
Little: 5.32845 60.4768 1140
Thumb: -16.1918 125.437 1135.67
Index: -52.2618 99.6399 1122.09
Middle: -26.0434 76.8672 1136.62
Ring: -16.295 49.8305 1151.15
Little: 6.34667 60.8943 1140.78
Thumb: -16.3049 125.146 1134.77
Index: -54.0666 103.562 1115.35
Middle: -25.7692 73.1057 1141.05
Ring: -16.0157 49.4368 1150.67
Little: 6.75629 60.7523 1140.29
Thumb: -14.1301 126.551 1137.8
Index: -53.9956 103.035 1117.78
Middle: -26.3811 73.1867 1140.92
Ring: -17.477 50.2363 1150.76
Little: 6.16942 61.4795 1141.31
Thumb: -14.4252 125.829 1137
Index: -42.1099 128.032 1104.95
Middle: -27.1248 73.3964 1139.98
Ring: -18.9579 49.6054 1147.18
Little: 5.49494 61.8626 1140.8
Thumb: -14.9328 131.654 1139.4
Index: -41.7955 130.057 1104.25
Middle: -29.0829 77.6693 1139.17
Ring: -19.4935 50.7643 1148.18
Little: 4.46429 62.8972 1141.09
Thumb: -16.4561 133.127 1138.52
Index: -47.009 130.215 1104.4
Middle: -31.3757 81.5653 1135.36
Ring: -20.4168 51.8263 1152.12
Little: -0.477042 64.0073 1140.52
Thumb: -15.5757 134.682 1144.35
Index: -56.4603 116.99 1117.98
Middle: -29.9176 78.3433 1138.17
Ring: -22.2891 53.0256 1154.59
Little: 0.708669 63.6602 1144.52
Thumb: -18.4415 137.433 1145
Index: -58.7245 118.565 1120.11
Middle: -33.1198 75.2357 1143.95
Ring: -21.1518 55.1504 1158.55
Little: 2.41257 63.0274 1147.72
Thumb: -12.3255 143.331 1154.5
Index: -56.9885 117.757 1122.65
Middle: -30.9669 74.5042 1142.38
Ring: -16.7168 49.4235 1150.39
Little: 5.37245 60.3611 1142.66
Thumb: -9.33646 140.971 1156.54
Index: -55.1558 131.112 1108.55
Middle: -26.4404 75.2321 1140.74
Ring: -13.3221 47.4987 1149.6
Little: 8.8053 58.6058 1141.9
Thumb: -0.0307722 145.816 1160.72
Index: -50.5486 130.113 1113.51
Middle: -19.5953 86.6816 1139.58
Ring: -10.1481 51.3072 1154.55
Little: 9.3247 60.8327 1143.61
Thumb: 7.46859 148.365 1162.57
Index: -51.0576 120.194 1118.76
Middle: -14.6832 87.0171 1135.5
Ring: -4.25015 49.2896 1151.97
Little: 11.4791 54.9259 1136.22
Thumb: 11.6048 151.267 1165.71
Index: -50.6306 112.677 1124.81
Middle: -12.4869 88.2891 1131.59
Ring: -2.38405 47.5154 1145.99
Little: 13.3867 50.4025 1129.92
Thumb: 15.7772 148.1 1170.42
Index: -48.9927 110.187 1132.17
Middle: -15.3833 89.5561 1127.82
Ring: 4.92677 43.986 1149.68
Little: 19.5133 48.4778 1131.03
Thumb: 22.9779 148.807 1167.57
Index: -46.7769 119.392 1124.26
Middle: -15.3311 81.0478 1132.94
Ring: 10.6978 45.0286 1150.33
Little: 23.565 49.2954 1128.96
Thumb: 25.6894 143.76 1166.85
Index: 7.31764 68.4391 1166.95
Middle: -19.6928 72.9019 1137.69
Ring: 7.56645 41.7914 1149.34
Little: 24.7594 45.9405 1130.86
Thumb: 33.9508 146.186 1169.15
Index: 10.2069 64.9208 1176.37
Middle: -20.0785 68.4183 1141.86
Ring: 8.41878 35.6316 1150.57
Little: 26.0914 38.5349 1132.41
Thumb: 37.3914 145.602 1171.14
Index: 2.56602 66.1789 1169.53
Middle: -14.9716 72.8397 1137.87
Ring: 11.9985 32.5511 1151.04
Little: 19.4254 35.0603 1124.12
Thumb: 36.9567 144.236 1171.15
Index: 2.77213 64.1348 1165.23
Middle: -14.4191 72.4517 1136.92
Ring: 18.0624 29.8047 1152.99
Little: 18.8333 34.5843 1122.76
Thumb: 80.959 156.15 1161.1
Index: 5.94625 64.1592 1156.89
Middle: -4.50989 71.1125 1129.23
Ring: 23.4312 25.3808 1150.27
Little: -3.95825 40.9357 1099.89
Thumb: 39.5837 45.8382 1133.66
Index: 169.301 85.1362 1129.85
Middle: 171.67 85.374 1104.48
Ring: 175.875 99.1892 1148.83
Little: 139.959 158.652 1053.97
Thumb: 45.7626 47.9288 1134.14
Index: 165.621 100.389 1139.05
Middle: 166.487 97.748 1111.54
Ring: 163.429 129.724 1047.83
Little: 148.351 164.051 1066.53
Thumb: 44.3111 35.9524 1131.43
Index: 167.103 100.522 1138.6
Middle: 161.173 98.6071 1112.9
Ring: 162.286 127.225 1047.77
Little: 118.289 168.79 1088.87
Thumb: 45.8077 34.0679 1129.26
Index: 161.16 94.056 1108.89
Middle: 161.717 104.427 1110.04
Ring: 163.45 130.268 1049.82
Little: 115.151 171.268 1089.86
Thumb: 48.2595 32.2104 1130.84
Index: 168.797 99.2939 1119.34
Middle: 155.682 105.71 1111.62
Ring: 161.955 130.956 1052.4
Little: 112.471 171.965 1084.61
Thumb: 48.3206 31.6946 1128.63
Index: 166.01 102.801 1122.95
Middle: 153.739 107.051 1113.42
Ring: 182.88 121.237 1101.98
Little: 111.703 172.172 1086.46
Thumb: 47.0965 30.8144 1121.63
Index: 163.659 100.801 1115.54
Middle: 157.138 109.951 1106.24
Ring: 176.887 129.047 1091.41
Little: 109.48 175.568 1088.16
Thumb: 40.5804 32.5944 1116.14
Index: 144.777 96.4231 1105.25
Middle: 146.348 116.089 1099.97
Ring: 141.731 143.835 1047.45
Little: 101.689 176.237 1090.02
Thumb: 64.8021 50.2827 1133.58
Index: 142.031 99.7914 1096.07
Middle: 138.919 111.898 1090.33
Ring: 134.04 136.395 1040.7
Little: 92.2664 176.357 1082.37
Thumb: 65.3951 55.0994 1114.06
Index: 135.485 93.5878 1090.46
Middle: 138.724 123.522 1097.45
Ring: 163.782 105.095 1093.72
Little: 124.775 167.407 1068.69
Thumb: 64.9604 63.3569 1096.92
Index: 94.0256 84.3136 1036.35
Middle: 134.233 116.375 1086.69
Ring: 138.935 108.79 1070.54
Little: 130.592 158.498 1058.67
Thumb: 64.446 63.2313 1095.13
Index: 85.5826 80.8582 1042.63
Middle: 148.543 114.868 1086.07
Ring: 142.976 98.3929 1084.54
Little: 131.177 155.607 1059.59
Thumb: 62.4437 62.6111 1090.79
Index: 80.8164 82.0706 1046.36
Middle: 151.348 113.78 1082.91
Ring: 137.948 102.007 1079.75
Little: 130.629 156.757 1058.42
Thumb: 65.2107 66.3819 1083.28
Index: 80.1057 83.2377 1048.39
Middle: 145.083 113.679 1076.05
Ring: 154.751 90.4518 1102.18
Little: 132.614 156.735 1057.24
Thumb: 65.3089 65.9882 1081.49
Index: 84.2929 82.5081 1034.61
Middle: 142.872 115.417 1069.51
Ring: 154.162 94.4298 1091.86
Little: 124.658 161.753 1048.33
Thumb: 64.1491 71.7847 1077.37
Index: 52.4246 80.6929 1034.99
Middle: 165.714 116.964 1118.16
Ring: 151.346 87.2763 1116.04
Little: 124.174 158.547 1046.48
Thumb: 61.6141 61.9917 1085.69
Index: 74.7652 84.0832 1014.89
Middle: 164.173 115.534 1122.14
Ring: 147.906 84.1531 1118.19
Little: 140.09 124.491 1111.67
Thumb: 62.946 67.8882 1074.8
Index: 67.2281 91.8149 1005.84
Middle: 164.126 110.915 1104.43
Ring: 161.98 115.619 1114.22
Little: 139.669 121.469 1099.95
Thumb: 62.5675 69.4509 1071.11
Index: 70.2418 98.4554 996.632
Middle: 103.1 128.44 994.566
Ring: 163.109 119.567 1103.58
Little: 136.505 128.621 1083.89
Thumb: 54.3887 70.8084 1075.32
Index: 64.4168 97.3146 997.81
Middle: 92.5783 124.157 992.581
Ring: 164.937 116.863 1096.9
Little: 137.047 123.817 1079.25
Thumb: 54.4452 71.5918 1075.27
Index: 62.523 96.066 992.467
Middle: 85.2795 122.968 986.874
Ring: 162.068 113.88 1088.74
Little: 134.318 122.789 1071.98
Thumb: 58.8101 69.5977 1072.63
Index: 64.8119 91.7436 990.876
Middle: 85.4961 119.649 984.768
Ring: 163.606 116.871 1085.15
Little: 134.886 122.142 1069.64
Thumb: 58.4486 68.5322 1069.41
Index: 62.3389 90.4017 988.79
Middle: 90.6646 117.278 982.886
Ring: 163.161 114.262 1083.94
Little: 136.869 116.349 1072.57
Thumb: 56.9868 67.2753 1067.28
Index: 62.1819 92.6246 983.756
Middle: 89.9634 119.778 978.612
Ring: 163.796 121.873 1078.85
Little: 136.106 117.986 1066.77
Thumb: 52.9574 64.8621 1065.11
Index: 61.6117 89.5859 983.14
Middle: 88.646 117.176 978.066
Ring: 159.992 124.606 1081.74
Little: 133.511 116.668 1070.41
Thumb: 54.0123 66.0745 1061.62
Index: 60.7483 92.353 980.313
Middle: 88.0518 119.663 975.995
Ring: 160.026 116.842 1077.55
Little: 134.041 114.897 1068.9
Thumb: 56.3575 66.6737 1059.62
Index: 63.0679 93.2411 978.181
Middle: 82.252 121.52 974.243
Ring: 159.975 118.455 1075.23
Little: 133.896 115.382 1071.34
Thumb: 54.8404 66.5958 1061.91
Index: 57.6611 91.0312 976.874
Middle: 78.1399 118.911 971.27
Ring: 92.5751 136.072 982.777
Little: 132.453 114.479 1066.47
Thumb: 55.2211 65.8416 1061.04
Index: 59.5418 91.5825 975.867
Middle: 77.0407 119.913 970.953
Ring: 93.2404 137.564 982.495
Little: 132.391 115.767 1066.78
Thumb: 57.3721 67.5189 1060.02
Index: 61.7096 91.6481 976.237
Middle: 71.4016 120.271 972.052
Ring: 92.6357 139.009 982.61
Little: 133.113 117.643 1067.81
Thumb: 55.8096 67.6463 1060.88
Index: 58.8998 90.5163 976.517
Middle: 78.8622 118.558 970.778
Ring: 90.8839 137.25 982.164
Little: 132.163 115.475 1066.9
Thumb: 55.3329 67.0013 1065.3
Index: 61.3293 86.6547 978.113
Middle: 72.8312 114.738 971.014
Ring: 88.0901 134.112 980.739
Little: 133.213 116.319 1064.54
Thumb: 49.3948 69.7875 1059.47
Index: 59.9464 88.9196 978.688
Middle: 74.3445 117.408 972.211
Ring: 89.4226 135.041 982.491
Little: 132.136 114.837 1065.59
Thumb: 51.1706 66.6986 1063.57
Index: 61.637 87.1187 978.203
Middle: 75.9179 115.904 972.102
Ring: 90.1059 133.856 982.72
Little: 132.495 113.305 1065.91
Thumb: 50.2587 66.2328 1063.59
Index: 62.921 88.3868 979.399
Middle: 77.2965 118.137 973.945
Ring: 90.4039 134.977 984.797
Little: 132.455 112.822 1067.77
Thumb: 53.7018 61.4254 1069.99
Index: 67.6119 89.3167 984.943
Middle: 85.2232 118.278 980.18
Ring: 93.5053 138.862 991.776
Little: 133.115 117.103 1077.94
Thumb: 5.56096 29.8145 1073.61
Index: 71.8474 91.2144 985.673
Middle: 90.4392 120.317 982.127
Ring: 98.1022 139.306 994.171
Little: 134.636 117.803 1080.65
Thumb: 4.83285 25.7433 1072.81
Index: 64.3323 89.8139 985.372
Middle: 78.2709 119.396 980.555
Ring: 93.8629 136.107 992.492
Little: 134.862 115.902 1074.34
Thumb: 9.15019 32.4876 1082.37
Index: 72.4443 83.348 996.052
Middle: 85.6372 111.474 989.109
Ring: 96.6196 133.047 999.658
Little: 136.519 117.016 1086.2
Thumb: 8.45088 30.6964 1083.63
Index: 70.0994 84.58 996.513
Middle: 76.9113 113.18 990.372
Ring: 94.1724 135.035 1000.73
Little: 137.217 117.267 1087.06
Thumb: 6.89313 30.4501 1086.79
Index: 69.4249 81.4253 1000.21
Middle: 75.715 109.784 992.957
Ring: 93.6817 131.924 1002.17
Little: 137.288 118.102 1088.98
Thumb: 8.40621 29.6527 1088.64
Index: 69.9507 80.4785 1005.16
Middle: 76.2776 109.824 997.707
Ring: 94.3457 130.976 1006.88
Little: 136.577 118.951 1093.17
Thumb: 10.6788 31.1995 1091.22
Index: 64.116 83.1238 1008.9
Middle: 76.831 111.814 1001.61
Ring: 97.1925 132.024 1012.4
Little: 134.305 117.532 1099.51
Thumb: 8.02998 30.5632 1094.02
Index: 71.8227 83.8667 1015.95
Middle: 72.5641 113.176 1012.21
Ring: 103.958 132.114 1023.73
Little: 131.164 117.415 1114.31
Thumb: 9.40212 32.1765 1101.43
Index: 70.2065 83.481 1018.84
Middle: 78.1328 112.771 1013.73
Ring: 84.7353 142.086 1026.9
Little: 130.854 117.669 1117.16
Thumb: 11.3127 34.3973 1107.97
Index: 73.0838 81.8712 1022.3
Middle: 81.762 118.558 1017.01
Ring: 93.9988 136.638 1027.62
Little: 134.437 117.939 1118.98
Thumb: 10.5013 33.6854 1116.9
Index: 73.3996 82.3538 1028.32
Middle: 79.7767 120.173 1021.23
Ring: 89.67 138.809 1030.24
Little: 138.523 124.863 1117.93
Thumb: 5.88132 34.9409 1119.65
Index: 74.8161 88.4386 1028.95
Middle: 75.544 125.678 1024.56
Ring: 86.3413 144.504 1033.97
Little: 138.036 125.889 1120.86
Thumb: 4.70246 33.8485 1112.72
Index: 71.4879 89.3644 1031.41
Middle: 84.7351 125.839 1028.63
Ring: 99.6472 143.192 1042.6
Little: 132.273 120.459 1132.32
Thumb: 18.519 42.1761 1156.88
Index: 109.52 74.4987 1067.86
Middle: 146.246 110.419 1068.53
Ring: 119.959 135.68 1056.2
Little: 113.158 170.646 1067.8
Thumb: 0.238853 24.9575 1109.15
Index: 126.562 91.17 1091.82
Middle: 142.635 124.759 1077.62
Ring: 139.823 149.225 1080.36
Little: 127.303 185.752 1121.71
Thumb: -3.79031 36.2364 1105.11
Index: 114.226 85.6348 1073.67
Middle: 155.457 120.637 1070.11
Ring: 146.756 142.052 1062.47
Little: 146.596 174.038 1122.91
Thumb: -6.93534 46.4748 1084.29
Index: 101.103 93.5981 1046.59
Middle: 157.629 130.361 1052.48
Ring: 127.43 156.796 1067.69
Little: 152.629 160.875 1127.05
Thumb: -7.30578 38.835 1074.87
Index: 165.511 112.959 1094.27
Middle: 155.324 136.335 1044.91
Ring: 127.709 156.917 1060.89
Little: 155.65 154.88 1127.01
Thumb: -3.66918 36.7196 1075.23
Index: 99.9343 95.0577 1035.01
Middle: 184.612 145.073 1133.82
Ring: 170.225 126.787 1066.36
Little: 152.166 158.15 1111.49
Thumb: 1.12573 42.6319 1085.57
Index: 116.595 104.44 1035.43
Middle: 191.566 156.438 1125.33
Ring: 171.561 134.346 1055.61
Little: 153.537 174.2 1081.26
Thumb: 3.39175 43.7565 1088.84
Index: 120.984 109.836 1036.54
Middle: 192.933 160.034 1079.1
Ring: 139.14 161.144 1028.21
Little: 138.856 188.913 1065.41
Thumb: -3.50396 45.7035 1101.82
Index: 85.4323 105.175 1010.29
Middle: 190.614 158.67 1070.7
Ring: 160.266 144.583 1021.35
Little: 131.209 184.462 1042.9
Thumb: -1.42512 44.6038 1105.39
Index: 68.2637 99.0218 1035.01
Middle: 196.627 132.397 1074.97
Ring: 159.634 139.781 1020.8
Little: 131.996 181.701 1041.14
Thumb: -2.08243 44.7453 1106.51
Index: 69.7438 99.3624 1029.85
Middle: 197.303 133.806 1077.33
Ring: 147.87 140.66 1014.42
Little: 131.378 182.297 1042.59
Thumb: -10.2328 21.8705 1123.12
Index: 49.467 80.9538 1061.94
Middle: 158.438 135.252 1041.11
Ring: 84.3999 126.38 991.781
Little: 94.9313 156.199 1026.43
Thumb: -12.3371 21.5788 1124.65
Index: 50.1366 79.9228 1067.87
Middle: 160.208 133.905 1053.12
Ring: 90.0539 128.168 998.394
Little: 87.1296 162.074 1046.91
Thumb: 17.3125 40.3983 1084.81
Index: 65.6252 89.1803 1039.34
Middle: 159.175 137.909 1066.91
Ring: 92.4891 141.797 1003.38
Little: 83.7649 168.932 1056.34
Thumb: 20.8544 32.7043 1088.98
Index: 67.3201 96.6688 1040.59
Middle: 144.675 158.025 1058.77
Ring: 72.5854 145.276 1005.6
Little: 78.5798 170.537 1050.34
Thumb: -9.98723 26.7116 1106.29
Index: 60.466 92.8951 1045.12
Middle: 138.32 144.404 1054.51
Ring: 75.3962 138.906 1008.95
Little: 79.1646 166.518 1052.66
Thumb: -12.965 29.5368 1111.16
Index: 71.77 92.3 1034.86
Middle: 136.532 134.691 1051.98
Ring: 67.8187 134.44 1009.14
Little: 79.4155 162.605 1052.02
Thumb: -13.0363 29.8702 1109.91
Index: 70.2956 92.3702 1035.58
Middle: 118.398 130.751 1043.24
Ring: 81.1458 132.309 1012.36
Little: 79.114 162.407 1053.59
Thumb: -16.6452 28.184 1109.18
Index: 74.8359 90.6869 1030.04
Middle: 129.163 131.197 1049.06
Ring: 81.3473 127.646 1011.31
Little: 99.6808 146.223 1056.46
Thumb: -16.9059 30.0492 1106.39
Index: 76.1807 91.3195 1031.73
Middle: 126.518 131.228 1048.83
Ring: 97.1122 113.483 1019.91
Little: 96.3405 148.721 1052.37
Thumb: -17.932 31.4895 1105.84
Index: 90.6226 95.4821 1046.31
Middle: 128.102 131.885 1049.46
Ring: 99.8125 115.681 1020.08
Little: 97.755 148.472 1053.37
Thumb: -19.5468 30.6707 1105.95
Index: 107.415 97.9499 1052.68
Middle: 128.855 118.924 1050.98
Ring: 63.6669 127.778 1015.59
Little: 93.337 149.046 1051.26
Thumb: -20.4162 30.61 1105.6
Index: 97.992 96.1206 1050.37
Middle: 125.216 126.437 1050.61
Ring: 73.551 121.797 1016.09
Little: 95.8298 146.64 1054.36
Thumb: -21.619 30.3542 1104.16
Index: 98.2337 95.7077 1050.66
Middle: 125.118 123.016 1051.49
Ring: 103.032 107.886 1040.96
Little: 95.9609 146.145 1054.87
Thumb: -22.0241 30.8356 1103.9
Index: 99.668 96.9796 1052.11
Middle: 125.981 123.101 1052.86
Ring: 110.717 103.631 1049.63
Little: 98.0647 146.508 1058.95
Thumb: -23.3466 30.5754 1104.49
Index: 102.651 97.6708 1053.13
Middle: 125.953 123.185 1052.89
Ring: 107.705 105.066 1046.42
Little: 98.1163 146.501 1059.03
Thumb: -23.1175 31.5136 1103.73
Index: 103.444 96.4243 1054.64
Middle: 128.608 123.122 1056.54
Ring: 110.08 104.372 1050.06
Little: 72.1847 161.784 1036.81
Thumb: -22.3248 31.4767 1104.62
Index: 98.4596 96.6784 1052.88
Middle: 126.239 122.614 1054.57
Ring: 109.924 103.995 1050.46
Little: 70.9864 162.512 1038.11
Thumb: -20.9898 32.3139 1107.61
Index: 107.788 96.8956 1060.37
Middle: 127.633 121.314 1056.2
Ring: 119.12 107.261 1064.79
Little: 95.8707 147.481 1059.38
Thumb: -20.9929 33.1621 1108.53
Index: 108.18 95.7214 1060.84
Middle: 125.956 119.039 1051.45
Ring: 120.603 106.054 1068.07
Little: 99.9851 144.376 1059.71
Thumb: -20.8246 32.3441 1109.17
Index: 106.729 94.344 1059.28
Middle: 125.622 117.995 1052.29
Ring: 124.579 104.117 1071.92
Little: 97.2438 145.42 1060.32
Thumb: -20.3993 32.1646 1109.18
Index: 107.474 95.3378 1059.9
Middle: 121.816 122.717 1050.32
Ring: 127.688 103.323 1076.66
Little: 77.9255 159.227 1060.35
Thumb: -20.6522 31.744 1109.45
Index: 108.648 95.6959 1061.21
Middle: 130.826 126.32 1056.22
Ring: 125.461 103.705 1072.75
Little: 74.2668 162.236 1064.93
Thumb: -18.5058 33.2487 1111.13
Index: 108.429 96.8299 1061.06
Middle: 138.437 131.938 1071.46
Ring: 124.567 103.395 1072.88
Little: 74.1424 163.322 1064.54
Thumb: -17.4952 33.6154 1112.03
Index: 102.173 95.542 1058.37
Middle: 136.745 131.83 1069.12
Ring: 123.374 103.305 1072.64
Little: 72.2861 163.76 1063.74
Thumb: -16.9346 32.9068 1113.23
Index: 100.016 95.3568 1057.57
Middle: 139.267 111.568 1072.89
Ring: 122.995 98.9819 1075.01
Little: 74.4214 163.893 1066.36
Thumb: -15.7811 33.7991 1113.09
Index: 93.759 93.3358 1051.97
Middle: 138.626 113.16 1071.25
Ring: 121.571 96.291 1079.98
Little: 73.5876 163.706 1062.72
Thumb: -15.7782 35.1273 1112.59
Index: 110.463 98.0722 1060.46
Middle: 138.84 112.969 1070.39
Ring: 123.364 96.0046 1084.66
Little: 81.1595 159.535 1061.75
Thumb: -14.5923 35.827 1113.49
Index: 114.039 96.9549 1062.44
Middle: 141.786 113.157 1072.54
Ring: 125.931 94.4961 1087.29
Little: 85.5068 157.26 1061.23
Thumb: -15.1651 36.9184 1113.42
Index: 101.848 89.8485 1045.47
Middle: 138.676 111.968 1062.53
Ring: 125.29 94.5474 1088.58
Little: 85.4387 158.019 1062.76
Thumb: -11.7407 38.7757 1111.6
Index: 98.8501 91.0815 1046.34
Middle: 138.213 111.718 1059.09
Ring: 134.701 108.442 1087.53
Little: 87.8656 158.647 1061.76
Thumb: -10.3396 39.4672 1114.51
Index: 92.2206 89.7383 1039.73
Middle: 132.632 110.88 1049.57
Ring: 134.727 104.72 1085.23
Little: 93.6641 155.716 1054.92
Thumb: -6.9412 37.7096 1113
Index: 96.868 92.3387 1041.12
Middle: 131.624 122.106 1046.28
Ring: 136.059 105.678 1083.12
Little: 95.0159 157.246 1064.06
Thumb: -4.23502 35.8913 1110.86
Index: 79.7405 94.0859 1031.27
Middle: 132.29 132.258 1042.3
Ring: 134.249 115.184 1071.16
Little: 90.2044 165.71 1063.17
Thumb: 2.14504 42.6177 1107.05
Index: 88.4078 97.8475 1053.71
Middle: 143.452 127.623 1047.19
Ring: 136.685 113.695 1069.31
Little: 102.711 163.558 1066.13
Thumb: 5.67164 41.2166 1104.47
Index: 96.3082 99.7064 1048.46
Middle: 152.801 128.872 1051.9
Ring: 144.328 116.05 1073.48
Little: 100.869 170.8 1071.08
