Thumb: 32.9554 91.7207 1121.92
Index: -64.5745 28.1944 1098.23
Middle: -101.42 40.8207 1097.63
Ring: -124.543 62.0639 1082.41
Little: -141.773 103.039 1080.87
Thumb: 45.0991 95.6756 1103.56
Index: -69.3396 32.988 1097.91
Middle: -100.923 38.4504 1096.08
Ring: -126.269 60.8336 1082.35
Little: -140.831 97.7005 1088.93
Thumb: 41.1159 93.7675 1109.26
Index: -72.6202 35.2708 1106.71
Middle: -105.098 36.9352 1088.04
Ring: -119.289 56.0491 1091.14
Little: -130.266 93.0267 1095.05
Thumb: 33.0819 91.0851 1115.9
Index: -72.4231 36.4308 1110.48
Middle: -108.196 37.8584 1092.37
Ring: -120.326 59.3364 1099.1
Little: -132.519 96.8376 1104.29
Thumb: 26.0321 87.8082 1119.43
Index: -78.123 30.8849 1095.05
Middle: -110.075 38.8539 1086.82
Ring: -121.699 60.5462 1098.75
Little: -109.898 134.902 1134.39
Thumb: 22.556 90.2129 1121.6
Index: -83.3589 32.9815 1095.59
Middle: -111.468 37.8637 1091.96
Ring: -124.51 57.7324 1095.3
Little: -113.591 134.423 1135.28
Thumb: 10.8802 87.7747 1120.77
Index: -87.4198 34.0724 1096.16
Middle: -114.517 39.4766 1093.24
Ring: -127.946 58.7655 1094.62
Little: -112.625 138.685 1135.06
Thumb: 2.02779 91.0651 1104.97
Index: -88.7151 31.3749 1092.13
Middle: -116.174 39.1119 1093.3
Ring: -128.857 59.7481 1100.1
Little: -110.289 143.726 1137.07
Thumb: 2.47836 89.1608 1101.37
Index: -92.3555 33.5341 1090.96
Middle: -117.165 42.1176 1096.95
Ring: -131.577 58.786 1097.03
Little: -138.205 101.327 1108.12
Thumb: -4.01907 89.9014 1105.7
Index: -98.4383 37.0843 1092.04
Middle: -119.798 42.7807 1097.23
Ring: -133.647 58.8401 1094.08
Little: -145.001 94.7474 1092.54
Thumb: -7.14898 87.3109 1114.96
Index: -97.883 39.9403 1096.93
Middle: -124.602 43.914 1098.59
Ring: -129.112 54.6049 1092.68
Little: -137.174 98.5112 1105.32
Thumb: -9.50499 89.4165 1111.49
Index: -95.6836 42.3694 1099.71
Middle: -121.61 44.3566 1097.21
Ring: -126.224 56.6441 1097.83
Little: -133.319 99.5522 1106.35
Thumb: -9.80409 87.1612 1111.35
Index: -96.1789 40.1128 1099.96
Middle: -121.779 42.3359 1097.86
Ring: -124.144 58.6875 1106.26
Little: -135.672 94.3713 1101.09
Thumb: -5.97786 89.3057 1109.82
Index: -92.7982 39.8392 1105.35
Middle: -116.894 39.6816 1102.9
Ring: -122.719 58.4382 1110.59
Little: -132.006 96.3075 1105.94
Thumb: -2.19971 88.022 1100.18
Index: -84.417 37.6317 1102.22
Middle: -106.65 31.9421 1096.43
Ring: -114.707 55.3612 1110.39
Little: -125.287 90.1328 1106.11
Thumb: 1.60214 94.7551 1100.36
Index: -74.5236 35.6045 1096.62
Middle: -101.83 38.406 1099.94
Ring: -106.258 52.4234 1108
Little: -119.125 84.1322 1103.13
Thumb: 6.15268 93.9797 1101.53
Index: -65.9547 35.5525 1105.12
Middle: -93.0067 38.9762 1105.27
Ring: -96.5752 53.852 1112.86
Little: -110.094 87.912 1101.31
Thumb: 19.3296 91.7726 1087.13
Index: -59.5726 31.5084 1101.91
Middle: -85.6942 31.9147 1099.64
Ring: -88.9884 49.2745 1107.57
Little: -97.1654 88.4456 1101.66
Thumb: 23.3353 96.6738 1093.07
Index: -51.8241 30.0735 1101.74
Middle: -73.4454 27.9874 1099.82
Ring: -82.8759 49.3458 1109.22
Little: -92.9948 87.0569 1101.79
Thumb: 21.1643 89.2149 1079.1
Index: -42.3575 27.0377 1103.03
Middle: -65.2137 26.3588 1097.27
Ring: -77.5046 46.872 1104.99
Little: -86.9329 77.3331 1099.47
Thumb: 30.285 86.2768 1079.88
Index: -31.1956 25.5253 1103.25
Middle: -56.5504 21.7212 1096.69
Ring: -70.3219 42.832 1105.96
Little: -80.8532 70.765 1096.76
Thumb: 43.1828 87.2653 1082.41
Index: -28.4667 27.5709 1099.75
Middle: -49.9644 25.0759 1101.77
Ring: -63.2676 42.5037 1096.99
Little: -72.5725 72.0318 1093.39
Thumb: 51.3659 89.5728 1084.47
Index: -16.8507 29.9364 1108.69
Middle: -44.8837 22.8097 1102.75
Ring: -55.4417 39.848 1105.39
Little: -65.187 69.83 1099.29
Thumb: 54.9545 88.2477 1082.87
Index: -11.7366 33.4209 1103.03
Middle: -38.0761 20.0949 1097.33
Ring: -46.187 36.6383 1101.19
Little: -60.8298 67.004 1093.73
Thumb: 70.4724 83.8284 1072.97
Index: 2.30047 34.7728 1107.02
Middle: -31.5967 18.0061 1104.76
Ring: -41.3968 30.6222 1102.12
Little: -55.5734 60.7538 1094.56
Thumb: 68.2423 83.9221 1081.78
Index: 9.15851 33.0015 1107
Middle: -23.4458 16.2695 1104.31
Ring: -31.2644 30.2648 1099.58
Little: -49.1343 62.7471 1094.98
Thumb: 77.0788 83.5701 1084.88
Index: 15.0471 31.9378 1108
Middle: -13.3874 15.7695 1104.21
Ring: -30.8004 30.4537 1093.93
Little: -40.9234 63.7636 1093.63
Thumb: 83.3699 80.506 1083.07
Index: 22.1982 27.7736 1105.72
Middle: -9.95628 11.2555 1094.24
Ring: -22.0694 26.8713 1094.31
Little: -36.668 61.1248 1095.91
Thumb: 106.562 93.1823 1091.91
Index: 31.0782 10.6181 1106.22
Middle: -1.90835 6.8057 1094.59
Ring: -18.5594 28.3189 1104.1
Little: -29.6565 52.4998 1096.13
Thumb: 116.117 92.3183 1094.76
Index: 37.6781 5.77676 1108.52
Middle: 5.97085 1.07716 1093.17
Ring: -8.16669 33.134 1102.85
Little: -22.6693 52.155 1101.06
Thumb: 119.595 88.0972 1094.58
Index: 45.5231 0.247123 1107.8
Middle: 12.4278 -4.93803 1088.82
Ring: 0.885393 32.6755 1109.9
Little: -26.8417 50.6195 1103.99
Thumb: 123.74 89.3303 1095.04
Index: 52.6547 -1.31551 1102.47
Middle: 19.2141 -5.19368 1081.85
Ring: 5.79588 30.5494 1107.1
Little: -20.7182 49.626 1104.81
Thumb: 126.626 93.5857 1095.87
Index: 61.5544 -1.10381 1102.47
Middle: 29.2045 -6.7494 1078.5
Ring: 13.9495 31.1294 1106.53
Little: -14.4867 48.4745 1103.79
Thumb: 137.669 90.9285 1096.26
Index: 68.0773 2.78603 1115.33
Middle: 34.2556 -6.49625 1085.9
Ring: 19.9249 29.2147 1108.35
Little: -4.01923 49.3863 1101.85
Thumb: 146.155 95.5394 1110.33
Index: 69.7618 0.151527 1107.95
Middle: 38.4664 -5.37511 1083.48
Ring: 25.4097 33.1098 1107.65
Little: 1.78344 51.4204 1100.53
Thumb: 147.488 88.344 1101.89
Index: 75.2314 3.2044 1111.92
Middle: 42.4628 -3.86991 1083.15
Ring: 30.4518 35.4079 1108.39
Little: 7.03969 53.4924 1101.8
Thumb: 153.598 93.9556 1101.85
Index: 81.0031 1.0634 1095.93
Middle: 49.4053 -1.44148 1080.21
Ring: 35.5157 32.3606 1105.26
Little: 13.2557 52.73 1098.85
Thumb: 155.52 97.9825 1104.19
Index: 84.1494 4.23147 1095.76
Middle: 53.7557 0.971416 1086.56
Ring: 39.6662 32.7269 1100.87
Little: 12.6173 51.5714 1094.04
Thumb: 163.766 97.6896 1107.15
Index: 88.5195 2.93276 1094.99
Middle: 57.3691 -0.0278816 1083.23
Ring: 41.0852 35.899 1102.77
Little: 16.787 48.4702 1094.3
Thumb: 163.212 100.917 1112.31
Index: 90.9479 5.67415 1094.21
Middle: 60.2958 2.66068 1078.8
Ring: 43.3224 39.9562 1101.43
Little: 17.9994 70.9182 1102.38
Thumb: 168.058 102.842 1114.1
Index: 94.7854 5.18578 1095.11
Middle: 63.8435 2.17969 1087.44
Ring: 50.0786 71.7659 1102.23
Little: 18.4386 72.1598 1101.12
Thumb: 168.751 103.187 1114.6
Index: 95.7322 5.32037 1095.49
Middle: 65.3231 2.10584 1085.58
Ring: 51.0303 71.5937 1102.28
Little: 19.7017 72.2583 1100.94
Thumb: 168.129 100.238 1113.43
Index: 92.703 4.28761 1087.27
Middle: 61.9464 2.54288 1085
Ring: 50.4144 71.8423 1103.71
Little: 19.1066 72.3226 1102.9
Thumb: 175.798 101.961 1112.26
Index: 91.9174 7.64367 1098.16
Middle: 61.2535 5.45159 1090.7
Ring: 50.2393 74.765 1102.79
Little: 23.4969 111.227 1120.74
Thumb: 163.941 95.0098 1114.57
Index: 90.056 7.82792 1100.77
Middle: 62.366 25.7919 1104.32
Ring: 52.919 98.0271 1111.58
Little: 22.5806 118.648 1118.42
Thumb: 166.35 93.5499 1115.41
Index: 84.0029 6.77555 1098.64
Middle: 58.211 32.539 1109.01
Ring: 50.3178 99.2738 1114.94
Little: 21.3352 121.812 1117.19
Thumb: 160.06 92.7123 1116.84
Index: 80.3957 8.44022 1100.97
Middle: 53.5706 24.9877 1104.09
Ring: 50.7184 109.186 1113.66
Little: 19.0186 122.578 1121.4
Thumb: 150.378 89.8428 1115.15
Index: 74.3135 9.06536 1098.17
Middle: 48.0324 28.3679 1110.42
Ring: 46.6015 109.898 1112.8
Little: 15.7582 122.89 1120.51
Thumb: 147.045 93.6685 1120.21
Index: 69.1162 6.52384 1095.54
Middle: 43.4351 38.068 1135.12
Ring: 40.3509 109.819 1119.66
Little: 9.58695 125.137 1117.75
Thumb: 140.491 90.7556 1123.75
Index: 63.6983 7.16396 1093.66
Middle: 48.1178 83.3644 1163.52
Ring: 36.4445 112.26 1124.27
Little: 5.76774 125.222 1125.75
Thumb: 132.651 92.9201 1115.8
Index: 58.0075 7.6238 1095.43
Middle: 44.3284 83.3825 1163
Ring: 30.8429 109.831 1125.42
Little: -0.600239 118.012 1127.81
Thumb: 123.809 91.5676 1122.03
Index: 49.9576 10.8659 1106.95
Middle: 35.6703 93.8521 1159.45
Ring: 22.8113 112.543 1125.4
Little: -7.67688 120.755 1122.88
Thumb: 116.439 94.2905 1131.13
Index: 42.4148 10.6972 1104.39
Middle: 32.0154 109.143 1146.39
Ring: 12.5603 117.095 1135.79
Little: -17.3984 123.857 1128.75
Thumb: 107.278 94.1617 1128.6
Index: 36.9628 8.67689 1107.6
Middle: 24.609 107.395 1145.71
Ring: 2.02371 113.062 1153.31
Little: -23.8798 128.942 1132.48
Thumb: 100.864 91.4686 1127.08
Index: 30.0139 7.60638 1107.33
Middle: 19.4677 106.151 1153.82
Ring: -9.30384 89.1624 1161.85
Little: -28.2226 132.546 1134.42
Thumb: 92.953 92.796 1134.17
Index: 23.2033 9.1447 1119.05
Middle: 12.1452 107.063 1153.63
Ring: -17.385 88.9196 1163.56
Little: -36.6024 120.705 1135.47
Thumb: 86.6244 92.2635 1131.96
Index: 14.8411 10.5135 1127.3
Middle: 8.6463 108.064 1158.14
Ring: -23.8058 73.5712 1163.15
Little: -37.8757 134.523 1134.95
Thumb: 82.0648 93.3076 1137.46
Index: 10.2425 13.1913 1123.27
Middle: 0.543841 84.6694 1131.68
Ring: -24.5565 99.2163 1168.78
Little: -39.829 144.883 1134.79
Thumb: 77.2346 91.5163 1134.7
Index: 0.604935 23.7715 1141.64
Middle: -8.20838 83.9741 1131.57
Ring: -30.2092 101.551 1158.6
Little: -52.6923 137.188 1137.66
Thumb: 62.9114 94.6594 1157.19
Index: -20.3774 32.9221 1140.58
Middle: -29.4397 82.0938 1153.52
Ring: -32.5479 124.569 1125.9
Little: -70.51 115.759 1136.62
Thumb: 16.2358 123.923 1160.74
Index: -39.3684 37.1784 1120.38
Middle: -45.2392 116.947 1144.09
Ring: -36.6905 130.09 1109.53
Little: -69.3503 132.182 1096.27
Thumb: -0.637478 128.265 1157.28
Index: -41.4427 37.8081 1105.42
Middle: -46.4872 118.697 1129.88
Ring: -52.5409 145.024 1115.48
Little: -59.8734 137.312 1074.7
Thumb: -3.14379 134.204 1156.38
Index: -41.9368 40.3449 1109
Middle: -65.6538 43.7012 1107.54
Ring: -72.1017 140.235 1111.2
Little: -68.0819 122.894 1077.75
Thumb: 19.4041 146.29 1225.87
Index: -47.3499 41.6919 1113.78
Middle: -72.2945 47.5111 1114.84
Ring: -76.3338 140.468 1103.94
Little: -65.4755 120.785 1073.27
Thumb: 22.4011 151.94 1231.4
Index: -45.4227 36.9035 1109.05
Middle: -74.0985 45.1764 1109.32
Ring: -84.7107 127.803 1100.64
Little: -69.902 116.721 1068.57
Thumb: -35.6435 220.704 1172.54
Index: -48.5723 48.2979 1087.56
Middle: -70.78 50.1803 1072.18
Ring: -59.3095 55.67 1077.15
Little: -19.4269 111.814 1016.64
Thumb: -41.0079 225.259 1170.06
Index: -52.0149 39.5278 1096.38
Middle: -73.0409 38.1847 1070.02
Ring: -65.6598 48.3141 1075.62
Little: -21.7782 100.99 1023.1
Thumb: -47.2425 220.875 1170.63
Index: -57.3026 39.1023 1092.96
Middle: -74.4872 49.9908 1065.12
Ring: -66.7352 46.9269 1072.83
Little: -23.2568 96.2953 1025.62
Thumb: -80.8253 176.023 1147
Index: -58.0838 35.7714 1103.81
Middle: -70.0519 35.2337 1073.37
Ring: -67.0576 44.0289 1072.2
Little: -23.1441 93.305 1026.53
Thumb: -95.4229 179.194 1145.11
Index: -59.7473 32.903 1111.84
Middle: -74.6298 26.5999 1102
Ring: -67.5214 34.4003 1095.53
Little: -20.8099 84.2649 1042.13
Thumb: -108.455 173.848 1140.56
Index: -67.8328 34.2469 1112.85
Middle: -77.3238 22.1221 1110.58
Ring: -74.1677 35.4004 1103.51
Little: -26.7039 84.0865 1047.67
Thumb: -119.18 172.8 1131.74
Index: -71.1717 34.6308 1109.4
Middle: -82.529 22.9333 1106.76
Ring: -74.8421 32.6742 1101.37
Little: -31.349 83.5869 1045.11
Thumb: -124.09 177.006 1117.72
Index: -72.944 36.8379 1108.91
Middle: -83.1661 24.7856 1104.11
Ring: -75.2 34.3725 1100.83
Little: -28.6152 85.2957 1046.81
Thumb: -127.783 177.714 1115.11
Index: -103.665 69.0611 1064.13
Middle: -82.1273 28.0062 1110.94
Ring: -78.6248 39.7402 1099.46
Little: -32.3444 78.0764 1057.43
Thumb: -130.006 181.158 1105.57
Index: -100.331 74.5831 1051.54
Middle: -81.8939 27.2208 1104.43
Ring: -78.5589 38.3878 1095.69
Little: -37.0537 58.9624 1076.71
Thumb: -130.496 174.798 1101.7
Index: -104.903 77.7752 1051.2
Middle: -85.9949 27.3849 1109.21
Ring: -85.0197 40.4018 1106.8
Little: -42.1062 55.7484 1081.74
Thumb: -130.109 176.452 1094.87
Index: -101.252 77.5567 1047.97
Middle: -85.5328 29.7245 1106.95
Ring: -86.5294 44.7651 1105.79
Little: -42.9672 55.3089 1081.93
Thumb: -132.764 176.867 1088.16
Index: -99.3133 89.9823 1035
Middle: -85.1909 29.2255 1102.99
Ring: -86.9202 44.2246 1106.16
Little: -43.5862 51.6384 1090.95
Thumb: -131.892 177.819 1080.14
Index: -100.456 95.1436 1032.22
Middle: -88.0876 26.7738 1106.1
Ring: -53.1322 95.1911 1018.72
Little: -48.6145 48.2427 1094.6
Thumb: -131.918 180.548 1080.24
Index: -100.558 96.9115 1030.81
Middle: -88.1492 26.8114 1106.79
Ring: -48.7215 99.4868 1018.28
Little: -48.9805 48.0565 1092.6
Thumb: -129.96 182.229 1067.76
Index: -98.0704 95.9904 1022.39
Middle: -89.8922 29.6583 1103.33
Ring: -43.131 99.1979 1015.53
Little: -49.7447 50.4849 1090.69
Thumb: -132.355 185.715 1072.08
Index: -96.0786 100.9 1016.15
Middle: -90.0572 29.7355 1098.84
Ring: -40.8152 97.8915 1011.27
Little: -51.5828 50.3287 1090.67
Thumb: -132.114 185.656 1063.29
Index: -93.5324 98.9157 1013.13
Middle: -90.1649 29.3443 1095.36
Ring: -37.5716 96.6336 1010.16
Little: -51.5533 49.9221 1089.33
Thumb: -132.92 187.258 1060.1
Index: -93.2811 98.173 1009.79
Middle: -89.4007 30.088 1092.89
Ring: -32.1532 101.197 1008.1
Little: -50.425 50.9361 1086.99
Thumb: -130.343 188.161 1060.6
Index: -95.0364 92.6623 1009.97
Middle: -88.9021 29.8804 1083.07
Ring: -33.829 100.359 1005.62
Little: -50.9446 51.3449 1086.67
Thumb: -130.781 188.227 1060.91
Index: -94.9035 89.8493 1010.42
Middle: -88.4813 29.7297 1082.28
Ring: -38.8824 94.1737 1001.84
Little: -49.2775 51.0884 1086.14
Thumb: -131.672 186.736 1061.01
Index: -92.8941 102.843 1011.3
Middle: -88.0974 29.2248 1082.15
Ring: -36.7383 96.9589 1001.78
Little: -48.7153 50.8535 1085.52
Thumb: -133.594 185.832 1055.65
Index: -95.8331 91.2252 1007.73
Middle: -88.611 29.2767 1080.61
Ring: -32.8042 100.161 1001.32
Little: -48.1455 51.1023 1084.15
Thumb: -130.641 188.005 1055.63
Index: -94.1424 86.584 1006.11
Middle: -87.5119 30.2739 1078.87
Ring: -32.2382 96.5355 997.213
Little: -45.705 51.3621 1081.98
Thumb: -129.532 188.704 1057.9
Index: -94.4998 83.2103 1009.28
Middle: -84.709 30.4414 1082.29
Ring: -30.6051 97.8254 997.634
Little: -43.3 51.7396 1082.88
Thumb: -129.987 187.751 1060.1
Index: -96.7576 77.782 1013.51
Middle: -83.1172 30.1793 1087.78
Ring: -31.3634 98.0942 996.944
Little: -42.173 51.2092 1081.96
Thumb: -126.071 189.29 1062.57
Index: -87.4941 99.2188 1010.23
Middle: -79.4094 32.2736 1091.7
Ring: -26.7197 101.975 998.981
Little: -38.5658 53.0433 1083.87
Thumb: -126.963 183.768 1063.54
Index: -83.7484 99.0227 1011.73
Middle: -74.5737 32.1025 1091.93
Ring: -25.9819 100.763 999.233
Little: -34.7983 54.5346 1084.98
Thumb: -127.786 181.321 1065.43
Index: -82.686 96.6146 1014.75
Middle: -70.8229 31.9133 1094.03
Ring: -23.9665 101.362 1002.25
Little: -31.5067 55.586 1089.24
Thumb: -130.529 176.71 1071.99
Index: -82.2741 91.7044 1017.18
Middle: -65.7307 30.6523 1095.24
Ring: -28.4671 99.3557 1003.31
Little: -27.716 56.3533 1090.4
Thumb: -131.706 173.269 1067.04
Index: -78.9117 87.7522 1013.2
Middle: -60.2146 27.5573 1095.81
Ring: -23.9556 96.982 1002.85
Little: -23.9143 54.5401 1089.92
Thumb: -128.266 173.051 1071.81
Index: -76.1527 91.9922 1021.11
Middle: -57.1575 25.0786 1103.61
Ring: -19.4217 94.3268 1008.38
Little: -21.3897 50.4762 1087.44
Thumb: -128.395 170.783 1072.78
Index: -67.03 97.7282 1025.27
Middle: -51.3036 18.1667 1095.25
Ring: -14.6724 84.7239 1010.98
Little: -15.2732 45.1763 1094.62
Thumb: -117.353 167.437 1083.21
Index: -66.6451 95.6107 1032.15
Middle: -45.4737 19.0277 1098.5
Ring: -17.5372 83.1493 1012.28
Little: -11.6237 45.6621 1098.77
Thumb: -113.612 164.034 1088.59
Index: -63.4132 73.5199 1027.27
Middle: -37.5567 16.1743 1090.92
Ring: -15.8435 85.8409 1010.38
Little: -4.49312 43.4774 1093.97
Thumb: -107.663 160.856 1089.5
Index: -56.5904 76.2591 1027.38
Middle: -28.5008 13.1484 1102.51
Ring: -7.70483 82.7704 1013.79
Little: 1.93158 41.2708 1099.58
Thumb: -106.643 153.276 1087.31
Index: -43.0544 72.226 1026.57
Middle: -23.9839 14.241 1102.42
Ring: -1.91365 71.4668 1019.04
Little: 16.2551 44.3825 1099.86
Thumb: -102.167 147.903 1088.02
Index: -35.0569 72.0272 1023.12
Middle: -16.9162 11.1653 1103.37
Ring: 8.97022 79.121 1014.07
Little: 22.5814 42.2488 1097.79
Thumb: -104.583 146.09 1096.86
Index: -32.5295 79.4848 1024.76
Middle: -4.52711 10.7791 1108.32
Ring: 17.6383 87.3699 1014.45
Little: 32.4568 44.5308 1101.22
Thumb: -92.4198 143.135 1093.84
Index: -27.2538 78.8081 1025.68
Middle: 0.272368 8.96266 1105.71
Ring: 23.7823 84.251 1014.21
Little: 38.6953 41.8072 1093.76
Thumb: -87.7833 140.341 1092.99
Index: -20.7402 64.7105 1028.91
Middle: 6.47276 9.01717 1105.17
Ring: 28.3907 83.9232 1013.2
Little: 45.3816 45.3572 1087.09
Thumb: -83.3787 140.246 1085.5
Index: -9.15932 72.3495 1022.53
Middle: 14.4645 8.78793 1106.29
Ring: 41.5096 82.2516 1014.48
Little: 53.6993 45.4276 1091.09
Thumb: -82.8825 141.748 1090.46
Index: -1.98407 76.0981 1020.78
Middle: 23.7232 12.5847 1093.67
Ring: 49.8067 83.6641 1014.85
Little: 59.7305 47.0935 1092.33
Thumb: -75.3884 139.485 1095.05
Index: 1.52655 60.8872 1023.66
Middle: 27.9094 10.3198 1098.21
Ring: 54.1666 85.3346 1013.95
Little: 64.6495 45.0844 1095.76
Thumb: -74.249 142.407 1096.68
Index: 8.83733 60.6365 1022.59
Middle: 34.7124 9.57264 1099.29
Ring: 60.4735 83.6806 1014.58
Little: 71.2943 45.5594 1095.68
Thumb: -66.399 141.804 1108.21
Index: 10.5412 63.164 1024.75
Middle: 38.6038 9.61049 1097.97
Ring: 61.6381 83.1824 1014.43
Little: 78.555 43.8731 1098.79
Thumb: -63.1337 143.765 1108.73
Index: 16.2665 67.6928 1021.25
Middle: 46.8863 8.09428 1097.53
Ring: 67.2858 87.0521 1012.67
Little: 84.9127 43.993 1095.66
Thumb: -54.5625 148.188 1108.88
Index: 16.2648 65.4907 1026.12
Middle: 47.2844 7.4394 1105.15
Ring: 68.9932 79.566 1015.1
Little: 87.0424 40.6155 1097.2
Thumb: -53.5667 151.941 1109.2
Index: 16.8939 63.5168 1027.06
Middle: 46.9319 8.19623 1110.47
Ring: 70.6937 82.1891 1015.47
Little: 84.79 40.6984 1099.28
Thumb: -47.3793 154.417 1112.29
Index: 8.60892 61.1751 1038.88
Middle: 45.1676 8.1096 1107.66
Ring: 61.7885 82.6862 1016.68
Little: 85.3218 40.0456 1099.25
Thumb: -42.3436 156.791 1116.03
Index: 8.78844 73.4754 1041.15
Middle: 37.4239 12.7475 1117.7
Ring: 61.8064 87.4923 1017.99
Little: 102.36 77.1929 1065.16
Thumb: -37.6953 160.331 1127.06
Index: -0.321245 70.1272 1052.59
Middle: 33.8719 16.6061 1120.78
Ring: 49.017 25.3071 1105.97
Little: 97.0449 77.5013 1063.03
Thumb: -29.8244 167.391 1139.84
Index: -3.67375 48.2382 1083.78
Middle: 32.6234 20.1705 1125.16
Ring: 41.7266 29.1541 1100.84
Little: 80.1506 60.7736 1061.36
Thumb: -23.3671 172.391 1152.53
Index: -3.26766 53.7832 1095.78
Middle: 30.5884 26.329 1131.06
Ring: 41.8443 31.7762 1103.48
Little: 72.5666 63.8413 1056.88
Thumb: -18.5096 167.353 1160.71
Index: 3.09913 60.8784 1105.96
Middle: 30.9609 32.7536 1131.43
Ring: 34.069 43.3434 1093.06
Little: 61.9481 82.6461 1040.61
Thumb: -14.1352 166.978 1164.66
Index: 23.3794 54.9592 1099.39
Middle: 36.8768 32.1036 1133.68
Ring: 34.4485 44.1284 1094.23
Little: 58.9219 86.8617 1037.94
Thumb: -4.96977 167.334 1169.46
Index: 19.643 59.1559 1104.63
Middle: 38.9641 35.5932 1139.38
Ring: 29.678 51.9625 1091.43
Little: 61.4235 106.583 1032.06
Thumb: 1.62355 169.826 1174
Index: 24.8087 62.1773 1101.41
Middle: 39.6493 38.398 1144.07
Ring: 25.6756 62.0719 1089.41
Little: 70.1373 107.521 1040.97
Thumb: 13.9412 171.751 1182.03
Index: 35.4655 57.9922 1105.27
Middle: 43.5865 37.1786 1141.82
Ring: 26.4091 61.1353 1092.11
Little: 67.5273 107.375 1039.54
Thumb: 20.6922 172.44 1182.64
Index: 34.3333 60.0474 1106.79
Middle: 42.4603 39.4422 1142.64
Ring: 27.3343 56.6232 1099.89
Little: 64.0101 107.388 1038.74
Thumb: 34.3908 174.616 1187.24
Index: 35.7174 57.4855 1105.08
Middle: 38.7774 41.5543 1135.25
Ring: 25.0427 64.0433 1095.98
Little: 54.6918 112.367 1033.2
Thumb: 40.408 172.828 1185.46
Index: 34.5396 58.1058 1105.59
Middle: 39.5067 41.3165 1132.31
Ring: 26.0107 58.274 1103.98
Little: 50.7896 113.427 1032.33
Thumb: 44.4482 173.559 1186.1
Index: 32.407 59.5745 1106.01
Middle: 39.5169 42.4284 1133.99
Ring: 22.3281 62.0023 1101.51
Little: 55.0147 119.389 1029.2
Thumb: 47.849 173.595 1186.83
Index: 36.2782 58.0814 1110.51
Middle: 40.9277 44.0937 1138.94
Ring: 23.9714 58.231 1108.23
Little: 54.8839 119.856 1029.72
Thumb: 48.6685 169.001 1186.67
Index: 33.9427 61.6081 1107.52
Middle: 41.0062 44.0351 1135.57
Ring: 25.2879 57.7543 1106.47
Little: 54.2009 120.666 1029.64
Thumb: 48.7792 170.663 1187.07
Index: 31.1909 63.6178 1107.45
Middle: 39.3683 44.1826 1134.16
Ring: 26.338 56.4862 1108.65
Little: 53.8463 120.418 1029.8
Thumb: 48.2937 168.501 1185.93
Index: 30.6881 64.6279 1111.17
Middle: 41.6825 44.2734 1137.01
Ring: 25.5539 58.2528 1110.11
Little: 52.8441 121.009 1031.2
Thumb: 48.4435 165.916 1187.39
Index: 30.1843 64.385 1112.36
Middle: 41.3245 44.1129 1138.56
Ring: 24.3249 58.4867 1110.96
Little: 58.1591 116.437 1036.95
Thumb: 43.0819 163.917 1184.92
Index: 29.6471 63.8062 1110.92
Middle: 39.1751 43.908 1137.45
Ring: 23.13 58.3838 1109.6
Little: 61.1127 115.909 1037.2
Thumb: 39.4567 160.459 1186.66
Index: 24.6048 64.7239 1109.41
Middle: 35.6234 40.5388 1134.53
Ring: 20.1388 57.0726 1109.66
Little: 62.9764 113.643 1039.98
Thumb: 39.0885 163.571 1187.16
Index: 22.4164 63.1607 1111.82
Middle: 33.7018 39.148 1133.31
Ring: 16.8268 58.7605 1112.03
Little: 61.9071 112.503 1040.48
Thumb: 33.4033 156.89 1179.49
Index: 19.8933 64.4836 1111.12
Middle: 30.6191 40.5692 1133.09
Ring: 14.675 60.0647 1111.16
Little: 58.8821 109.163 1041.41
Thumb: 29.1949 154.812 1179.72
Index: 17.5092 66.8182 1111.89
Middle: 28.2407 38.8741 1133.5
Ring: 14.6632 57.2182 1113
Little: 58.1201 107.569 1043.41
Thumb: 20.1485 150.165 1172.59
Index: 16.7936 61.4199 1111.8
Middle: 23.5192 40.7321 1136.6
Ring: 9.73417 59.79 1109.68
Little: 58.806 107.144 1044.64
Thumb: 16.2969 148.527 1168.64
Index: 13.8492 62.1515 1112.09
Middle: 20.8523 40.5343 1139.43
Ring: 5.0537 61.2003 1108.09
Little: 57.667 104.531 1044.92
Thumb: 8.03265 145.983 1162.1
Index: 8.59733 66.336 1110.18
Middle: 18.9087 39.8951 1139.58
Ring: 4.64173 58.1954 1110.16
Little: 56.8006 106.376 1043.87
Thumb: 5.44631 143.659 1161.55
Index: 10.4871 60.2197 1114.12
Middle: 14.0982 40.8393 1137.88
Ring: 5.9337 53.7487 1112.05
Little: 57.958 101.225 1046.44
Thumb: 0.132025 137.978 1157.64
Index: 16.5149 50.3685 1116.73
Middle: 17.2197 39.134 1140.29
Ring: 10.7898 48.5856 1112.45
Little: 63.2563 102.424 1046.87
Thumb: -4.09945 133.898 1156.38
Index: 22.073 44.7015 1110.66
Middle: 19.558 33.7944 1132.12
Ring: 7.79303 48.9139 1096.13
Little: 64.9647 100.003 1045.08
Thumb: -9.05476 131.162 1160.21
Index: 18.2112 39.6318 1108.95
Middle: 19.4937 24.2501 1124.49
Ring: 6.97361 40.8029 1104.05
Little: 50.5524 93.9299 1045.72
Thumb: -15.1838 123.042 1152.82
Index: 13.8795 39.6113 1107.05
Middle: 15.7015 22.6125 1120.46
Ring: 7.23401 37.9065 1105.33
Little: 47.8744 92.7657 1045.86
Thumb: -19.8266 118.735 1147.09
Index: 10.1808 33.1323 1107.9
Middle: -2.6571 46.5926 1097.96
Ring: 7.48687 31.2389 1103.34
Little: 49.0537 92.2836 1038.44
Thumb: -19.7493 117.552 1150.65
Index: 9.81519 33.2364 1104.87
Middle: -10.3982 51.3947 1110.65
Ring: 2.96614 31.6697 1104.49
Little: 41.2217 92.768 1037.93
Thumb: -24.2212 113.28 1143.94
Index: 2.43074 32.0256 1104.56
Middle: -17.3873 52.7025 1106.9
Ring: 0.432059 27.9022 1107.08
Little: 40.6754 88.5402 1039.62
Thumb: -25.9549 113.091 1138.99
Index: 1.43615 30.118 1106.86
Middle: -20.5924 53.7161 1107.07
Ring: -4.19278 29.1981 1106.96
Little: 40.7704 89.3529 1038.19
Thumb: -23.0399 115.645 1134.31
Index: -3.56583 38.4709 1116.92
Middle: -21.9958 58.9045 1119.92
Ring: -7.2762 37.1628 1119.17
Little: 30.3701 94.4958 1031.1
Thumb: -22.6507 117.559 1135.28
Index: -16.5547 64.4249 1113.36
Middle: -27.8048 65.837 1117.35
Ring: -14.2706 42.0215 1119.26
Little: 26.5554 94.1994 1031.4
Thumb: -22.9533 120.486 1139.71
Index: -16.2837 62.4714 1118.05
Middle: -28.068 71.5655 1115.24
Ring: -18.7674 43.831 1121.8
Little: 32.4043 95.2636 1030.09
Thumb: -26.2148 123.381 1130.54
Index: -32.0307 85.9576 1137.68
Middle: -30.785 74.983 1122.16
Ring: -22.1092 49.0959 1128.05
Little: 25.773 91.6985 1027.5
Thumb: -24.438 121.816 1132.63
Index: -35.984 88.2832 1137.42
Middle: -35.2317 74.6656 1123.2
Ring: -28.6833 55.7061 1117.09
Little: 23.0357 92.6972 1027.12
Thumb: -26.4858 120.653 1131.33
Index: -36.7957 88.1555 1136.8
Middle: -37.104 75.0163 1122.32
Ring: -31.6198 57.6783 1113.14
Little: 24.7076 91.737 1027.82
Thumb: -37.0409 114.259 1128.42
Index: -49.4526 87.611 1138.26
Middle: -42.4454 79.3372 1106.78
Ring: -37.7195 62.896 1095.63
Little: 19.5992 94.7957 1026.62
Thumb: -36.1436 113.381 1132.88
Index: -37.5511 103.762 1129.53
Middle: -53.7392 81.449 1106.95
Ring: -41.032 64.1259 1102.54
Little: 21.3297 90.5834 1034.23
Thumb: -38.9618 118.153 1133.47
Index: -54.0081 99.052 1124.79
Middle: -54.4791 84.0098 1103.44
Ring: -43.6685 64.8295 1101.44
Little: 17.3519 88.1216 1032.36
Thumb: -41.1354 113.222 1127.68
Index: -54.158 97.3462 1122.56
Middle: -53.3593 85.8677 1100.81
Ring: -44.5187 63.2341 1104.05
Little: 16.6919 87.7774 1031.89
Thumb: -42.6835 112.872 1127.7
Index: -52.5978 94.1977 1119.25
Middle: -56.0745 83.3573 1103.57
Ring: -44.6376 63.2981 1104.42
Little: 17.8324 90.02 1033.78
Thumb: -44.8969 113.731 1129.02
Index: -55.3917 93.2356 1120.89
Middle: -56.8086 83.8246 1103.8
Ring: -47.3646 62.7823 1105.27
Little: 14.1985 88.761 1033.71
Thumb: -46.9036 115.959 1136.81
Index: -56.9518 88.2949 1116.02
Middle: -61.0766 57.6948 1134.57
Ring: -46.3649 60.7286 1096.83
Little: 16.5717 90.0889 1032.97
Thumb: -48.0081 121.422 1142.89
Index: -55.8132 87.3845 1113.18
Middle: -66.9867 61.03 1121.63
Ring: -44.9714 60.9859 1097.14
Little: 8.93504 93.6714 1026.84
Thumb: -51.8301 122.491 1143.51
Index: -49.3559 80.2144 1111.75
Middle: -58.1062 51.9473 1118.19
Ring: -38.0141 56.2736 1091.89
Little: -0.941732 94.3954 1020.89
Thumb: -51.3193 125.671 1142.03
Index: -47.2046 79.7496 1102.55
Middle: -45.8182 39.1093 1131.19
Ring: -35.3055 58.8692 1083.47
Little: -0.296047 98.559 1015.33
Thumb: -55.1582 128.097 1141.84
Index: -48.3525 70.4925 1100.33
Middle: -38.077 33.6422 1131.34
Ring: -35.2498 56.9172 1080.06
Little: -4.99136 99.7825 1012.17
Thumb: -56.7759 134.1 1146.13
Index: -42.5762 68.8772 1097.98
Middle: -31.6757 32.4301 1137.73
Ring: -35.8487 57.23 1079.75
Little: -3.9646 97.8547 1014.55
Thumb: -55.4891 136.563 1148.35
Index: -40.8163 56.302 1096.49
Middle: -32.3455 32.0064 1135.45
Ring: -33.8264 55.351 1081.02
Little: -3.33971 98.6117 1013.03
Thumb: -60.1702 139.462 1148.02
Index: -37.8787 50.669 1095.16
Middle: -30.2156 29.148 1133.99
Ring: -30.2181 52.9493 1081.19
Little: -3.63987 97.4457 1012.43
Thumb: -58.8927 143.221 1152.55
Index: -35.8532 45.7662 1094.94
Middle: -30.7265 28.4317 1134.3
Ring: -28.0481 50.4112 1084.94
Little: -5.03433 96.5217 1012.4
Thumb: -61.2105 143.687 1150.44
Index: -34.6528 47.1966 1093.25
Middle: -25.1326 23.5334 1126.49
Ring: -22.5485 49.573 1088.18
Little: -4.88727 96.9823 1012.09
Thumb: -62.2774 147.133 1151.59
Index: -32.3962 43.634 1094.4
Middle: -26.3193 23.1046 1124.23
Ring: -22.3536 49.5811 1088.94
Little: -9.48583 94.1321 1012.9
Thumb: -61.6285 151.603 1150.79
Index: -29.2988 41.9827 1092.93
Middle: -21.2425 25.155 1130.49
Ring: -21.203 34.691 1100.33
Little: -5.78218 94.8838 1010.99
Thumb: -60.2169 152.971 1149.78
Index: -25.3694 42.2029 1090.6
Middle: -20.0272 29.3251 1132.51
Ring: -18.3873 35.1069 1098.02
Little: -2.66943 98.3005 1009.35
Thumb: -69.9583 152.254 1135.27
Index: -18.5357 35.3081 1097.78
Middle: 0.168092 13.4469 1107.03
Ring: -6.19575 24.3388 1083.43
Little: 6.51898 96.1389 1012.24
Thumb: -72.8495 157.016 1124.11
Index: -31.858 42.4308 1087.76
Middle: -3.45922 16.6145 1101.27
Ring: -2.16971 25.1489 1078.96
Little: 12.7306 97.224 1012.66
Thumb: -77.0191 161.96 1122.05
Index: -38.0702 41.3874 1097.31
Middle: -4.20545 17.0482 1101.73
Ring: 1.77704 23.831 1080.19
Little: 10.19 83.1228 1023.64
Thumb: -79.2218 166.14 1113.39
Index: -44.849 45.0327 1105.85
Middle: -7.31534 19.6053 1115.32
Ring: 1.00291 23.406 1092.74
Little: 13.3692 80.11 1029.4
Thumb: -84.1474 167.812 1104.08
Index: -46.1278 58.2646 1089.67
Middle: -11.7262 26.2028 1103.66
Ring: 5.00089 23.8506 1095.66
Little: 21.7538 78.008 1036.57
Thumb: -83.4038 164.256 1105.64
Index: -47.4431 72.2678 1092.39
Middle: -15.8589 28.2716 1107.86
Ring: -12.0855 30.4615 1108.4
Little: 20.3755 79.6146 1040
Thumb: -85.3957 161.08 1094.7
Index: -48.2779 70.201 1086.56
Middle: -18.0881 27.4849 1106.55
Ring: -16.5365 31.7356 1112.3
Little: 20.5728 68.6935 1051.5
Thumb: -84.2071 158.169 1093.94
Index: -48.4687 72.4915 1087.9
Middle: -16.9329 27.7127 1111.26
Ring: -17.5424 34.595 1113.26
Little: 20.2458 69.908 1051.18
Thumb: -84.4468 153.037 1090.96
Index: -45.4687 55.8784 1102.35
Middle: -16.6836 25.287 1121.57
Ring: -15.5108 32.794 1118.16
Little: 42.0379 83.098 1060.74
Thumb: -82.0606 148.004 1083.68
Index: -47.4232 57.4264 1086.54
Middle: -19.2622 23.4075 1111.46
Ring: -18.9801 30.3727 1108.87
Little: 31.8239 68.1791 1077.56
Thumb: -81.1053 140.678 1084.66
Index: -45.8186 58.6238 1082.98
Middle: -19.0145 15.5816 1109.34
Ring: -18.9267 27.3185 1100.31
Little: 16.0601 37.8256 1093.5
Thumb: -79.8576 133.809 1080.13
Index: -47.8112 57.6896 1078.23
Middle: -21.7249 14.2214 1100.89
Ring: -23.5211 23.7427 1099.91
Little: 12.6695 37.3791 1088.46
Thumb: -71.1442 128.338 1070.44
Index: -45.0281 61.0796 1067.98
Middle: -20.6483 11.5395 1104.64
Ring: -20.2585 24.7156 1088.55
Little: 13.4087 36.3227 1090.42
Thumb: -83.1688 131.344 1074.26
Index: -49.7599 47.4886 1069.81
Middle: -27.6827 6.5609 1086.77
Ring: -23.329 16.7504 1077.33
Little: 11.0764 31.2695 1075.32
Thumb: -45.641 119.157 1029.12
Index: -50.5284 45.7717 1072.57
Middle: -28.2719 6.74318 1085.51
Ring: -21.6946 17.3836 1072.84
Little: 13.3475 37.1441 1065.5
Thumb: -42.6909 114.092 1029.08
Index: -52.8758 38.9629 1063.11
Middle: -28.2208 5.49254 1072.89
Ring: -24.3735 16.141 1066.69
Little: 12.9328 37.4654 1058.4
Thumb: -38.8028 106.388 1031.68
Index: -52.6211 39.2675 1050.45
Middle: -24.592 22.8482 1054.81
Ring: -27.1393 17.8033 1061.15
Little: 11.824 38.5259 1054.07
Thumb: -36.396 107.49 1029.7
Index: -50.643 46.539 1044.88
Middle: -22.1568 22.5104 1051.49
Ring: -30.802 20.6152 1058.64
Little: 12.1255 38.4478 1050.82
Thumb: -35.496 113.593 1037.09
Index: -50.4229 40.8912 1064.04
Middle: -21.3848 34.9356 1064.1
Ring: -27.3034 31.9238 1074.19
Little: 14.0172 50.7351 1062.6
Thumb: -32.8589 111.771 1038.58
Index: -49.5751 50.3181 1056.31
Middle: -21.1386 37.2075 1062.06
Ring: -25.6341 33.0565 1072.44
Little: 13.7832 51.5437 1061.75
Thumb: -35.3851 111.097 1039.67
Index: -51.0293 50.3929 1056.13
Middle: -21.0615 39.437 1060.71
Ring: -26.679 33.1716 1071.49
Little: 12.6048 51.2859 1060.71
Thumb: -35.4833 111.623 1037.72
Index: -52.4018 53.2433 1053.91
Middle: -21.9939 40.9725 1058.28
Ring: -26.9731 34.1194 1071.15
Little: 11.4039 52.4253 1058.06
Thumb: -37.2324 112.797 1036.08
Index: -53.2997 57.3135 1051.63
Middle: -24.5916 43.0276 1057.34
Ring: -24.6841 33.6642 1067.05
Little: 10.1922 53.9172 1056.5
Thumb: -34.2308 112.046 1031.41
Index: -54.2733 58.7073 1046.34
Middle: -24.9336 45.401 1054.21
Ring: -20.3877 34.5898 1057.5
Little: 9.02812 54.7432 1053.93
Thumb: -35.1333 115.251 1034.38
Index: -57.7888 63.0703 1049.97
Middle: -29.7811 45.4346 1054.43
Ring: -22.4874 32.5902 1057.12
Little: 2.94298 53.6466 1052.94
Thumb: -37.593 114.977 1033.59
Index: -58.8605 65.2453 1047.51
Middle: -31.632 43.9632 1050.23
Ring: -19.7575 32.0801 1053.95
Little: 4.35478 54.5312 1046.54
Thumb: -37.5096 116.034 1033.49
Index: -57.1753 62.5125 1048.05
Middle: -32.6176 45.0425 1050.18
Ring: -23.3843 34.9683 1052.42
Little: 1.64978 54.4302 1049.6
Thumb: -38.473 117.768 1033.01
Index: -56.9886 64.5676 1053.25
Middle: -34.1978 33.6732 1052.98
Ring: -23.9942 33.0225 1059.33
Little: -0.0744514 57.6077 1043.39
Thumb: -40.6795 116.497 1033.68
Index: -58.1338 65.2792 1051.18
Middle: -34.8572 36.0159 1049.91
Ring: -24.2105 32.6579 1060.68
Little: -0.639357 54.8247 1047.5
Thumb: -37.584 116.727 1028.14
Index: -57.6234 62.7837 1048.56
Middle: -30.9323 36.7091 1046.28
Ring: -23.0134 31.9789 1058.4
Little: 0.464644 54.3742 1047.22
Thumb: -38.4416 115.82 1027.4
Index: -57.7312 61.5818 1047.26
Middle: -31.4454 35.7517 1045.71
Ring: -21.2889 29.6573 1057.3
Little: -0.116344 52.9085 1048.06
Thumb: -40.9023 115.945 1028.34
Index: -57.9582 62.9689 1047.03
Middle: -32.1824 37.6236 1046.45
Ring: -25.4496 32.2355 1056.32
Little: -2.6248 52.8537 1050.62
Thumb: -42.3571 115.203 1028.94
Index: -58.9 66.3929 1048.13
Middle: -32.7026 36.6486 1048.89
Ring: -25.6424 32.1971 1057.81
Little: -4.54762 52.7458 1053.27
Thumb: -45.5304 115.118 1035.52
Index: -61.6195 66.6639 1054.21
Middle: -34.2564 37.1375 1054.86
Ring: -28.7212 33.077 1063.1
Little: -7.17046 52.8194 1057.45
Thumb: -48.3442 112.294 1038.68
Index: -65.3838 65.7924 1058.51
Middle: -36.8565 33.4673 1061.37
Ring: -31.6689 30.405 1066.08
Little: -10.6949 49.2945 1062.44
Thumb: -53.2966 116.878 1047.86
Index: -65.6015 65.5849 1069.51
Middle: -39.8429 35.1315 1065
Ring: -31.6314 30.1816 1077.25
Little: -9.05769 47.8939 1078.9
Thumb: -52.1941 119.65 1054.07
Index: -62.8878 65.3821 1080.41
Middle: -40.4546 36.1974 1080.48
Ring: -35.5345 31.6188 1086.32
Little: -11.0166 48.0251 1090.16
Thumb: -63.6885 114.275 1070.32
Index: -65.9581 60.6546 1095.14
Middle: -49.3199 30.7994 1091.51
Ring: -42.6128 31.4376 1091.26
Little: -18.9701 43.7352 1100.27
Thumb: -72.6911 122.735 1091.05
Index: -67.3431 57.5157 1111.05
Middle: -53.9691 42.6715 1102.68
Ring: -49.0003 34.6686 1108.69
Little: -23.2819 45.9737 1111.22
Thumb: -76.2861 124.958 1099.48
Index: -67.0818 57.4063 1130.06
Middle: -58.6401 51.7446 1111.89
Ring: -54.4603 39.2719 1122.88
Little: -28.423 46.7987 1127.47
Thumb: -75.1987 132.409 1112.12
Index: -62.6515 62.7617 1147.12
Middle: -49.0298 48.7687 1126.6
Ring: -41.2719 35.3175 1133.51
Little: -24.7404 50.2942 1141.27
Thumb: -75.9801 139.053 1116.14
Index: -58.2766 73.5344 1155.55
Middle: -44.0052 54.1266 1135.94
Ring: -34.3272 36.4921 1141.01
Little: -20.2947 56.9547 1150.01
Thumb: -69.4643 146.58 1124.58
Index: -50.8489 73.1876 1158.56
Middle: -37.8006 51.7824 1137.85
Ring: -29.0732 39.6994 1142.72
Little: -12.7275 57.6543 1153.86
Thumb: -68.5359 148.737 1126.79
Index: -46.4467 80.5258 1166.14
Middle: -35.4864 55.958 1154.16
Ring: -21.5491 46.3335 1155.4
Little: -7.11306 65.1645 1162.25
Thumb: -64.296 154.821 1129.07
Index: -43.7898 82.289 1159.88
Middle: -30.4656 58.9585 1158.25
Ring: -16.9956 46.2806 1166.15
Little: -3.16176 65.4376 1160.61
Thumb: -60.1041 154.559 1131.43
Index: -35.0581 82.7607 1170.23
Middle: -26.6014 60.9123 1162.31
Ring: -11.5645 50.1884 1170.14
Little: 0.893285 67.9906 1160.81
Thumb: -58.9615 154.509 1140.42
Index: -33.293 85.3935 1166.74
Middle: -22.3976 58.8772 1163.03
Ring: -7.204 49.3413 1170.16
Little: 4.40976 67.9727 1161.24
Thumb: -51.9562 154.726 1131.86
Index: -28.6138 91.6733 1152.44
Middle: -9.14399 57.5715 1151.47
Ring: -0.335593 50.2751 1161.83
Little: 13.7645 69.6865 1158.58
Thumb: -47.1781 154.966 1139.54
Index: -26.0167 83.9903 1158.43
Middle: -9.7936 51.7932 1155.75
Ring: 0.791873 45.491 1158.89
Little: 13.4759 65.4149 1156.2
Thumb: -45.2997 150.438 1143.49
Index: -22.6031 76.4462 1157.36
Middle: -5.99294 46.8678 1151.68
Ring: 7.78504 39.6648 1145.49
Little: 15.9667 60.3416 1151.19
Thumb: -36.6844 146.779 1138.99
Index: -7.77137 72.8695 1152.89
Middle: 5.75685 46.8448 1143.74
Ring: 21.78 36.2751 1142.47
Little: 28.1987 58.6236 1140.27
Thumb: -29.8406 145.556 1137.59
Index: 1.5682 63.3799 1150.81
Middle: 10.9081 41.4076 1139.3
Ring: 26.2777 34.0018 1133.82
Little: 34.5398 56.2849 1131.85
Thumb: -30.8842 136.855 1137.29
Index: 7.40559 54.0717 1150.88
Middle: 11.9349 36.7826 1133.01
Ring: 26.0174 30.884 1131.59
Little: 40.2172 51.4057 1130.27
Thumb: -28.9185 130.828 1137.11
Index: 8.1183 48.9739 1150.5
Middle: 9.97108 33.1061 1130.05
Ring: 18.9498 29.2292 1116.26
Little: 38.8606 47.1894 1127.94
Thumb: -24.5431 126.758 1136.01
Index: 8.14014 49.9661 1147.5
Middle: 8.78537 36.0903 1130.01
Ring: 17.2925 31.316 1112.58
Little: 35.8538 47.8042 1122.18
Thumb: -20.7893 121.282 1127.23
Index: 2.47873 52.6728 1147.8
Middle: 0.626276 40.3091 1128.48
Ring: 5.9158 37.4525 1111.67
Little: 19.7901 77.9323 1049.31
Thumb: -20.6331 123.012 1134.39
Index: -1.82143 53.6376 1145.18
Middle: -2.91112 40.9562 1133.16
Ring: -0.996758 44.2812 1105.12
Little: 18.6514 77.4825 1049.35
Thumb: -18.2604 118.396 1134.85
Index: -5.71967 53.9001 1138.08
Middle: -6.06234 43.2976 1135.58
Ring: -5.31273 44.1674 1128.05
Little: 23.8339 77.9376 1045.11
Thumb: -18.8373 116.335 1131.53
Index: -8.74582 53.5404 1137.23
Middle: -9.74377 44.1683 1134.91
Ring: -5.94089 41.6887 1133.02
Little: 25.4814 75.2052 1043.38
Thumb: -16.3495 116.985 1131.38
Index: -9.91106 56.1827 1138.61
Middle: -13.6446 49.4841 1139.23
Ring: -7.6025 44.004 1134.22
Little: 32.1571 81.6618 1040.54
Thumb: -13.819 118.448 1134.83
Index: -8.40802 57.7571 1139.9
Middle: -15.8783 56.5104 1136.94
Ring: -8.27868 47.8394 1132.52
Little: 35.5293 79.7769 1040.86
Thumb: -11.7837 118.626 1139.35
Index: -11.2172 57.8526 1140.84
Middle: -22.9143 59.1385 1148.61
Ring: -7.90721 46.1038 1140.62
Little: 32.2073 80.1643 1041.22
Thumb: -12.7021 118.945 1140.62
Index: -47.7761 110.187 1083.29
Middle: -21.5027 66.4858 1141.22
Ring: -8.87586 47.3983 1141.93
Little: 33.5159 79.8373 1041.6
Thumb: -16.3948 116.782 1136.03
Index: -49.3578 102.003 1084.55
Middle: -22.5246 64.2829 1141.48
Ring: -14.1438 48.5812 1137.67
Little: 42.5359 80.4549 1044.91
Thumb: -15.6832 118.718 1138.95
Index: -50.7448 108.072 1083.06
Middle: -23.6723 65.9146 1141.07
Ring: -14.2874 49.3183 1139.73
Little: 39.8146 79.4774 1045.02
Thumb: -16.396 120.168 1137.87
Index: -51.9631 111.879 1081.55
Middle: -25.0431 68.3431 1141.4
Ring: -15.627 50.805 1140.08
Little: 37.664 79.3706 1044.03
Thumb: -16.8188 118.341 1137.59
Index: -52.1003 118.035 1085.75
Middle: -26.7522 72.4122 1134.58
Ring: -18.7442 52.2666 1136.39
Little: 32.2951 80.5758 1043.07
Thumb: -17.5669 118.426 1138.35
Index: -55.4959 111.517 1089.08
Middle: -28.3086 72.9855 1135.58
Ring: -19.9302 52.8045 1137.3
Little: 31.1146 81.0036 1043.94
Thumb: -17.651 119.318 1140.2
Index: -56.933 110.757 1088.29
Middle: -28.3793 72.3366 1135.75
Ring: -18.8679 51.3229 1140.38
Little: 30.2555 80.2791 1044.63
Thumb: -17.1507 118.846 1139.57
Index: -56.5158 97.9824 1098.03
Middle: -28.0052 73.953 1137.11
Ring: -18.8656 51.475 1141.19
Little: 27.0656 79.0707 1044.55
Thumb: -17.4484 121.198 1142.08
Index: -56.4605 99.2818 1097.26
Middle: -27.7661 73.6173 1137.13
Ring: -18.6038 51.3004 1140.77
Little: 37.2369 81.7269 1048.16
Thumb: -16.4367 121.126 1140.94
Index: -56.6868 98.7008 1099.4
Middle: -27.8788 75.0427 1136.53
Ring: -19.3395 53.3379 1141.39
Little: 38.0112 83.3252 1048.75
Thumb: -17.1197 121.608 1141.51
Index: -57.1533 108.641 1093.92
Middle: -28.6621 76.0631 1134.75
Ring: -20.5564 52.5614 1142.13
Little: 38.9936 81.3324 1050.62
Thumb: -17.4358 121.683 1139.81
Index: -55.9734 108.271 1091.94
Middle: -29.1318 73.7721 1135.09
Ring: -21.2449 53.451 1141.82
Little: 39.3733 81.3457 1050.16
Thumb: -18.6763 123.04 1138.45
Index: -56.9048 109.54 1093.58
Middle: -30.7293 75.0473 1135.29
Ring: -23.07 53.8953 1143.1
Little: 36.3875 79.5775 1049.37
Thumb: -17.6426 129.318 1142.86
Index: -55.2261 121.954 1092.64
Middle: -31.6291 80.106 1134.93
Ring: -25.5883 56.8118 1144.55
Little: 33.6506 79.2895 1051.34
Thumb: -17.7312 130.453 1141.81
Index: -59.2926 117.923 1097.68
Middle: -27.7884 77.4778 1134.25
Ring: -15.8304 49.7368 1150.12
Little: 37.389 85.1195 1053.17
Thumb: -16.765 129.422 1141.79
Index: -60.1645 115.835 1102.2
Middle: -28.1046 74.2532 1133.38
Ring: -15.6993 46.1722 1146.34
Little: 34.9996 90.1347 1055.06
Thumb: -12.4934 135.665 1152.39
Index: -60.6837 112.573 1108.65
Middle: -25.2909 75.3385 1135.55
Ring: -14.2314 46.0744 1145.59
Little: 32.8465 89.0599 1054.63
Thumb: -10.4129 136.527 1153.6
Index: -59.9284 123.496 1104.57
Middle: -23.1255 74.025 1131.53
Ring: -5.52331 40.3279 1145.72
Little: 31.2491 91.9434 1052.69
Thumb: -6.45677 138.295 1157.92
Index: -52.4126 134.703 1099.91
Middle: -19.5553 68.8267 1134.03
Ring: -3.54749 38.7804 1140.92
Little: 35.2558 91.5966 1053
Thumb: 0.0631981 138.992 1164.1
Index: -48.1176 139.045 1100.83
Middle: -19.5333 55.9563 1140.72
Ring: -1.70233 38.0532 1141.5
Little: 34.5815 98.5556 1057.11
Thumb: 3.33066 135.488 1161.08
Index: -32.6303 151.448 1096.45
Middle: -12.7732 89.6547 1109.86
Ring: 2.82537 35.1845 1131.34
Little: 37.2357 97.0531 1047.67
Thumb: 12.453 143.839 1168.9
Index: -43.5903 142.253 1100.86
Middle: -13.4231 87.0722 1114.49
Ring: 5.72936 35.5899 1134.2
Little: 34.829 96.5783 1047.66
Thumb: 21.5046 143.874 1173.11
Index: -45.2087 133.206 1105.81
Middle: -10.6587 84.6004 1115.97
Ring: 10.0981 33.5637 1134.63
Little: 34.3868 92.6486 1045.27
Thumb: 26.506 141.445 1172.51
Index: -2.58352 66.953 1145.87
Middle: -15.2663 71.7028 1117.54
Ring: 14.8161 31.5895 1126.83
Little: 37.4678 96.203 1043.88
Thumb: 33.9294 142.972 1170.44
Index: 2.54184 69.6147 1145.85
Middle: -12.3774 67.5431 1120.4
Ring: 16.6421 32.3536 1125.33
Little: 34.424 96.2512 1040.54
Thumb: 41.3114 143.829 1166.64
Index: 8.24015 69.4706 1141.45
Middle: -7.82451 68.6349 1116.29
Ring: 20.7163 32.7076 1121.21
Little: 35.0823 102.512 1040.48
Thumb: 15.2592 271.635 1091.47
Index: 8.8854 68.7509 1141.07
Middle: -7.7375 65.9307 1117.9
Ring: 18.367 32.8631 1119.03
Little: 35.3789 100.65 1038.3
Thumb: 12.2666 231.68 1115.43
Index: -6.30133 67.9638 1115.1
Middle: -17.9888 63.1389 1081.39
Ring: -1.85554 37.818 1111.54
Little: 32.3931 93.9922 1016.34
Thumb: 10.1 215.685 1115.61
Index: -3.9473 61.9721 1107.15
Middle: -21.9662 57.4518 1072.91
Ring: -2.23367 44.1155 1112.87
Little: 34.2361 86.9239 1005.58
Thumb: 36.5783 237.084 1111.92
Index: -2.66689 59.9923 1110.42
Middle: -19.7476 45.9042 1080.71
Ring: -8.13351 49.4172 1109.3
Little: 34.1674 86.2287 1008.02
Thumb: 37.1089 233.576 1112.19
Index: -1.96288 56.4003 1110.47
Middle: -21.1455 43.1509 1082.33
Ring: -9.75531 44.2997 1105
Little: 34.2808 82.5145 1008
Thumb: 21.5833 207.536 1121.71
Index: 0.902288 53.6808 1113.76
Middle: -18.6456 38.9094 1092.13
Ring: -7.86757 42.7409 1107.48
Little: 32.8496 85.2473 1011.24
Thumb: 35.0539 216.166 1141.08
Index: 9.76886 52.9457 1107.74
Middle: -9.67491 41.8218 1084.25
Ring: -0.361711 44.9831 1102.56
Little: 36.8603 96.0539 1009.89
Thumb: 29.1491 217.684 1135.35
Index: 13.5461 50.1633 1109.88
Middle: -2.99664 39.9258 1099.84
Ring: 1.28579 47.5829 1104.85
Little: 38.0286 93.3511 1009.68
Thumb: 28.001 218.828 1141.08
Index: 9.27858 49.7575 1106.75
Middle: -6.68241 41.8544 1094.69
Ring: 0.137923 48.1627 1104.43
Little: 38.6512 97.8932 1010.22
Thumb: 96.2837 213.463 1175.06
Index: 55.3389 43.8491 1159.64
Middle: 22.202 83.6924 1166.81
Ring: 23.4951 79.2796 1152.08
Little: 12.3028 98.3608 1075.01
Thumb: 99.9212 154.868 1206.6
Index: 45.5225 33.6398 1135.17
Middle: 30.9853 58.1796 1152.22
Ring: 28.6579 52.4624 1136.7
Little: 5.28918 113.879 1084.22
Thumb: 110.393 142.433 1201.33
Index: 45.9355 33.0412 1136.07
Middle: 31.8216 59.4915 1152.31
Ring: 22.7153 66.1899 1141.38
Little: 3.75637 114.497 1089.67
Thumb: 120.714 132.547 1198.15
Index: 47.4028 30.2055 1123.1
Middle: 23.2724 60.3311 1143.53
Ring: 26.8742 62.8549 1138.01
Little: 16.3691 61.5635 1101.55
Thumb: 140.936 101.819 1177.75
Index: 32.7997 25.2151 1120.06
Middle: -2.14169 27.2191 1113.71
Ring: 10.2351 71.7086 1130.6
Little: -4.89517 76.3264 1096.66
Thumb: 149.216 93.2334 1164.66
Index: 29.0167 23.7346 1117.48
Middle: -0.0178261 19.9186 1093.28
Ring: 7.56516 67.6977 1128.69
Little: -6.41699 76.0749 1096.79
Thumb: 146.371 92.4041 1151.51
Index: 34.9076 14.8184 1101.78
Middle: 0.65498 18.5977 1099.77
Ring: 6.64879 121.345 1135.61
Little: -6.95337 73.771 1095.58
Thumb: 144.245 93.4664 1154.1
Index: 32.7905 13.0139 1094.05
Middle: -2.81389 17.2377 1096.7
Ring: 11.9618 114.891 1139.98
Little: -8.14672 68.9045 1095.65
Thumb: 140.387 92.2054 1143.77
Index: 35.2764 12.9357 1092.15
Middle: -0.943875 16.139 1093.74
Ring: 11.1166 115.003 1137.74
Little: -7.85797 67.3766 1093.52
Thumb: 133.802 92.0776 1131.56
Index: 32.0279 14.8698 1093.28
Middle: -2.13585 16.8301 1093.74
Ring: 4.05712 88.3567 1139.93
Little: -8.59357 61.2822 1095.29
Thumb: 136.373 100.021 1138.47
Index: 31.0377 16.8268 1094.42
Middle: -1.82658 17.6589 1092.77
Ring: 13.1661 114.291 1139.27
Little: -8.70489 63.2791 1093.2
Thumb: 137.536 100.203 1133.43
Index: 30.9093 16.5424 1096.35
Middle: -2.3806 17.3172 1092.93
Ring: 12.6753 117.05 1137.88
Little: -13.5924 61.3397 1091.39
Thumb: 137.335 94.7625 1125.57
Index: 29.3234 15.603 1092.9
Middle: -4.63445 18.8348 1095.86
Ring: 12.4453 104.808 1139.75
Little: -17.1294 55.9037 1081.92
Thumb: 136.852 98.1056 1119.79
Index: 61.8992 90.0234 1162.67
Middle: -7.22349 18.2067 1089.22
Ring: 16.8886 112.392 1108.71
Little: -16.8445 54.5584 1079.09
Thumb: 137.097 101.949 1118.02
Index: 57.306 89.0314 1162.19
Middle: -8.71999 17.3875 1080.99
Ring: 13.1207 109.999 1107.15
Little: -13.5164 55.2497 1076.13
Thumb: 134.188 101.044 1115.09
Index: 54.6251 79.3137 1156.69
Middle: -7.0466 18.8762 1073.83
Ring: 13.8997 113.39 1106.56
Little: -14.4542 58.4888 1073.02
Thumb: 132.353 100.157 1114.56
Index: 51.0746 76.233 1154.61
Middle: -7.65173 19.2683 1070.37
Ring: 12.7913 114.753 1109.46
Little: -14.8062 58.9164 1070.02
Thumb: 130.818 102.752 1101.01
Index: 62.4095 88.9906 1152.57
Middle: -9.49762 19.6593 1067.08
Ring: 12.3969 113.262 1121.41
Little: -12.9421 54.8196 1071.13
Thumb: 129.087 100.289 1094.96
Index: 59.1855 83.6076 1150.31
Middle: -7.95934 17.8955 1064.94
Ring: 10.9584 112.403 1127.56
Little: -15.518 55.633 1069.18
Thumb: 128.911 99.2932 1094
Index: 58.8573 83.3199 1149.31
Middle: -8.83031 18.1933 1063.62
Ring: 10.0154 109.016 1127.59
Little: -16.3097 56.1188 1068.1
Thumb: 128.571 98.7504 1093.05
Index: 58.4016 82.2938 1147.81
Middle: -8.66936 18.1268 1061.12
Ring: 10.509 112.628 1131.82
Little: -16.3968 56.1571 1065.99
Thumb: 128.896 98.6646 1093.46
Index: 57.7032 83.9046 1148.8
Middle: -8.73729 18.0264 1065.01
Ring: 8.01699 103.158 1146.96
Little: -17.6342 57.4875 1070.18
Thumb: 130.772 99.2544 1094.85
Index: 55.8313 83.319 1149.29
Middle: -7.22545 21.3754 1079.94
Ring: 4.14779 95.6006 1147.62
Little: -17.9977 59.1767 1074.58
Thumb: 129.967 99.6247 1097.19
Index: 53.9396 83.0163 1150.25
Middle: -7.30439 21.9827 1080.3
Ring: 4.04535 100.262 1147.49
Little: -17.3688 57.5876 1072.07
Thumb: 128.71 100.179 1100.31
Index: 52.7178 83.3871 1150.96
Middle: -8.74638 22.2857 1077.52
Ring: 3.91206 108.615 1146.32
Little: -15.879 58.0907 1070.24
Thumb: 127.681 100.215 1101.58
Index: 52.1357 83.8809 1151.23
Middle: -9.17604 22.7804 1077.72
Ring: 2.59774 111.032 1145.01
Little: -15.8221 58.0751 1069.94
Thumb: 128.785 97.4444 1102.83
Index: 52.8809 82.3741 1152.83
Middle: -8.95347 20.8663 1079.09
Ring: 3.65343 118.292 1143
Little: -16.389 57.3883 1071.87
Thumb: 128.342 97.3826 1107.84
Index: 51.2786 81.8172 1155.18
Middle: -7.83111 19.3768 1079.19
Ring: 1.20917 108.599 1148.01
Little: -15.8124 56.5637 1073.87
Thumb: 129.109 100.655 1105
Index: 56.6938 79.5243 1155.08
Middle: -4.84931 17.9364 1089.69
Ring: 5.63687 101.347 1154.25
Little: -14.9915 51.1551 1075.83
Thumb: 129.744 103.564 1115.11
Index: 55.3643 81.3435 1160.21
Middle: -3.57696 16.2412 1088.89
Ring: 4.1905 103.459 1157.51
Little: -13.1322 52.1654 1076.14
Thumb: 129.625 103.159 1121.45
Index: 55.0814 81.5637 1163.11
Middle: -2.90091 16.7801 1090.17
Ring: 6.9277 108.55 1158.7
Little: -12.6933 53.9069 1081.95
Thumb: 134.084 101.828 1122.28
Index: 55.7026 80.8877 1164.86
Middle: -2.11676 15.0178 1089.79
Ring: 9.84118 111.739 1159.77
Little: -12.2537 53.6776 1079.28
Thumb: 135.373 102.347 1124.2
Index: 57.6826 80.7237 1168
Middle: -2.60751 12.8551 1094.53
Ring: 13.3874 110.883 1163.23
Little: -13.2296 50.7556 1083.82
Thumb: 138.202 104.728 1123.08
Index: 56.5135 81.5964 1170.94
Middle: -2.27126 13.8456 1101.28
Ring: 11.2975 109.549 1165.55
Little: -12.8105 50.2977 1085.58
Thumb: 134.519 104.23 1129.1
Index: 55.6091 82.1093 1172.1
Middle: -2.07909 15.6936 1110.73
Ring: 6.04744 100.895 1167.87
Little: -13.6528 50.6931 1091.48
Thumb: 129.128 104.649 1142.58
Index: 56.8163 92.1269 1175.87
Middle: -0.993134 14.7143 1105.46
Ring: -0.737865 96.8153 1170.53
Little: -10.6417 52.0197 1094.41
Thumb: 122.438 104.057 1157.7
Index: 50.1353 91.6451 1184.95
Middle: -1.6328 13.6978 1112.42
Ring: -6.21162 98.2973 1174.1
Little: -10.5411 51.4748 1098.26
Thumb: 124.145 104.741 1160.99
Index: 50.0841 90.0315 1188.7
Middle: -0.0628653 12.5006 1108.94
Ring: -8.03644 90.9221 1176.28
Little: -10.4422 50.7895 1100.42
Thumb: 131.578 109.648 1159.21
Index: 45.4082 84.0319 1191.76
Middle: -0.77001 12.9912 1112.35
Ring: -6.39997 90.6439 1179.66
Little: -10.3592 50.7023 1106.97
Thumb: 142.942 112.708 1151.3
Index: 47.1144 75.5899 1195.62
Middle: -1.46346 13.6495 1119.23
Ring: 3.75319 98.6593 1190.78
Little: -9.11708 51.3186 1120.92
Thumb: 135.385 111.878 1156.42
Index: 57.1228 90.7199 1187.07
Middle: -2.99684 13.5405 1117.52
Ring: -1.16595 96.6682 1190.8
Little: -9.71104 50.1947 1118.4
Thumb: 121.149 112.261 1168.72
Index: 47.3716 98.463 1193.19
Middle: -3.56114 15.2189 1113.48
Ring: -11.1928 87.3475 1185.85
Little: -8.27893 50.3543 1110.07
Thumb: 78.181 116.229 1201.42
Index: -0.0268495 99.4268 1190.6
Middle: -4.71391 19.2268 1096.98
Ring: 10.2227 20.0269 1114.13
Little: -9.95477 54.7283 1102.06
Thumb: 91.2991 131.347 1217.02
Index: -11.0193 43.3238 1139.37
Middle: -0.573949 3.68821 1121.75
Ring: -4.59545 20.0643 1122.51
Little: -13.1786 49.6887 1094.31
Thumb: 82.7151 130.766 1216.22
Index: -18.4935 44.4733 1127.06
Middle: -10.8416 7.31458 1110.16
Ring: -27.3425 40.7091 1118.78
Little: -10.3305 47.5343 1081.62
Thumb: 17.78 140.942 1205.39
Index: -15.2372 41.3956 1125.32
Middle: -13.631 5.74978 1109.31
Ring: -24.1149 35.5256 1116.3
Little: -7.92233 41.6797 1080.19
Thumb: 8.26532 135.754 1203.88
Index: -18.8481 35.9221 1123.3
Middle: -20.6374 2.87917 1106.97
Ring: -29.9118 34.4371 1107.38
Little: -9.52906 36.7833 1078.75
Thumb: -2.76947 137.557 1203.14
Index: -20.3196 36.217 1123.72
Middle: -17.3552 0.982187 1105.84
Ring: -28.0318 31.214 1106.23
Little: -7.40057 36.2212 1080.51
Thumb: -14.5228 139.987 1198.6
Index: -26.1389 38.9732 1126.07
Middle: -21.3791 2.58214 1106.5
Ring: -23.5268 24.3675 1107.01
Little: -7.48377 35.9325 1081.69
Thumb: -21.5451 144.675 1191.02
Index: -25.434 37.8464 1120.99
Middle: -20.5308 3.40728 1104.89
Ring: -27.8934 37.8851 1103.28
Little: -0.975829 33.6825 1080.62
Thumb: -19.4948 137.009 1127.91
Index: -22.1054 36.8333 1108.14
Middle: -6.62617 1.08496 1111.13
Ring: -24.9935 34.8468 1093.62
Little: -10.4842 69.912 1038.27
Thumb: -30.9441 141.994 1137.3
Index: -23.0498 36.9881 1105.23
Middle: -14.4266 3.48875 1103.15
Ring: -25.2591 35.5069 1090.09
Little: -1.08167 86.7691 1026.54
Thumb: -32.459 143.195 1130.49
Index: -24.6229 44.7355 1102.88
Middle: -16.6032 8.25608 1100.47
Ring: -21.26 46.1253 1087.86
Little: 3.88077 89.8582 1026.31
Thumb: -55.2918 143.369 1136.91
Index: -23.7789 43.1279 1103.95
Middle: -14.6078 11.5486 1100.62
Ring: -18.6066 44.481 1088.82
Little: 10.1152 83.4989 1028.41
Thumb: -64.0062 145.353 1127.69
Index: -27.206 80.5057 1102.78
Middle: -11.2874 6.02935 1108.13
Ring: -16.4374 46.5397 1087
Little: 18.9126 82.7618 1027.71
Thumb: -69.409 150.7 1118.16
Index: -29.3666 83.632 1099.63
Middle: -14.1395 8.83329 1110.47
Ring: -7.91315 86.5262 1044.3
Little: 21.8271 82.4515 1027.19
Thumb: -73.5452 152.454 1111.18
Index: -30.1653 81.132 1095.97
Middle: -15.4855 8.69913 1103.95
Ring: -3.65897 83.9299 1043.03
Little: 25.5254 77.4164 1029.32
Thumb: -75.0232 149.053 1103.88
Index: -34.6669 83.7421 1091.2
Middle: -18.9003 7.46233 1102.41
Ring: 0.967263 86.7682 1043.99
Little: 22.1537 69.3339 1032.35
Thumb: -76.908 150.451 1095.93
Index: -36.8424 86.2423 1088.23
Middle: -17.6448 9.94118 1103.31
Ring: 7.01015 91.4685 1042.69
Little: 33.4256 80.4136 1030.41
Thumb: -76.2388 146.773 1095.51
Index: -40.9998 85.2598 1091.15
Middle: -18.6994 10.3661 1103.84
Ring: 0.592444 88.2334 1042.87
Little: 27.3081 77.2291 1030.8
Thumb: -79.1696 149.335 1096.81
Index: -42.503 85.8861 1091.17
Middle: -21.8132 11.2082 1099.33
Ring: 1.18595 92.5719 1041.79
Little: 25.7494 78.1881 1029.75
Thumb: -79.9864 148.18 1098.65
Index: -45.2184 88.3428 1085.33
Middle: -20.8417 14.2949 1104.2
Ring: -1.93673 92.9037 1038.65
Little: 8.56766 40.2 1093.37
Thumb: -79.3369 150.016 1097.94
Index: -45.8439 87.9392 1083.59
Middle: -22.4995 14.6677 1104.53
Ring: 0.202687 94.8645 1041.23
Little: 7.66718 39.878 1092.34
Thumb: -80.7291 150.265 1099.31
Index: -46.5159 86.8776 1082.08
Middle: -25.1202 13.8881 1101.02
Ring: -2.79101 91.6794 1034.04
Little: 6.38514 38.2213 1091.65
Thumb: -78.6194 150.215 1092.32
Index: -46.115 85.748 1080.83
Middle: -28.2501 13.6145 1101.24
Ring: -0.614471 88.4883 1033.57
Little: 6.25125 37.1276 1094.47
Thumb: -76.9722 149.418 1087.49
Index: -43.4148 87.558 1078.51
Middle: -27.1967 14.398 1098.47
Ring: 6.9866 89.9239 1034.87
Little: 7.32179 37.9301 1094.8
Thumb: -79.2237 150.8 1086.2
Index: -43.8624 87.3985 1078
Middle: -27.6034 14.2513 1098.56
Ring: 8.52229 89.7576 1037.45
Little: 6.94349 39.0749 1089.23
Thumb: -80.1763 150.909 1084.81
Index: -44.9013 87.0707 1076.51
Middle: -28.6624 14.2739 1097.78
Ring: 8.11936 90.0439 1037.32
Little: 5.74714 38.918 1090.81
Thumb: -81.6636 151.308 1087.36
Index: -44.3997 86.9992 1076.62
Middle: -27.9412 13.7606 1100.17
Ring: 9.35895 90.6389 1038.66
Little: 6.14315 38.7872 1090.93
Thumb: -78.1895 149.236 1084.15
Index: -43.8259 87.2406 1077.58
Middle: -28.0496 13.7246 1099.79
Ring: 9.98702 90.725 1038.77
Little: 6.22857 38.7742 1091.93
Thumb: -83.0298 150.071 1083.92
Index: -43.8112 86.7975 1075.93
Middle: -27.117 13.537 1100.33
Ring: 6.60167 85.9327 1033.95
Little: 6.77427 38.7268 1090.69
Thumb: -80.3421 149.033 1084.32
Index: -43.8833 88.5882 1074.86
Middle: -26.5051 16.2413 1101.72
Ring: 7.33421 89.6824 1032.7
Little: 7.1948 41.4064 1092.04
Thumb: -82.0411 150.396 1085.49
Index: -44.4326 89.1014 1075.84
Middle: -26.7589 16.0868 1105.65
Ring: 6.48203 90.1193 1031.41
Little: 6.40245 40.7943 1098.96
Thumb: -84.9487 150.238 1086.47
Index: -44.4457 87.3542 1076.39
Middle: -23.9652 15.1163 1108.26
Ring: 6.02632 89.6463 1032.39
Little: 8.34015 40.7324 1099.99
Thumb: -85.1817 150.318 1086.53
Index: -43.5378 95.1289 1070.63
Middle: -23.8633 15.102 1108.24
Ring: 7.21708 91.1552 1033.41
Little: 8.42417 40.7398 1100.05
Thumb: -85.5319 150.53 1090.46
Index: -42.8581 93.9826 1072.53
Middle: -23.2732 14.6983 1109.76
Ring: 9.78808 92.5167 1034.59
Little: 8.81053 40.1745 1100.14
Thumb: -85.5951 149.048 1088.99
Index: -43.5675 91.7558 1063.81
Middle: -21.8551 13.7901 1108.59
Ring: 10.3385 92.4104 1034.63
Little: 9.68919 39.7982 1099.95
Thumb: -84.5829 147.847 1087.3
Index: -42.8577 90.8325 1076.17
Middle: -21.5305 14.6147 1111.17
Ring: 8.17453 90.7913 1034.93
Little: 9.94366 40.4803 1101.56
Thumb: -84.3307 147.669 1085.12
Index: -41.5791 89.5009 1077.51
Middle: -21.714 14.4746 1104.93
Ring: 10.4172 92.1546 1034.04
Little: 12.006 40.6698 1101.72
Thumb: -83.7561 151.9 1084.78
Index: -40.7373 89.0677 1079.31
Middle: -19.9241 15.772 1110.72
Ring: 11.5721 92.9429 1034.05
Little: 12.7886 41.9084 1100.28
Thumb: -81.9963 153.73 1085.05
Index: -39.4154 90.2086 1080.39
Middle: -20.5878 16.6092 1108.1
Ring: 12.5722 92.7299 1034.37
Little: 13.3606 42.291 1100.75
Thumb: -81.829 151.097 1083.73
Index: -40.0428 89.6207 1081.8
Middle: -20.4512 18.3707 1107.76
Ring: 11.1156 92.2229 1037.88
Little: 12.8737 44.3696 1101.15
Thumb: -74.352 152.862 1081.73
Index: -37.6426 88.0074 1078.29
Middle: -18.0631 17.8055 1104.97
Ring: 2.30137 73.678 1023.5
Little: 15.2917 44.1174 1101.75
Thumb: -68.4354 152.556 1080.88
Index: -35.2386 87.9654 1078.2
Middle: -15.857 17.8489 1104.37
Ring: 3.75921 72.3109 1023.8
Little: 17.5373 44.1179 1101.12
Thumb: -66.7699 150.438 1083.01
Index: -31.6609 110.926 1067.72
Middle: -12.9363 18.7214 1100.6
Ring: 1.90946 73.7688 1023.17
Little: 20.9223 45.8194 1098.71
Thumb: -60.2999 150.061 1079.33
Index: -23.8459 120.502 1067.27
Middle: -6.67135 17.9405 1099.77
Ring: 22.0088 89.0947 1022.34
Little: 25.5902 45.0755 1099.43
Thumb: -51.9623 152.032 1083.29
Index: -19.9281 121.053 1066.66
Middle: -4.41692 18.864 1097.99
Ring: 29.7421 95.836 1017.18
Little: 30.2724 46.4331 1095.79
Thumb: -38.799 151.01 1073.61
Index: -14.3306 124.611 1065.66
Middle: 2.56367 23.3808 1091.7
Ring: 35.1807 99.443 1017.31
Little: 37.3863 50.6194 1094.34
