Thumb: 32.9554 91.7207 1121.92
Index: -64.5745 28.1944 1098.23
Middle: -101.42 40.8207 1097.63
Ring: -124.543 62.0639 1082.41
Little: -141.773 103.039 1080.87
Thumb: 37.8167 89.2469 1107.15
Index: -62.5624 43.816 1113
Middle: -102.487 38.0337 1095.52
Ring: -116.364 54.6072 1084.15
Little: -108.015 124.995 1128.6
Thumb: 31.0759 84.1528 1111.27
Index: -56.0155 67.6137 1125.46
Middle: -109.029 33.7846 1083.86
Ring: -122.345 53.4213 1082.83
Little: -112.37 128.636 1132.22
Thumb: 27.251 82.746 1113.2
Index: -58.9742 69.8187 1126.96
Middle: -111.446 36.8416 1082.08
Ring: -123.925 56.8435 1084.13
Little: -113.651 129.87 1134.2
Thumb: 21.6543 81.3701 1113.37
Index: -57.0759 72.8026 1126.44
Middle: -110.308 40.3108 1094.67
Ring: -125.088 57.0574 1083.39
Little: -111.182 137.075 1134.89
Thumb: 14.8268 82.8089 1110.06
Index: -86.1394 35.9925 1112.16
Middle: -113.147 35.5576 1084.51
Ring: -126.621 54.5039 1079.65
Little: -111.928 134.208 1138.61
Thumb: 7.49012 83.7499 1111.63
Index: -88.8811 30.8372 1093.35
Middle: -110.996 37.0716 1093.87
Ring: -126.862 53.0755 1095.28
Little: -115.783 134.444 1136.44
Thumb: 4.28226 83.6054 1111.6
Index: -90.0591 31.9428 1093.53
Middle: -110.781 41.8107 1097.76
Ring: -128.382 55.3028 1097.05
Little: -114.501 142.303 1135.59
Thumb: -3.94257 81.554 1107.32
Index: -92.185 33.2231 1091.43
Middle: -112.634 47.4309 1098.75
Ring: -130.429 58.6424 1096.72
Little: -111.989 143.142 1137.02
Thumb: -4.34287 77.1263 1099.14
Index: -96.3039 37.2293 1091.12
Middle: -112.229 47.6134 1099.58
Ring: -127.789 62.0597 1104.04
Little: -111.822 136.915 1137.5
Thumb: -11.8005 77.8132 1101.29
Index: -98.9219 39.514 1094.16
Middle: -112.766 46.3567 1099.19
Ring: -128.759 61.1389 1103.93
Little: -111.315 141.284 1135.39
Thumb: -11.5781 74.0271 1106.76
Index: -100.347 37.2919 1098.37
Middle: -115.189 46.3634 1103.25
Ring: -128.282 61.4971 1107.33
Little: -118.259 124.829 1132.58
Thumb: -8.69511 75.5177 1103.05
Index: -99.5171 35.2673 1092.14
Middle: -115.761 46.5917 1100.51
Ring: -124.585 61.5815 1108.47
Little: -128.207 109.994 1108.29
Thumb: -6.41217 75.5259 1105.55
Index: -97.4052 32.5364 1093.42
Middle: -112.875 44.7014 1104.52
Ring: -121.354 58.7502 1111.09
Little: -124.537 109.022 1109.62
Thumb: -10.4793 82.205 1108.75
Index: -92.6523 31.4315 1102.99
Middle: -108.371 39.2214 1108.64
Ring: -114.194 54.7729 1115.08
Little: -120.633 104.18 1113.92
Thumb: 0.139311 88.3229 1109.41
Index: -81.8578 29.3732 1092.13
Middle: -95.4446 29.319 1096.7
Ring: -101.47 51.2156 1108.23
Little: -113.571 101.609 1109.72
Thumb: 4.19753 86.4624 1109.67
Index: -69.5464 24.3216 1091.98
Middle: -86.9995 35.4307 1100.96
Ring: -98.9559 51.0148 1107.29
Little: -107.599 97.8849 1107.82
Thumb: 10.1392 86.975 1102.96
Index: -57.0012 26.4284 1098.04
Middle: -81.1212 34.3408 1102.83
Ring: -92.6273 49.5907 1109.06
Little: -100.665 95.8467 1109.44
Thumb: 11.8743 88.2648 1108.49
Index: -49.2206 26.1248 1095.67
Middle: -71.4319 34.815 1102.16
Ring: -83.6857 50.2595 1106.23
Little: -96.2851 89.3888 1107.62
Thumb: 26.604 93.9339 1116.41
Index: -38.163 26.7448 1100.91
Middle: -63.4873 31.1218 1108.57
Ring: -76.203 48.6711 1114.4
Little: -85.876 79.2648 1109.63
Thumb: 35.8914 93.001 1111.8
Index: -51.9051 37.4894 1099.78
Middle: -55.0049 26.6875 1104.43
Ring: -68.1342 44.047 1108.61
Little: -79.0519 67.7085 1098.46
Thumb: 43.3218 91.9492 1112.63
Index: -45.7536 37.7636 1099.68
Middle: -49.0596 26.1947 1102.01
Ring: -61.1422 45.4668 1110.97
Little: -73.4093 67.955 1098.13
Thumb: 49.6746 96.8362 1117.35
Index: -19.9839 25.4778 1104.17
Middle: -43.69 27.3842 1108.19
Ring: -57.7374 39.5555 1105.81
Little: -61.3522 63.8097 1101.08
Thumb: 57.5861 97.0686 1114.51
Index: -13.4831 26.4034 1102.99
Middle: -38.9587 20.6864 1103.91
Ring: -26.3327 35.3596 1103.82
Little: -55.5971 62.804 1099.99
Thumb: 71.0913 103.245 1119.39
Index: -5.72166 27.5416 1106.43
Middle: -29.9798 21.6192 1108.49
Ring: -41.339 36.065 1104.22
Little: -48.9784 63.5708 1102.28
Thumb: 73.4943 94.4369 1117.22
Index: 4.1902 26.0748 1106.14
Middle: -24.1613 14.3542 1102.61
Ring: -38.2449 30.9702 1107.63
Little: -42.6507 55.6179 1100.79
Thumb: 88.4857 100.167 1120.15
Index: 11.4945 21.8062 1107.78
Middle: -18.3951 14.2598 1105.87
Ring: -30.5189 27.192 1110.33
Little: -40.3332 53.4165 1103.82
Thumb: 113.361 100.589 1103.59
Index: 24.6614 27.7107 1108.41
Middle: -9.88598 10.1068 1103.34
Ring: -21.7363 28.2736 1112.21
Little: -33.8003 48.8286 1102.97
Thumb: 93.6687 95.9921 1109.68
Index: 37.8999 32.7382 1113.55
Middle: -2.96708 10.1388 1100.01
Ring: -12.2913 25.212 1110.01
Little: -19.6199 41.8551 1096.85
Thumb: 98.6357 87.6005 1109.57
Index: 43.3495 25.1505 1107.68
Middle: 5.7117 8.53144 1099.54
Ring: -8.48735 26.7112 1108.37
Little: -11.7949 40.6166 1092.49
Thumb: 112.372 89.4064 1109.07
Index: 47.9297 15.5995 1110.47
Middle: 12.4678 5.01458 1096.65
Ring: -3.78485 21.1439 1106.37
Little: -5.43332 38.5128 1091.92
Thumb: 119.198 90.4773 1111.58
Index: 54.0197 15.2024 1101.54
Middle: 20.4804 6.43644 1096.88
Ring: 5.53079 19.606 1103.2
Little: 1.50665 39.9579 1093.72
Thumb: 125.542 90.0301 1112.55
Index: 58.7318 12.4073 1100.66
Middle: 26.5471 6.61119 1096.3
Ring: 10.8871 19.9675 1100.37
Little: 7.73547 41.305 1093.76
Thumb: 133.091 93.389 1104.05
Index: 68.2747 10.1342 1098.61
Middle: 36.9833 2.03363 1095.36
Ring: 29.1137 9.0258 1091.15
Little: 16.1196 33.9472 1086.23
Thumb: 139.184 94.4011 1102.49
Index: 72.171 10.6491 1094.55
Middle: 42.6092 -0.789921 1086.26
Ring: 36.9236 9.33978 1089.59
Little: 23.204 34.8092 1086.38
Thumb: 146.215 92.9447 1106.67
Index: 76.2425 9.43865 1097.94
Middle: 44.7722 0.514536 1090.42
Ring: 46.9134 7.79642 1087.96
Little: 28.3032 34.4896 1083.98
Thumb: 150.083 96.7799 1106.02
Index: 82.3132 7.43759 1094.32
Middle: 51.1383 0.606251 1087.03
Ring: 55.0663 7.35865 1085.11
Little: 34.0589 33.2111 1085.7
Thumb: 151.346 99.6429 1109.32
Index: 84.1143 6.58381 1097.35
Middle: 53.1788 3.84502 1096.48
Ring: 58.6519 4.50043 1080.53
Little: 36.4268 31.8761 1089.13
Thumb: 158.273 103.029 1109.73
Index: 86.7258 5.39786 1098.91
Middle: 54.8832 2.50537 1094.92
Ring: 60.7936 3.92431 1081.86
Little: 37.4243 30.6778 1084.23
Thumb: 162.903 103.254 1110.79
Index: 90.3504 6.33154 1101.32
Middle: 58.2219 2.59205 1097
Ring: 61.6181 4.0153 1081.3
Little: 40.9473 31.3079 1085.57
Thumb: 163.292 102.012 1113.44
Index: 90.7053 5.07702 1098.87
Middle: 59.038 3.77362 1097.64
Ring: 72.606 5.08229 1080.37
Little: 42.0818 31.4476 1083.66
Thumb: 165.678 101.428 1114.4
Index: 89.1846 5.75291 1098.94
Middle: 57.8675 6.40982 1098.35
Ring: 67.6805 17.0613 1097.93
Little: 40.2409 34.2208 1090.33
Thumb: 164.679 100.625 1114.91
Index: 87.0113 6.23286 1099.14
Middle: 55.8832 7.39395 1099.38
Ring: 65.8556 18.6065 1099.37
Little: 38.785 35.6736 1091.64
Thumb: 164.922 98.5091 1113.86
Index: 86.8326 15.5362 1107.45
Middle: 52.0948 7.42482 1103.99
Ring: 65.7236 19.6581 1097.13
Little: 35.7524 42.2103 1094.93
Thumb: 162.707 98.4678 1113.07
Index: 87.4448 23.021 1109.01
Middle: 50.7683 8.46127 1104.99
Ring: 60.9255 18.2942 1097.18
Little: 33.4322 40.1348 1091.72
Thumb: 163.59 97.469 1109.39
Index: 83.0115 27.174 1107.8
Middle: 50.0549 26.0162 1105.69
Ring: 47.944 22.1184 1092.95
Little: 28.4128 45.6241 1088.06
Thumb: 157.899 97.5845 1114.34
Index: 80.1545 28.4859 1112.01
Middle: 45.7844 23.797 1108.57
Ring: 45.377 20.161 1093.58
Little: 21.5603 48.5311 1091.03
Thumb: 152.427 93.8681 1114.61
Index: 73.5399 28.1901 1111.24
Middle: 37.739 21.8228 1108.17
Ring: 44.7819 107.138 1149.08
Little: 15.5149 51.9733 1092.66
Thumb: 148.456 93.6478 1114.67
Index: 67.6822 30.5763 1111.8
Middle: 28.5197 17.9382 1100.45
Ring: 40.2411 105.701 1155.83
Little: 12.7297 53.6742 1091.09
Thumb: 138.937 89.4228 1116.23
Index: 59.2212 28.563 1112.69
Middle: 21.9382 21.1541 1102.92
Ring: 34.1238 107.685 1154.82
Little: 6.94992 51.6479 1084.81
Thumb: 132.671 91.9957 1120.88
Index: 53.1582 29.0112 1109.82
Middle: 18.7792 26.6238 1100.72
Ring: 30.5767 108.301 1158.84
Little: 2.63248 52.64 1082.66
Thumb: 126.187 95.8337 1118.96
Index: 44.0059 21.247 1103.08
Middle: 13.1367 26.8052 1099.57
Ring: 24.0596 108.429 1159.26
Little: -2.21119 54.6407 1086.57
Thumb: 118.662 97.0758 1125.41
Index: 33.9596 23.8459 1107.8
Middle: 2.06128 27.6952 1103.34
Ring: 10.2566 107.217 1163.05
Little: -9.70363 59.4968 1092.15
Thumb: 108.927 96.4129 1125.92
Index: 29.3029 33.341 1118.02
Middle: -6.35251 25.8341 1098.13
Ring: 1.46911 107.14 1161.75
Little: -16.0902 61.6177 1089.63
Thumb: 100.976 93.5512 1124.74
Index: 27.0041 38.3053 1117.39
Middle: -10.9329 30.9793 1102.59
Ring: 0.333684 111.383 1165.91
Little: -18.8683 65.7728 1093.56
Thumb: 91.3531 94.2096 1127.35
Index: 19.1551 39.9737 1121.21
Middle: -19.8701 26.3805 1103.62
Ring: -3.93523 115.232 1167.98
Little: -27.0057 65.6214 1098.26
Thumb: 89.1483 97.9084 1131.98
Index: 15.1279 44.7519 1127.11
Middle: -24.7012 27.9475 1106.17
Ring: -9.32878 124.92 1169.15
Little: -32.2691 70.3019 1105.99
Thumb: 86.0658 90.6501 1134.59
Index: 10.0111 42.7989 1127.06
Middle: -30.1843 27.8123 1103.58
Ring: -13.3244 128.112 1169.31
Little: -36.3837 68.3586 1098.83
Thumb: 81.714 94.7969 1138.32
Index: 2.43174 39.2266 1133.4
Middle: -33.127 19.22 1096.58
Ring: -24.2823 123.877 1171.33
Little: -45.2003 66.4384 1103.68
Thumb: 65.2893 94.4159 1159.94
Index: -10.2404 47.3517 1139.01
Middle: -36.7513 16.7453 1094.91
Ring: -46.509 126.233 1161.18
Little: -51.3322 65.9032 1094.17
Thumb: 27.1723 107.591 1189.05
Index: -42.614 82.0866 1165.27
Middle: -39.8278 17.4567 1106.97
Ring: -33.722 26.3487 1099.96
Little: -38.9338 57.2387 1079.16
Thumb: 19.9729 125.175 1195.39
Index: -61.3244 58.015 1152.09
Middle: -44.1534 11.1901 1104.4
Ring: -44.6257 20.7386 1102.47
Little: -42.4325 47.2801 1081.78
Thumb: 21.0871 142.154 1208.62
Index: -55.9091 40.8559 1135.58
Middle: -53.7201 14.5706 1111.59
Ring: -47.3058 20.5286 1104.87
Little: -48.2533 44.2974 1072.43
Thumb: 41.7619 155.332 1229.42
Index: -63.709 40.6898 1141.48
Middle: -70.2886 42.9356 1116.89
Ring: -55.7896 22.8066 1110.27
Little: -51.8167 47.7497 1076.34
Thumb: 48.813 171.174 1227.55
Index: -67.1432 44.0986 1144.49
Middle: -71.8685 44.2751 1114.89
Ring: -58.7273 25.0314 1110.62
Little: -53.2777 49.3987 1076.06
Thumb: 39.4837 176.456 1234.11
Index: -70.0385 47.2074 1150.08
Middle: -76.0759 46.7542 1120.05
Ring: -61.935 26.2295 1115.25
Little: -54.2842 49.592 1081.05
Thumb: 50.1863 212.566 1212.88
Index: -58.0844 85.379 1153.87
Middle: -78.6308 48.8254 1122.18
Ring: -63.857 27.3961 1114.07
Little: -52.1486 48.4871 1080.96
Thumb: 58.7927 176.193 1219.52
Index: -68.8419 83.3497 1152.32
Middle: -58.2204 89.5351 1132.63
Ring: -65.7536 25.9991 1114.15
Little: -58.7702 47.7425 1083.7
Thumb: 78.844 181.411 1210.72
Index: -63.759 84.3441 1154.68
Middle: -48.9636 112.8 1138.43
Ring: -61.2515 39.3088 1108.32
Little: -53.8974 63.3274 1093.35
Thumb: 101.637 170.665 1179.47
Index: -56.8987 85.0587 1165.19
Middle: -57.1329 103.863 1141.72
Ring: -66.3301 38.6008 1120.6
Little: -84.9877 86.8276 1121.16
Thumb: 77.8661 214.697 1044.25
Index: 44.543 140.025 1120.48
Middle: 16.0524 144.437 1140.08
Ring: -42.3529 31.96 1095.94
Little: -43.5027 88.4789 1147.49
Thumb: 91.4754 190.87 1084.96
Index: 39.6588 139.55 1124.15
Middle: 17.1921 137.92 1161.83
Ring: -44.1434 27.1495 1107.74
Little: -45.9344 90.1171 1153.67
Thumb: 85.1035 157.692 1090.7
Index: 39.9982 140.556 1121.34
Middle: 18.3715 126.622 1177.27
Ring: -43.4757 27.1223 1110.61
Little: -48.055 93.77 1156.15
Thumb: 82.5013 168.088 1098.59
Index: 35.2626 140.596 1123.61
Middle: 10.5598 121.826 1179.18
Ring: -43.8686 26.0099 1104.5
Little: -52.9391 89.6297 1152.92
Thumb: 78.1934 128.584 1113.94
Index: -5.48438 80.5077 1148.6
Middle: -4.91494 120.195 1186.63
Ring: -77.3833 36.4868 1118.7
Little: -71.6226 113.738 1160.39
Thumb: 74.8383 121.527 1115.74
Index: -17.8016 68.7864 1144.39
Middle: -21.0217 86.4304 1189.79
Ring: -79.6435 36.901 1117.96
Little: -78.1596 120.557 1145.77
Thumb: 76.644 124.704 1118.12
Index: -51.6814 37.104 1111.7
Middle: -25.2488 90.0643 1191.3
Ring: -80.0912 36.9167 1119.32
Little: -78.7386 117.483 1147.72
Thumb: 73.4908 120.983 1121.84
Index: -57.8995 39.1489 1110.91
Middle: -30.9749 90.2905 1190.4
Ring: -83.1808 38.9815 1116.17
Little: -85.265 119.291 1142.41
Thumb: 72.919 119.23 1124.51
Index: -54.7957 41.0133 1120.6
Middle: -30.3719 97.0064 1190.65
Ring: -83.603 37.0429 1112.67
Little: -89.7323 111.652 1134.64
Thumb: 76.9557 125.428 1121.26
Index: -55.4024 47.0216 1127.08
Middle: -39.2858 105.675 1192.38
Ring: -84.7648 39.1273 1112.85
Little: -94.6776 112.188 1127.28
Thumb: 86.8529 137.219 1105.48
Index: -56.1173 48.0001 1127.38
Middle: -37.9803 117.595 1189.31
Ring: -86.483 39.193 1112.53
Little: -96.1403 111.674 1124.22
Thumb: 79.3474 133.498 1126.28
Index: -56.4661 49.2656 1124.79
Middle: -40.6188 118.032 1186.78
Ring: -87.3926 39.1492 1109.58
Little: -97.2406 110.914 1120
Thumb: 85.0515 141.22 1121.52
Index: -56.4043 48.9146 1120.3
Middle: -45.4065 102.719 1186.09
Ring: -87.5312 39.4601 1106.43
Little: -96.5997 112.263 1112.73
Thumb: 84.9393 144.658 1120.47
Index: -54.7865 49.2204 1117.52
Middle: -42.1295 109.525 1183.8
Ring: -85.4228 39.005 1101.86
Little: -96.1005 111.862 1109.83
Thumb: -5.05141 74.7209 1103.28
Index: -56.0014 48.0584 1116.43
Middle: -41.4103 110.257 1183.43
Ring: -86.6645 38.6183 1102.76
Little: -96.7652 111.359 1110.05
Thumb: 62.7248 105.195 1110.85
Index: -53.2726 48.792 1117
Middle: -39.6464 111.661 1183.21
Ring: -84.7747 38.2102 1102.61
Little: -95.564 110.539 1109.97
Thumb: 75.3889 138.783 1131.29
Index: -56.4054 44.1174 1108.13
Middle: -39.4673 111.226 1178.25
Ring: -86.9016 38.6613 1096.99
Little: -95.2569 110.306 1104.92
Thumb: 78.1867 144.985 1128.15
Index: -53.5314 44.8388 1107.28
Middle: -36.7151 113.819 1176.93
Ring: -85.0295 39.3607 1094.42
Little: -93.0811 110.845 1104.21
Thumb: 73.5471 141.469 1130.83
Index: -53.5045 44.6003 1107.86
Middle: -36.5702 114.804 1176.94
Ring: -84.735 39.5536 1095.78
Little: -93.0465 111.242 1105.7
Thumb: 70.6704 135.322 1120.19
Index: -50.4524 44.0827 1106.94
Middle: -32.4663 114.56 1176.41
Ring: -82.9859 39.2919 1095.24
Little: -90.9963 110.619 1106.27
Thumb: 71.9095 141.321 1119.02
Index: -47.1768 46.5972 1106.93
Middle: -31.1021 117.794 1176.38
Ring: -79.5193 40.8368 1095.13
Little: -89.6689 111.804 1106.21
Thumb: 77.969 144.226 1118.18
Index: -45.7946 47.4646 1109.55
Middle: -29.6723 121.351 1176.61
Ring: -76.8634 40.6606 1098.36
Little: -88.6588 112.113 1105.37
Thumb: 75.1997 146.87 1117.12
Index: -40.3966 49.7383 1109.64
Middle: -24.6962 123.302 1176.77
Ring: -71.5146 41.3356 1098.17
Little: -86.0551 112.345 1110.35
Thumb: 90.4113 161.655 1108.98
Index: -35.509 49.5768 1117.35
Middle: -22.5869 123.595 1179.43
Ring: -67.4528 39.2969 1102.59
Little: -82.7754 109.91 1111.41
Thumb: 87.8637 142.747 1094.14
Index: -33.7688 51.5738 1119.7
Middle: -21.8237 130.341 1180.11
Ring: -65.2515 40.5232 1106.56
Little: -82.0288 110.01 1120.03
Thumb: 99.1526 166.069 1088.62
Index: -26.7455 50.5063 1119.2
Middle: -19.29 118.19 1183.44
Ring: -59.0048 39.3455 1108.3
Little: -76.4593 109.604 1115.73
Thumb: 86.0061 135.189 1081.84
Index: -23.9895 44.1479 1115.61
Middle: -15.331 121.858 1184.15
Ring: -53.646 36.5926 1109.1
Little: -77.8932 80.7856 1122.62
Thumb: 91.0867 142.432 1103.68
Index: -18.1052 43.4814 1117.27
Middle: -7.24181 121.882 1184.13
Ring: -50.0657 35.0486 1111.12
Little: -71.8651 79.9655 1125.07
Thumb: 90.7794 139.303 1112.83
Index: -10.3864 41.1031 1116.8
Middle: -0.276412 120.339 1187.52
Ring: -43.1061 32.1488 1111.36
Little: -66.1606 75.9354 1127.85
Thumb: 46.6531 86.1401 1101.84
Index: -6.09541 38.2642 1119.2
Middle: 6.59284 114.752 1190.08
Ring: -36.1635 29.9884 1114.62
Little: -59.9073 70.6054 1128.85
Thumb: 94.5307 117.774 1104.73
Index: -0.946402 37.6222 1120.81
Middle: 7.64112 113.192 1192.23
Ring: -17.8428 109.044 1148.73
Little: -55.2815 69.802 1129.55
Thumb: 96.9246 116.739 1109.19
Index: 8.56915 37.944 1121.07
Middle: 15.6492 118.824 1191.67
Ring: -14.4217 89.6593 1128.28
Little: -48.3926 68.9453 1130.59
Thumb: 106.079 123.421 1108.12
Index: 15.4131 37.572 1120.14
Middle: 20.3292 115.956 1192.27
Ring: -8.51422 89.4152 1128.37
Little: -40.2342 77.7928 1132.99
Thumb: 109.671 126.35 1107.74
Index: 21.8691 37.9357 1117.47
Middle: -11.4762 27.3088 1124.79
Ring: -3.46101 88.5343 1127.61
Little: -34.7661 74.9842 1133.11
Thumb: 47.3461 89.9948 1106.47
Index: 30.3158 38.7184 1120.12
Middle: -3.33381 28.7674 1130.43
Ring: 1.74964 47.1066 1130.94
Little: -24.9492 75.1295 1135.17
Thumb: 51.257 89.7129 1112.99
Index: 37.0224 35.5244 1117.28
Middle: 2.63943 23.912 1116.3
Ring: 8.66285 45.4848 1129.7
Little: -19.695 72.2067 1131.56
Thumb: 52.1955 87.9963 1117.13
Index: 44.2752 31.9508 1115.84
Middle: 11.4671 18.6611 1114.11
Ring: 15.8821 40.9791 1129.4
Little: -15.9062 55.8616 1126.31
Thumb: 61.703 90.7231 1114.92
Index: 51.492 34.192 1113.05
Middle: 18.0711 21.8237 1113.18
Ring: 21.9763 44.623 1129.68
Little: -9.13613 49.5267 1123.13
Thumb: 66.3675 86.3028 1115.53
Index: 55.9403 29.5514 1110.9
Middle: 22.3672 18.1821 1112.62
Ring: 30.038 94.0704 1168.48
Little: -4.31686 45.7457 1122.2
Thumb: 70.4338 88.3668 1116.64
Index: 62.9666 32.18 1114.83
Middle: 29.4857 19.3033 1115.08
Ring: 36.3949 97.9828 1170.5
Little: 1.35751 42.0245 1119.57
Thumb: 76.6408 93.6831 1114.5
Index: 68.8016 36.22 1119.03
Middle: 35.0586 22.8872 1116.55
Ring: 41.0274 105.335 1170.35
Little: 7.20548 45.5089 1119.62
Thumb: 81.994 87.4108 1116.14
Index: 73.2353 31.8918 1117.67
Middle: 39.3684 20.1059 1116.59
Ring: 47.2614 102.427 1169.56
Little: 11.3922 43.7674 1120.44
Thumb: 115.374 84.6881 1103.41
Index: 76.0957 32.07 1116.37
Middle: 41.9775 21.2099 1115.41
Ring: 52.0224 102.794 1168.52
Little: 16.5776 45.2681 1119.28
Thumb: 114.18 83.8475 1099.93
Index: 76.5453 32.3408 1120.09
Middle: 42.4348 22.0756 1125.27
Ring: 58.2033 104.571 1173.03
Little: 17.8758 48.1454 1129.41
Thumb: 109.602 82.071 1094.74
Index: 74.9205 28.9362 1116.72
Middle: 44.0278 22.5628 1134.04
Ring: 62.9159 102.645 1177.1
Little: 15.6005 47.0147 1133.8
Thumb: 108.459 76.907 1089.03
Index: 117.584 75.9364 1173.01
Middle: 39.6115 25.7766 1136.11
Ring: 77.3468 104.37 1177.67
Little: 12.1485 50.8226 1135.99
Thumb: 158.821 105.092 1099.29
Index: 107.88 60.3204 1168.13
Middle: 39.7262 25.1016 1135.69
Ring: 82.6074 109.116 1180.65
Little: 8.30095 54.4218 1144.35
Thumb: 165.869 118.462 1085.01
Index: 115.46 72.1013 1169.59
Middle: 39.3778 30.5487 1140.02
Ring: 87.7126 111.785 1188.02
Little: 10.3259 60.9479 1152.66
Thumb: 164.392 126.912 1064.32
Index: 150.347 113.858 1153.68
Middle: 45.1987 32.5713 1141.48
Ring: 103.442 115.932 1182.5
Little: 20.5346 63.5505 1163.06
Thumb: 165.067 135.172 1060.79
Index: 153.577 110.465 1150.26
Middle: 47.0478 32.4706 1147.07
Ring: 108.941 112.378 1182.77
Little: 24.5171 63.0729 1170.8
Thumb: 155.03 134.858 1060.31
Index: 160.43 125.441 1140.09
Middle: 147.076 138.812 1161.82
Ring: 121.066 125.024 1176.82
Little: 50.1468 68.0884 1180.82
Thumb: 149.026 150.104 1041.99
Index: 164.858 126.272 1129.72
Middle: 153.849 142.242 1151.06
Ring: 130.898 130.605 1168.67
Little: 60.4452 68.8012 1183.7
Thumb: 144.796 139.584 1040.66
Index: 164.415 126.664 1121.69
Middle: 157.044 130.709 1152.37
Ring: 132.917 142.013 1156.29
Little: 45.6004 63.298 1180.05
Thumb: 140.11 122.847 1067.79
Index: 165.757 133.642 1116.24
Middle: 159.551 139.85 1144.87
Ring: 132.671 148.527 1150.16
Little: 55.4041 56.371 1170.4
Thumb: 135.484 140.382 1037.17
Index: 156.19 147.58 1098.23
Middle: 165.661 129.507 1144.75
Ring: 131.071 151.933 1142.24
Little: 57.6469 63.077 1181.86
Thumb: 136.701 153.145 1032.1
Index: 159.029 133.72 1098.12
Middle: 166.933 119.229 1138.75
Ring: 126.777 147.17 1135.23
Little: 58.5158 58.2407 1171.77
Thumb: 135.474 155.331 1035.37
Index: 152.801 138.672 1092.06
Middle: 167.82 119.685 1134.5
Ring: 122.982 144.187 1133.62
Little: 59.5657 56.6713 1171.51
Thumb: 139.249 149.084 1042.45
Index: 153.583 137.636 1093.17
Middle: 167.974 126.477 1132.15
Ring: 131.578 143.822 1137.06
Little: 60.8498 56.6873 1170.08
Thumb: 137.833 149.178 1041.75
Index: 155.728 133.912 1095.25
Middle: 167.681 124.598 1132.79
Ring: 132.737 142.195 1138.21
Little: 61.7738 54.3489 1163.57
Thumb: 135.474 160.118 1034.48
Index: 152.079 139.26 1093.06
Middle: 166.709 116.137 1134.34
Ring: 132.499 140.556 1138.59
Little: 58.6545 54.1901 1151.06
Thumb: 137.433 170.167 1034.36
Index: 157.832 137.493 1097.16
Middle: 159.341 138.782 1128.21
Ring: 132.743 143.333 1139.38
Little: 60.2422 55.4626 1150.12
Thumb: 136.714 170.641 1035.3
Index: 156.911 136.689 1098.13
Middle: 152.28 140.76 1126.23
Ring: 125.813 141.865 1138.17
Little: 60.1832 55.8242 1144.4
Thumb: 142.101 176.988 1038.54
Index: 158.573 129.23 1101.77
Middle: 149.595 141.527 1126.44
Ring: 121.124 141.164 1137.7
Little: 58.5531 56.8777 1141.23
Thumb: 141.474 176.25 1038.7
Index: 160.047 122.74 1103.51
Middle: 151.147 141.224 1126.87
Ring: 125.399 138.159 1139.85
Little: 57.9159 56.0688 1142.33
Thumb: 145.831 183.742 1042.59
Index: 156.312 130.215 1103.85
Middle: 156.589 124.557 1136.28
Ring: 121.179 135.34 1143.57
Little: 52.755 51.8309 1144.83
Thumb: 151.72 147.963 1072.39
Index: 155.618 129.452 1103.12
Middle: 156.251 121.962 1136.76
Ring: 121.564 130.923 1142.62
Little: 50.6335 49.4339 1149.42
Thumb: 152.734 144.881 1089.37
Index: 157.428 125.775 1110.04
Middle: 157.37 119.898 1144.19
Ring: 119.166 130.294 1145.55
Little: 47.5465 48.8292 1151.23
Thumb: 159.539 150.769 1113.86
Index: 140.473 140.771 1099.6
Middle: 152.932 122.585 1144.75
Ring: 116.456 130.749 1147.21
Little: 46.1418 48.9352 1152.51
Thumb: 160.251 164.886 1085.12
Index: 143.107 137.571 1105.84
Middle: 147.676 123.915 1147.85
Ring: 111.002 134.061 1146.52
Little: 40.412 50.3763 1148.85
Thumb: 164.029 174.704 1076.3
Index: 143.512 139.321 1109.83
Middle: 145.807 129.256 1151.55
Ring: 114.281 139.253 1151.3
Little: 41.4018 50.4346 1153.65
Thumb: 166.044 175.394 1071.71
Index: 153.46 141.279 1114.6
Middle: 146.406 129.381 1150.87
Ring: 111.94 140.359 1147.77
Little: 41.3066 50.7084 1152.33
Thumb: 129.536 147.204 1109.48
Index: 161.003 121.346 1132.52
Middle: 142.858 129.726 1152.4
Ring: 111.119 140.05 1148.94
Little: 38.403 51.5278 1150.32
Thumb: 151.189 148.627 1097.65
Index: 158.73 120.407 1132.15
Middle: 139.402 129.836 1150.5
Ring: 106.072 138.826 1146.27
Little: 35.6951 51.3374 1153.28
Thumb: 149.591 149.917 1101.54
Index: 154.748 122.454 1131.22
Middle: 137.071 127.354 1153.17
Ring: 105.609 140.112 1147.98
Little: 34.2291 49.2083 1154.26
Thumb: 155.134 155.922 1097.81
Index: 153.918 124.427 1128.01
Middle: 135.633 128.973 1149.46
Ring: 96.7959 135.803 1138.97
Little: 34.6211 49.0513 1145.43
Thumb: 154.478 158.151 1091.05
Index: 146.829 128.212 1120.91
Middle: 131.358 129.108 1147.15
Ring: 101.845 141.544 1143.24
Little: 33.2743 49.2272 1141.58
Thumb: 137.267 147.965 1104.14
Index: 144.855 129.026 1122.72
Middle: 128.588 128.654 1148.84
Ring: 97.2337 141.296 1141.74
Little: 31.54 48.5448 1139.27
Thumb: 135.395 141.717 1104.84
Index: 139.999 113.941 1125
Middle: 126.253 129.627 1145.6
Ring: 93.1521 139.991 1137.46
Little: 29.5397 49.9909 1138.29
Thumb: 126.757 126.344 1112.28
Index: 132.322 84.9952 1136.64
Middle: 110.771 111.079 1144.47
Ring: 82.5287 120.895 1139.7
Little: 15.7982 31.2063 1130.48
Thumb: 132.904 141.086 1104.19
Index: 133.898 103.769 1139.6
Middle: 105.844 112.465 1146.78
Ring: 77.1747 117.017 1141.25
Little: 13.5456 25.6399 1127.13
Thumb: 134.253 143.534 1101.07
Index: 130.363 97.5762 1141.7
Middle: 102.987 111.809 1147.69
Ring: 76.624 116.782 1144.63
Little: 8.11751 26.4228 1130.18
Thumb: 115.527 142.953 1095.84
Index: 105.142 135.291 1104.32
Middle: 98.7351 115.529 1146.54
Ring: 78.0361 112.221 1156.45
Little: 5.59713 25.9467 1155.98
Thumb: 93.8344 121.586 1097.69
Index: 83.7324 120.665 1095.92
Middle: 92.0247 118.083 1148.71
Ring: 84.8971 99.4788 1181.41
Little: 0.652285 30.1583 1173.04
Thumb: 91.838 117.848 1080
Index: 81.7087 117.296 1089.4
Middle: 90.0792 111.546 1141.76
Ring: 82.6101 94.2444 1174.36
Little: -9.63212 31.6948 1167.41
Thumb: 90.053 103.988 1081.28
Index: 81.5025 118.111 1087.8
Middle: 92.0484 114.974 1138.3
Ring: 86.1458 94.6426 1171.9
Little: 49.2671 91.4564 1183.21
Thumb: 89.0304 108.34 1075.45
Index: 81.1962 122.041 1083.93
Middle: 93.859 121.73 1131.32
Ring: 93.2071 100.492 1167.03
Little: 57.4517 95.1231 1181.22
Thumb: 88.1788 109.655 1073.63
Index: 97.8641 128.792 1093.5
Middle: 94.6124 121.003 1130.5
Ring: 89.6882 114.722 1155.52
Little: 58.5058 92.8622 1178.66
Thumb: 86.6158 113.529 1074.63
Index: 80.9364 128.75 1082.58
Middle: 93.3742 122.982 1131.13
Ring: 85.3333 117.228 1153.61
Little: 57.0871 93.8758 1178.82
Thumb: 89.687 118.771 1062.47
Index: 73.4697 119.566 1082.84
Middle: 90.2236 123.634 1131.77
Ring: 87.5107 110.178 1161.63
Little: 53.8355 93.7314 1178.86
Thumb: 89.3709 120.947 1057.13
Index: 70.9856 120.456 1080.44
Middle: 89.8261 123.967 1130.58
Ring: 87.8858 108.842 1161.17
Little: 52.6795 98.4012 1176.57
Thumb: 87.8472 121.485 1056.77
Index: 79.6169 128.498 1084.88
Middle: 88.6491 124.175 1130.32
Ring: 87.924 105.885 1162.15
Little: 52.2088 99.5415 1175.89
Thumb: 80.4183 117.043 1065.2
Index: 83.7316 130.992 1087.35
Middle: 87.0221 124.933 1127.9
Ring: 85.8398 109.765 1158.35
Little: 50.5313 99.931 1175.83
Thumb: 78.6693 115.429 1067.96
Index: 83.9765 125.36 1091.78
Middle: 84.4307 124.068 1129.92
Ring: 83.0399 107.362 1160.73
Little: 45.8731 99.5899 1177.78
Thumb: 78.3307 114.39 1067.81
Index: 84.1389 120.557 1094
Middle: 83.8655 122.781 1129.77
Ring: 81.5435 106.788 1160.25
Little: 42.3472 101.747 1178.13
Thumb: 77.3785 115.798 1068.05
Index: 83.3299 125.479 1091.28
Middle: 79.9181 126.674 1124.55
Ring: 81.9865 105.912 1159.74
Little: 43.6573 101.435 1177.32
Thumb: 77.0344 109.717 1069.81
Index: 94.8892 120.751 1101.57
Middle: 79.8326 126.606 1125
Ring: 80.9182 107.141 1161.53
Little: 44.4305 100.594 1177.42
Thumb: 78.5645 111.222 1063.36
Index: 94.9115 118.525 1102.84
Middle: 80.1641 125.235 1126.15
Ring: 78.9793 106.559 1161.55
Little: 39.8632 106.577 1176.73
Thumb: 76.5264 116.947 1055.98
Index: 97.7766 126.317 1097.45
Middle: 86.3132 127.277 1124.51
Ring: 77.5531 121.847 1149.18
Little: 50.4671 102.609 1172.76
Thumb: 71.5222 109.953 1059.4
Index: 97.4201 129.944 1094.31
Middle: 89.9022 126.843 1125.1
Ring: 77.517 120.995 1147.18
Little: 50.7417 100.99 1170.37
Thumb: 68.4602 111.285 1061.79
Index: 101.176 118.226 1098.96
Middle: 90.9973 127.008 1124.33
Ring: 76.9956 121.851 1146.76
Little: 51.4146 101.398 1168.92
Thumb: 65.2999 111.611 1062.04
Index: 98.6385 121.671 1094.59
Middle: 91.2794 128.117 1122.35
Ring: 83.43 115.777 1148.87
Little: 52.1038 101.532 1167.67
Thumb: 65.172 111.501 1062.86
Index: 98.5118 121.229 1094.67
Middle: 91.2724 127.777 1122.47
Ring: 83.3118 115.418 1148.98
Little: 51.6855 101.96 1167.72
Thumb: 71.7556 107.993 1064.69
Index: 99.6478 110.489 1098.8
Middle: 89.4377 120.882 1123.39
Ring: 79.6201 111.535 1151.97
Little: 46.5137 104.627 1169.72
Thumb: 71.8965 104.441 1068.16
Index: 97.8685 111.186 1101.13
Middle: 89.0199 122.069 1126.66
Ring: 79.2166 111.888 1155.33
Little: 45.5203 104.276 1172.29
Thumb: 95.2366 104.984 1056.89
Index: 98.4306 114.73 1108.81
Middle: 86.7789 124.875 1133.44
Ring: 69.4108 120.454 1156.95
Little: 6.58246 40.9363 1150.82
Thumb: 100.97 106.077 1065.11
Index: 97.4498 125.138 1104.72
Middle: 86.08 122.511 1137.24
Ring: 72.8828 111.189 1165.09
Little: 13.0614 45.0151 1128.1
Thumb: 104.635 108.557 1065.95
Index: 99.7514 126.162 1112.83
Middle: 81.6869 125.688 1138.77
Ring: 69.7006 114.638 1169.55
Little: 10.8875 47.0457 1127.07
Thumb: 117.185 128.703 1069.9
Index: 101.298 131.147 1129.11
Middle: 76.4974 127.141 1148.03
Ring: 62.3646 108.861 1177.93
Little: 14.3472 45.4156 1124.12
Thumb: 116.946 124.856 1070.5
Index: 98.0936 129.078 1139.91
Middle: 71.6809 125.28 1157.04
Ring: 54.7647 107.029 1185.94
Little: 10.2092 44.7654 1129.15
Thumb: 113.841 115.421 1087.71
Index: 94.4266 131.096 1151.06
Middle: 70.9774 124.187 1178.55
Ring: 46.2441 109.985 1191.35
Little: 7.9345 47.0951 1129.52
Thumb: 112.809 110.494 1103.06
Index: 88.0374 122.746 1170.24
Middle: 57.1363 110.051 1191.4
Ring: 35.8971 116.084 1196.05
Little: 2.76893 49.275 1131.04
Thumb: 116.792 119.202 1101.73
Index: 87.3877 121.539 1172.29
Middle: 31.6077 59.2432 1184.98
Ring: 36.2581 114.006 1197.37
Little: 1.45451 49.9874 1131.74
Thumb: 123.983 123.109 1105.97
Index: 80.4122 114.987 1183.5
Middle: 29.7188 64.9578 1191.05
Ring: 29.1483 114.458 1199.29
Little: -0.470097 49.7477 1133.04
Thumb: 128.569 130.813 1105.14
Index: 78.4521 109.892 1187.36
Middle: 29.8715 65.6164 1192.95
Ring: -11.0787 28.3006 1146.25
Little: -0.736878 49.7536 1134.56
Thumb: 127.569 129.794 1112.52
Index: 76.3064 106.758 1185.9
Middle: 35.4861 84.3726 1188.3
Ring: -16.1076 25.3318 1138.59
Little: -3.08736 47.1491 1131.09
Thumb: 124.148 120.743 1119.02
Index: 66.6025 103.605 1191.99
Middle: 33.8242 102.77 1172.05
Ring: -15.5071 24.93 1133.93
Little: -3.66128 46.5743 1121.74
Thumb: 124.576 120.787 1117.22
Index: 62.1118 92.5181 1191.65
Middle: 32.1635 96.3782 1184.19
Ring: -18.0823 16.2731 1122.13
Little: -5.82596 39.4213 1118.27
Thumb: 127.115 124.666 1115.11
Index: 58.4169 85.1391 1189.79
Middle: 30.3912 93.0668 1181.47
Ring: -20.2339 13.1984 1111.59
Little: -7.50121 36.2372 1111.76
Thumb: 125.982 121.993 1119.75
Index: 58.6346 88.7126 1188.71
Middle: 29.0619 92.462 1179.67
Ring: -20.5668 12.5309 1110.33
Little: -7.95917 35.5159 1108.64
Thumb: 127.492 129.208 1110.18
Index: 60.3442 73.5891 1180.41
Middle: 34.6836 89.4449 1169.95
Ring: -24.0213 10.5919 1096.28
Little: -10.8687 33.1065 1099.51
Thumb: 123.487 123.088 1111.06
Index: 59.9247 81.9663 1178.37
Middle: 30.1557 86.6482 1169.02
Ring: -21.946 7.98567 1093.1
Little: -9.72568 31.1739 1096.04
Thumb: 126.171 124.018 1113.46
Index: 57.5239 79.0412 1178.07
Middle: 28.038 84.25 1168
Ring: -22.6315 7.66956 1089.47
Little: -10.2941 30.6826 1093.1
Thumb: 125.371 121.786 1112.19
Index: 59.3226 84.7194 1176.11
Middle: 28.3891 86.4436 1166.26
Ring: -23.2942 8.53469 1087.48
Little: -10.8219 31.3976 1091.62
Thumb: 122.792 116.492 1109.62
Index: 57.6973 82.5903 1174.44
Middle: 28.0519 87.8572 1163.66
Ring: -26.2352 9.22618 1085.42
Little: -13.0239 31.778 1089.56
Thumb: 127.066 126.011 1108.97
Index: 56.975 81.3597 1172.55
Middle: 27.8897 87.9339 1160.99
Ring: -26.5246 9.66441 1081.99
Little: -12.7707 32.0536 1086.09
Thumb: 123.597 126.788 1101.16
Index: 59.4328 81.0897 1169.71
Middle: 29.9094 88.1941 1159.41
Ring: -27.2087 8.09316 1084.48
Little: -13.94 30.8862 1087.74
Thumb: 89.712 106.802 1106.56
Index: 60.8151 79.8284 1162.92
Middle: 31.7373 90.5762 1151.79
Ring: -27.768 8.34734 1078.11
Little: -34.3891 77.7268 1142.85
Thumb: 111.114 112.082 1095.17
Index: 61.3366 80.2982 1158.47
Middle: 32.0591 89.6463 1150.63
Ring: -28.2515 7.893 1076.08
Little: -32.8722 75.2481 1151.06
Thumb: 105.781 101.706 1101.94
Index: 56.4667 75.281 1156.81
Middle: 30.8258 93.295 1149.21
Ring: -29.7216 6.42744 1079.51
Little: -40.034 90.1059 1149.62
Thumb: 110.689 106.22 1094.56
Index: 56.1364 78.6798 1156.31
Middle: 29.0989 98.7781 1142.04
Ring: -27.7954 6.39021 1084.6
Little: -41.7878 92.8384 1147.11
Thumb: 107.982 107.995 1085.3
Index: 58.9802 78.6008 1150.35
Middle: 11.4438 51.6482 1138.9
Ring: -27.1747 6.53059 1082.42
Little: -39.3555 92.4175 1147.92
Thumb: 100.672 107.298 1089.48
Index: 59.3122 79.5358 1149.2
Middle: 8.84402 28.2532 1137.29
Ring: -30.5711 7.4318 1083.37
Little: -39.8538 91.7443 1142.32
Thumb: 89.5814 104.56 1093.72
Index: 59.192 80.8833 1147.79
Middle: 4.78668 20.2967 1127.88
Ring: -30.8925 7.60528 1087.45
Little: -38.7052 90.3018 1142.05
Thumb: 88.9358 106.655 1095.66
Index: 57.0334 78.9988 1146.8
Middle: 4.04682 21.2407 1122.24
Ring: -32.8629 9.0954 1073.21
Little: -40.5264 89.7503 1132.52
Thumb: 87.0386 105.072 1098.05
Index: 51.6199 80.6301 1150.52
Middle: -2.03379 23.1373 1122.74
Ring: -32.1627 9.20397 1071.16
Little: -43.4297 89.5088 1125.73
Thumb: 81.5789 103.405 1098.72
Index: 49.6501 81.7535 1152.1
Middle: -3.99532 23.3284 1125.31
Ring: -33.9551 9.08355 1074.46
Little: -44.8575 90.8127 1126.92
Thumb: 79.4684 99.3967 1091.95
Index: 49.4996 81.5664 1152.17
Middle: -8.63196 10.8277 1105.41
Ring: -33.2221 10.0841 1074.61
Little: -44.8162 91.5131 1126.17
Thumb: 74.6423 97.828 1094.53
Index: 46.8704 82.1736 1153.86
Middle: -15.1746 10.6827 1107.35
Ring: -32.7758 7.61769 1078.93
Little: -45.5084 88.4601 1125.96
Thumb: 74.7611 104.464 1102.62
Index: 46.9556 83.8771 1158.44
Middle: -14.7575 10.1584 1114.33
Ring: -34.3618 8.19979 1085.29
Little: -46.0444 92.6546 1134.63
Thumb: 76.8624 105.561 1106.61
Index: 46.2759 81.9581 1162.33
Middle: -26.9785 5.41187 1103.54
Ring: -32.8183 9.9241 1089.61
Little: -46.7098 96.0818 1138.64
Thumb: 78.7445 106.015 1118.86
Index: 44.3172 88.6014 1171.33
Middle: -30.0119 4.80892 1109.19
Ring: -32.8196 9.65895 1102.03
Little: -48.1676 93.3212 1147.33
Thumb: 79.9932 106.8 1124.35
Index: 42.8684 88.7749 1178.17
Middle: -31.9004 5.35193 1114.63
Ring: -39.526 10.8181 1103.95
Little: -49.3539 93.1199 1152.44
Thumb: 89.406 105.992 1114.88
Index: 57.5847 84.2122 1175.27
Middle: -34.4614 4.66833 1133.11
Ring: -44.0514 8.78353 1123.96
Little: -37.4878 91.4503 1176.79
Thumb: 81.4863 104.73 1126.09
Index: 50.1892 91.4395 1184.54
Middle: -46.1262 13.7212 1137.73
Ring: -55.1217 17.2662 1130.18
Little: -44.2349 94.9349 1177.59
Thumb: 85.0484 97.3139 1124.22
Index: 42.7372 82.7494 1197.08
Middle: -48.8707 20.1196 1152.42
Ring: -56.6867 21.3592 1144.74
Little: -48.5772 68.0163 1181.96
Thumb: 94.7856 98.3289 1128.13
Index: 44.4544 90.0572 1201.59
Middle: -48.4975 20.7112 1152.58
Ring: -53.2179 24.6838 1152.16
Little: -46.9605 73.3396 1187.45
Thumb: 106.399 104.324 1128.51
Index: 54.5367 97.9632 1205.22
Middle: -40.7197 30.6073 1164.36
Ring: -42.1068 35.6214 1165.98
Little: -32.1811 85.352 1194.44
Thumb: 96.244 91.548 1135.62
Index: 62.3116 104.175 1210.85
Middle: -33.2322 35.1997 1171.36
Ring: -37.8091 43.983 1179.55
Little: -22.1799 107.573 1193.34
Thumb: 102.972 96.9073 1115.35
Index: 66.5102 107.609 1211.45
Middle: -28.6743 38.7714 1173.99
Ring: -31.1138 46.4931 1183.96
Little: -16.1228 97.2933 1200.92
Thumb: 102.593 97.3541 1126.71
Index: 75.165 108.744 1210.45
Middle: -21.5949 39.3412 1177.32
Ring: -23.9578 47.1383 1186.98
Little: -8.35614 95.6971 1205.33
Thumb: 93.8745 107.788 1129.69
Index: 83.4197 111.668 1206.22
Middle: -14.744 40.7606 1177.4
Ring: -16.559 49.0121 1188.38
Little: -1.05576 96.622 1204.81
Thumb: 112.16 105.85 1112.72
Index: 90.7799 109.186 1202.86
Middle: -3.8446 45.3992 1184.12
Ring: -10.036 47.839 1185.41
Little: 7.56973 103.601 1207.68
Thumb: 117.381 105.455 1113.11
Index: 96.1326 109.575 1198.87
Middle: 1.52161 42.4476 1181.05
Ring: -8.10442 46.6386 1184.85
Little: 13.3173 98.6237 1205.71
Thumb: 126.671 105.768 1108.76
Index: 98.419 111.576 1198.82
Middle: 1.01103 38.8526 1179.3
Ring: -2.79655 44.3887 1183.77
Little: 16.0489 100.096 1206.15
Thumb: 129.62 106.847 1098.84
Index: 107.129 112.468 1192.15
Middle: 10.5401 34.3118 1167.07
Ring: 6.46551 43.7024 1177.12
Little: 23.8149 95.4951 1200.68
Thumb: 129.811 116.878 1085.99
Index: 115.278 101.465 1176.57
Middle: 21.3775 24.4509 1149.09
Ring: 21.3665 31.4449 1160.47
Little: 4.57856 52.3759 1168.18
Thumb: 131.457 113.182 1082.43
Index: 119.483 101.376 1171.42
Middle: 27.4008 22.3811 1146.17
Ring: 21.7715 30.7211 1158.97
Little: 8.75555 50.3121 1165.33
Thumb: 121.467 105.864 1072.38
Index: 133.918 116.611 1146.61
Middle: 32.463 22.1208 1148.01
Ring: 20.8021 28.4332 1157.15
Little: 17.0757 49.9309 1172.2
Thumb: 131.697 160.724 1036.81
Index: 134.397 120.402 1140.91
Middle: 30.856 22.4437 1146.42
Ring: 19.921 29.1914 1155.39
Little: 18.4043 51.6978 1168.6
Thumb: 135.519 149.56 1036.93
Index: 131.865 114.246 1134.96
Middle: 18.5574 21.76 1139.15
Ring: 5.1556 31.8616 1150.6
Little: 14.9714 51.9965 1164.25
Thumb: 133.059 121.415 1053.38
Index: 128.083 104.954 1138.31
Middle: 6.45849 25.7212 1137.47
Ring: 0.878503 38.7348 1155.15
Little: 29.7026 79.0707 1185.32
Thumb: 128.528 105.913 1048.49
Index: 123.386 101.124 1130.81
Middle: -3.69738 27.0111 1141.79
Ring: -6.71391 41.2364 1159.87
Little: 38.2753 92.1929 1186.81
Thumb: 121.766 95.9907 1065.09
Index: 119.75 89.6004 1144.27
Middle: -8.26916 28.3337 1142.73
Ring: -11.5309 43.0325 1160.28
Little: 27.2623 79.0759 1181.86
Thumb: 125.699 93.4747 1061.28
Index: 117.175 87.3797 1146.81
Middle: -9.40419 30.0667 1147.42
Ring: -14.9146 45.5922 1161.37
Little: 25.592 83.2503 1183.19
Thumb: 111.163 83.397 1061.24
Index: 113.829 80.4837 1153.23
Middle: -10.7854 31.5915 1148.39
Ring: -13.9417 47.6738 1164.03
Little: 24.9129 82.8091 1183.65
Thumb: 103.118 78.2411 1068.15
Index: 115.392 83.73 1149.63
Middle: -12.3758 33.0304 1149.56
Ring: -15.6074 49.1711 1164.74
Little: 24.3279 83.3256 1184.16
Thumb: 96.2459 78.6239 1081.3
Index: 112.168 86.507 1151.19
Middle: -14.5387 35.5757 1154.04
Ring: -14.4423 52.9161 1171.38
Little: 17.694 82.9813 1183.86
Thumb: 97.8455 76.6039 1082.16
Index: 111.416 85.5954 1150.44
Middle: -17.7264 36.6786 1153.15
Ring: -16.3112 53.9086 1171.37
Little: 17.6513 85.2184 1185.18
Thumb: 96.619 74.596 1086.62
Index: 107.747 83.7467 1152.65
Middle: -21.2944 35.9059 1152.8
Ring: -21.022 52.472 1170.39
Little: 13.1556 83.045 1185.05
Thumb: 98.541 72.9741 1077.42
Index: 105.571 82.8301 1150.01
Middle: -20.7817 36.3186 1156.26
Ring: -21.499 52.649 1171.26
Little: 11.4179 82.8752 1184.54
Thumb: 97.2664 69.1337 1068.68
Index: 106.061 81.6323 1147.75
Middle: -14.4045 37.6163 1161.37
Ring: -22.7075 53.3265 1171.32
Little: 13.6948 82.6348 1185.09
Thumb: 104.315 75.558 1049.19
Index: 103.681 78.6473 1149.3
Middle: -13.1618 37.1465 1162.74
Ring: -23.3785 51.8803 1171.61
Little: 13.4837 82.1226 1185.72
Thumb: 99.7203 74.453 1047.86
Index: 103.012 79.6076 1147.33
Middle: -3.1854 42.9784 1166.18
Ring: -25.2288 51.8371 1171.59
Little: 18.1852 86.7129 1181.59
Thumb: 98.2901 74.5937 1047.12
Index: 103.546 79.1779 1144.76
Middle: -4.21178 41.4579 1164.26
Ring: -24.2781 51.0199 1171.1
Little: 17.8431 82.1031 1179.92
Thumb: 99.6399 74.2956 1047.56
Index: 102.91 78.6368 1146.34
Middle: -4.27758 41.5924 1164.26
Ring: -25.5735 51.3572 1170.56
Little: 16.3268 79.4086 1179.18
Thumb: 103.628 70.4797 1061.45
Index: 103.231 79.3855 1146.93
Middle: -5.20002 42.2079 1164.98
Ring: -24.6905 52.5601 1172.96
Little: 15.9174 78.8394 1179
Thumb: 100.056 72.6143 1050.63
Index: 102.652 85.1966 1136.48
Middle: -5.00086 42.08 1165
Ring: -22.7054 52.746 1174.11
Little: 15.8365 78.3441 1178.73
Thumb: 99.4449 72.943 1049.11
Index: 99.738 89.1219 1127.89
Middle: -5.65519 42.7203 1165.12
Ring: -22.9812 53.7222 1174.16
Little: 15.9317 79.9003 1179.5
Thumb: 97.8387 72.7308 1051.7
Index: 99.5307 88.9228 1129.04
Middle: -6.63932 43.0539 1164.63
Ring: -24.2344 53.927 1173.1
Little: 13.5401 78.2583 1177.97
Thumb: 96.6651 74.4569 1053.15
Index: 103.308 87.5312 1136.61
Middle: -6.1391 44.0174 1165.18
Ring: -25.1933 54.5002 1173.14
Little: 14.6364 79.9854 1178.94
Thumb: 93.5362 75.6092 1048.65
Index: 102.702 80.6226 1146.98
Middle: -7.46783 46.0037 1166.74
Ring: -28.7287 56.4458 1173.7
Little: 12.9659 80.2014 1179.66
Thumb: 96.3264 77.3522 1048.55
Index: 102.669 80.2264 1148.47
Middle: -6.70564 45.3656 1166.56
Ring: -28.0916 55.559 1173.49
Little: 13.3322 79.742 1179.65
Thumb: 97.7247 76.7477 1050.03
Index: 102.019 79.5772 1148.39
Middle: -7.66574 45.568 1166.55
Ring: -27.5548 56.1796 1174.38
Little: 15.1082 82.3197 1181.48
Thumb: 99.2423 88.9977 1044.65
Index: 108.054 82.1653 1143.88
Middle: 0.21944 33.8203 1159.53
Ring: -17.1944 43.4821 1169.1
Little: 23.4413 73.2447 1178.04
Thumb: 98.6809 94.0636 1056.07
Index: 112.581 88.8348 1134.86
Middle: -2.70649 30.1122 1157.86
Ring: -15.3815 42.368 1168.49
Little: 27.1711 71.5887 1177.93
Thumb: 96.3786 95.6169 1053.08
Index: 113.032 94.6652 1120.23
Middle: -1.44055 27.1522 1153.95
Ring: -13.2446 39.6963 1165.17
Little: 34.3844 71.4511 1180.09
Thumb: 98.6436 95.2723 1056.67
Index: 113.537 96.1804 1112.79
Middle: 4.82089 26.6888 1152.69
Ring: -8.1324 38.3752 1163.94
Little: 36.187 71.9242 1183.73
Thumb: 134.396 137.787 1023.78
Index: 91.7235 105.415 1082.43
Middle: 13.5474 23.2278 1145.05
Ring: -0.637058 33.4404 1157.44
Little: 42.0793 71.1514 1182.32
Thumb: 122.192 134.3 1013.4
Index: 93.8303 106.049 1081.88
Middle: 19.0778 22.0332 1144.25
Ring: 2.50328 30.7989 1156.4
Little: 50.2927 82.7369 1178.66
Thumb: 121.382 141.95 1008.88
Index: 94.6507 102.311 1083.23
Middle: 8.39086 18.7254 1139.22
Ring: 6.31778 29.7242 1157.46
Little: 37.7344 85.1594 1167.91
Thumb: 116.207 137.808 1005.3
Index: 89.659 101.945 1078.78
Middle: 10.1914 19.74 1141.29
Ring: 6.7017 30.4257 1158.06
Little: 35.7961 83.7949 1168.13
Thumb: 100.195 149.85 992.256
Index: 89.7781 104.254 1074.92
Middle: 16.1575 18.4947 1139.3
Ring: 107.581 87.4718 1156.61
Little: 40.7013 83.1941 1167.58
Thumb: 94.9662 138.038 988.876
Index: 94.6417 107.803 1069.16
Middle: 20.4707 19.7255 1134.34
Ring: 112.861 106.829 1136.05
Little: 46.2507 81.5907 1163.71
Thumb: 143.816 104.147 1066.11
Index: 89.7507 108.948 1061.55
Middle: 25.6064 19.8207 1131.99
Ring: 120.152 88.2327 1138.07
Little: 55.0911 78.1248 1160.72
Thumb: 139.924 102.954 1066.07
Index: 88.7986 110.29 1061.01
Middle: 30.7716 23.8131 1135.3
Ring: 123.893 101.218 1130.71
Little: 59.4876 85.7709 1158.74
Thumb: 146.528 121.751 1047.3
Index: 83.9072 110.484 1059.33
Middle: 36.0327 22.8915 1134.92
Ring: 126.426 102.915 1127.02
Little: 63.6647 87.5401 1146.82
Thumb: 152.444 134.456 1110.57
Index: 97.7111 109.955 1059.27
Middle: 37.2635 21.1885 1134.81
Ring: 127.318 99.9736 1124.77
Little: 62.9787 86.9771 1145.79
Thumb: 124.695 93.8849 1065.04
Index: 92.639 112.511 1059.4
Middle: 40.7133 18.996 1131.84
Ring: 128.175 101.069 1125.84
Little: 63.0356 85.4279 1145.42
Thumb: 112.7 87.2561 1077.72
Index: 86.8021 115.617 1056.74
Middle: 44.3835 18.2589 1131.08
Ring: 123.789 109.351 1119.59
Little: 65.16 85.16 1144.5
Thumb: 103.864 109.709 1124.26
Index: 89.7767 118.826 1056.32
Middle: 47.479 18.0945 1131.32
Ring: 78.143 131.62 1125.19
Little: 65.0379 85.9129 1144.36
Thumb: 99.3177 118.763 1131.99
Index: 87.1943 118.488 1054.59
Middle: 49.1558 18.2444 1131.57
Ring: 81.5041 134.629 1124.59
Little: 71.8436 82.1743 1142.86
Thumb: 80.2953 97.6883 1113.39
Index: 86.4449 117.318 1051.61
Middle: 45.6559 16.2832 1126.19
Ring: 76.1943 134.006 1119.42
Little: 67.9906 80.3565 1139.62
Thumb: 67.0432 89.4397 1104.85
Index: 86.0622 119.343 1054.28
Middle: 37.9307 15.3049 1120.06
Ring: 70.4652 134.611 1122.71
Little: 52.959 83.6749 1138.88
Thumb: 39.8578 118.545 1059.14
Index: 85.8337 158.412 1038.93
Middle: 41.0166 102.883 1010.9
Ring: 58.6944 111.933 1081.42
Little: 20.4803 89.289 1075.07
Thumb: 61.8092 106.213 1092.13
Index: 43.8987 145.739 1010.07
Middle: 42.229 117.441 1019.67
Ring: 54.9695 119.636 1079.61
Little: 38.2629 81.5002 1094.41
Thumb: 55.9585 104.143 1092.05
Index: 33.5237 141.844 1011.32
Middle: 35.6842 113.631 1018.2
Ring: 47.2779 118.78 1081.5
Little: 31.066 79.8003 1093.64
Thumb: 55.3654 105.05 1090.21
Index: 38.6574 145.121 1012.19
Middle: 37.0363 114.01 1014.92
Ring: 43.7145 116.275 1079.89
Little: 31.245 79.4524 1090.55
Thumb: 54.4154 103.188 1088.54
Index: 23.5922 138.609 1003.41
Middle: 38.2229 115.298 1014.69
Ring: 42.9774 114.706 1078.33
Little: 29.4716 78.7737 1088.28
Thumb: 53.5329 102.178 1086.5
Index: 16.9217 134.31 1000.37
Middle: 31.06 110.276 1009.87
Ring: 41.7506 113.494 1075.96
Little: 29.3465 78.2795 1086.01
Thumb: 54.1772 102.835 1084.49
Index: 14.3962 137.25 1000.5
Middle: 26.5186 111.034 1006.34
Ring: 43.0412 114.858 1074.91
Little: 29.4161 80.2777 1084.6
Thumb: 53.592 101.883 1082.85
Index: 15.6738 134.312 997.918
Middle: 28.1275 110.738 1008.85
Ring: 40.8564 113.353 1073.21
Little: 28.1795 79.3289 1084.25
Thumb: 53.094 102.729 1079.92
Index: 7.56433 135.159 998.025
Middle: 23.9792 111.9 1006.28
Ring: 39.2592 113.302 1071.1
Little: 27.648 78.0275 1082.36
Thumb: 54.3207 105.025 1080.33
Index: 7.44984 136.365 997.06
Middle: 19.4759 111.553 1005.19
Ring: 41.0501 112.668 1069.37
Little: 26.2143 80.2137 1082.55
Thumb: 54.186 106.356 1078.44
Index: 2.89311 132.792 994.416
Middle: 17.4177 110.159 1004.59
Ring: 36.6048 113.225 1067.77
Little: 26.7868 78.5118 1079.7
Thumb: 52.1847 107.618 1075.73
Index: 7.0208 136.753 993.041
Middle: 18.4683 114.186 1005.98
Ring: 36.1017 111.506 1067.04
Little: 26.2421 79.7565 1078.44
Thumb: 52.0308 108.747 1073.82
Index: 10.1373 140.147 990.737
Middle: 20.5529 118.718 1007.11
Ring: 33.8383 109.723 1064.83
Little: 25.3202 79.9023 1075.79
Thumb: 51.7192 107.098 1071.56
Index: 7.73843 141.928 987.624
Middle: 4.53315 111.707 993.568
Ring: 31.6401 110.662 1061.71
Little: 21.4357 80.7987 1071.82
Thumb: 50.9343 112.647 1067.5
Index: 13.5958 151.85 985.043
Middle: 6.32575 119.189 987.392
Ring: 31.921 115.615 1057.49
Little: 21.9395 83.5443 1066.76
Thumb: -10.5008 97.8028 1060.43
Index: -8.51234 89.7808 985.263
Middle: 20.9951 56.4343 984.769
Ring: 28.5853 76.5094 1040.98
Little: 61.7976 70.7718 1046.34
Thumb: -4.61696 95.7551 1055.17
Index: -7.73048 86.9269 984.13
Middle: 20.5496 86.1814 979.52
Ring: -5.83682 27.9886 1062.02
Little: 44.2137 46.8474 1047.64
Thumb: -6.0114 97.9634 1054.01
Index: -3.32788 89.2609 981.848
Middle: 25.0957 94.0642 976.896
Ring: -4.77117 29.3624 1059.6
Little: 44.3054 49.5749 1048.98
Thumb: -3.25658 98.3949 1052.27
Index: -3.23084 87.6432 980.562
Middle: 25.4164 88.4473 976.258
Ring: -5.62201 28.5947 1058.74
Little: 44.0057 48.4453 1048.22
Thumb: -5.52768 97.9257 1052.45
Index: -4.01752 92.6733 978.689
Middle: 24.9265 87.8875 975.841
Ring: -5.89789 28.3896 1057.73
Little: 43.8522 49.2898 1047.32
Thumb: -5.22174 97.7807 1051.93
Index: -4.22901 90.8439 978.31
Middle: 24.5688 89.6431 974.021
Ring: -5.82295 28.1244 1057.28
Little: 45.2915 47.8912 1046.9
Thumb: -5.34225 97.9426 1050.52
Index: -5.87531 87.6225 977.946
Middle: 22.4316 93.5487 971.522
Ring: -4.89141 27.5256 1056.33
Little: 45.3354 48.4903 1043.57
Thumb: -4.26698 96.5431 1050.15
Index: -6.74409 92.8976 977.057
Middle: 22.3177 85.9377 971.308
Ring: -5.59093 25.3938 1059.14
Little: 44.9357 45.7823 1045.81
Thumb: -4.93303 96.2026 1051.08
Index: -7.18104 83.1496 980.112
Middle: 21.4318 84.0359 972.6
Ring: -6.67246 25.0955 1061.71
Little: 42.3882 41.6723 1049.13
Thumb: -5.0211 96.0748 1051.76
Index: -6.63017 96.4692 976.608
Middle: 22.5341 84.6404 972.948
Ring: -6.02789 24.7617 1061.84
Little: 43.2031 41.3117 1049.71
Thumb: -4.8721 95.3063 1053.24
Index: -5.90425 96.8026 977.912
Middle: 23.5242 83.0451 975.355
Ring: -5.92292 23.9108 1064.84
Little: 42.791 40.4254 1053.56
Thumb: -34.7311 94.4662 1059.47
Index: 1.11017 93.7194 977.613
Middle: 31.3401 75.6048 978.783
Ring: -2.49926 22.5405 1066.43
Little: 45.3195 42.2838 1056.79
Thumb: -36.862 95.7401 1063.42
Index: 1.37998 94.0191 980.883
Middle: 31.2901 74.5553 982.873
Ring: -3.00496 21.8163 1071.08
Little: 44.5147 41.5946 1060.88
Thumb: -37.6305 94.2217 1065.21
Index: 1.28354 92.7916 982.9
Middle: 30.377 85.273 986.555
Ring: -3.03393 21.5694 1072.78
Little: 45.3778 41.5609 1061.38
Thumb: -37.7554 93.5111 1069.88
Index: 1.27167 90.7078 986.288
Middle: 30.3393 84.9872 989.586
Ring: -1.10875 20.8842 1075.39
Little: 48.1997 41.958 1062.41
Thumb: -37.7134 92.748 1072.99
Index: -0.331136 90.889 988.203
Middle: 30.6056 71.4136 989.515
Ring: -0.572381 19.1853 1077.36
Little: 47.5192 40.8399 1063.23
Thumb: -38.5308 91.6921 1076.71
Index: -2.17661 91.8482 991.135
Middle: 27.9992 84.1255 986.856
Ring: -0.0901604 16.3784 1083.07
Little: 46.4032 36.1208 1071.42
Thumb: -36.8442 90.3388 1079.11
Index: -2.49677 87.2999 992.554
Middle: 27.4702 80.1601 988.497
Ring: -2.44463 17.8851 1087.68
Little: 46.1258 35.6013 1073.27
Thumb: -37.0886 88.2598 1084.58
Index: -1.07113 88.1273 998.007
Middle: 28.6567 84.7884 994.287
Ring: -2.97026 15.7371 1091.73
Little: 43.8518 31.5459 1081.78
Thumb: -38.8816 91.8393 1081.34
Index: 6.93589 90.0249 998.247
Middle: 37.1023 85.4923 997.545
Ring: -2.77664 16.5762 1091.93
Little: 42.7504 37.6181 1071.95
Thumb: -36.1452 90.2139 1084.84
Index: 9.42579 86.8168 1003.18
Middle: 39.3724 83.0665 1003.02
Ring: 0.0696325 15.4304 1094.69
Little: 37.0403 32.603 1082.84
Thumb: -35.3525 88.7471 1089.37
Index: 11.3479 83.4815 1006.8
Middle: 41.4996 77.3827 1007.15
Ring: 0.548444 14.9453 1101.15
Little: 39.9524 31.3657 1085.46
Thumb: -33.5312 89.005 1092.61
Index: 12.1771 84.2319 1010.33
Middle: 42.0369 80.7223 1010.11
Ring: -0.258647 15.6085 1102.32
Little: 38.6825 31.5008 1088.99
Thumb: -32.2014 91.4134 1094.27
Index: 11.9059 91.4282 1012.6
Middle: 42.55 79.801 1013.07
Ring: 1.97935 19.1309 1105.94
Little: 43.8835 37.7213 1085.02
Thumb: -29.8933 92.9764 1099.56
Index: 11.3999 94.2249 1015.64
Middle: 41.6934 85.3945 1015.3
Ring: -0.133701 22.0767 1107.54
Little: 42.4704 41.0208 1087.38
Thumb: -30.046 91.1297 1093.66
Index: 20.3706 89.5363 1015.15
Middle: 50.4332 73.5357 1020.86
Ring: 0.445629 20.6099 1102.24
Little: 30.4213 38.3911 1110.13
Thumb: 5.99046 75.0709 1083.96
Index: 38.5706 75.6265 1027.64
Middle: 60.5729 101.151 1042.82
Ring: 1.16698 19.5089 1105.41
Little: 18.3581 40.5868 1130.08
Thumb: 27.3356 69.3352 1092.19
Index: 93.9032 69.5912 1077.73
Middle: 95.8724 98.317 1103.89
Ring: 7.39981 16.149 1109.25
Little: -3.08885 43.3363 1132.1
Thumb: 20.0917 69.0797 1086.91
Index: 99.3532 85.2864 1078.34
Middle: 99.2716 92.1357 1112.42
Ring: -1.40134 13.3367 1108.32
Little: -4.6256 40.248 1128.96
Thumb: 94.8184 132.796 1017.86
Index: 103.32 92.7611 1088.02
Middle: 100.314 108.115 1111.85
Ring: -0.746909 21.748 1106.47
Little: -1.17107 47.1935 1131.14
Thumb: 79.7733 133.412 1027.5
Index: 105.103 94.056 1091.79
Middle: 96.9756 114.868 1111.27
Ring: -0.168588 20.683 1121.26
Little: 11.7373 46.9724 1140.32
Thumb: 73.1204 123.748 1076.33
Index: 108.477 96.8715 1102.19
Middle: 96.1252 122.681 1118.78
Ring: -0.137252 26.6297 1125.03
Little: 57.1209 104.7 1182.85
Thumb: 72.3623 129.458 1078.95
Index: 109.932 100.537 1106.11
Middle: 98.1731 124.517 1121.92
Ring: 0.555 28.7279 1126.05
Little: 54.2079 109.536 1184.13
Thumb: 72.4251 130.392 1079.46
Index: 110.837 91.0783 1117.85
Middle: 94.4169 125.821 1124.51
Ring: -2.16419 28.2211 1125.27
Little: 47.4326 109.144 1185.81
Thumb: 74.9879 128.68 1081.93
Index: 110.616 91.058 1122.08
Middle: 90.8489 126.376 1128.72
Ring: -6.77099 27.7473 1127.47
Little: 42.2627 107.159 1186.61
Thumb: 80.3059 123.036 1082.3
Index: 108.402 87.3487 1132.93
Middle: 87.2469 125.548 1131.52
Ring: -7.16985 23.2559 1130.82
Little: 34.6975 106.351 1188.99
Thumb: 79.5673 118.559 1087.53
Index: 106.426 85.2953 1141.91
Middle: 90.0904 118.929 1149.74
Ring: 6.4278 27.9925 1141.15
Little: 24.4308 107.04 1187.41
Thumb: 75.8196 107.932 1136
Index: 104.805 89.5261 1148.4
Middle: 87.6932 118.811 1156.13
Ring: 8.16498 29.33 1139.54
Little: 18.9217 104.263 1186.77
Thumb: 91.8864 106.912 1131.45
Index: 97.4975 91.085 1154.91
Middle: 73.9147 97.2503 1170.96
Ring: 5.28321 32.2837 1139.9
Little: 8.55333 108.627 1185.6
Thumb: 91.8123 111.185 1134.95
Index: 90.0787 96.6403 1166.1
Middle: 63.894 103.137 1177.43
Ring: 2.31481 37.6444 1142.68
Little: 3.25811 108.34 1180.74
Thumb: 96.9728 113.871 1134.84
Index: 84.931 102.038 1167.41
Middle: 56.6499 104.307 1179.08
Ring: -3.21754 38.0505 1141.95
Little: -3.66454 106.655 1181.71
Thumb: 83.9146 106.942 1133.53
Index: 80.2883 103.754 1169.9
Middle: 43.5746 87.5877 1185.26
Ring: -7.97371 27.3954 1135.99
Little: -9.47802 106.111 1179.57
Thumb: 81.4216 108 1136.05
Index: 78.1117 115.624 1161.32
Middle: 23.8079 58.6369 1186.11
Ring: -8.40655 34.2526 1137.09
Little: -14.9845 106.448 1176.01
Thumb: 79.5724 108.984 1137.49
Index: 76.0923 117.236 1160.89
Middle: 18.9937 59.3935 1185.98
Ring: -12.5859 27.6494 1131.42
Little: -16.9919 111.009 1175.07
Thumb: 98.3755 114.534 1132.68
Index: 55.0003 82.266 1168.82
Middle: 23.2173 72.3658 1191.42
Ring: -14.428 27.8097 1133.84
Little: -21.1819 104.068 1176.56
Thumb: 88.4715 103.594 1118.15
Index: 58.7717 92.24 1171.17
Middle: 26.1201 82.4441 1193.03
Ring: -21.1116 22.8022 1121.9
Little: -22.9541 101.784 1175.9
Thumb: 87.3114 100.698 1120.36
Index: 52.9733 79.1825 1177.2
Middle: 26.7458 83.4078 1193.34
Ring: -21.5416 22.24 1122.26
Little: -22.3363 108.972 1175.73
Thumb: 106.095 104.168 1110.24
Index: 49.8723 76.9741 1175.83
Middle: 35.6775 104.001 1191.79
Ring: -20.5211 22.6305 1120.05
Little: -23.7418 111.982 1174.55
Thumb: 111.311 110.047 1106.51
Index: 49.5913 75.2668 1174.44
Middle: 34.5815 101.205 1190.87
Ring: -23.9958 21.9944 1118.25
Little: -24.4753 108.025 1173.65
Thumb: 114.379 118.967 1108.37
Index: 47.5567 77.125 1174.94
Middle: 33.2718 104.983 1190.25
Ring: -25.9778 24.0465 1116.64
Little: -26.4669 109.941 1171.8
Thumb: 117.664 121.074 1105.23
Index: 46.1951 75.4816 1174.96
Middle: 31.6612 103.06 1190.5
Ring: -26.5296 24.0777 1115.8
Little: -27.216 110.413 1170.97
Thumb: 116.713 118.136 1105.56
Index: 45.6128 75.0112 1173.88
Middle: 29.7368 99.4675 1190.15
Ring: -27.3957 24.0711 1114.17
Little: -27.7023 109.526 1170.43
Thumb: 116.421 117.999 1109.31
Index: 47.033 82.1962 1177.01
Middle: 27.0277 101.204 1191.12
Ring: -27.9872 23.9578 1113.77
Little: -30.1606 107.92 1169.35
Thumb: 116.988 122.185 1102.42
Index: 46.5176 84.8422 1178.5
Middle: 25.0204 101.995 1191.94
Ring: -27.0783 23.8422 1115.32
Little: -31.077 109.273 1168.68
Thumb: 117.585 122.834 1101.29
Index: 44.5365 83.4127 1179.54
Middle: 25.315 105.045 1192.54
Ring: -25.7874 23.3376 1115.4
Little: -31.9279 109.075 1168.68
Thumb: 118.244 127.739 1101.87
Index: 43.3347 82.8115 1179.52
Middle: 25.1286 106.812 1192.35
Ring: -23.4237 22.3844 1115.28
Little: -32.7863 108.4 1168.61
Thumb: 119.599 131.942 1095.46
Index: 49.6208 92.4931 1181.08
Middle: 25.1005 104.936 1193.77
Ring: -25.1817 23.214 1117.96
Little: -31.4247 109.051 1169.65
Thumb: 121.314 138.382 1095.54
Index: 50.7161 93.3301 1180.66
Middle: 25.4267 104.16 1193.49
Ring: -24.9018 22.9782 1116.89
Little: -31.0683 107.522 1169.51
Thumb: 118.717 118.678 1103.64
Index: 50.5432 91.5092 1180.6
Middle: 26.8566 105.056 1193.52
Ring: -23.7441 23.0448 1117.8
Little: -30.1733 108.174 1170.39
Thumb: 118.536 117.907 1105.32
Index: 48.9528 90.5051 1181.29
Middle: 26.0528 105.902 1193.45
Ring: -22.2546 21.5609 1117.07
Little: -31.6488 107.805 1169.7
Thumb: 122.071 124.298 1108.07
Index: 48.8342 90.4703 1181.26
Middle: 25.8081 105.698 1193.4
Ring: -21.6479 21.3371 1117.22
Little: -31.7365 107.769 1169.46
Thumb: 122.445 124.883 1107.95
Index: 50.3989 93.4045 1181.34
Middle: 25.5894 105.443 1193.49
Ring: -19.9684 20.8388 1117.07
Little: -31.828 107.578 1169.4
Thumb: 123.276 124.169 1106.34
Index: 51.7845 95.6315 1182
Middle: 26.6696 107.205 1194.25
Ring: -20.2633 22.397 1119
Little: -30.4214 106.365 1170.48
Thumb: 125.98 128.55 1102.62
Index: 52.7112 96.591 1182.31
Middle: 27.5296 108.105 1194.75
Ring: -20.0089 23.1262 1119.95
Little: -30.0071 111.268 1170.83
Thumb: 128.46 136.077 1101.97
Index: 53.6185 96.5552 1182.28
Middle: 29.1678 109.152 1194.82
Ring: -17.1762 23.3312 1119.93
Little: -29.0375 114.219 1170.67
Thumb: 128.128 133.282 1100.15
Index: 53.811 95.1981 1181.15
Middle: 30.1083 108.362 1194.48
Ring: -16.1868 25.1247 1119.24
Little: -27.6572 110.683 1171.35
Thumb: 127.732 129.254 1103.83
Index: 56.6273 97.5272 1181.73
Middle: 30.6913 106.79 1195.32
Ring: -15.4596 25.1671 1119.15
Little: -26.3822 107.46 1171.55
Thumb: 131.985 132.561 1108.5
Index: 57.3133 99.3279 1182.72
Middle: 30.5223 108.001 1195.46
Ring: -14.1798 25.8581 1118.47
Little: -25.8689 110.11 1169.22
Thumb: 133.7 124.679 1111.77
Index: 58.2222 98.8428 1183.38
Middle: 31.1673 108.153 1195.6
Ring: -8.79821 26.023 1117.62
Little: -24.9172 109.431 1168.17
Thumb: 144.536 179.379 1105.34
Index: 61.5025 95.6973 1180.85
Middle: 36.0854 106.436 1193.71
Ring: -3.35491 25.7016 1113.7
Little: -20.6991 112.924 1167.72
Thumb: 139.468 139.861 1115.18
Index: 67.096 104.028 1177.46
Middle: 38.5619 109.293 1193
Ring: 1.43389 27.0667 1110.04
Little: -19.4324 114.026 1165.74
Thumb: 144.273 136.908 1122.6
Index: 76.1442 98.4615 1179.5
Middle: 48.3301 104.273 1194.42
Ring: 1.44399 28.1266 1112.13
Little: -10.096 116.766 1169.77
