Thumb: 32.9554 91.7207 1121.92
Index: -64.5745 28.1944 1098.23
Middle: -101.42 40.8207 1097.63
Ring: -124.543 62.0639 1082.41
Little: -141.773 103.039 1080.87
Thumb: 38.5142 93.188 1116.82
Index: -74.286 34.7341 1099.71
Middle: -106.019 42.6135 1101.31
Ring: -126.187 59.7845 1083.45
Little: -138.604 93.73 1083.3
Thumb: 31.0723 86.5295 1104.54
Index: -70.8592 40.0069 1102.93
Middle: -106.86 42.775 1097.12
Ring: -127.395 60.9254 1081.3
Little: -139.469 95.3697 1085.7
Thumb: 27.1267 85.535 1103.34
Index: -73.6714 39.4867 1106.75
Middle: -110.582 40.9933 1099.79
Ring: -130.612 57.9307 1083.5
Little: -141.391 93.5666 1092.05
Thumb: 17.2929 84.3439 1108.18
Index: -78.693 35.2318 1103.32
Middle: -114.336 38.6996 1092.48
Ring: -131.834 58.3584 1083.37
Little: -133.249 104.332 1103.69
Thumb: 11.0452 87.6115 1114.35
Index: -79.9161 34.4868 1101.52
Middle: -112.104 42.3425 1104.86
Ring: -132.031 54.9839 1082.47
Little: -133.812 103.641 1106.72
Thumb: -2.74996 90.1305 1111.72
Index: -85.2598 31.656 1094.27
Middle: -110.757 47.7601 1105.48
Ring: -132.952 55.071 1084.47
Little: -136.658 101.217 1098.73
Thumb: 1.28182 88.8625 1115.43
Index: -89.726 30.2723 1090.49
Middle: -113.395 47.92 1103.81
Ring: -135.435 55.1326 1091.76
Little: -139.177 100.765 1101.19
Thumb: 0.600986 90.0348 1117.14
Index: -93.9632 32.5792 1082.26
Middle: -115.131 46.0381 1106.21
Ring: -134.145 55.4504 1095.13
Little: -139.033 101.165 1101.89
Thumb: -0.97159 88.1783 1115.79
Index: -100.617 34.7057 1086.47
Middle: -118.912 43.2235 1103.17
Ring: -133.126 58.7104 1109.65
Little: -141.487 99.5375 1104.46
Thumb: -6.60215 85.3432 1109.57
Index: -103.782 36.2367 1089.06
Middle: -120.434 43.4743 1104.23
Ring: -132.169 60.5887 1112.51
Little: -140.63 101.804 1107.38
Thumb: -6.23357 85.7425 1109.91
Index: -103.016 36.4208 1091.74
Middle: -121.201 42.2807 1103.59
Ring: -128.97 59.7966 1115.33
Little: -139.147 100.68 1107.71
Thumb: -8.52156 87.5315 1110.49
Index: -100.247 35.62 1090.57
Middle: -118.48 42.1431 1102.8
Ring: -126.903 60.9376 1116.07
Little: -134.909 99.4094 1106.61
Thumb: -6.33595 89.1829 1110.1
Index: -91.5187 36.7311 1100.61
Middle: -114.092 40.2505 1104.44
Ring: -122.514 58.987 1118.45
Little: -132.763 96.8559 1108.07
Thumb: -6.34834 92.0109 1108.26
Index: -84.4537 35.6309 1099.59
Middle: -108.239 39.5364 1102.68
Ring: -115.151 58.3496 1117.25
Little: -127.673 95.485 1106.47
Thumb: -1.12432 93.7747 1103.39
Index: -79.9588 34.5842 1096.1
Middle: -101.13 37.1347 1102.02
Ring: -106.771 56.8757 1118.04
Little: -121.992 92.6722 1105.62
Thumb: 67.0176 97.8152 1083.95
Index: -65.6964 37.761 1101.36
Middle: -93.3708 35.8226 1103.9
Ring: -101.552 53.2101 1114.88
Little: -115.768 86.5065 1104.77
Thumb: 68.3607 108.964 1098.71
Index: -62.0929 29.9577 1095.02
Middle: -83.3615 35.0394 1103.99
Ring: -94.3784 50.0175 1110.77
Little: -107.257 81.4098 1107.98
Thumb: 60.5673 104.177 1096.4
Index: -51.5934 30.3633 1097.45
Middle: -74.4247 31.3477 1101.24
Ring: -85.4125 45.9622 1109.38
Little: -98.5173 74.9352 1106.08
Thumb: 80.2795 107.787 1099.16
Index: -46.184 30.1584 1102.7
Middle: -64.5849 28.3408 1103.18
Ring: -77.4781 44.8998 1108.76
Little: -92.2326 74.6596 1105.98
Thumb: 92.7883 115.889 1094.02
Index: -29.8486 36.3083 1107.82
Middle: -56.3389 27.2732 1101.87
Ring: -68.3562 43.8452 1109.3
Little: -83.7636 71.454 1105.05
Thumb: 99.0825 114.117 1091.87
Index: -22.2683 35.5435 1103.55
Middle: -51.5118 27.5462 1097.04
Ring: -61.2031 41.4818 1102.65
Little: -73.0555 69.3607 1101.07
Thumb: 106.229 112.13 1087.44
Index: -11.9006 34.0259 1110.71
Middle: -44.2365 26.1554 1099.68
Ring: -55.5403 43.3461 1104.67
Little: -66.6577 70.282 1102.49
Thumb: 109.078 113.155 1098.5
Index: -9.20372 30.469 1106.64
Middle: -38.6428 27.0388 1103.76
Ring: -44.7849 46.6491 1108.91
Little: -59.5904 68.7964 1100.72
Thumb: 115.46 107.271 1093.03
Index: -2.5048 29.3765 1103.56
Middle: -30.936 24.4101 1100.17
Ring: -38.2218 41.5238 1103.95
Little: -50.958 70.7882 1107.37
Thumb: 116.312 100.298 1100.15
Index: 2.74856 26.9305 1105.72
Middle: -25.2211 19.8318 1100.75
Ring: -33.4214 40.833 1108.68
Little: -44.9513 69.2929 1104.57
Thumb: 126.593 104.668 1109.42
Index: 8.73982 22.944 1105.69
Middle: -16.6229 14.2598 1099.9
Ring: -32.8466 29.9145 1105.05
Little: -38.9693 64.4381 1102.78
Thumb: 132.954 111.249 1107.59
Index: 21.3535 21.1496 1106.52
Middle: -9.25382 14.1025 1100.09
Ring: -22.4688 29.3937 1106.48
Little: -32.5964 60.5641 1103.14
Thumb: 136.928 116.306 1109.12
Index: 32.1001 18.1121 1105.02
Middle: -1.30547 10.3906 1096.84
Ring: -17.65 27.1266 1106.17
Little: -27.318 55.7068 1102.36
Thumb: 98.8039 90.2741 1111.38
Index: 49.585 47.6107 1115.1
Middle: 3.32719 8.59509 1095.42
Ring: -11.5768 27.9194 1103.13
Little: -21.6756 55.8225 1107.08
Thumb: 112.506 94.6123 1111.88
Index: 57.0646 50.5032 1105.46
Middle: 10.2497 6.15736 1084.44
Ring: -4.16564 26.9094 1104.17
Little: -21.5453 51.2366 1098.95
Thumb: 122.905 87.3797 1115.32
Index: 56.4478 21.0271 1099.95
Middle: 17.0773 -0.167946 1086.71
Ring: 2.61319 20.8983 1102.65
Little: -17.3099 46.4357 1098.24
Thumb: 130.614 87.2389 1110
Index: 63.5338 21.7022 1103.08
Middle: 24.4447 -0.00830078 1090.34
Ring: 12.3994 29.5172 1106.8
Little: -10.7472 46.5056 1101.21
Thumb: 136.82 93.8294 1105.19
Index: 68.3178 22.2319 1103.91
Middle: 29.9621 -1.92629 1087.54
Ring: 16.4286 28.9558 1103
Little: -6.69836 43.0312 1101.09
Thumb: 147.326 97.908 1102.55
Index: 78.152 29.7538 1110.27
Middle: 37.1497 2.03357 1082.85
Ring: 26.1281 31.6885 1104.14
Little: -0.272591 52.2569 1103
Thumb: 147.932 94.767 1106.02
Index: 77.7509 12.1515 1105.44
Middle: 41.9501 1.86656 1083.52
Ring: 29.5754 33.8963 1106.32
Little: 1.95629 53.8478 1103.86
Thumb: 149.847 93.4568 1110.17
Index: 81.3423 10.408 1087.92
Middle: 47.8463 1.89949 1078.75
Ring: 34.3342 30.7999 1098.93
Little: 6.8952 52.3139 1100.78
Thumb: 155.122 101.892 1115.11
Index: 83.7083 10.0663 1088.02
Middle: 49.976 1.58722 1080.42
Ring: 35.8074 30.6719 1100.22
Little: 8.13673 50.3046 1097.71
Thumb: 158.963 103.502 1111.88
Index: 86.5549 10.8634 1090.76
Middle: 52.7985 1.77537 1082.8
Ring: 38.3905 31.9908 1103.54
Little: 16.1231 78.4256 1101.07
Thumb: 164.457 98.0567 1113.33
Index: 90.225 9.89655 1101.45
Middle: 55.0411 1.64107 1082.28
Ring: 41.3634 31.8145 1103.45
Little: 21.6422 79.0763 1104.32
Thumb: 162.92 101.544 1117.46
Index: 91.9111 10.2673 1102.3
Middle: 56.0862 1.52211 1078.82
Ring: 60.1396 88.1094 1148.86
Little: 22.964 78.7686 1103.75
Thumb: 165.392 100.474 1117.98
Index: 90.9402 6.24729 1099
Middle: 55.7545 -0.928301 1081.92
Ring: 60.1119 88.9083 1148.12
Little: 22.5494 77.2731 1101.73
Thumb: 166.066 102.024 1117.44
Index: 90.0091 7.54624 1100.37
Middle: 54.4496 0.626238 1080.5
Ring: 59.5013 91.1079 1148.7
Little: 21.8476 79.1346 1102.31
Thumb: 168.878 102.717 1118.01
Index: 85.1697 8.19814 1098.8
Middle: 51.9361 2.44454 1077.66
Ring: 56.5019 94.4718 1146.93
Little: 22.6034 89.0216 1104.41
Thumb: 166.8 99.0148 1116.29
Index: 80.1025 8.96399 1099.91
Middle: 46.2334 4.72108 1080.29
Ring: 57.6797 102.574 1147.32
Little: 22.9036 99.1928 1106.69
Thumb: 162.355 97.3897 1117.21
Index: 81.2573 23.7187 1109.23
Middle: 41.817 6.53921 1080.93
Ring: 54.8896 102.877 1147.23
Little: 18.6078 96.5726 1123.68
Thumb: 159.115 93.2358 1116.62
Index: 77.119 25.9946 1108.16
Middle: 36.3662 8.05858 1083.88
Ring: 53.533 104.126 1146.96
Little: 18.7163 103.404 1123.67
Thumb: 154.367 92.3345 1122.78
Index: 73.2348 28.0329 1106.58
Middle: 32.3967 12.2408 1076.91
Ring: 53.6104 109.45 1146.26
Little: 15.7782 103.62 1122.85
Thumb: 163.843 97.5883 1116.12
Index: 63.2874 28.0579 1105.74
Middle: 24.5804 12.2128 1077.53
Ring: 38.2458 104.528 1145.57
Little: 6.75672 107.325 1118.67
Thumb: 143.974 91.2145 1118.86
Index: 56.5271 28.1636 1103.12
Middle: 17.5593 14.0992 1079.13
Ring: 32.8545 102.798 1147.69
Little: 2.0826 107.121 1117.56
Thumb: 137.328 91.6367 1122.91
Index: 51.2956 27.1155 1103.59
Middle: 12.9945 13.4232 1080.57
Ring: 27.2181 106.783 1146.24
Little: -0.728642 114.148 1116.02
Thumb: 124.447 91.7061 1121.92
Index: 45.9445 35.9984 1116.61
Middle: 3.04445 14.6422 1090.34
Ring: 7.24239 81.565 1144.01
Little: -24.1423 86.0489 1127.9
Thumb: 112.39 92.4269 1120.8
Index: 38.5246 35.6248 1115.6
Middle: -4.11334 14.7345 1088.02
Ring: 0.194568 81.7073 1143.34
Little: -21.8953 104.181 1129.76
Thumb: 100.718 89.9992 1123.56
Index: 35.057 38.797 1121.65
Middle: -7.0314 17.1539 1090.06
Ring: 1.53207 95.8728 1149.37
Little: -23.6768 110.138 1130.63
Thumb: 95.9648 91.9694 1129.84
Index: 48.3859 88.6838 1150.58
Middle: -15.1028 18.6623 1085.13
Ring: -9.58124 94.6858 1147.04
Little: -22.9722 127.957 1126.94
Thumb: 93.2495 93.3654 1129.65
Index: 55.0465 106.288 1158.83
Middle: -22.2092 22.6092 1087.98
Ring: -22.8799 78.5052 1140.5
Little: -27.1306 135.055 1137.7
Thumb: 89.7994 95.3311 1130.87
Index: 55.7272 108.245 1157.19
Middle: -27.4505 24.1815 1088.7
Ring: -35.8271 57.2716 1114.58
Little: -34.435 129.798 1142.77
Thumb: 81.4932 94.2798 1127.71
Index: 37.3951 89.4186 1172.89
Middle: -34.8818 21.0631 1088.84
Ring: -39.6619 61.9781 1124.52
Little: -38.6802 129.727 1139.7
Thumb: 81.3109 94.4384 1135.44
Index: 36.1644 97.9785 1176.94
Middle: -33.8351 23.9004 1090.45
Ring: -13.9769 121.009 1153.31
Little: -44.2074 133.895 1137.39
Thumb: 68.1721 96.0791 1152.41
Index: 8.86645 91.8167 1183.19
Middle: -37.693 17.3966 1093.21
Ring: -34.41 115.746 1155.11
Little: -57.6023 131.219 1131.32
Thumb: 52.2361 98.8729 1165.21
Index: -5.32394 109.814 1186.04
Middle: -43.154 18.1671 1108.55
Ring: -48.5834 116.501 1143.29
Little: -65.3638 80.8183 1095.35
Thumb: 99.7697 118.684 1165.88
Index: 6.59502 110.083 1186.91
Middle: -42.2907 29.5483 1118.07
Ring: -42.747 88.1625 1132.27
Little: -45.3966 74.7246 1082.68
Thumb: 77.8495 135.203 1176.72
Index: 0.738892 122.464 1186.85
Middle: -42.5434 46.6315 1110.72
Ring: -37.0885 77.751 1115.87
Little: -34.887 81.8738 1071.15
Thumb: 83.9361 129.053 1175.17
Index: 12.914 122.569 1189.39
Middle: -43.764 43.8068 1117.22
Ring: -37.7715 75.0676 1122.46
Little: -38.8018 79.0341 1078.45
Thumb: 75.4817 136.615 1174.04
Index: 14.3626 131.013 1185.32
Middle: -54.3766 58.8829 1141.99
Ring: -42.1578 72.4852 1124.69
Little: -43.714 75.6143 1080.33
Thumb: 71.5467 156.989 1180.03
Index: 20.9036 146.61 1174.46
Middle: -59.3422 73.2137 1147.51
Ring: -50.2931 79.1226 1116.43
Little: -40.1469 73.1793 1087.29
Thumb: 71.964 158.67 1179.06
Index: 20.3057 147.721 1174.66
Middle: -61.2635 75.0099 1149.29
Ring: -51.5746 115.185 1142.78
Little: -37.9039 65.1253 1084.73
Thumb: 67.1225 149.348 1182.65
Index: 19.2299 131.647 1165.31
Middle: -68.078 77.2768 1146.94
Ring: -51.3151 120.411 1138.4
Little: -35.3812 62.9783 1081.49
Thumb: 86.9852 128.3 1053.62
Index: 45.5435 117.609 1091.69
Middle: 32.7853 97.3773 1169.54
Ring: -0.544055 108.462 1149.91
Little: -51.4724 70.924 1120.36
Thumb: 73.3491 141.661 1052.22
Index: 30.2101 116.328 1103.11
Middle: 28.4156 101.011 1178.16
Ring: -51.6214 52.812 1148.04
Little: -54.8282 51.7861 1124.59
Thumb: 75.9108 143.968 1061.42
Index: 44.9167 130.762 1120.64
Middle: 21.3117 100.666 1181.28
Ring: -74.1721 37.4029 1130.58
Little: -56.7466 54.8048 1119.1
Thumb: 71.3121 141.589 1071.29
Index: 37.7605 132.395 1121.69
Middle: -51.8443 29.26 1142.29
Ring: -77.9561 36.3367 1129.97
Little: -58.9529 54.168 1120.59
Thumb: 56.6617 125.541 1073.13
Index: 35.3829 137.58 1124.45
Middle: -46.364 39.4164 1138.94
Ring: -77.1516 37.8703 1121
Little: -56.0685 56.5696 1117.55
Thumb: 37.3985 128.759 1120.62
Index: 34.9731 142.726 1129.25
Middle: -51.9069 37.5704 1124.52
Ring: -75.6246 41.4607 1117.63
Little: -55.8547 60.5731 1111.92
Thumb: 30.9031 125.853 1118.47
Index: 30.0814 139.94 1132.69
Middle: -45.6343 50.9411 1150.55
Ring: -82.1244 39.0749 1125.66
Little: -62.0037 57.8072 1117.95
Thumb: 29.1415 126.588 1121.66
Index: 28.5298 136.815 1156.76
Middle: -50.0739 49.0193 1145.92
Ring: -82.8486 39.2295 1121.03
Little: -62.4582 58.6177 1116.49
Thumb: 29.5464 125.573 1121.47
Index: -14.4293 59.3842 1144.33
Middle: -48.7611 50.744 1146.37
Ring: -82.4042 37.9885 1119.73
Little: -63.2567 57.9396 1115.76
Thumb: 27.1238 127.371 1127.89
Index: -21.8184 58.0835 1145.29
Middle: -53.4422 54.2899 1150.43
Ring: -83.9522 39.4278 1120.48
Little: -65.6083 59.6773 1116.97
Thumb: 26.6019 129 1127.08
Index: -17.3206 69.5208 1144.27
Middle: -55.5275 52.4613 1142.94
Ring: -83.2719 42.7235 1114.63
Little: -64.677 63.2443 1112.65
Thumb: 25.2977 130.52 1127.54
Index: -17.6242 70.1181 1142.19
Middle: -56.3036 51.4907 1139.24
Ring: -84.0366 42.2058 1109.48
Little: -64.3053 63.0451 1114.85
Thumb: 22.7473 132.361 1125.74
Index: -14.8434 80.796 1142.97
Middle: -59.5008 50.1214 1136.71
Ring: -84.9421 43.0724 1111.07
Little: -65.7068 63.5766 1111.44
Thumb: 30.9576 123.215 1127.95
Index: -10.331 90.676 1127.21
Middle: -65.4113 46.5559 1134.75
Ring: -88.3293 39.6313 1108.93
Little: -68.439 59.6686 1110.08
Thumb: 29.761 124.423 1122.45
Index: -9.498 92.2945 1121.36
Middle: -63.5278 49.2165 1134.1
Ring: -87.7879 39.8235 1106.93
Little: -68.5783 59.5097 1106.38
Thumb: 51.5093 123.227 1119.11
Index: -6.42247 95.3527 1121.14
Middle: -57.4705 58.1971 1133.32
Ring: -87.2953 40.7616 1103.89
Little: -67.4943 60.2401 1105.1
Thumb: 36.1824 122.762 1115.39
Index: -6.82821 96.0295 1118.46
Middle: -61.1072 49.9832 1128.05
Ring: -86.8456 41.6366 1097.01
Little: -66.2656 60.8972 1100.2
Thumb: 40.3983 117.352 1116.21
Index: 3.57266 119.556 1119.13
Middle: -37.7121 106.964 1168.4
Ring: -89.3809 42.9292 1093.9
Little: -69.1202 60.9106 1094.06
Thumb: 58.374 119.847 1099.85
Index: 5.27753 121.894 1117.42
Middle: -38.1171 104.176 1169.2
Ring: -88.5283 44.8908 1093.73
Little: -68.2552 62.9236 1093.17
Thumb: 73.6376 134.338 1096.15
Index: 4.24226 120.897 1116.19
Middle: -29.4373 126.179 1176.05
Ring: -90.1464 46.2154 1093.66
Little: -67.6658 64.2722 1092.68
Thumb: 69.9503 135.772 1111.01
Index: 7.06446 122.934 1113.47
Middle: -27.0631 124.042 1176.03
Ring: -88.5291 45.5602 1095.48
Little: -66.1156 63.7815 1094.02
Thumb: 66.7557 129.953 1100.88
Index: 8.4948 122.612 1112.94
Middle: -24.8025 123.524 1175.28
Ring: -85.9656 44.4976 1095.79
Little: -63.848 63.0272 1094.36
Thumb: 63.6032 123.403 1103.16
Index: 6.88379 121.364 1113.31
Middle: -28.4977 118.592 1175.89
Ring: -80.1316 43.3878 1095.02
Little: -65.7517 65.3101 1093.44
Thumb: 66.5664 123.508 1097.37
Index: 7.12413 118.939 1153.62
Middle: -23.132 122.927 1176.36
Ring: -77.629 43.4695 1096.6
Little: -61.9024 65.0309 1095.55
Thumb: 50.151 119.253 1105.19
Index: 9.01021 120.065 1155.74
Middle: -18.7245 129.228 1177.29
Ring: -75.0188 43.1343 1100.28
Little: -59.3987 64.8091 1098.74
Thumb: 45.4823 113.182 1104.74
Index: 8.83911 117.901 1158.61
Middle: -19.4306 126.128 1179.67
Ring: -72.0009 40.8773 1102.22
Little: -72.8533 117.163 1151.42
Thumb: 61.9892 113.991 1097.59
Index: 9.83955 116.534 1163.28
Middle: -17.7759 125.899 1182.88
Ring: -66.9336 39.0746 1108.71
Little: -71.1453 119.247 1155.1
Thumb: 61.8929 116.987 1100.78
Index: 11.5945 117.517 1163.08
Middle: -16.2368 125.714 1182.96
Ring: -60.0884 36.4187 1108.11
Little: -69.1995 115.49 1155.5
Thumb: 59.7002 120.23 1104.48
Index: 15.4555 113.036 1162.74
Middle: -10.7674 122.836 1183.88
Ring: -55.2975 34.4794 1110.3
Little: -65.5021 117.045 1158.17
Thumb: 84.2416 135.983 1093.43
Index: 24.5183 122.439 1163.47
Middle: -5.48055 122.333 1186.45
Ring: -50.0992 33.6713 1113.04
Little: -60.417 116.075 1161.13
Thumb: 87.8672 133.305 1091.41
Index: 32.5284 120.739 1167.99
Middle: 2.37189 117.468 1188.84
Ring: -44.8011 30.6585 1112.68
Little: -54.4584 112.505 1164.44
Thumb: 101.073 145.759 1096.47
Index: 36.0796 113.083 1174.22
Middle: 7.03208 113.748 1190.58
Ring: -38.4326 27.2984 1111.96
Little: -50.5651 110.918 1164.63
Thumb: 102.236 138.581 1102.14
Index: 44.0403 111.016 1174.23
Middle: 15.7705 111.566 1191.66
Ring: -29.6304 24.7749 1115.22
Little: -41.937 106.549 1167.87
Thumb: 109.735 141.555 1105.14
Index: 49.5389 112.445 1175.37
Middle: 20.8475 112.19 1193.29
Ring: -23.4684 23.1484 1118.62
Little: -36.5753 107.265 1169.62
Thumb: 112.202 162.477 1094.16
Index: 54.087 115.256 1177.43
Middle: 25.6386 114.671 1193.25
Ring: -14.8556 23.305 1119.55
Little: -31.6577 107.313 1169.96
Thumb: 110.762 170.821 1085.2
Index: 59.634 110.464 1177.16
Middle: 32.8159 114.233 1192.53
Ring: -3.5206 20.911 1119.59
Little: -26.3687 105.055 1172.29
Thumb: 121.648 162.582 1088.21
Index: 58.9814 107.028 1177.51
Middle: 31.4258 111.7 1190.35
Ring: 4.13302 22.3577 1112.57
Little: -25.188 105.121 1166.34
Thumb: 129.736 154.282 1099.17
Index: 68.7528 109.442 1179.61
Middle: 35.0171 97.076 1193.06
Ring: 7.65517 21.4441 1116.21
Little: -15.976 105.083 1167.58
Thumb: 134.15 163.158 1085.68
Index: 76.2404 103.598 1180.23
Middle: 47.1947 101.458 1193.52
Ring: 14.3401 17.4701 1118.56
Little: -7.20745 100.971 1168.89
Thumb: 139.214 172.633 1089.32
Index: 80.9416 107.913 1180.29
Middle: 50.8118 101.127 1193.15
Ring: 23.818 20.0131 1122.38
Little: -4.74194 104.109 1166.92
Thumb: 87.1638 120.656 1126.26
Index: 84.0576 116.207 1179.83
Middle: 53.5288 103.189 1193.41
Ring: 33.7719 21.9126 1123.82
Little: -2.18156 104.549 1167.5
Thumb: 83.3053 111.568 1129.23
Index: 90.7907 115.35 1179.94
Middle: 61.4194 101.302 1193.17
Ring: 39.2427 23.3892 1125.25
Little: 3.34507 105.555 1167.09
Thumb: 89.204 115.231 1133.28
Index: 98.0155 120.384 1179.94
Middle: 63.9884 86.6118 1191.17
Ring: 45.2196 22.9878 1117.92
Little: 13.7289 102.054 1167.52
Thumb: 94.2976 108.944 1122.69
Index: 100.937 119.062 1181.51
Middle: 66.3775 87.1719 1192.07
Ring: 51.0723 21.668 1115.85
Little: 17.0577 100.827 1166.67
Thumb: 99.0931 108.687 1116.41
Index: 109.66 116.738 1179.12
Middle: 78.6789 104.456 1187.94
Ring: 58.4133 22.3898 1112.41
Little: 23.1658 104.233 1166.53
Thumb: 101.948 104.193 1119.31
Index: 112.306 108.504 1182.2
Middle: 82.9457 107.771 1191.32
Ring: 50.0972 21.0496 1115.85
Little: 26.9155 103.681 1169.09
Thumb: 168.794 151.35 1074.09
Index: 121.203 105.15 1178.86
Middle: 90.2232 91.0532 1192.7
Ring: 47.5976 15.1433 1120.25
Little: 34.8132 95.5156 1175.68
Thumb: 151.03 105.375 1073.55
Index: 136.037 111.829 1175.1
Middle: 106.968 101.578 1196.07
Ring: 40.323 22.1342 1137.35
Little: 48.2372 105.776 1182.83
Thumb: 162.312 123.342 1083.84
Index: 137.011 111.759 1170.93
Middle: 88.267 57.4094 1184.68
Ring: 39.499 26.9911 1138.22
Little: 51.561 109.022 1184.94
Thumb: 163.562 121.038 1092.54
Index: 151.873 132.411 1144.83
Middle: 128.665 112.254 1185.05
Ring: 39.643 33.9818 1149.24
Little: 68.1569 113.316 1189.87
Thumb: 158.969 121.193 1081.42
Index: 156.501 130.903 1139.73
Middle: 138.573 118.271 1177.43
Ring: 42.1969 37.1642 1154.33
Little: 76.4998 98.4699 1190.92
Thumb: 155.962 123.899 1075.73
Index: 161.138 133.25 1130.95
Middle: 148.656 121.403 1170.31
Ring: 51.0979 39.5146 1160.19
Little: 89.9071 114.898 1191.6
Thumb: 154.372 125.184 1070.43
Index: 162.323 134.8 1125.02
Middle: 147.604 145.605 1146.76
Ring: 66.3974 47.2569 1167.19
Little: 94.4182 118.382 1190.59
Thumb: 157.333 134.136 1068.33
Index: 163.064 132.273 1121.83
Middle: 155.035 120.93 1161.88
Ring: 68.9132 46.3884 1167.99
Little: 98.6577 116.356 1190.41
Thumb: 140.21 133.315 1071.5
Index: 163.44 133.886 1117.47
Middle: 158.502 123.975 1157.3
Ring: 73.7563 50.6346 1171.65
Little: 104.492 121.09 1190.82
Thumb: 142.662 131.566 1060.85
Index: 162.704 132.132 1117.79
Middle: 157.014 120.111 1158.59
Ring: 69.5541 51.7731 1170.9
Little: 102.834 119.495 1190.85
Thumb: 142.078 128.956 1083.87
Index: 160.476 130.154 1111.89
Middle: 156.382 113.619 1156.97
Ring: 51.8984 45.4368 1168.73
Little: 103.931 119.022 1189.66
Thumb: 148.241 129.072 1086.15
Index: 159.994 130.925 1103.48
Middle: 156.025 102.025 1152.97
Ring: 55.9986 47.3952 1165.55
Little: 108.993 117.404 1185.34
Thumb: 153.056 134.498 1085.88
Index: 162.734 131.053 1102.55
Middle: 161.749 112.372 1146.97
Ring: 53.2659 49.7981 1163.98
Little: 113.019 119.406 1184.3
Thumb: 155.965 136.641 1099.44
Index: 153.436 130.618 1092.86
Middle: 164.114 119.953 1134.76
Ring: 54.6036 50.7008 1166.36
Little: 118.121 118.29 1181.85
Thumb: 155.232 135.073 1093.21
Index: 154.995 128.637 1093.35
Middle: 163.441 129.454 1128.06
Ring: 57.1126 50.1191 1167.37
Little: 120.356 119.298 1182.36
Thumb: 152.15 133.27 1086.15
Index: 157.299 115.38 1105.88
Middle: 136.588 137.337 1120.4
Ring: 54.1354 45.0092 1146.51
Little: 113.311 120.181 1186.4
Thumb: 154.856 137.617 1088.17
Index: 156.466 112.121 1106.89
Middle: 149.672 135.76 1124.26
Ring: 53.279 46.2895 1140.71
Little: 113.338 119.454 1186.05
Thumb: 156.753 139.193 1097.32
Index: 155.808 111.625 1108.47
Middle: 140.792 141.828 1119.61
Ring: 51.4952 46.1129 1141.19
Little: 111.164 118.919 1186.75
Thumb: 155.975 138.968 1095.77
Index: 155.695 111.47 1105.98
Middle: 137.155 143.556 1115.3
Ring: 52.9069 45.6341 1142.76
Little: 113.929 120.145 1185.99
Thumb: 154.68 136.871 1103.19
Index: 155.787 110.537 1108.73
Middle: 116.439 146 1109.99
Ring: 52.3967 45.8473 1142.79
Little: 112.463 120.229 1187.14
Thumb: 138.19 135.992 1123.51
Index: 154.642 110.225 1114.78
Middle: 115.789 145.569 1114.15
Ring: 49.0559 46.2631 1143.77
Little: 107.295 119.465 1190.81
Thumb: 128.676 130.089 1128.96
Index: 154.86 107.55 1112.82
Middle: 116.725 142.335 1113.31
Ring: 47.6723 43.4233 1146.37
Little: 107.786 116.152 1189.97
Thumb: 131.683 128.223 1127.14
Index: 152.556 109.909 1112.62
Middle: 117.357 138.58 1115.99
Ring: 41.3452 42.5553 1145.59
Little: 101.177 114.657 1192.07
Thumb: 129.52 126.712 1131.45
Index: 153.694 105.054 1116.47
Middle: 115.875 137.806 1116.23
Ring: 40.0501 42.6045 1148.87
Little: 101.112 114.563 1192.86
Thumb: 127.197 129.233 1132.06
Index: 153.297 100.999 1121.12
Middle: 117.506 138.879 1118.86
Ring: 37.9426 44.3673 1149.34
Little: 99.25 114.844 1193.38
Thumb: 123.377 132.221 1135.46
Index: 147.437 108.564 1124.58
Middle: 108.101 135.878 1124.26
Ring: 31.987 43.5613 1147.98
Little: 87.3762 116.223 1197.53
Thumb: 139.817 119.101 1136.16
Index: 147.94 105.865 1127.03
Middle: 116.377 136.069 1128.08
Ring: 31.1843 41.8024 1150.06
Little: 87.3656 114.519 1198.99
Thumb: 142.047 126.332 1132.01
Index: 147.202 110.74 1122.98
Middle: 124.637 134.129 1132.95
Ring: 30.2957 42.4634 1153.78
Little: 87.6432 115.159 1198.45
Thumb: 143.334 127.657 1138.96
Index: 142.866 112.964 1135.43
Middle: 109.455 135.177 1136.04
Ring: 28.8315 40.8406 1154.19
Little: 74.4992 117.72 1201.02
Thumb: 156.068 135.416 1122.14
Index: 139.887 122.402 1133.48
Middle: 103.291 137.271 1136.26
Ring: 18.5921 44.514 1169.98
Little: 71.1995 115.831 1201.68
Thumb: 151.319 140.004 1057.65
Index: 135.46 123.196 1122.01
Middle: 102.186 133.132 1131.58
Ring: 14.7313 43.1195 1166.07
Little: 70.1192 113.304 1197.02
Thumb: 146.41 138.884 1059.57
Index: 133.611 116.736 1123.62
Middle: 97.8646 132.02 1129.74
Ring: 13.1783 42.0601 1168.96
Little: 70.6839 111.625 1197.01
Thumb: 153.115 140.73 1089.47
Index: 131.726 121.494 1124.66
Middle: 95.8253 134.7 1129.75
Ring: 11.8486 42.0774 1166.42
Little: 65.6214 112.882 1195.18
Thumb: 141.548 135.166 1101.81
Index: 129.471 120.322 1122.01
Middle: 106.254 127.27 1141.1
Ring: 7.56909 44.5455 1164.7
Little: 63.2763 113.332 1193.1
Thumb: 159.1 164.531 1094.49
Index: 126.325 106.939 1129.49
Middle: 106.893 122.868 1144.51
Ring: 7.69566 44.9854 1168.56
Little: 61.8321 111.781 1192.95
Thumb: 89.8299 122.657 1123.38
Index: 125.443 115.478 1122.46
Middle: 104.39 121.207 1144.58
Ring: 2.1405 46.7259 1165.84
Little: 58.2444 113.16 1191.73
Thumb: 98.2664 115.181 1102.01
Index: 118.984 114.975 1123.47
Middle: 97.3206 118.544 1148.01
Ring: -8.06263 47.3284 1163.06
Little: 46.4077 115.194 1190.22
Thumb: 95.0693 115.797 1101.99
Index: 116.08 114.397 1122.7
Middle: 93.657 119.692 1145.04
Ring: -12.8139 49.3036 1157.45
Little: 42.7162 117.752 1186.98
Thumb: 117.536 141.849 1097.71
Index: 114.291 118.321 1119.62
Middle: 92.7289 121.742 1144.29
Ring: -11.7525 48.8829 1158.7
Little: 42.215 118.553 1186.82
Thumb: 84.0528 107.426 1105.99
Index: 109.258 102.382 1124.18
Middle: 86.4042 110.841 1143.08
Ring: -14.7476 38.6111 1156.86
Little: -20.3298 56.8724 1153.16
Thumb: 98.3981 101.894 1026.21
Index: 107.336 106.584 1114.12
Middle: 86.9839 109.236 1140.97
Ring: -13.3084 33.4603 1152.82
Little: -16.2423 53.727 1152.15
Thumb: 98.3344 111.903 1015.92
Index: 101.106 110.841 1105.81
Middle: 83.8264 107.879 1141.15
Ring: 4.67214 33.8562 1154.42
Little: -17.8937 50.8457 1149.19
Thumb: 94.1425 120.363 1013.35
Index: 94.0999 112.468 1101.23
Middle: 81.4984 108.441 1141.06
Ring: 1.58481 36.0048 1157.82
Little: -9.18541 49.8611 1137.7
Thumb: 102.536 110.696 1030.16
Index: 95.1669 109.641 1105.33
Middle: 79.3507 106.887 1140.9
Ring: -7.34271 29.9419 1154.73
Little: -11.3491 48.7369 1137.12
Thumb: 102.06 112.549 1029.47
Index: 97.445 108.943 1110.29
Middle: 83.7167 107 1146.73
Ring: -3.97906 31.1623 1155.59
Little: -5.90261 49.7774 1139.56
Thumb: 96.89 111.931 1027.53
Index: 93.7435 109.679 1107.7
Middle: 82.4157 107.141 1147.03
Ring: -4.83842 33.0713 1158.26
Little: -4.46859 55.7081 1144.39
Thumb: 93.4891 111.193 1025.4
Index: 89.5904 110.522 1105.37
Middle: 78.4476 105.445 1147.89
Ring: 0.12449 34.2954 1163.27
Little: -5.68653 62.9286 1146.48
Thumb: 89.4378 93.4168 1041.26
Index: 82.9365 114.965 1095.96
Middle: 77.0977 104.854 1147.41
Ring: -1.29083 40.1561 1171.54
Little: -7.01675 63.581 1146.59
Thumb: 83.0515 89.245 1040.89
Index: 84.3294 115.58 1098
Middle: 77.195 105.038 1148.25
Ring: -0.43398 38.6768 1170.11
Little: -6.89265 62.8668 1146.07
Thumb: 84.9921 97.0198 1034.36
Index: 81.7026 117.209 1092.75
Middle: 79.6083 104.432 1146.08
Ring: -11.0857 30.7632 1160.46
Little: -6.89822 55.1219 1149.58
Thumb: 79.3848 97.0603 1039.53
Index: 81.3189 123.805 1091.37
Middle: 82.4715 110.062 1143.39
Ring: -4.10334 28.3097 1159.77
Little: -1.18483 50.3625 1146
Thumb: 86.0109 94.914 1051.98
Index: 79.7151 124.782 1087.59
Middle: 83.347 111.334 1140.63
Ring: -10.7352 26.2738 1153.55
Little: -0.285548 48.8718 1144.25
Thumb: 87.2832 103.51 1041.21
Index: 79.119 126.514 1083.85
Middle: 79.909 115.149 1131.66
Ring: -12.9598 25.0236 1148.02
Little: -0.411916 44.2442 1143.41
Thumb: 86.1034 103.048 1045.57
Index: 76.8766 126.7 1082.52
Middle: 81.0388 115.498 1132.85
Ring: -12.9594 25.0098 1148.23
Little: 0.762682 44.141 1142.85
Thumb: 83.6036 102.357 1046.29
Index: 74.6299 126.519 1081.82
Middle: 77.8959 115.643 1131.14
Ring: -0.585283 31.7405 1155.37
Little: -6.82291 41.7633 1143.7
Thumb: 81.1282 103.072 1049.29
Index: 75.1778 128.155 1082.77
Middle: 77.4702 116.705 1131.35
Ring: -1.94601 28.5496 1153.71
Little: -7.36832 40.518 1140.5
Thumb: 79.4483 102.682 1049.01
Index: 74.341 128.094 1081.11
Middle: 77.8406 116.557 1129.86
Ring: -4.17421 26.8913 1153.47
Little: -6.32263 40.7664 1141.34
Thumb: 75.3953 98.8226 1051.75
Index: 74.5484 129.392 1081.17
Middle: 77.0939 118.849 1128.38
Ring: -2.87753 26.638 1152.25
Little: -9.12819 40.4447 1148.05
Thumb: 74.8829 100.474 1051.26
Index: 75.0703 131.76 1081.16
Middle: 77.0407 121.439 1127.96
Ring: -9.25406 25.8824 1147.47
Little: -10.5148 42.3004 1149.96
Thumb: 75.2406 104.993 1056.54
Index: 74.519 135.131 1082.74
Middle: 77.8936 124.155 1131.77
Ring: -8.79485 28.4414 1148.97
Little: -9.09143 44.6029 1149.7
Thumb: 77.5946 109.147 1067.45
Index: 77.7034 136.553 1081.8
Middle: 94.7415 115.411 1146.3
Ring: -6.13105 29.4161 1146.88
Little: -15.1979 47.5892 1158.21
Thumb: 108.411 115.159 1056.56
Index: 83.4808 135.051 1087.38
Middle: 91.8252 120.98 1148.05
Ring: 2.75944 33.2972 1152.53
Little: -22.6167 49.8981 1151.91
Thumb: 110.49 113.175 1053.61
Index: 85.4201 132.33 1095.61
Middle: 85.9767 112.155 1163.2
Ring: 2.67911 32.8536 1158.39
Little: -30.2118 49.6445 1154.67
Thumb: 116.86 108.873 1073.28
Index: 91.1486 131.756 1107.67
Middle: 80.7536 111.869 1170.17
Ring: -7.65178 33.2192 1153.49
Little: -37.1045 52.9605 1150.21
Thumb: 123.723 113.87 1083.68
Index: 92.1152 132.368 1120.15
Middle: 70.9264 111.048 1180.45
Ring: -1.78952 43.993 1168.77
Little: -42.6443 55.404 1145.69
Thumb: 112.4 109.631 1097.47
Index: 90.2197 140.531 1122.33
Middle: 65.707 115.411 1184.58
Ring: -4.08754 50.8847 1167.58
Little: -43.775 61.8083 1143
Thumb: 128.701 125.769 1118.52
Index: 87.9811 135.223 1140.73
Middle: 50.9264 104.076 1199.48
Ring: 20.4155 101.931 1180.09
Little: -49.0074 59.2052 1146.37
Thumb: 101.964 111.253 1118.31
Index: 42.0974 61.0222 1153.84
Middle: 45.3799 102.859 1200.29
Ring: 16.2145 104.381 1176.69
Little: -52.79 61.6476 1147.36
Thumb: 101.867 108.825 1122.3
Index: 41.3153 59.861 1159.14
Middle: 44.1002 104.85 1205.33
Ring: 12.5649 100.562 1180.29
Little: -53.6535 58.859 1149.3
Thumb: 99.2128 109.449 1127.59
Index: 16.0642 27.2436 1128.02
Middle: 36.8574 101.13 1207.38
Ring: 10.1086 105.387 1169.82
Little: -57.1397 54.4141 1140.25
Thumb: 91.6139 109.649 1130.32
Index: 16.7219 25.0651 1127.69
Middle: 36.1857 101.944 1207.32
Ring: 9.70432 104.153 1170.91
Little: -57.0255 51.6517 1137.75
Thumb: 87.0326 108.092 1132.51
Index: 16.6261 24.6998 1122.32
Middle: 39.1369 101.478 1204.8
Ring: 11.7248 104.993 1166.53
Little: -56.9175 51.0881 1134.23
Thumb: 85.2637 102.788 1129.45
Index: 15.4042 19.4704 1120.01
Middle: 36.7344 92.7847 1204.31
Ring: 10.5162 98.8341 1168.15
Little: -58.2763 45.086 1132.73
Thumb: 85.0939 101.009 1133.8
Index: 16.6002 17.0922 1111.21
Middle: 28.2042 86.4033 1200.69
Ring: 6.31244 94.9268 1164.9
Little: -58.4278 41.0506 1117.82
Thumb: 82.6895 98.8747 1131.81
Index: 14.2858 16.3433 1107.97
Middle: 26.4233 83.9775 1198.71
Ring: 5.07462 93.6496 1162.91
Little: -59.4111 41.0811 1114.18
Thumb: 86.3113 96.4451 1126.86
Index: 12.3019 11.5795 1102.18
Middle: 28.099 76.1634 1194.59
Ring: 8.06239 92.0969 1159.06
Little: -60.7482 36.3534 1111.89
Thumb: 87.2325 95.6727 1122.31
Index: 10.2347 15.5162 1087.2
Middle: 25.4981 66.988 1187.87
Ring: 7.40095 89.6486 1153.98
Little: -57.2054 38.1438 1098.28
Thumb: 90.8912 91.7892 1122.05
Index: 9.57348 14.7419 1083.86
Middle: 24.8557 69.4636 1186.04
Ring: 5.91726 90.2349 1147.76
Little: -56.5611 37.4092 1092.58
Thumb: 91.963 95.612 1123.03
Index: 52.3827 62.0964 1170.96
Middle: 25.1177 66.8915 1184.54
Ring: 6.40143 92.0956 1145.36
Little: -55.998 37.9442 1097.7
Thumb: 89.6588 92.7906 1119.12
Index: 51.4936 62.9166 1169.16
Middle: 22.5672 65.4548 1181.89
Ring: -10.533 54.8926 1167.74
Little: -53.9022 40.5638 1100.7
Thumb: 89.1577 92.3367 1117.2
Index: 52.864 63.6091 1168.26
Middle: 23.3505 65.1315 1181.34
Ring: -15.3765 44.4631 1164.49
Little: -51.7094 46.7326 1106.51
Thumb: 92.6093 95.4794 1110.61
Index: 52.2436 65.1174 1165.89
Middle: 21.8704 64.2703 1178.81
Ring: -16.7267 42.4845 1161.32
Little: -51.1615 46.81 1104.72
Thumb: 114.453 99.9206 1105.39
Index: 50.5011 68.2439 1167.28
Middle: 20.2859 68.3756 1180.36
Ring: -19.3656 44.5394 1163.5
Little: -53.2626 47.1661 1107.79
Thumb: 119.334 105.361 1103.69
Index: 51.7059 69.7051 1163.02
Middle: 20.4831 67.8392 1178.05
Ring: -16.5713 48.9441 1165.57
Little: -36.5376 80.1934 1157.26
Thumb: 110.587 98.4505 1102.34
Index: 51.1426 68.3326 1159.16
Middle: 11.7834 52.0276 1171.14
Ring: -16.9625 44.1949 1160.48
Little: -36.4395 78.8846 1153.78
Thumb: 110.32 104.118 1102.74
Index: 49.9561 71.2904 1158.98
Middle: 10.5219 53.8237 1170.99
Ring: -17.545 45.5827 1160.66
Little: -33.7454 94.4564 1149.56
Thumb: 112.695 115.525 1108.64
Index: 49.0495 71.8773 1156.71
Middle: 9.39929 53.5755 1167.97
Ring: -22.4152 42.7783 1155.73
Little: -36.7377 93.7803 1147.26
Thumb: 108.304 116.685 1106.34
Index: 49.9305 72.3354 1156.1
Middle: 4.33219 44.3151 1164.17
Ring: -26.2879 36.2668 1151.39
Little: -35.1978 90.5775 1149.14
Thumb: 105.588 116.403 1103.15
Index: 52.153 74.0533 1154.77
Middle: 8.0498 49.1672 1165.51
Ring: -28.3305 33.9747 1149.92
Little: -34.124 87.5858 1152.52
Thumb: 108.899 117.584 1111.44
Index: 44.2033 74.9261 1158.09
Middle: 7.0873 64.0767 1168.01
Ring: -26.3597 49.6584 1153.96
Little: -40.0451 90.2317 1146.25
Thumb: 108.173 119.148 1106.08
Index: 46.7114 75.8005 1154.8
Middle: 8.17909 60.6591 1166.91
Ring: -19.2749 57.4164 1155.92
Little: -39.0652 87.8942 1147.67
Thumb: 109.897 120.646 1103.36
Index: 45.799 74.7078 1154.76
Middle: 2.32658 51.3193 1164.82
Ring: -17.4676 61.3361 1155.66
Little: -38.3455 88.6045 1147.27
Thumb: 102.673 114.307 1105.6
Index: 44.5015 77.3076 1157.06
Middle: -37.009 5.45172 1093.92
Ring: -10.9558 78.7279 1154.17
Little: -40.8418 90.5177 1147.72
Thumb: 99.4645 109.279 1106.47
Index: 40.9565 74.8055 1158.61
Middle: -40.5792 6.25191 1093.04
Ring: -11.0704 84.8649 1148.69
Little: -42.3788 90.2936 1148.24
Thumb: 99.3464 109.702 1107.89
Index: 38.4848 74.7624 1162.88
Middle: -44.5072 7.52056 1090.15
Ring: -9.89278 93.3054 1142.89
Little: -46.3466 88.5342 1152.01
Thumb: 119.005 126.419 1102.58
Index: 38.4963 74.5714 1167.04
Middle: -46.4975 7.99083 1095.29
Ring: -10.4074 92.1102 1154.01
Little: -46.3005 89.6193 1157.03
Thumb: 83.584 107.826 1119.7
Index: 39.8442 80.1645 1177.92
Middle: -39.9831 6.01815 1107.62
Ring: -10.5546 91.5508 1170.72
Little: -45.5833 89.6151 1165.81
Thumb: 88.6711 107.589 1121.36
Index: 43.8865 84.8771 1182.52
Middle: -37.4401 4.98495 1119.62
Ring: -6.9256 94.2634 1177.44
Little: -42.0923 91.8836 1175.18
Thumb: 95.3158 103.36 1121.2
Index: 44.4771 83.3532 1188.35
Middle: -35.7211 17.3095 1144.65
Ring: -6.09209 96.2976 1181.43
Little: -54.6778 66.924 1179.41
Thumb: 94.1896 102.075 1106.39
Index: 52.053 69.9022 1184.79
Middle: -40.7466 12.6552 1149.34
Ring: 6.9502 100.72 1176.44
Little: -42.6699 68.8938 1195.81
Thumb: 87.7767 102.727 1110.47
Index: 52.0988 73.8475 1191.06
Middle: -43.577 17.3856 1159.76
Ring: 7.48336 102.736 1187.4
Little: -32.294 95.388 1198.38
Thumb: 90.1504 96.7982 1114.83
Index: 59.92 75.79 1192.7
Middle: -40.9658 28.0849 1173
Ring: 15.8029 105.617 1191.65
Little: -18.4906 106.447 1208.22
Thumb: 81.0274 98.4125 1120.97
Index: 56.2348 81.4091 1199.2
Middle: -32.9371 32.8458 1170.87
Ring: 12.341 109.605 1194.54
Little: -20.4108 132.672 1199.81
Thumb: 87.5821 102.709 1130.17
Index: 53.8859 83.3619 1208.05
Middle: -28.759 34.3602 1174.12
Ring: -0.910725 95.5235 1200.61
Little: -29.4423 143.91 1177.45
Thumb: 88.0189 104.421 1123.02
Index: 58.1084 91.5105 1212.11
Middle: -24.2665 40.1669 1182.92
Ring: 1.03911 99.9193 1205.06
Little: -24.5451 135.52 1192.87
Thumb: 95.048 105.78 1126.75
Index: 65.9488 99.6038 1214.56
Middle: -15.8405 47.7827 1188.16
Ring: 8.41692 107.264 1206.89
Little: -21.3086 130.681 1185.04
Thumb: 93.0598 107.608 1126.2
Index: 74.1752 96.8255 1208.06
Middle: -14.1977 40.6865 1183.64
Ring: 14.1847 102.372 1204.58
Little: -10.8407 129.442 1183.37
Thumb: 112.582 104.292 1124.62
Index: 80.097 93.7948 1204.24
Middle: -7.22034 40.0393 1182.85
Ring: 20.4432 99.7336 1203.35
Little: -5.00059 130.274 1183.1
Thumb: 105.556 116.991 1123.7
Index: 79.0273 96.8557 1208.26
Middle: -4.12225 39.8681 1181.36
Ring: 20.7255 102.077 1204.07
Little: -2.77774 134.837 1178.61
Thumb: 113.282 115.248 1111.48
Index: 88.7794 93.4735 1202.4
Middle: 5.68158 38.9219 1179.29
Ring: 22.9165 101.229 1174.6
Little: 4.96033 131.254 1181.07
Thumb: 114.948 116.152 1109.44
Index: 102.461 96.3378 1191.1
Middle: 14.8032 34.1159 1173.72
Ring: 29.5674 96.3879 1170.45
Little: 13.2915 127.784 1179.72
Thumb: 116.855 114.058 1101.65
Index: 110.551 100.662 1181.3
Middle: 22.4844 23.6265 1159.9
Ring: 35.6016 89.9833 1163.51
Little: 16.8649 119.738 1175.51
Thumb: 110.198 108.188 1097.88
Index: 120.145 102.927 1169.22
Middle: 30.1714 22.863 1149.12
Ring: 51.4739 82.4269 1173.16
Little: 25.0158 97.4331 1180.2
Thumb: 113.948 109.333 1094.94
Index: 123.671 105.708 1163.91
Middle: 30.6743 19.2629 1143.99
Ring: 55.9854 82.8662 1171.54
Little: 28.3694 93.0887 1179.28
Thumb: 125.154 107.603 1098.11
Index: 125.219 101.203 1160.98
Middle: 25.8992 20.864 1143.81
Ring: 54.6881 84.6903 1168.71
Little: 28.142 102.986 1171.88
Thumb: 121.732 103.043 1092.95
Index: 128.088 111.752 1143.24
Middle: 18.4017 23.4005 1146.24
Ring: 53.311 83.0302 1168.55
Little: 29.811 110.86 1171.1
Thumb: 119.453 86.656 1074.25
Index: 127.449 107.827 1138.48
Middle: 12.9968 25.0556 1146.38
Ring: 52.9066 84.0753 1167.84
Little: 29.3232 108.343 1170.3
Thumb: 123.326 76.8531 1075.81
Index: 115.157 84.0211 1151.5
Middle: 0.851489 33.5198 1149.94
Ring: 43.1869 85.5796 1167.21
Little: 27.8609 133.248 1150.66
Thumb: 103.568 82.5475 1068.64
Index: 117.775 89.5389 1147.94
Middle: -1.72118 38.275 1153.64
Ring: 48.0706 94.1411 1167.09
Little: 26.5629 135.388 1149.02
Thumb: 118.725 89.2358 1063.26
Index: 113.837 84.576 1150.42
Middle: -3.1117 39.2261 1154.63
Ring: 36.8392 82.6392 1174.26
Little: 25.6765 134.562 1149.51
Thumb: 107.765 83.2897 1073.17
Index: 112.327 83.4335 1152.81
Middle: -2.28491 39.7857 1156.72
Ring: 39.6638 85.2403 1175.31
Little: 29.9216 136.909 1152.57
Thumb: 105.268 81.2579 1072.55
Index: 111.597 84.1838 1151.9
Middle: -5.39193 41.5346 1156.62
Ring: 41.5202 89.2597 1174.79
Little: 31.6642 138.248 1154.58
Thumb: 100.92 78.2757 1076.96
Index: 110.576 83.8039 1152.26
Middle: -6.77472 43.1374 1158.89
Ring: 40.73 90.4109 1175.58
Little: 33.9427 136.806 1154.46
Thumb: 97.5271 76.4175 1074.94
Index: 112.441 87.4681 1146.98
Middle: -6.65288 43.3399 1160.44
Ring: 40.3452 90.3338 1175.98
Little: 32.4506 136.469 1151.93
Thumb: 96.9655 78.8247 1068.87
Index: 106.918 83.4157 1155.2
Middle: -15.0575 39.3839 1156.75
Ring: 36.9879 90.0126 1176.2
Little: 29.607 136.239 1151.24
Thumb: 92.4807 79.7372 1065.54
Index: 103.467 82.2157 1156.45
Middle: -17.5566 39.0702 1158.94
Ring: 33.2736 89.1594 1177.13
Little: 25.3337 135.907 1150.48
Thumb: 90.6154 79.296 1063.88
Index: 103.84 81.8112 1153.63
Middle: -20.1242 39.7693 1157.36
Ring: 32.4757 88.4666 1176.43
Little: 26.5668 136.274 1150.25
Thumb: 90.0017 74.9036 1067.79
Index: 101.855 77.718 1152.46
Middle: -22.1995 41.0387 1158.69
Ring: 26.9855 84.4509 1176.75
Little: 27.3765 135.869 1149.97
Thumb: 87.9906 76.1793 1067.99
Index: 100.547 77.2967 1151.45
Middle: -27.6934 40.1076 1153.71
Ring: 25.0544 83.4392 1175.75
Little: 24.2103 135.043 1148.46
Thumb: 87.7827 76.0238 1068.38
Index: 99.6454 75.8614 1152.83
Middle: -26.1942 40.2711 1156.05
Ring: 28.3003 85.238 1176.1
Little: 24.2735 135.217 1148.19
Thumb: 87.9902 76.1416 1068.49
Index: 99.7964 75.9968 1153.55
Middle: -25.4804 40.3071 1157.32
Ring: 28.7504 85.5436 1176.76
Little: 27.1099 135.842 1150.47
Thumb: 90.8362 70.4089 1066.45
Index: 49.5998 43.6581 1166.3
Middle: -26.983 41.1802 1158.01
Ring: 27.5268 87.5948 1175.11
Little: 27.0399 136.191 1151.26
Thumb: 91.9804 70.133 1066.71
Index: 46.8746 42.105 1167.06
Middle: -21.5492 41.2465 1162.58
Ring: 27.5315 87.0014 1176.83
Little: 27.4086 136.163 1152.02
Thumb: 90.8006 71.0629 1066.84
Index: 47.5137 42.4383 1166.96
Middle: -22.6977 40.5612 1161.74
Ring: 27.5058 86.8607 1177.09
Little: 26.4116 136.007 1151.94
Thumb: 87.0114 73.0497 1069.82
Index: 48.0057 42.7626 1167.22
Middle: -24.1086 41.3966 1161.37
Ring: 27.7546 86.9122 1177.55
Little: 27.3237 136.226 1152.19
Thumb: 90.0234 69.2054 1068.51
Index: 46.4339 43.5961 1168.39
Middle: -25.5205 43.1746 1162.06
Ring: 29.276 93.3337 1170.53
Little: 27.6204 137.472 1153.31
Thumb: 93.4245 73.3474 1065.21
Index: 44.5224 43.5627 1168.3
Middle: -27.8138 44.6766 1162.17
Ring: 29.3308 94.6817 1169.99
Little: 26.2897 137.95 1153.36
Thumb: 93.3373 75.0669 1064
Index: 45.9851 42.7741 1167.87
Middle: -26.9467 42.6693 1162
Ring: 29.6981 91.6766 1173.88
Little: 25.8143 136.935 1154.72
Thumb: 90.4892 78.8978 1064.09
Index: 42.9862 37.9539 1161.95
Middle: -24.1672 37.949 1156.61
Ring: 28.5138 83.1813 1178.7
Little: 24.1178 134.24 1156.55
Thumb: 93.5501 83.2392 1060.61
Index: 103.3 76.313 1152.41
Middle: -16.2262 34.5096 1155.6
Ring: 35.6964 81.6211 1177.16
Little: 30.5159 132.675 1159.44
Thumb: 107.608 89.9081 1034.44
Index: 106.281 77.1021 1150.33
Middle: -13.1235 33.5722 1155.39
Ring: 51.3947 92.4359 1172.7
Little: 15.4269 101.217 1182.67
Thumb: 104.022 89.5489 1032.78
Index: 117.234 93.8496 1124.46
Middle: -7.36828 27.6539 1149.7
Ring: 60.917 89.2923 1167.25
Little: 20.0102 90.4547 1181.2
Thumb: 48.8587 84.5442 1109.91
Index: 118.579 94.5966 1124.03
Middle: -6.48551 27.2011 1147.99
Ring: 62.2085 89.1644 1166.83
Little: 21.6949 90.2606 1180.79
Thumb: 51.409 75.2179 1096.29
Index: 104.804 101.073 1096.42
Middle: 1.00206 25.5481 1143.34
Ring: 68.6512 90.4108 1155.54
Little: 20.9509 82.453 1175.55
Thumb: 46.3819 76.9765 1095.53
Index: 106.227 103.589 1093.65
Middle: 4.63073 25.4543 1142.5
Ring: 77.3573 96.1935 1151.26
Little: 27.2567 80.9555 1176.17
Thumb: 46.5789 75.8971 1101.53
Index: 105.828 101.722 1091.94
Middle: 5.92584 21.2437 1140.1
Ring: 81.1607 95.369 1149.09
Little: 29.0326 79.1143 1175.19
Thumb: 48.5885 74.9882 1104.71
Index: 104.677 104.36 1088.97
Middle: 9.404 19.5257 1138.49
Ring: 83.8233 97.8346 1146.63
Little: 31.845 77.4943 1174.23
Thumb: 49.4344 73.7534 1104.81
Index: 105.408 102.402 1085.6
Middle: 12.1574 17.8396 1138.41
Ring: 87.2536 95.9788 1144.22
Little: 33.9025 82.479 1168
Thumb: 51.5263 74.7693 1102.26
Index: 99.6328 110.339 1076.55
Middle: 15.3368 17.0221 1133.68
Ring: 87.4052 97.6038 1141.24
Little: 33.9556 82.0309 1164.11
Thumb: 52.533 76.5546 1099.08
Index: 105.878 112.866 1070.44
Middle: 16.1665 19.0574 1127.23
Ring: 88.26 123.136 1117.16
Little: 37.5289 83.0862 1158.18
Thumb: 55.9296 77.2663 1104.56
Index: 113.892 112.424 1068.98
Middle: 28.369 18.1141 1139.3
Ring: 122.196 97.4692 1138.72
Little: 50.8434 85.0944 1163.58
Thumb: 61.073 81.6259 1108.61
Index: 121.05 101.364 1069.65
Middle: 32.5619 17.7928 1137.83
Ring: 126.171 90.2039 1133.64
Little: 61.1501 83.8462 1151.59
Thumb: 58.4189 82.7723 1101.43
Index: 113.817 114.957 1062.54
Middle: 37.7594 20.0489 1135.62
Ring: 128.538 92.0337 1133.08
Little: 64.8541 86.3229 1148.94
Thumb: 60.965 83.4843 1106.13
Index: 126.987 107.671 1070.36
Middle: 40.558 18.6536 1137.6
Ring: 128.959 90.4816 1135.34
Little: 66.7664 84.9487 1150.72
Thumb: 61.3489 83.4726 1105.37
Index: 119.366 116.363 1063.82
Middle: 42.5442 17.2985 1135.58
Ring: 129.143 92.3805 1133.08
Little: 67.9006 84.3782 1149.44
Thumb: 60.8748 82.3398 1103.98
Index: 109.82 121.516 1059.93
Middle: 46.2009 15.6408 1134.31
Ring: 129.197 94.5949 1132.84
Little: 67.4005 83.1041 1148.63
Thumb: 61.7094 81.1986 1103.29
Index: 96.3887 121.413 1057.66
Middle: 47.6835 15.0558 1134.31
Ring: 129.506 96.1252 1132.18
Little: 71.6208 79.7915 1148.17
Thumb: 60.6599 82.1942 1101.69
Index: 91.861 122.859 1053.33
Middle: 46.7763 14.7274 1130.22
Ring: 128.019 96.9914 1128.19
Little: 70.5072 80.3157 1146.3
Thumb: 88.9068 116.256 1134.41
Index: 83.8563 122.795 1054.75
Middle: 39.3464 13.1482 1126.65
Ring: 108.225 123.246 1115.55
Little: 63.7681 75.1286 1144.22
Thumb: 36.2888 59.0547 1116.37
Index: 32.3397 98.1574 1173.6
Middle: -34.8326 33.3503 1087.94
Ring: -15.9411 125.527 1160.41
Little: -31.5805 128.189 1121.1
Thumb: 66.3553 60.898 1119.59
Index: 55.7443 102.748 1174.37
Middle: -2.72182 15.9037 1099.97
Ring: -5.02135 109.122 1170.4
Little: -22.928 130.731 1124.67
Thumb: 70.3809 64.2415 1115.06
Index: 53.6108 101.947 1174.32
Middle: -3.94081 21.291 1100.3
Ring: -5.90735 110.036 1169.83
Little: -13.2931 132.721 1130.11
Thumb: 62.5652 66.4646 1123.36
Index: 53.9075 100.702 1173.76
Middle: -2.65165 21.2207 1097.51
Ring: 1.95672 120.229 1164.84
Little: -14.512 129.689 1130.33
Thumb: 67.0609 66.4872 1121.29
Index: 50.8938 97.1585 1176.15
Middle: -2.77406 21.8981 1093.52
Ring: 4.00909 120.314 1163.79
Little: -14.3384 127.538 1129.34
Thumb: 65.7542 64.0636 1118.78
Index: 56.3216 93.7432 1167.03
Middle: -3.03398 20.3983 1088.42
Ring: 4.106 114.723 1162.41
Little: -13.4031 124.84 1127.73
Thumb: 66.0392 65.0103 1115.27
Index: 66.6533 95.4817 1151.16
Middle: -2.39863 19.7919 1086.59
Ring: 6.15714 113.112 1161.52
Little: -11.3769 124.418 1125.93
Thumb: 66.9054 64.8615 1114.54
Index: 66.4413 95.6708 1152.34
Middle: -2.25416 19.7332 1086.94
Ring: 6.68934 113.788 1161.78
Little: -8.57154 128.145 1125.53
Thumb: 63.1529 68.438 1113.42
Index: 72.4836 95.7925 1144.89
Middle: -1.79293 20.868 1086.09
Ring: 10.8207 108.022 1163.2
Little: -7.92667 126.063 1128.42
Thumb: 64.1508 68.7742 1106.89
Index: 80.7878 103.788 1134.08
Middle: -2.11383 20.1265 1086.44
Ring: 13.3951 107.434 1165.26
Little: -7.32387 128.037 1131.31
Thumb: 66.8854 66.7108 1095.07
Index: 79.6803 104.801 1143.22
Middle: -2.98254 20.2348 1082.37
Ring: 14.1708 109.155 1161.06
Little: -14.272 116.199 1135.7
Thumb: 146.376 137.56 1145.99
Index: 72.0722 91.9392 1148.95
Middle: -3.04586 20.3682 1083.44
Ring: 21.3071 111.897 1159.41
Little: -12.8254 113.625 1140.6
Thumb: 150.456 121.655 1120.12
Index: 82.3411 103.591 1141.97
Middle: -5.73087 19.2329 1077.95
Ring: 17.8593 105.233 1158.37
Little: -11.4255 116.869 1134.02
Thumb: 150.218 121.162 1117.43
Index: 70.2081 90.1419 1143.21
Middle: -7.26436 19.5225 1075.79
Ring: 19.1035 108.775 1155.89
Little: -11.4893 119.481 1131.85
Thumb: 131.713 104.288 1118.56
Index: 68.8684 90.8404 1142.19
Middle: -8.523 19.249 1076.88
Ring: 16.3356 106.259 1156.26
Little: -15.8031 113.361 1132.75
Thumb: 131.776 104.284 1115.09
Index: 58.8844 77.3114 1148.25
Middle: -8.3231 19.9689 1070.31
Ring: 14.0185 104.303 1152.44
Little: -15.7244 114.726 1128.83
Thumb: 132.552 104.565 1115.01
Index: 57.8489 77.7089 1147.52
Middle: -8.85067 20.3957 1069.97
Ring: 12.1992 104.418 1150.5
Little: -16.5663 116.865 1126.41
Thumb: 131.878 103.945 1113.3
Index: 55.5129 77.8187 1146.09
Middle: -9.45561 19.2928 1068.85
Ring: 10.0631 105.183 1149.33
Little: -21.3023 109.841 1127.63
Thumb: 138.702 106.562 1106.14
Index: 53.6091 77.2244 1145.08
Middle: -9.64552 19.0236 1066.26
Ring: 8.87857 104.369 1147.97
Little: -22.1087 111.251 1125.93
Thumb: 131.604 104.093 1106.34
Index: 64.9111 90.7674 1140.5
Middle: -10.6884 19.1045 1065.74
Ring: 8.93064 105.8 1147.11
Little: -20.2865 118.696 1124.17
Thumb: 132.707 105.015 1106.24
Index: 65.3876 90.3871 1141.26
Middle: -10.0495 19.2218 1063.63
Ring: 7.2583 99.1042 1148.28
Little: -19.9273 117.099 1124.67
Thumb: 133.682 108.029 1108.35
Index: 68.2814 93.1262 1141.32
Middle: -9.30629 20.9976 1066.76
Ring: 11.5353 102.826 1149.61
Little: -17.4714 117.312 1126.48
Thumb: 140.946 114.424 1109.37
Index: 63.6367 92.7765 1145.32
Middle: -8.07969 18.8219 1066.8
Ring: 9.62875 106.358 1148.98
Little: -19.6642 118.009 1124.66
Thumb: 134.794 109.979 1110.98
Index: 63.9347 92.3169 1145.24
Middle: -8.34627 18.826 1066.23
Ring: 10.4875 107.352 1149.07
Little: -19.1876 118.243 1125.19
Thumb: 133.924 108.991 1111.72
Index: 63.8762 94.774 1145.65
Middle: -6.7588 21.4473 1079.68
Ring: 5.18919 101.645 1149.4
Little: -22.156 120.427 1124.15
Thumb: 135.904 109.431 1110.56
Index: 63.2547 94.3628 1146.68
Middle: -5.93039 23.7408 1082.65
Ring: 4.92135 102.193 1149.9
Little: -23.3469 116.891 1125.44
Thumb: 135.372 104.413 1113.54
Index: 61.6153 91.3373 1149.66
Middle: -6.81852 23.0147 1090.6
Ring: 3.63174 100.604 1151.64
Little: -24.1713 114.756 1126.49
Thumb: 147.044 110.805 1113.62
Index: 63.5751 90.0273 1152.04
Middle: -4.10737 22.7028 1092.38
Ring: 4.50503 96.8904 1153.77
Little: -22.4911 112.541 1128.97
Thumb: 146.337 109.37 1115.38
Index: 64.543 89.166 1153.89
Middle: -3.84391 20.5202 1092.83
Ring: 8.94557 102.899 1151.25
Little: -21.9596 111.665 1132.16
Thumb: 145.314 109.685 1122.21
Index: 60.2696 92.8683 1157.74
Middle: -0.79263 18.3889 1091.87
Ring: 6.04886 103.458 1158.17
Little: -22.9216 112.221 1134.7
Thumb: 146.154 108.831 1123.22
Index: 62.2341 93.8382 1159.58
Middle: -0.0470705 17.6522 1094.03
Ring: 7.99922 104.659 1160.76
Little: -21.4034 112.273 1137.86
Thumb: 139.394 103.833 1122.49
Index: 64.7811 92.9387 1163.97
Middle: -0.434557 16.4613 1102.11
Ring: 8.23351 107.943 1164.54
Little: -21.2429 112.751 1141.58
Thumb: 137.791 104.905 1124.98
Index: 60.8224 91.6413 1170.54
Middle: 0.560963 16.1308 1105.32
Ring: 2.57384 91.828 1167.49
Little: -22.6986 111.999 1143.05
Thumb: 135.734 103.414 1129.33
Index: 60.5979 88.9499 1172.91
Middle: -0.851529 13.7036 1105.04
Ring: 1.9319 88.2197 1169.84
Little: -22.8624 113.233 1145.92
Thumb: 129.726 102.234 1139.54
Index: 59.2993 87.8406 1175.51
Middle: -1.68554 14.689 1108.01
Ring: 1.50959 88.1201 1171.54
Little: -23.1536 114.885 1146.71
Thumb: 120.193 97.154 1151.14
Index: 41.5858 90.5232 1186.04
Middle: -1.048 12.359 1111.45
Ring: -12.2196 90.6499 1171.14
Little: -31.8525 109.856 1140.12
Thumb: 123.469 99.3614 1163.81
Index: 38.1424 91.3465 1191.61
Middle: -2.76018 11.4891 1108.41
Ring: -16.4254 78.0233 1169.51
Little: -32.4507 109.673 1140.61
Thumb: 125.974 100.724 1164.02
Index: 45.6855 98.249 1191.21
Middle: -1.598 10.6406 1110.76
Ring: -14.5238 56.9241 1161.57
Little: -31.9041 102.516 1142.43
Thumb: 141.062 105.741 1147.3
Index: 62.916 93.0212 1194.93
Middle: 3.61896 14.9454 1112.62
Ring: 5.44553 26.6288 1131.86
Little: -18.941 121.387 1164.99
Thumb: 134.093 102.937 1151.57
Index: 58.9169 96.4305 1194.87
Middle: -1.42168 16.5031 1113.47
Ring: -1.41533 27.815 1125.19
Little: -23.8726 121.004 1165.38
Thumb: 118.511 103.913 1172.2
Index: 42.9827 101.239 1196.31
Middle: -2.79145 17.6525 1111.53
Ring: -15.0466 42.9515 1138.79
Little: -34.3417 120.525 1152.19
Thumb: 70.3186 103.232 1208.94
Index: -7.88156 104.098 1189.92
Middle: -3.65584 12.7934 1108.12
Ring: -22.339 44.8305 1128.57
Little: -12.6079 58.0466 1087.74
Thumb: 114.533 129.52 1226.49
Index: 7.39092 121.466 1190.24
Middle: -1.08798 15.1381 1110
Ring: -22.0974 49.929 1126.09
Little: -2.21094 58.4815 1084.74
Thumb: 92.7233 129.911 1237.4
Index: 23.2339 120.468 1175.78
Middle: -6.54063 16.874 1112.86
Ring: -17.2004 42.7269 1115.88
Little: 1.90434 56.027 1079.97
Thumb: 90.3404 136.755 1238.53
Index: 16.2071 129.291 1173.68
Middle: -7.52193 20.6542 1115.88
Ring: -6.21313 39.5053 1113.78
Little: 3.70604 58.5251 1081.64
Thumb: 108.13 149.084 1232.37
Index: 13.9573 129.505 1169.9
Middle: -10.7348 35.7747 1087.56
Ring: -3.90656 50.1727 1093.42
Little: -1.04879 86.9597 1067.11
Thumb: 103.036 125.694 1224.38
Index: 35.2639 117.038 1155.39
Middle: -9.91286 34.7749 1083.23
Ring: -3.37115 49.3317 1096.54
Little: -2.61643 87.4095 1067.75
Thumb: 101.506 124.442 1223.43
Index: 35.2956 116.593 1155.08
Middle: -5.11346 31.5855 1080.86
Ring: -4.02556 50.2006 1096.67
Little: -2.8463 88.7604 1067.77
Thumb: 92.7309 120.957 1222.95
Index: 34.1291 116.025 1155.3
Middle: -4.54716 31.0661 1080.15
Ring: -5.27111 53.3632 1095.71
Little: -1.85862 88.7906 1066.94
Thumb: 101.574 121.44 1217.91
Index: -1.84286 94.7058 1149.39
Middle: -0.309279 30.1304 1084.55
Ring: -2.4996 56.8397 1099.92
Little: -3.58466 89.4584 1071.53
Thumb: 97.0121 99.4432 1204.15
Index: -1.76577 94.7776 1150.77
Middle: -3.12176 29.9852 1084.31
Ring: -3.14889 54.0429 1102.34
Little: -3.59946 86.4996 1072.8
Thumb: 83.986 108.044 1067.75
Index: 93.069 122.123 1116.17
Middle: 8.6235 22.3136 1134.86
Ring: 14.6851 47.1662 1145.85
Little: -0.875286 68.3513 1157.85
Thumb: 81.361 98.0623 1076.21
Index: 79.7231 119.769 1109.07
Middle: 14.9179 35.2022 1138.21
Ring: 10.4899 30.2613 1140.81
Little: -13.386 63.2322 1153.84
Thumb: 80.3021 98.4059 1083.71
Index: 85.7194 117.999 1114.65
Middle: 10.4259 35.4618 1136.49
Ring: -6.3748 25.9374 1120.3
Little: -19.6217 63.0249 1148.28
Thumb: 80.2371 99.2681 1083.99
Index: 75.6175 118.35 1114.35
Middle: 8.0109 38.6853 1140.92
Ring: -8.44628 25.7508 1122.11
Little: -24.5683 62.3196 1147.89
Thumb: 86.234 96.8585 1089.28
Index: 82.1888 122.784 1130.06
Middle: 2.99482 36.9412 1138.16
Ring: -12.2051 23.9715 1119.21
Little: -31.0303 61.6947 1142.23
Thumb: 81.3597 96.1506 1095.88
Index: 74.0199 92.5181 1173.57
Middle: -16.8 16.82 1127.76
Ring: -12.7327 22.3175 1123.89
Little: -32.4642 65.9758 1145.91
Thumb: 79.5671 94.6651 1098.15
Index: 66.6091 89.3852 1176.83
Middle: -19.1758 17.1081 1123.28
Ring: -14.1313 22.1312 1119.1
Little: -34.597 68.2416 1142.21
Thumb: 76.7233 95.0332 1101.58
Index: 52.6744 75.9019 1179.04
Middle: -20.3175 16.7984 1121.87
Ring: -16.1814 22.2189 1117.9
Little: -34.4406 94.4575 1137.18
Thumb: 78.7457 98.3875 1103.21
Index: 54.7509 84.4035 1179.23
Middle: -20.574 17.741 1119.81
Ring: -17.1508 23.6059 1118.03
Little: -35.9528 96.0095 1133.98
Thumb: 77.2671 98.6511 1101.81
Index: 53.0119 79.7809 1177.08
Middle: 35.8105 99.6476 1193.06
Ring: -18.4985 25.3212 1117.38
Little: -35.2457 97.8999 1135.1
Thumb: 88.8291 100.004 1096.05
Index: 48.0869 73.3204 1175.15
Middle: 36.6028 100.341 1191.75
Ring: -18.3072 25.1805 1117.37
Little: -35.029 97.9879 1134.43
Thumb: 88.1378 104.09 1102.79
Index: 44.1471 72.6577 1176.13
Middle: 33.7074 100.949 1192.49
Ring: -21.0317 26.4129 1116.5
Little: -36.1614 99.6676 1133.35
Thumb: 118.748 110.066 1084.01
Index: 44.3142 74.5658 1177.15
Middle: 30.3146 99.1424 1192.47
Ring: -22.5328 24.6917 1114.9
Little: -37.6221 98.1668 1131.44
Thumb: 106.943 106.537 1092.03
Index: 51.9148 88.8035 1177.68
Middle: 28.616 102.283 1192.47
Ring: -23.3311 25.9984 1116.33
Little: -45.6349 66.1084 1132.16
Thumb: 96.7097 102.006 1123.48
Index: 51.7151 89.1833 1176.78
Middle: 28.6538 103.023 1191.63
Ring: -24.5435 26.1011 1115.14
Little: -46.1235 67.7226 1132.03
Thumb: 85.945 95.4886 1125.04
Index: 48.292 88.8748 1178.6
Middle: 23.5241 99.8428 1193.14
Ring: -24.8097 26.9445 1116.56
Little: -46.754 68.9674 1131.83
Thumb: 76.0269 95.095 1127.36
Index: 45.7423 87.0851 1178.78
Middle: 21.5164 99.3075 1192.85
Ring: -25.5161 26.9213 1115.5
Little: -47.2766 70.353 1130.66
Thumb: 77.6844 96.2317 1127.49
Index: 47.5431 88.9928 1178.21
Middle: 21.7972 99.2752 1192.16
Ring: -24.6898 26.5549 1113.61
Little: -46.9842 68.8496 1129.43
Thumb: 85.9208 96.8781 1125.34
Index: 47.5017 88.955 1178.84
Middle: 23.9447 102.517 1192.47
Ring: -23.6073 26.4395 1113.99
Little: -46.3523 68.4045 1129.84
Thumb: 79.6777 92.8407 1123.48
Index: 50.1633 92.9732 1178.48
Middle: 24.1235 103.622 1192.13
Ring: -22.5595 26.25 1113.58
Little: -45.3722 69.9847 1129.53
Thumb: 85.131 94.851 1127.62
Index: 46.7627 91.8217 1181.17
Middle: 21.9152 104.953 1193.71
Ring: -23.0272 26.6046 1115.18
Little: -45.9092 71.3974 1129.84
Thumb: 82.9431 95.3745 1130.79
Index: 46.4799 92.9797 1181.43
Middle: 21.467 105.953 1193.86
Ring: -23.0614 27.0289 1115.64
Little: -46.6682 69.4066 1130.13
Thumb: 83.3705 94.3129 1130.2
Index: 47.5428 91.576 1181.6
Middle: 23.0953 105.269 1194.05
Ring: -21.6162 25.5719 1116.61
Little: -44.5997 68.9136 1131.02
Thumb: 81.5172 94.9926 1133.73
Index: 45.7726 91.1759 1182.83
Middle: 21.5179 105.578 1194.59
Ring: -20.4916 25.0644 1116.56
Little: -44.6742 68.8619 1130.07
Thumb: 81.4823 94.3217 1134.17
Index: 46.0462 90.8976 1183.42
Middle: 22.2214 105.613 1195.22
Ring: -20.9445 24.7657 1117.87
Little: -44.2536 68.4987 1131.25
Thumb: 117.669 108.227 1115.24
Index: 47.0022 91.3967 1182.07
Middle: 22.9688 105.413 1194.16
Ring: -20.6552 25.2009 1116.16
Little: -44.2959 68.7282 1130.22
Thumb: 116.803 107.998 1120.53
Index: 47.3837 91.3359 1182.32
Middle: 22.9984 105.06 1194.27
Ring: -20.0833 24.5307 1116.11
Little: -43.9695 68.2777 1129.97
Thumb: 118.154 110.615 1123.3
Index: 49.2831 93.823 1182.75
Middle: 24.8327 108.639 1194.14
Ring: -19.4538 24.7428 1116.75
Little: -43.2193 68.5889 1130.42
Thumb: 118.182 113.268 1124.28
Index: 51.7351 98.6694 1182.42
Middle: 23.9903 107.463 1195.02
Ring: -17.2168 25.7725 1117.35
Little: -42.0261 69.3408 1130.75
Thumb: 119.186 113.297 1123.22
Index: 52.5113 99.0738 1182.58
Middle: 23.634 105.724 1195.48
Ring: -16.6491 25.549 1117.37
Little: -41.527 69.0369 1130.9
Thumb: 118.171 112.054 1123.32
Index: 53.5445 98.1486 1182.1
Middle: 25.558 106.063 1195.04
Ring: -15.7095 25.3768 1117.04
Little: -40.4325 68.6107 1130.85
Thumb: 116.183 109.018 1123.91
Index: 55.5738 101.112 1182.57
Middle: 27.6756 109.504 1195.51
Ring: -14.2078 27.9993 1118.46
Little: -38.3232 72.001 1131.85
Thumb: 135.733 145.496 1132.89
Index: 56.7712 97.3191 1182.37
Middle: 28.1816 103.593 1195.19
Ring: -10.331 26.7142 1116.15
Little: -35.2927 70.1168 1130.52
Thumb: 134.016 144.968 1143.68
Index: 61.0505 95.6953 1181.09
Middle: 34.6364 105.14 1194.05
Ring: -4.76219 26.6429 1115.64
Little: -30.6119 70.1347 1130.68
Thumb: 148.041 154.605 1110.23
Index: 63.7962 94.7482 1182.25
Middle: 40.7302 110.803 1192.56
Ring: 1.04603 39.9365 1131.61
Little: -25.6212 69.8887 1129.1
Thumb: 156.67 177.427 1103.32
Index: 73.3649 112.257 1170
Middle: 44.4761 121.609 1191.99
Ring: 2.80447 41.1618 1125.73
Little: -21.6574 76.6774 1124.95
