Thumb: 32.9554 91.7207 1121.92
Index: -64.5745 28.1944 1098.23
Middle: -101.42 40.8207 1097.63
Ring: -124.543 62.0639 1082.41
Little: -141.773 103.039 1080.87
Thumb: 36.5719 91.611 1101.15
Index: -67.4264 27.5989 1096.94
Middle: -97.7006 35.3873 1090.65
Ring: -87.7997 38.9769 1080.65
Little: -112.37 76.7487 1075.23
Thumb: 29.0144 89.3387 1105.37
Index: -71.8044 26.8655 1095.12
Middle: -100.775 37.3131 1091.99
Ring: -91.8313 42.2303 1088.66
Little: -115.328 77.1215 1075.06
Thumb: 24.7883 87.4794 1106.76
Index: -76.6533 25.8816 1093.13
Middle: -105.5 36.5979 1090.76
Ring: -97.3969 39.6869 1082.45
Little: -117.759 77.502 1076.85
Thumb: 20.2985 83.7591 1104.76
Index: -80.4526 25.9199 1093.77
Middle: -109.327 36.1062 1091.03
Ring: -99.8829 39.5545 1083.07
Little: -113.011 139.36 1136.72
Thumb: 12.1545 82.7926 1103.5
Index: -84.9184 27.0706 1094.93
Middle: -110.879 37.8416 1097.56
Ring: -128.254 51.4527 1086.42
Little: -113.36 140.67 1137.42
Thumb: 7.18129 80.4386 1101.98
Index: -88.2191 29.402 1097.3
Middle: -112.652 38.9435 1101.46
Ring: -127.409 56.5551 1099.87
Little: -113.426 137.661 1141.42
Thumb: 3.06485 80.7941 1098.67
Index: -90.1735 33.1171 1099.25
Middle: -112.497 40.7143 1102.15
Ring: -127.8 57.4563 1101.58
Little: -113.302 134.245 1142.76
Thumb: 0.681055 80.2795 1100.71
Index: -94.314 36.7075 1097.76
Middle: -115.88 39.6998 1099.02
Ring: -127.611 60.5087 1104.15
Little: -113.283 135.679 1141.66
Thumb: -3.1121 79.032 1102.97
Index: -96.8883 37.3811 1098.45
Middle: -120.058 40.974 1098.28
Ring: -128.729 61.1036 1105.14
Little: -112.908 136.644 1142.21
Thumb: -6.98527 76.7506 1096.75
Index: -99.2259 40.6553 1101.13
Middle: -120.706 42.8653 1099.94
Ring: -127.715 61.432 1107.62
Little: -110.769 137.87 1144.47
Thumb: -9.3844 75.254 1099.67
Index: -99.2135 39.9935 1101.05
Middle: -121.881 41.6727 1099.13
Ring: -127.903 60.5334 1107.97
Little: -109.517 137.388 1144.68
Thumb: -9.66066 75.6246 1100.11
Index: -97.4717 39.7077 1103.15
Middle: -120.326 41.151 1099.93
Ring: -125.337 59.0055 1108.27
Little: -108.424 139.29 1144.08
Thumb: -7.99074 76.8 1100.87
Index: -92.8564 36.8955 1099.22
Middle: -115.182 40.48 1099.53
Ring: -120.491 58.7656 1109.11
Little: -105.595 136.116 1143.48
Thumb: -5.85055 79.1359 1104.04
Index: -85.3805 37.1123 1102.1
Middle: -107.197 39.7908 1101.38
Ring: -113.571 57.7288 1111.43
Little: -102.461 133.131 1143.14
Thumb: -1.78394 82.6995 1105.48
Index: -78.2529 34.4129 1099.03
Middle: -99.5639 39.0464 1101.26
Ring: -106.722 57.0806 1112.21
Little: -112.395 99.9247 1106.19
Thumb: 3.26858 85.166 1104.73
Index: -69.1672 33.2261 1099.42
Middle: -91.4923 37.1366 1101.45
Ring: -99.2433 54.0406 1111.14
Little: -111.219 83.8321 1103.99
Thumb: 10.2698 86.4361 1109.26
Index: -61.2626 30.396 1100.87
Middle: -82.8394 34.3559 1103.13
Ring: -91.1987 52.5249 1108.08
Little: -106.227 79.3247 1101.02
Thumb: 17.3538 88.7757 1112.65
Index: -52.0447 31.5107 1102.65
Middle: -73.8966 33.2325 1103.62
Ring: -85.1478 50.1335 1106.62
Little: -101.183 74.4849 1097.35
Thumb: 24.5127 90.6836 1112.66
Index: -39.9699 34.0744 1104.32
Middle: -64.3059 30.5332 1104.53
Ring: -78.845 46.2903 1106.91
Little: -92.1059 71.343 1100.4
Thumb: 31.3819 93.2522 1109.77
Index: -29.8076 32.9153 1103.03
Middle: -54.9154 29.1247 1101.46
Ring: -70.2361 42.4187 1104.88
Little: -83.9112 69.322 1099.26
Thumb: 40.3702 92.4851 1112.18
Index: -24.1796 31.6869 1101.25
Middle: -48.9568 26.921 1099
Ring: -64.1858 41.6172 1103.63
Little: -77.3388 68.801 1097.17
Thumb: 48.6193 91.9334 1106.36
Index: -18.0506 31.2663 1097.77
Middle: -43.5735 26.9339 1099.03
Ring: -57.003 41.0337 1106.25
Little: -73.0141 63.922 1099.95
Thumb: 54.7317 91.7218 1109.86
Index: -12.6529 29.8017 1097.53
Middle: -38.5423 25.5424 1099.36
Ring: -50.8037 38.7625 1105.69
Little: -66.1942 62.993 1100.41
Thumb: 61.5803 90.2469 1107.58
Index: -5.17614 27.7865 1098.49
Middle: -31.6526 22.3933 1097.65
Ring: -44.6417 36.0886 1104.27
Little: -59.7891 59.4176 1097.9
Thumb: 67.432 87.9667 1109.15
Index: 1.67117 25.5037 1100.47
Middle: -24.6079 19.0486 1098.56
Ring: -38.9466 32.9006 1104.77
Little: -52.7012 55.65 1098.13
Thumb: 75.1151 88.2568 1109.5
Index: 10.6233 24.481 1103.83
Middle: -17.6919 15.0938 1096.79
Ring: -32.6568 31.2839 1105.33
Little: -49.3895 52.3521 1097.92
Thumb: 84.1561 86.8251 1109.88
Index: 20.1677 20.7153 1104.59
Middle: -11.1171 13.7681 1096.86
Ring: -26.3712 30.4212 1106.65
Little: -43.4759 51.0531 1099.27
Thumb: 90.5222 86.4108 1101.34
Index: 30.0739 17.8597 1107.4
Middle: -3.35561 8.66371 1098.28
Ring: -18.8997 28.5849 1108.72
Little: -39.8957 50.5305 1106.43
Thumb: 99.1537 86.0008 1101.74
Index: 38.5167 15.188 1103.75
Middle: 4.75869 7.18971 1096.23
Ring: -11.0503 26.6221 1106.3
Little: -33.7306 48.6599 1102.53
Thumb: 110.933 87.1519 1101.98
Index: 45.9107 14.8201 1102.38
Middle: 10.8648 5.67311 1094.12
Ring: -4.85815 25.7338 1104.18
Little: -27.5934 46.3601 1099.6
Thumb: 119.082 88.1909 1105.15
Index: 52.7038 12.6004 1100.28
Middle: 17.8225 4.48598 1092.1
Ring: 1.41638 22.7545 1099.25
Little: -20.3953 43.6628 1099.96
Thumb: 127.367 89.2807 1108.49
Index: 56.3263 11.7576 1098.53
Middle: 21.7711 5.47192 1088.64
Ring: 4.80988 20.8571 1097.56
Little: -16.1069 44.3954 1098.45
Thumb: 133.064 89.7585 1104.29
Index: 62.8913 10.6519 1098.07
Middle: 28.2839 4.76568 1087.69
Ring: 11.6852 20.7206 1097.75
Little: -11.6154 45.0297 1100.1
Thumb: 138.97 90.2013 1103.08
Index: 68.3366 10.0351 1097.35
Middle: 33.9958 4.41919 1085.58
Ring: 19.5602 26.0468 1100.25
Little: -6.64105 45.608 1098.99
Thumb: 143.074 91.7468 1104.39
Index: 74.2465 12.518 1099
Middle: 38.3196 4.55714 1081.56
Ring: 23.449 24.1071 1098.25
Little: -2.15792 45.5323 1096.44
Thumb: 147.123 97.0539 1108.05
Index: 80.0049 12.7872 1099.62
Middle: 44.7586 3.25375 1082.04
Ring: 27.9749 19.7825 1097.2
Little: 3.92162 47.4718 1099.11
Thumb: 153.45 100.256 1110.06
Index: 83.2203 13.7038 1100.26
Middle: 48.3884 3.05747 1081.66
Ring: 32.5271 23.9727 1098.79
Little: 7.63557 49.3639 1099.61
Thumb: 156.946 101.681 1111.49
Index: 87.3302 14.7509 1101.88
Middle: 51.6966 3.04722 1081.41
Ring: 37.7282 29.7231 1097.1
Little: 19.0751 76.9632 1097.65
Thumb: 162.139 102.518 1111.27
Index: 88.0756 12.7607 1100.69
Middle: 52.7486 2.94622 1079.93
Ring: 39.1223 29.6611 1096.22
Little: 21.0491 77.0857 1097.11
Thumb: 164.604 101.354 1113.45
Index: 91.7429 19.8142 1108.19
Middle: 53.684 0.397198 1081.56
Ring: 62.396 94.6837 1153.55
Little: 22.5241 75.6035 1097.16
Thumb: 165.176 101.188 1114.67
Index: 92.4022 22.3174 1110.77
Middle: 53.674 -0.503254 1082.47
Ring: 61.4675 94.9563 1159.58
Little: 28.4177 93.9663 1103.83
Thumb: 165.403 101.828 1114.6
Index: 91.4809 21.815 1109.6
Middle: 53.002 -0.549957 1083.03
Ring: 58.0517 87.3978 1163.02
Little: 25.5437 93.0983 1124.48
Thumb: 164.837 100.258 1116.21
Index: 87.9317 22.5342 1108.24
Middle: 48.7633 0.511761 1082.16
Ring: 54.7817 88.002 1163.76
Little: 22.4408 91.9824 1141.71
Thumb: 163.055 99.8174 1114.71
Index: 85.252 25.8172 1108.5
Middle: 44.1979 3.94363 1083.24
Ring: 54.5086 88.8724 1164.8
Little: 21.8641 96.3488 1142.57
Thumb: 161.197 98.4539 1116.81
Index: 80.2693 25.1984 1107.75
Middle: 39.6148 6.54316 1082.69
Ring: 50.2752 87.8553 1164.45
Little: 25.2962 41.8193 1082.78
Thumb: 156.7 97.2107 1115.66
Index: 76.6279 26.121 1108.17
Middle: 35.717 7.09473 1080.48
Ring: 45.9959 86.9447 1164.37
Little: 19.4792 42.9557 1082.55
Thumb: 152.067 95.4288 1117.11
Index: 71.3648 26.9327 1109.88
Middle: 29.989 8.03472 1078.8
Ring: 45.3518 102.717 1158.99
Little: 15.4486 44.2959 1080.72
Thumb: 148.069 93.82 1119.33
Index: 80.3388 60.2351 1105.56
Middle: 23.689 11.1745 1077.84
Ring: 34.465 112.225 1151.77
Little: 14.3482 51.0395 1078.3
Thumb: 140.211 91.7026 1118.21
Index: 74.9917 61.4462 1104.99
Middle: 17.2975 13.8391 1081.34
Ring: 27.8693 93.1778 1162.46
Little: 9.0003 54.1125 1078.35
Thumb: 134.056 91.9096 1119.68
Index: 68.8559 62.4399 1107.09
Middle: 10.8416 14.4937 1081.38
Ring: 21.3461 105.632 1162.05
Little: 2.99721 54.6145 1078.86
Thumb: 123.719 92.9762 1121.59
Index: 62.1189 62.5037 1107.93
Middle: 5.29576 15.4799 1081.3
Ring: 14.3005 98.5908 1163.4
Little: -3.46002 56.715 1078.42
Thumb: 113.998 95.8463 1125.76
Index: 56.2996 63.5254 1110.66
Middle: -1.98848 15.3832 1080.38
Ring: 7.93876 113.021 1162.02
Little: -7.97108 53.9072 1080.28
Thumb: 105.519 96.2083 1126.5
Index: 49.2913 64.3729 1112.83
Middle: -8.60596 16.5307 1081.81
Ring: 0.111344 113.632 1163.24
Little: -14.1617 54.7783 1082.7
Thumb: 99.3416 96.0634 1127.86
Index: 43.7068 65.4713 1114.7
Middle: -15.1434 18.3258 1086.81
Ring: 1.6879 116.49 1165.95
Little: -20.5864 57.0653 1085.29
Thumb: 95.8662 96.1307 1128.4
Index: 37.5936 66.183 1117.5
Middle: -22.334 20.2784 1089.66
Ring: -8.87791 107.802 1170.43
Little: -27.3253 59.2671 1089.5
Thumb: 88.6379 96.2311 1130.35
Index: 32.866 66.6579 1119.36
Middle: -26.6404 20.6302 1091.39
Ring: -16.2965 26.7256 1092.29
Little: -32.6734 60.7349 1090.24
Thumb: 86.6066 96.8642 1129.01
Index: 19.7444 51.2964 1124.65
Middle: -31.3016 19.0225 1095.63
Ring: -20.56 25.0585 1095.68
Little: -37.9358 58.4702 1092.77
Thumb: 80.938 96.6029 1138.12
Index: -1.26945 27.8598 1131.52
Middle: -34.2082 16.5836 1093.81
Ring: -27.4765 104.277 1176.74
Little: -43.112 56.8931 1093.61
Thumb: 68.476 97.439 1161.54
Index: -20.94 30.802 1132.23
Middle: -35.8279 17.5683 1096.66
Ring: -49.833 113.926 1169.68
Little: -47.6233 61.07 1095.29
Thumb: 29.1796 108.639 1202.86
Index: -36.5675 30.9293 1102.5
Middle: -40.4602 15.267 1103.8
Ring: -85.3414 89.1156 1128.38
Little: -44.7079 59.4601 1078.11
Thumb: -13.1131 169.714 1216.05
Index: -41.2919 32.9575 1101.48
Middle: -44.6957 16.6146 1108
Ring: -61.0759 47.7759 1095.89
Little: -34.5431 55.4516 1067.02
Thumb: 44.6704 149.912 1236.03
Index: -45.8791 32.4379 1116.77
Middle: -47.9448 22.9432 1110.4
Ring: -52.7389 38.7091 1091.25
Little: -32.5389 60.3969 1066.65
Thumb: 47.5892 228.826 1219.13
Index: -46.5839 33.667 1115.87
Middle: -53.8515 26.6665 1110.1
Ring: -53.5891 39.311 1089.42
Little: -38.7796 63.8738 1067.79
Thumb: 33.8716 206.974 1232.41
Index: -50.6243 34.8906 1117.56
Middle: -58.1491 28.7306 1110.93
Ring: -58.4875 41.7189 1090.22
Little: -42.3816 65.8701 1068.71
Thumb: -68.8739 156.535 1192.71
Index: -71.3961 49.607 1123.94
Middle: -60.6124 29.2529 1110.39
Ring: -59.4495 40.5766 1089.89
Little: -38.8881 62.2282 1073.36
Thumb: -75.6206 164.52 1181.34
Index: -78.2612 56.34 1148.11
Middle: -61.141 29.8562 1112.22
Ring: -58.0311 39.5369 1090.5
Little: -37.762 61.2208 1076.23
Thumb: 73.7266 155.352 1007.38
Index: 1.92205 240.409 1034
Middle: -27.4446 234.87 1045.01
Ring: -35.7555 230.52 1057.78
Little: -38.905 225.593 1095.11
Thumb: -18.001 190.186 1084.77
Index: -3.76059 217.057 1042.15
Middle: -25.5517 171.649 1058.68
Ring: -42.4325 193.942 1070.94
Little: -42.4446 222.947 1100.23
Thumb: -13.2096 188.869 1082.65
Index: 5.68272 206.879 1028.88
Middle: -53.5153 173.275 1029.09
Ring: -63.9685 177.692 1050.12
Little: -41.8028 225.757 1095.57
Thumb: -10.6637 185.431 1081.66
Index: -32.1403 173.193 1003.67
Middle: -53.2327 175.892 1027.79
Ring: -68.3739 175.348 1047.55
Little: -41.81 225.801 1093.42
Thumb: -12.2181 186.699 1082.67
Index: -30.2091 176.652 1003.36
Middle: -52.5042 171.093 1032.05
Ring: -65.6568 185.168 1043.53
Little: -61.1148 196.878 1098.65
Thumb: -9.9696 186.684 1084.58
Index: -25.7577 170.834 1003.49
Middle: -52.8157 176.627 1017.93
Ring: -65.9842 182.508 1036.86
Little: -62.0052 199.116 1094.51
Thumb: -5.65279 186.896 1083.71
Index: -21.0981 170.428 1001.6
Middle: -49.9122 171.378 1018.92
Ring: -65.3999 175.191 1038.27
Little: -52.4443 217.745 1081.43
Thumb: -22.5881 190.92 1081.11
Index: -16.6269 173.163 1002.24
Middle: -48.1578 170.79 1019.77
Ring: -64.2583 181.273 1026.54
Little: -53.8642 220.201 1079.95
Thumb: -25.6574 190.814 1078.5
Index: -15.1917 171.351 1001.74
Middle: -47.827 171.695 1010.55
Ring: -58.8105 189.686 1016.92
Little: -42.0663 235.795 1084.12
Thumb: -5.70713 180.783 1080.54
Index: -10.0287 166.497 1001.75
Middle: -37.7205 183.276 998.704
Ring: -61.8649 177.414 1015.54
Little: -39.3929 237.599 1081.48
Thumb: -4.7411 180.703 1078.42
Index: -5.91629 169.327 1001.7
Middle: -34.2814 184.986 997.221
Ring: -54.8831 182.998 1009.27
Little: -47.6771 231.053 1066.87
Thumb: -4.11902 180.245 1077.54
Index: -2.07104 164.953 1002.5
Middle: -29.904 182.879 996.178
Ring: -52.8365 179.177 1007.83
Little: -42.7673 233.548 1067.16
Thumb: -3.17188 181.688 1074.78
Index: 1.93595 167.078 1001.04
Middle: -29.3502 171.086 994.667
Ring: -50.1198 178.559 1004.76
Little: -48.2228 226.273 1057.83
Thumb: -3.90487 181.166 1072.63
Index: 3.6618 166.659 999.674
Middle: -26.3509 175.133 991.901
Ring: -48.5645 177.932 1002.08
Little: -47.502 226.549 1054.55
Thumb: -1.94071 179.779 1069.48
Index: 8.90952 163.523 999.929
Middle: -21.3234 172.859 990.158
Ring: -44.6404 175.713 999.224
Little: -44.3062 227.819 1051.5
Thumb: -2.0471 180.173 1066.16
Index: 11.8455 162.957 998.602
Middle: -18.5822 173.699 987.701
Ring: -40.6257 178.577 995.582
Little: -43.8585 228.059 1047.2
Thumb: -2.00649 180.084 1064.53
Index: 13.1194 163.126 997.164
Middle: -17.0825 173.318 986.044
Ring: -39.627 177.591 993.828
Little: -42.9288 227.881 1044.98
Thumb: -1.95742 181.886 1062.33
Index: 12.6636 164.681 995.039
Middle: -17.6685 174.678 984.124
Ring: -39.9199 179.306 991.977
Little: -46.4931 224.63 1040.91
Thumb: 3.21258 178.243 1059.66
Index: 14.9858 164.786 994.901
Middle: -14.8299 172.196 983.7
Ring: -37.8863 177.874 991.156
Little: -43.9752 225.088 1039.57
Thumb: 2.67767 178.113 1058.94
Index: 15.7834 165.519 993.702
Middle: -13.8895 171.202 982.556
Ring: -35.5738 179.465 989.29
Little: -42.7455 225.474 1038.16
Thumb: 32.4584 191.791 1064.11
Index: 13.9964 165.215 989.991
Middle: -15.8091 173.757 979.499
Ring: -36.7824 181.491 987.136
Little: -40.2374 230.291 1039.68
Thumb: 34.0382 192.147 1061.43
Index: 14.7366 166.7 988.66
Middle: -14.2356 176.636 978.197
Ring: -35.2091 183.34 986.071
Little: -37.7606 231.911 1037.74
Thumb: 42.178 187.791 1064.89
Index: 14.8177 166.309 987.72
Middle: -14.0436 176.938 977.526
Ring: -35.1961 183.214 985.717
Little: -37.3214 231.188 1036.88
Thumb: 46.1547 186.254 1067.37
Index: 11.5742 169.748 987.271
Middle: -18.3877 177.942 977.893
Ring: -40.7265 181.343 986.923
Little: -42.0239 233.29 1038.71
Thumb: 49.8814 181.741 1071.09
Index: 12.6916 170.62 987.064
Middle: -17.5166 177.377 978.107
Ring: -38.4703 183.158 986.855
Little: -45.2877 226.334 1035.69
Thumb: 3.00297 185.95 1058.25
Index: 11.5451 171.923 987.848
Middle: -19.4457 178.318 979.444
Ring: -40.6864 182.539 988.714
Little: -46.2968 227.805 1038.4
Thumb: 51.5896 80.9058 1055.51
Index: 10.9793 174.706 987.22
Middle: -20.0635 178.167 979.649
Ring: -40.5164 184.582 988.919
Little: -48.2224 226.314 1037.56
Thumb: 49.4198 67.334 1062.68
Index: 11.0712 173.179 990.155
Middle: -19.8474 176.578 982.205
Ring: -40.9142 181.037 991.5
Little: -48.6048 224.926 1039.58
Thumb: 56.9536 64.6634 1067.77
Index: 8.91979 170.671 990.011
Middle: -22.2454 174.307 982.661
Ring: -43.0652 178.849 992.366
Little: -49.3397 224.428 1039.64
Thumb: 58.8169 70.9006 1067.51
Index: 14.2292 174.188 993.383
Middle: -16.5596 176.915 984.679
Ring: -38.8049 179.101 993.82
Little: -52.3291 216.608 1041.17
Thumb: 64.8476 80.486 1068.69
Index: 15.0458 170.333 993.648
Middle: -15.6586 176.461 985.452
Ring: -37.2143 178.527 995.22
Little: -47.9353 217.95 1042.56
Thumb: 69.9404 82.6216 1072.83
Index: 28.7632 165.879 997.698
Middle: -1.53306 172.995 989.519
Ring: -18.2913 184.548 998.046
Little: -33.3771 213.274 1048.09
Thumb: 74.8722 64.518 1070.28
Index: 26.9671 168.398 999.997
Middle: -4.32265 170.39 992.989
Ring: -23.2805 177.22 1002.5
Little: -43.5397 196.397 1067.01
Thumb: 81.7004 68.9815 1069.6
Index: 31.2297 167.952 1002.58
Middle: -0.470737 170.755 995.563
Ring: -21.8449 172.387 1005.8
Little: -39.915 194.559 1070.63
Thumb: 105.604 64.239 1071.21
Index: 38.0945 165.176 1003.49
Middle: 6.09221 169.483 995.174
Ring: -15.1907 171.68 1004.64
Little: -35.486 194.329 1068.47
Thumb: 102.22 70.612 1059.69
Index: 45.7421 162.639 1003.87
Middle: 13.7286 168.063 995.418
Ring: -7.52292 171.036 1004.71
Little: -27.4217 194.703 1065.48
Thumb: 110.962 71.052 1064.74
Index: 50.4687 166.031 1003.98
Middle: 19.0768 166.206 995.533
Ring: 0.215291 176.761 1003.7
Little: -24.1246 193.038 1066.74
Thumb: 113.736 76.5535 1061.37
Index: 56.6715 165.283 1002.81
Middle: 24.7668 167.065 994.464
Ring: 6.54333 176.941 1002.85
Little: -18.2162 193.073 1066.47
Thumb: 115.574 85.8366 1064.86
Index: 63.0877 165.398 1002.82
Middle: 32.1863 166.57 993.471
Ring: 11.8755 172.022 1001.54
Little: -13.6689 191.204 1064.39
Thumb: 137.989 65.5737 1068.95
Index: 63.4877 162.155 1001.86
Middle: 31.22 160.253 994.286
Ring: 20.6019 197.685 1006.43
Little: -10.915 186.636 1065.21
Thumb: 141.213 77.6557 1064.49
Index: 68.0685 167.831 1003.03
Middle: 36.2936 166.006 994.699
Ring: 16.2238 173.353 1003.24
Little: -9.04446 186.362 1067.37
Thumb: 145.943 83.5425 1061.97
Index: 74.0494 167.642 1002.19
Middle: 42.3392 163.717 994.437
Ring: 30.7657 197.465 1004.72
Little: -1.29367 191.19 1065.12
Thumb: 153.28 49.4837 1092.81
Index: 75.6768 171.207 1004
Middle: 49.8131 227.062 1009.59
Ring: 30.8918 202.632 1008.94
Little: -0.785815 187.968 1069.88
Thumb: 157.055 39.8448 1097.08
Index: 83.8104 170.276 1004.33
Middle: 50.1616 229.673 1019.79
Ring: 40.243 197.975 1009.36
Little: 8.25724 186.123 1070.63
Thumb: 164.978 69.004 1069.51
Index: 89.5013 166.861 1003.41
Middle: 57.2222 204.468 1010.79
Ring: 66.6041 248.398 1062.97
Little: 14.8081 188.001 1070.07
Thumb: 167.403 47.7223 1081.31
Index: 99.7561 162.967 1005.51
Middle: 55.1231 211.576 1017.4
Ring: 83.278 245.522 1067.3
Little: 23.1283 187.723 1069.38
Thumb: 160.455 42.2448 1071.6
Index: 98.3422 161.879 1004.93
Middle: 50.0034 221.649 1027.33
Ring: 84.3837 245.362 1067.52
Little: 24.8543 188.543 1072.17
Thumb: 168.159 57.5511 1058.72
Index: 92.8975 164.157 1002.84
Middle: 46.0098 218.038 1028.08
Ring: 81.5207 246.004 1066.96
Little: 24.5775 186.961 1072.9
Thumb: 175.682 77.5207 1049
Index: 89.2765 162.225 1000.97
Middle: 61.5437 162.067 1011.23
Ring: 76.4005 228.785 1042.79
Little: 32.7796 190.359 1082.67
Thumb: 139.053 116.177 1019.09
Index: 77.7795 164.519 1001.18
Middle: 46.2409 166.565 1005.67
Ring: 28.524 166.401 1022.42
Little: 34.3823 189.083 1090.38
Thumb: 85.625 95.9283 985.716
Index: 67.9918 169.379 1001.6
Middle: 35.6808 175.376 1010.66
Ring: 30.6794 214.606 1033.87
Little: 37.3725 192.58 1096.37
Thumb: 45.5689 54.5145 1004.12
Index: 56.1551 170.734 1003.27
Middle: 28.6159 167.532 1015.38
Ring: 25.3959 213.171 1037.24
Little: 40.6961 196.95 1100.87
Thumb: 44.2034 48.9579 1008.43
Index: 47.243 174.336 1006.35
Middle: 23.422 165.301 1021.31
Ring: 19.856 214.61 1045.64
Little: 42.0914 197.859 1105.66
Thumb: 33.2326 51.0104 1014.08
Index: 43.1085 182.942 1006.12
Middle: 18.8719 216.647 1032
Ring: 33.2572 247.044 1060.61
Little: 43.3252 202.277 1104.24
Thumb: 34.9549 52.8206 1017.61
Index: 41.3453 180.961 1005.82
Middle: 17.7719 222.427 1034.78
Ring: 29.3049 252.546 1068.17
Little: 41.9815 214.105 1097.71
Thumb: 36.3028 48.8113 1022.38
Index: 40.651 173.036 1006.45
Middle: 14.9874 222.027 1036.29
Ring: 24.0263 250.91 1071.77
Little: 39.9291 223.252 1091.22
Thumb: 47.998 63.7286 993.615
Index: 36.5757 207.608 1019.19
Middle: 14.9788 231.415 1045.3
Ring: 35.9368 258.481 1077.87
Little: 39.2164 217.746 1096.95
Thumb: 60.6611 93.3985 969.822
Index: 43.0285 208.567 1015.62
Middle: 17.2725 229.755 1041.1
Ring: 53.1453 219.798 1060.6
Little: 48.0713 218.077 1093.42
Thumb: 77.9014 102.007 962.995
Index: 49.5843 204.694 1017.29
Middle: 36.0173 245.118 1025.41
Ring: 65.4271 214.183 1067
Little: 55.1128 213.528 1099.98
Thumb: 55.0966 76.5594 971.921
Index: 66.0402 225.706 1007.67
Middle: 23.092 225.58 1020.91
Ring: 70.2235 216.5 1065.59
Little: 59.3095 217.669 1095.72
Thumb: 59.035 94.9101 962.939
Index: 58.382 235.99 1016.86
Middle: 25.4191 228.471 1024.44
Ring: 61.2239 228.282 1057.37
Little: 63.879 216.844 1097.72
Thumb: 63.5696 90.8767 964.061
Index: 58.0841 240.128 1024.73
Middle: 25.1256 222.086 1026.31
Ring: 64.3346 241.217 1051.86
Little: 65.0713 216.733 1098.73
Thumb: 41.2881 67.9619 979.219
Index: 83.7759 254.551 1038.92
Middle: 76.7888 269.202 1025.72
Ring: 71.993 248.431 1051.47
Little: 66.5468 216.196 1098.55
Thumb: 29.6874 55.7044 994.119
Index: 55.8778 235.715 1021.05
Middle: 114.513 272.688 1033.68
Ring: 71.4692 219.691 1062.48
Little: 68.2774 216.84 1098.19
Thumb: 58.4413 102.493 963.043
Index: 54.0232 233.484 1019.75
Middle: 85.3357 270.947 1023.73
Ring: 69.2213 216.807 1062.66
Little: 66.0726 215.952 1098.35
Thumb: 59.0575 95.781 962.828
Index: 42.1892 204.974 1009.35
Middle: 115.617 274.29 1045.17
Ring: 68.719 215.451 1063.26
Little: 66.3227 215.066 1099.19
Thumb: 36.422 60.8389 982.881
Index: 45.1097 202.923 1009.99
Middle: 116.221 273.12 1047.53
Ring: 64.5277 209.641 1064.73
Little: 62.9065 219.36 1093.94
Thumb: 57.6705 96.063 962.238
Index: 45.073 195.421 1012.72
Middle: 87.3158 253.482 1046.43
Ring: 64.5042 206.982 1066.21
Little: 61.0652 213.619 1096.99
Thumb: 59.4455 88.6543 966.626
Index: 55.8332 189.59 1017.14
Middle: 90.2078 251.874 1046.64
Ring: 46.8052 220.132 1057.47
Little: 57.4421 222.574 1093.06
Thumb: 61.0189 88.2717 967.864
Index: 48.8241 197.839 1016.89
Middle: 89.5025 251.324 1048.23
Ring: 46.7298 219.94 1058.59
Little: 54.7832 220.01 1093.76
Thumb: 63.741 91.8995 972.338
Index: 52.9019 240.479 1043.52
Middle: 88.1334 246.802 1045.9
Ring: 55.3069 227.758 1064.79
Little: 47.9223 213.415 1106.5
Thumb: 73.3512 101.362 976.158
Index: 51.9953 216.757 1037.02
Middle: 60.7174 252.504 1064.85
Ring: 55.255 225.585 1065.54
Little: 45.3731 213.058 1107.06
Thumb: 46.162 87.9658 980.016
Index: 69.7987 241.263 1056.13
Middle: 56.0531 250.063 1062.77
Ring: 52.2069 224.053 1065.36
Little: 42.4565 210.923 1106.95
Thumb: 70.0078 95.8797 980.584
Index: 63.7424 237.234 1054.32
Middle: 10.7689 205.406 1047.81
Ring: 50.6496 205.29 1077.04
Little: 45.6606 226.692 1098.48
Thumb: 65.4035 85.5889 983.34
Index: 56.4945 233.231 1051.14
Middle: 59.1648 257.487 1089
Ring: 54.1986 202.411 1084.34
Little: 36.9102 203.3 1111.86
Thumb: 113.434 151.493 975.394
Index: 41.8199 221.48 1065.48
Middle: 28.814 253.963 1133.88
Ring: 35.0957 224.713 1092.49
Little: 21.6688 215.589 1120.37
Thumb: 108.454 159.757 981.565
Index: 47.2647 208.601 1062.7
Middle: 13.2713 253.104 1104.49
Ring: 29.2616 220.76 1092.46
Little: 16.4514 212.374 1120.73
Thumb: 130.156 170.493 1009.32
Index: 38.9848 203.26 1047.98
Middle: 16.3513 236.988 1097.61
Ring: 30.9127 227.108 1088.49
Little: 11.177 208.587 1113.33
Thumb: 111.345 195.61 1039.83
Index: 24.1684 196.508 1032.29
Middle: 15.9 222.634 1083.08
Ring: 32.6468 244.511 1093.32
Little: 12.622 213.625 1117.57
Thumb: 141.161 179.144 1040.31
Index: 38.1533 171.134 1021.43
Middle: 12.8492 235.478 1080.61
Ring: 15.9271 213.766 1079.14
Little: 9.42119 209.703 1112.98
Thumb: 138.833 174.376 1035.18
Index: 32.6773 228.497 1075.38
Middle: 23.7444 210.789 1058.36
Ring: 13.271 212.737 1076.1
Little: 13.685 214.904 1115.8
Thumb: 114.62 186.267 1040.46
Index: 39.1826 167.287 1018.07
Middle: 28.7352 245.536 1056.43
Ring: 14.3529 215.954 1073.98
Little: 8.84796 212.462 1110.06
Thumb: 52.9565 162.318 1082.33
Index: 34.1322 168.598 1014.39
Middle: 26.0989 250.949 1067.22
Ring: 17.4489 220.071 1077.23
Little: 11.2492 215.854 1112.69
Thumb: 51.2596 160.314 1080.5
Index: 44.9044 159.812 1018.67
Middle: 16.2 225.729 1063.17
Ring: 18.6642 226.261 1076.87
Little: 7.62842 213.54 1109.54
Thumb: 41.7988 165.012 1082.4
Index: 16.1961 161.873 1011.35
Middle: 9.78432 230.91 1065.82
Ring: 7.42217 228.285 1083.58
Little: 4.67715 210.655 1120.32
Thumb: 37.9754 165.485 1081.26
Index: -5.26193 186.055 1024.38
Middle: 6.46509 228.46 1063.18
Ring: -28.4419 197.99 1060.49
Little: -0.460288 208.072 1120.75
Thumb: 41.3248 182.682 1079.15
Index: 4.70112 200.58 1049.67
Middle: -0.144815 217.569 1059.13
Ring: -33.0214 198.722 1058.52
Little: -5.43379 206.268 1118.84
Thumb: 40.0903 186.072 1079.05
Index: -6.40131 204.452 1055.37
Middle: -2.62577 219.931 1062.13
Ring: -35.7803 204.903 1061.77
Little: -7.79518 205.458 1120.67
Thumb: 38.4345 186.108 1081.29
Index: -9.24563 215.513 1061.12
Middle: -8.53205 234.933 1064.77
Ring: -37.4548 198.466 1066.28
Little: -10.5966 203.435 1123.38
Thumb: 36.1848 186.384 1082.24
Index: -6.80221 214.888 1059.22
Middle: -15.4548 219.654 1060.41
Ring: -36.914 192.394 1067.83
Little: -15.6823 202.972 1121.43
Thumb: 35.63 185.795 1082.37
Index: -11.0716 214.561 1067.88
Middle: -16.0213 216.412 1060.18
Ring: -38.4035 193.751 1067.21
Little: -16.6864 203.007 1121.11
Thumb: 35.4806 185.056 1083.26
Index: -9.67758 208.643 1067.38
Middle: -18.268 213.266 1058.76
Ring: -38.9533 191.707 1066.83
Little: -17.0625 203.555 1122.34
Thumb: 33.3573 185.283 1080.94
Index: -11.2976 207.822 1065.42
Middle: -19.1736 209.532 1058.23
Ring: -45.1262 199.094 1063.37
Little: -18.61 204.478 1121.35
Thumb: 30.03 185.419 1079.29
Index: -13.8562 201.371 1058.32
Middle: -21.9589 207.142 1058.92
Ring: -47.9616 201.815 1064.81
Little: -20.9173 204.259 1121.21
Thumb: 27.9092 186.299 1080.26
Index: -22.1971 228.6 1092.9
Middle: -30.8045 222.102 1058.41
Ring: -51.3053 203.896 1067.13
Little: -23.7729 202.998 1123.37
Thumb: 26.1154 186.814 1082.14
Index: -21.0142 226.274 1082.9
Middle: -32.9503 211.447 1059.67
Ring: -52.6932 211.033 1070.75
Little: -24.786 202.927 1125.47
Thumb: 21.0021 187.371 1083.33
Index: -13.2539 209.402 1063.29
Middle: -33.6576 214.355 1061.44
Ring: -55.189 212.931 1071.35
Little: -24.5902 205.596 1127.1
Thumb: 20.2046 187.893 1080.82
Index: -35.5719 199.221 1038.77
Middle: -28.5489 241.422 1064.5
Ring: -39.2854 228.477 1080.83
Little: -20.6691 209.978 1125.68
Thumb: 19.7212 202.041 1081.48
Index: -9.08189 210.873 1053.76
Middle: -21.5411 206.721 1062.15
Ring: -32.9572 237.388 1081.4
Little: -18.8799 213.398 1122.61
Thumb: 6.49238 173.217 1084.41
Index: -9.60194 212.437 1049.35
Middle: -18.3872 203.077 1062.47
Ring: -27.3291 228.059 1078.19
Little: -16.4476 216.522 1119.3
Thumb: 7.34069 176.61 1078.71
Index: -14.8363 199.356 1024.04
Middle: -5.74627 199.544 1058.11
Ring: -22.893 229.827 1067.71
Little: -10.8545 221.729 1108.65
Thumb: 6.86427 180.396 1078.9
Index: -5.29756 169.859 1014.38
Middle: -20.0276 204.573 1053.17
Ring: -16.0592 236.418 1069.5
Little: -11.9252 222.296 1108.39
Thumb: 13.2057 190.895 1074.55
Index: 1.78418 157.852 1011.7
Middle: -7.07494 265.331 1070.07
Ring: -20.5039 241.52 1076.16
Little: -22.0317 215.478 1099.42
Thumb: 9.59243 182.308 1074.92
Index: -10.0587 191.635 1018.69
Middle: -13.3789 258.13 1054.58
Ring: -26.9218 218.58 1066.84
Little: -26.2784 205.972 1094.02
Thumb: 9.08642 181.811 1074.95
Index: -4.24994 189.281 1020.45
Middle: -21.5861 254.552 1052.5
Ring: -27.3863 221.518 1066.12
Little: -18.588 221.216 1096.14
Thumb: 8.70898 182.199 1074.11
Index: -10.8348 199.225 1024.34
Middle: -25.7093 250.84 1069.02
Ring: -24.4317 222.529 1060.64
Little: -20.4049 217.346 1094.98
Thumb: 11.4667 185.064 1074.64
Index: -8.62377 204.444 1025.98
Middle: -16.8722 250.08 1055.86
Ring: -12.4931 229.269 1059.7
Little: -20.8811 211.693 1094.19
Thumb: 10.206 185.828 1076.72
Index: -19.4772 202.797 1016.09
Middle: -28.2511 248.303 1091.01
Ring: -12.2003 237.446 1059.82
Little: -24.977 209.203 1094.39
Thumb: 12.8244 187.3 1076.38
Index: 15.8569 173.908 1013.3
Middle: -35.6395 238.567 1065.77
Ring: 1.45336 253.044 1059.21
Little: -23.9289 213.405 1089.43
Thumb: 17.0568 189.083 1074.57
Index: -3.66112 186.035 1001
Middle: -20.541 248.115 1063.35
Ring: -1.48514 255.763 1060.56
Little: -26.8352 207.208 1081.39
Thumb: 13.1122 190.711 1076.92
Index: -5.83142 204.747 1023.02
Middle: -23.094 211.481 1056.52
Ring: -4.45435 241.491 1053.92
Little: -55.8674 152.962 1071.37
Thumb: 16.6409 193.741 1080.07
Index: 0.496695 200.41 1023.03
Middle: -18.1594 206.432 1057.08
Ring: -5.26093 231.688 1055.64
Little: -57.3074 163.795 1059.81
Thumb: 21.5786 206.508 1073.98
Index: 1.37773 211.822 1026.21
Middle: -17.4694 210.514 1058.39
Ring: -10.8925 250.113 1058.21
Little: -55.2641 165.11 1054.06
Thumb: 22.4824 203.489 1076.95
Index: -2.74893 228.177 1040.15
Middle: -12.821 211.301 1060.3
Ring: -5.67954 252.91 1062.87
Little: -55.6431 158.622 1057.56
Thumb: 18.2424 195.408 1079.46
Index: 17.7495 195.394 1028.03
Middle: -18.9 216.53 1055.34
Ring: -10.0696 245.523 1058.57
Little: -54.7716 157.383 1056.9
Thumb: 22.544 200.163 1076.96
Index: 29.4549 191.492 1043.08
Middle: -6.99545 186.553 1038.53
Ring: -10.9167 237.629 1056.58
Little: -52.5393 155.092 1055.43
Thumb: 19.9869 193.048 1079.71
Index: 11.1816 218.956 1057.27
Middle: -44.9552 243.601 1060.58
Ring: -13.9295 199.55 1063.14
Little: -51.268 151.591 1055.58
Thumb: 23.1081 193.934 1078.61
Index: -10.2452 247.988 1074.62
Middle: -45.2403 246.697 1081
Ring: -12.4488 195.601 1068.74
Little: -49.3103 148.089 1053.74
Thumb: 14.3023 185.058 1082.87
Index: -24.1647 243.795 1085.11
Middle: -14.7593 207.038 1053.77
Ring: -16.138 182.952 1074.36
Little: -47.231 143.913 1049.88
Thumb: 16.8521 190.1 1082.76
Index: -22.8212 232.061 1067.49
Middle: -35.6212 246.739 1078.52
Ring: -17.0302 177.532 1074.54
Little: -47.4084 137.714 1049.82
Thumb: 19.5125 192.138 1086.04
Index: -25.1779 236.523 1075.84
Middle: -37.6354 221.595 1062
Ring: -19.5812 171.931 1074.27
Little: -47.6422 131.86 1047.88
Thumb: 9.92529 179.237 1091.4
Index: -15.0607 219.769 1065.09
Middle: -40.3272 239.875 1070.25
Ring: -31.0641 218.296 1067.63
Little: -48.3928 126.567 1047.43
Thumb: 10.6689 174.429 1092.42
Index: -21.8561 211.246 1074.82
Middle: -24.4455 191.55 1018.91
Ring: -21.1464 158.156 1072.24
Little: -46.1736 122.237 1043.97
Thumb: 8.37593 174.181 1093.82
Index: -6.48855 202.008 1048.84
Middle: -17.7301 187.111 1015.82
Ring: -20.8333 156.653 1070.83
Little: -43.1164 121.165 1040.13
Thumb: -0.340561 167.963 1096.88
Index: 17.6769 175.751 1038.68
Middle: 1.15146 149.66 1013.06
Ring: -13.2826 121.703 1069.44
Little: -42.0432 110.771 1037.86
Thumb: -5.24286 166.471 1095.33
Index: 20.3179 171.916 1053.81
Middle: -3.80078 145.139 1015.12
Ring: -15.6386 110.717 1071.48
Little: -41.7791 94.9315 1037.99
Thumb: -14.3352 173.274 1093.94
Index: 2.40848 173.387 1034.43
Middle: -13.4768 140.429 1008.56
Ring: -18.3634 105.803 1067.59
Little: -38.7548 85.0657 1032.75
Thumb: -13.1205 174.171 1094.6
Index: 2.46867 168.493 1036.2
Middle: -15.2145 140.416 1007.74
Ring: -22.1743 110.238 1015.45
Little: -42.0206 87.8384 1030.54
Thumb: -2.72311 192.5 1102.37
Index: -0.976194 167.714 1033.79
Middle: -15.4674 138.827 1005.74
Ring: -22.6204 110.358 1012.69
Little: -40.5903 85.8814 1027.81
Thumb: -16.022 173.907 1087.34
Index: -1.25682 167.609 1031.65
Middle: -16.3902 137.686 1003.76
Ring: -23.6479 111.116 1010.56
Little: -41.3868 86.3487 1025.79
Thumb: -19.9635 178.72 1086.17
Index: -5.68555 169.576 1025.38
Middle: -18.8006 136.054 1002.14
Ring: -25.7881 111.586 1008.29
Little: -43.409 86.7372 1023.3
Thumb: -23.4288 175.061 1081.96
Index: -7.70538 168.279 1026.1
Middle: -21.4681 135.814 999.143
Ring: -27.0043 112.965 1004.58
Little: -41.8928 85.3868 1019.72
Thumb: -26.489 175.959 1080.91
Index: -5.3618 165.217 1029.42
Middle: -21.9642 136.143 997.199
Ring: -26.5801 113.427 1002.27
Little: -43.1107 87.2168 1016.56
Thumb: -28.3783 177.131 1078.24
Index: -10.828 168.117 1024.69
Middle: -22.8375 136.129 995.251
Ring: -26.9527 113.398 1000.34
Little: -42.516 86.6344 1014.78
Thumb: -16.7836 199.606 1089.2
Index: -18.5137 171.703 1012.72
Middle: -24.2943 136.05 994.024
Ring: -27.8203 113.34 999.262
Little: -43.068 86.5992 1013.85
Thumb: -15.9423 199.946 1086.76
Index: -18.7248 173.168 1011.06
Middle: -24.0718 137.251 993.475
Ring: -27.7821 113.958 999.017
Little: -39.2331 84.5164 1014.59
Thumb: -23.0212 204.046 1082.5
Index: -33.446 174.508 998.294
Middle: -31.1571 140.018 985.616
Ring: -35.9167 118.292 991.185
Little: -43.6878 86.3753 1009.5
Thumb: -23.3612 205.425 1082.46
Index: -34.1039 172.819 995.554
Middle: -31.071 138.212 983.678
Ring: -37.298 117.62 989.548
Little: -44.9688 86.0378 1008.77
Thumb: -23.2327 205.6 1082.05
Index: -34.1597 172.496 994.637
Middle: -33.1312 138.872 982.683
Ring: -37.331 116.892 989.063
Little: -45.6405 85.7168 1008.41
Thumb: -22.2368 206.099 1082.55
Index: -33.9219 172.429 994.65
Middle: -32.4011 138.435 982.834
Ring: -37.6443 117.132 989.08
Little: -45.6447 85.7305 1008.52
Thumb: -23.602 207.007 1081.58
Index: -28.1659 173.426 995.69
Middle: -31.484 142.051 983.443
Ring: -36.16 120.033 989.777
Little: -46.4308 89.6463 1008.84
Thumb: -39.271 184.817 1072.79
Index: -34.9725 173.116 997.833
Middle: -33.1869 137.536 987.66
Ring: -37.3134 115.413 995.242
Little: -50.4315 88.093 1015.04
Thumb: -22.8623 208.754 1087.96
Index: -34.4268 170.743 1001.54
Middle: -34.0386 135.344 992.366
Ring: -38.0634 113.335 1001.12
Little: -51.6406 86.9357 1021.12
Thumb: 4.09857 199.549 1088.93
Index: -63.3751 234.4 1086.31
Middle: -36.92 128.46 1010.34
Ring: -49.5776 112.974 1019.02
Little: -95.1973 141.179 1079.55
Thumb: 5.24819 199.164 1092.7
Index: -61.6981 233.636 1089.07
Middle: -38.8792 124.832 1018.8
Ring: -50.4333 108.707 1029.37
Little: -88.5732 126.64 1072.78
Thumb: -6.72349 182.623 1093.65
Index: -49.6047 238.9 1100.75
Middle: -44.0004 125.792 1029.41
Ring: -54.0803 108.184 1043.22
Little: -83.7732 123.871 1086.71
Thumb: -1.73414 188.18 1081.1
Index: -40.8365 244.885 1083.01
Middle: -39.839 127.589 1026.74
Ring: -51.2738 111.934 1041.93
Little: -66.7965 114.009 1101.3
Thumb: 1.38436 185.67 1082.12
Index: -31.6908 248.959 1078.84
Middle: -41.3227 127.413 1034.18
Ring: -53.4509 114.43 1050.5
Little: -63.3068 117.461 1111.91
Thumb: 2.85969 179.651 1093.97
Index: -15.5659 258.439 1090.08
Middle: -41.5385 123.25 1048.07
Ring: -58.8626 121.856 1058.99
Little: -60.38 127.637 1122.52
Thumb: 8.611 191.211 1097.37
Index: -23.9592 254.065 1082.39
Middle: -40.229 122.319 1054.43
Ring: -63.751 134.838 1061.24
Little: -73.6335 130.987 1101.63
Thumb: 7.93704 175.284 1106.93
Index: -19.026 248.619 1078.81
Middle: -41.1177 131.235 1056.01
Ring: -60.3401 139.812 1067.44
Little: -71.1187 138.732 1105.76
Thumb: 17.2928 171.017 1114.86
Index: -15.9353 255.186 1091.26
Middle: -45.6985 141.823 1064.78
Ring: -59.7788 144.488 1080.86
Little: -67.9217 147.928 1119.38
Thumb: 20.4589 174.694 1115.58
Index: -12.0177 242.788 1086.03
Middle: -22.6605 139.171 1090.47
Ring: -58.1279 150.873 1083.94
Little: -62.3836 150.247 1124.59
Thumb: 24.6945 175.854 1114.46
Index: -9.28312 240.407 1086.67
Middle: -19.0497 139.07 1092.07
Ring: -55.3821 150.377 1085.6
Little: -59.2581 153.896 1126.99
Thumb: 26.6901 177.094 1113.62
Index: -8.29752 237.605 1084.74
Middle: -14.1922 139.039 1091.87
Ring: -51.7424 149.275 1084.07
Little: -56.3792 154.489 1125.6
Thumb: 31.8462 177.954 1111.56
Index: -3.23258 229.138 1077.92
Middle: -12.9048 136.571 1083.48
Ring: -46.8746 150.983 1080.03
Little: -50.2742 151.506 1122.31
Thumb: 31.7413 178.765 1109.2
Index: -4.35352 232.68 1074.9
Middle: -8.19361 134.228 1081.02
Ring: -44.1446 149.382 1076.61
Little: -48.3618 151.235 1118.51
Thumb: 33.257 178.742 1109.25
Index: -6.98582 233.712 1075.46
Middle: -2.90283 136.42 1084.14
Ring: -42.2668 144.56 1074.59
Little: -46.5118 146.241 1116.91
Thumb: 33.0461 196.842 1107.85
Index: -13.3072 251.105 1089.88
Middle: 3.09911 134.47 1088.34
Ring: -41.0474 134.807 1075.86
Little: -45.6731 144.827 1120.28
Thumb: 34.5861 195.566 1108.94
Index: -10.6158 254.178 1097.76
Middle: 12.283 138.652 1095.7
Ring: -39.0513 130.208 1074.33
Little: -42.4323 139.303 1119.31
Thumb: 32.6506 196.755 1107.68
Index: -8.61298 255.367 1108.46
Middle: 9.85713 130.774 1085.58
Ring: -35.1881 124.808 1070.79
Little: -37.651 129.333 1116.29
Thumb: 29.1309 190.353 1106.27
Index: -15.6999 244.752 1097.98
Middle: 13.2027 131.083 1085.85
Ring: -29.503 118.881 1068.08
Little: -33.679 123.524 1113.74
Thumb: 33.9117 170.455 1103.14
Index: -1.31512 203.275 1079.81
Middle: 18.0481 139.577 1096.18
Ring: -25.9855 116.394 1067.37
Little: -27.6307 118.05 1114.28
Thumb: 33.3166 165.633 1101.82
Index: -16.9127 232.531 1097.15
Middle: 18.2795 137.025 1095.66
Ring: -25.0434 111.307 1070.46
Little: -25.5779 114.863 1117.48
Thumb: 37.4531 159.918 1100.17
Index: 2.31475 195.992 1094.39
Middle: 19.4692 133.019 1092.32
Ring: -24.2775 109.697 1070.76
Little: -21.3718 124.27 1131.51
Thumb: 37.1285 159.112 1099.02
Index: -13.1573 205.358 1089.33
Middle: 18.8574 133.857 1091.89
Ring: -22.7416 108.121 1066.35
Little: -15.3931 118.525 1129.51
Thumb: 37.7466 156.611 1097.22
Index: -0.850803 193.807 1089.29
Middle: 18.2393 132.784 1092.01
Ring: -22.2093 106.133 1067.07
Little: -15.5678 117.726 1130.04
Thumb: 35.4617 157.54 1096.23
Index: -8.98216 204.352 1089.39
Middle: 13.5615 113.369 1068.16
Ring: -17.7961 104.188 1066.26
Little: -11.0125 117.663 1131.49
Thumb: 37.2128 156.521 1098.13
Index: -7.75021 198.397 1087
Middle: 11.3644 111.174 1068.81
Ring: -18.1256 101.173 1068.62
Little: -10.068 117.204 1134.07
Thumb: 36.3195 157.061 1097.76
Index: -13.4907 202.852 1085.33
Middle: 8.82259 110.99 1069.75
Ring: -20.8716 101.94 1069.89
Little: -12.3857 119.056 1135.23
Thumb: 35.3446 156.528 1097.78
Index: -20.8606 230.154 1106.43
Middle: 13.3356 112.223 1076.1
Ring: -27.1692 103.828 1069.31
Little: -12.3504 117.261 1135.97
Thumb: 34.3503 155.607 1097.47
Index: -18.5934 213.907 1097.68
Middle: 13.1889 129.049 1092.81
Ring: -33.0179 105.414 1069.86
Little: -12.8334 115.405 1136.77
Thumb: 32.953 155.853 1097.73
Index: -15.6357 210.969 1101.65
Middle: 10.7508 129.309 1093.69
Ring: 2.06969 107.398 1099.36
Little: -14.4144 115.011 1137.94
Thumb: 31.2205 155.71 1098.34
Index: -20.1286 215.322 1105.97
Middle: 9.0276 129.522 1094.25
Ring: 0.469646 107.477 1099.6
Little: -15.5913 114.336 1138.52
Thumb: 29.6089 154.731 1098.21
Index: -20.0098 215.561 1105.71
Middle: 6.79763 129.726 1094.21
Ring: 0.137093 110.226 1103.33
Little: -17.5125 115.374 1138.9
Thumb: 28.886 154.594 1098.15
Index: -9.29075 194.499 1096.19
Middle: 7.39472 127.55 1093.39
Ring: 0.461571 111.347 1105.05
Little: -17.2495 115.526 1139.65
Thumb: 28.0576 154.413 1099.21
Index: -11.4705 193.93 1097.41
Middle: 7.50475 116.863 1086.49
Ring: -1.53977 108.492 1103.18
Little: -17.7971 114.453 1140.47
Thumb: 28.0524 154.385 1099.13
Index: -13.359 195.688 1097.59
Middle: 7.71037 117.901 1087.41
Ring: -1.36566 108.702 1103.4
Little: -17.8027 114.44 1140.39
Thumb: 27.7491 155.028 1099.19
Index: -10.1737 193.253 1096.65
Middle: 6.49645 115.331 1084.43
Ring: -1.71157 109.505 1103.75
Little: -18.8813 114.961 1139.88
Thumb: 27.6721 155.048 1098.77
Index: -29.6291 226.343 1111.07
Middle: 6.73652 115.963 1085.09
Ring: -1.75239 109.441 1103.65
Little: -18.8802 114.959 1139.86
Thumb: 27.6817 154.759 1098.72
Index: -25.633 220.902 1109.23
Middle: 6.87312 116.387 1085.54
Ring: -1.75584 109.433 1103.66
Little: -18.8741 114.962 1139.87
Thumb: 28.2411 155.054 1098.86
Index: -22.7197 227.393 1114.94
Middle: 3.57348 112.703 1080.26
Ring: -1.38597 109.934 1104.13
Little: -19.2181 115.552 1139.64
Thumb: 28.3607 156.195 1099.71
Index: -17.7913 239.19 1124.77
Middle: 6.81681 118.098 1085.67
Ring: -1.75321 112.214 1104.61
Little: -19.9654 117.959 1139.67
Thumb: 30.0539 157.113 1099.98
Index: -20.8894 230.483 1102.13
Middle: 7.62571 126.735 1091.16
Ring: -2.19077 116.666 1105.85
Little: -19.5655 124.93 1140.67
Thumb: 28.9275 158.432 1099.9
Index: -19.1535 237.851 1107.08
Middle: 5.88212 127.627 1089.58
Ring: -2.07236 118.64 1106.29
Little: -18.9609 126.98 1141.3
Thumb: 27.9923 160.756 1101.38
Index: -20.015 239.637 1106.58
Middle: 8.02009 137.027 1094.39
Ring: -0.898167 121.836 1106.13
Little: -17.9408 129.717 1141.26
Thumb: 30.8412 160.326 1101.94
Index: -8.55404 240.712 1137.7
Middle: -30.4579 214.04 1109.15
Ring: 2.28979 126.893 1103.46
Little: -13.3771 134.676 1138.12
Thumb: 31.8308 162.642 1103.32
Index: -10.241 232.108 1129.93
Middle: -24.9913 202.67 1105.62
Ring: 5.03637 128.377 1105.68
Little: -9.65572 135.838 1140.36
Thumb: 30.858 163.861 1108.12
Index: -8.59276 232.551 1129.83
Middle: -24.9331 201.946 1109.76
Ring: 8.12663 130.122 1108.12
Little: -6.61463 134.559 1141.85
Thumb: 35.053 162.223 1104.75
Index: -8.12394 239.065 1111.1
Middle: -17.7294 200.11 1107.28
Ring: 12.118 131.918 1105.86
Little: -1.81067 137.813 1140.61
Thumb: 35.2578 166.157 1109.94
Index: -19.093 208.506 1113.87
Middle: -19.9422 196.825 1115.24
Ring: 12.6813 129.429 1106.14
Little: -7.43207 154.603 1156.38
Thumb: 35.0854 185.221 1121.82
Index: -8.58505 214.647 1154.95
Middle: -18.9203 218.891 1136.83
Ring: -28.3485 128.019 1086.1
Little: -5.28886 151.955 1157.33
Thumb: 31.998 168.936 1111.44
Index: -16.0312 210.6 1134.85
Middle: -15.7934 219.729 1138.85
Ring: -31.507 130.457 1087.22
Little: -5.14911 152.643 1157.94
Thumb: 38.5256 163.329 1103.07
Index: -25.2372 209.528 1125.23
Middle: -11.361 215.113 1139.69
Ring: -30.8219 130.039 1090.18
Little: -1.92682 151.592 1159.96
Thumb: 44.9141 171.001 1113.83
Index: 26.5719 206.39 1154.22
Middle: 49.2939 211.693 1187.52
Ring: 46.7508 185.849 1190.41
Little: 29.1503 139.511 1183.54
Thumb: 46.4776 170.937 1113.27
Index: 31.4938 216.555 1164.7
Middle: 53.2605 209.475 1190.33
Ring: 50.7473 183.551 1192.4
Little: 34.7308 137.986 1185.24
Thumb: 48.8787 171.19 1111.33
Index: 45.0242 222.015 1171.86
Middle: 55.6733 203.193 1193.29
Ring: 53.8439 181.34 1191.31
Little: 39.9973 136.217 1184.2
Thumb: 49.3317 170.345 1109.14
Index: 47.5779 214.279 1178.24
Middle: 57.3394 201.519 1192.28
Ring: 55.2323 176.679 1191.9
Little: 47.426 132.28 1184.54
Thumb: 52.3817 170.636 1110.09
Index: 54.6024 107.77 1196.79
Middle: 62.4593 133.516 1213.08
Ring: 26.834 113.672 1191.57
Little: 25.967 58.7932 1100.42
Thumb: 59.1504 206.404 1118.36
Index: 57.2901 105.757 1197.68
Middle: 63.0721 129.633 1212.97
Ring: 27.3823 110.609 1193.16
Little: 25.4488 59.9209 1102.4
Thumb: 66.5131 215.165 1108.86
Index: 53.3256 104.057 1194.44
Middle: 65.9697 127.326 1213.72
Ring: 31.5972 107.727 1194.08
Little: 26.5139 58.8472 1103.45
Thumb: 71.1965 213.549 1107.46
Index: 55.5236 100.149 1193.42
Middle: 55.4252 121.908 1203.44
Ring: 35.5449 102.503 1194.41
Little: 26.8988 56.3863 1103.61
Thumb: 76.8088 213.947 1104.9
Index: 109.025 100.207 1192.11
Middle: 81.1635 121.013 1207.98
Ring: 76.8883 98.3885 1197.86
Little: 14.6771 60.0796 1108.4
Thumb: 77.957 212.32 1104.64
Index: 105.61 80.4476 1182.62
Middle: 85.1641 116.817 1206.9
Ring: 76.3307 95.2738 1196.37
Little: 14.3159 58.3274 1106.79
Thumb: 79.0841 212.228 1108.2
Index: 117.73 81.2332 1179.85
Middle: 87.529 110.698 1204.84
Ring: 76.0335 90.451 1194.66
Little: 12.034 59.048 1106.22
Thumb: 87.8875 204.31 1121.34
Index: 86.9142 127.398 1186.02
Middle: 81.2372 110.827 1194.37
Ring: 70.1447 94.5626 1192.84
Little: 17.0832 69.6305 1107.25
Thumb: 67.4105 243.398 1093.83
Index: 109.922 116.867 1188.44
Middle: 141.469 110.359 1188.51
Ring: 94.5902 102.652 1176.88
Little: 47.6255 71.53 1121.4
Thumb: 93.1252 215.118 1130.2
Index: 129.986 102.495 1168.6
Middle: 88.1308 124.391 1200.7
Ring: 82.7384 106.079 1190.85
Little: 32.3921 76.0341 1120.05
Thumb: 31.6582 188.768 1189.68
Index: 131.985 100.899 1163.64
Middle: 85.8422 124.551 1199.16
Ring: 79.9359 104.664 1188.58
Little: 30.0686 79.0376 1118.94
Thumb: 26.0475 184.774 1190.35
Index: 135.887 100.039 1160.02
Middle: 87.5184 123.341 1199.26
Ring: 79.4183 103.588 1188.29
Little: 33.3436 77.594 1116.62
Thumb: 20.4062 176.052 1189.74
Index: 134.503 100.825 1160.5
Middle: 88.3147 123.289 1197.62
Ring: 79.3748 103.605 1186.67
Little: 33.2776 77.6655 1115.25
Thumb: 21.2853 182.376 1188.63
Index: 137.151 99.071 1154.53
Middle: 88.0244 120.822 1195.27
Ring: 80.0083 101.484 1183.94
Little: 34.113 77.2152 1112.47
Thumb: 15.6243 175.385 1187.02
Index: 137.68 98.5682 1149.62
Middle: 87.2199 118.816 1191.96
Ring: 76.7354 100.075 1180.25
Little: 34.0106 78.2037 1109.23
Thumb: 32.8198 201.883 1182.06
Index: 142.727 98.7448 1141.97
Middle: 87.3683 120.798 1189.05
Ring: 78.4163 101.597 1178.31
Little: 35.4 78.2041 1111.44
Thumb: 28.448 192.821 1182.79
Index: 142.334 101.847 1139.73
Middle: 88.4956 120.151 1185.98
Ring: 80.2915 100.932 1175.03
Little: 37.4327 77.5464 1108.17
Thumb: 39.4604 267.625 1087.73
Index: 145.4 102.186 1128.04
Middle: 89.0943 123.843 1182.37
Ring: 77.3674 104.833 1172.17
Little: 35.881 81.9686 1108.29
Thumb: 67.9144 258.554 1113.7
Index: 147.852 103.79 1124.92
Middle: 87.6564 124.321 1180.58
Ring: 77.0272 105.18 1170.54
Little: 60.601 78.0609 1145.46
Thumb: 72.1403 248.767 1115.05
Index: 146.844 104.071 1119.32
Middle: 84.4093 119.982 1177.43
Ring: 77.2909 104.57 1167.67
Little: 61.7238 77.4468 1142.43
Thumb: 70.8425 241.701 1113.52
Index: 146.45 105.229 1116.19
Middle: 83.8851 120.28 1174.57
Ring: 76.1808 104.312 1164.62
Little: 60.7964 77.2221 1139.12
Thumb: 72.8142 210.922 1114.95
Index: 143.235 104.765 1115.22
Middle: 82.16 120.634 1171.54
Ring: 73.6311 103.24 1161.68
Little: 58.5832 76.5862 1136.71
Thumb: 77.7756 208.813 1115.89
Index: 143.882 103.838 1111.86
Middle: 82.818 121.627 1169.97
Ring: 73.9337 102.459 1160.28
Little: 58.0958 77.3992 1135.91
Thumb: 78.0507 219.395 1116.99
Index: 144.632 105.87 1106.32
Middle: 80.6416 122.617 1168.02
Ring: 72.8019 105.062 1158.35
Little: 57.9749 77.9237 1133.63
Thumb: 76.3715 220.402 1118.37
Index: 142.464 107.368 1106.32
Middle: 80.5049 122.91 1165.62
Ring: 72.0975 105.591 1155.89
Little: 57.482 78.2714 1131.08
Thumb: 74.736 220.555 1117.92
Index: 142.223 105.327 1103.32
Middle: 78.9739 121.616 1164.11
Ring: 70.7976 104.067 1154.06
Little: 56.5289 77.1178 1128.79
Thumb: 74.787 224.985 1114.2
Index: 140.769 106.01 1102.51
Middle: 77.3582 122.548 1162.85
Ring: 68.6694 104.095 1152.61
Little: 56.319 77.1021 1127.29
Thumb: 70.3936 221.238 1110.7
Index: 139.969 106.477 1102.83
Middle: 77.3315 121.858 1161.66
Ring: 68.8812 102.889 1151.31
Little: 62.2454 76.6376 1125.94
Thumb: 79.6652 236.528 1107.57
Index: 139.651 106.814 1103.96
Middle: 77.8625 122.337 1160.94
Ring: 69.1084 103.335 1150.72
Little: 61.9464 77.2688 1125.53
Thumb: 64.8762 242.65 1099.25
Index: 140.621 105.215 1104.1
Middle: 79.4668 123.681 1160.96
Ring: 70.7901 104.213 1151.11
Little: 62.0443 73.792 1125.98
Thumb: 67.4527 232.303 1099.43
Index: 142.504 106.578 1104.14
Middle: 79.1832 124.448 1161.38
Ring: 69.5536 105.912 1151.63
Little: 60.9072 74.9341 1126.65
Thumb: 68.8753 226.642 1104.26
Index: 141.232 106.984 1105.34
Middle: 76.9809 124.04 1161.77
Ring: 69.691 103.596 1151.65
Little: 59.5172 74.7875 1126.26
Thumb: 65.8952 231.502 1097.09
Index: 141.179 107.54 1106.58
Middle: 78.9358 122.369 1162.58
Ring: 69.9439 103.62 1152.73
Little: 61.3877 73.6391 1127.67
Thumb: 69.5201 225.618 1103.86
Index: 140.489 106.437 1108.65
Middle: 78.1132 121.248 1163.41
Ring: 68.9608 102.65 1153.34
Little: 60.2225 73.139 1127.99
Thumb: 70.7567 228.787 1096.59
Index: 140.393 105.678 1113.79
Middle: 78.3407 120.105 1165.95
Ring: 70.2577 100.617 1155.76
Little: 61.8655 71.4451 1130.3
Thumb: 73.4133 213.009 1103.8
Index: 142.451 108.105 1115.24
Middle: 79.4176 120.594 1168.61
Ring: 71.5082 101.126 1158.41
Little: 62.692 72.4864 1133.03
Thumb: 69.9908 226.974 1100.48
Index: 142.987 107.85 1117.11
Middle: 79.8348 120.739 1170.37
Ring: 72.2937 101.074 1160.43
Little: 56.8114 76.95 1135.7
Thumb: 74.46 229.908 1114.19
Index: 142.653 106.764 1120.55
Middle: 81.0557 119.739 1173.54
Ring: 73.4233 99.9705 1163.46
Little: 57.6765 76.3687 1138.64
Thumb: 72.6979 224.84 1118.05
Index: 144.036 108.306 1122.75
Middle: 81.5113 121.244 1175.81
Ring: 72.6423 102.432 1166.25
Little: 61.428 74.7348 1141.83
Thumb: 77.2773 224.461 1109.62
Index: 146.428 108.786 1124.54
Middle: 83.2892 122.214 1178.47
Ring: 75.3228 102.692 1169.01
Little: 64.9168 74.1583 1144.68
Thumb: 80.8963 250.006 1095.76
Index: 147.592 111.171 1127.68
Middle: 84.6939 122.204 1180.89
Ring: 75.3972 103.565 1171.59
Little: 65.9663 75.1409 1147.53
Thumb: 94.6949 228.367 1108.45
Index: 144.312 109.823 1135.82
Middle: 83.0791 120.882 1185.17
Ring: 75.1946 101.101 1175.42
Little: 62.2559 75.3661 1151.11
Thumb: 77.5288 253.471 1101.97
Index: 139.558 109.367 1146.58
Middle: 80.784 118.694 1190.87
Ring: 71.8632 101.105 1180.83
Little: 61.4912 73.3873 1155.56
Thumb: 58.9418 260.773 1089.66
Index: 129.59 108.598 1160.79
Middle: 76.8559 114.012 1196.81
Ring: 69.8799 95.362 1185.64
Little: 58.0211 71.6248 1159.31
Thumb: 11.7231 156.313 1198.48
Index: 129.153 110.322 1167.74
Middle: 77.8605 114.096 1201.94
Ring: 70.8436 96.3149 1191.68
Little: 61.7016 71.6209 1166.27
Thumb: 19.2282 190.705 1200.37
Index: 139.374 109.568 1162.66
Middle: 82.6466 115.965 1205.52
Ring: 76.2021 97.6178 1195.55
Little: 69.0254 73.0467 1170.7
Thumb: 23.247 183.065 1205.95
Index: 149.821 114.992 1148.5
Middle: 91.2823 127.293 1204.61
Ring: 81.6914 108.921 1196.46
Little: 71.8238 80.8224 1173.94
Thumb: 28.6409 177.339 1215.89
Index: 146.068 117.038 1156.34
Middle: 85.2987 129.51 1208.96
Ring: 79.0213 108.497 1200.37
Little: 69.7833 80.3815 1177.5
Thumb: 9.49567 164.076 1213.1
Index: 131.342 117.823 1174.24
Middle: 75.1239 121.291 1213.17
Ring: 69.4089 100.969 1203.25
Little: 57.3668 78.209 1179.12
Thumb: 53.7743 248.818 1134.79
Index: 74.9233 113.252 1216.15
Middle: 21.2194 163.712 1140.52
Ring: 47.1225 80.0815 1218.1
Little: 6.06574 92.9243 1140.14
Thumb: 27.322 140.638 1124.29
Index: 26.4615 75.7308 1198.62
Middle: 21.6014 131.474 1121.77
Ring: 4.21207 29.2431 1177.71
Little: -4.682 21.1472 1150.19
Thumb: 29.1811 129.974 1120.7
Index: 18.7865 64.5664 1194.11
Middle: 22.6498 116.799 1119.42
Ring: -14.8724 50.9326 1160.94
Little: -9.78448 8.80017 1143.71
Thumb: 30.3115 135.581 1126.21
Index: 18.354 67.2929 1193
Middle: 23.1658 118.474 1118.53
Ring: -17.2089 49.1736 1163.62
Little: -11.8499 11.769 1141.04
Thumb: 28.0091 167.689 1134.93
Index: 8.56233 63.2388 1175.34
Middle: 23.5414 117.938 1115.7
Ring: -14.6893 25.6816 1142.08
Little: -10.803 13.9964 1107.36
Thumb: 26.5156 173.269 1131.4
Index: 10.3154 65.0287 1176.11
Middle: 24.332 119.551 1115.93
Ring: -14.8762 28.3738 1143.8
Little: -10.9135 15.4014 1108.66
Thumb: 10.9633 171.046 1158.71
Index: 11.1546 69.691 1176.08
Middle: 27.6305 124.956 1114.73
Ring: -16.6283 34.6305 1144
Little: -10.2435 17.6349 1106.61
Thumb: 3.78998 166.984 1158.32
Index: 5.86882 74.1497 1177.33
Middle: 26.8588 121.196 1117.39
Ring: -21.5315 37.3328 1145.22
Little: -12.2702 17.3947 1107.96
Thumb: -4.10917 168.519 1155.39
Index: 3.15996 81.3262 1172.1
Middle: 24.6678 114.551 1120.27
Ring: -26.5053 38.8573 1140.61
Little: -13.3056 17.8524 1105.51
Thumb: -6.73759 169.948 1153.03
Index: 4.23641 142.605 1156.47
Middle: 8.33954 140.824 1122.38
Ring: -31.1042 44.7197 1141.23
Little: -14.5678 17.6895 1105.59
Thumb: -10.195 172.967 1147.57
Index: 0.719361 147.222 1153.01
Middle: 12.9084 145.485 1116.19
Ring: -35.8152 51.2057 1141.57
Little: -15.3101 17.9827 1107.15
Thumb: 86.1021 87.0908 1085.29
Index: 113.956 107.464 1144.74
Middle: 77.189 125.382 1136.32
Ring: 67.1601 111.704 1161.31
Little: -4.22143 24.6644 1122.88
Thumb: 69.6219 95.2331 1106.07
Index: 104.839 112.095 1140.2
Middle: 74.9068 124.281 1141.15
Ring: 64.0408 108.597 1168.44
Little: -5.09449 24.4827 1122.21
Thumb: 99.48 124.624 1108.1
Index: 94.9967 131.386 1133.72
Middle: 72.707 125.077 1155.04
Ring: 52.9697 102.285 1166.15
Little: -6.4091 24.0762 1121.23
Thumb: 99.0489 128.615 1107.13
Index: 89.6429 119.745 1141.59
Middle: 71.0218 120.203 1173.92
Ring: 25.6139 30.292 1129.35
Little: -9.62877 22.7118 1120.43
Thumb: 124.276 144.587 1094.48
Index: 81.2945 139.358 1123.55
Middle: 67.7905 117.408 1180.77
Ring: 24.1124 30.3175 1128.68
Little: -10.3492 22.1228 1118.37
Thumb: 122.589 142.088 1100.6
Index: 80.8172 137.856 1133.95
Middle: 62.7657 114.212 1186.23
Ring: 21.9509 32.2851 1130.01
Little: -12.1463 23.9327 1117.9
Thumb: 115.599 133.994 1104.8
Index: 75.9416 135.168 1123.68
Middle: 60.2721 115.516 1186.46
Ring: 19.9818 28.1529 1129.91
Little: -13.5255 24.3169 1117.95
Thumb: 109.638 132.627 1105.38
Index: 75.4395 136.88 1124.52
Middle: 59.0234 115.283 1185.68
Ring: 17.531 23.4747 1125.74
Little: -14.9953 25.7978 1115.91
Thumb: 85.3255 114.451 1116.45
Index: 74.7466 137.485 1122.89
Middle: 57.9152 116.771 1185.11
Ring: 15.9052 23.8926 1123.77
Little: -16.2182 27.8101 1114.46
Thumb: 87.629 126.353 1108.42
Index: 77.1495 142.01 1138.6
Middle: 56.8861 121.373 1183.88
Ring: 15.3474 24.9578 1122.33
Little: -16.4631 30.0208 1114.3
Thumb: 86.8783 125.921 1107.86
Index: 75.8263 145.379 1137.89
Middle: 54.4082 119.122 1185.02
Ring: 14.2158 23.8257 1120.78
Little: -17.1138 29.9164 1112.82
Thumb: 83.2277 125.418 1109.09
Index: 71.7442 140.906 1123.99
Middle: 51.4144 118.775 1186
Ring: 13.0433 22.3893 1119.15
Little: -17.5687 30.072 1111.9
Thumb: 80.8729 126.871 1109.31
Index: 69.4423 138.081 1117.31
Middle: 48.7694 114.967 1188.11
Ring: 10.9598 20.0007 1107.69
Little: -17.6574 31.7472 1111.19
Thumb: 97.3327 127.877 1106.52
Index: 68.8607 138.569 1116.12
Middle: 47.9983 117.277 1187.53
Ring: 10.7614 21.6109 1106.47
Little: -17.889 33.3114 1109.85
Thumb: 97.1868 126.946 1105.26
Index: 68.7706 138.174 1115.83
Middle: 47.8646 117.411 1187.48
Ring: 10.7639 21.6038 1106.36
Little: -17.8931 33.3008 1109.7
Thumb: 84.7361 126.663 1108.24
Index: 68.7641 138.148 1115.8
Middle: 47.8558 117.189 1187.52
Ring: 10.7612 21.6071 1106.34
Little: -17.8951 33.304 1109.69
Thumb: 85.1498 126.728 1108.57
Index: 68.7414 138.857 1115.95
Middle: 47.4735 118.169 1187.52
Ring: 10.8465 21.5769 1106.71
Little: -17.8369 33.2622 1109.85
Thumb: 96.9651 126.126 1105.53
Index: 72.0208 147.074 1145.67
Middle: 46.3029 117.886 1189.04
Ring: 11.4113 20.508 1109.63
Little: -17.3806 32.0843 1112.12
Thumb: 97.5536 126.302 1105.39
Index: 72.0421 144.976 1147.21
Middle: 46.3016 117.78 1189.08
Ring: 11.4424 20.5106 1109.63
Little: -17.3526 32.0788 1112.12
Thumb: 109.96 134.07 1096.22
Index: 72.3429 146.154 1148.11
Middle: 46.7649 119.98 1189.77
Ring: 12.0518 21.2518 1111.65
Little: -16.7776 32.7498 1114.07
Thumb: 104.489 126.025 1103.27
Index: 72.9073 140.779 1156.41
Middle: 46.3613 113.179 1190.6
Ring: 11.9901 21.1494 1111.08
Little: -16.8283 32.6778 1113.48
Thumb: 112.852 141.745 1093.79
Index: 73.0631 140.825 1156.48
Middle: 46.6244 113.266 1190.8
Ring: 12.0354 21.1207 1111.5
Little: -16.7781 32.6467 1113.97
Thumb: 112.544 143.299 1092.62
Index: 72.1978 156.14 1150.54
Middle: 45.8936 114.464 1191.21
Ring: 13.5751 21.0286 1112.69
Little: -15.4502 32.0895 1114.78
Thumb: 77.8966 126.131 1109.53
Index: 72.1506 155.412 1150.39
Middle: 45.8374 113.073 1191.3
Ring: 13.5725 21.029 1112.69
Little: -15.4525 32.0908 1114.78
Thumb: 78.0739 125.928 1109.44
Index: 71.8657 156.476 1150.21
Middle: 45.9141 114.916 1191.25
Ring: 14.265 21.0273 1112.7
Little: -14.8396 31.8767 1114.8
Thumb: 80.181 125.367 1110.12
Index: 73.4883 153.169 1147.68
Middle: 47.7321 114.794 1191.36
Ring: 14.1303 19.7574 1113.5
Little: -14.8106 30.9932 1115.81
Thumb: 81.8202 130.405 1110.45
Index: 74.0748 158.523 1147.52
Middle: 49.2198 118.273 1191.42
Ring: 15.2064 21.7519 1114.76
Little: -13.7925 32.7486 1117.46
Thumb: 85.579 123.676 1114.12
Index: 73.8311 160.405 1139.72
Middle: 49.9914 119.198 1191.5
Ring: 15.7521 22.4119 1114.78
Little: -13.2352 33.417 1117.57
Thumb: 114.492 143.315 1097.14
Index: 76.3617 145.972 1168.01
Middle: 49.4556 117.006 1192.2
Ring: 15.7445 22.3596 1114.94
Little: -13.2493 33.4011 1117.52
Thumb: 119.7 157.377 1091.96
Index: 75.7868 149.718 1155.85
Middle: 49.4956 115.22 1192.6
Ring: 18.1517 27.0457 1124.81
Little: -12.2163 33.4817 1115.55
Thumb: 122.637 158.507 1094.84
Index: 78.8889 149.635 1157.23
Middle: 53.2549 113.909 1191.63
Ring: 21.1144 26.9029 1124.88
Little: -9.63717 32.3628 1115.37
Thumb: 125.401 155.552 1094.58
Index: 81.8652 149.85 1155.95
Middle: 56.2347 112.714 1191.83
Ring: 23.9681 26.8761 1125
Little: -6.84811 31.9453 1114.94
Thumb: 103.023 128.944 1112.86
Index: 84.5546 153.702 1156.28
Middle: 58.5281 112.327 1191.45
Ring: 26.9686 26.7594 1123.51
Little: -2.95224 31.7439 1113.02
Thumb: 68.0376 84.2248 1114.52
Index: 73.5362 116.138 1177.4
Middle: 41.2806 111.984 1194.95
Ring: 16.7934 111.136 1149.17
Little: -42.0725 56.5898 1113.9
Thumb: 70.5332 84.8776 1106.04
Index: 80.3463 119.411 1179.14
Middle: 0.182363 33.3026 1109.32
Ring: 23.8572 119.37 1135.33
Little: -32.569 61.8781 1110.53
