Thumb: 32.9554 91.7207 1121.92
Index: -64.5745 28.1944 1098.23
Middle: -101.42 40.8207 1097.63
Ring: -124.543 62.0639 1082.41
Little: -141.773 103.039 1080.87
Thumb: 37.9757 90.7902 1102.73
Index: -67.2757 30.4511 1095.34
Middle: -98.5527 36.8567 1088.95
Ring: -80.7799 116.484 1156.9
Little: -107.159 136.123 1134.31
Thumb: 29.0219 86.2842 1106.47
Index: -72.0998 29.3941 1094.47
Middle: -102.917 37.3349 1089.96
Ring: -83.5726 117.871 1156.99
Little: -113.511 79.77 1076.13
Thumb: 25.0815 86.0015 1107.47
Index: -76.4438 26.0334 1090.88
Middle: -105.907 36.3876 1092.19
Ring: -85.8061 119.91 1158.54
Little: -117.212 78.5841 1077.72
Thumb: 19.9682 82.5351 1105.53
Index: -80.4147 26.977 1092.41
Middle: -108.408 37.1447 1092.89
Ring: -87.7257 115.29 1160.09
Little: -119.101 78.3176 1080.61
Thumb: 11.9703 81.1683 1102.19
Index: -84.2139 29.0563 1094.81
Middle: -110.401 37.1248 1092.26
Ring: -89.1937 115.6 1161.69
Little: -114.813 133.75 1138.76
Thumb: 7.88271 81.7271 1102.59
Index: -87.5491 31.2063 1094.91
Middle: -110.974 36.7811 1095.8
Ring: -86.1667 115.136 1162.93
Little: -112.934 135.451 1141.85
Thumb: 2.41236 81.7758 1101.22
Index: -91.5101 32.4286 1093.29
Middle: -113.084 39.1115 1097.72
Ring: -126.846 58.1476 1099.45
Little: -112.364 136.228 1141.97
Thumb: 0.391754 81.698 1100
Index: -94.8251 36.372 1094.66
Middle: -115.374 40.7064 1095.49
Ring: -127.294 60.6873 1101.82
Little: -110.604 139.575 1143.34
Thumb: -2.71718 80.0036 1099.29
Index: -97.0672 37.5798 1095.69
Middle: -118.161 42.8436 1097.46
Ring: -128.683 62.2716 1102.58
Little: -109.458 140.881 1143.86
Thumb: -5.57912 78.8979 1100.45
Index: -98.8122 39.3537 1098.63
Middle: -120.626 41.7829 1096.99
Ring: -127.428 62.0177 1106.25
Little: -111.327 138.152 1143.09
Thumb: -8.64215 78.5413 1104.06
Index: -99.0925 39.6233 1100.54
Middle: -122.172 42.8355 1098.77
Ring: -127.503 60.2067 1106.92
Little: -109.663 138.723 1143.75
Thumb: -9.81386 78.4439 1102.84
Index: -97.4033 38.1984 1098.97
Middle: -120.483 42.8797 1099.68
Ring: -125.498 59.3967 1107.13
Little: -108.01 136.802 1143.87
Thumb: -8.18314 80.4259 1104.98
Index: -92.1649 37.9279 1100.13
Middle: -115.189 40.4317 1100.62
Ring: -120.887 59.1796 1108.68
Little: -104.012 136.166 1143.85
Thumb: -5.54967 83.4041 1103.69
Index: -85.3008 37.9053 1099.48
Middle: -108.512 39.4793 1100.44
Ring: -113.578 59.0962 1111.64
Little: -130.291 88.3537 1104.1
Thumb: -2.03382 86.1152 1102.53
Index: -76.4676 37.4723 1099.24
Middle: -100.807 39.8982 1099.51
Ring: -108.268 56.6882 1110.11
Little: -122.972 86.0435 1103.19
Thumb: 3.76107 86.018 1105.54
Index: -69.0647 34.1486 1099.24
Middle: -92.6364 37.5528 1103.11
Ring: -101.207 55.7746 1112.42
Little: -115.142 83.6672 1106.96
Thumb: 9.96631 87.652 1104.99
Index: -59.6191 33.6967 1100.05
Middle: -83.8718 34.9017 1102.51
Ring: -93.3006 52.6287 1111.36
Little: -107.158 78.725 1104.79
Thumb: 17.3959 89.5358 1103.87
Index: -51.0708 33.428 1100.8
Middle: -74.9878 32.525 1102.91
Ring: -87.0152 50.272 1110.23
Little: -102.942 73.4904 1103.88
Thumb: 23.3054 90.8476 1105.82
Index: -41.3051 34.0692 1098.27
Middle: -63.2181 32.8759 1101.72
Ring: -81.1047 45.7083 1104.11
Little: -93.0655 71.7076 1101.8
Thumb: 32.121 95.9075 1109.8
Index: -30.8931 32.9325 1100.78
Middle: -54.7339 29.1586 1104.57
Ring: -71.3971 41.8039 1106.98
Little: -85.2361 67.5189 1107.08
Thumb: 41.2218 92.8267 1108.85
Index: -24.0989 32.9925 1097.2
Middle: -49.7716 27.468 1100.37
Ring: -64.3014 41.5734 1104.32
Little: -76.7908 67.5343 1103.07
Thumb: 46.3577 91.9584 1107.83
Index: -18.2158 31.1771 1098.54
Middle: -44.5461 26.0875 1099.33
Ring: -57.1859 40.9869 1106.22
Little: -72.615 66.0491 1102.24
Thumb: 53.5424 91.7189 1108.47
Index: -12.7639 29.756 1097.83
Middle: -38.0159 25.4465 1098.73
Ring: -51.0693 39.1502 1104.64
Little: -65.3818 62.6227 1098.8
Thumb: 58.6564 88.4284 1107.55
Index: -6.43262 26.5329 1100.47
Middle: -31.5223 21.9309 1099.14
Ring: -45.2122 36.6214 1105.44
Little: -59.3584 59.2368 1098.14
Thumb: 66.9129 86.3207 1106.35
Index: 1.96283 25.7885 1099.61
Middle: -23.9107 19.9289 1096.63
Ring: -38.91 34.0382 1102.92
Little: -52.3034 58.1081 1097.08
Thumb: 75.7206 86.4507 1104.25
Index: 11.8092 24.1201 1099.83
Middle: -15.5568 15.4896 1096.56
Ring: -31.6531 31.1811 1103.64
Little: -48.855 52.3266 1096.78
Thumb: 83.1048 85.1996 1107.19
Index: 20.138 21.6213 1101.99
Middle: -10.357 13.0754 1094.62
Ring: -25.6003 30.6943 1105.72
Little: -42.6442 52.0453 1099.56
Thumb: 93.0558 86.7151 1114.09
Index: 29.7206 19.6722 1103.73
Middle: -3.36868 10.2994 1094.18
Ring: -18.7162 29.1448 1104.55
Little: -38.8445 51.4154 1100.15
Thumb: 100.04 88.6942 1111.91
Index: 38.2955 16.3715 1100.15
Middle: 3.99089 8.31401 1091.99
Ring: -11.189 28.1022 1102.88
Little: -34.4311 49.4201 1101.13
Thumb: 110.683 89.4786 1110.13
Index: 46.7579 16.2705 1100.87
Middle: 10.8139 6.96108 1087.44
Ring: -4.5643 26.665 1101.69
Little: -27.8248 47.5893 1100.84
Thumb: 118.615 90.3629 1108.13
Index: 53.313 14.5041 1098.44
Middle: 17.6901 5.81248 1088.47
Ring: 1.18198 22.5339 1098.35
Little: -21.299 44.471 1099.02
Thumb: 128.136 91.4658 1104.24
Index: 58.3265 11.3665 1093.01
Middle: 24.1142 4.85403 1087.97
Ring: 7.91715 23.0105 1099.68
Little: -15.4595 44.5879 1098.82
Thumb: 133.98 91.7196 1104.63
Index: 63.8916 11.5203 1093.85
Middle: 29.2201 4.63308 1086.87
Ring: 12.8916 22.1861 1095.79
Little: -12.7929 44.1558 1095.61
Thumb: 138.963 89.433 1107.55
Index: 68.4981 11.6179 1096.36
Middle: 32.9016 4.21707 1085.67
Ring: 17.2403 22.6169 1094.89
Little: -7.71907 45.8114 1095.76
Thumb: 143.954 90.5592 1105.38
Index: 73.6052 13.3365 1096.88
Middle: 37.5715 3.98568 1084.82
Ring: 21.2557 21.7821 1091.86
Little: -2.92695 47.1658 1095.72
Thumb: 148.273 96.0336 1107.24
Index: 81.2319 14.5494 1095.62
Middle: 45.8306 3.0832 1080.97
Ring: 29.9735 23.1133 1098.19
Little: 3.70411 45.6031 1098.22
Thumb: 154.23 98.3205 1108.56
Index: 84.7584 14.7897 1095.68
Middle: 49.4828 3.03831 1081.71
Ring: 35.7245 31.2948 1100.03
Little: 9.01167 51.8606 1102.43
Thumb: 157.432 99.6754 1112.31
Index: 86.4367 14.5782 1099.08
Middle: 51.5979 3.5332 1082.63
Ring: 37.3305 31.3602 1097.48
Little: 12.1197 56.9236 1107.47
Thumb: 163.726 100.221 1111.6
Index: 88.3363 12.7417 1097.85
Middle: 53.2368 2.40594 1082.28
Ring: 39.5694 30.1716 1097.17
Little: 21.847 80.3988 1099.71
Thumb: 165.371 98.0145 1113.44
Index: 89.6414 13.4162 1100.96
Middle: 54.3624 2.70666 1082.39
Ring: 63.0208 98.3268 1149.17
Little: 24.091 81.2696 1099.52
Thumb: 165.497 97.8294 1115.13
Index: 95.8079 31.2329 1108.3
Middle: 54.7174 2.01579 1082.17
Ring: 62.3523 96.6914 1154.19
Little: 24.3152 80.8796 1099.64
Thumb: 166.041 97.8328 1115.17
Index: 92.794 25.9545 1109.07
Middle: 53.4696 2.21227 1082.05
Ring: 61.8351 99.3132 1155.83
Little: 39.3399 42.3063 1093.8
Thumb: 166.121 98.9092 1116.11
Index: 89.2873 25.9938 1109.55
Middle: 48.9333 2.7028 1083.35
Ring: 59.9834 98.3173 1158.88
Little: 36.2415 43.2367 1090.55
Thumb: 162.899 98.3427 1117.62
Index: 84.8155 25.642 1108.75
Middle: 44.4503 4.89431 1080.68
Ring: 54.5176 101.178 1160.67
Little: 31.6314 47.2629 1094.31
Thumb: 160.954 98.4782 1115.38
Index: 81.4073 26.6732 1108.29
Middle: 40.4356 6.15037 1082.87
Ring: 49.652 88.2343 1164.99
Little: 29.3164 48.6815 1093.19
Thumb: 155.077 96.7811 1115.31
Index: 77.2145 26.8088 1109.66
Middle: 36.0209 6.45833 1081.56
Ring: 48.1287 94.202 1164.24
Little: 22.3853 46.6074 1089.38
Thumb: 150.689 93.6301 1117.71
Index: 70.9109 26.2857 1107.44
Middle: 29.7594 8.54266 1082.12
Ring: 44.3108 96.7539 1163.64
Little: 18.6205 50.7163 1089.98
Thumb: 146.175 93.9232 1117.81
Index: 65.5917 27.3128 1107.35
Middle: 24.188 10.0345 1082.2
Ring: 39.6766 97.9593 1164.2
Little: 14.2847 51.7991 1090.18
Thumb: 140.789 92.7438 1116.94
Index: 75.8862 61.0794 1103.83
Middle: 16.6678 13.341 1081.03
Ring: 35.6341 102.707 1163.01
Little: 8.72864 51.8056 1077.66
Thumb: 133.25 92.575 1120.65
Index: 68.5684 61.2691 1106.91
Middle: 9.82078 13.9527 1080.68
Ring: 22.3118 96.6402 1163.25
Little: 3.39951 52.673 1081.12
Thumb: 125.029 94.5879 1121
Index: 62.67 62.2954 1107.7
Middle: 4.19469 14.0149 1081.35
Ring: 18.1109 104.02 1163.77
Little: -3.10933 52.3782 1081.63
Thumb: 113.044 96.3877 1123.1
Index: 55.3508 63.1468 1108.76
Middle: -2.67689 15.204 1080.52
Ring: 7.87159 103.677 1162.96
Little: -8.12657 53.3722 1078
Thumb: 105.377 96.0271 1124.18
Index: 50.1473 64.8046 1111.24
Middle: -9.2398 16.8198 1083.31
Ring: 1.54948 101.975 1163.88
Little: -14.2342 54.8413 1082.8
Thumb: 99.4835 96.1745 1127.15
Index: 43.8371 65.216 1114.55
Middle: -15.4371 18.5555 1083.47
Ring: -3.17182 104.345 1167.78
Little: -20.5284 56.904 1085.82
Thumb: 93.7358 94.5878 1130.42
Index: 38.0083 65.3021 1117.54
Middle: -22.3332 20.0691 1088.97
Ring: -5.78559 114.587 1170.28
Little: -27.3371 59.7885 1089.3
Thumb: 89.3939 96.4827 1129.23
Index: 32.1031 65.5948 1118.87
Middle: -27.5993 19.203 1092.53
Ring: -14.1123 113.982 1171.63
Little: -33.2009 58.504 1092.77
Thumb: 85.4978 95.179 1128.55
Index: 17.9871 49.2812 1126.29
Middle: -31.2424 17.7172 1094.9
Ring: -16.7685 115.51 1173.93
Little: -38.9957 58.4789 1092
Thumb: 82.567 96.4739 1139.75
Index: -1.55933 27.8728 1132.24
Middle: -34.3564 17.4116 1098.47
Ring: -29.3114 116.961 1174.05
Little: -43.6172 58.5056 1094.53
Thumb: 69.0172 97.6363 1160.47
Index: -20.623 26.193 1138.69
Middle: -36.5367 16.0086 1100.69
Ring: -45.1335 124.369 1162.03
Little: -47.3933 58.8797 1088.93
Thumb: 27.8129 109.518 1199.43
Index: -39.1937 76.1998 1149.82
Middle: -40.5587 17.8769 1103.74
Ring: -31.1286 26.1072 1102.76
Little: -42.504 58.2056 1075.44
Thumb: 71.9435 204.257 1220.51
Index: -25.3131 98.4878 1150.33
Middle: -44.4424 19.4405 1107.44
Ring: -33.5402 29.6382 1106.94
Little: -32.1229 58.5576 1072.08
Thumb: 66.4428 179.196 1216.35
Index: -29.5156 91.7832 1137.49
Middle: -47.3238 24.8597 1110.87
Ring: -37.9424 35.4789 1109.28
Little: -31.25 60.1712 1071.85
Thumb: 59.4419 174.32 1217.86
Index: -51.3605 35.9762 1115.1
Middle: -54.6553 23.9084 1111.89
Ring: -44.6323 34.1764 1111.7
Little: -42.0745 61.614 1074.68
Thumb: 46.8206 167.03 1229.63
Index: -59.9186 47.1946 1108.41
Middle: -57.7646 27.5608 1112.74
Ring: -47.881 37.6099 1110.23
Little: -42.3825 63.4848 1073.5
Thumb: -68.7141 155.766 1191.78
Index: -67.6733 52.0089 1110.57
Middle: -60.5216 28.5651 1109.04
Ring: -59.5044 40.8874 1088.69
Little: -44.0396 64.6061 1072.26
Thumb: -77.9719 160.842 1185.69
Index: -79.0829 56.6576 1147
Middle: -60.7407 29.7998 1111.7
Ring: -57.9522 40.1092 1091.59
Little: -37.0727 60.6362 1072.07
Thumb: -83.478 167.383 1176.12
Index: -84.6644 64.4575 1147.09
Middle: -63.9759 34.8334 1110.35
Ring: -53.2115 40.6427 1089.13
Little: -43.9853 65.45 1088.24
Thumb: 91.0062 143.206 1119.12
Index: 50.9407 90.6704 1140.41
Middle: 29.8608 125.029 1147.28
Ring: -63.5635 35.0516 1129.37
Little: -79.3229 62.2007 1147.7
Thumb: 61.9023 121.874 1109.43
Index: 47.4362 120.899 1130.36
Middle: -67.481 30.4158 1123.62
Ring: -70.0157 35.1684 1126.21
Little: -87.9453 61.6438 1143.42
Thumb: 42.9441 112.794 1111.18
Index: 45.1201 120.513 1139.23
Middle: -71.585 33.8967 1123.84
Ring: -73.8742 38.4249 1125.66
Little: -93.0528 65.8399 1139.75
Thumb: 78.9673 124.017 1091.04
Index: -48.0658 37.3916 1107.94
Middle: -75.3494 32.7883 1121.02
Ring: -78.6394 38.0532 1123.21
Little: -98.274 65.8164 1135.91
Thumb: 80.0231 141.794 1090.57
Index: -48.6453 37.9394 1107.52
Middle: -74.7092 38.6588 1131.73
Ring: -79.2044 37.8302 1119.94
Little: -100.442 65.5139 1131
Thumb: 57.9233 115.25 1115.88
Index: -49.6496 38.8399 1108.33
Middle: -77.5007 39.9227 1130.45
Ring: -80.85 39.1586 1119
Little: -93.0117 79.2265 1141.1
Thumb: 39.9047 114.232 1116.52
Index: -50.569 38.4664 1109.48
Middle: -79.3334 40.1702 1130.36
Ring: -80.8802 38.337 1118.05
Little: -94.8455 79.8261 1138.43
Thumb: 44.6381 110.122 1116.61
Index: -52.6209 38.2887 1114.71
Middle: -83.0714 41.3295 1131.01
Ring: -83.7209 38.5086 1117.82
Little: -98.7403 80.1598 1136.03
Thumb: 40.15 111.658 1119.79
Index: -50.3105 41.6474 1122.99
Middle: -84.4494 42.5179 1131.05
Ring: -84.8118 38.5803 1116.86
Little: -100.314 81.439 1133.99
Thumb: 41.8167 118.033 1123.79
Index: -52.4136 41.8106 1123.22
Middle: -27.3834 112.591 1178.92
Ring: -84.5375 38.1793 1115.11
Little: -101.383 81.9101 1130.57
Thumb: 26.3193 115.683 1125.72
Index: -54.1744 43.8414 1124.26
Middle: -30.6623 115.516 1181.84
Ring: -85.6564 39.7629 1114.96
Little: -103.595 82.8316 1128.79
Thumb: 34.7421 113.992 1123.6
Index: -57.4461 43.2879 1122.34
Middle: -36.1711 115.333 1193.88
Ring: -87.553 40.4905 1112.88
Little: -105.421 84.4755 1124.8
Thumb: 37.9325 119.002 1122.11
Index: -57.4565 44.0599 1119.06
Middle: -38.0591 115.624 1190.48
Ring: -88.0541 40.6283 1108.73
Little: -107.026 82.6339 1120.57
Thumb: 39.9222 120.862 1120.82
Index: -57.8799 44.4308 1117.89
Middle: -40.9561 118.068 1188.31
Ring: -88.1097 40.7252 1106.6
Little: -107.167 84.0773 1116.89
Thumb: 57.8179 118.121 1120.88
Index: -57.7976 44.5763 1114.39
Middle: -43.2479 117.272 1185.43
Ring: -88.1171 40.8279 1101.91
Little: -108.206 81.4318 1111.6
Thumb: 45.0365 120.756 1116.73
Index: -57.733 44.6907 1111.66
Middle: -42.1243 119.316 1182.53
Ring: -88.241 40.6946 1098.3
Little: -108.525 81.2166 1108.08
Thumb: 30.6211 118.949 1117.99
Index: -56.7885 45.8667 1110.06
Middle: -40.9207 121.364 1180.83
Ring: -87.1758 41.9265 1096.43
Little: -107.51 82.222 1105.96
Thumb: 37.5285 121.222 1114.87
Index: -56.1684 45.6947 1106.68
Middle: -42.4509 116.777 1179.16
Ring: -86.3825 41.7243 1093.13
Little: -106.33 83.4442 1103.92
Thumb: 41.0098 123.634 1113.42
Index: -55.3851 45.8922 1105.71
Middle: -41.2369 116.391 1177.83
Ring: -85.7238 41.7633 1092.57
Little: -105.514 83.7949 1103.64
Thumb: 45.2594 123.438 1114.32
Index: -54.6665 47.4373 1106.41
Middle: -38.7382 117.337 1176.58
Ring: -85.5485 42.9698 1092.42
Little: -104.758 84.4415 1103.06
Thumb: 70.2563 120.187 1108.79
Index: -53.6166 48.1148 1106.25
Middle: -37.5506 117.435 1175.86
Ring: -84.7854 43.4025 1091.67
Little: -103.466 85.6014 1102.36
Thumb: 74.6024 123.604 1103.13
Index: -50.8027 47.5095 1106.6
Middle: -35.3904 119.072 1175.85
Ring: -81.7368 42.4921 1093.47
Little: -101.552 84.2271 1104
Thumb: 82.1081 131.08 1095.86
Index: -47.4651 48.3058 1107.41
Middle: -32.3575 120.788 1176.19
Ring: -79.4267 43.3049 1095
Little: -99.8165 84.2797 1105.84
Thumb: 85.048 136.783 1096.16
Index: -43.8003 48.5384 1109.96
Middle: -29.995 121.967 1177.32
Ring: -76.1462 42.4398 1097.52
Little: -97.0461 83.6452 1108.01
Thumb: 8.43394 85.6453 1089.59
Index: -41.2644 49.4591 1111.77
Middle: -28.069 122.783 1178.73
Ring: -72.8616 42.2815 1100.06
Little: -94.2101 83.5847 1109.45
Thumb: 10.0515 89.5325 1092.36
Index: -36.7221 49.0212 1113.11
Middle: -24.4412 122.797 1180.3
Ring: -69.001 41.4909 1101.42
Little: -91.591 81.0211 1112.47
Thumb: 12.1573 90.653 1093.96
Index: -31.992 47.5921 1114.86
Middle: -21.9666 123.813 1181.72
Ring: -64.82 40.0109 1104.52
Little: -88.5534 79.2747 1115.67
Thumb: 16.1525 90.6215 1094.75
Index: -27.7867 49.5035 1119.08
Middle: -20.047 122.692 1183.27
Ring: -59.2596 37.4537 1106.85
Little: -83.8757 78.8924 1117.46
Thumb: 19.2503 91.4114 1096.69
Index: -22.3235 49.1438 1120.08
Middle: -15.8189 120.536 1184.77
Ring: -53.7085 36.5844 1108.58
Little: -78.9785 77.5934 1119.75
Thumb: 23.614 90.6943 1097.4
Index: -18.7344 44.9368 1118.77
Middle: -10.8934 119.892 1186.43
Ring: -48.8346 34.8262 1109.83
Little: -75.0029 72.0288 1121.48
Thumb: 30.2256 87.1271 1100.65
Index: -12.1839 45.6471 1124.39
Middle: -3.2113 117.903 1189.39
Ring: -44.8676 33.219 1112.4
Little: -69.7447 71.4409 1124.37
Thumb: 36.7424 84.4382 1102.38
Index: -5.53301 39.6432 1123
Middle: 5.85859 112.235 1190.77
Ring: -37.4646 28.7721 1113.35
Little: -62.258 67.1772 1127.24
Thumb: 42.5906 85.8459 1103.59
Index: 1.83357 39.8272 1123.83
Middle: 9.64847 112.516 1191.98
Ring: -29.6988 27.97 1113.58
Little: -55.9248 65.2625 1127.1
Thumb: 49.3071 84.6584 1103.95
Index: 7.85752 39.2995 1125.85
Middle: 13.2783 112.472 1192.88
Ring: -22.2904 26.5978 1114.41
Little: -49.629 63.2871 1126.66
Thumb: 55.6998 83.194 1103.75
Index: 16.3336 39.3454 1127.59
Middle: 20.6719 110.038 1193.19
Ring: -16.0757 24.1133 1115.22
Little: -43.2554 60.3739 1128.5
Thumb: 61.981 83.3096 1105.17
Index: 23.733 35.2611 1126.12
Middle: 26.5786 110.241 1193.66
Ring: -7.70985 22.3934 1116.24
Little: -35.7341 57.8249 1128.44
Thumb: 68.1868 83.5941 1104.19
Index: 30.4074 34.7978 1124.29
Middle: 32.6407 108.92 1193.17
Ring: -0.667666 21.9901 1114.31
Little: -29.1024 57.0401 1127.04
Thumb: 74.0334 85.2061 1102.85
Index: 37.8612 34.4323 1122.72
Middle: 38.2368 110.071 1192.06
Ring: 5.90938 21.5973 1114.18
Little: -22.7702 57.3623 1126.74
Thumb: 80.48 84.692 1102.81
Index: 46.8803 33.9689 1122.94
Middle: 47.0482 108.82 1191.86
Ring: 15.1344 19.8769 1114.31
Little: -14.2263 54.1126 1127.69
Thumb: 86.2824 87.0932 1102.65
Index: 53.9839 35.4071 1122.76
Middle: 50.0625 109.126 1191.97
Ring: 22.0967 19.9223 1113.01
Little: -8.32722 55.1297 1126.07
Thumb: 91.1361 90.1331 1101.74
Index: 60.6022 37.768 1120.42
Middle: 57.4129 109.814 1190.67
Ring: 30.8367 21.5333 1110.83
Little: -0.81887 55.94 1125.55
Thumb: 98.8793 89.0154 1103.75
Index: 66.5499 37.265 1124.36
Middle: 64.547 109.842 1193.72
Ring: 34.5421 21.2628 1114.92
Little: 3.68828 43.5122 1123.44
Thumb: 105.331 88.4605 1102.53
Index: 70.8393 36.5074 1124.59
Middle: 69.2991 110.313 1193.86
Ring: 40.2898 21.4325 1115.39
Little: 9.66167 51.102 1128.39
Thumb: 110.38 87.4502 1104.23
Index: 74.4701 30.8132 1112.2
Middle: 71.6328 110.441 1193.37
Ring: 46.2597 21.2758 1113.97
Little: 15.1439 52.1697 1125.91
Thumb: 114.621 86.4029 1103.92
Index: 77.3204 29.7844 1112.62
Middle: 77.0698 109.592 1193.59
Ring: 49.2133 20.8843 1114.8
Little: 18.822 54.7848 1127.4
Thumb: 114.709 84.2295 1100.45
Index: 76.4368 29.3431 1113.87
Middle: 82.5441 109.746 1194.09
Ring: 48.7116 21.1215 1117.49
Little: 19.6579 55.4597 1131.35
Thumb: 110.978 84.2509 1096.94
Index: 75.0172 30.5181 1114.72
Middle: 94.1259 110.845 1193.26
Ring: 49.9647 22.9083 1121.53
Little: 23.1992 59.904 1139.5
Thumb: 108.168 79.9699 1088.82
Index: 123.274 83.3742 1171.98
Middle: 104.362 107.521 1192.24
Ring: 45.2351 25.325 1125.02
Little: 25.2956 66.9925 1147.52
Thumb: 104.565 78.4854 1091.83
Index: 108.654 63.8806 1169.13
Middle: 61.0337 15.4889 1123.02
Ring: 42.6821 26.2191 1130.23
Little: 26.8873 69.4427 1154.83
Thumb: 95.8835 79.3442 1087.57
Index: 151.476 110.184 1148.76
Middle: 53.1426 21.1127 1128.17
Ring: 39.3468 32.7342 1137.28
Little: 31.6409 74.4307 1161.96
Thumb: 90.9024 83.6904 1086.23
Index: 155.686 109.584 1142.59
Middle: 37.8294 36.6332 1145.54
Ring: 40.2435 37.7189 1143.33
Little: 37.5949 78.4638 1167.82
Thumb: 89.9147 85.932 1085.3
Index: 154.824 105.561 1142.84
Middle: 38.5053 39.0345 1147.58
Ring: 40.9043 40.0719 1145.17
Little: 25.7824 67.8417 1163.91
Thumb: 87.6832 88.8307 1086.16
Index: 158.38 117.051 1129.34
Middle: 40.5643 40.7654 1146.74
Ring: 42.9309 41.7888 1144.08
Little: 35.2307 69.338 1169.2
Thumb: 85.8675 91.5822 1086
Index: 158.034 115.313 1131.33
Middle: 43.3931 42.1223 1150.05
Ring: 46.5264 42.7554 1146.08
Little: 41.2102 69.8293 1171.54
Thumb: 84.899 93.6628 1086.95
Index: 157.091 109.704 1134.46
Middle: 43.568 43.6687 1150.15
Ring: 47.5584 43.8999 1144.78
Little: 61.4498 88.9928 1176.47
Thumb: 83.7041 94.8505 1087.55
Index: 155.411 106.875 1135.43
Middle: 43.2473 43.2792 1149.03
Ring: 49.372 42.8501 1140.5
Little: 89.1908 132.528 1189.2
Thumb: 81.4605 98.0173 1084.31
Index: 155.799 106.003 1130.43
Middle: 44.0476 42.7241 1142.93
Ring: 48.1679 44.1246 1137.03
Little: 92.1251 133.818 1187.4
Thumb: 79.264 102.574 1083.56
Index: 156.495 119.358 1120.21
Middle: 44.3012 42.916 1136.48
Ring: 46.6431 45.3481 1133.49
Little: 85.7842 136.442 1189.42
Thumb: 76.7849 103.031 1083.81
Index: 157.313 110.855 1121.88
Middle: 43.3713 43.1309 1137.24
Ring: 45.4725 45.5953 1134.54
Little: 91.2736 134.856 1191.45
Thumb: 76.1527 104.397 1085.48
Index: 156.057 105.424 1124
Middle: 44.6 42.6684 1134.52
Ring: 45.026 47.0992 1135.67
Little: 87.673 141.615 1191.78
Thumb: 76.0912 103.214 1087.9
Index: 156.125 103.838 1125.37
Middle: 44.2191 42.3021 1137.51
Ring: 46.8927 46.2722 1134.32
Little: 89.8196 140.586 1193.87
Thumb: 76.6668 106.116 1087.52
Index: 156.5 119.279 1118.06
Middle: 45.5505 43.998 1136.82
Ring: 47.5844 48.4523 1135.05
Little: 91.6572 141.612 1195.26
Thumb: 76.1745 106.46 1088.07
Index: 157.549 116.324 1120.44
Middle: 45.1789 44.3357 1137.63
Ring: 51.4025 47.9412 1137.36
Little: 90.4188 142.995 1195.51
Thumb: 75.5015 106.52 1088.02
Index: 157.358 114.886 1120.09
Middle: 43.8961 45.3173 1139.57
Ring: 54.9151 47.9701 1138.1
Little: 89.6171 144.477 1194.97
Thumb: 74.6464 106.249 1090.12
Index: 154.943 104.258 1124.58
Middle: 42.8277 45.2013 1137.83
Ring: 53.805 48.7582 1138.87
Little: 89.687 145.027 1194.95
Thumb: 75.4278 105.667 1090.76
Index: 154.506 104.305 1127.53
Middle: 42.55 45.0286 1138.48
Ring: 53.275 48.6687 1139.43
Little: 89.9336 143.514 1196.46
Thumb: 75.9656 104.726 1088.95
Index: 155.8 116.737 1123.16
Middle: 45.791 43.0529 1141.32
Ring: 39.9406 49.7948 1142.62
Little: 86.9432 142.923 1197.21
Thumb: 75.0872 100.831 1088.57
Index: 138.508 138.305 1102.6
Middle: 42.836 41.4394 1145.37
Ring: 38.1724 47.1373 1144.7
Little: 88.554 137 1198.55
Thumb: 75.5943 100.255 1088.03
Index: 131.015 139.999 1100.94
Middle: 40.6199 42.2878 1147.47
Ring: 36.4102 47.1744 1144.68
Little: 89.4281 132.265 1199.66
Thumb: 74.3589 99.1327 1090.88
Index: 140.056 135.618 1110.45
Middle: 36.3619 42.1417 1148.85
Ring: 32.1422 47.0215 1145.66
Little: 83.5327 132.21 1202.13
Thumb: 71.3927 97.0052 1092.06
Index: 145.614 125.581 1124.72
Middle: 31.0526 40.9516 1148.4
Ring: 27.8109 45.7108 1145.75
Little: 81.3432 132.22 1197.01
Thumb: 71.0383 97.5552 1096.77
Index: 127.019 137.496 1111.14
Middle: 30.0283 41.1027 1147.84
Ring: 23.8864 46.9929 1148.37
Little: 73.4614 128.761 1203.05
Thumb: 70.2192 96.133 1097.77
Index: 127.872 136.625 1113.63
Middle: 29.2985 40.6033 1151.75
Ring: 22.3148 46.5494 1151.97
Little: 72.2137 126.82 1203.76
Thumb: 68.546 93.9262 1100.1
Index: 121.583 136.338 1112.6
Middle: 29.1006 38.306 1152.46
Ring: 20.6498 45.0543 1152.78
Little: 66.235 127.374 1204.84
Thumb: 69.7021 92.189 1101.47
Index: 117.237 136.586 1111.94
Middle: 26.0565 36.259 1146.04
Ring: 24.3604 42.3967 1148.86
Little: 62.3865 126.497 1204.57
Thumb: 61.245 87.8593 1098.64
Index: 116.445 126.551 1118.59
Middle: 25.1068 31.6033 1129.89
Ring: 28.433 44.8074 1129.76
Little: 50.6505 127.713 1204.23
Thumb: 58.3786 87.9228 1096.98
Index: 24.7735 43.9742 1125.39
Middle: 17.8317 32.7836 1128.62
Ring: 25.7125 44.2643 1124.82
Little: 47.3991 125.461 1200.98
Thumb: 55.3883 89.1419 1094.09
Index: 24.4045 42.4716 1119.87
Middle: 14.3749 33.1774 1126.1
Ring: 24.0977 44.0228 1120.49
Little: 44.6422 123.076 1198.65
Thumb: 52.9843 89.3079 1091.76
Index: 21.955 42.8684 1118.18
Middle: 13.7218 32.6865 1122.91
Ring: 24.9512 43.4645 1122.04
Little: 44.2416 122.537 1196.7
Thumb: 51.4554 88.5094 1090.55
Index: 20.212 42.03 1115.5
Middle: 11.7876 32.9214 1120.35
Ring: 18.828 44.7495 1117.32
Little: 41.9229 125.366 1194.32
Thumb: 49.4947 88.2862 1088.59
Index: 16.8428 43.28 1114.22
Middle: 7.44002 34.6048 1119.98
Ring: 20.7918 44.6939 1121.76
Little: 40.7406 125.242 1192.16
Thumb: 44.1037 84.1875 1091
Index: 9.56598 41.9748 1117.24
Middle: -5.03405 36.8737 1127.63
Ring: 15.2873 43.0235 1126.37
Little: 36.1863 125.725 1191.33
Thumb: 41.3705 84.3514 1091.68
Index: 5.77629 44.0881 1119.81
Middle: -10.5917 42.756 1140.12
Ring: 13.0394 43.2844 1126.99
Little: 34.3301 127.271 1190.08
Thumb: 33.7815 81.0604 1093.38
Index: -4.36696 45.1914 1121.71
Middle: 3.54636 63.7197 1150.66
Ring: 3.16813 44.0059 1129.36
Little: 29.4652 125.713 1186.03
Thumb: 28.1979 79.5496 1096.61
Index: -11.035 48.4181 1126.3
Middle: -6.59554 69.5842 1154.15
Ring: -10.7701 53.3545 1152.15
Little: 25.1633 120.2 1181.77
Thumb: 24.7764 78.5385 1096.6
Index: -16.4713 52.3676 1128.13
Middle: -11.4316 74.5659 1155.7
Ring: -19.2982 53.2358 1145.04
Little: 18.9352 116.936 1177
Thumb: 24.8097 79.1123 1096.29
Index: -18.0567 54.161 1125.72
Middle: -11.8915 76.2288 1153.16
Ring: -26.2458 58.9463 1144.5
Little: 12.8218 107.292 1170.95
Thumb: 23.5015 78.8706 1095.27
Index: -20.798 55.6527 1124.46
Middle: -14.161 77.5196 1151.86
Ring: -26.3612 54.143 1128.55
Little: 8.2839 104.85 1168.18
Thumb: 23.307 79.3517 1093.92
Index: -21.7138 56.9888 1124.33
Middle: -14.8226 78.2406 1151.7
Ring: -24.3384 53.461 1125.76
Little: 4.9537 102.538 1167.08
Thumb: 21.6758 79.3164 1093.35
Index: -24.0581 58.0015 1124.12
Middle: -17.5551 79.6414 1151.51
Ring: -26.6241 54.5146 1125.86
Little: 2.08719 103.607 1166.89
Thumb: 20.6034 78.8188 1094.36
Index: -24.4905 57.6074 1121.9
Middle: -18.4314 78.8179 1149.9
Ring: -29.7103 55.6564 1125.61
Little: 0.53079 102.395 1165.63
Thumb: 17.9504 77.0403 1091.25
Index: -25.5668 57.697 1120.4
Middle: -19.6649 78.7302 1148.7
Ring: -31.6388 56.2313 1124.92
Little: 0.999435 103.848 1165.91
Thumb: 17.5435 77.9069 1089.77
Index: -25.7244 57.6301 1118.45
Middle: -19.6307 78.3161 1146.96
Ring: -31.1599 55.6748 1122.51
Little: -0.102219 102.354 1163.45
Thumb: 15.8831 77.6416 1088.41
Index: -26.8503 57.9951 1119.44
Middle: -20.6603 78.3292 1147.28
Ring: -31.3445 55.5067 1122.7
Little: -2.01652 103.079 1162.94
Thumb: 15.8011 78.3841 1086.58
Index: -25.1157 56.6338 1118.69
Middle: -42.4439 62.8671 1140.88
Ring: -30.6852 54.3114 1120.93
Little: -1.52914 101.92 1162.28
Thumb: 15.2492 77.8844 1084.89
Index: -24.0266 53.7877 1116.44
Middle: -42.6865 58.6229 1137.37
Ring: -31.0628 51.7529 1117.82
Little: -0.86729 99.8348 1161.99
Thumb: 14.8928 78.8275 1082.2
Index: -21.9601 47.1696 1111.21
Middle: -40.3492 49.0801 1136.74
Ring: -29.6472 44.6619 1117.59
Little: 6.22412 100.823 1171.15
Thumb: 14.0133 78.5361 1079.1
Index: -17.7364 43.4891 1111.3
Middle: -37.107 39.5454 1123.7
Ring: -18.9206 41.2557 1107.28
Little: 11.4382 120.619 1178.1
Thumb: 14.0134 77.7373 1078.62
Index: -19.4871 41.7389 1107.19
Middle: -17.9792 44.155 1132.76
Ring: -17.5584 40.7517 1105.84
Little: 11.6532 121.202 1177.97
Thumb: 16.6003 76.8377 1077.73
Index: -18.7589 41.7734 1106.7
Middle: -15.2059 43.1354 1130.56
Ring: -15.5446 40.3858 1106.52
Little: 11.0783 119.539 1177.22
Thumb: 16.7429 76.1383 1076.87
Index: -17.1809 40.0182 1105.79
Middle: -12.7807 40.86 1129.18
Ring: -13.5139 38.2632 1105.24
Little: 12.0953 117.795 1176.44
Thumb: 16.9145 74.6327 1076.2
Index: -16.4261 37.4945 1103.98
Middle: -11.1279 39.1721 1127.19
Ring: -10.7969 37.0005 1107.47
Little: 11.4184 115.832 1175.4
Thumb: 15.8874 74.2205 1074.76
Index: -15.91 35.952 1101.54
Middle: -15.6204 33.0931 1122.69
Ring: -10.7716 35.498 1104.5
Little: -4.93417 150.361 1155.77
Thumb: 19.8776 75.2254 1074.95
Index: -12.0189 35.9862 1099.78
Middle: -11.7545 29.547 1118.59
Ring: -6.04869 34.6638 1101.91
Little: -14.6584 142.214 1145.46
Thumb: 20.0255 75.1301 1074.19
Index: -12.0068 32.1043 1103.56
Middle: -5.00378 27.8849 1122.09
Ring: -9.64583 30.2419 1100.97
Little: -14.3624 137.741 1147.39
Thumb: 22.6861 73.3694 1075.74
Index: -10.5706 32.3808 1106.95
Middle: -21.5327 38.4769 1140.29
Ring: -6.29648 28.0431 1102.41
Little: -13.5047 138.44 1148.04
Thumb: 27.0613 76.8039 1074.02
Index: -3.66566 33.512 1107.79
Middle: -19.0298 36.2986 1139.77
Ring: 1.12207 29.5234 1102.98
Little: -11.4942 140.449 1152.12
Thumb: 33.0583 78.7606 1074.53
Index: 3.98634 33.3645 1105.08
Middle: 0.297659 21.5188 1119.14
Ring: 9.19506 29.766 1099.91
Little: -7.94401 100.28 1143.07
Thumb: 37.0419 76.8983 1078.64
Index: 6.83744 31.8659 1108.59
Middle: 7.00477 24.2762 1127.62
Ring: 5.07857 27.2933 1109.71
Little: -8.71754 99.2367 1145.64
Thumb: 42.6399 76.2383 1086.25
Index: 9.12448 32.4214 1115.26
Middle: 8.76611 16.2308 1115.83
Ring: 0.585304 28.0793 1121.01
Little: -12.5339 103.794 1147.91
Thumb: 45.3736 74.9594 1100.52
Index: 8.03587 30.9619 1119.59
Middle: 12.0571 13.9049 1118.2
Ring: -0.265521 26.5885 1124.02
Little: -18.0294 101.436 1147.21
Thumb: 47.5164 77.6067 1107.78
Index: 13.5852 35.6374 1131.64
Middle: 17.2487 15.7927 1118.9
Ring: 4.97065 38.0208 1138.62
Little: -21.1743 102.421 1146.33
Thumb: 10.7181 190.594 1188.23
Index: 13.1839 38.721 1141.62
Middle: 16.8812 16.8627 1126.67
Ring: 1.57742 37.8317 1143.46
Little: -25.0418 104.434 1146.92
Thumb: 23.5817 86.3417 1125.21
Index: 19.1103 48.4636 1153.42
Middle: 41.3945 107.405 1203.17
Ring: -1.80636 36.9822 1143.95
Little: -27.9362 105.258 1145.89
Thumb: 24.8248 84.4554 1126.19
Index: 20.126 48.8869 1155.45
Middle: 37.2093 101.242 1206.63
Ring: -7.11268 28.7471 1133.2
Little: -29.2402 103.058 1146.22
Thumb: 25.7732 80.5338 1126.1
Index: 19.6652 48.7179 1155.83
Middle: 32.6559 103.066 1207.62
Ring: -8.92393 26.7782 1130.26
Little: -30.6225 101.013 1143.5
Thumb: 26.2819 76.0201 1125.12
Index: 16.7548 43.1609 1153.27
Middle: 32.3776 101.459 1207.08
Ring: -10.6487 23.9191 1127.99
Little: -35.0946 69.0545 1144.42
Thumb: 24.1527 75.7537 1127.23
Index: 18.0808 40.9835 1148.73
Middle: 33.099 94.874 1204.92
Ring: -11.1303 21.7508 1122.27
Little: -35.1161 66.034 1141.16
Thumb: 25.2808 70.7876 1122.08
Index: 17.3788 38.526 1146.71
Middle: 28.0348 87.9101 1202.75
Ring: -13.259 17.4388 1116.41
Little: -37.6279 61.4612 1135.47
Thumb: 23.1981 69.2511 1119.5
Index: 18.329 36.4921 1140.53
Middle: 28.2498 79.5233 1198.27
Ring: -14.4326 16.1919 1107.25
Little: -38.5261 58.3541 1129.28
Thumb: 22.1116 66.5848 1111.87
Index: 16.7091 32.0061 1133.38
Middle: 25.1778 70.617 1193.66
Ring: -15.0111 13.9081 1097.47
Little: -39.5185 54.8945 1122.46
Thumb: 21.7277 66.3783 1105.89
Index: 16.1281 30.8783 1126.41
Middle: 34.3257 84.3746 1182.12
Ring: -15.1052 14.174 1088.98
Little: -40.5672 53.4305 1115.83
Thumb: 20.7991 66.9589 1100.04
Index: 18.6279 32.4266 1122.23
Middle: 35.2629 86.1475 1173.77
Ring: -16.161 15.4403 1081.42
Little: -44.2778 43.5532 1093.3
Thumb: 20.9127 66.454 1096.07
Index: 21.8256 37.5265 1118.22
Middle: 36.5802 86.7294 1168.28
Ring: -14.4909 18.9272 1094.14
Little: -45.3125 43.933 1089.2
Thumb: 20.6136 67.6904 1094.27
Index: 21.1523 38.283 1117.17
Middle: 36.7239 88.8063 1164.52
Ring: -16.6078 16.182 1082.37
Little: -45.6995 44.7826 1087.53
Thumb: 19.881 67.8719 1092.56
Index: 20.4198 38.2615 1115.52
Middle: 38.467 86.5597 1170.36
Ring: -15.7648 21.7034 1093.42
Little: -46.7322 45.4088 1086.7
Thumb: 19.2401 68.8387 1089.36
Index: 20.145 38.3723 1112.1
Middle: 39.0247 88.9292 1162.93
Ring: -15.2104 22.4189 1088.77
Little: -46.3983 46.395 1082.85
Thumb: 18.2391 69.3522 1087.42
Index: 20.4631 39.5892 1109.32
Middle: 35.3009 91.3634 1158.85
Ring: -15.8456 22.6659 1086.43
Little: -43.6755 54.4407 1099.9
Thumb: 16.1772 69.6067 1084.9
Index: 18.77 38.6301 1106.95
Middle: 33.4376 93.5736 1148.92
Ring: -19.133 19.8639 1064.93
Little: -43.8161 54.8914 1098.95
Thumb: 15.5226 69.3496 1082.15
Index: 18.4403 38.8869 1105.24
Middle: 28.7878 96.8971 1147.81
Ring: -18.4445 18.8157 1064.42
Little: -44.2083 53.6081 1097.63
Thumb: 12.5258 69.006 1079.39
Index: 14.854 37.0841 1098.4
Middle: 24.9924 95.6455 1141.18
Ring: -18.3962 18.9933 1058.51
Little: -44.9125 52.3783 1093.82
Thumb: 11.4032 69.6571 1077.76
Index: 11.4229 36.1494 1098.04
Middle: 22.8243 97.239 1143.46
Ring: -20.7749 18.9338 1059.63
Little: -46.6078 53.784 1094.45
Thumb: 11.6536 69.5906 1072.81
Index: 2.27005 27.1019 1088.75
Middle: 22.2329 93.7661 1149.4
Ring: -20.3119 18.1712 1066.24
Little: -44.4827 53.7366 1094.7
Thumb: 10.2838 69.3614 1071.1
Index: 1.25884 26.6991 1089.11
Middle: 22.6389 92.1562 1150.95
Ring: -24.2345 18.4537 1059.7
Little: -41.7637 53.8481 1093.98
Thumb: 7.76129 71.1821 1072.73
Index: -1.47376 26.325 1089.22
Middle: 13.6699 110.965 1123.91
Ring: -23.267 19.3626 1059.58
Little: -42.4598 55.3735 1094.41
Thumb: 8.62518 71.0985 1071.13
Index: -1.43398 27.208 1089.88
Middle: 18.5458 95.4896 1147.29
Ring: -21.639 19.3888 1060.24
Little: -43.9013 56.0512 1092.86
Thumb: 8.53962 70.7748 1072.55
Index: 0.985721 29.8728 1090.94
Middle: 17.1073 94.5509 1147.5
Ring: -20.7872 20.0969 1057.45
Little: -44.1438 56.2941 1091.29
Thumb: 7.64162 70.768 1072.37
Index: 1.63683 31.2097 1092.43
Middle: 13.3713 97.1878 1146.11
Ring: -20.4372 19.7626 1058.9
Little: -44.9345 56.2786 1091.35
Thumb: 5.97327 71.975 1073.79
Index: -1.42709 30.7615 1093.95
Middle: 12.3175 96.5754 1148.19
Ring: -22.4388 20.9016 1058.01
Little: -46.2612 57.7938 1092.08
Thumb: 4.43349 72.1741 1079.68
Index: -4.68663 31.0806 1098.79
Middle: 23.0792 91.0407 1148.07
Ring: -25.1445 20.3701 1062.92
Little: -47.8295 59.6301 1095.17
Thumb: 3.28305 71.8768 1083.78
Index: -27.3999 24.4148 1068.34
Middle: 23.7907 90.3457 1146.2
Ring: -24.2925 20.2031 1066.68
Little: -49.6817 59.6889 1099.48
Thumb: 3.884 71.0402 1088.68
Index: -30.7104 25.1128 1077.81
Middle: 21.5963 92.6708 1153.76
Ring: -25.9511 20.8438 1075.67
Little: -50.7381 62.6074 1107.19
Thumb: 5.76982 69.5594 1096.85
Index: -31.189 25.504 1086.49
Middle: 22.6069 89.0916 1161.3
Ring: -25.0075 21.268 1083.99
Little: -50.5039 63.1688 1116.14
Thumb: 2.13575 71.1688 1104.77
Index: -33.6672 25.261 1097.87
Middle: 24.7939 87.751 1168.36
Ring: -30.8761 20.9163 1095.66
Little: -50.5713 62.5281 1127.79
Thumb: 0.863375 74.3715 1120.69
Index: -37.3094 27.151 1112.78
Middle: 20.8098 85.9932 1177.75
Ring: -34.5993 22.2287 1114.05
Little: -56.5985 56.5938 1125.26
Thumb: -1.1391 76.2596 1129.71
Index: -40.8752 29.2065 1127.18
Middle: -38.4503 37.8094 1151.77
Ring: -36.0473 23.9993 1124.23
Little: -57.5862 60.2531 1139.49
Thumb: -1.75169 76.2387 1134.93
Index: -41.8246 33.4337 1137.61
Middle: -37.8561 43.9435 1162.87
Ring: -37.0862 27.8895 1133.92
Little: -50.8475 64.6568 1159.39
Thumb: 1.95507 78.4687 1138.99
Index: -38.2466 36.6121 1144.41
Middle: -33.0288 47.9153 1170.51
Ring: -33.485 30.9496 1140.93
Little: -43.8409 68.866 1170.64
Thumb: 4.85261 79.583 1146.41
Index: -36.0086 41.7988 1153.71
Middle: -27.7386 50.4236 1175.6
Ring: -29.5522 35.504 1153.66
Little: -40.1693 75.522 1177.8
Thumb: 8.68134 83.7552 1151.01
Index: -30.6854 45.2028 1160.34
Middle: -21.7343 53.3936 1181
Ring: -22.8001 39.6315 1166.12
Little: -36.8683 79.8691 1182.14
Thumb: 11.5959 86.9486 1156
Index: -26.9106 49.4856 1169.88
Middle: -17.934 57.4756 1186.55
Ring: -19.7418 43.6254 1172.34
Little: -34.3625 84.7385 1185.88
Thumb: 16.063 89.8545 1156.79
Index: -20.0809 51.3084 1173.75
Middle: -12.9145 60.4735 1189.73
Ring: -12.7606 45.5912 1175.63
Little: -29.4681 86.3745 1187.48
Thumb: 21.1733 89.1988 1155.94
Index: -13.4895 52.2702 1175.28
Middle: -6.49726 62.2756 1190.86
Ring: -6.97322 46.4459 1176.03
Little: -11.8215 105.231 1198.33
Thumb: 25.6513 88.5044 1155.69
Index: -9.11832 52.3098 1173.91
Middle: -0.653742 61.1846 1189.83
Ring: -2.04448 46.4754 1174.81
Little: -5.28101 105.56 1199.57
Thumb: 28.7641 89.6945 1152.36
Index: -2.36799 52.9225 1173.39
Middle: 2.63403 61.3377 1186.05
Ring: 1.16217 46.7354 1170.5
Little: -2.44272 103.62 1194.98
Thumb: 33.1891 90.0901 1148.69
Index: 0.880745 49.9877 1165.43
Middle: 8.08834 59.3365 1181.41
Ring: 7.76523 44.3378 1166.05
Little: 1.62432 102.323 1191.17
Thumb: 38.5302 87.752 1141.88
Index: 9.79543 45.5321 1160.53
Middle: 15.399 54.422 1176.24
Ring: 14.1128 40.6186 1162.09
Little: 5.99172 93.7017 1185.25
Thumb: 47.6844 82.1702 1133.06
Index: 20.423 38.4131 1149.91
Middle: 26.9444 47.6865 1168.44
Ring: 27.1824 33.3759 1148.01
Little: 15.7884 82.4587 1176.85
Thumb: 51.6453 81.4962 1128.14
Index: 26.1091 34.7993 1138.93
Middle: 33.9356 45.3189 1162.81
Ring: 33.7915 30.2401 1137.24
Little: 23.8283 79.5302 1173.91
Thumb: 54.3907 79.8122 1124.15
Index: 28.7716 33.411 1135.59
Middle: 36.4456 43.6783 1159.71
Ring: 35.3357 28.9511 1132.43
Little: 17.2307 61.36 1159.25
Thumb: 51.9468 78.8385 1122.62
Index: 24.3807 32.9974 1132.4
Middle: 11.1897 37.4474 1165.15
Ring: 28.2871 28.5646 1127.68
Little: 19.3698 61.139 1161.67
Thumb: 52.3905 76.3744 1119.22
Index: 18.5747 34.8138 1129.28
Middle: 5.14342 40.5531 1161.73
Ring: 18.6253 30.3169 1128.22
Little: 20.0824 64.5801 1162.79
Thumb: 42.113 79.4118 1116.81
Index: 6.55624 40.0301 1126.53
Middle: -3.3007 46.7054 1166.08
Ring: 43.7944 90.6361 1172.44
Little: 23.8267 139.242 1180.46
Thumb: 35.6242 77.1123 1119.92
Index: -1.6656 41.5888 1135
Middle: -9.16811 55.3994 1176.15
Ring: 46.7505 103.591 1175.3
Little: 26.3828 141.699 1177.88
Thumb: 32.6947 76.8251 1121.61
Index: -5.06842 43.5684 1139
Middle: -12.535 57.4982 1177.54
Ring: 35.4894 113.591 1148.35
Little: 27.0429 142.945 1176.37
Thumb: 30.7756 76.0904 1122.35
Index: -8.10986 46.4607 1139.7
Middle: -12.486 62.4386 1180.7
Ring: 36.6083 114.411 1149.56
Little: 26.5896 139.179 1176.38
Thumb: 31.7017 75.7073 1122.52
Index: -8.526 47.2801 1140.31
Middle: -11.4934 63.6512 1181.44
Ring: 36.185 114.489 1148
Little: 26.8733 140.265 1175.9
Thumb: 31.9778 78.5447 1123.8
Index: -9.53626 49.6453 1139.87
Middle: -9.72351 67.3948 1183.35
Ring: 37.5386 116.083 1147.59
Little: 28.1156 140.05 1175.28
Thumb: 32.6578 78.9234 1120.63
Index: -8.4958 51.7954 1139.86
Middle: -8.52687 71.1016 1183.88
Ring: 38.3871 118.293 1146.94
Little: 28.5057 141.432 1174.65
Thumb: 30.4943 82.2706 1120.81
Index: -6.28714 54.7716 1144.8
Middle: -9.39237 73.4992 1182.97
Ring: 39.253 119.855 1146.35
Little: -10.6412 109.743 1161.76
Thumb: 43.0995 74.6967 1098.92
Index: 2.64233 61.2166 1144.29
Middle: -8.00862 69.9506 1168.21
Ring: 43.6706 123.957 1139.72
Little: -22.1171 106.605 1145.24
Thumb: 38.9906 74.9662 1100.55
Index: -0.282631 61.1559 1144.97
Middle: -11.2975 68.7342 1167.1
Ring: 40.3993 122.093 1139.3
Little: -23.9984 106.31 1144.54
Thumb: 36.5267 75.9449 1100.32
Index: -2.27311 61.1824 1144.15
Middle: -13.1942 68.5108 1166.32
Ring: 39.5852 121.386 1139.51
Little: -25.2531 106.987 1144.74
Thumb: 34.3694 75.1981 1099.5
Index: -4.38473 60.8108 1143.91
Middle: -15.4049 68.0339 1165.98
Ring: 38.2509 121.915 1138.78
Little: -27.3271 106.635 1145.2
Thumb: 33.8556 75.5567 1100.6
Index: -4.29561 60.9538 1145.09
Middle: -16.8265 67.0122 1164.96
Ring: 37.5267 121.381 1139.6
Little: -27.0455 106.495 1146.41
Thumb: 32.6428 75.5326 1099.94
Index: -3.6904 61.1541 1146.67
Middle: -16.5355 66.3547 1165.38
Ring: 37.161 121.164 1139.69
Little: -27.2828 106.848 1147.13
Thumb: 32.6608 75.4662 1099.92
Index: -3.71345 61.1662 1146.73
Middle: -16.5285 66.3727 1165.46
Ring: 36.6954 120.665 1139.94
Little: -27.2825 106.859 1147.2
Thumb: 32.6268 76.0518 1100.86
Index: -3.619 61.14 1146.71
Middle: -16.778 66.1594 1165.01
Ring: 36.6906 120.649 1139.85
Little: -27.4259 106.92 1147.04
Thumb: 32.5714 76.0289 1100.88
Index: -3.85046 61.3116 1146.56
Middle: -16.7286 66.2909 1165.04
Ring: 36.6931 120.702 1139.69
Little: -27.4417 107.117 1146.91
Thumb: 32.4944 75.9205 1100.22
Index: -3.93353 61.3423 1146.32
Middle: -16.0173 66.7951 1165.81
Ring: 36.3247 120.418 1139.67
Little: -27.7032 107.37 1146.77
Thumb: 31.0184 75.5765 1100.08
Index: -5.58476 61.9139 1146.75
Middle: -17.9313 67.4835 1165.81
Ring: 35.4526 120.054 1140.07
Little: -28.599 108.291 1146.76
Thumb: 30.91 76.6462 1100.94
Index: -5.8615 62.5113 1146.87
Middle: -19.3441 67.6781 1164.32
Ring: 35.6096 121.097 1140.27
Little: -28.7093 109.761 1146.94
Thumb: 28.7454 77.18 1102.04
Index: -8.8381 64.5816 1148.69
Middle: -20.6209 70.5323 1167.37
Ring: 35.4038 123.427 1141.77
Little: -30.5689 113.797 1148.65
Thumb: 28.9807 78.9228 1103.94
Index: -6.14735 59.8661 1149.38
Middle: -16.8399 66.4634 1166.75
Ring: 36.7823 126.102 1142.33
Little: -30.9369 119.062 1151.95
Thumb: 30.5953 79.8102 1103.04
Index: -4.55487 57.4535 1147.74
Middle: -12.2143 67.1597 1168.29
Ring: 49.1973 110.847 1187.97
Little: -29.3463 122.894 1152.63
Thumb: 31.7696 81.2581 1103.09
Index: -1.99178 54.3987 1145.9
Middle: -3.01621 75.3059 1178.35
Ring: 49.1986 110.503 1189.7
Little: -27.3163 127.237 1156.69
Thumb: 35.2523 79.506 1101.33
Index: 1.13854 52.4038 1144.43
Middle: 1.66838 72.4222 1177.38
Ring: 47.9832 108.04 1191.95
Little: -24.2482 131.33 1162.99
Thumb: 38.7817 80.2319 1099.24
Index: 5.42304 52.7344 1143.05
Middle: 4.80521 71.1216 1175.07
Ring: 52.9408 105.615 1190.45
Little: -17.1656 130.399 1168.74
Thumb: 38.986 79.8005 1095.8
Index: 7.11462 53.9306 1143.59
Middle: 10.7572 72.2583 1176.55
Ring: 53.7637 104.234 1189.33
Little: -10.9482 130.905 1173.53
Thumb: 33.613 79.7618 1092.14
Index: 12.0903 53.9963 1149.35
Middle: 19.7382 82.7221 1165.45
Ring: 52.2192 102.848 1190.43
Little: -3.11128 131.56 1180.17
Thumb: 32.7139 80.0959 1091.88
Index: 15.7843 53.7241 1150.55
Middle: 22.8378 82.0835 1165.67
Ring: 52.6122 100.088 1189.86
Little: 2.42004 131.104 1182.77
Thumb: 34.3712 80.84 1089.3
Index: 21.3108 49.2608 1143.26
Middle: 39.1536 79.6766 1158.29
Ring: 31.4143 87.1746 1183.19
Little: 11.1144 123.664 1182.43
Thumb: 34.4991 81.9536 1088.91
Index: 29.0146 47.9224 1143.73
Middle: 20.0437 64.4599 1169.92
Ring: 34.251 85.5025 1182.68
Little: 36.1831 126.621 1182.79
Thumb: 38.0701 83.3128 1088.05
Index: 33.9042 47.7206 1140.2
Middle: 23.8112 63.2942 1166.96
Ring: 44.2759 86.3618 1178.61
Little: 31.0977 120.366 1184.8
Thumb: 51.8186 81.1094 1088.92
Index: 33.07 43.0052 1126.75
Middle: 25.9332 55.9704 1153.66
Ring: 23.758 74.049 1162.05
Little: 55.7523 109.302 1162.64
Thumb: 54.0267 82.8087 1092.02
Index: 33.8006 41.9083 1124.64
Middle: 25.1037 55.2325 1151.14
Ring: 25.2317 74.0719 1160.85
Little: 55.587 110.924 1164.3
Thumb: 51.0725 74.5745 1103.92
Index: 35.2955 38.4875 1143.33
Middle: 7.61987 57.8398 1160.49
Ring: 12.6104 64.8363 1155.14
Little: 54.0001 110.486 1167.81
Thumb: 52.5203 73.0799 1116.65
Index: 41.9778 34.8139 1152.17
Middle: 4.21138 55.3717 1165.82
Ring: 12.2941 59.2924 1154.43
Little: 49.6205 108.288 1169.41
Thumb: 55.3452 71.1563 1117.03
Index: 45.2286 30.9575 1148.76
Middle: 4.80447 50.645 1164.08
Ring: 13.0128 55.9318 1153.65
Little: 47.1446 103.706 1168.74
Thumb: 57.3449 67.0843 1118.8
Index: 41.8966 18.8305 1142.79
Middle: 51.7081 78.3245 1124.63
Ring: 39.3318 59.2281 1156.12
Little: 45.9093 98.2345 1169.01
Thumb: 58.3049 63.9983 1116.22
Index: 43.8201 17.2555 1141.78
Middle: 57.5346 75.7815 1126.62
Ring: 39.9407 57.9528 1156.18
Little: 47.5028 97.4225 1169.1
Thumb: 59.7703 61.7528 1114.95
Index: 46.6389 15.1404 1142.8
Middle: 56.3797 75.1287 1128.56
Ring: 36.478 53.692 1157.67
Little: 46.3706 97.6214 1169.75
Thumb: 60.4267 60.8844 1114.2
Index: 48.1861 10.951 1138.42
Middle: 58.1905 74.5442 1128.72
Ring: 35.0113 51.0429 1158.56
Little: 46.916 97.2324 1169.86
Thumb: 57.5273 59.1239 1112.12
Index: 44.6232 8.15613 1134.02
Middle: 53.4508 73.1939 1126.04
Ring: 30.7347 48.6663 1156.76
Little: 43.1497 94.3895 1168.93
Thumb: 57.9918 74.686 1117.54
Index: 49.1901 91.5851 1161.23
Middle: 44.2746 74.1356 1134.07
Ring: 37.625 25.6083 1132.44
Little: 8.74396 54.0696 1103.94
Thumb: 114.438 94.6003 1181.25
Index: 44.5286 49.3033 1170.78
Middle: 34.4255 45.9349 1140.38
Ring: 22.4323 31.8163 1125.01
Little: -2.15825 60.0872 1101.99
Thumb: 124.369 95.2876 1170.07
Index: 49.4136 61.7095 1165.38
Middle: 44.3298 8.37371 1126.85
Ring: 14.9796 37.0381 1132.41
Little: -5.09061 57.6066 1103.41
Thumb: 128.481 94.5045 1164.66
Index: 47.8794 57.8578 1167.84
Middle: 45.5718 7.46384 1118.25
Ring: 11.4107 41.9251 1134.87
Little: -7.04002 61.2224 1103.02
Thumb: 126.342 92.6413 1158.39
Index: 47.3923 61.2169 1166.42
Middle: 45.5443 6.75363 1115.23
Ring: 11.9993 39.2169 1132.05
Little: -8.7999 64.2632 1104.11
Thumb: 125.512 93.1697 1155.24
Index: 44.4124 12.7299 1116.99
Middle: 6.35337 94.7948 1177.92
Ring: 11.8234 39.4358 1128.67
Little: -8.17523 64.507 1100.33
Thumb: 129.854 92.6681 1151.33
Index: 44.8385 10.2159 1109.67
Middle: 6.80453 90.1321 1176.07
Ring: 12.3208 36.7085 1122.22
Little: -7.50974 63.4259 1094.15
Thumb: 131.376 92.2851 1146.73
Index: 46.7999 8.45375 1108.85
Middle: 8.25442 94.4338 1174.28
Ring: 12.9433 36.27 1118.05
Little: -7.93403 63.1996 1091.68
Thumb: 134.981 92.7914 1137.33
Index: 46.7702 10.73 1110.37
Middle: 13.2022 96.2471 1175.35
Ring: 14.3811 36.5922 1117.71
Little: -8.40751 61.0362 1092.27
Thumb: 133.636 94.8488 1131.96
Index: 47.6245 12.0994 1106.79
Middle: 18.3938 103.597 1174.24
Ring: 15.6006 38.0825 1115.64
Little: -8.08311 61.1237 1090.01
Thumb: 133.985 96.2489 1122.64
Index: 47.3202 12.7791 1103.52
Middle: 19.9856 75.1681 1172.61
Ring: 16.1486 38.0844 1115.98
Little: -8.81072 59.519 1089.72
Thumb: 133.097 98.3711 1116.35
Index: 47.421 14.0439 1100.38
Middle: 26.8881 91.8904 1175.16
Ring: 17.6126 42.0848 1114.84
Little: -8.68149 59.0855 1087.91
Thumb: 131.839 98.1577 1111.94
Index: 46.8835 14.8386 1099.57
Middle: 28.0827 94.0114 1173.12
Ring: 16.7757 42.6846 1113.34
Little: -10.425 60.0392 1087.34
Thumb: 130.19 96.1414 1110.66
Index: 44.7336 14.7164 1096.24
Middle: 26.191 95.0797 1170.95
Ring: 13.8092 41.9197 1110.67
Little: -10.8882 60.2214 1085.36
Thumb: 129.954 96.6969 1104.02
Index: 44.296 16.0559 1098.93
Middle: 26.821 94.0389 1168.75
Ring: 14.4573 46.257 1111.85
Little: -12.7039 60.2512 1084.68
Thumb: 130.439 97.5766 1100.35
Index: 43.3106 11.6127 1084.86
Middle: 27.7042 92.1949 1165.68
Ring: 14.8544 46.3459 1108.35
Little: -12.9857 61.312 1085.16
Thumb: 129.909 98.2668 1097.04
Index: 41.6612 11.1784 1077.29
Middle: 26.8028 88.0518 1162.93
Ring: 13.0667 47.0146 1106.42
Little: -14.0614 58.9574 1076.06
Thumb: 129.457 98.1158 1095.39
Index: 41.7731 11.2191 1077.9
Middle: 26.5722 91.6693 1161.56
Ring: 12.9743 46.7258 1104.34
Little: -14.1903 59.1484 1074.05
Thumb: 127.853 98.6932 1094.22
Index: 42.3728 13.3534 1078.47
Middle: 24.9191 86.8337 1159.42
Ring: 11.8216 44.9961 1101.76
Little: -15.5352 59.481 1072.57
Thumb: 127.414 98.6166 1094.57
Index: 43.2777 12.8828 1077.25
Middle: 23.0018 94.402 1157.92
Ring: 10.8733 44.9633 1099
Little: -16.4132 58.9116 1071.6
Thumb: 127.235 99.3486 1095.11
Index: 44.2046 15.7958 1080.32
Middle: 22.9476 108.262 1150.15
Ring: 10.8828 41.9869 1095.75
Little: -16.8552 59.6355 1071.01
Thumb: 128.913 100.735 1095.03
Index: 44.2036 15.9833 1082.25
Middle: 23.4958 110.156 1149.57
Ring: 11.1727 41.4745 1095.96
Little: -16.6601 58.6556 1070.12
Thumb: 131.28 100.972 1095.3
Index: 44.4245 15.6563 1082.11
Middle: 23.9305 111.84 1147.81
Ring: 12.7487 36.7948 1085.34
Little: -16.5061 58.9938 1070.63
Thumb: 130.487 101.28 1097.89
Index: 45.0114 15.6685 1084.49
Middle: 23.2503 106.119 1153.6
Ring: 12.0887 37.368 1084.82
Little: -16.9514 59.3987 1070.05
Thumb: 130.648 101.303 1098.66
Index: 44.4128 15.8201 1088.08
Middle: 23.5435 106.454 1153.53
Ring: 12.1449 37.3003 1084.98
Little: -16.9391 59.354 1070.19
Thumb: 128.964 100.289 1101.98
Index: 44.3244 16.13 1091.27
Middle: 22.5285 105.22 1154.3
Ring: 11.464 39.935 1085.93
Little: -16.7947 59.903 1069.06
Thumb: 128.643 99.7578 1104.77
Index: 44.0208 15.1421 1093.06
Middle: 21.1542 91.6149 1158.95
Ring: 8.33294 37.8543 1085.13
Little: -16.4057 59.5255 1070.38
Thumb: 127.646 99.7173 1109.23
Index: 43.8844 14.8604 1097.47
Middle: 21.0383 94.361 1161.6
Ring: 7.97747 32.8933 1085.97
Little: -16.0355 58.4708 1071.12
Thumb: 128.778 100.698 1112.27
Index: 43.241 14.8335 1102.38
Middle: 18.7841 62.1485 1157.02
Ring: 8.31423 32.6485 1088.66
Little: -15.4766 58.1934 1071.38
Thumb: 129.389 100.039 1114.91
Index: 43.6848 13.4675 1106.42
Middle: 20.0967 69.6655 1161.17
Ring: 9.15851 29.597 1090.85
Little: -16.0318 57.2862 1073.89
Thumb: 131.365 98.7133 1115.28
Index: 43.4771 14.3569 1112.53
Middle: 18.8087 58.5491 1162.52
Ring: 9.86466 27.9913 1094.29
Little: -14.2897 55.3913 1077.12
Thumb: 133.47 99.3712 1115.79
Index: 43.357 15.2623 1115
Middle: 19.2017 60.8143 1165.71
Ring: 10.4666 28.7427 1099.21
Little: -14.2998 54.9952 1081.83
Thumb: 134.464 101.29 1118.17
Index: 43.017 15.0375 1119.3
Middle: 20.4455 67.5806 1169.89
Ring: 10.9931 27.2538 1102.97
Little: -13.2574 52.754 1082.04
Thumb: 134.792 103.015 1121.01
Index: 43.0992 14.9427 1125.15
Middle: 24.5107 90.7076 1168.43
Ring: 10.537 27.5132 1105.6
Little: -12.5678 52.8999 1087.21
Thumb: 132.728 102.418 1128.9
Index: 41.6909 16.6566 1131.5
Middle: 13.8792 50.6488 1168.64
Ring: 10.8271 27.4174 1110.56
Little: -12.0182 51.8894 1087.69
Thumb: 128.315 101.339 1140.4
Index: 37.6698 19.302 1140.17
Middle: 14.3834 58.6194 1179.01
Ring: 9.58645 24.5658 1111.66
Little: -13.4667 52.2585 1091.28
Thumb: 121.755 99.0301 1156.27
Index: 32.5 20.6507 1147.88
Middle: 8.45266 90.7345 1185.98
Ring: 9.62309 21.6 1108.89
Little: -11.7664 51.6958 1092.21
Thumb: 122.731 100.548 1162.89
Index: 32.8454 22.1515 1152.81
Middle: 13.1941 108.226 1184.4
Ring: 7.49112 25.6076 1116.77
Little: -8.84273 51.3692 1095.53
Thumb: 127.631 103.1 1160.12
Index: 36.117 22.7054 1153.43
Middle: 17.1808 102.685 1187.12
Ring: 9.54735 26.7998 1120.43
Little: -8.82343 52.5623 1100.56
Thumb: 137.011 105.262 1146.07
Index: 42.6465 23.7669 1151.06
Middle: 18.7059 55.2921 1190.54
Ring: 12.0065 28.1328 1123.67
Little: -19.6669 113.346 1166.04
Thumb: 131.97 106.428 1148.98
Index: 34.7625 25.7558 1152.66
Middle: 22.7876 83.4199 1195.25
Ring: 10.0817 30.332 1126.41
Little: -21.5376 112.417 1168.45
Thumb: 116.065 106.176 1170.22
Index: 20.0345 28.48 1156.29
Middle: -2.20705 16.6919 1108.31
Ring: -22.5989 37.1978 1120.98
Little: -30.7593 99.2894 1148.67
Thumb: 67.5241 105.728 1205.43
Index: 9.74957 79.7323 1167.66
Middle: -1.3572 17.4602 1102.19
Ring: -22.9689 43.2684 1101.58
Little: -9.81292 62.5539 1092.46
Thumb: 89.377 133.327 1229.68
Index: -2.12813 54.1045 1132.4
Middle: -0.683451 17.1274 1105.71
Ring: -23.5571 42.4869 1096.75
Little: -6.34228 63.1703 1088.95
Thumb: 81.568 141.626 1236.84
Index: 1.57603 32.698 1117.76
Middle: -4.0487 20.8013 1107.51
Ring: -16.2131 40.0393 1091.69
Little: -0.443491 63.3899 1086.67
Thumb: 92.6094 218.088 1230.95
Index: 0.514973 32.5417 1118.58
Middle: -5.36199 20.9012 1108.06
Ring: -10.0627 35.2888 1089.62
Little: 8.5813 56.481 1085.67
Thumb: 98.5255 198.425 1238.38
Index: 1.3854 35.7369 1115.99
Middle: -7.74143 24.9748 1105.62
Ring: -6.36723 36.4278 1086.05
Little: 11.7725 57.3955 1085.66
Thumb: -8.5858 131.148 1202.67
Index: -7.07852 41.2144 1116.12
Middle: -3.79748 24.8762 1105.37
Ring: 0.100929 36.6507 1085.77
Little: 9.36125 64.3006 1085.75
Thumb: -14.1651 137.137 1198.08
Index: -6.56997 40.7518 1112.8
Middle: -5.31982 24.887 1104.09
Ring: -0.761343 35.9491 1083.82
Little: 14.7058 58.9692 1085.27
Thumb: -24.556 137.99 1195.64
Index: -16.0346 31.9996 1132.71
Middle: -6.50858 24.5221 1103.77
Ring: 1.10156 35.2789 1083.8
Little: 15.3615 59.748 1082.05
Thumb: -33.5064 140.286 1188.69
Index: -23.5869 35.0867 1129.74
Middle: -7.89132 23.7908 1103.2
Ring: 1.37425 33.8882 1083.89
Little: 17.2431 57.8643 1082.35
Thumb: -42.2394 142.16 1178.36
Index: -31.3979 39.9304 1124.11
Middle: -8.95724 21.126 1103.53
Ring: 2.6625 30.2539 1084.44
Little: 17.7998 54.7297 1082.76
Thumb: -39.9933 155.037 1167.08
Index: -39.1208 36.4729 1135.17
Middle: -14.5976 14.7435 1124.04
Ring: -11.4497 21.7135 1108.13
Little: 6.47774 40.1015 1080.86
Thumb: -48.8639 158.859 1158.28
Index: -43.4559 39.8669 1130.58
Middle: -17.07 17.7075 1124.44
Ring: -9.95868 22.7775 1106.63
Little: 9.06405 41.8961 1079.67
Thumb: -61.3308 152.836 1139.16
Index: -46.4226 40.5959 1114.78
Middle: -14.6722 16.0022 1119.97
Ring: -11.893 23.7175 1106.19
Little: 11.989 41.2218 1080.07
Thumb: -69.4782 151.075 1125.37
Index: -48.0577 42.2586 1107.34
Middle: -15.4506 15.4369 1118.6
Ring: -11.5717 22.5444 1107.97
Little: 12.0663 40.379 1084.13
Thumb: -74.0365 151.174 1117.67
Index: -50.899 43.4508 1101.57
Middle: -18.6728 15.6635 1117.53
Ring: -14.4843 22.9665 1107.06
Little: 12.4435 39.6489 1088.22
Thumb: -76.4638 147.882 1109.16
Index: -53.4648 43.6498 1097.91
Middle: -22.3034 15.5928 1114.92
Ring: -13.1715 21.6179 1108.63
Little: 10.4483 39.9947 1088.35
Thumb: -76.6825 147.027 1102.57
Index: -53.4685 58.648 1057.41
Middle: -17.3559 13.6826 1112.6
Ring: -18.4778 25.0654 1111.92
Little: 13.6295 39.2332 1089.13
Thumb: -77 147.02 1103.46
Index: -54.4815 60.4256 1054
Middle: -18.809 13.8136 1111.68
Ring: -20.6059 25.4148 1111.12
Little: 12.2607 39.3933 1090.78
Thumb: -78.9473 146.708 1101.12
Index: -55.7932 59.4369 1051.65
Middle: -20.499 13.3284 1107.82
Ring: -0.519826 91.4011 1016.61
Little: 10.9131 39.126 1092.06
Thumb: -80.0516 147.757 1099.18
Index: -57.0559 54.0772 1054.8
Middle: -21.6888 14.0935 1106.12
Ring: -1.97679 94.1828 1016.13
Little: 10.0627 39.8934 1091
Thumb: -79.8828 148.289 1096.35
Index: -57.344 54.9565 1052.5
Middle: -22.8309 14.2259 1104.33
Ring: -1.95951 94.7758 1015.24
Little: 9.11383 39.844 1090.35
Thumb: -78.982 147.282 1094.67
Index: -56.731 59.5001 1046.25
Middle: -23.8518 14.2227 1104.89
Ring: -1.93197 93.576 1014.68
Little: 8.3004 39.8186 1089.62
Thumb: -78.9044 147.852 1089.73
Index: -54.6665 59.8715 1042.31
Middle: -24.7662 14.1801 1101.83
Ring: -0.067028 92.1011 1013.59
Little: 8.73193 39.7521 1092.83
Thumb: -76.8497 147.39 1087.42
Index: -56.0881 59.4075 1042.86
Middle: -25.4256 14.5165 1101.8
Ring: -0.051039 91.9318 1013.18
Little: 8.64548 39.8392 1091.93
Thumb: -76.6962 147.878 1083.59
Index: -56.2086 62.8994 1038.84
Middle: -27.1244 14.7431 1102.04
Ring: 0.316062 88.8306 1012.94
Little: 7.82249 39.6314 1093
Thumb: -76.6668 147.846 1083.48
Index: -56.2134 63.3009 1038.65
Middle: -27.6803 14.8935 1102.1
Ring: -0.32858 87.2412 1013.17
Little: 7.8122 39.6488 1093.4
Thumb: -76.6729 147.793 1083.44
Index: -55.6443 68.3399 1035.71
Middle: -27.6255 14.9044 1102.11
Ring: 1.11602 89.5522 1012.86
Little: 7.82949 39.6624 1093.48
Thumb: -76.6958 147.825 1083.45
Index: -56.001 63.2561 1038.8
Middle: -27.3081 14.847 1102.89
Ring: 0.636733 89.001 1012.92
Little: 7.79771 39.6491 1093.17
Thumb: -77.0523 147.938 1082.59
Index: -54.2732 69.1707 1035.65
Middle: -26.2241 14.8331 1105.68
Ring: 1.23201 90.3827 1013.23
Little: 8.40247 40.0263 1095.39
Thumb: -77.5299 148.758 1083.76
Index: -54.3837 65.5583 1037.08
Middle: -25.8192 14.7095 1105.62
Ring: 2.42505 89.8446 1013.3
Little: 8.85195 40.287 1098.62
Thumb: -78.3739 149.752 1085.33
Index: -54.1156 64.8338 1037.5
Middle: -25.2976 14.8388 1107.31
Ring: 2.76231 89.5792 1013.77
Little: 9.02684 40.516 1100.27
Thumb: -79.9933 148.492 1086.65
Index: -52.1782 61.8336 1038.77
Middle: -24.395 14.4955 1106.04
Ring: 3.46128 89.3922 1014.22
Little: 9.32496 40.561 1100.81
Thumb: -80.0662 148.546 1086.88
Index: -51.3501 58.7855 1041.01
Middle: -23.6254 14.4619 1107.29
Ring: 4.75125 91.6106 1014.32
Little: 9.32859 40.5749 1100.94
Thumb: -79.9823 148.434 1086.45
Index: -50.8783 59.0066 1040.71
Middle: -22.2013 14.1795 1107.11
Ring: 1.12034 84.3911 1015.02
Little: 9.32031 40.5667 1101.07
Thumb: -79.7941 146.948 1086.01
Index: -49.903 61.7366 1038.17
Middle: -21.4432 13.5305 1107.53
Ring: 0.919127 83.8064 1014.97
Little: 9.94679 40.032 1100.81
Thumb: -79.9295 146.988 1086.23
Index: -48.7468 63.1061 1037.42
Middle: -21.4495 13.5608 1107.87
Ring: 2.64521 88.2252 1014.86
Little: 9.94301 40.0411 1101
Thumb: -78.5681 149.895 1084.76
Index: -48.6355 59.4116 1040.99
Middle: -20.1051 14.8443 1108.18
Ring: 5.29719 87.8378 1014.94
Little: 11.1321 41.3244 1101.41
Thumb: -77.5018 153.485 1086.19
Index: -47.0369 63.1885 1038.41
Middle: -19.1417 15.3534 1109.34
Ring: 4.94998 84.1525 1016.01
Little: 11.7509 41.4608 1102.66
Thumb: -76.0648 153.957 1085.48
Index: -45.8891 70.7374 1034.75
Middle: -18.7968 16.6486 1110.56
Ring: 11.3243 91.2792 1015.79
Little: 12.1281 42.1533 1100.01
Thumb: -75.3264 153.915 1086.07
Index: -44.907 70.7179 1035.49
Middle: -18.6038 17.9896 1111.23
Ring: 8.59135 90.1779 1015.82
Little: 12.4172 43.532 1100.21
Thumb: -72.3917 154.873 1085.93
Index: -43.8363 69.9054 1036.35
Middle: -17.0163 19.1928 1110.33
Ring: 8.07694 89.2771 1015.73
Little: 14.2204 44.9473 1101.28
Thumb: -68.1879 153.573 1082.49
Index: -41.0361 75.6818 1031.65
Middle: -15.0994 18.158 1106.53
Ring: 11.4165 91.2469 1014.94
Little: 15.4064 44.0689 1098.91
Thumb: -65.8321 153.081 1082.63
Index: -36.6207 75.6804 1030.84
Middle: -10.674 18.6001 1105.4
Ring: 15.8085 92.3987 1015.03
Little: 19.204 45.2107 1099.75
Thumb: -59.8032 151.489 1081.83
Index: -32.9851 75.419 1030.43
Middle: -7.51716 18.4123 1104.54
Ring: 18.9969 92.7273 1014.38
Little: 22.2461 44.938 1096.81
Thumb: -52.786 151.9 1080.46
Index: -28.922 78.318 1028.67
Middle: -2.98083 22.7806 1085.67
Ring: 23.7101 91.0851 1014.63
Little: 27.4539 45.1601 1096.64
Thumb: -42.1354 155.451 1079.53
Index: -21.9031 77.2414 1031.53
Middle: 2.04327 27.1469 1082.88
Ring: 29.9062 96.9631 1014.57
Little: 33.3386 48.7701 1091.8
