Thumb: 32.9554 91.7207 1121.92
Index: -64.5745 28.1944 1098.23
Middle: -101.42 40.8207 1097.63
Ring: -124.543 62.0639 1082.41
Little: -141.773 103.039 1080.87
Thumb: 38.0623 91.709 1104.02
Index: -67.9106 32.734 1100.13
Middle: -100.473 38.2343 1093.5
Ring: -106.06 70.6609 1094.94
Little: -105.397 136.03 1134.81
Thumb: 28.9545 89.8103 1106.7
Index: -73.6134 28.2876 1093.55
Middle: -103.691 37.489 1091.65
Ring: -90.794 100.393 1095.31
Little: -109.212 135.875 1135.39
Thumb: 25.5903 87.577 1108.21
Index: -76.8727 27.6102 1094.37
Middle: -106.914 37.1629 1091.45
Ring: -112.595 69.0302 1095.43
Little: -107.204 138.148 1136.52
Thumb: 19.7483 87.0167 1104.52
Index: -79.6114 26.9228 1093.59
Middle: -108.511 37.8228 1094.82
Ring: -115.088 68.7925 1096.49
Little: -112.282 133.361 1138.96
Thumb: 10.9698 85.6721 1109.24
Index: -82.8936 27.825 1095.27
Middle: -111.279 37.7484 1096.26
Ring: -123.917 58.7369 1094.85
Little: -114.025 132.951 1139.52
Thumb: 5.4949 85.5141 1107.23
Index: -88.071 30.6967 1094.88
Middle: -111.364 37.7297 1096.72
Ring: -124.532 58.0652 1097.45
Little: -113.422 139.912 1137.23
Thumb: 2.29586 84.7358 1107.15
Index: -90.3323 31.8779 1093.94
Middle: -112.687 39.9685 1098.15
Ring: -127.125 57.7434 1099.66
Little: -112.194 140.966 1139.21
Thumb: -0.0373477 83.2407 1106.18
Index: -93.9718 37.4893 1099.55
Middle: -116.148 38.5525 1098.21
Ring: -128.05 59.3662 1103.46
Little: -112.479 134.737 1141.98
Thumb: -4.32713 83.4475 1108.55
Index: -98.1499 36.9545 1096.68
Middle: -119.835 41.0505 1098.36
Ring: -128.714 60.4749 1105.76
Little: -111.475 135.896 1143.02
Thumb: -4.99563 80.2681 1104.16
Index: -99.3545 38.856 1097.39
Middle: -120.7 41.627 1098.74
Ring: -127.978 60.5588 1107.53
Little: -110.468 134.643 1144.35
Thumb: -8.49977 79.6304 1103.76
Index: -98.0499 38.6834 1100.76
Middle: -121.114 41.8253 1099.48
Ring: -127.591 59.649 1108.7
Little: -107.159 139.986 1144.84
Thumb: -9.27953 79.4922 1103.99
Index: -97.0188 38.3103 1101.02
Middle: -120.252 41.6068 1099.67
Ring: -125.861 58.7915 1108.28
Little: -106.895 136.786 1144.99
Thumb: -8.85821 81.1535 1104.86
Index: -92.8496 36.9785 1099.67
Middle: -115.577 40.9733 1101.32
Ring: -120.788 58.1882 1109.39
Little: -104.407 135.259 1144.1
Thumb: -5.7386 82.2066 1105.03
Index: -86.0025 35.097 1098.94
Middle: -108.346 39.7469 1100.3
Ring: -113.696 58.1439 1111.64
Little: -101.036 134.918 1143.38
Thumb: -1.7787 83.8444 1104.45
Index: -78.5324 34.2539 1099.54
Middle: -100.325 38.6735 1102.19
Ring: -105.502 56.3379 1112.8
Little: -95.9684 130.849 1143.22
Thumb: 3.52887 85.0827 1103.7
Index: -70.9427 33.3359 1099.32
Middle: -92.5183 37.3674 1102.35
Ring: -100.441 53.3477 1110.84
Little: -113.57 83.1182 1104.95
Thumb: 9.93113 86.4762 1107.07
Index: -60.9651 33.7316 1101.15
Middle: -83.8701 35.5341 1101.8
Ring: -93.617 52.1892 1110.47
Little: -109.068 77.3737 1100.38
Thumb: 17.6569 88.925 1108.33
Index: -51.6375 32.1401 1100.38
Middle: -74.0669 32.6707 1102.14
Ring: -86.6333 50.1794 1109.51
Little: -101.888 73.8618 1099.58
Thumb: 23.57 91.2677 1106.8
Index: -41.3556 34.1714 1101.39
Middle: -63.677 32.1199 1102.23
Ring: -80.1337 46.445 1105.18
Little: -93.1774 73.1554 1100.78
Thumb: 33.7162 90.1863 1104.34
Index: -31.5168 33.8287 1096.97
Middle: -54.1121 30.1207 1099.24
Ring: -71.4854 43.7815 1103.22
Little: -84.4228 70.139 1098.32
Thumb: 44.2679 92.9906 1103.06
Index: -25.1641 32.7523 1096.84
Middle: -49.6611 29.7471 1099.84
Ring: -63.8062 43.2075 1104.2
Little: -77.9974 69.5232 1099.25
Thumb: 47.4417 90.4066 1105.1
Index: -18.2825 31.754 1100.79
Middle: -43.7007 26.9412 1100.08
Ring: -57.099 41.8214 1105.78
Little: -71.1072 66.5897 1098.44
Thumb: 54.1156 89.4639 1107.33
Index: -12.9777 28.4696 1098.56
Middle: -38.3667 24.9941 1097.54
Ring: -49.9658 40.3199 1105.86
Little: -64.7381 64.0349 1097.19
Thumb: 60.9167 89.2162 1108.83
Index: -5.60388 27.2065 1098.57
Middle: -30.39 21.5822 1098.95
Ring: -43.794 35.2706 1103.99
Little: -59.5815 59.43 1096.89
Thumb: 66.325 85.0632 1090.91
Index: 1.86268 24.6462 1100.62
Middle: -23.8319 18.9052 1097.83
Ring: -38.9189 33.5839 1104.01
Little: -52.5391 56.6096 1094.97
Thumb: 74.5725 83.9431 1087.61
Index: 11.6016 23.4703 1104.1
Middle: -15.5171 15.4922 1097.9
Ring: -31.8893 30.6142 1104.05
Little: -47.7688 53.7994 1095.54
Thumb: 81.6804 82.0736 1089.6
Index: 20.3456 20.8044 1104.44
Middle: -9.26206 12.708 1095.24
Ring: -24.7855 30.5805 1105.93
Little: -42.3253 52.9929 1094.81
Thumb: 91.4578 84.3774 1095.12
Index: 30.5141 17.9782 1104.05
Middle: -1.90307 9.89833 1093.47
Ring: -18.1165 28.2766 1105.45
Little: -37.4329 52.3503 1099.39
Thumb: 99.6576 86.0914 1096.89
Index: 39.6517 15.4947 1100.52
Middle: 5.43063 8.7583 1093.17
Ring: -11.0841 27.262 1104.54
Little: -32.3292 48.9401 1100.86
Thumb: 112.061 91.7057 1115.2
Index: 47.631 12.7582 1105.3
Middle: 12.1546 4.41593 1093.49
Ring: -2.64608 27.3409 1103.83
Little: -26.9197 46.4776 1105.1
Thumb: 119.36 92.7582 1118.37
Index: 54.6414 10.6523 1106.99
Middle: 18.831 0.422249 1096.06
Ring: 5.14512 28.5398 1104.73
Little: -21.0872 43.9575 1104.72
Thumb: 127.798 92.4583 1115.28
Index: 60.6125 10.3099 1102.66
Middle: 25.076 1.5917 1092.58
Ring: 12.4085 31.2844 1103.73
Little: -14.7483 44.7505 1101.72
Thumb: 134.136 90.9835 1108.34
Index: 66.2484 9.28741 1101.49
Middle: 30.7408 1.41886 1089.76
Ring: 17.3511 28.5881 1102.05
Little: -10.9791 44.4741 1100.74
Thumb: 140.839 91.4604 1110.47
Index: 69.6801 9.51732 1101.36
Middle: 34.3667 2.45939 1085.91
Ring: 19.3444 24.7147 1098.52
Little: -7.09209 46.4331 1097.27
Thumb: 145.036 92.6555 1109.26
Index: 75.4424 9.96314 1101.08
Middle: 39.8017 1.64851 1081.96
Ring: 26.9678 30.4737 1099.08
Little: -1.53828 46.3308 1097.94
Thumb: 148.477 97.352 1115.03
Index: 81.1009 12.0539 1103.9
Middle: 45.2877 0.868116 1081.63
Ring: 31.979 30.6633 1101.62
Little: 2.86627 44.9051 1097.46
Thumb: 153.945 99.0931 1114.3
Index: 84.8188 12.3005 1102.57
Middle: 48.8322 -0.288685 1082.61
Ring: 34.8195 28.4395 1098.15
Little: 8.81164 52.5456 1103.49
Thumb: 158.339 101.314 1114.95
Index: 87.314 9.43748 1102.25
Middle: 52.6315 -0.395 1081.9
Ring: 37.8464 27.8513 1099.24
Little: 11.2012 51.3656 1105.96
Thumb: 163.965 99.1204 1112.96
Index: 88.44 9.03943 1101.93
Middle: 53.5251 0.31926 1081.85
Ring: 39.6642 29.5775 1098.5
Little: 20.6465 79.9124 1098.76
Thumb: 165.261 98.5637 1115.72
Index: 90.3372 11.7446 1105.08
Middle: 55.5177 0.399117 1082.73
Ring: 59.1625 93.6031 1139.6
Little: 22.263 80.0868 1095.04
Thumb: 165.492 97.9599 1115.96
Index: 89.5814 10.5668 1103.51
Middle: 55.0564 0.576927 1082.47
Ring: 53.4282 74.1515 1159.55
Little: 22.3397 80.5114 1094.92
Thumb: 165.828 98.261 1115.86
Index: 92.2064 22.1445 1109.12
Middle: 54.4518 0.5896 1084.18
Ring: 59.1249 95.622 1160.27
Little: 21.7716 80.5735 1095.34
Thumb: 165.3 99.5233 1116.06
Index: 88.7936 23.7762 1107.83
Middle: 50.5299 3.90458 1084.87
Ring: 54.512 88.4896 1163.9
Little: 21.0529 86.1291 1098.2
Thumb: 163.398 97.5283 1115.47
Index: 85.1653 25.3832 1108.52
Middle: 45.8617 5.00812 1084.05
Ring: 51.8402 89.4198 1164.08
Little: 18.6279 87.9963 1098.02
Thumb: 161.139 96.6223 1114.93
Index: 81.6311 27.2398 1107.88
Middle: 41.4315 6.91275 1082.44
Ring: 46.7264 83.3625 1162.96
Little: 16.009 90.0056 1097.39
Thumb: 156.2 95.2857 1115.68
Index: 76.9524 27.7256 1108.09
Middle: 36.5294 8.44829 1082.18
Ring: 51.2972 104.295 1149.98
Little: 13.3168 92.7295 1097.97
Thumb: 150.817 93.6354 1116.63
Index: 71.6002 28.9098 1107.24
Middle: 31.0347 10.9751 1081.19
Ring: 47.5382 105.431 1147.25
Little: 10.3332 96.2427 1096.84
Thumb: 145.965 92.3262 1116.15
Index: 80.8495 60.203 1103.89
Middle: 24.6208 10.2589 1081.26
Ring: 43.4669 106.91 1146.9
Little: 4.8243 95.8756 1099.32
Thumb: 140.414 91.149 1120.41
Index: 75.2847 61.9571 1106.48
Middle: 17.4747 14.7651 1079.65
Ring: 28.7701 95.2188 1159.89
Little: 1.37487 100.802 1095.63
Thumb: 132.964 92.9851 1121.92
Index: 68.1815 62.2123 1108.08
Middle: 10.5534 14.8367 1078.67
Ring: 16.2901 86.4552 1156.88
Little: -5.56556 99.909 1094.9
Thumb: 124.05 95.4548 1122.8
Index: 62.2556 64.2507 1108.04
Middle: 4.51885 17.1387 1077.79
Ring: 6.80866 83.0265 1158.68
Little: -11.7642 101.657 1094.38
Thumb: 113.042 95.2498 1126.7
Index: 55.0062 63.6814 1110.13
Middle: -1.83183 16.6477 1077.91
Ring: -3.61192 82.227 1157.11
Little: -14.3238 109.814 1098.4
Thumb: 105.369 96.7147 1124.74
Index: 48.3043 64.3216 1111.52
Middle: -8.85129 16.5671 1081.68
Ring: -15.4836 72.191 1153.51
Little: -15.6658 119.882 1099.97
Thumb: 99.0881 96.0928 1128.21
Index: 42.5463 64.4568 1114.7
Middle: -16.2482 17.7429 1084.91
Ring: -9.37804 93.98 1164.1
Little: -32.9423 108.773 1135.87
Thumb: 94.3363 96.0804 1130.49
Index: 37.2185 65.272 1118.24
Middle: -23.2759 18.9836 1089.36
Ring: -19.6464 84.9988 1166.57
Little: -37.8563 109.474 1140.3
Thumb: 90.7723 97.4853 1131.06
Index: 32.2329 66.5974 1120.31
Middle: -27.5978 19.3067 1093.29
Ring: -20.2479 91.8924 1170.44
Little: -39.1448 118.706 1148.37
Thumb: 87.4456 98.3274 1130.02
Index: 15.973 47.7008 1127.92
Middle: -31.1009 18.0635 1094.2
Ring: -14.7346 111.352 1175.77
Little: -45.4531 119.636 1150.52
Thumb: 82.1483 98.0897 1141.39
Index: -2.74683 25.6482 1132.58
Middle: -34.0836 16.6356 1097.99
Ring: -29.2494 111.052 1176.54
Little: -43.1761 57.3362 1094.2
Thumb: 67.5918 98.004 1157.82
Index: -20.6733 27.8016 1147.86
Middle: -35.6744 14.1721 1099.49
Ring: -45.0591 125.891 1162.63
Little: -48.5195 58.6271 1088.66
Thumb: 28.9595 109.05 1199.86
Index: -36.5776 34.8338 1105.78
Middle: -38.6245 18.4758 1103.31
Ring: -77.172 103.831 1129.43
Little: -40.5604 61.9242 1078.1
Thumb: 63.6477 151.564 1225.52
Index: -40.8736 34.2337 1106.89
Middle: -42.9845 17.8164 1105.45
Ring: -56.9301 37.5223 1091.01
Little: -35.1847 54.5003 1067.31
Thumb: 64.9255 179.573 1219.3
Index: -42.8034 36.686 1117.37
Middle: -47.4069 25.1888 1111.14
Ring: -54.1626 40.341 1092.47
Little: -34.9886 57.6213 1065.38
Thumb: 53.0984 206.017 1221.41
Index: -45.3837 38.7657 1115.86
Middle: -51.4147 27.8404 1109.84
Ring: -55.0986 42.0448 1089.77
Little: -41.9167 64.6859 1066.11
Thumb: 52.3633 230.669 1209.87
Index: -49.7635 38.1768 1119.14
Middle: -58.4701 30.1893 1110.37
Ring: -58.9216 43.3197 1089.79
Little: -45.863 67.3486 1069.08
Thumb: -73.842 151.607 1200.47
Index: -51.0693 35.4758 1116.18
Middle: -60.3292 29.9087 1104.19
Ring: -58.6729 46.3636 1080.16
Little: -37.6778 67.4552 1064.32
Thumb: -92.3092 154.75 1194.92
Index: -62.3163 30.7657 1113.56
Middle: -61.5401 23.9493 1109.17
Ring: -63.6956 46.2755 1080.02
Little: -37.2159 64.1608 1063.34
Thumb: -104.516 159.075 1187.01
Index: -63.028 33.165 1113.91
Middle: -64.6489 26.5115 1108.43
Ring: -59.5346 44.6551 1081.47
Little: -33.5699 65.0339 1065.04
Thumb: -117.36 164.452 1175.53
Index: -50.9015 40.0939 1097.82
Middle: -67.9493 26.2527 1105.04
Ring: -54.4691 37.7223 1084.57
Little: -32.1095 62.5019 1067.52
Thumb: -112.143 167.14 1156.2
Index: -52.9054 39.5152 1112.42
Middle: -71.2888 28.4871 1108.2
Ring: -55.6603 35.715 1087.88
Little: -37.8442 54.9109 1071.39
Thumb: -117.9 166.727 1142.81
Index: -58.8289 38.6151 1110.6
Middle: -74.6667 26.3801 1108.97
Ring: -59.6944 34.5875 1085.15
Little: -37.6071 51.1367 1070.53
Thumb: -123.656 170.509 1134.57
Index: -96.9345 68.6021 1060.03
Middle: -76.8153 26.7618 1105.16
Ring: -60.3617 35.8389 1082.56
Little: -38.3784 51.5248 1077.3
Thumb: -128.597 173.855 1125.89
Index: -98.4003 71.9937 1055.6
Middle: -79.2526 27.2303 1100.78
Ring: -55.2211 53.4865 1077.59
Little: -37.6498 50.6056 1082.76
Thumb: -132.467 175.738 1119.21
Index: -104.05 68.7382 1059.74
Middle: -79.4064 28.5208 1101.9
Ring: -56.1394 54.7533 1076.08
Little: -37.2321 52.0275 1086.4
Thumb: -133.796 175.767 1111.07
Index: -105.516 69.9039 1055.34
Middle: -80.6516 28.3092 1103.46
Ring: -56.1077 53.165 1077
Little: -38.6152 51.4165 1088.87
Thumb: -135.18 174.783 1105.29
Index: -107.173 73.5781 1050.88
Middle: -82.3498 28.4133 1103.96
Ring: -56.1715 54.2187 1078.71
Little: -39.7702 51.2655 1091.61
Thumb: -135.934 175.707 1097.12
Index: -107.99 76.3464 1046.57
Middle: -83.5925 28.5459 1104.05
Ring: -56.9999 49.458 1082.21
Little: -40.4595 50.8132 1095.39
Thumb: -135.193 176.942 1089.3
Index: -109.478 73.2978 1046.06
Middle: -85.7383 27.9761 1104.83
Ring: -58.3907 47.9167 1082.04
Little: -42.1158 49.5437 1098.25
Thumb: -134.728 178.099 1084.59
Index: -103.628 84.7791 1032.87
Middle: -86.0668 29.1084 1101.78
Ring: -57.5308 48.6829 1080.79
Little: -42.2141 51.1937 1100.88
Thumb: -136.613 179.526 1081.78
Index: -105.075 80.4656 1034.14
Middle: -86.9605 29.1802 1099.87
Ring: -58.1885 48.4762 1080.85
Little: -14.3319 87.1172 1032.79
Thumb: -136.138 180.971 1076.89
Index: -101.973 83.9682 1027.73
Middle: -88.1836 30.4675 1095.95
Ring: -58.3078 50.0139 1078.59
Little: -11.1595 88.5829 1031.62
Thumb: -136.257 181.767 1070.17
Index: -102.297 85.1542 1023.18
Middle: -88.2753 30.2888 1092.64
Ring: -58.2867 49.1243 1076.85
Little: -11.7604 86.0062 1030.31
Thumb: -136.228 183.411 1066.1
Index: -100.775 85.5977 1018.74
Middle: -87.9522 29.7544 1088.75
Ring: -57.4792 49.465 1071.74
Little: -10.4181 86.366 1027.46
Thumb: -135.474 184.459 1062.25
Index: -98.9188 87.1977 1014.86
Middle: -87.5236 30.2482 1085.97
Ring: -57.1011 49.1131 1069.6
Little: -8.6554 87.4223 1025.28
Thumb: -133.919 185.427 1058.55
Index: -92.3858 98.7995 1009.27
Middle: -86.9694 30.5636 1082.92
Ring: -56.6695 47.8916 1068.99
Little: -7.66234 86.0996 1024.72
Thumb: -133.521 185.053 1056.4
Index: -91.4431 100.896 1007.85
Middle: -86.7463 30.5236 1081.4
Ring: -56.4439 47.967 1067.72
Little: -8.4346 85.122 1023.06
Thumb: -133.668 183.96 1055.9
Index: -92.1824 100.404 1007.6
Middle: -86.9599 30.3727 1081.56
Ring: -56.9881 47.1207 1068.06
Little: -8.1339 85.7587 1021.63
Thumb: -133.528 183.939 1054.87
Index: -92.7555 101.026 1006.01
Middle: -86.3085 30.7342 1079.78
Ring: -56.3711 48.1346 1064.84
Little: -4.74501 90.9237 1018.78
Thumb: -134.621 186.104 1056.23
Index: -96.6676 88.5261 1008.15
Middle: -86.7461 30.9509 1078.6
Ring: -38.0111 97.8643 996.148
Little: -5.01119 90.4563 1017.48
Thumb: -133.017 186.08 1055.93
Index: -95.1377 87.8485 1008.59
Middle: -84.6051 31.071 1081.82
Ring: -36.972 95.2085 996.58
Little: -4.31065 89.0307 1017.75
Thumb: -133.978 183.985 1057.64
Index: -92.8426 88.934 1007.76
Middle: -82.1611 31.2315 1084.13
Ring: -35.3848 94.6106 997.25
Little: -3.68062 88.306 1018.84
Thumb: -133.312 182.327 1061.09
Index: -94.9235 78.2826 1015.93
Middle: -78.7182 30.653 1088
Ring: -31.8797 99.0116 997.984
Little: -1.60891 89.598 1019.35
Thumb: -132.753 180.303 1063.75
Index: -88.9994 82.9867 1013.76
Middle: -75.2229 31.5502 1090.46
Ring: -27.5233 102.94 1000.14
Little: 1.62221 91.4755 1021.31
Thumb: -133.885 178.326 1067.48
Index: -87.8497 79.5159 1018.59
Middle: -71.3822 30.8443 1094.02
Ring: -26.8345 104.007 1002.38
Little: 2.66406 93.4754 1022.78
Thumb: -134.062 175.902 1069.73
Index: -83.1982 79.4808 1017.88
Middle: -66.2984 29.3087 1098.78
Ring: -25.3808 99.6986 1003.41
Little: 5.27709 92.3177 1024.4
Thumb: -134.89 172.313 1073.61
Index: -81.1772 87.8035 1020.2
Middle: -60.7109 28.2154 1100.03
Ring: -25.7739 97.9539 1004.79
Little: 6.78607 94.2708 1024.97
Thumb: -134.729 169.23 1075.25
Index: -77.018 86.4097 1019.6
Middle: -55.0166 25.8714 1100.09
Ring: -18.8782 103.195 1005.76
Little: 10.6665 95.911 1025.71
Thumb: -131.045 167.439 1081.07
Index: -72.0764 82.1134 1021.84
Middle: -50.2085 24.4421 1101.64
Ring: -14.8138 99.9068 1007.53
Little: 15.7255 94.987 1027.6
Thumb: -122.276 166.447 1084.08
Index: -65.33 83.5592 1022.14
Middle: -45.8937 21.3332 1100.03
Ring: -8.94124 98.5305 1009.15
Little: 21.3314 91.836 1029.09
Thumb: -115.953 163.342 1087.61
Index: -62.8015 75.9722 1027.69
Middle: -38.8005 18.7447 1100.28
Ring: -6.82695 95.45 1012
Little: -0.050281 47.474 1097.77
Thumb: -111.356 159.407 1086.49
Index: -57.8102 69.6702 1030.52
Middle: -30.7182 14.9117 1104.15
Ring: 0.571402 92.1778 1013.66
Little: 5.49678 43.8601 1098
Thumb: -107.265 153.976 1085.11
Index: -50.5518 72.8978 1029.15
Middle: -23.0893 14.3209 1104.8
Ring: 6.39868 91.9954 1014.68
Little: 13.8101 44.1257 1100.71
Thumb: -102.202 150.225 1085.54
Index: -44.2375 71.5657 1030.14
Middle: -15.8094 13.2125 1107.74
Ring: 12.3333 91.773 1014.27
Little: 42.5107 85.0636 1033.3
Thumb: -96.3502 147.309 1086.95
Index: -37.8113 72.8345 1030.73
Middle: -6.325 12.4477 1108.5
Ring: 16.3099 91.7256 1014.3
Little: 49.7469 88.1163 1033.11
Thumb: -91.6167 144.457 1087.09
Index: -30.2725 66.3562 1028.35
Middle: -1.05021 11.4141 1110.5
Ring: 25.0508 86.8386 1013.83
Little: 56.9928 85.1532 1033.51
Thumb: -87.8836 141.595 1086.12
Index: -23.8011 71.6688 1026.68
Middle: 6.81612 10.7296 1110.51
Ring: 29.4347 89.9472 1013.43
Little: 63.1909 87.435 1032.72
Thumb: -84.5467 143.668 1087.36
Index: -16.0732 70.0609 1025.66
Middle: 15.3172 9.61918 1108.77
Ring: 37.8025 87.3269 1013.42
Little: 70.797 86.1647 1032.96
Thumb: -80.661 143.798 1090.8
Index: -9.01217 65.6368 1025.52
Middle: 22.817 8.91508 1103.14
Ring: 45.3232 86.6042 1013.17
Little: 76.1826 84.5108 1033.91
Thumb: -76.6202 143.221 1093.22
Index: -2.30775 68.4341 1023.96
Middle: 28.8706 8.42837 1103.97
Ring: 50.1968 83.5794 1013.87
Little: 82.6666 87.208 1034.13
Thumb: -68.8799 142.805 1094.06
Index: 4.14089 67.0022 1024.85
Middle: 34.311 9.40544 1108.83
Ring: 56.8299 83.2018 1014.49
Little: 89.6029 87.497 1034.69
Thumb: -65.0967 143.919 1094.22
Index: 10.3535 69.9371 1023.61
Middle: 41.6173 9.32322 1107.01
Ring: 62.8545 85.0869 1014.07
Little: 93.8293 85.1998 1035.49
Thumb: -59.4091 146.497 1093.27
Index: 15.6399 69.2422 1024.82
Middle: 46.4427 9.31137 1103.05
Ring: 68.7396 85.6636 1014.73
Little: 99.5597 84.9563 1035.89
Thumb: -55.7794 148.939 1096.89
Index: 18.1457 69.1233 1025.92
Middle: 49.8961 7.89127 1107.68
Ring: 70.3925 80.854 1015.3
Little: 102.037 81.3565 1035.82
Thumb: -52.8188 151.074 1103.65
Index: 16.2987 66.174 1029.1
Middle: 48.4601 6.40982 1108.53
Ring: 71.6696 89.2104 1015.4
Little: 102.112 83.0606 1034.3
Thumb: -49.0123 152.864 1114.03
Index: 9.8081 58.0442 1037.86
Middle: 46.0581 7.44819 1113
Ring: 63.7316 84.4384 1016.27
Little: 97.895 83.7969 1032.08
Thumb: -41.3808 152.811 1120.09
Index: 5.70195 49.0674 1054.72
Middle: 38.7533 11.0335 1111.5
Ring: 43.6466 23.5916 1108.83
Little: 92.8108 82.3223 1032.34
Thumb: -36.0273 158.068 1132.14
Index: -0.923931 51.4243 1072.56
Middle: 33.8768 15.9114 1118.28
Ring: 53.2813 21.2996 1102
Little: 84.0071 89.0234 1029.25
Thumb: -29.935 161.069 1139.71
Index: 2.03738 53.806 1081.39
Middle: 32.1202 20.4131 1119.43
Ring: 46.1213 26.6037 1095.71
Little: 74.5678 68.4071 1056.43
Thumb: -22.6976 165.743 1152.19
Index: 4.91994 55.4628 1091.77
Middle: 29.4539 26.7921 1122.54
Ring: 39.1543 33.5517 1098.47
Little: 71.1924 82.9751 1051.85
Thumb: -18.2945 166.301 1159.47
Index: 39.7446 42.7902 1108.92
Middle: 29.7228 29.0402 1124.92
Ring: 36.0812 36.5619 1100.17
Little: 61.1442 85.2296 1045.42
Thumb: -11.8476 166.713 1163.07
Index: 37.5724 48.6385 1105.61
Middle: 35.3675 31.9019 1128.73
Ring: 35.8975 41.2221 1103.68
Little: 70.1973 104.148 1041.97
Thumb: -5.88077 167.25 1169.3
Index: 33.0456 51.8522 1106.83
Middle: 37.1852 30.8052 1129.26
Ring: 35.1876 40.6302 1105.57
Little: 63.4655 106.419 1037.71
Thumb: 2.91244 168.144 1175.65
Index: 33.5094 53.9626 1107.39
Middle: 39.5422 32.2101 1126.42
Ring: 35.6603 43.1422 1106.7
Little: 57.0961 104.83 1038.56
Thumb: 13.9175 170.997 1180.73
Index: 34.34 56.7076 1105.78
Middle: 39.1365 33.9992 1121.2
Ring: 37.065 45.2275 1105.85
Little: 56.3575 109.002 1035.17
Thumb: 25.1134 174.217 1185.31
Index: 33.3057 58.0478 1105.24
Middle: 38.4621 35.647 1121.21
Ring: 37.0304 46.9308 1108.41
Little: 53.7531 110.443 1033.4
Thumb: 33.3598 174.84 1186.77
Index: 33.265 61.473 1105.57
Middle: 39.1271 40.3031 1128.6
Ring: 33.678 50.4962 1105.56
Little: 53.0803 115.124 1032.11
Thumb: 39.7304 172.851 1189.85
Index: 33.0403 62.5198 1107.31
Middle: 38.4545 41.9191 1130.06
Ring: 32.2333 52.4935 1107.72
Little: 70.0645 111.999 1041.84
Thumb: 43.9355 171.984 1190.62
Index: 32.5876 62.9478 1107.68
Middle: 38.5218 42.6477 1130.33
Ring: 28.596 55.6797 1108.15
Little: 69.0181 112.483 1041.37
Thumb: 46.5743 171.598 1191.39
Index: 32.7709 63.1932 1107.75
Middle: 39.0727 42.7257 1130.48
Ring: 28.0444 56.3396 1107.7
Little: 69.335 112.815 1041.34
Thumb: 47.9575 169.693 1192.26
Index: 32.9754 63.9161 1109.51
Middle: 40.2837 43.5128 1133.26
Ring: 25.8629 58.9179 1107.22
Little: 69.8888 114.47 1042.08
Thumb: 48.2455 169.079 1192.87
Index: 31.4174 66.2336 1110.14
Middle: 40.7491 43.2896 1134.42
Ring: 25.7385 58.9575 1108.31
Little: 69.5696 114.345 1042.92
Thumb: 47.2498 166.253 1192.72
Index: 33.2747 63.024 1110.99
Middle: 40.7107 42.6258 1134.7
Ring: 24.3681 58.8085 1108.33
Little: 69.187 114.439 1043.33
Thumb: 43.0038 164.508 1192.21
Index: 32.1288 62.5684 1112.85
Middle: 38.8336 42.6622 1136.67
Ring: 22.0208 59.6681 1109.27
Little: 67.4726 113.075 1045.29
Thumb: 39.6884 162.836 1193.02
Index: 27.2248 64.1735 1113.75
Middle: 35.4809 41.4054 1138.17
Ring: 19.8789 57.5565 1109.67
Little: 66.1281 110.029 1046.54
Thumb: 35.242 159.557 1192.28
Index: 25.6766 64.4645 1114.18
Middle: 32.3886 41.1905 1137.1
Ring: 17.2402 59.189 1107.76
Little: 66.7409 109.387 1047.96
Thumb: 32.1607 158.34 1190.47
Index: 23.3921 65.4651 1114.41
Middle: 29.5767 42.1966 1139.23
Ring: 14.5012 59.9961 1107.28
Little: 65.903 107.673 1048.93
Thumb: 27.1617 155.95 1188.78
Index: 19.6698 66.3488 1114.57
Middle: 25.0534 42.0896 1138.01
Ring: 12.0756 59.661 1106.95
Little: 64.612 107.179 1048.71
Thumb: 21.5999 153.463 1185.55
Index: 17.8548 65.4567 1114.17
Middle: 22.0016 42.127 1138.68
Ring: 9.87619 60.6435 1105.06
Little: 64.9069 105.49 1049.66
Thumb: 14.0786 148.426 1180.54
Index: 15.225 64.9763 1113.73
Middle: 18.8519 40.8913 1137.89
Ring: 6.90381 59.8717 1104.26
Little: 64.3615 104.508 1050.71
Thumb: 9.45631 146.663 1175.53
Index: 13.5468 66.1393 1114.46
Middle: 17.7438 42.1196 1140.33
Ring: 4.66192 61.6048 1104.5
Little: 61.761 105.273 1050.5
Thumb: 3.65805 142.237 1171.9
Index: 10.9992 65.5325 1114.28
Middle: 17.6055 39.7993 1143.66
Ring: 3.24128 60.1748 1103.51
Little: 60.2725 102.814 1051.53
Thumb: -1.53331 139.214 1169.72
Index: 8.10743 60.5439 1115.06
Middle: 13.7586 36.6083 1143.43
Ring: 0.890856 55.0471 1105.39
Little: 58.5997 99.0706 1051.46
Thumb: -6.51637 134.946 1164.16
Index: 10.9458 52.0299 1115.47
Middle: 11.1468 37.5126 1140.54
Ring: 7.04494 46.2557 1113.38
Little: 58.8253 97.7173 1051.9
Thumb: -10.6786 131.35 1161.95
Index: 11.5846 46.257 1115.51
Middle: 3.84427 43.3543 1137.1
Ring: 12.4659 38.5309 1118.47
Little: 58.4669 95.7536 1052.2
Thumb: -13.6046 127.619 1156.77
Index: 10.4825 43.982 1113.25
Middle: -0.643999 43.8836 1133.03
Ring: 13.4458 37.6273 1116.74
Little: 53.0324 96.1897 1049.58
Thumb: -15.8104 122.217 1153.17
Index: 17.1009 34.865 1115
Middle: -5.41302 44.5588 1129.27
Ring: 7.54902 39.6212 1111.54
Little: 49.2587 95.7386 1046.72
Thumb: -16.5395 118.368 1148.52
Index: 15.8887 33.7673 1110.23
Middle: -8.01574 43.1093 1124.27
Ring: 7.31414 36.8768 1108.64
Little: 48.1575 95.2243 1043.45
Thumb: -16.1698 115.948 1146.22
Index: 13.7223 34.3788 1110.3
Middle: -10.3926 43.1927 1123.81
Ring: 4.00833 38.2845 1106.85
Little: 47.041 94.1814 1043.05
Thumb: -19.1603 114.429 1140.6
Index: 9.68104 36.0954 1107.86
Middle: -13.622 43.3665 1123.91
Ring: 1.87663 39.4976 1106.51
Little: 44.7851 95.093 1042.23
Thumb: -23.4443 113.609 1141.87
Index: 2.19756 36.8485 1108.84
Middle: -19.2314 52.7188 1118
Ring: -3.39793 40.5041 1107.69
Little: 42.2375 93.0842 1044.01
Thumb: -24.6375 114.738 1140.95
Index: -2.03127 38.2583 1114.81
Middle: -24.4185 61.2939 1115.4
Ring: -8.78419 43.4242 1110.87
Little: 42.9563 90.7866 1045.87
Thumb: -23.547 117.963 1138.66
Index: -6.46018 44.46 1122.7
Middle: -28.1484 70.1255 1117.6
Ring: -13.4028 49.4738 1117.65
Little: 44.1502 90.5162 1047.25
Thumb: -24.655 117.253 1135.8
Index: -14.8879 48.1967 1124.91
Middle: -26.5541 77.7919 1114.35
Ring: -17.2802 52.8241 1118.37
Little: 41.2034 87.9733 1048.12
Thumb: -27.7537 116.196 1134.2
Index: -19.5784 48.3122 1125.98
Middle: -27.7331 80.3748 1115.42
Ring: -25.1273 54.0944 1118.74
Little: 36.1755 84.7838 1048.95
Thumb: -28.8848 115.983 1133.68
Index: -23.6343 49.7228 1127.11
Middle: -31.2149 82.2079 1115.34
Ring: -29.8625 56.9538 1117.07
Little: 33.5371 84.0664 1049.93
Thumb: -32.1853 113.346 1132.04
Index: -32.2993 51.9605 1120.94
Middle: -31.9349 84.5498 1110.25
Ring: -32.6514 57.152 1113.64
Little: 25.7131 88.1969 1040.32
Thumb: -35.8302 113.045 1131.81
Index: -38.2533 51.9363 1122.2
Middle: -38.455 89.4997 1102.34
Ring: -37.7838 61.0258 1109.92
Little: 16.5761 90.4549 1030.49
Thumb: -36.7754 113.492 1131.56
Index: -38.2669 90.078 1114.77
Middle: -49.0284 85.6895 1104.33
Ring: -40.0387 62.4528 1109.04
Little: 14.3939 89.799 1029.8
Thumb: -39.0435 113.331 1129.32
Index: -38.6261 89.1263 1114.53
Middle: -65.1945 78.4829 1104.31
Ring: -40.0098 62.008 1108.83
Little: 15.2382 89.8241 1029.84
Thumb: -40.5468 111.76 1127.75
Index: -39.723 90.1131 1114.47
Middle: -51.6035 87.3369 1098.24
Ring: -41.0518 62.8144 1106.95
Little: 12.2991 89.7697 1029.15
Thumb: -43.2413 112.62 1127.93
Index: -41.7475 89.1269 1113.22
Middle: -63.8609 83.136 1095.34
Ring: -42.7976 62.2973 1105.89
Little: 11.4315 89.8855 1028.48
Thumb: -45.4646 113.602 1131.34
Index: -43.995 88.712 1112.21
Middle: -61.4671 85.8385 1090.77
Ring: -44.3309 61.8723 1103.99
Little: 7.98365 89.8803 1027.21
Thumb: -47.1695 115.301 1133.86
Index: -43.8282 84.4598 1113.74
Middle: -67.3264 80.5907 1094.97
Ring: -44.8293 59.6161 1105.62
Little: 8.42368 91.9655 1027.93
Thumb: -48.4862 120.745 1139.23
Index: -41.2896 80.5917 1112.54
Middle: -66.4211 80.3181 1091.07
Ring: -43.5388 55.4121 1103.79
Little: 4.10591 92.3941 1023.55
Thumb: -48.8993 125.242 1142.25
Index: -44.0265 79.7775 1117.88
Middle: -46.6758 73.9257 1099.88
Ring: -40.2636 50.2741 1097.53
Little: -1.12605 100.045 1016.22
Thumb: -48.8573 129.213 1146.22
Index: -39.9952 74.1662 1112.37
Middle: -44.4576 73.9573 1098.42
Ring: -38.4069 54.8287 1090.4
Little: -1.10625 101.121 1015.71
Thumb: -50.1585 133.506 1146.71
Index: -37.7843 70.2612 1108.34
Middle: -43.7322 67.2111 1091.53
Ring: -36.8831 56.6696 1085.93
Little: -0.0714965 100.787 1014.21
Thumb: -51.0534 137.36 1148.87
Index: -33.205 65.0442 1105.94
Middle: -40.9259 63.9688 1089.79
Ring: -36.2689 56.8697 1086.9
Little: -2.98736 99.657 1015.03
Thumb: -52.6809 140.133 1147.67
Index: -32.3643 59.3903 1104.23
Middle: -41.6888 59.9209 1087.05
Ring: -36.4214 55.0496 1084.48
Little: -4.42686 97.4426 1012.76
Thumb: -52.1259 143.353 1149.8
Index: -29.3771 48.7432 1102.8
Middle: -32.8408 51.0115 1094.15
Ring: -35.685 52.5896 1083.17
Little: -5.5435 97.4083 1010.86
Thumb: -52.4962 145.343 1148.63
Index: -25.7171 46.954 1100.86
Middle: -31.5149 51.5265 1089.06
Ring: -34.5071 47.4996 1082.12
Little: -5.68952 98.7971 1008.82
Thumb: -54.3972 147.289 1149.11
Index: -23.522 43.5642 1100.04
Middle: -29.6893 49.8227 1087.77
Ring: -31.6414 43.2437 1079.75
Little: -7.28864 97.2594 1009.1
Thumb: -55.9812 149.632 1149.27
Index: -21.5981 40.9236 1098.44
Middle: -27.5523 49.7617 1084.05
Ring: -29.0653 41.3941 1076.29
Little: -6.49553 97.3686 1008.24
Thumb: -57.6425 151.161 1145.09
Index: -29.3683 45.0715 1101.7
Middle: -21.275 59.3855 1074.86
Ring: -22.6221 34.1043 1075.76
Little: -4.50984 97.0674 1008.26
Thumb: -59.5369 153.209 1143.47
Index: -21.2919 41.8107 1096.65
Middle: -17.5388 54.6399 1073.87
Ring: -15.2538 31.105 1074.44
Little: -0.48194 97.6881 1007.82
Thumb: -67.9027 154.732 1138.51
Index: -11.6122 39.5597 1099.11
Middle: -12.1954 27.3439 1078.59
Ring: -5.13133 28.8839 1076.65
Little: 7.26666 97.9017 1010.88
Thumb: -78.9458 157.606 1132.83
Index: -7.31968 36.9401 1100.4
Middle: -5.32846 24.602 1081.02
Ring: 3.32903 25.8709 1078.67
Little: 16.0566 96.6932 1015.63
Thumb: -84.5079 159.627 1122.69
Index: -7.72811 37.8422 1104.81
Middle: -8.39688 25.2399 1093.59
Ring: 6.5871 25.972 1083.27
Little: 24.7365 92.8438 1020.44
Thumb: -88.8452 162.168 1113.54
Index: -41.0023 66.1517 1063.3
Middle: -10.5383 35.2702 1094.02
Ring: 9.76091 26.4243 1089.15
Little: 33.7468 93.0147 1026.74
Thumb: -92.474 164.478 1105.51
Index: -43.6131 51.5915 1068.57
Middle: -12.0017 30.9122 1093.19
Ring: 9.88509 27.1704 1089.87
Little: 43.2745 93.7315 1041.84
Thumb: -94.6883 163.797 1098.83
Index: -45.4607 56.3183 1064.06
Middle: -11.5438 25.5245 1098.6
Ring: 10.2074 42.8382 1084.14
Little: 44.2747 91.0678 1048.43
Thumb: -93.6945 161.572 1094.82
Index: -46.2235 62.5828 1058.39
Middle: -12.9008 27.0098 1098.02
Ring: 10.2414 47.1835 1085.33
Little: 44.4851 89.3271 1053.53
Thumb: -92.2784 156.726 1090.12
Index: -45.0232 63.5666 1056.94
Middle: -12.2842 26.6808 1100.05
Ring: 12.0775 48.9245 1090.14
Little: 30.0153 63.643 1058.14
Thumb: -90.8004 154.724 1087.21
Index: -42.2616 72.0798 1049
Middle: -12.1969 26.3961 1096.92
Ring: 12.6878 48.3231 1089
Little: 34.2971 65.7687 1056.22
Thumb: -87.4495 150.975 1082.61
Index: -42.7274 65.8851 1048.08
Middle: -13.8363 23.0415 1093.17
Ring: 10.3094 40.0378 1082.65
Little: 21.4036 40.8788 1104.65
Thumb: -84.1684 145.47 1082.77
Index: -43.2989 60.2985 1049.35
Middle: -16.8268 16.8578 1091.9
Ring: 11.4157 87.578 1035.3
Little: 16.7913 38.0158 1096.65
Thumb: -80.5975 139.38 1073.95
Index: -41.5877 63.5211 1041.43
Middle: -17.2381 11.2429 1087.92
Ring: 11.5834 85.3738 1028.56
Little: 16.9878 36.3558 1089.54
Thumb: -79.6423 136.09 1066.38
Index: -43.934 52.5199 1042.17
Middle: -16.7961 9.3903 1075.71
Ring: 3.94972 71.0822 1022.73
Little: 15.7468 32.6997 1080.48
Thumb: -70.9366 127.598 1052.16
Index: -45.6639 47.4572 1042.55
Middle: -19.2575 10.3066 1067.42
Ring: 6.71296 79.6836 1018.16
Little: 14.469 33.3572 1071.61
Thumb: -66.7876 123.849 1045.13
Index: -47.2124 43.3442 1041.96
Middle: -18.3641 10.5775 1058.02
Ring: 4.44714 76.399 1014.81
Little: 13.7839 33.2453 1062.92
Thumb: -37.1547 103.277 1033.17
Index: -47.9314 40.5882 1041.11
Middle: -19.0739 12.4205 1050.85
Ring: -0.491929 73.4764 1012.1
Little: 13.3123 34.6758 1056.8
Thumb: -38.4627 104.89 1028.1
Index: -49.5211 38.8007 1040.79
Middle: -20.77 16.5828 1045.75
Ring: -2.51647 74.6496 1010.02
Little: 11.3946 35.3619 1050.94
Thumb: -38.3817 106.064 1027.76
Index: -50.6358 40.5187 1040.49
Middle: -21.858 18.6251 1042.33
Ring: -4.94115 76.3051 1009.52
Little: 11.4206 38.3794 1047.22
Thumb: -39.3421 105.373 1027.95
Index: -52.5317 42.5428 1040.24
Middle: -24.4891 20.7026 1039.51
Ring: -9.32213 76.8117 1007.98
Little: 9.55109 40.6536 1042.74
Thumb: -39.593 105.454 1028.3
Index: -54.1841 51.4209 1039.07
Middle: -25.7177 21.0763 1038.27
Ring: -13.8355 77.7184 1007.27
Little: 7.12172 41.6637 1039.35
Thumb: -40.1216 106.056 1027.34
Index: -56.3446 53.5011 1039.2
Middle: -27.946 23.0019 1037.12
Ring: -15.938 80.3436 1006.42
Little: 5.7188 43.7848 1037.44
Thumb: -40.9674 103.87 1024.28
Index: -58.6964 49.9907 1032.38
Middle: -28.1733 20.1829 1035.1
Ring: -18.2461 79.1016 1003.54
Little: 4.11855 41.7825 1035.42
Thumb: -41.432 102.228 1022.6
Index: -59.4034 57.5382 1028.63
Middle: -27.9787 19.8543 1035.09
Ring: -17.7338 78.1197 1002.38
Little: 4.27039 41.3594 1035.47
Thumb: -40.3438 101.18 1018.91
Index: -60.5143 63.8961 1021.93
Middle: -29.0649 22.2823 1029.51
Ring: -16.1644 77.561 998.116
Little: 2.25469 39.1322 1034.25
Thumb: -42.7404 99.9701 1016.49
Index: -62.3555 65.5885 1017.65
Middle: -29.4994 23.7982 1025.59
Ring: -17.5188 76.5889 995.008
Little: 0.403337 37.3222 1032.83
Thumb: -44.8072 99.4728 1017.04
Index: -64.3831 71.8915 1022.39
Middle: -32.4923 22.9802 1026.68
Ring: -22.4674 77.9498 995.048
Little: -4.49577 35.6469 1034.6
Thumb: -45.4367 101.27 1017.33
Index: -63.1063 70.1195 1025.17
Middle: -33.7682 22.4071 1028.9
Ring: -22.9622 80.093 995.374
Little: -6.12297 36.3066 1037.37
Thumb: -44.7571 102.075 1016.06
Index: -61.9347 68.9469 1024.76
Middle: -33.7237 21.8395 1028.99
Ring: -22.6637 82.5128 994.166
Little: -6.50173 35.9202 1039.21
Thumb: -44.1388 101.38 1013.85
Index: -61.7545 68.9213 1022.21
Middle: -33.1957 21.8933 1027.46
Ring: -23.1127 80.9042 992.353
Little: -6.78092 34.2368 1041
Thumb: -47.5807 102.026 1012.48
Index: -60.2043 69.6689 1020.8
Middle: -29.0713 22.4213 1026.23
Ring: -20.9395 81.2598 990.667
Little: -7.5551 34.499 1040.44
Thumb: -45.7904 102.086 1012.58
Index: -59.8095 71.6708 1026.95
Middle: -28.8439 21.5989 1027.67
Ring: -21.0788 82.2098 990.588
Little: -8.16286 35.903 1040.54
Thumb: -46.1733 102.375 1012.88
Index: -61.2645 72.7079 1028.22
Middle: -30.5187 22.9245 1027.17
Ring: -21.7767 82.7229 990.391
Little: -9.50537 34.4417 1042.81
Thumb: -47.3549 99.2204 1015.23
Index: -63.3836 65.8802 1026.89
Middle: -32.4896 24.2879 1030.77
Ring: -9.65871 12.3094 1034.6
Little: 13.9787 75.3348 1006.97
Thumb: -47.2694 98.5749 1021.48
Index: -64.8776 66.9906 1032.23
Middle: -34.1184 24.2905 1039.11
Ring: -12.4326 12.5877 1040.01
Little: 18.1306 95.5463 1029.34
Thumb: -50.0633 100.587 1028.66
Index: -66.1917 65.232 1039.72
Middle: -35.5065 20.8437 1045.08
Ring: -14.6167 13.4565 1043.45
Little: 16.9002 96.4174 1033.39
Thumb: -77.3138 111.95 1051.26
Index: -66.9315 60.4704 1050.4
Middle: -36.5245 19.8448 1056.98
Ring: -15.3228 13.1889 1054.92
Little: 16.55 99.8672 1042.78
Thumb: -80.929 112.778 1065.16
Index: -68.9287 57.8224 1065.85
Middle: -41.1877 16.3218 1071.73
Ring: -21.7302 11.1284 1071.17
Little: 16.527 96.7952 1053.31
Thumb: -78.4757 114.591 1075.3
Index: -66.4981 54.7617 1087.82
Middle: -48.3969 34.0977 1078.91
Ring: -31.0762 14.5396 1086.5
Little: 13.5315 96.3394 1060.88
Thumb: -77.8595 119.687 1088.17
Index: -68.5674 55.3941 1109.11
Middle: -56.5269 37.0288 1101.4
Ring: -40.8167 26.2087 1093.7
Little: 12.4474 90.09 1071.16
Thumb: -75.778 125.891 1100.23
Index: -65.9304 61.3032 1129.77
Middle: -58.0664 40.8496 1118
Ring: -42.4163 20.7864 1121.64
Little: 9.89721 87.7189 1075.47
Thumb: -75.1283 132.767 1109.84
Index: -59.7321 67.2878 1144.58
Middle: -53.3671 43.6236 1130.28
Ring: -39.5888 26.9321 1127.41
Little: 13.0027 95.4927 1082.89
Thumb: -70.4059 139.553 1114.39
Index: -53.7287 72.885 1154.39
Middle: -45.8736 46.5529 1145.84
Ring: -33.6007 32.3596 1140.6
Little: 17.3105 98.8849 1087.91
Thumb: -69.7747 145.394 1121.47
Index: -51.4963 75.1665 1157.15
Middle: -40.6963 49.9878 1151.65
Ring: -29.0475 35.1995 1145.66
Little: 22.5297 101.177 1095.89
Thumb: -65.857 151.117 1127.09
Index: -48.9869 80.0122 1159.38
Middle: -34.909 54.2194 1158.76
Ring: -23.1675 40.2676 1156.46
Little: 26.4157 105.442 1096.64
Thumb: -61.8525 153.689 1133.7
Index: -43.0682 83.3272 1163.41
Middle: -28.1425 58.6721 1161.73
Ring: -15.6669 44.3789 1163.77
Little: 29.5775 106.807 1095.54
Thumb: -56.6119 156.187 1137.84
Index: -39.1609 84.7943 1162.13
Middle: -24.1613 59.7328 1162.43
Ring: -10.7667 44.6854 1164.37
Little: 32.845 109.348 1093.66
Thumb: -53.2328 156.665 1137.02
Index: -34.4037 84.0129 1160.66
Middle: -18.3288 59.4225 1159.79
Ring: -5.63755 44.8424 1161.37
Little: 37.5109 110.538 1092.1
Thumb: -48.585 157.277 1134.65
Index: -30.432 85.2784 1159.84
Middle: -13.773 60.8722 1158.9
Ring: -1.04743 46.517 1161.85
Little: 44.4058 110.904 1093.01
Thumb: -45.0886 156.446 1136.41
Index: -25.3955 78.2487 1157.56
Middle: -10.4892 56.0096 1153
Ring: 3.03924 42.1827 1154.63
Little: 45.1323 110.453 1085.18
Thumb: -44.2902 151.466 1136.82
Index: -19.7033 70.037 1152.15
Middle: -4.87775 50.2514 1144.38
Ring: 10.2519 36.3772 1146.07
Little: 47.6395 111.507 1080.59
Thumb: -39.5071 146.629 1139.92
Index: -9.70986 62.7566 1148.96
Middle: 1.81937 44.4119 1133.58
Ring: 21.2546 32.2801 1138.95
Little: 48.9402 111.765 1070.86
Thumb: -39.0697 139.564 1137.97
Index: 0.165633 54.0095 1144.07
Middle: 7.17511 40.6738 1128.69
Ring: 29.2406 28.1597 1131.8
Little: 48.7238 111.169 1064.43
Thumb: -37.12 133.338 1138.46
Index: 3.52615 48.209 1137.9
Middle: 7.75905 37.8272 1122.63
Ring: 28.5227 23.744 1118.95
Little: 50.7504 109.77 1061.85
Thumb: -32.0318 126.548 1133.75
Index: 9.06506 43.818 1143
Middle: 8.43986 34.6498 1123.15
Ring: 22.8705 23.1683 1117.69
Little: 53.7185 108.48 1061.19
Thumb: -29.1999 124.004 1133.94
Index: 4.08423 44.352 1142.47
Middle: 6.59286 33.9419 1122.82
Ring: 14.3468 23.9878 1113.59
Little: 51.9923 105.297 1058.2
Thumb: -18.8169 125.575 1133.67
Index: 3.54277 55.4254 1143.98
Middle: 0.823429 42.7194 1137.52
Ring: 9.7654 32.4535 1119.59
Little: 45.322 100.388 1049.2
Thumb: -14.9925 126.264 1134.78
Index: -1.88102 61.9811 1146.91
Middle: -6.31096 49.7123 1142.38
Ring: 1.02636 39.1808 1124.35
Little: 45.2237 99.3272 1052.28
Thumb: -12.9714 123.363 1131.08
Index: -43.4692 114.758 1085.82
Middle: -13.4861 52.3557 1146.1
Ring: -2.77404 43.2376 1129.94
Little: 53.1082 86.2456 1048.72
Thumb: -14.2238 120.027 1130.24
Index: -48.9091 102.775 1094.66
Middle: -16.0247 57.5247 1141.19
Ring: -7.00867 47.1104 1131.37
Little: 45.6676 92.6572 1049.06
Thumb: -13.7662 118.628 1128.75
Index: -36.4721 120.196 1094.85
Middle: -14.9249 58.4292 1142.72
Ring: -7.19101 46.644 1132.13
Little: 43.9958 93.016 1049.91
Thumb: -13.7562 118.128 1129.88
Index: -35.991 117.027 1096.96
Middle: -16.0043 57.7856 1147.32
Ring: -8.04243 47.7488 1131.75
Little: 44.6119 91.7726 1050.83
Thumb: -12.0143 116.828 1132.27
Index: -46.4705 103.673 1092.06
Middle: -18.0601 60.1059 1151.48
Ring: -8.70925 48.6456 1135.58
Little: 46.8158 88.8044 1053.6
Thumb: -12.32 117.914 1133.21
Index: -43.9513 115.331 1089.91
Middle: -19.8719 62.4286 1153.04
Ring: -10.7873 50.6375 1137.98
Little: 45.519 86.9346 1052.31
Thumb: -12.5689 119.01 1134.17
Index: -43.7871 116.97 1089.17
Middle: -22.3503 64.5716 1150.35
Ring: -11.1797 51.026 1139.55
Little: 46.7621 86.3902 1053.19
Thumb: -14.8708 117.979 1134.45
Index: -48.8542 112.414 1090.4
Middle: -25.8719 68.4987 1137.44
Ring: -15.0135 49.5289 1137.64
Little: 43.0771 85.9661 1051.98
Thumb: -16.4173 118.163 1134.66
Index: -48.9962 116.45 1092.51
Middle: -27.5626 72.1059 1130.66
Ring: -18.8722 50.9965 1139.17
Little: 39.178 84.4429 1051.17
Thumb: -16.7745 119.189 1135.74
Index: -52.5169 111.949 1092.82
Middle: -28.4273 72.7628 1131.18
Ring: -18.9113 51.0731 1139.74
Little: 38.7534 85.6797 1051.49
Thumb: -16.924 118.21 1135.31
Index: -54.8021 108.457 1110.28
Middle: -27.9345 75.3377 1131.95
Ring: -19.2334 50.9289 1142.29
Little: 37.6321 85.7005 1052.25
Thumb: -17.3536 119.547 1136.95
Index: -56.2517 107.189 1110.28
Middle: -27.6101 75.0693 1131.27
Ring: -18.8216 51.1451 1142.56
Little: 37.8868 84.2023 1051.35
Thumb: -16.9945 119.539 1137.24
Index: -56.287 107.017 1110.42
Middle: -27.0109 75.3128 1131.45
Ring: -18.8188 51.0414 1142.34
Little: 37.9794 83.8825 1051.23
Thumb: -16.5872 120.847 1138.79
Index: -55.6204 107.781 1109.86
Middle: -27.3023 74.7373 1133.01
Ring: -18.9101 51.5825 1142.29
Little: 38.5987 82.6664 1050.95
Thumb: -16.6145 121.019 1139.01
Index: -55.5725 107.831 1109.72
Middle: -27.1245 74.8852 1132.75
Ring: -18.9411 51.6031 1142.16
Little: 38.5541 82.7688 1050.92
Thumb: -16.2828 122.184 1140.42
Index: -56.0368 108.806 1110.16
Middle: -27.0374 75.0542 1132.44
Ring: -18.9504 51.6602 1141.96
Little: 39.1694 81.357 1050.52
Thumb: -16.5783 122.049 1139.51
Index: -53.3686 112.007 1108.56
Middle: -27.3458 76.1208 1132.39
Ring: -20.1379 52.2999 1141.39
Little: 37.5562 85.0276 1052.07
Thumb: -17.729 125.458 1139.6
Index: -52.8298 116.619 1108.6
Middle: -29.4382 77.6157 1134.13
Ring: -21.8506 54.6018 1142.97
Little: 35.3089 88.5476 1053.24
Thumb: -18.8891 129.568 1141.52
Index: -56.0411 119.355 1108.97
Middle: -30.8772 80.4521 1135.64
Ring: -23.0196 55.5765 1143.43
Little: 35.6771 84.8491 1052.99
Thumb: -19.4985 131.587 1144.69
Index: -62.5506 115.457 1114.49
Middle: -31.0202 79.0016 1137.75
Ring: -22.397 53.2914 1143.78
Little: 33.6972 87.6028 1054.67
Thumb: -17.4378 135.182 1148.23
Index: -44.8892 134.655 1097.29
Middle: -27.2156 75.1511 1134.73
Ring: -19.2045 50.2683 1141.14
Little: 36.324 85.5936 1052.47
Thumb: -13.666 139.119 1152.93
Index: -56.0151 124.724 1099.17
Middle: -23.2611 70.6524 1136.35
Ring: -12.1858 47.1963 1139.16
Little: 38.2933 90.8507 1052.96
Thumb: -12.1143 141.002 1158.48
Index: -58.4748 125.434 1100.85
Middle: -19.861 62.218 1138.31
Ring: -10.8117 43.2488 1133.72
Little: 13.2879 90.3591 1044.5
Thumb: -4.83072 144.049 1164.21
Index: -48.9452 137.402 1100.12
Middle: -17.6719 57.4694 1142.64
Ring: -5.40752 41.4848 1134.58
Little: 14.868 90.5181 1043.68
Thumb: 2.04208 146.724 1167.39
Index: -47.4952 139.995 1097.45
Middle: -5.16459 43.3407 1138.99
Ring: 1.08168 40.1674 1130.93
Little: 15.5983 90.5407 1041.43
Thumb: 8.74781 147.571 1171.53
Index: -43.1381 143.785 1100.44
Middle: -6.31262 47.7137 1146.11
Ring: 4.95304 38.8933 1131.2
Little: 40.9458 95.8141 1046.47
Thumb: 15.4942 146.029 1170.63
Index: -10.685 86.5956 1148.06
Middle: 0.423569 42.8733 1143.55
Ring: 9.04134 35.4875 1129.79
Little: 43.7597 90.2939 1055.05
Thumb: 20.4256 143.838 1175.21
Index: -10.1576 79.5223 1154.74
Middle: -3.23853 42.741 1143.52
Ring: 10.4103 32.3386 1128.48
Little: 40.2695 93.5256 1060.41
Thumb: 26.2472 142.008 1174.39
Index: -8.29531 71.8181 1157.29
Middle: 0.918846 39.3262 1144.14
Ring: 14.1164 31.0139 1127.79
Little: 40.9252 91.4067 1059.22
Thumb: 32.1798 139.502 1177.6
Index: -4.91181 71.2456 1156.04
Middle: 8.14693 35.2875 1144.7
Ring: 17.3709 30.2316 1126.41
Little: 40.4292 102.699 1054.5
Thumb: 37.2895 140.282 1172.45
Index: -1.82889 69.2706 1151.02
Middle: 15.329 33.263 1140.07
Ring: 19.0214 29.6674 1119.96
Little: 43.1659 101.232 1049.71
Thumb: 70.0708 253.327 1127.41
Index: 5.47029 67.3532 1144.65
Middle: 27.3967 31.9323 1135.31
Ring: 16.9844 37.4527 1112.83
Little: 47.4064 89.075 1037.27
Thumb: 35.1197 207.852 1138.6
Index: 9.1441 67.1619 1145.24
Middle: 32.576 30.8407 1137.05
Ring: 1.62804 40.9483 1108.74
Little: 46.5533 83.8091 1035.85
Thumb: 73.6043 280.134 1075.49
Index: 17.55 72.0603 1121.25
Middle: 37.7071 37.6559 1136.06
Ring: 1.85047 48.2191 1102.55
Little: 46.7253 87.7517 1030.62
Thumb: 59.49 230.695 1145.56
Index: 21.4994 73.0274 1120.51
Middle: 41.222 36.9768 1133.44
Ring: 2.5437 50.7064 1101.02
Little: 48.0196 93.8639 1031.16
Thumb: 52.6818 215.916 1137.53
Index: 31.4783 63.1695 1123.55
Middle: 43.9715 35.0418 1132.69
Ring: 2.91288 49.1165 1100.91
Little: 47.5954 93.1968 1031.71
Thumb: 48.1086 215.753 1141.48
Index: 31.3799 60.3802 1121.68
Middle: 44.4447 31.2206 1130.32
Ring: 3.48411 46.8639 1102.57
Little: 47.4286 90.8486 1030.63
Thumb: 74.8937 101.113 1103.56
Index: 32.3659 57.3143 1123.68
Middle: 45.6006 27.587 1129.72
Ring: 1.39601 43.6 1102.11
Little: 47.1306 85.3083 1031.7
Thumb: 76.55 101.139 1103.25
Index: 30.9578 56.0128 1122.02
Middle: 47.5767 25.7697 1125.98
Ring: 1.7911 43.9876 1102.04
Little: 45.7225 86.6087 1030.72
Thumb: 75.2165 98.7819 1102.29
Index: 42.9259 42.458 1123.61
Middle: 44.6867 24.1882 1123.29
Ring: -0.0803089 44.1577 1101.18
Little: 30.6945 91.0592 1024.58
Thumb: 76.649 97.0853 1107.84
Index: 38.6086 39.8651 1116.26
Middle: 36.5673 23.508 1116.58
Ring: -2.46105 47.7202 1101.14
Little: 26.7636 96.6203 1021.08
Thumb: 45.2002 79.8788 1112.33
Index: 34.1145 32.0177 1141.38
Middle: 10.8528 15.0601 1105.97
Ring: -19.222 49.5741 1129.84
Little: 1.43613 119.602 1087.31
Thumb: 64.8118 64.4794 1127.26
Index: 48.409 106.195 1188.55
Middle: 0.48721 20.7011 1100.15
Ring: -22.9775 52.6454 1125.94
Little: -2.71452 125.347 1091.77
Thumb: 151.509 106.221 1159.12
Index: 40.8986 93.273 1187.4
Middle: -6.69551 23.6188 1094.98
Ring: -27.1161 53.0057 1120.67
Little: -5.78301 127.956 1091.9
Thumb: 126.108 91.6697 1160.69
Index: 38.309 90.8946 1186.77
Middle: -5.29407 22.9835 1092
Ring: -27.1749 53.1394 1120.61
Little: -8.21682 73.0609 1100.08
Thumb: 127.425 93.1116 1157.89
Index: 38.0968 91.4462 1185.73
Middle: -3.22784 19.5916 1087.79
Ring: -28.8979 52.6906 1125.65
Little: -8.95778 63.4619 1101.25
Thumb: 129.142 92.3194 1152.63
Index: 50.3832 97.4231 1182.92
Middle: -3.24833 19.3979 1088.43
Ring: -26.515 56.3716 1132.59
Little: -11.7363 63.2358 1099.02
Thumb: 131.401 91.225 1146.17
Index: 53.885 97.8187 1180.92
Middle: -3.02969 18.6165 1087.96
Ring: -4.06019 103.101 1163.16
Little: -13.3111 58.6325 1093.8
Thumb: 135.13 93.0453 1139.46
Index: 58.8742 96.2843 1178.23
Middle: -3.20644 17.2472 1088.59
Ring: -0.410219 101.3 1164.53
Little: -15.3648 56.4217 1093.47
Thumb: 134.881 96.5593 1131.73
Index: 58.6945 95.3142 1176.26
Middle: -2.54192 17.8626 1090.73
Ring: 2.62763 102.828 1165.2
Little: -14.9453 54.0263 1089.56
Thumb: 134.772 97.3586 1122.45
Index: 64.7218 93.7759 1172.77
Middle: -2.11294 16.8443 1087.02
Ring: 8.38626 103.606 1166.72
Little: -14.2725 52.9154 1089.96
Thumb: 132.984 99.9603 1117.46
Index: 67.2781 94.4922 1169.54
Middle: -1.85436 20.5537 1082.35
Ring: 10.5819 103.774 1165.56
Little: -11.8049 56.5794 1088.95
Thumb: 132.104 98.0489 1111.29
Index: 67.1448 93.9665 1166.86
Middle: -3.42422 20.5147 1082.37
Ring: 10.7547 103.626 1163.95
Little: -13.0809 57.5379 1087
Thumb: 130.443 97.9412 1110.24
Index: 62.2821 89.3863 1165.14
Middle: -4.26418 20.9716 1079.97
Ring: 9.5853 104.752 1161.15
Little: -12.4375 58.0005 1083.79
Thumb: 131.367 98.0876 1106.4
Index: 62.5039 90.5366 1161.71
Middle: -5.04971 20.4447 1074.73
Ring: 8.44647 103.82 1158.88
Little: -14.497 56.8215 1080.42
Thumb: 130.874 98.3341 1102.11
Index: 63.6272 89.7123 1158.84
Middle: -5.02078 22.2188 1071.12
Ring: 10.6868 107.632 1156.25
Little: -15.4813 58.8434 1076.59
Thumb: 130.894 99.2433 1100.37
Index: 60.6879 86.2755 1154.84
Middle: -6.20343 22.1443 1070.54
Ring: 12.1177 107.288 1154.37
Little: -13.4763 59.8998 1077.22
Thumb: 130.872 99.1812 1099.37
Index: 60.316 85.5101 1153.41
Middle: -6.58072 22.2041 1070.19
Ring: 12.2021 107.089 1152.84
Little: -13.2651 59.5305 1074.99
Thumb: 128.281 98.7086 1095.64
Index: 61.6847 86.5155 1149.51
Middle: -6.75992 21.593 1066.92
Ring: 10.4233 108.485 1149.81
Little: -13.8321 59.857 1072.72
Thumb: 128.18 98.8075 1096.66
Index: 59.4929 85.1353 1149.03
Middle: -7.57129 21.9306 1066.59
Ring: 10.4007 110.201 1149.07
Little: -14.7005 60.356 1072.12
Thumb: 127.898 98.8047 1095.87
Index: 61.3149 88.5366 1148.64
Middle: -7.43766 21.9795 1067.6
Ring: 8.38007 107.312 1148.26
Little: -15.2972 60.3299 1070.09
Thumb: 129.871 99.7274 1094.46
Index: 63.7055 91.9397 1147.72
Middle: -6.4972 22.08 1066.16
Ring: 8.18271 104.342 1147.9
Little: -14.7701 60.7955 1070.45
Thumb: 130.036 101.422 1096.25
Index: 62.1882 90.4113 1148.07
Middle: -6.89222 21.6889 1066.06
Ring: 9.83645 108.719 1147.44
Little: -15.3868 60.5598 1069.58
Thumb: 129.895 100.612 1098.96
Index: 59.7473 88.6911 1149.59
Middle: -7.18429 20.5995 1068.97
Ring: 6.26403 102.929 1148.57
Little: -15.1231 59.2773 1068.75
Thumb: 130.117 101.32 1100.29
Index: 59.5395 88.7397 1149.7
Middle: -7.20322 20.672 1069.36
Ring: 5.92424 102.873 1148.52
Little: -15.2857 59.5628 1070.29
Thumb: 129.158 100.238 1102.19
Index: 59.3837 89.5716 1150.38
Middle: -7.94529 20.4312 1073.9
Ring: 4.18925 101.258 1148.17
Little: -15.4045 59.0852 1070.2
Thumb: 128.848 99.7573 1104.49
Index: 58.2251 89.1123 1151.8
Middle: -7.02108 20.5854 1076.16
Ring: 2.72386 100.582 1148.08
Little: -14.2705 58.7038 1069.45
Thumb: 126.8 99.7058 1110.19
Index: 58.0748 89.6916 1155.49
Middle: -5.98573 19.071 1078.93
Ring: 3.83317 115.156 1148.66
Little: -13.3077 57.7214 1072.94
Thumb: 128.735 100.19 1110.49
Index: 60.6381 91.1413 1156.79
Middle: -3.90306 17.9115 1082.3
Ring: 4.84653 113.957 1150.94
Little: -12.9461 57.021 1073.86
Thumb: 128.972 99.8972 1112.51
Index: 57.8357 87.5029 1159.67
Middle: -3.84521 17.396 1087.09
Ring: 2.60498 104.742 1154.4
Little: -13.0855 55.7351 1076.39
Thumb: 131.107 98.5032 1114.91
Index: 58.5 88.214 1163.17
Middle: -3.40559 16.4865 1092
Ring: 1.50668 97.659 1157.12
Little: -12.4762 55.0683 1080.06
Thumb: 133.826 99.3108 1116.52
Index: 60.1464 88.0449 1165.59
Middle: -2.32419 15.6518 1095.52
Ring: 3.05181 96.8745 1160.24
Little: -11.3812 53.3115 1081.56
Thumb: 135.593 101.26 1120.99
Index: 59.6995 87.4256 1168.32
Middle: -2.25039 15.2235 1097.92
Ring: 3.51712 97.0298 1162.97
Little: -10.9954 52.9474 1083.73
Thumb: 136.828 103.531 1123.82
Index: 58.9049 88.1063 1172.02
Middle: -2.12563 14.0159 1099.58
Ring: 3.5682 98.272 1166.44
Little: -10.8923 52.3823 1088.09
Thumb: 133.601 104.046 1131.07
Index: 56.7452 89.8852 1176.72
Middle: -1.3634 13.8687 1103.11
Ring: 3.16139 98.9271 1170.44
Little: -9.63339 51.7601 1093.48
Thumb: 128.633 101.13 1139.18
Index: 57.8661 93.2314 1181.75
Middle: -1.99749 13.1927 1106.54
Ring: 1.59062 103.665 1173.88
Little: -10.684 52.0543 1097.95
Thumb: 121.705 98.0379 1155.66
Index: 52.9392 93.926 1188.2
Middle: -1.26064 13.9174 1107.74
Ring: 2.86434 115.492 1172.63
Little: -9.64988 54.1023 1098.44
Thumb: 122.892 100.043 1162.56
Index: 47.5702 92.0213 1194.13
Middle: -0.0581264 14.8807 1110.33
Ring: -3.66045 108.049 1178.12
Little: -7.74909 54.6862 1102.68
Thumb: 127.248 101.381 1160.27
Index: 49.9379 92.2718 1196.54
Middle: -0.0553513 14.4737 1110.01
Ring: -7.77839 89.3367 1180.52
Little: -7.30201 53.5881 1101.24
Thumb: 136.249 108.404 1147.83
Index: 61.1134 85.9765 1196.66
Middle: 0.419278 16.236 1113.49
Ring: -15.6586 36.6029 1131.41
Little: -17.091 113.877 1168.56
Thumb: 132.143 108.078 1151.28
Index: 61.081 91.4203 1199.71
Middle: -1.84537 16.9038 1112.25
Ring: -17.8478 36.7336 1130.93
Little: -20.7234 114.181 1168.78
Thumb: 116.179 105.521 1168.48
Index: 19.4478 29.3202 1156.73
Middle: -0.651707 16.5791 1108.84
Ring: -22.5009 37.7943 1127.31
Little: -40.4586 77.4342 1135.68
Thumb: 70.0902 105.992 1209.59
Index: 1.35825 27.7892 1124.93
Middle: -1.13227 16.3158 1106.09
Ring: -25.4946 38.028 1103.97
Little: -38.2475 86.4361 1094.66
Thumb: 109.528 150.36 1236.3
Index: 2.22732 34.4143 1113.99
Middle: -0.343916 19.6229 1103.27
Ring: -20.9905 41.8399 1092.64
Little: -17.3243 97.1239 1076.69
Thumb: 99.8496 158.335 1244.18
Index: 4.21486 35.6751 1112.63
Middle: -5.78786 24.8715 1103.36
Ring: -12.8034 41.5846 1086.41
Little: -9.98475 95.249 1070.7
Thumb: 105.329 225.848 1217.91
Index: 2.38956 40.3279 1115.48
Middle: -4.26089 27.7584 1106.05
Ring: -6.64804 41.5944 1087.12
Little: 1.19665 103.674 1070.74
Thumb: 94.2635 227.18 1220.29
Index: 2.27528 38.3801 1114.64
Middle: -5.43895 26.3796 1105.26
Ring: -5.37921 39.2081 1085.88
Little: 3.57943 100.455 1068.32
Thumb: 0.609344 142.488 1208.56
Index: 0.30595 31.2578 1116.78
Middle: -7.77747 35.3799 1080.77
Ring: 1.30663 38.4982 1080.6
Little: 5.04513 86.0913 1055.03
Thumb: -11.1758 139.519 1207.92
Index: -0.752837 32.7135 1115.61
Middle: -4.54241 35.0953 1080.08
Ring: 3.06162 38.9532 1079.89
Little: 7.80856 84.9103 1056.77
Thumb: -24.41 136.314 1200.63
Index: -2.59165 31.3788 1111.24
Middle: -5.58541 36.8781 1075.7
Ring: 3.81631 36.5125 1080.52
Little: 11.6671 83.312 1054.2
Thumb: -33.3444 139.928 1198.36
Index: -8.12182 30.1664 1110.37
Middle: -0.85724 29.7849 1077.66
Ring: 2.40106 36.4214 1079.34
Little: 14.8176 81.7141 1054.16
Thumb: -42.3308 139.804 1187.33
Index: -8.7697 29.921 1107.59
Middle: -0.21647 27.8082 1079.54
Ring: 2.56991 35.8195 1077.6
Little: 21.1272 77.0223 1053.68
Thumb: -48.7555 141.638 1175.65
Index: -6.77655 30.0937 1103.97
Middle: 4.11705 30.7818 1071.73
Ring: 6.51009 33.5573 1079.56
Little: 26.3271 73.3603 1055.11
Thumb: -56.1207 141.457 1158.96
Index: -4.62251 29.9177 1103.55
Middle: 8.92969 27.8964 1072.29
Ring: 9.5219 32.1963 1079.54
Little: 31.9884 70.1031 1056.45
Thumb: -63.1154 145.078 1142.57
Index: -8.14426 25.7823 1103.09
Middle: 2.39516 22.5907 1073.73
Ring: 6.34356 23.0108 1069.22
Little: 34.4681 90.6087 1039.3
Thumb: -71.3811 145.451 1130.25
Index: -6.74784 29.7485 1097.55
Middle: 4.9579 33.9715 1074.7
Ring: 6.57357 35.0081 1066
Little: 38.7906 90.0826 1042.91
Thumb: -74.648 145.456 1122.15
Index: -7.68525 28.6994 1097.38
Middle: -23.4866 74.0073 1023.14
Ring: 9.925 24.3531 1072.88
Little: 42.0208 89.3189 1044.09
Thumb: -76.8236 146.263 1113.95
Index: -8.08553 26.8952 1101.9
Middle: -21.9683 76.339 1020.38
Ring: 9.49166 24.291 1074.41
Little: 42.1957 88.8095 1045.29
Thumb: -78.3498 144.832 1105.13
Index: -9.75418 27.2193 1101.95
Middle: -18.0991 76.3655 1017.68
Ring: 10.1039 21.4884 1076.12
Little: 44.5344 88.2461 1047.68
Thumb: -78.2013 144.422 1103.14
Index: -11.1747 27.1441 1101.62
Middle: -19.8932 79.3674 1016.51
Ring: 9.2188 20.9746 1077.1
Little: 42.4776 86.8884 1046.21
Thumb: -77.7859 145.735 1101.45
Index: -13.062 27.9268 1098.79
Middle: -22.1124 82.2708 1015.47
Ring: 7.91341 21.7108 1076.88
Little: 41.796 85.976 1046.62
Thumb: -77.9772 145.582 1099.15
Index: -15.2523 30.0218 1094.28
Middle: -22.8367 86.8992 1013.93
Ring: 6.76126 22.1896 1077.29
Little: 41.105 84.8315 1046.21
Thumb: -78.8046 146.68 1098.94
Index: -15.695 30.031 1094.69
Middle: -21.4449 79.3055 1013.92
Ring: 6.16173 22.0378 1077.35
Little: 40.7508 83.9559 1047.83
Thumb: -78.5418 146.318 1094.04
Index: -17.5116 30.0192 1095.28
Middle: -23.2102 83.1759 1012.62
Ring: 6.62547 22.2585 1076.84
Little: 41.4651 85.0305 1053.93
Thumb: -76.6382 146.829 1089.63
Index: -18.0049 30.2795 1094.31
Middle: -21.5765 88.1416 1010.09
Ring: 8.54632 20.6539 1078.58
Little: 42.6777 84.9306 1055.54
Thumb: -75.5558 146.977 1086.67
Index: -18.7066 29.9772 1093.73
Middle: -21.0028 88.2595 1009.38
Ring: 9.19265 21.4018 1077.72
Little: 43.0268 84.7197 1056.91
Thumb: -75.5827 146.963 1086.34
Index: -18.7051 30.2048 1093.14
Middle: -20.4758 86.8931 1009.2
Ring: 9.35162 21.495 1077.45
Little: 43.1548 84.7767 1056.77
Thumb: -75.4045 147.429 1083.44
Index: -18.6617 29.5723 1093.2
Middle: -18.5643 86.6055 1008.27
Ring: 10.1124 21.982 1077.14
Little: 43.1177 74.1016 1072.1
Thumb: -75.2252 147.424 1083.36
Index: -18.847 29.9288 1092.72
Middle: -18.3227 92.6502 1008.35
Ring: 10.1133 21.9823 1077.21
Little: 43.2627 74.346 1072.4
Thumb: -75.5054 147.637 1082.82
Index: -18.5818 29.3667 1094.37
Middle: -18.6336 86.6499 1008.81
Ring: 10.1396 22.3712 1078.76
Little: 43.8722 74.0798 1072.98
Thumb: -77.4783 146.292 1082.19
Index: -18.4052 29.2707 1094.33
Middle: -18.464 85.7104 1008.84
Ring: 10.9909 20.9154 1080.3
Little: 43.985 74.1974 1073.67
Thumb: -77.2857 147.43 1082.71
Index: -18.4718 29.2993 1094.73
Middle: -16.8424 85.0741 1009.06
Ring: 11.0127 19.6122 1082.67
Little: 44.1351 74.2114 1075.29
Thumb: -77.8046 147.94 1084.74
Index: -16.2205 26.8998 1104.56
Middle: -16.8337 85.0815 1009.06
Ring: 10.9736 19.6137 1082.6
Little: 44.6258 73.5202 1075.94
Thumb: -78.1492 148.307 1086.28
Index: -16.081 27.2037 1105.77
Middle: -16.8103 84.5558 1009.71
Ring: 10.8022 20.6474 1083.13
Little: 45.0329 73.297 1076.96
Thumb: -78.8791 147.418 1086.04
Index: -16.3157 27.2268 1104.07
Middle: -16.8242 84.484 1009.83
Ring: 10.8856 20.2685 1084.05
Little: 45.2801 73.4517 1076.82
Thumb: -78.8276 147.296 1085.72
Index: -15.3076 26.8143 1105.74
Middle: -15.5504 88.5314 1009.72
Ring: 12.2235 19.7782 1084.72
Little: 46.0596 73.5392 1077.09
Thumb: -79.1914 146.313 1087.09
Index: -15.2577 26.7882 1105.82
Middle: -15.1045 84.7149 1009.73
Ring: 12.351 20.5589 1083.75
Little: 46.1543 73.5792 1077.09
Thumb: -79.3971 145.898 1085.85
Index: -14.5578 27.799 1105.92
Middle: -14.6656 84.5028 1010.37
Ring: 12.7125 19.9747 1085.92
Little: 46.7627 75.1658 1077.01
Thumb: -78.3124 148.028 1086.03
Index: -13.0951 28.5893 1107.16
Middle: -13.2567 85.1667 1010.01
Ring: 13.3025 20.747 1086.26
Little: 47.9271 76.4306 1076.69
Thumb: -76.4228 149.719 1087.51
Index: -12.6368 29.7685 1106.38
Middle: -13.9027 88.3219 1010.65
Ring: 13.3724 22.0876 1086.52
Little: 48.3138 77.4727 1077.11
Thumb: -75.1393 151.964 1088.34
Index: -11.9693 30.8737 1109.44
Middle: -14.4184 88.3759 1010.82
Ring: 13.1416 24.2097 1086.13
Little: 48.249 77.8843 1076.79
Thumb: -73.2922 151.846 1086
Index: -11.5509 30.5624 1107.04
Middle: -12.848 88.2234 1010.94
Ring: 13.8466 24.3494 1084.34
Little: 49.2273 77.9587 1077.26
Thumb: -71.7002 153.063 1084.66
Index: -10.39 31.1153 1106.43
Middle: -10.7641 88.7347 1010.5
Ring: 15.5327 25.7601 1084.74
Little: 50.4884 79.0869 1077.16
Thumb: -66.3509 152.859 1082
Index: -7.50666 32.2616 1105.48
Middle: -8.11649 89.4092 1010.42
Ring: 16.9231 25.9843 1084.44
Little: 53.1042 79.9025 1077.36
Thumb: -63.2101 152.819 1082.76
Index: -4.15603 32.4421 1104.34
Middle: -5.17487 90.5936 1010.03
Ring: 19.342 26.035 1082.91
Little: 56.1888 80.6198 1076.6
Thumb: -58.8513 151.53 1079.76
Index: -0.747566 32.2508 1102.59
Middle: -0.870801 91.6133 1009.26
Ring: 23.6112 26.0138 1083
Little: 60.2648 91.2048 1070.5
Thumb: -51.4214 151.067 1077.13
Index: 4.33357 32.8434 1097.45
Middle: 7.42845 94.2187 1007.76
Ring: 28.5179 28.9779 1077.32
Little: 66.613 94.0573 1070.76
Thumb: -41.015 153.208 1078.02
Index: 10.3097 37.068 1091.68
Middle: 15.3112 99.0404 1008.08
Ring: 33.418 34.2462 1074.37
Little: 73.818 98.3581 1071.74
