Thumb: 32.9554 91.7207 1121.92
Index: -64.5745 28.1944 1098.23
Middle: -101.42 40.8207 1097.63
Ring: -124.543 62.0639 1082.41
Little: -141.773 103.039 1080.87
Thumb: 42.9958 89.9064 1104.33
Index: -68.5938 43.379 1105.05
Middle: -104.415 42.0884 1090.07
Ring: -118.937 60.0398 1089.21
Little: -118.269 116.594 1105.78
Thumb: 29.8332 86.6385 1109.3
Index: -71.3807 38.8807 1099.65
Middle: -105.126 42.5245 1091.3
Ring: -121.964 56.3532 1079.38
Little: -121.4 114.369 1101.37
Thumb: 27.1781 83.0904 1108
Index: -76.0042 33.8847 1095.27
Middle: -107.812 41.2476 1091.08
Ring: -123.84 56.0494 1080.88
Little: -117.725 121.876 1098.51
Thumb: 21.2395 81.4169 1106.51
Index: -81.0539 30.9778 1090.79
Middle: -110.889 41.3623 1092
Ring: -126.472 56.637 1083.47
Little: -119.112 123.884 1097
Thumb: 14.9683 80.9464 1105.13
Index: -82.6118 30.669 1092.67
Middle: -112.879 39.7304 1092.78
Ring: -127.963 56.459 1091.26
Little: -119.067 126.302 1095.36
Thumb: 6.71171 80.3395 1099.9
Index: -85.2279 31.6014 1090.79
Middle: -112.921 40.6068 1096.03
Ring: -128.744 56.4345 1089.37
Little: -119.403 126.045 1096.08
Thumb: 0.564286 80.7909 1102.7
Index: -87.3975 35.8584 1093.29
Middle: -111.876 41.8893 1096.51
Ring: -128.644 56.8488 1089.39
Little: -133.813 105.106 1100.71
Thumb: 1.06635 79.0135 1098.2
Index: -92.7888 38.7652 1093.06
Middle: -115.089 43.724 1098.62
Ring: -130.277 58.9908 1094.53
Little: -141.321 98.8886 1092.5
Thumb: -4.08698 78.9513 1100.28
Index: -95.8577 39.8459 1092.48
Middle: -117.614 43.3142 1093.66
Ring: -130.446 59.7419 1096.18
Little: -144.83 95.0008 1089.23
Thumb: -8.44469 77.7728 1100.19
Index: -98.5206 42.6556 1098.37
Middle: -120.612 45.2677 1095.73
Ring: -130.763 62.0651 1101.07
Little: -144.433 95.9018 1092.73
Thumb: -10.2668 76.8624 1103.39
Index: -98.565 41.3414 1099.21
Middle: -121.749 44.2554 1096.19
Ring: -128.692 62.7682 1107.66
Little: -144.162 94.7119 1094.37
Thumb: -6.42205 76.3613 1104.27
Index: -95.6404 40.8598 1100.05
Middle: -120.608 42.9329 1096.32
Ring: -127.723 61.2583 1108.91
Little: -142.817 92.2433 1095.79
Thumb: -7.35325 80.9426 1107.64
Index: -91.1189 39.2246 1096.87
Middle: -113.956 42.8189 1098.02
Ring: -122.045 61.3048 1110.01
Little: -137.758 91.6146 1095.71
Thumb: -5.97688 80.7841 1106.91
Index: -86.9145 36.9266 1096.6
Middle: -108.669 39.2273 1099.28
Ring: -116.489 57.3768 1111.53
Little: -134.934 88.5045 1099.05
Thumb: -1.39943 83.7697 1108.58
Index: -77.3732 35.0166 1096.53
Middle: -100.738 38.054 1100.04
Ring: -108.628 55.0846 1109.8
Little: -123.776 86.6013 1102.41
Thumb: 2.88257 86.3766 1109.59
Index: -68.7801 34.9343 1098.86
Middle: -94.2184 36.4001 1099.16
Ring: -102.428 53.5656 1109.82
Little: -115.218 83.4854 1102.3
Thumb: 10.7064 89.0284 1113.15
Index: -62.1324 32.0471 1094.7
Middle: -84.3716 37.1324 1103.52
Ring: -94.1781 53.2997 1110.13
Little: -107.354 80.3963 1099.99
Thumb: 18.4827 92.1342 1110.49
Index: -49.8532 32.8569 1097.44
Middle: -74.2936 33.9314 1101.21
Ring: -87.2295 47.5918 1106.39
Little: -101.135 72.3161 1097.89
Thumb: 24.7091 92.2333 1103.87
Index: -42.2108 33.0948 1098.47
Middle: -65.2146 30.0922 1099.71
Ring: -79.8204 45.1682 1106.43
Little: -92.6236 69.9558 1103.06
Thumb: 32.8421 92.4175 1103.44
Index: -31.5381 31.2414 1100.81
Middle: -54.3895 31.0187 1101.93
Ring: -70.2518 41.8315 1106.77
Little: -86.0375 67.1769 1103.94
Thumb: 40.4464 94.379 1105.98
Index: -25.1421 32.169 1100.59
Middle: -47.0506 30.2794 1100.67
Ring: -64.3015 42.8322 1106.79
Little: -77.2407 68.3027 1103.39
Thumb: 47.4173 97.9932 1105.8
Index: -18.9011 32.0811 1101.05
Middle: -41.7452 29.7503 1104.88
Ring: -59.8245 35.8381 1111.32
Little: -72.7433 62.1718 1109.04
Thumb: 52.8656 96.6253 1109.77
Index: -13.942 29.5739 1102.18
Middle: -39.5392 24.7667 1101.1
Ring: -54.856 34.0641 1111.1
Little: -64.9039 60.8379 1109.91
Thumb: 58.1867 91.1025 1109.97
Index: -10.448 27.2532 1105.9
Middle: -32.4328 23.6653 1102.79
Ring: -46.7807 34.1202 1111.12
Little: -58.5616 59.0303 1107.83
Thumb: 67.7506 89.4577 1107.94
Index: -1.42206 25.9496 1103.45
Middle: -24.5879 19.3002 1104.91
Ring: -38.8812 29.9854 1106.34
Little: -53.1198 53.6701 1101.47
Thumb: 78.0025 91.3142 1104.24
Index: 11.1787 22.4593 1099.69
Middle: -16.7668 15.6656 1101.87
Ring: -29.4693 30.5521 1108.23
Little: -43.9894 58.0897 1105.67
Thumb: 85.0258 89.3236 1108.01
Index: 18.9511 23.2702 1101.96
Middle: -10.0602 14.2806 1098.28
Ring: -23.6369 30.5501 1108.15
Little: -40.2308 55.414 1103.57
Thumb: 97.5321 88.0184 1106.87
Index: 29.3979 20.3852 1104.86
Middle: -3.91895 10.5832 1096.23
Ring: -17.0464 31.113 1108.44
Little: -38.859 50.4014 1104.17
Thumb: 99.4133 90.3857 1108.1
Index: 38.7716 19.7584 1103.37
Middle: 2.46241 8.23752 1093.1
Ring: -10.9284 28.7304 1104.94
Little: -34.7921 49.6735 1105.79
Thumb: 110.765 90.3162 1108.91
Index: 46.0433 18.9188 1102.58
Middle: 10.5003 8.15534 1088.06
Ring: -5.31569 24.9166 1099.36
Little: -27.2917 49.6735 1104.11
Thumb: 120.852 88.627 1106.77
Index: 53.3068 16.9399 1104.39
Middle: 14.9606 4.05087 1091.37
Ring: -0.189426 21.6078 1101.51
Little: -21.1216 43.3995 1102.86
Thumb: 128.548 88.6508 1101.81
Index: 59.9729 16.4381 1100.72
Middle: 22.9146 4.83208 1094.31
Ring: 6.63806 22.2217 1095.87
Little: -15.277 44.3177 1102.9
Thumb: 134.397 89.877 1101.24
Index: 62.4626 14.912 1094.92
Middle: 27.3991 5.76476 1089.22
Ring: 12.2685 25.3921 1098.19
Little: -11.0569 45.9494 1093.37
Thumb: 139.812 89.9664 1101.65
Index: 68.3976 17.5916 1097.69
Middle: 31.793 7.60785 1081.78
Ring: 16.598 24.5802 1093.1
Little: -6.684 48.7832 1091.21
Thumb: 144.451 92.9842 1104.28
Index: 73.9718 17.5743 1098.76
Middle: 38.2927 6.72535 1083.93
Ring: 20.0014 18.4991 1086.85
Little: -0.542273 49.2458 1095.36
Thumb: 149.006 95.2247 1106.33
Index: 81.4744 21.8256 1103.48
Middle: 43.338 5.37872 1084.98
Ring: 25.8634 19.2328 1093.96
Little: 2.98392 47.7031 1096.4
Thumb: 153.903 98.4844 1108.09
Index: 85.5076 27.3969 1104.86
Middle: 45.3901 5.50626 1082
Ring: 28.0568 19.3924 1093.49
Little: 5.64378 48.5434 1098.24
Thumb: 157.234 101.095 1110.93
Index: 88.9958 28.9443 1107.33
Middle: 47.7302 2.53713 1079.55
Ring: 30.7133 17.0655 1097.12
Little: 9.86392 50.2536 1103.27
Thumb: 161.701 101.716 1108.72
Index: 94.22 33.2762 1108.5
Middle: 51.8021 3.41172 1078.09
Ring: 34.2835 17.0924 1092.76
Little: 20.6911 72.4159 1104.32
Thumb: 163.82 102.913 1108.8
Index: 95.3342 30.8624 1107.53
Middle: 53.8305 3.14428 1082.22
Ring: 60.9878 84.7437 1158.03
Little: 22.906 73.9463 1103.77
Thumb: 165.244 103.239 1110.56
Index: 94.1258 29.7119 1110.72
Middle: 53.3975 2.59118 1080.82
Ring: 59.6487 86.44 1162
Little: 22.4279 73.7105 1104.6
Thumb: 164.403 101.682 1112.7
Index: 92.6246 28.9557 1112.63
Middle: 51.8129 1.55795 1084.07
Ring: 55.7592 81.1849 1162.65
Little: 29.5556 95.9083 1101.55
Thumb: 165.504 100.082 1113.23
Index: 88.6114 27.8009 1112.04
Middle: 47.1763 2.88565 1083.43
Ring: 53.0666 78.9777 1162.95
Little: 27.8373 98.202 1124.57
Thumb: 163.918 99.8717 1115.32
Index: 84.7792 28.1503 1111.32
Middle: 43.4567 4.95597 1081.81
Ring: 51.3443 84.4571 1163.46
Little: 25.4569 99.1639 1125.77
Thumb: 161.141 97.4098 1114.15
Index: 79.7275 27.6072 1109.57
Middle: 38.0085 6.37316 1079.82
Ring: 49.1492 86.4825 1163.77
Little: 23.9079 103.039 1127.42
Thumb: 156.613 99.8377 1114.27
Index: 76.2688 28.333 1108.96
Middle: 34.2221 7.48928 1080.23
Ring: 45.3976 85.1949 1163.69
Little: 21.0307 104.23 1128.15
Thumb: 152.698 96.1595 1115.8
Index: 69.0639 26.2042 1107.83
Middle: 27.7816 7.80531 1080.47
Ring: 43.4893 95.7462 1163.72
Little: 15.7264 106.239 1127.82
Thumb: 148.113 96.7615 1117.85
Index: 64.4606 28.4074 1108.78
Middle: 23.2066 10.3375 1080.43
Ring: 39.1574 99.0806 1163.26
Little: 8.54962 104.596 1138.83
Thumb: 141.741 94.6834 1117.28
Index: 56.8266 26.998 1104.13
Middle: 15.9408 11.5836 1080.5
Ring: 34.7251 103.138 1162.7
Little: 1.75854 104.467 1138.72
Thumb: 133.31 95.2248 1118.75
Index: 69.3497 61.1003 1109.39
Middle: 9.5469 13.0062 1081.4
Ring: 23.0259 98.2641 1163.06
Little: -5.33319 105.802 1136.84
Thumb: 125.898 95.5202 1120.46
Index: 63.637 62.2021 1107.35
Middle: 3.06726 14.9461 1080.94
Ring: 16.5581 95.9593 1162.8
Little: -9.68869 109.546 1136.6
Thumb: 115.051 95.6555 1124.87
Index: 54.8371 62.9156 1110.99
Middle: -3.61886 14.5181 1079.05
Ring: 6.28298 98.733 1163.67
Little: -19.1774 111.227 1136.56
Thumb: 105.758 94.8106 1126.53
Index: 48.8427 63.4681 1111.21
Middle: -9.24956 16.8599 1079.27
Ring: 0.32934 99.7178 1164.6
Little: -24.3604 113.263 1137.91
Thumb: 101.041 96.0663 1127.24
Index: 43.5253 65.5501 1115.44
Middle: -16.2326 18.6405 1084.96
Ring: -5.89562 102.265 1166.89
Little: -30.0528 115.167 1139.47
Thumb: 95.1603 96.9731 1128.23
Index: 37.4368 65.5378 1117.13
Middle: -23.1704 19.1647 1088.2
Ring: -8.20511 104.101 1170.76
Little: -33.2195 117.823 1144.44
Thumb: 90.0021 97.2323 1130.04
Index: 32.1208 65.8552 1119.08
Middle: -28.5405 19.613 1093.8
Ring: -13.5933 103.15 1173.2
Little: -37.4732 118.921 1146.88
Thumb: 85.9576 98.3971 1130.2
Index: 26.7404 66.8277 1123.92
Middle: -33.3646 19.3867 1096.39
Ring: -12.201 115.338 1171.49
Little: -43.4237 119.621 1149.31
Thumb: 81.4496 101.395 1136.29
Index: -3.71321 28.4181 1131.39
Middle: -35.0302 15.8254 1095.39
Ring: -29.398 109.378 1174.82
Little: -56.3183 115.566 1146.94
Thumb: 68.6476 102.497 1156.67
Index: -18.874 29.5519 1133.85
Middle: -37.6375 16.4907 1095.83
Ring: -43.1332 124.497 1166.42
Little: -76.0826 99.676 1129.3
Thumb: 27.2078 114.386 1185.38
Index: -40.2851 38.3607 1122.76
Middle: -39.5935 17.9975 1102.28
Ring: -79.364 102.131 1132.7
Little: -43.6095 53.3812 1071.58
Thumb: 63.8956 160.108 1224.56
Index: -49.3889 38.5513 1116.42
Middle: -47.3663 18.9939 1106.03
Ring: -87.6574 94.2064 1108.72
Little: -33.8309 50.15 1072.71
Thumb: 54.3394 162.492 1228.72
Index: -46.7708 29.563 1119.34
Middle: -52.7967 17.1102 1110.09
Ring: -63.278 39.5638 1106.71
Little: -42.0721 47.505 1071.25
Thumb: 37.8487 175.067 1238.8
Index: -47.1706 38.2784 1122.4
Middle: -54.027 27.8935 1111.1
Ring: -57.046 40.9338 1091.12
Little: -41.4046 58.0198 1072.56
Thumb: 43.6412 187.344 1234.52
Index: -46.5834 39.5934 1121.23
Middle: -57.6317 30.0306 1113.01
Ring: -61.5473 44.132 1092.79
Little: -41.7306 58.876 1072.99
Thumb: 55.2049 179.19 1225.69
Index: -65.5365 43.9138 1136.5
Middle: -59.9002 28.9127 1108.36
Ring: -66.8358 43.2977 1091.92
Little: -46.2054 60.3969 1083.67
Thumb: -70.6567 238.742 1230.17
Index: -39.4483 88.9103 1101.07
Middle: -22.6818 82.82 1077.55
Ring: -14.1392 89.8299 1075.61
Little: -1.98395 116.246 1075.49
Thumb: -71.0727 253.111 1205.5
Index: -48.668 71.5556 1116.04
Middle: -36.7768 63.7434 1085.46
Ring: -25.4983 73.6003 1072.37
Little: -10.0081 95.1824 1082.08
Thumb: -74.582 262.632 1181.47
Index: -54.4916 68.856 1118.35
Middle: -43.6799 57.1182 1090.78
Ring: -29.1812 64.6715 1075.58
Little: -14.3812 85.5206 1071.94
Thumb: -67.8157 249.534 1146.55
Index: -97.8583 55.955 1116.16
Middle: -71.0548 26.9374 1113.29
Ring: -68.1138 36.7196 1091.18
Little: -47.4508 49.1764 1096.51
Thumb: -79.4213 249.134 1137.47
Index: -102.398 59.6443 1109.8
Middle: -74.303 26.9528 1113.6
Ring: -75.7818 35.6346 1104.87
Little: -48.5346 48.1892 1097.48
Thumb: -85.2351 249.326 1137.04
Index: -105.763 60.0468 1103.74
Middle: -78.1171 27.3071 1109.98
Ring: -78.2671 35.3161 1105.47
Little: -47.9234 45.6983 1094.95
Thumb: -89.3906 250.762 1130.05
Index: -107.655 68.7125 1089.55
Middle: -78.5607 28.1831 1107.9
Ring: -77.6801 35.8445 1106.88
Little: -47.4772 46.3194 1094.28
Thumb: -94.7337 251.862 1127.72
Index: -107.869 66.4353 1091.33
Middle: -81.0179 29.2101 1104.19
Ring: -79.8949 36.7766 1106.73
Little: -48.4469 47.245 1095.76
Thumb: -118.539 187.043 1096.88
Index: -104.057 82.1578 1086.32
Middle: -81.843 30.8384 1103.8
Ring: -81.609 39.5107 1109.31
Little: -48.7678 49.1015 1098.67
Thumb: -116.612 189.198 1102.56
Index: -106.41 86.1734 1077.44
Middle: -82.851 30.3981 1107.91
Ring: -83.7803 39.8497 1110.76
Little: -49.4713 47.5233 1099.77
Thumb: -120.631 187.997 1095.45
Index: -109.819 70.431 1066.37
Middle: -81.9553 29.3989 1106.79
Ring: -84.66 39.7926 1109.87
Little: -51.0503 49.6559 1101.31
Thumb: -122.122 187.71 1089.93
Index: -107.608 82.9458 1054.88
Middle: -84.7958 30.3609 1104.95
Ring: -85.6082 40.0816 1109.54
Little: -52.6755 51.0754 1101.93
Thumb: -121.802 185.949 1081.2
Index: -96.4982 104.016 1041.36
Middle: -84.7007 29.723 1102.93
Ring: -86.7713 40.5577 1105.98
Little: -52.3414 51.2729 1101.2
Thumb: -124.404 189.839 1077.98
Index: -96.4771 100.643 1036.33
Middle: -85.4102 30.3789 1101.52
Ring: -89.3089 42.3049 1102.71
Little: -53.4384 52.3723 1100.3
Thumb: -126.445 189.892 1074.2
Index: -98.2024 99.7243 1033.53
Middle: -87.6052 30.4506 1098.37
Ring: -89.7676 41.6167 1100.66
Little: -54.656 52.4385 1098.19
Thumb: -125.078 189.727 1067.39
Index: -93.6552 103.76 1024.94
Middle: -87.9256 31.4814 1093.38
Ring: -90.6085 42.9648 1097.16
Little: -53.7599 52.453 1094
Thumb: -125.833 189.836 1063.84
Index: -92.7148 103.281 1020.92
Middle: -88.7821 31.3228 1089.15
Ring: -90.7377 42.8812 1093.98
Little: -53.1304 52.0271 1090.91
Thumb: -127.805 191.151 1062.66
Index: -91.5871 105.368 1017.12
Middle: -86.4266 30.4068 1086.92
Ring: -89.8057 42.6237 1090.75
Little: -51.6596 51.9165 1089.07
Thumb: -126.776 191.083 1060.9
Index: -94.567 94.3531 1013.69
Middle: -88.2914 31.3573 1084.74
Ring: -89.0876 42.2569 1084.74
Little: -51.5114 51.9934 1087.1
Thumb: -125.934 191.713 1058.91
Index: -93.3211 97.7904 1011.47
Middle: -87.891 31.9235 1083.01
Ring: -88.6526 43.0804 1080.18
Little: -50.8905 52.814 1084.48
Thumb: -125.506 191.788 1058.41
Index: -96.1424 89.9599 1011.46
Middle: -87.2929 31.8164 1081.7
Ring: -88.9567 43.6088 1079.64
Little: -50.3857 52.84 1085.49
Thumb: -124.379 192.127 1057.84
Index: -95.8687 92.8854 1011.48
Middle: -86.8072 32.9404 1081.99
Ring: -87.9049 44.331 1079.72
Little: -49.668 53.4626 1081.58
Thumb: -124.936 191.967 1054.83
Index: -93.3931 94.4918 1009.51
Middle: -84.0728 34.6644 1080.63
Ring: -86.1096 46.5785 1080.47
Little: -47.2506 56.0562 1082.3
Thumb: -122.127 190.679 1056.47
Index: -92.7742 93.9844 1010.89
Middle: -82.543 35.242 1080.94
Ring: -84.7736 47.6546 1083.5
Little: -45.3205 56.2295 1081.06
Thumb: -124.228 190.71 1057.67
Index: -92.0439 93.9702 1012.01
Middle: -80.5242 34.3055 1082.72
Ring: -83.3665 46.9288 1084.21
Little: -43.555 56.2675 1084.91
Thumb: -123.545 189.955 1059.8
Index: -88.8629 94.1797 1013.13
Middle: -76.3438 32.2193 1084.16
Ring: -79.0045 45.7287 1090.06
Little: -40.0563 55.4559 1083.6
Thumb: -123.927 187.801 1060.32
Index: -88.6269 86.1821 1016.53
Middle: -72.9211 31.8449 1088.19
Ring: -75.7345 45.0955 1091.19
Little: -36.9035 55.9115 1087.33
Thumb: -127.616 186.367 1062.92
Index: -84.1039 90.339 1015.11
Middle: -69.4354 31.3592 1092.55
Ring: -73.0713 45.2719 1095.88
Little: -33.4025 56.1198 1088.79
Thumb: -129.837 179.901 1068.89
Index: -83.2445 94.9191 1018.46
Middle: -65.8185 28.5963 1096.82
Ring: -68.4069 42.4861 1099.76
Little: -28.7581 53.9429 1090.11
Thumb: -133.236 176.258 1071.69
Index: -80.8573 91.9696 1020.68
Middle: -60.7417 27.9201 1099.18
Ring: -63.9436 42.4249 1102.1
Little: -23.2844 55.0214 1093.1
Thumb: -131.587 170.564 1073.88
Index: -77.6044 87.9526 1021.91
Middle: -54.9401 26.5819 1101.09
Ring: -58.8361 40.6329 1102.3
Little: -18.7173 54.8328 1095.16
Thumb: -125.23 169.51 1078
Index: -73.6109 81.0396 1026.5
Middle: -50.3098 23.6887 1105.09
Ring: -55.6339 41.5961 1092.47
Little: -14.5064 51.03 1096.71
Thumb: -118.709 168.307 1083.48
Index: -66.8174 81.8595 1028.16
Middle: -45.925 21.2696 1100.87
Ring: -49.6311 36.0885 1103.79
Little: -7.78047 48.8855 1095.48
Thumb: -115.028 165.388 1087.17
Index: -60.9641 84.4021 1029.04
Middle: -37.9421 18.2075 1100.48
Ring: -43.7962 33.789 1104.57
Little: -0.895258 46.8281 1098.56
Thumb: -112.033 160.227 1087.36
Index: -55.2491 84.4604 1026.48
Middle: -29.562 14.6574 1102.48
Ring: -35.8797 29.7311 1105.81
Little: 5.74092 44.1003 1098.05
Thumb: -107.994 153.888 1088.39
Index: -48.7737 80.4409 1027.37
Middle: -21.7284 13.4744 1105.92
Ring: -27.9388 27.9692 1107.15
Little: 12.7296 43.8956 1099.47
Thumb: -100.745 151.844 1090.72
Index: -41.4724 75.799 1027.98
Middle: -15.4327 13.5399 1107.67
Ring: -20.9666 28.0211 1109.95
Little: 19.3262 43.5454 1100.35
Thumb: -94.5208 148.446 1090.4
Index: -34.4285 77.1354 1027.36
Middle: -6.61247 12.5502 1105
Ring: -13.3269 27.0583 1108.47
Little: 26.8164 43.1671 1098.16
Thumb: -89.8528 146.103 1089.15
Index: -26.732 75.4306 1025.2
Middle: -0.507968 11.278 1102.77
Ring: -4.34558 24.959 1106.45
Little: 34.7165 42.5771 1096.55
Thumb: -87.8706 142.629 1088.07
Index: -23.3558 71.1892 1027.74
Middle: 7.77657 11.201 1104.94
Ring: 2.98193 24.7038 1107.77
Little: 41.1345 43.6158 1097.62
Thumb: -83.5576 143.068 1089.22
Index: -14.4793 64.9351 1028.07
Middle: 15.9478 9.15694 1108.65
Ring: 9.18241 22.9187 1106.52
Little: 49.4803 41.6782 1097.98
Thumb: -80.7728 145.443 1092.94
Index: -7.16669 70.8376 1025.56
Middle: 23.9968 10.086 1106.36
Ring: 17.2089 23.7459 1101.18
Little: 57.2664 44.6899 1101.12
Thumb: -74.76 141.47 1091.45
Index: -3.71218 70.6239 1025.08
Middle: 30.8778 9.28294 1105.48
Ring: 22.4771 23.0869 1103.21
Little: 62.4804 44.0027 1100.76
Thumb: -67.2664 142.462 1094.54
Index: 2.59366 70.1464 1025.77
Middle: 35.813 8.93349 1104.3
Ring: 28.143 23.1294 1105.5
Little: 68.2057 42.9635 1098.76
Thumb: -61.5134 142.971 1092.85
Index: 10.002 69.2339 1024.91
Middle: 41.5313 8.63693 1102.9
Ring: 35.8493 22.7155 1104.64
Little: 75.4958 42.9994 1098.25
Thumb: -57.3519 146.939 1092.97
Index: 13.6415 74.6299 1023.04
Middle: 48.9676 8.56763 1103.5
Ring: 43.1804 21.5665 1103.79
Little: 79.6955 43.4905 1100.79
Thumb: -50.6952 149.172 1096.86
Index: 18.0382 63.9001 1028.12
Middle: 51.1712 7.50736 1103.35
Ring: 44.645 20.6935 1104.47
Little: 81.6105 41.275 1097.75
Thumb: -48.528 151.423 1103.31
Index: 14.8475 62.4136 1031.5
Middle: 50.7033 6.46326 1111.6
Ring: 45.0155 18.7186 1105.63
Little: 81.5474 38.7829 1096.77
Thumb: -42.8551 152.35 1111.61
Index: 14.8616 70.7209 1033.32
Middle: 48.1636 7.12889 1113.59
Ring: 42.6273 20.2759 1109.32
Little: 98.3709 83.498 1034.54
Thumb: -36.566 154.3 1126.68
Index: 15.3489 74.9285 1033.58
Middle: 37.0333 11.19 1115.37
Ring: 61.6504 37.8951 1080.78
Little: 102.438 86.6225 1030.82
Thumb: -32.5734 158.551 1128.73
Index: 10.5275 62.9041 1049.32
Middle: 34.7275 15.8299 1121.03
Ring: 53.8677 40.9752 1082.71
Little: 88.6326 82.1204 1029.48
Thumb: -29.6529 162.432 1143.42
Index: 7.49074 53.1738 1066.2
Middle: 28.5114 21.0977 1112.43
Ring: 44.0054 33.9642 1090.31
Little: 78.7838 85.3515 1030.68
Thumb: -21.9705 165.827 1150.09
Index: 10.2485 57.261 1076.11
Middle: 27.3014 29.7168 1122.72
Ring: 35.8989 34.0363 1097.92
Little: 66.1853 90.5998 1029.24
Thumb: -16.0012 167.27 1158.21
Index: 44.568 39.3222 1110.09
Middle: 30.5071 32.3437 1133.11
Ring: 36.1559 37.845 1102.25
Little: 59.5772 96.6942 1029.83
Thumb: -8.36773 168.961 1163.91
Index: 37.5008 42.3011 1106.43
Middle: 34.2045 32.4154 1134.82
Ring: 31.6269 42.1518 1099.19
Little: 52.7446 97.3656 1029.09
Thumb: -3.47438 168.062 1168.27
Index: 31.9659 50.9371 1103.83
Middle: 35.6439 30.8657 1125.42
Ring: 32.2501 43.9082 1102.57
Little: 49.2495 100.061 1029.95
Thumb: 2.98779 169.415 1172.65
Index: 36.8582 50.6591 1106.32
Middle: 34.4442 32.7386 1122.22
Ring: 31.4137 46.0285 1105.07
Little: 46.6845 109.012 1026.37
Thumb: 14.7185 170.614 1181.44
Index: 37.1546 54.973 1108.15
Middle: 34.9998 34.175 1123.79
Ring: 32.2564 47.0637 1106.17
Little: 44.1175 109.646 1026.57
Thumb: 22.9471 172.529 1185.09
Index: 34.4174 59.4211 1106.63
Middle: 37.324 34.9525 1124.83
Ring: 31.746 49.3629 1106.11
Little: 46.1782 119.27 1024.75
Thumb: 37.0387 176.491 1184.69
Index: 34.9171 62.6768 1105.89
Middle: 37.1393 40.1997 1127.08
Ring: 29.8205 56.5726 1104.33
Little: 50.5807 125.935 1021.99
Thumb: 44.3601 176.082 1183.9
Index: 33.6122 65.6394 1106.02
Middle: 39.0987 41.3009 1125.67
Ring: 30.7042 58.1063 1105.76
Little: 52.4764 128.604 1021.35
Thumb: 46.42 174.396 1184.73
Index: 33.7901 64.7406 1107.03
Middle: 39.7553 39.8977 1126.82
Ring: 27.1107 59.7668 1103.87
Little: 55.3149 129.385 1022.19
Thumb: 47.5839 173.007 1187.89
Index: 33.5226 64.4957 1108.89
Middle: 37.4183 40.9445 1129.19
Ring: 28.1541 58.1384 1106.49
Little: 54.8409 129.062 1024.73
Thumb: 48.5103 172.179 1192.27
Index: 34.0354 59.4414 1112.1
Middle: 38.9104 39.7718 1132.95
Ring: 24.0605 60.1427 1107.83
Little: 56.3146 128.959 1028.95
Thumb: 47.599 168.749 1190.04
Index: 30.893 61.5994 1111.57
Middle: 38.2368 40.0837 1132.42
Ring: 23.535 60.714 1107.9
Little: 57.1333 129.446 1029.12
Thumb: 46.5231 167.339 1190.15
Index: 30.3514 61.2207 1112.42
Middle: 40.1237 40.0209 1133.03
Ring: 22.8326 59.703 1110.25
Little: 54.3444 129.335 1029.65
Thumb: 45.8977 165.466 1191.59
Index: 29.2469 60.7132 1113.2
Middle: 38.0677 41.0775 1135.51
Ring: 21.2773 59.49 1110.97
Little: 54.4645 129.699 1030.97
Thumb: 42.4309 162.641 1192.04
Index: 25.1703 61.2742 1113.35
Middle: 34.5472 40.196 1135.61
Ring: 20.0141 57.7092 1111.64
Little: 54.3841 128.475 1032.33
Thumb: 38.9265 160.429 1190.21
Index: 24.3543 59.856 1114.16
Middle: 31.354 40.8164 1136.12
Ring: 17.1902 58.3598 1110.81
Little: 54.4122 125.924 1033.24
Thumb: 33.7484 159.357 1188.99
Index: 36.0896 47.6318 1120.73
Middle: 29.5113 40.7902 1139.93
Ring: 13.1858 59.698 1107.81
Little: 53.4317 124.109 1033.73
Thumb: 29.8382 157.669 1186.9
Index: 31.9803 45.9088 1124.85
Middle: 24.8636 41.3621 1138.51
Ring: 10.5686 59.842 1106.84
Little: 49.7948 120.561 1033.81
Thumb: 22.9011 153.096 1180.42
Index: 30.0414 43.9523 1125.66
Middle: 21.61 40.1352 1138.51
Ring: 7.3397 59.1649 1106.81
Little: 47.9604 119.714 1033.22
Thumb: 19.6043 152.37 1179.26
Index: 31.398 42.7679 1124.58
Middle: 18.9375 40.7362 1137.49
Ring: 7.15813 58.1519 1105.87
Little: 42.6291 115.322 1033.78
Thumb: 12.7554 146.921 1173.62
Index: 27.864 45.1742 1119.61
Middle: 16.414 41.1142 1140.94
Ring: 3.52168 62.1325 1103.63
Little: 42.5265 115.758 1035.85
Thumb: 11.5597 146.712 1168.98
Index: 10.9009 65.7059 1115.44
Middle: 16.9146 42.5433 1143.16
Ring: 3.72952 59.8789 1107.75
Little: 41.0356 113.48 1037.67
Thumb: 4.16945 142.342 1168.41
Index: 9.66095 59.162 1116.54
Middle: 13.8567 37.9489 1143.31
Ring: 1.82961 54.4814 1106.8
Little: 38.8537 107.687 1038.7
Thumb: 2.65191 138.387 1164.57
Index: 10.6037 54.2597 1118.22
Middle: 12.556 38.406 1140.43
Ring: 6.06288 47.5917 1114.18
Little: 41.5964 100.572 1043.99
Thumb: -0.153557 136.688 1160.99
Index: 13.2164 46.7454 1115.69
Middle: 6.05708 40.9489 1136
Ring: 13.3804 40.0769 1115.14
Little: 41.0267 101.648 1041.09
Thumb: -6.29631 131.416 1155.79
Index: 11.3003 45.9214 1114.29
Middle: 3.11469 41.235 1132
Ring: 13.2767 37.5376 1113.38
Little: 39.9214 102.076 1041.13
Thumb: -6.65364 129.536 1153.33
Index: 18.6113 35.3187 1115.87
Middle: -4.48547 45.4871 1123.78
Ring: 8.03023 36.9357 1110.37
Little: 35.6791 100.001 1036.71
Thumb: -7.15251 125.631 1148.82
Index: 17.6513 34.697 1111.15
Middle: -7.90997 45.7037 1116.74
Ring: 9.08057 35.5036 1106.36
Little: 37.6915 98.8668 1033.18
Thumb: -7.63711 125.241 1144.57
Index: 15.4988 35.8975 1108.99
Middle: -9.59655 44.6266 1114.91
Ring: 7.84806 36.5093 1104.41
Little: 39.5955 97.9225 1030.9
Thumb: -7.52487 125.962 1142.68
Index: 11.4527 38.1264 1111.6
Middle: -14.6734 46.6082 1116.19
Ring: 5.6598 36.9895 1107.65
Little: 36.8957 99.4015 1030.32
Thumb: -6.93337 127.705 1136.57
Index: 10.2814 42.4291 1119.52
Middle: -10.5456 51.1269 1128.12
Ring: 0.708319 42.9669 1111.56
Little: 38.0348 99.8624 1031.97
Thumb: -9.67146 128.225 1135.71
Index: 5.14702 43.9784 1120.37
Middle: -12.2021 57.4626 1125.42
Ring: -2.14307 44.3276 1112.44
Little: 39.0284 96.833 1032.84
Thumb: -10.7376 126.789 1138.53
Index: -2.73906 44.6649 1128.28
Middle: -16.8147 73.6732 1115.47
Ring: -12.1191 47.5559 1117.42
Little: 36.509 97.172 1029.44
Thumb: -14.682 123.659 1135.13
Index: -9.35194 44.7928 1127.43
Middle: -20.7928 76.9453 1115.06
Ring: -18.8106 49.4193 1115.33
Little: 28.2682 96.9801 1028.24
Thumb: -16.3375 126.833 1134.49
Index: -19.0108 51.0769 1123.93
Middle: -26.8271 80.1325 1114.13
Ring: -25.9194 52.6263 1118.62
Little: 25.5477 93.5587 1028.76
Thumb: -18.0308 124.857 1132.6
Index: -23.7479 52.7401 1124.73
Middle: -29.6889 81.6011 1115.43
Ring: -30.2745 54.9381 1117.62
Little: 22.1396 93.3241 1028.41
Thumb: -20.0178 127.424 1132.1
Index: -30.6572 57.7454 1119.71
Middle: -32.3699 83.301 1112.26
Ring: -33.5982 55.8777 1115.87
Little: 20.5094 93.1652 1026.2
Thumb: -24.4914 125.544 1132.75
Index: -39.9829 88.1238 1109.21
Middle: -35.3707 82.2945 1111.38
Ring: -39.5398 56.4967 1112.71
Little: 10.8228 91.2844 1025.62
Thumb: -24.9859 125.135 1131.36
Index: -49.7437 98.1398 1117.31
Middle: -43.0377 80.004 1114.51
Ring: -42.0687 57.5456 1110.96
Little: 9.69571 91.9722 1025.63
Thumb: -29.0744 123.162 1128.02
Index: -52.5549 96.6344 1117.98
Middle: -51.9937 78.1497 1109.75
Ring: -44.8522 55.6623 1115.36
Little: 9.05877 88.9797 1027.98
Thumb: -28.0357 124.952 1128.57
Index: -54.8504 94.6798 1116.72
Middle: -53.2324 76.8419 1110.01
Ring: -44.7179 55.9735 1115.75
Little: 10.9384 89.7486 1027.05
Thumb: -30.4786 123.332 1128.02
Index: -59.4706 87.4804 1117.26
Middle: -50.3773 78.0027 1106.69
Ring: -45.1147 53.7933 1118.32
Little: 8.53042 89.6547 1027.26
Thumb: -33.7207 123.999 1130.05
Index: -61.1419 86.4117 1116.95
Middle: -50.2739 76.4635 1104.5
Ring: -45.9711 52.5793 1116.98
Little: 6.93031 90.1801 1026.36
Thumb: -36.8173 125.344 1134.26
Index: -59.8869 84.1204 1115.94
Middle: -51.0546 72.1352 1103.48
Ring: -45.4572 51.3635 1114.2
Little: 1.98521 91.1713 1024.6
Thumb: -44.3962 124.019 1138.46
Index: -57.9399 79.0791 1114.02
Middle: -48.5849 69.4808 1101.38
Ring: -42.5093 46.0477 1107.34
Little: 2.18296 96.1912 1021.9
Thumb: -43.2694 128.318 1141.95
Index: -52.2741 75.8278 1107.09
Middle: -42.2394 71.597 1098.09
Ring: -40.5214 49.9201 1099.09
Little: 0.623195 96.9775 1018.64
Thumb: -47.4919 130.183 1143.62
Index: -34.7353 44.6634 1106.27
Middle: -41.3648 75.1299 1096.98
Ring: -38.1566 54.137 1088.95
Little: 1.25981 100.094 1017.33
Thumb: -49.3602 135.224 1147.07
Index: -40.1373 69.6745 1102.38
Middle: -37.0909 69.8766 1092.78
Ring: -36.9175 57.5882 1086.85
Little: 2.98772 99.7972 1017.1
Thumb: -47.345 141.157 1150.56
Index: -40.9115 63.3944 1101.09
Middle: -35.891 66.7574 1087.85
Ring: -37.6909 58.8537 1084.88
Little: 0.740788 96.4196 1014.97
Thumb: -48.9744 144.643 1149.3
Index: -24.2219 39.9493 1109.13
Middle: -36.1198 60.2885 1088.31
Ring: -37.0418 55.1394 1085.84
Little: -0.00568581 95.6589 1013.08
Thumb: -51.753 144.141 1148.32
Index: -20.9202 36.4998 1103.19
Middle: -30.9232 59.016 1088.88
Ring: -34.9531 52.0406 1081.89
Little: -4.69913 95.8817 1009.53
Thumb: -53.5909 145.544 1147.27
Index: -21.2071 36.2322 1099.65
Middle: -31.968 53.3976 1088.27
Ring: -35.591 48.968 1081.99
Little: -5.47688 98.1253 1007.42
Thumb: -54.4715 148.608 1149.71
Index: -25.0974 40.4484 1095.48
Middle: -29.5861 49.431 1087.08
Ring: -32.7613 47.7981 1078.49
Little: -5.98253 98.213 1007.36
Thumb: -56.3478 150.91 1148.36
Index: -22.3626 36.6027 1096.37
Middle: -28.1644 47.3981 1086.83
Ring: -31.5594 45.0689 1080.26
Little: -5.99437 95.8158 1007.24
Thumb: -57.7994 152.522 1146.76
Index: -30.0909 41.6752 1101.42
Middle: -21.4235 57.8041 1075.52
Ring: -21.8375 34.0728 1077.33
Little: -2.98988 97.2204 1007.35
Thumb: -60.1614 154.849 1142.9
Index: -23.8161 41.0806 1093.66
Middle: -19.3784 52.4142 1076.14
Ring: -17.873 31.0007 1076.05
Little: 0.797916 95.9698 1007.59
Thumb: -68.5196 155.455 1137.52
Index: -15.8057 37.4842 1096.96
Middle: -19.5967 54.8916 1083.35
Ring: -6.13488 27.1352 1077.18
Little: 6.98301 96.8577 1011.22
Thumb: -76.3507 157.067 1130.6
Index: -8.01265 33.9024 1095.43
Middle: -15.0637 40.6817 1092.62
Ring: -0.429321 27.404 1081.88
Little: 18.4049 95.4463 1012.99
Thumb: -84.0345 160.376 1122.96
Index: 3.51484 31.1377 1105.34
Middle: -9.46298 33.6241 1097.59
Ring: 5.15779 26.6112 1086.25
Little: 24.4432 87.2797 1019.32
Thumb: -91.0032 162.649 1116.24
Index: -34.9451 61.474 1050.54
Middle: -9.09562 32.8357 1097.31
Ring: 8.39303 30.7416 1082.62
Little: 36.497 86.4575 1025.99
Thumb: -91.7664 163.671 1108.32
Index: -37.0475 66.8645 1048.54
Middle: -11.7839 35.7999 1100.64
Ring: 5.70932 27.0512 1092.34
Little: 39.2206 80.9854 1034.05
Thumb: -94.8114 163.366 1104.12
Index: -38.1335 74.6584 1047.95
Middle: -9.98414 38.1596 1103.45
Ring: 7.37678 36.5781 1088.65
Little: 30.6978 64.2157 1054.46
Thumb: -94.2811 162.185 1095.63
Index: -39.0753 75.6515 1046.02
Middle: -10.2911 33.6562 1104.16
Ring: 10.3301 38.2703 1087.69
Little: 36.0692 68.9989 1053.7
Thumb: -93.1826 158.044 1095.9
Index: -40.4282 75.052 1048.81
Middle: -11.6466 34.995 1106.11
Ring: 11.0981 48.6214 1089.76
Little: 34.628 67.3604 1056.46
Thumb: -92.5736 155.416 1092.66
Index: -38.7029 75.6079 1045.56
Middle: -14.028 33.8504 1102.63
Ring: 14.463 96.1981 1045.62
Little: 51.1903 88.6725 1072.68
Thumb: -88.2339 149.465 1082.76
Index: -37.0336 72.5197 1043.23
Middle: -13.5824 31.4296 1099.23
Ring: 17.5051 91.5887 1032.96
Little: 49.8192 82.1446 1082.15
Thumb: -84.3531 144.716 1083.84
Index: -38.7368 80.2997 1042.68
Middle: -14.8706 29.7699 1095.21
Ring: 14.3068 87.5487 1029.37
Little: 49.0922 79.3665 1080.61
Thumb: -82.0833 135.764 1078.52
Index: -39.7953 66.5338 1039.28
Middle: -16.2675 27.7659 1086.41
Ring: 11.5792 83.6734 1023.9
Little: 49.7237 78.4093 1077.04
Thumb: -84.1858 139.69 1084.28
Index: -39.9765 65.4555 1034.21
Middle: -15.8689 25.1679 1082.08
Ring: 13.7648 80.664 1020.54
Little: 47.5458 74.6217 1051.48
Thumb: -85.6513 135.395 1074.96
Index: -41.3844 70.7597 1030.55
Middle: -16.4426 23.8223 1072.86
Ring: 10.7482 78.1513 1017.76
Little: 44.8105 72.5888 1045.85
Thumb: -71.6432 125.066 1046.24
Index: -42.096 53.8909 1030.79
Middle: -16.4636 22.7635 1065.81
Ring: 11.4806 78.3505 1014.82
Little: 44.133 71.1803 1040.53
Thumb: -38.6177 101.552 1031.45
Index: -44.4621 59.4582 1026.81
Middle: -15.8871 29.8636 1056.34
Ring: 9.25746 79.0806 1012.03
Little: 41.7141 70.7669 1037.64
Thumb: -35.3337 102.404 1029.21
Index: -50.5829 39.598 1042.34
Middle: -20.3959 28.1512 1051.44
Ring: 4.13896 80.85 1010.42
Little: 37.3505 70.7809 1027.59
Thumb: -36.2441 105.635 1026.46
Index: -53.0087 37.7564 1044.72
Middle: -21.6167 31.2867 1051.06
Ring: -2.50523 76.896 1008.32
Little: 33.9705 73.6791 1023.57
Thumb: -36.542 105.31 1026.77
Index: -53.5862 41.7801 1040.7
Middle: -22.0533 31.9386 1050.38
Ring: -3.03206 78.0304 1008.4
Little: 33.3809 74.8017 1023.75
Thumb: -36.7921 104.564 1025.66
Index: -54.4687 42.58 1039.39
Middle: -22.6414 35.9455 1047.72
Ring: -4.77757 78.9027 1007.05
Little: 32.208 76.5031 1022.04
Thumb: -37.5331 103.834 1024.22
Index: -56.0925 44.0323 1036.31
Middle: -23.819 35.4454 1046.35
Ring: -7.80492 77.5267 1004.94
Little: 30.2063 77.7574 1019.34
Thumb: -38.4297 100.884 1023.99
Index: -57.0165 52.6231 1031.66
Middle: -25.5521 36.9434 1040.71
Ring: -10.8109 76.8305 1000.27
Little: 28.1934 78.8765 1013.34
Thumb: -42.1728 100.643 1020.48
Index: -58.5466 59.1389 1023.24
Middle: -25.075 34.1037 1041.44
Ring: -11.9267 76.5176 998.218
Little: 26.6321 80.3533 1011.64
Thumb: -42.8534 100.391 1017.13
Index: -58.5088 62.3139 1017.58
Middle: -25.4028 35.5811 1039.33
Ring: -11.9454 74.928 996.665
Little: 26.8727 80.6702 1010.87
Thumb: -39.5993 103.742 1014.66
Index: -56.2185 64.0033 1016.15
Middle: -25.1403 35.1788 1039.42
Ring: -10.8357 77.1607 996.229
Little: 27.9947 81.9548 1011.57
Thumb: -42.5233 99.1377 1014.42
Index: -61.298 55.0489 1016.49
Middle: -29.5753 37.6581 1036
Ring: -16.1438 75.7696 994.274
Little: 23.9577 80.7403 1007.32
Thumb: -42.7266 99.6763 1014.86
Index: -65.2338 56.0347 1018.81
Middle: -32.198 37.2113 1037.03
Ring: -20.1439 76.6864 993.886
Little: 19.5437 79.9655 1005.49
Thumb: -43.2438 101.453 1013.23
Index: -64.688 65.122 1017.46
Middle: -32.6882 39.302 1034.96
Ring: -21.1708 78.3805 992.598
Little: 19.6868 81.242 1004
Thumb: -43.6331 102.274 1011.28
Index: -63.6985 57.155 1016.69
Middle: -31.7949 37.6454 1031.85
Ring: -20.6108 80.2952 990.83
Little: 19.8285 82.0832 1002.69
Thumb: -42.4773 101.665 1009.81
Index: -61.4317 58.129 1013.79
Middle: -28.9115 36.5887 1030.19
Ring: -17.5485 79.4449 989.911
Little: 21.9433 82.6613 1003.12
Thumb: -43.6043 102.177 1009.16
Index: -63.4734 58.3399 1014.33
Middle: -30.0389 36.8236 1028.76
Ring: -17.9243 78.7796 988.87
Little: 18.8396 79.2064 1002.4
Thumb: -44.8662 102.165 1009.2
Index: -63.8987 55.0594 1014.45
Middle: -33.3577 19.0526 1023.38
Ring: -18.1557 78.661 988.932
Little: 18.5779 79.7682 1002.51
Thumb: -43.5362 101.903 1012.62
Index: -65.1315 58.8609 1017.36
Middle: -34.1128 22.5798 1026.78
Ring: -19.6375 9.0227 1047.72
Little: 17.5953 80.8469 1005
Thumb: -49.9336 102.773 1015.99
Index: -66.5348 65.5724 1022.13
Middle: -35.7837 23.1743 1032.79
Ring: -12.8915 10.879 1041.04
Little: 17.7977 79.3591 1009.01
Thumb: -53.5265 105.333 1021.07
Index: -66.7363 63.0383 1028.49
Middle: -36.3976 21.2826 1041.51
Ring: -15.4096 13.5627 1043.21
Little: 18.0724 79.9407 1015.35
Thumb: -69.9957 107.207 1038.89
Index: -68.7308 55.2586 1042.64
Middle: -38.3928 21.8429 1053.19
Ring: -16.5975 12.7127 1053.6
Little: 12.4502 77.7635 1021.58
Thumb: -82.2404 113.531 1059.99
Index: -66.9882 51.1301 1055.56
Middle: -43.0909 17.4556 1066.54
Ring: -23.5113 11.2907 1068.34
Little: 13.9279 75.8326 1030.54
Thumb: -87.3696 119.676 1080.53
Index: -66.2187 54.4658 1070.68
Middle: -53.8842 18.0791 1085.24
Ring: -32.8824 10.5929 1087.21
Little: 13.5083 75.2053 1041.39
Thumb: -81.019 122.895 1087.95
Index: -66.1986 54.6649 1098.45
Middle: -53.031 51.8477 1096.36
Ring: -42.8374 17.6804 1112.18
Little: 8.56445 78.642 1047.42
Thumb: -77.8631 127.068 1094.71
Index: -65.7934 60.651 1116.58
Middle: -54.633 44.7935 1122.76
Ring: -41.3601 22.9076 1126.16
Little: -5.01611 74.377 1052.94
Thumb: -76.5869 132.961 1104.44
Index: -63.6602 67.0046 1128.33
Middle: -50.5166 47.3192 1133.41
Ring: -39.5975 26.6976 1138.55
Little: -8.06075 73.9955 1061.27
Thumb: -73.886 139.842 1111.61
Index: -58.4302 69.8268 1138.82
Middle: -45.4817 48.627 1143.86
Ring: -35.1533 32.4268 1147.63
Little: -5.55826 74.2106 1068.41
Thumb: -70.736 146.967 1122.42
Index: -53.2043 72.776 1147.25
Middle: -39.5514 52.1858 1150.15
Ring: -28.8786 36.3422 1153.87
Little: 2.91239 80.8165 1073.26
Thumb: -65.7925 152.547 1126.37
Index: -49.1778 76.2029 1155.74
Middle: -36.3336 55.0846 1159.44
Ring: -24.0958 38.9784 1160.15
Little: 22.9004 90.3388 1086.86
Thumb: -62.3883 154.913 1131.66
Index: -45.5902 80.1355 1155.95
Middle: -30.5744 55.8893 1162.24
Ring: -16.7588 42.5115 1169.05
Little: 26.862 91.1647 1088.38
Thumb: -58.7731 156.538 1132.22
Index: -42.605 81.4962 1159.31
Middle: -26.0662 58.6063 1162.78
Ring: -11.107 43.2138 1169.84
Little: 31.5132 90.2012 1087.73
Thumb: -55.0144 158.795 1134.9
Index: -38.0576 82.9271 1157.58
Middle: -17.9939 62.4124 1157.18
Ring: -6.49142 44.0541 1166.08
Little: 37.546 92.247 1086.03
Thumb: -50.2033 157.111 1133.81
Index: -33.7644 84.6398 1153.56
Middle: -13.814 62.7812 1153.91
Ring: -1.1244 44.1733 1164.18
Little: 51.1794 96.2165 1102.14
Thumb: -49.1358 156.327 1134.59
Index: -30.4178 76.4618 1151.55
Middle: -9.51999 57.4591 1148.88
Ring: 2.44249 39.7439 1158.75
Little: 55.3933 92.7503 1099.97
Thumb: -44.7665 151.569 1136.27
Index: -20.1472 72.945 1145.02
Middle: -2.28829 54.7721 1142.93
Ring: 10.1294 37.3081 1149.26
Little: 60.348 95.0392 1093.56
Thumb: -36.9354 147.212 1138
Index: -8.09979 61.9783 1154.47
Middle: 1.20308 44.5701 1140.92
Ring: 23.4233 30.574 1143.22
Little: 60.1487 94.0983 1079.18
Thumb: -36.0631 141.877 1138.47
Index: -0.0796661 54.0757 1147.34
Middle: 5.97873 42.4311 1132.68
Ring: 28.3371 27.1656 1133.34
Little: 43.6269 98.8155 1051.56
Thumb: -34.7595 134.208 1134.65
Index: 4.04488 48.5172 1139.16
Middle: 8.80172 37.5528 1127.72
Ring: 29.2283 23.3191 1124.59
Little: 42.9215 91.8083 1043.49
Thumb: -30.6232 129.64 1132.42
Index: 4.47185 50.0201 1137.65
Middle: 10.3547 37.2345 1127.22
Ring: 20.9141 28.484 1120.88
Little: 41.4844 91.7341 1041.9
Thumb: -25.9942 126.75 1135.05
Index: 3.62102 51.2204 1141.89
Middle: 5.087 40.3508 1134.11
Ring: 14.6109 30.9829 1119.35
Little: 38.1924 85.6481 1042.82
Thumb: -20.662 124.629 1134.02
Index: 3.46299 52.9078 1141.53
Middle: -0.542215 45.5511 1137.4
Ring: 7.64585 35.8735 1121.86
Little: 34.1321 84.0544 1041.64
Thumb: -17.141 123.963 1130.8
Index: 2.08678 54.4777 1143.61
Middle: -7.02364 51.0742 1142.12
Ring: -0.205208 39.8134 1127.92
Little: 28.7882 81.0708 1041.43
Thumb: -14.2432 123.421 1130.98
Index: -41.1783 120.985 1089.73
Middle: -11.4347 54.2966 1143.54
Ring: -5.36538 42.3971 1131.25
Little: 28.3173 80.8135 1040.89
Thumb: -12.1702 122.544 1128.44
Index: -41.4356 121.038 1082.45
Middle: -16.5141 58.2988 1142.19
Ring: -6.55163 45.3667 1133.57
Little: 35.179 80.1042 1040.88
Thumb: -12.4256 120.247 1126.49
Index: -43.3045 114.602 1083.49
Middle: -16.9915 56.3506 1143.47
Ring: -8.21668 46.9309 1132.6
Little: 33.8997 79.3116 1040.31
Thumb: -10.664 120.713 1133.25
Index: -45.2109 110.44 1084.95
Middle: -15.9108 56.2696 1142.81
Ring: -8.25701 46.6193 1133.6
Little: 38.9637 79.0964 1042.89
Thumb: -10.2263 121.381 1134.03
Index: -45.7002 107.135 1090.29
Middle: -17.9555 59.8175 1142.59
Ring: -10.3065 48.583 1131.68
Little: 38.8909 78.9907 1043.52
Thumb: -8.25636 123.752 1138.3
Index: -52.6038 88.8169 1121.24
Middle: -18.8765 63.0283 1145.92
Ring: -10.0897 50.405 1138.39
Little: 47.574 81.655 1048.46
Thumb: -8.57567 125.576 1136.09
Index: -52.7468 98.6702 1114.23
Middle: -20.2764 67.1938 1149.26
Ring: -9.23521 52.1842 1142.86
Little: 48.1305 81.6086 1051.16
Thumb: -10.5888 125.726 1136.4
Index: -53.3253 100.032 1112.2
Middle: -23.639 67.1444 1147.82
Ring: -13.6207 50.8292 1138.79
Little: 43.1774 81.9503 1048.74
Thumb: -11.6192 126.916 1136.15
Index: -48.1942 109.32 1104.26
Middle: -25.6236 68.9592 1145.13
Ring: -14.6129 52.8737 1139.55
Little: 44.2775 79.1695 1049.72
Thumb: -13.5034 124.433 1138.61
Index: -48.7009 112.652 1105.24
Middle: -26.1992 73.0141 1137.26
Ring: -17.9454 51.421 1139.27
Little: 39.981 79.7104 1048.97
Thumb: -14.9778 123.692 1138.05
Index: -51.3912 112.253 1108.33
Middle: -27.8008 73.0109 1137.26
Ring: -19.5446 51.3512 1141.33
Little: 39.1389 79.729 1051.01
Thumb: -15.0881 123.04 1137.47
Index: -54.1329 109.457 1110.5
Middle: -27.3596 75.1055 1133.26
Ring: -19.3735 51.0956 1142.56
Little: 35.214 80.8702 1049.36
Thumb: -14.9229 123.137 1137.64
Index: -54.4503 109.076 1111.14
Middle: -27.3111 75.2328 1133.46
Ring: -19.3344 51.2062 1142.69
Little: 36.6489 80.7964 1050.22
Thumb: -14.9157 124.461 1138.81
Index: -56.2953 106.355 1113.52
Middle: -27.8338 75.701 1133.63
Ring: -19.1976 51.6907 1145.01
Little: 37.5287 79.8956 1052.02
Thumb: -14.3043 123.101 1136.97
Index: -56.5551 104.91 1113.85
Middle: -26.9847 75.7869 1133.33
Ring: -18.9028 51.2719 1144.77
Little: 38.0116 79.7736 1051.88
Thumb: -13.4928 122.89 1136.83
Index: -56.5407 105.876 1113.88
Middle: -26.9795 76.0613 1133.69
Ring: -19.8153 52.035 1143.04
Little: 37.5971 80.5197 1052.38
Thumb: -14.711 124.067 1135.7
Index: -57.0979 107.873 1113.97
Middle: -27.1967 76.3482 1133.15
Ring: -20.1563 51.8476 1143.31
Little: 37.0802 79.9872 1052.53
Thumb: -15.2809 125.731 1136.31
Index: -58.1736 109.348 1114.23
Middle: -28.3319 77.1341 1133.29
Ring: -22.1129 53.6149 1143.28
Little: 36.1911 81.5855 1053.08
Thumb: -15.6432 131.545 1138.42
Index: -62.2037 107.855 1124.4
Middle: -29.9156 81.4219 1133.6
Ring: -23.7631 56.2297 1145.96
Little: 34.6838 79.5983 1053.29
Thumb: -15.2434 133.741 1141.78
Index: -62.8673 111.426 1119.73
Middle: -29.9894 78.4552 1137.72
Ring: -21.0661 52.1107 1142.38
Little: 31.7271 91.7906 1057.26
Thumb: -15.4197 138.127 1147.63
Index: -60.6084 119.593 1106.68
Middle: -28.0801 76.0859 1138.94
Ring: -17.6386 50.348 1143.61
Little: 16.3986 89.2116 1049.87
Thumb: -15.4916 137.876 1151.95
Index: -55.7616 130.392 1092.26
Middle: -24.8803 69.7347 1134.8
Ring: -13.1404 45.5146 1142.6
Little: 14.8467 89.513 1045.98
Thumb: -12.9317 141.335 1160.03
Index: -57.1112 128.974 1094.05
Middle: -21.4363 63.4926 1135.91
Ring: -8.88995 41.2004 1140.67
Little: 14.029 93.6048 1046.46
Thumb: -5.73836 143.206 1166.42
Index: -54.2841 131.012 1092.05
Middle: -15.8526 58.7073 1135.16
Ring: -3.99517 39.1188 1137.44
Little: 21.0378 96.8553 1045.05
Thumb: -0.0426302 144.288 1170.66
Index: -52.363 133.794 1092.06
Middle: -13.3445 53.6348 1136.41
Ring: -2.3999 39.6255 1131.56
Little: 23.7369 99.8552 1044.37
Thumb: 5.34488 144.397 1174.06
Index: -52.379 126.665 1097.28
Middle: -8.06668 50.9921 1137.35
Ring: 2.48537 37.5723 1130.77
Little: 24.087 100.339 1044.82
Thumb: 12.8056 144.443 1178.39
Index: 3.55154 54.8809 1164.88
Middle: -2.1945 44.0127 1140.29
Ring: 6.86707 35.9655 1128.98
Little: 23.1429 100.456 1042.58
Thumb: 20.5336 144.413 1178.22
Index: -9.55867 81.0907 1149.57
Middle: -2.35996 45.2097 1137.72
Ring: 11.6436 34.1011 1130.56
Little: 35.7198 97.8854 1052.1
Thumb: 25.5007 141.588 1177.35
Index: -8.77051 74.8335 1153.65
Middle: 1.60816 40.4873 1145.34
Ring: 14.1555 32.444 1131.14
Little: 38.3957 92.9005 1055.77
Thumb: 32.3493 139.835 1176.45
Index: -5.4133 70.8588 1151.28
Middle: 8.74767 36.8548 1138.22
Ring: 19.7146 31.2714 1124.63
Little: 44.2173 93.9804 1053.66
Thumb: 35.7583 135.163 1171.24
Index: -2.91018 70.174 1145.85
Middle: 14.7265 32.8825 1135.7
Ring: 19.127 35.1332 1124.16
Little: 46.2127 92.2173 1047.98
Thumb: 40.6689 225.927 1146.87
Index: 0.00547981 65.9888 1131.28
Middle: 16.9574 29.0202 1122.06
Ring: 16.7779 38.6603 1115.74
Little: 47.3914 88.5022 1032.63
Thumb: 36.5152 208.066 1131.06
Index: 8.04296 49.4488 1110.32
Middle: -3.27504 40.3055 1104.22
Ring: 10.681 43.0569 1108.88
Little: 47.6005 88.7037 1024
Thumb: 44.8254 206.184 1128.83
Index: 3.6139 53.2256 1106.04
Middle: -9.44097 47.1779 1100.65
Ring: 0.257641 48.5314 1103.43
Little: 45.1063 88.2347 1019.74
Thumb: 43.127 212.449 1132.14
Index: 5.22434 50.9336 1104.18
Middle: -11.6586 46.1531 1098.12
Ring: -0.851437 51.9179 1102.67
Little: 45.6225 87.4707 1017.49
Thumb: 59.2379 217.35 1139.23
Index: 12.1146 51.8392 1103.28
Middle: -4.55132 46.5633 1101.3
Ring: 4.99596 54.4007 1102.12
Little: 44.3011 94.0547 1015.36
Thumb: 54.2896 212.978 1137.05
Index: 11.8654 50.0054 1104.21
Middle: -4.32537 44.2589 1101.5
Ring: 4.95992 53.0379 1103.01
Little: 43.8505 92.3523 1014.93
Thumb: 115.745 157.617 1184.57
Index: 38.4063 22.7182 1124.25
Middle: 36.281 12.1316 1134.2
Ring: -2.27918 48.1348 1126.56
Little: 19.8217 107.488 1066.11
Thumb: 126.08 102.658 1174.5
Index: 41.7287 21.9086 1129.16
Middle: 41.0177 9.28851 1133.52
Ring: -0.774199 46.4876 1127.19
Little: 22.8189 110.103 1071.93
Thumb: 126.499 86.8196 1156.23
Index: 39.9307 21.1013 1123.96
Middle: 36.7537 8.98999 1128.49
Ring: -2.7102 47.8024 1125.93
Little: 16.8719 111.95 1071.82
Thumb: 140.029 87.3742 1150.42
Index: 32.6656 21.3292 1115.56
Middle: 28.7851 7.42724 1120.45
Ring: -8.56324 47.8843 1128.92
Little: 11.5043 112.475 1073.96
Thumb: 130.224 95.1481 1183.64
Index: 20.2886 24.4733 1128.17
Middle: 9.50302 11.68 1107.38
Ring: -18.937 48.6805 1130.22
Little: -0.683026 128.262 1085.61
Thumb: 121.95 96.9944 1172.03
Index: 51.0555 101.765 1182.32
Middle: 0.240512 19.4316 1103.49
Ring: -21.4699 52.0986 1128.29
Little: -4.91318 129.366 1089.7
Thumb: 126.792 93.1806 1162.49
Index: 46.2172 94.52 1182.77
Middle: -5.76714 20.1975 1100.76
Ring: -25.4851 52.4489 1126.33
Little: -8.28573 126.961 1095.18
Thumb: 127.516 92.7577 1163.29
Index: 43.7182 93.385 1182.84
Middle: -5.50592 19.8138 1098.49
Ring: -26.0797 53.5541 1126.34
Little: -8.03698 126.691 1093.95
Thumb: 128.456 92.8267 1161.25
Index: 43.2682 92.4482 1181.12
Middle: -3.71337 18.7253 1094.32
Ring: -25.4349 52.8175 1124.59
Little: -19.2804 123.913 1113.67
Thumb: 129.466 93.3286 1156.71
Index: 46.6309 92.7811 1179.9
Middle: -3.11404 18.7396 1094.03
Ring: -23.6408 59.9552 1134.52
Little: -19.6906 120.675 1116.91
Thumb: 132.107 91.4585 1150.76
Index: 54.4221 94.753 1174.38
Middle: -2.98717 18.0616 1092.29
Ring: -21.1566 63.2733 1138.77
Little: -19.1247 118.386 1117.5
Thumb: 135.974 94.2468 1141.68
Index: 61.1075 95.8005 1172.02
Middle: -0.593543 19.2194 1092.32
Ring: -17.2939 61.459 1140.15
Little: -9.55423 71.4235 1093.07
Thumb: 136.189 94.0629 1133.16
Index: 64.9325 94.4203 1167.3
Middle: -1.8426 17.0977 1092.26
Ring: -5.17546 84.2174 1157.54
Little: -10.7526 64.5746 1093.74
Thumb: 133.99 96.5517 1124.06
Index: 66.0503 90.7537 1166.1
Middle: -1.50666 17.9429 1089.9
Ring: 11.3629 106.306 1161.6
Little: -10.0632 64.1345 1092.14
Thumb: 131.854 98.6401 1117.37
Index: 64.717 86.8208 1165.72
Middle: -0.443572 19.4027 1088.39
Ring: 16.0486 112.223 1162.6
Little: -9.50931 64.923 1092.61
Thumb: 133.152 99.0174 1113.97
Index: 63.9177 86.9556 1163.84
Middle: -2.00614 19.7154 1085.97
Ring: 11.0313 106.276 1162.26
Little: -10.5953 63.2121 1089.59
Thumb: 131.15 97.4576 1108.25
Index: 63.7558 88.6989 1160.2
Middle: -3.47628 20.5135 1081.27
Ring: 8.97514 112.66 1158.53
Little: -11.1026 61.7113 1084.6
Thumb: 128.883 96.9826 1103.31
Index: 65.6738 90.6944 1156.16
Middle: -4.53105 20.2965 1079.69
Ring: 9.16162 109.71 1156.7
Little: -12.7149 62.0536 1088.01
Thumb: 131.072 97.0387 1101.45
Index: 64.2682 92.0718 1155.56
Middle: -5.10177 20.5257 1074.88
Ring: 7.00373 103.563 1155.09
Little: -13.278 62.3855 1084.42
Thumb: 130.514 98.0381 1100.16
Index: 65.6232 93.4563 1150.83
Middle: -5.91632 21.8459 1070.15
Ring: 7.66375 99.7243 1152.72
Little: -13.4483 63.3435 1083.12
Thumb: 130.44 98.8099 1098.18
Index: 67.9272 93.7222 1147.91
Middle: -5.52687 22.1272 1069.55
Ring: 7.21067 102.967 1150.72
Little: -14.0705 64.0607 1081.18
Thumb: 128.539 99.0707 1098
Index: 67.5545 95.7997 1147.2
Middle: -6.37602 22.2659 1068.54
Ring: 5.75179 103.37 1149.35
Little: -15.0654 64.0216 1077.62
Thumb: 127.385 98.9965 1096.9
Index: 65.8851 95.356 1146.98
Middle: -6.92151 22.2373 1066.88
Ring: 5.54583 104.212 1148.55
Little: -15.0971 61.7948 1073.91
Thumb: 127.572 98.423 1095.5
Index: 63.377 92.8429 1147.9
Middle: -6.91191 22.2021 1066.38
Ring: 5.7219 103.606 1147.99
Little: -14.8241 60.9166 1070.29
Thumb: 129.189 98.6964 1096.29
Index: 61.0994 90.3737 1147.88
Middle: -6.76527 21.8219 1066.15
Ring: 5.74312 100.486 1146.94
Little: -15.0156 60.7465 1069.95
Thumb: 130.958 100.571 1096.69
Index: 61.0337 89.6457 1146.92
Middle: -6.89802 21.5188 1066.6
Ring: 8.77535 112.336 1145.64
Little: -15.2297 60.5713 1068.93
Thumb: 130.585 100.154 1099.3
Index: 61.4571 92.1612 1148.02
Middle: -7.0889 21.8026 1068.15
Ring: 7.97614 111.052 1146.79
Little: -15.0958 60.8601 1070.95
Thumb: 130.647 100.988 1099.2
Index: 63.2629 95.3277 1147.35
Middle: -6.65313 21.6703 1068.15
Ring: 7.50009 112.692 1146.58
Little: -14.7915 60.5526 1071.29
Thumb: 129.921 100.927 1102.59
Index: 62.439 96.6995 1149.21
Middle: -6.14754 21.0418 1069.15
Ring: 6.29415 115.629 1145.68
Little: -14.5832 60.1785 1070.32
Thumb: 128.709 99.6462 1105.08
Index: 58.9731 93.1532 1150.56
Middle: -5.83773 20.1064 1073.88
Ring: 5.62919 118.192 1144.86
Little: -15.6641 60.2831 1071.18
Thumb: 128.888 98.9393 1111.13
Index: 59.2522 92.3888 1153.67
Middle: -5.22805 18.293 1079.24
Ring: 5.55279 116.563 1146.56
Little: -14.8021 58.4024 1071.8
Thumb: 128.298 99.6007 1112.52
Index: 59.3873 89.9822 1156.81
Middle: -3.919 17.681 1081.51
Ring: 5.50467 113.134 1151.7
Little: -14.384 58.1255 1074.91
Thumb: 128.738 97.8079 1113.47
Index: 61.5919 90.2585 1157.35
Middle: -3.70178 16.0958 1083.75
Ring: 4.08881 109.417 1153.38
Little: -14.404 56.5905 1075.9
Thumb: 129.813 98.9798 1115.15
Index: 62.3688 86.2434 1160.64
Middle: -3.67088 14.8532 1089.45
Ring: 6.2603 103.067 1158.61
Little: -13.3979 53.9516 1080.26
Thumb: 132.87 101.127 1119.05
Index: 62.3862 86.5304 1164.29
Middle: -2.54406 15.1744 1093.72
Ring: 7.65157 102.356 1161.88
Little: -12.4012 53.8658 1083
Thumb: 134.781 101.251 1120.92
Index: 59.3935 84.1018 1167.37
Middle: -2.17671 12.6284 1094.42
Ring: 5.17727 95.7937 1163.83
Little: -12.5224 51.8777 1083.6
Thumb: 135.075 103.019 1121.41
Index: 55.5186 84.3505 1172.36
Middle: -1.60334 14.1083 1099.79
Ring: 8.80556 112.296 1166.2
Little: -12.2791 53.3345 1088.09
Thumb: 132.449 102.378 1131.12
Index: 52.1603 87.6557 1179.23
Middle: -2.22691 11.7804 1102.78
Ring: 2.95414 107.402 1170.29
Little: -11.4466 50.72 1090.31
Thumb: 128.896 101.588 1139.53
Index: 49.392 87.3965 1183.76
Middle: -2.3918 11.5584 1103.72
Ring: -10.3111 73.532 1168.03
Little: -11.5342 50.8209 1093.24
Thumb: 121.225 100.354 1153.97
Index: 40.4741 86.5797 1188.9
Middle: -2.06759 11.8384 1105.77
Ring: -11.6293 88.4633 1170.7
Little: -9.97627 50.844 1092.39
Thumb: 122.418 100.138 1158.42
Index: 38.9022 87.3872 1193.72
Middle: -1.39467 12.5526 1113.54
Ring: -12.0946 85.9201 1174.89
Little: -8.68023 51.1248 1096.45
Thumb: 126.388 102.73 1157.89
Index: 50.5861 93.7757 1195.09
Middle: -1.40294 15.602 1113.89
Ring: -8.17127 82.7208 1178.82
Little: -7.21964 53.0737 1103.35
Thumb: 136.169 107.292 1141.84
Index: 66.4664 95.9988 1194.05
Middle: -0.0466175 17.8202 1115.71
Ring: 4.96543 84.7905 1189.67
Little: -5.40245 53.7998 1111.86
Thumb: 131.495 108.421 1150.53
Index: 60.2558 96.8181 1197.95
Middle: -2.01074 18.2493 1110.66
Ring: 0.0115695 85.5941 1189.77
Little: -6.50481 54.4847 1110.52
Thumb: 115.732 105.08 1169.55
Index: 10.2936 38.0362 1152.64
Middle: -1.10688 17.1092 1109.06
Ring: -9.82753 107.259 1188.04
Little: -8.31024 55.3684 1107.26
Thumb: 68.5424 108.533 1198.71
Index: -0.0331173 29.7732 1126.91
Middle: -2.74968 15.6597 1106.16
Ring: -42.0693 92.8591 1153.6
Little: -7.14699 55.0614 1097.92
Thumb: 50.2213 154.124 1221.5
Index: -5.32941 31.2277 1126.17
Middle: -3.35161 14.8688 1107.67
Ring: -26.361 41.2254 1127.41
Little: -3.168 53 1093.8
Thumb: 82.3302 142.671 1233.23
Index: -2.51675 32.2623 1120.21
Middle: -7.87706 19.4228 1108.35
Ring: 0.90064 25.1152 1114.66
Little: 0.931413 54.5642 1089.14
Thumb: 81.5728 187.247 1234.73
Index: -3.89225 32.0078 1120.08
Middle: -9.6112 19.3063 1108.19
Ring: -0.109497 24.6573 1114.78
Little: 1.25016 53.2196 1087.47
Thumb: 78.3279 150.549 1241.64
Index: -7.92054 34.2654 1121.32
Middle: -8.87553 18.5426 1109.39
Ring: -3.12146 25.5248 1107.84
Little: 6.38089 50.9017 1087.26
Thumb: 86.217 214.803 1228.52
Index: -9.82911 34.0264 1120.62
Middle: -11.168 18.1611 1110.21
Ring: -3.58584 24.6267 1107.24
Little: 5.74075 50.2608 1086.48
Thumb: -15.3923 141.722 1196.67
Index: 1.9292 39.965 1111.91
Middle: -4.02361 27.1363 1100.89
Ring: -5.3608 41.5761 1087.55
Little: 18.8888 59.0229 1082.89
Thumb: -22.7815 141.143 1199.48
Index: -3.78382 39.3137 1103.97
Middle: -1.24399 33.2061 1079.72
Ring: 2.27337 40.7343 1079.17
Little: 7.83232 81.3002 1059.13
Thumb: -35.1271 140.388 1188.57
Index: -5.30606 38.4002 1103.99
Middle: 1.60124 32.6058 1077.67
Ring: 4.69598 38.7089 1078.79
Little: 12.7862 81.4677 1057.65
Thumb: -41.9962 142.659 1181.3
Index: -5.85256 38.1513 1104.75
Middle: 2.39401 30.9201 1079.79
Ring: 6.41935 36.9208 1081.13
Little: 19.7678 77.6484 1055.11
Thumb: -50.4793 141.934 1168.08
Index: -5.35588 32.9729 1107.54
Middle: 4.31649 30.7639 1075.49
Ring: 7.94577 36.1647 1078.14
Little: 25.2237 75.3297 1054.31
Thumb: -58.159 142.948 1154.38
Index: -3.8414 32.9813 1106.88
Middle: 5.64112 28.7245 1078.27
Ring: 12.7108 33.7522 1079.91
Little: 31.9286 72.6594 1055.77
Thumb: -64.3032 144.988 1139.01
Index: -0.763695 24.8653 1105.14
Middle: 1.48826 21.2468 1076.2
Ring: 5.38012 21.6038 1077.96
Little: 36.5931 71.6304 1060.55
Thumb: -72.4456 145.523 1128.85
Index: -4.03592 27.6018 1099.92
Middle: -11.2317 17.7145 1095.59
Ring: 2.08976 27.3102 1073.5
Little: 48.1211 93.4886 1059.72
Thumb: -79.3942 147.42 1117.77
Index: -5.2351 24.8768 1104.11
Middle: -15.664 16.1943 1090.75
Ring: 3.32925 33.5802 1069.08
Little: 50.3893 90.8897 1063.46
Thumb: -84.2033 146.329 1112.54
Index: -5.0269 24.1554 1106.02
Middle: -15.5745 15.6213 1091.64
Ring: 5.2495 34.6224 1072.14
Little: 50.4397 90.401 1065.63
Thumb: -83.2295 146.249 1102.34
Index: -43.2404 75.3397 1036.47
Middle: -17.0006 15.8733 1088.91
Ring: 3.97303 32.4955 1075.45
Little: 50.7246 89.3237 1066.39
Thumb: -82.9642 145.995 1100.37
Index: -44.9509 74.3947 1036.78
Middle: -20.4008 16.7104 1088.41
Ring: 2.7035 33.2374 1075.43
Little: 46.398 86.8889 1066.43
Thumb: -85.9388 147.28 1099.32
Index: -45.3497 76.2061 1034.24
Middle: -21.9192 17.1608 1086
Ring: 1.79658 33.7874 1074.6
Little: 46.2593 86.3447 1065.23
Thumb: -84.646 145.69 1095.4
Index: -45.2796 74.8734 1033.37
Middle: -22.8985 16.4371 1086.51
Ring: 1.64308 32.1915 1077.94
Little: 45.3874 85.9387 1066.86
Thumb: -84.3301 144.238 1093.67
Index: -46.0575 76.4237 1031.18
Middle: -24.4711 17.7308 1085.17
Ring: 1.02891 36.6906 1075.37
Little: 42.5693 85.5708 1054.85
Thumb: -81.4476 145.241 1091.42
Index: -44.5218 75.161 1030.51
Middle: -24.0117 11.7196 1099.28
Ring: 0.371638 37.0101 1073.43
Little: 42.8318 84.8121 1057.51
Thumb: -81.8058 144.634 1086.69
Index: -43.8594 76.2827 1028.64
Middle: -25.2402 12.8186 1098.06
Ring: 0.135467 37.3977 1074.65
Little: 42.6881 84.6835 1056.36
Thumb: -85.6906 145.129 1085.49
Index: -47.3718 76.0918 1027.68
Middle: -26.0524 11.7378 1097.26
Ring: 0.0292475 35.7793 1074.87
Little: 40.0106 72.5665 1053.38
Thumb: -85.6249 144.525 1084.72
Index: -48.3289 76.1218 1027.14
Middle: -27.3362 11.8027 1098.19
Ring: 8.03849 92.2019 1036.01
Little: 37.3377 69.983 1052.17
Thumb: -84.0124 145.008 1083.24
Index: -47.0796 76.1601 1026.45
Middle: -28.132 13.2763 1097.95
Ring: 9.66779 94.2658 1038.47
Little: 39.1181 75.503 1051.67
Thumb: -83.7342 144.837 1082.58
Index: -47.4286 77.0517 1026.38
Middle: -27.9858 13.3085 1098.2
Ring: 8.69839 93.0001 1035.92
Little: 40.3343 81.1985 1050.02
Thumb: -84.5062 145.39 1082.65
Index: -48.4152 72.9837 1028.55
Middle: -27.8506 13.2312 1098.35
Ring: 9.13753 92.9371 1036.01
Little: 40.6348 80.595 1051.03
Thumb: -81.962 145.371 1083.3
Index: -49.7859 75.1546 1028.23
Middle: -27.109 13.5668 1103.23
Ring: 6.09882 86.7596 1023.9
Little: 40.5988 80.6295 1051.37
Thumb: -81.6491 145.811 1082.18
Index: -50.0983 68.8703 1030.93
Middle: -26.9869 14.2091 1103.64
Ring: 7.13615 89.1659 1021.85
Little: 40.8745 80.991 1051.45
Thumb: -83.3526 146.604 1084.67
Index: -51.1441 70.6288 1031.53
Middle: -26.1368 13.3805 1104.06
Ring: 4.42136 86.1066 1020
Little: 39.4931 78.6042 1051.21
Thumb: -84.286 146.785 1086.36
Index: -49.0886 65.7777 1032.03
Middle: -24.7488 13.1828 1109.5
Ring: 7.95856 89.9481 1020.01
Little: 40.1018 75.005 1053.02
Thumb: -84.7564 147.924 1087.07
Index: -48.6835 65.6818 1031.81
Middle: -24.5629 13.1657 1108.66
Ring: 7.44601 85.6844 1019.34
Little: 40.2692 74.6519 1052.52
Thumb: -83.3106 146.091 1086.92
Index: -49.4625 64.7215 1033.45
Middle: -23.982 13.2527 1110.7
Ring: 7.14445 87.2777 1020.19
Little: 39.1476 72.0021 1051.82
Thumb: -84.849 146.892 1083.43
Index: -49.5082 69.0582 1032.88
Middle: -24.8483 13.3113 1109.48
Ring: 9.43915 88.0752 1018.87
Little: 43.3061 82.9031 1045.44
Thumb: -81.9737 143.842 1083.61
Index: -49.7567 68.265 1033.14
Middle: -23.0146 12.1826 1108.07
Ring: 9.02763 87.5249 1018.87
Little: 34.0819 69.2717 1040.8
Thumb: -84.6869 147.916 1085.12
Index: -47.2265 75.3275 1030.76
Middle: -23.6654 13.4988 1111.31
Ring: 7.19191 81.3719 1018.61
Little: 44.6154 83.5144 1042.49
Thumb: -80.1112 149.946 1083.9
Index: -45.9482 77.2145 1030.03
Middle: -21.7884 15.4897 1110.97
Ring: 10.9241 89.4728 1018.65
Little: 45.1323 86.6095 1041.91
Thumb: -77.9046 150.268 1082.7
Index: -46.0659 70.3895 1031.29
Middle: -21.6879 15.0637 1111.08
Ring: 12.2854 88.6461 1018.42
Little: 46.9546 86.9373 1041.99
Thumb: -77.6085 151.457 1082.34
Index: -46.2488 68.8575 1032.81
Middle: -21.2484 15.4025 1111.94
Ring: 13.6289 91.5103 1019.44
Little: 47.4271 87.1576 1042.18
Thumb: -71.1404 154.301 1082.5
Index: -44.4718 69.1994 1034.2
Middle: -18.19 17.203 1111.2
Ring: 13.6278 90.1692 1017.09
Little: 43.5499 79.6807 1039.98
Thumb: -67.9506 151.776 1081.65
Index: -41.6237 69.3783 1033.37
Middle: -16.4578 16.8639 1107.05
Ring: 16.9907 92.6352 1016.17
Little: 49.5027 86.7769 1037.57
Thumb: -64.4575 151.26 1082.16
Index: -40.2492 71.3967 1032.57
Middle: -13.1488 17.6043 1106.22
Ring: 18.9529 95.414 1014.88
Little: 49.9568 85.5009 1035.9
Thumb: -57.7621 147.782 1080.57
Index: -35.5241 70.6365 1031.47
Middle: -8.98235 17.9969 1099.96
Ring: 20.6481 89.647 1015.42
Little: 51.7451 83.1127 1037.3
Thumb: -50.3469 148.617 1079.25
Index: -27.5391 71.6209 1029.43
Middle: -5.27731 19.4508 1096.97
Ring: 29.3907 91.201 1015.37
Little: 56.869 79.804 1038.14
Thumb: -40.5936 153.989 1079.58
Index: -21.123 76.0928 1027.57
Middle: -0.852832 23.1499 1088.91
Ring: 36.9285 95.8141 1014.44
Little: 66.3793 87.5742 1036.17
