Thumb: 32.9554 91.7207 1121.92
Index: -64.5745 28.1944 1098.23
Middle: -101.42 40.8207 1097.63
Ring: -124.543 62.0639 1082.41
Little: -141.773 103.039 1080.87
Thumb: 36.4098 87.198 1104.28
Index: -76.7244 34.8957 1091.14
Middle: -107.37 42.1641 1081.69
Ring: -121.64 61.3687 1072.11
Little: -133.677 96.8193 1081.5
Thumb: 30.1503 89.7211 1106.75
Index: -71.9989 36.2787 1100.6
Middle: -105.802 40.0412 1081.14
Ring: -120.207 58.0885 1071.69
Little: -124.737 109.236 1099
Thumb: 27.2448 87.1544 1107.16
Index: -75.9782 32.1583 1103.04
Middle: -110.104 36.5726 1088.86
Ring: -124.904 54.289 1080.16
Little: -118.023 120.073 1099.95
Thumb: 20.9752 84.8947 1108.08
Index: -80.5458 29.4665 1095.28
Middle: -112.57 36.6515 1091.32
Ring: -126.792 54.5623 1085.28
Little: -119.953 120.281 1100.94
Thumb: 12.6433 81.5706 1104.82
Index: -82.9159 30.7579 1094.57
Middle: -113.618 39.9197 1093.53
Ring: -128.379 57.1723 1088.01
Little: -135.081 101.827 1098.3
Thumb: 9.03518 83.9594 1106.47
Index: -86.1247 31.9465 1097.13
Middle: -114.269 39.3526 1099.66
Ring: -129.355 56.3547 1093.96
Little: -134.21 104.967 1101.47
Thumb: 2.78375 82.925 1100.56
Index: -89.6456 34.1007 1092.28
Middle: -112.545 40.5626 1097.06
Ring: -128.59 56.5545 1093.4
Little: -134.417 103.762 1099.41
Thumb: -0.44835 82.4569 1102.95
Index: -93.7202 35.7414 1088.92
Middle: -115.631 42.9162 1098
Ring: -129.913 60.4532 1100.4
Little: -144.344 95.1766 1093.63
Thumb: -1.9211 81.2929 1100.68
Index: -94.6372 38.6579 1096.35
Middle: -117.478 42.536 1098.6
Ring: -129.343 62.5513 1106.01
Little: -145.681 94.9 1095.66
Thumb: -8.63204 77.1775 1098.13
Index: -97.8061 40.52 1099.61
Middle: -120.399 41.8284 1098.74
Ring: -129.973 60.4621 1106.9
Little: -146.312 92.9481 1098.16
Thumb: -9.05873 76.7603 1099.83
Index: -95.0976 41.6057 1102.98
Middle: -121.329 42.9853 1101.12
Ring: -127.615 61.3674 1110.12
Little: -141.74 96.2434 1104.41
Thumb: -9.67179 77.3339 1099.23
Index: -98.488 39.2387 1097.75
Middle: -121.33 43.147 1099.88
Ring: -127.529 60.9146 1108.8
Little: -138.98 97.0159 1103.53
Thumb: -7.8147 81.6613 1098.9
Index: -92.2637 38.5373 1093.83
Middle: -115.709 40.9333 1094.51
Ring: -121.825 60.5146 1108.86
Little: -134.116 92.7143 1099.62
Thumb: -5.12495 81.89 1097.93
Index: -87.0665 35.3054 1095.99
Middle: -110.738 37.0683 1097.64
Ring: -114.504 56.029 1110.56
Little: -129.827 88.607 1104.65
Thumb: -2.05111 83.4044 1102.1
Index: -76.3457 36.957 1098.84
Middle: -101.91 38.552 1099.84
Ring: -107.369 60.2842 1113.24
Little: -121.743 87.8241 1102.58
Thumb: 1.75819 84.379 1100.61
Index: -66.2016 37.5878 1101.83
Middle: -94.841 35.755 1096.88
Ring: -100.932 56.4907 1110.87
Little: -114.458 84.1073 1101.29
Thumb: 7.04685 86.0098 1101.61
Index: -59.9991 33.9615 1097.67
Middle: -83.9652 33.5001 1100.45
Ring: -93.7382 52.1823 1110
Little: -107.263 79.9348 1100.88
Thumb: 17.0992 85.9991 1101.65
Index: -49.6325 33.752 1100.97
Middle: -73.8151 35.7522 1104.74
Ring: -87.9908 48.4703 1108.17
Little: -101.605 75.4992 1100.42
Thumb: 22.7223 88.9806 1101.5
Index: -40.5177 33.3026 1097.25
Middle: -63.366 33.996 1103.67
Ring: -79.4438 45.6418 1105.87
Little: -92.0934 72.5565 1099.17
Thumb: 31.927 90.1551 1103.15
Index: -31.1656 32.565 1099.22
Middle: -54.5433 30.045 1100.88
Ring: -70.8267 42.6769 1105.04
Little: -83.8986 69.8458 1098.98
Thumb: 41.1427 90.1026 1103.53
Index: -24.3967 31.6046 1099.84
Middle: -49.5775 29.0506 1099.75
Ring: -62.8523 41.7226 1103.89
Little: -76.0859 70.8693 1102.03
Thumb: 47.4505 91.0377 1104.97
Index: -18.4824 30.5014 1097.83
Middle: -44.1787 29.1341 1098.84
Ring: -56.762 40.5351 1103.52
Little: -70.7101 66.6127 1099.99
Thumb: 54.9958 93.2592 1109.16
Index: -13.0224 30.1036 1101.62
Middle: -37.8735 24.8768 1097.29
Ring: -51.7642 38.9038 1103.82
Little: -64.0457 63.6455 1097.74
Thumb: 60.1482 90.2392 1108.96
Index: -6.65048 26.3646 1099.53
Middle: -31.176 22.963 1101.12
Ring: -43.2004 35.3545 1103.89
Little: -57.055 60.3283 1095.49
Thumb: 68.1732 84.192 1103.21
Index: -0.829842 24.0091 1099.02
Middle: -22.7952 19.4485 1098.48
Ring: -37.5532 33.6708 1101.33
Little: -52.0928 58.5038 1094.37
Thumb: 104.529 93.2251 1102.94
Index: 12.5832 24.3866 1110.46
Middle: -16.3931 15.8728 1097.87
Ring: -30.6876 30.6835 1103.89
Little: -48.3123 53.8331 1093.88
Thumb: 114.667 92.7963 1099.19
Index: 21.0491 20.2166 1104.61
Middle: -8.50267 12.9338 1093.72
Ring: -20.6236 36.4024 1106.46
Little: -41.6838 52.7712 1093.36
Thumb: 120.384 93.7447 1101.91
Index: 30.778 17.6949 1104.16
Middle: -0.266088 11.622 1099.83
Ring: -17.1397 29.1499 1101.74
Little: -37.3202 50.679 1092.72
Thumb: 109.508 85.7505 1111.8
Index: 39.1744 15.2428 1105.17
Middle: 6.42724 11.2996 1100.47
Ring: -11.4373 25.8158 1103.06
Little: -30.8391 50.3286 1100.66
Thumb: 115.65 87.5564 1110.1
Index: 47.2235 13.6469 1103.2
Middle: 13.1309 6.07364 1095.84
Ring: -5.31387 20.9324 1100.32
Little: -26.5561 48.3582 1100.78
Thumb: 120.21 88.3632 1110.04
Index: 54.6275 11.9794 1104.65
Middle: 19.2112 1.98187 1094.53
Ring: 2.94142 22.5203 1102.55
Little: -21.4612 43.2605 1099.51
Thumb: 129.796 89.0602 1107.77
Index: 61.2021 12.3322 1102.1
Middle: 27.0283 4.52614 1096.63
Ring: 10.6479 26.2704 1103.02
Little: -16.3468 45.9759 1101.75
Thumb: 132.247 90.5093 1107.64
Index: 65.2634 10.7467 1106.48
Middle: 29.8083 -0.670258 1091.96
Ring: 14.8793 23.8196 1105.4
Little: -12.5726 43.6589 1101.85
Thumb: 138.43 91.4347 1108.12
Index: 70.0825 10.0456 1104.69
Middle: 34.6133 0.121567 1091.91
Ring: 19.908 26.0116 1101.58
Little: -7.25366 45.2604 1102.32
Thumb: 143.453 92.6911 1109.58
Index: 74.8801 8.962 1102.33
Middle: 40.8809 1.74981 1099.04
Ring: 25.6431 27.2639 1099.39
Little: -1.57124 45.69 1101.56
Thumb: 148.262 94.2017 1110.28
Index: 80.3594 9.5948 1102.05
Middle: 45.3528 -2.57067 1085.23
Ring: 30.0603 24.2952 1097.1
Little: 2.31534 43.5482 1099.87
Thumb: 152.34 97.414 1108.84
Index: 84.6855 10.1788 1105.31
Middle: 50.2035 -2.07102 1086.78
Ring: 33.9236 24.3724 1097.02
Little: 7.39625 49.5227 1105.99
Thumb: 156.679 98.1525 1108.64
Index: 87.1154 10.3012 1101.59
Middle: 52.688 -1.40191 1085.66
Ring: 37.442 27.0813 1102.75
Little: 10.3401 49.2733 1111.17
Thumb: 162.558 95.9578 1109.42
Index: 87.7165 11.4162 1103.51
Middle: 52.4693 -1.1928 1084.97
Ring: 37.815 27.7762 1102.74
Little: 11.3116 49.9851 1110.8
Thumb: 164.38 96.4202 1113.05
Index: 88.5019 12.2037 1106.94
Middle: 53.7882 -0.86021 1085.15
Ring: 48.7356 68.0366 1144.31
Little: 13.8873 58.9469 1114.29
Thumb: 165.815 96.4834 1113.53
Index: 90.1069 16.2944 1112.04
Middle: 54.8682 -1.68758 1087.89
Ring: 57.6481 97.7359 1145.27
Little: 19.9079 75.4358 1128.1
Thumb: 165.551 95.9379 1114.54
Index: 90.4862 22.8818 1111.86
Middle: 53.1596 -1.25644 1084.11
Ring: 55.8305 97.5567 1158.47
Little: 23.9718 98.2172 1130.82
Thumb: 165.86 98.3163 1115.8
Index: 88.6941 26.3662 1106.27
Middle: 51.1155 3.01111 1081.74
Ring: 53.0379 99.7405 1157.25
Little: 19.541 93.2961 1132.56
Thumb: 163.72 96.3978 1114.8
Index: 84.486 27.4941 1107.8
Middle: 46.1157 4.96213 1084.14
Ring: 51.6143 103.266 1157.8
Little: 16.4393 93.6101 1133.38
Thumb: 161.042 95.5213 1114.71
Index: 81.229 27.0998 1106.39
Middle: 42.0925 5.6805 1081.77
Ring: 52.204 105.913 1154.86
Little: 19.1931 105.64 1134.53
Thumb: 157.564 94.2759 1115.66
Index: 77.6664 28.8553 1106.48
Middle: 37.6728 8.14389 1078.53
Ring: 50.3988 108.434 1155.98
Little: 16.5362 106.739 1135.77
Thumb: 151.902 92.0476 1117.01
Index: 71.8454 28.471 1107.79
Middle: 32.1572 8.87881 1079.77
Ring: 45.3848 108.87 1157.5
Little: 11.6446 109.06 1138.59
Thumb: 147.253 92.9371 1116.54
Index: 80.5917 61.367 1105.48
Middle: 25.1983 11.6742 1076.77
Ring: 40.5511 108.654 1156.93
Little: 7.22003 111.201 1138.83
Thumb: 141.888 91.5444 1115.65
Index: 75.2877 61.0421 1105.71
Middle: 18.179 13.7509 1075.89
Ring: 31.9094 99.651 1163.42
Little: 2.37768 107.515 1139.05
Thumb: 131.333 90.8285 1114.67
Index: 66.8406 59.8115 1107.75
Middle: 8.93873 12.0282 1079.82
Ring: 19.7166 94.4532 1163.88
Little: -6.50256 108.075 1138
Thumb: 123.945 93.6164 1117.78
Index: 61.4055 62.7645 1109.6
Middle: 4.14306 14.4499 1080.31
Ring: 10.3705 92.4149 1162.73
Little: -14.7042 104.314 1136.38
Thumb: 115.033 93.3816 1119.58
Index: 53.8231 62.8664 1110.5
Middle: -3.36525 14.7468 1082.39
Ring: 4.61185 100.306 1162.85
Little: -12.3035 54.8623 1086.12
Thumb: 105.326 95.9037 1123.41
Index: 48.1126 64.4151 1113.63
Middle: -8.64876 16.4577 1081.87
Ring: -1.19005 104.041 1164.18
Little: -16.226 55.8882 1084.71
Thumb: 98.0322 95.0113 1124.46
Index: 42.101 63.9153 1114.89
Middle: -15.1214 17.1329 1083.42
Ring: -5.40443 105.895 1166.65
Little: -22.7244 57.6009 1086.42
Thumb: 94.0318 95.1468 1125.6
Index: 37.253 64.5907 1117
Middle: -21.8845 19.1909 1086.45
Ring: -9.39851 104.794 1170.16
Little: -27.41 59.0158 1088.61
Thumb: 87.2142 96.1473 1128.24
Index: 32.5118 65.2131 1118.58
Middle: -27.0407 19.3954 1090.21
Ring: -14.1696 102.146 1172.67
Little: -33.8158 59.3417 1091.77
Thumb: 87.1019 98.371 1127.9
Index: 26.5176 66.137 1121.63
Middle: -31.2876 18.2266 1096.52
Ring: -20.3217 103.715 1175.44
Little: -38.2556 58.1797 1095.17
Thumb: 81.3937 96.3858 1138.81
Index: 5.1031 45.0001 1130.07
Middle: -33.3575 18.2216 1097.55
Ring: -32.5285 106.606 1174.12
Little: -43.6235 60.9574 1094.75
Thumb: 66.5019 96.2214 1157.96
Index: -12.9441 46.1569 1142.1
Middle: -36.5575 15.1825 1101.51
Ring: -53.9614 111.902 1167.1
Little: -51.4149 63.8557 1094.66
Thumb: 31.2448 108.599 1191.98
Index: -26.2613 80.7054 1145.12
Middle: -38.6604 18.6673 1096.94
Ring: -78.7877 86.6308 1136.58
Little: -45.2999 65.9312 1082.25
Thumb: 75.8392 166.785 1218.77
Index: -26.9276 101.182 1152.03
Middle: -42.6129 23.2408 1103.43
Ring: -35.2487 30.4067 1101.95
Little: -35.9204 62.1131 1079.86
Thumb: 65.3353 175.339 1224.19
Index: -32.1084 94.1546 1145.5
Middle: -47.2745 26.1962 1107.97
Ring: -39.2699 34.4609 1107.36
Little: -34.6836 61.5076 1072.75
Thumb: 44.1929 157.484 1233.65
Index: -33.1078 92.0407 1144.02
Middle: -52.075 27.3801 1110.59
Ring: -44.2001 35.7156 1109.73
Little: -40.2532 63.3832 1074.87
Thumb: 33.0252 161.378 1238.99
Index: -39.5229 91.6807 1144.18
Middle: -56.4607 28.5588 1112.75
Ring: -48.7009 36.9839 1110.97
Little: -42.2953 64.2111 1076.53
Thumb: -68.6677 160.24 1188.28
Index: -42.3016 97.2788 1143.55
Middle: -60.5569 28.9194 1108.17
Ring: -51.5383 36.5077 1104.31
Little: -38.7031 60.4434 1075.85
Thumb: -75.0739 163.472 1180.57
Index: -50.0969 97.0213 1143.11
Middle: -62.5492 29.1329 1111.3
Ring: -61.1928 40.0677 1092.04
Little: -40.601 59.9366 1077.4
Thumb: -105.518 155.386 1186.05
Index: -70.7186 84.3659 1096.61
Middle: -63.8605 45.1201 1064.18
Ring: -63.6876 52.226 1074.6
Little: -34.0675 63.7275 1055.47
Thumb: -107.393 162.446 1174.16
Index: -70.6341 90.2132 1105.47
Middle: -61.7527 39.2888 1070.15
Ring: -62.0188 43.5669 1082.81
Little: -31.9276 60.9859 1060.61
Thumb: -99.4038 170.283 1147.09
Index: -77.7504 96.1872 1105.62
Middle: -62.178 41.6635 1071.89
Ring: -72.0553 38.7545 1114.42
Little: -45.9584 49.9227 1073.35
Thumb: -115.833 170.423 1144.2
Index: -80.6439 97.9228 1100.84
Middle: -58.6698 45.4672 1070.2
Ring: -75.0331 41.368 1108.09
Little: -39.8849 49.8977 1081.93
Thumb: -121.713 171.548 1135.1
Index: -81.6379 98.3783 1099.31
Middle: -57.0578 45.5777 1073.66
Ring: -76.6683 42.1363 1108.49
Little: -40.9649 50.2459 1081.9
Thumb: -127.05 174.303 1128.89
Index: -83.2319 99.4789 1095.42
Middle: -56.3952 47.9446 1072.84
Ring: -77.8228 42.0844 1109.59
Little: -40.2892 50.5382 1084.21
Thumb: -130.798 176.458 1122.65
Index: -83.4494 100.359 1093.49
Middle: -54.5416 53.3252 1075.64
Ring: -79.0231 43.6684 1108.04
Little: -38.7059 51.6609 1089.16
Thumb: -134.603 176.618 1116.07
Index: -84.3198 98.7388 1090.26
Middle: -53.8969 52.067 1074.8
Ring: -80.0226 42.3181 1109.16
Little: -39.0719 50.8561 1089.64
Thumb: -134.303 175.155 1106.09
Index: -90.4689 119.041 1079.15
Middle: -56.3323 50.4046 1075.86
Ring: -83.965 42.766 1110.18
Little: -42.4348 49.8756 1091.54
Thumb: -134.918 177 1100.92
Index: -97.8697 101.211 1046.31
Middle: -82.9584 26.8146 1103.98
Ring: -86.6281 43.0623 1110.04
Little: -44.3984 49.0932 1091.93
Thumb: -133.467 177.004 1092.63
Index: -100.58 86.1057 1033.17
Middle: -84.9309 28.7081 1104.43
Ring: -88.7762 45.4421 1109.52
Little: -44.5237 50.7373 1101.87
Thumb: -134.316 177.627 1086.31
Index: -99.7739 84.9595 1031.28
Middle: -85.6114 29.8982 1102.74
Ring: -89.9547 46.7944 1107.86
Little: -45.4539 52.1463 1101.8
Thumb: -134.351 179.586 1082.03
Index: -97.8843 85.2574 1028.38
Middle: -85.827 30.7879 1099.28
Ring: -90.7477 48.183 1105.34
Little: -46.1056 53.2344 1100
Thumb: -136.02 180.188 1074.1
Index: -94.3834 89.4965 1020.01
Middle: -87.79 30.7621 1098.95
Ring: -90.968 45.9707 1099.33
Little: -48.0371 52.884 1098.46
Thumb: -135.187 181.591 1070.73
Index: -91.9674 92.4649 1015.1
Middle: -89.3643 32.0358 1099.67
Ring: -91.0569 45.8345 1096.22
Little: -49.3046 53.2397 1096.77
Thumb: -137.069 182.898 1066.82
Index: -91.3407 94.9273 1011.81
Middle: -89.831 31.8688 1092.37
Ring: -90.3948 45.3103 1089.6
Little: -48.8148 52.9987 1091.98
Thumb: -136.418 183.788 1062.84
Index: -90.29 96.5174 1008.47
Middle: -87.0674 31.1257 1087.86
Ring: -89.0987 44.6479 1087.95
Little: -48.8492 53.385 1090.81
Thumb: -135.419 184.371 1061.79
Index: -91.4075 94.3698 1007.92
Middle: -87.3953 31.791 1083.57
Ring: -88.8025 45.1758 1085.95
Little: -48.0834 53.4614 1087.7
Thumb: -135.289 182.788 1057.38
Index: -91.6675 94.322 1005.85
Middle: -86.117 31.4541 1077.73
Ring: -89.9418 45.4216 1083.57
Little: -48.7949 53.2757 1085.39
Thumb: -135.37 183.241 1058.46
Index: -91.7805 94.5594 1004.7
Middle: -86.6137 31.5724 1077.04
Ring: -89.5982 45.3517 1081.36
Little: -48.4178 53.0913 1081.9
Thumb: -134.952 183.295 1056.77
Index: -89.5159 104.392 1003.47
Middle: -85.7991 31.6125 1078.37
Ring: -88.3347 45.6757 1084.38
Little: -47.1115 53.4827 1083.52
Thumb: -132.238 185.8 1058.18
Index: -90.9479 97.9122 1005.11
Middle: -85.4036 33.5433 1084.37
Ring: -88.231 48.0118 1082.78
Little: -46.3191 54.7897 1083.2
Thumb: -131.858 184.813 1055.95
Index: -87.5725 103.129 1004.36
Middle: -82.0576 34.2367 1086.33
Ring: -85.437 48.2668 1084.1
Little: -44.4707 56.3277 1083.85
Thumb: -130.915 183.896 1056.3
Index: -88.5849 95.4003 1007.26
Middle: -80.6768 34.1896 1085.57
Ring: -83.6566 48.0533 1084.92
Little: -43.1568 56.3612 1082.83
Thumb: -133.988 182.253 1061.12
Index: -92.1839 84.1035 1017.36
Middle: -77.0558 32.9137 1089.19
Ring: -78.3282 45.5863 1088.51
Little: -38.8291 55.6332 1083.72
Thumb: -132.908 180.858 1064.14
Index: -91.8957 79.2935 1021.05
Middle: -73.2988 32.9675 1091.9
Ring: -75.3672 45.899 1091.46
Little: -36.2954 56.4913 1085.41
Thumb: -133.417 179.014 1065.82
Index: -91.0442 73.6047 1025.27
Middle: -69.9103 31.6825 1095
Ring: -72.0553 44.9015 1095.93
Little: -33.0138 55.9054 1087.35
Thumb: -136.596 175.786 1071.49
Index: -88.0112 73.3244 1026.71
Middle: -65.2598 30.1287 1098.71
Ring: -67.2911 43.505 1100.84
Little: -28.494 56.0695 1092.04
Thumb: -134.024 173.887 1073.4
Index: -83.227 84.7089 1023.27
Middle: -60.9357 29.8104 1101.81
Ring: -63.6253 42.5009 1100.88
Little: -25.5005 56.1103 1094.86
Thumb: -132.454 171.501 1075.52
Index: -79.9337 75.5462 1029.78
Middle: -54.1229 28.0076 1103.94
Ring: -58.8988 41.3759 1103.99
Little: -20.5652 55.4455 1096.67
Thumb: -128.349 168.068 1080.37
Index: -76.3569 72.6503 1031.71
Middle: -49.3118 25.6 1106.58
Ring: -54.0654 38.1683 1103.73
Little: -16.1449 53.0437 1097.2
Thumb: -120.077 166.857 1083.22
Index: -67.2152 74.5389 1026.8
Middle: -44.2573 22.7763 1106.28
Ring: -49.3749 36.0592 1103.6
Little: -10.0556 49.9057 1096.67
Thumb: -114.257 163.91 1088.39
Index: -60.7924 73.7805 1028.14
Middle: -36.7461 20.3451 1106.82
Ring: -44.84 35.803 1104.52
Little: -1.89186 48.1616 1097.08
Thumb: -109.804 159.22 1090.77
Index: -55.4812 71.9128 1028.08
Middle: -30.0754 16.6229 1105.57
Ring: -35.6457 31.9596 1108
Little: 6.5037 45.8084 1101.26
Thumb: -106.723 154.16 1086.93
Index: -50.5238 67.4197 1030.07
Middle: -22.0446 14.632 1109.91
Ring: -28.5887 28.5538 1105.52
Little: 12.3729 43.9644 1101.13
Thumb: -99.5973 149.867 1088.8
Index: -42.0952 72.275 1028.54
Middle: -15.05 13.8 1110.35
Ring: -20.436 27.4242 1101.47
Little: 19.4118 43.2051 1099.48
Thumb: -95.0696 146.486 1086.54
Index: -33.0307 71.2333 1025.67
Middle: -5.90347 12.3823 1108.41
Ring: -11.2872 25.4476 1104.81
Little: 27.1516 43.5467 1103.07
Thumb: -90.6576 143.664 1087.41
Index: -29.3303 68.3191 1026.87
Middle: 0.899809 10.8917 1109.58
Ring: -2.89453 23.0246 1108.61
Little: 32.7727 41.6336 1097.46
Thumb: -85.4086 144.222 1089.95
Index: -23.449 65.7644 1026.14
Middle: 7.65492 9.66174 1104.86
Ring: 0.940173 23.7968 1107.89
Little: 39.9749 41.2522 1096.98
Thumb: -84.1234 143.685 1090.43
Index: -14.4033 61.1512 1025
Middle: 16.6194 9.96677 1106.01
Ring: 10.6729 22.9582 1101.91
Little: 49.0561 42.6104 1095.71
Thumb: -80.6443 143.677 1092.57
Index: -9.51567 62.5739 1025.13
Middle: 24.9538 10.1808 1109.14
Ring: 19.111 22.4739 1106.71
Little: 55.5565 42.7894 1095.04
Thumb: -76.0725 143.433 1095.58
Index: -0.873164 71.0097 1021.57
Middle: 31.4167 9.16317 1102.59
Ring: 22.6091 23.1358 1103.74
Little: 62.3004 43.9519 1098.92
Thumb: -70.2119 143.142 1089.99
Index: 3.1539 70.4562 1024.84
Middle: 35.8271 10.2829 1108.86
Ring: 28.9542 23.5583 1103.09
Little: 68.698 44.8012 1099.32
Thumb: -64.4008 146.138 1095.4
Index: 8.65382 70.9794 1025.51
Middle: 42.2943 10.5611 1106.79
Ring: 35.1631 23.8812 1104.01
Little: 74.0554 45.1087 1101.11
Thumb: -59.0754 147.463 1093.23
Index: 13.8518 71.4154 1024.38
Middle: 47.6684 9.937 1103.67
Ring: 41.8529 23.2276 1103.86
Little: 79.7288 44.7084 1099.14
Thumb: -53.7778 149.145 1092.58
Index: 19.0738 69.337 1023.98
Middle: 49.5379 8.98231 1106.53
Ring: 42.8462 23.0963 1106.05
Little: 83.1288 42.9735 1100.45
Thumb: -50.7526 150.157 1104.41
Index: 14.8774 66.2296 1031.09
Middle: 50.0038 7.78445 1104.12
Ring: 43.647 22.3477 1108.81
Little: 83.5694 41.1979 1096.53
Thumb: -46.7405 153.443 1112.03
Index: 13.8391 62.4432 1036.17
Middle: 46.9619 8.48001 1110.01
Ring: 44.1229 22.8127 1111.8
Little: 84.1674 40.607 1099.85
Thumb: -42.0592 153.484 1120.15
Index: 9.9633 67.4561 1041.88
Middle: 39.7796 11.1142 1116.27
Ring: 54.4627 21.0495 1091.93
Little: 95.0752 87.5336 1031.32
Thumb: -40.0368 159.886 1129.79
Index: 10.6979 60.98 1050.31
Middle: 35.0417 15.6149 1119.76
Ring: 54.0348 22.2599 1101.26
Little: 82.3609 62.4124 1052.11
Thumb: -30.51 164.969 1142.05
Index: 8.68194 62.1457 1063.72
Middle: 29.6153 24.5323 1118.41
Ring: 46.2026 36.4811 1090.59
Little: 74.6036 69.9122 1049.74
Thumb: -21.5414 166.443 1148.03
Index: 11.191 58.8819 1078.01
Middle: 30.5359 27.6343 1126.49
Ring: 38.8272 49.6403 1084.16
Little: 67.285 77.015 1049.85
Thumb: -13.5062 170.396 1151.8
Index: 34.6276 37.7584 1133.61
Middle: 29.5454 29.7228 1121.18
Ring: 33.7721 60.7172 1088.54
Little: 73.6561 95.7894 1047.22
Thumb: -7.90313 169.976 1157.82
Index: 38.2672 38.7073 1133.23
Middle: 33.1159 30.5241 1124.83
Ring: 29.2218 60.5294 1091.14
Little: 76.2743 100.688 1047.12
Thumb: -3.11489 170.619 1161.53
Index: 37.3959 40.1179 1131.4
Middle: 33.8992 31.6631 1125.04
Ring: 28.2684 59.8478 1093.6
Little: 76.4156 102.928 1046.18
Thumb: 2.56012 170.579 1166.14
Index: 44.9644 40.4172 1125.87
Middle: 36.3193 32.7956 1127.21
Ring: 32.124 68.1857 1091.8
Little: 71.7282 105.601 1043.21
Thumb: 11.669 170.862 1171.13
Index: 39.676 43.9162 1124.37
Middle: 35.2615 35.4619 1127.32
Ring: 33.7864 59.1815 1102.07
Little: 72.4702 107.488 1042.85
Thumb: 22.5021 174.531 1177.96
Index: 39.4478 44.7001 1124.64
Middle: 36.2911 35.9281 1126.55
Ring: 33.5268 60.0338 1101.77
Little: 70.1503 108.384 1041.55
Thumb: 39.8401 177.007 1181.17
Index: 39.8061 49.7191 1121.12
Middle: 37.4621 41.3777 1125.93
Ring: 31.7071 59.5228 1102.34
Little: 69.6763 111.057 1039.06
Thumb: 42.9642 175.978 1182.14
Index: 38.5316 50.1724 1127.13
Middle: 37.7472 41.4753 1126.13
Ring: 30.504 60.1861 1102.9
Little: 67.2208 111.72 1038.43
Thumb: 46.2566 175.503 1188
Index: 44.6289 49.39 1134.54
Middle: 38.5519 42.1194 1128.45
Ring: 27.2508 58.8401 1107.94
Little: 67.1138 112.018 1042.94
Thumb: 47.2621 172.558 1187.5
Index: 38.73 51.691 1129.69
Middle: 41.6356 41.9915 1130.8
Ring: 27.3082 59.1268 1108.84
Little: 67.6004 112.794 1043.35
Thumb: 49.1243 171.829 1187.29
Index: 42.1419 50.7667 1135.98
Middle: 41.4508 41.9419 1131.95
Ring: 25.6839 59.577 1109.24
Little: 67.7904 114.541 1042.67
Thumb: 50.49 168.816 1186.82
Index: 43.9492 50.5981 1136.51
Middle: 41.909 42.7513 1133.34
Ring: 26.3233 59.4032 1109.82
Little: 67.1067 115.223 1042.44
Thumb: 49.1675 168.15 1187.54
Index: 47.008 49.4579 1139.99
Middle: 40.1397 42.8603 1133.81
Ring: 25.0569 58.9409 1109.18
Little: 66.5739 115.135 1043.26
Thumb: 46.1912 166.892 1186.96
Index: 50.0204 49.1062 1139.99
Middle: 38.4003 43.8247 1135.25
Ring: 24.5291 58.4265 1110.89
Little: 65.9611 112.967 1045.23
Thumb: 44.1038 164.854 1188.16
Index: 47.2254 47.4859 1139.13
Middle: 36.0813 42.8075 1136.63
Ring: 21.7789 58.3121 1111.13
Little: 65.7086 111.789 1046.39
Thumb: 38.5603 161.261 1187.4
Index: 45.6646 46.174 1139.79
Middle: 33.3611 42.0413 1137.28
Ring: 18.8708 59.2414 1111.41
Little: 67.9979 113.136 1047.62
Thumb: 34.1645 158.457 1184.57
Index: 41.4417 44.4105 1140.39
Middle: 28.4771 41.7124 1137.95
Ring: 14.3021 59.5833 1109.35
Little: 63.2868 108.578 1048.33
Thumb: 31.508 156.753 1181.44
Index: 36.5374 44.989 1141.02
Middle: 25.3226 41.8343 1137.85
Ring: 11.8535 60.036 1109.1
Little: 62.5182 107.301 1048.53
Thumb: 25.845 154.79 1179.15
Index: 36.0416 43.1758 1140.75
Middle: 22.4162 41.6542 1137.84
Ring: 9.91729 59.5438 1106.99
Little: 61.9742 104.736 1049.06
Thumb: 20.0276 151.353 1175.74
Index: 31.7229 42.8688 1141.35
Middle: 18.7826 40.9169 1135.94
Ring: 7.80438 59.6271 1106.03
Little: 60.8746 106.186 1048.03
Thumb: 14.8734 149.535 1170.61
Index: 27.8796 43.9495 1139.54
Middle: 17.2129 40.8181 1140.52
Ring: 3.8225 61.3253 1105.74
Little: 60.7505 104.016 1051.35
Thumb: 11.5443 146.927 1169.95
Index: 27.9626 42.6282 1145.63
Middle: 16.5495 39.0527 1142.19
Ring: 1.97553 60.5162 1107.03
Little: 58.6607 103.351 1052.56
Thumb: 4.84911 142.223 1167.2
Index: 23.3997 40.4829 1150.71
Middle: 14.7844 37.0094 1143.81
Ring: 3.07067 55.0827 1107.06
Little: 60.0502 99.7105 1054.55
Thumb: 1.21685 139.961 1165.79
Index: 21.258 38.9855 1143.96
Middle: 10.9221 38.9231 1144.72
Ring: 5.33849 49.9414 1109.29
Little: 60.1587 98.2254 1053.71
Thumb: -4.56236 131.533 1156.17
Index: 22.4949 38.9039 1130.56
Middle: 3.081 41.734 1141.03
Ring: 10.3602 43.3301 1114.71
Little: 59.9313 97.3915 1053.49
Thumb: -8.64524 131.339 1150.17
Index: 23.1967 41.1405 1116.91
Middle: 0.412064 42.1427 1134.87
Ring: 12.2332 42.7248 1112.15
Little: 58.0145 97.9482 1049.24
Thumb: 0.22673 134.761 1150.05
Index: 21.7649 41.3847 1113.02
Middle: -3.10137 43.7468 1129.14
Ring: 10.8475 41.2438 1109.31
Little: 66.6247 96.7407 1046.54
Thumb: -3.66478 129.85 1145.76
Index: 20.4391 41.637 1109.47
Middle: -5.10042 43.2883 1125.32
Ring: 11.7072 41.7036 1107.85
Little: 62.3679 100.273 1044.97
Thumb: -3.62048 127.335 1143.07
Index: 18.6794 43.0265 1109.55
Middle: -6.67412 44.3853 1125.98
Ring: 10.424 43.0283 1108.11
Little: 60.448 99.7348 1044.55
Thumb: -5.86597 128.123 1142.99
Index: 16.521 42.667 1109.98
Middle: -9.08398 45.0881 1126.31
Ring: 7.65464 43.5538 1108.07
Little: 57.8412 98.7878 1044.25
Thumb: -7.57427 127.917 1135.37
Index: 12.5379 44.4907 1114.61
Middle: -14.5559 50.2786 1127.85
Ring: 2.82286 46.2211 1111.1
Little: 61.3597 95.7231 1044.85
Thumb: -9.62182 128.905 1133.42
Index: 7.10886 45.4642 1119.02
Middle: -20.087 55.0372 1128.68
Ring: -2.36118 47.9417 1114.59
Little: 62.2111 92.8823 1046.56
Thumb: -10.5114 128.502 1133.39
Index: -2.89686 46.5144 1126.66
Middle: -26.6723 67.2905 1124.18
Ring: -12.6316 49.402 1122.49
Little: 50.3683 86.0898 1048.39
Thumb: -13.8395 128.212 1134.84
Index: -9.09377 48.2598 1126.53
Middle: -29.4561 76.0975 1116.2
Ring: -18.1168 52.0516 1121.02
Little: 41.3778 87.8977 1045.68
Thumb: -16.8706 126.223 1132.31
Index: -18.421 52.5772 1125.18
Middle: -26.9882 81.1966 1114.99
Ring: -25.8346 54.1275 1118.93
Little: 36.2393 84.9445 1047.71
Thumb: -20.9312 124.022 1134.01
Index: -25.5617 55.2978 1120.82
Middle: -29.4306 81.5514 1111.21
Ring: -31.4496 52.5524 1115.47
Little: 34.2341 85.3475 1048.85
Thumb: -21.3541 124.448 1133.09
Index: -29.7314 57.8779 1123.27
Middle: -32.3315 83.0762 1112.24
Ring: -34.5583 52.8595 1119.86
Little: 31.9839 84.0872 1050.58
Thumb: -23.9498 124.239 1129.12
Index: -36.4172 62.0254 1124.15
Middle: -42.0135 90.823 1102.03
Ring: -42.5877 57.6318 1119.03
Little: 26.5123 81.8579 1052.45
Thumb: -26.4059 125.105 1130.42
Index: -37.7673 63.464 1125.39
Middle: -41.7922 93.0582 1099.84
Ring: -44.7461 58.4264 1118.55
Little: 23.7687 82.945 1050.39
Thumb: -28.355 125.854 1129.64
Index: -38.8854 62.8797 1123.38
Middle: -50.6722 91.2248 1096.87
Ring: -44.6986 58.2094 1117.04
Little: 21.3762 85.414 1045.85
Thumb: -29.7531 126.092 1129.01
Index: -39.7313 66.0849 1121.35
Middle: -54.3624 90.1473 1094.54
Ring: -46.2003 56.8148 1117.45
Little: 20.9727 85.4427 1044.97
Thumb: -31.6346 124.546 1128.25
Index: -40.3955 64.5558 1120.16
Middle: -65.5511 81.139 1098.84
Ring: -46.4984 54.5657 1116.99
Little: 16.6941 86.8317 1040.09
Thumb: -32.052 125.12 1126.46
Index: -41.4793 66.1744 1120.58
Middle: -56.8217 87.7201 1093.63
Ring: -47.8625 56.3573 1114.87
Little: 15.5801 85.6057 1039.95
Thumb: -32.52 127.929 1128.03
Index: -39.41 64.8266 1120.08
Middle: -55.8981 86.5297 1095.97
Ring: -46.3927 55.3051 1114.41
Little: 14.0073 87.5392 1035.62
Thumb: -35.5111 132.303 1135.42
Index: -36.8703 61.987 1116.06
Middle: -59.013 83.2204 1091.75
Ring: -43.1213 51.734 1109.8
Little: 13.547 89.6479 1032.77
Thumb: -37.5722 133.511 1139.25
Index: -34.5931 60.7153 1110.53
Middle: -39.0848 82.9557 1096.05
Ring: -41.2273 51.3076 1099.71
Little: 16.3109 93.9303 1030.58
Thumb: -36.3522 140.219 1142.39
Index: -30.2658 55.1687 1108.12
Middle: -43.8611 76.0683 1096.92
Ring: -39.4961 54.3588 1091.42
Little: 16.9693 96.2056 1027.22
Thumb: -36.8049 143.487 1143.53
Index: -36.0287 64.6205 1107.29
Middle: -42.3741 70.2758 1093.15
Ring: -37.8526 58.3788 1086.12
Little: 15.3978 97.1031 1025.45
Thumb: -38.8512 145.761 1144.92
Index: -33.338 62.4435 1106.09
Middle: -39.8751 61.5195 1091.74
Ring: -35.7808 56.2752 1085.73
Little: 16.2069 96.7609 1025.4
Thumb: -40.5489 146.736 1145.1
Index: -32.1465 59.9739 1103.3
Middle: -38.9853 59.6127 1089.99
Ring: -36.3082 55.5031 1084.45
Little: -2.54419 97.937 1013.52
Thumb: -44.125 147.547 1144.95
Index: -27.5106 49.6569 1103.08
Middle: -36.852 51.8568 1088.06
Ring: -34.3846 54.2905 1081.01
Little: -2.0492 97.517 1012.47
Thumb: -47.1429 149.582 1147.15
Index: -24.4499 43.9912 1098.28
Middle: -37.7146 49.8428 1085.34
Ring: -34.2695 49.3506 1079.62
Little: -2.83797 98.0735 1009.06
Thumb: -47.3198 151.687 1147.18
Index: -25.8342 49.997 1096.99
Middle: -35.2226 49.5938 1084.78
Ring: -30.8783 43.4875 1081.12
Little: -5.03098 95.6807 1008.74
Thumb: -50.4691 154.766 1147.85
Index: -23.599 49.7134 1094.35
Middle: -31.0419 50.6894 1078.04
Ring: -29.4591 43.172 1078.54
Little: -5.529 96.4593 1006.52
Thumb: -54.2363 153.391 1141.6
Index: -18.4218 45.7563 1091.88
Middle: -30.4009 44.4377 1072.81
Ring: -27.0819 40.0552 1080.88
Little: -6.65671 95.4758 1004.8
Thumb: -61.2852 154.364 1140.4
Index: -15.9749 45.4029 1090.62
Middle: -23.6145 37.1571 1070.49
Ring: -19.864 34.8583 1080.87
Little: -3.02933 94.064 1006.34
Thumb: -68.4328 154.788 1133.69
Index: -13.3746 38.3578 1095.25
Middle: -16.0693 31.4697 1073.89
Ring: -9.11809 28.7053 1076.75
Little: 8.53197 94.3432 1010.16
Thumb: -75.2001 158.879 1127.65
Index: -7.98145 35.0846 1102.09
Middle: -1.00436 24.1276 1074.06
Ring: -15.3228 33.5318 1094.73
Little: 22.1387 97.0638 1015.58
Thumb: -79.3788 160.946 1119.74
Index: -8.0462 36.3227 1107.06
Middle: 2.73666 31.2774 1073.67
Ring: -11.9834 31.742 1100.68
Little: 28.2443 92.4789 1020.78
Thumb: -85.4755 163.811 1111.85
Index: -7.85068 35.8478 1108.43
Middle: 5.10472 37.4087 1074.89
Ring: -9.65565 30.4138 1116.1
Little: 33.0793 85.2355 1029.38
Thumb: -88.4287 165.881 1105.75
Index: -6.86492 38.4369 1110.16
Middle: 14.2735 27.6735 1083.63
Ring: -9.70259 36.8389 1111.89
Little: 40.6116 87.9406 1039.04
Thumb: -89.3242 166.099 1100.89
Index: -6.91438 37.1769 1113.77
Middle: 16.6835 24.7203 1089.74
Ring: -10.3494 37.6827 1112.23
Little: 44.3558 85.8115 1047.35
Thumb: -89.8292 163.512 1096.47
Index: -6.66896 37.0422 1113.87
Middle: 20.8743 22.3797 1096.03
Ring: -10.9594 36.3892 1113.36
Little: 46.4013 85.4472 1051.83
Thumb: -88.9547 159.055 1091.95
Index: -5.82943 37.3555 1115.84
Middle: 20.9154 25.0322 1095.88
Ring: -10.7541 36.0702 1116.06
Little: 45.8193 81.7211 1057.71
Thumb: -89.357 156.708 1092.06
Index: -8.05795 37.5155 1107.8
Middle: 21.426 22.4406 1092.73
Ring: -10.5088 31.0253 1113.74
Little: 49.3386 81.2559 1057.89
Thumb: -88.6777 151.347 1084.26
Index: -8.25969 33.6662 1103.16
Middle: 21.4245 22.0194 1087.78
Ring: -11.8644 28.9692 1107.01
Little: 51.2579 80.9339 1057.81
Thumb: -84.7598 144.438 1080.08
Index: -10.3381 31.4052 1097.75
Middle: 19.3437 19.4807 1082.86
Ring: -13.5743 26.107 1098.66
Little: 50.6687 79.5537 1056.11
Thumb: -79.0903 138.769 1069.19
Index: -10.6248 32.3297 1092.4
Middle: 19.7708 17.7653 1077.31
Ring: -13.3772 25.398 1092.93
Little: 48.0535 76.3215 1048.7
Thumb: -75.887 130.705 1062.84
Index: -12.0051 30.2455 1085.44
Middle: 17.935 18.549 1068.79
Ring: -14.3418 22.8507 1082.79
Little: 47.7978 73.1062 1047.89
Thumb: -60.0764 130.477 1057.25
Index: -43.3678 44.4837 1070.03
Middle: -16.9876 15.1916 1069.9
Ring: 0.288608 79.4864 1020.52
Little: 28.9012 62.1264 1044
Thumb: -48.0411 123.178 1053.84
Index: -44.4682 43.9517 1064.45
Middle: -17.8084 13.1265 1064.95
Ring: -3.69041 78.0281 1015.46
Little: 11.9496 34.7316 1062.29
Thumb: -42.3029 122.079 1047.74
Index: -44.7362 45.9444 1058.3
Middle: -18.4373 12.0029 1060.85
Ring: -1.8063 80.1653 1011.08
Little: 15.6931 41.5923 1054.5
Thumb: -38.0016 119.671 1047.73
Index: -46.0825 44.0479 1061.43
Middle: -20.7787 16.2324 1053.81
Ring: -5.02742 82.035 1010.59
Little: 21.7593 52.2765 1049.14
Thumb: -36.4351 119.432 1047.68
Index: -46.8744 45.2949 1059.46
Middle: -21.9644 16.4207 1050.68
Ring: -6.54109 80.7591 1009.99
Little: 20.2348 51.8944 1048.68
Thumb: -36.7072 116.481 1047.77
Index: -43.7654 79.5289 1068.75
Middle: -22.8456 20.9398 1041.94
Ring: -9.60067 81.9526 1007.01
Little: 18.7304 53.7244 1043.5
Thumb: -35.0122 116.709 1045.6
Index: -46.3856 74.6432 1064.29
Middle: -25.5244 21.1437 1041.6
Ring: -13.4282 84.9075 1006.05
Little: 17.2232 55.9911 1041.07
Thumb: -36.6161 115.391 1046.35
Index: -47.7865 75.6208 1061.51
Middle: -26.6854 22.5778 1039.24
Ring: -18.0446 83.5447 1004.95
Little: 15.0876 55.7484 1037.72
Thumb: -38.1083 113.146 1042.68
Index: -49.9418 77.1341 1059.83
Middle: -27.5669 21.1257 1039.16
Ring: -16.2387 76.8676 1003.17
Little: 13.6313 56.032 1036.27
Thumb: -37.8612 113.227 1040.99
Index: -50.3001 77.2495 1058.32
Middle: -27.6382 19.243 1039.14
Ring: -17.1915 79.9434 1001.9
Little: 13.2128 56.0546 1035.31
Thumb: -38.3523 111.667 1040.42
Index: -52.6697 83.7638 1054.45
Middle: -29.4202 18.6377 1035.18
Ring: -18.1017 80.8815 1004.39
Little: 10.0639 52.0958 1031.23
Thumb: -39.1353 112.717 1042.27
Index: -62.798 67.5722 1033.74
Middle: -32.7257 22.8692 1034.83
Ring: -6.9792 98.2779 1040.35
Little: 6.25813 51.6302 1030.59
Thumb: -41.0352 112.442 1041.6
Index: -65.0998 67.2939 1032.81
Middle: -34.6339 22.1305 1031.35
Ring: -8.82493 91.6917 1043.99
Little: -0.560744 44.2935 1027.63
Thumb: -41.5627 113.325 1040
Index: -66.3543 65.4979 1034.53
Middle: -35.9866 23.5493 1033.38
Ring: -10.3374 93.4478 1043.67
Little: -1.16762 46.8504 1028.48
Thumb: -40.6739 113.029 1038.01
Index: -66.4187 64.7357 1033.36
Middle: -36.2361 22.132 1031.05
Ring: -10.4926 92.288 1042
Little: -2.03701 45.1052 1027.37
Thumb: -40.115 113.608 1034.25
Index: -63.5341 61.9369 1030.04
Middle: -33.0662 22.3177 1029.76
Ring: -9.19051 93.0693 1041.74
Little: -11.6831 35.4286 1033.43
Thumb: -38.6999 113.356 1033.13
Index: -62.2676 61.3695 1028.96
Middle: -31.5657 22.0139 1030.06
Ring: -17.1094 87.2778 1013.1
Little: -11.1515 35.9101 1034.22
Thumb: -39.5739 113.491 1032.26
Index: -59.7323 63.0431 1037.56
Middle: -30.8169 19.6722 1033.72
Ring: -17.2007 86.8468 1011.25
Little: -13.5649 36.6474 1038.49
Thumb: -40.3425 113.774 1032.47
Index: -59.8315 63.2503 1037.58
Middle: -30.9961 22.5617 1033.17
Ring: -16.2868 88.6603 1013.97
Little: -9.94109 34.0343 1039.3
Thumb: -42.1367 114.581 1033.35
Index: -61.3975 62.7388 1038.56
Middle: -32.5448 23.5629 1034.43
Ring: -17.7985 88.0517 1015.58
Little: -14.6459 37.2148 1041.75
Thumb: -45.8302 115.718 1037.05
Index: -63.1167 64.0135 1043.49
Middle: -34.5731 22.3788 1041.52
Ring: -18.74 86.2412 1021.51
Little: -15.954 35.1457 1047.66
Thumb: -47.9454 118.15 1041.83
Index: -63.9801 62.9704 1048.55
Middle: -34.3347 36.9328 1051.44
Ring: -19.4072 86.1651 1026.86
Little: -20.0458 36.5182 1055.88
Thumb: -56.4118 120.42 1054.4
Index: -64.3173 62.7144 1059.03
Middle: -35.0083 36.7934 1059.13
Ring: -20.2687 35.6696 1050.49
Little: -19.5665 35.4322 1064.02
Thumb: -59.6519 122.993 1064.47
Index: -64.0228 58.7318 1074.26
Middle: -37.0082 34.5408 1069.8
Ring: -22.4168 35.0312 1061
Little: -21.7221 35.6079 1077.59
Thumb: -60.2409 125.646 1077.49
Index: -68.3064 51.4437 1095.04
Middle: -46.1373 34.4344 1079.39
Ring: -32.6748 29.0979 1077.86
Little: -28.1329 36.6217 1091.93
Thumb: -60.5514 131.431 1087.03
Index: -69.5742 53.8151 1115.73
Middle: -52.4095 39.5353 1097.42
Ring: -40.4273 23.0143 1097.58
Little: -7.91185 67.6854 1052.02
Thumb: -58.4158 137.611 1096.96
Index: -64.4774 61.0871 1131.05
Middle: -51.6612 39.9141 1114.63
Ring: -40.205 28.1638 1109.68
Little: -7.73638 71.071 1056.23
Thumb: -54.9274 144.976 1106.94
Index: -58.5766 63.8601 1150.46
Middle: -50.2819 44.5583 1130.23
Ring: -38.9497 32.7354 1125.44
Little: -8.04149 72.4607 1065.42
Thumb: -53.3429 147.895 1115.76
Index: -53.7685 69.6135 1158.52
Middle: -43.5336 49.1533 1146.74
Ring: -34.1498 35.7831 1140.72
Little: 3.74495 76.2005 1070.34
Thumb: -51.576 153.711 1123.85
Index: -47.9976 72.9628 1166.14
Middle: -38.5681 50.8605 1157.22
Ring: -27.2034 38.7152 1153.76
Little: 8.97873 75.6192 1078.77
Thumb: -52.8708 156.265 1125.93
Index: -46.9663 78.7245 1156.72
Middle: -31.4935 54.8026 1162.25
Ring: -20.4681 42.7697 1166.19
Little: 15.5011 78.8959 1081.8
Thumb: -47.8372 160.586 1131.1
Index: -42.0559 82.7747 1160.17
Middle: -27.5363 57.4076 1166.88
Ring: -15.0474 44.9251 1169.63
Little: 20.0028 81.8561 1082.82
Thumb: -43.8626 160.779 1131.05
Index: -37.9007 83.9276 1159.64
Middle: -22.5466 59.9372 1164.83
Ring: -9.75552 45.3421 1169.52
Little: 23.6994 82.1884 1083.35
Thumb: -39.5765 162.345 1133.64
Index: -33.908 84.1622 1157.35
Middle: -17.8478 59.4603 1161.65
Ring: -5.75272 45.7977 1166.21
Little: 37.6928 90.4747 1081.27
Thumb: -33.8234 161.717 1132.47
Index: -30.962 84.355 1151.59
Middle: -13.9369 57.9403 1157.03
Ring: -1.27129 45.9624 1165.27
Little: 37.9383 90.5204 1076.78
Thumb: -30.9659 161.012 1133.24
Index: -25.3361 79.1001 1152.32
Middle: -9.77224 57.0212 1153.51
Ring: 3.35154 44.5806 1159.06
Little: 36.6686 96.4288 1073.77
Thumb: -31.9213 157.641 1132.67
Index: -20.2891 72.3631 1144.87
Middle: -1.53509 50.4347 1142.7
Ring: 11.6818 38.3026 1148.43
Little: 43.8319 93.848 1068.25
Thumb: -23.588 151.77 1142.33
Index: -9.87666 64.4356 1139.68
Middle: 4.74044 45.4861 1138.08
Ring: 21.6611 34.2538 1138.4
Little: 42.1856 92.7004 1056.25
Thumb: -18.6323 148.478 1139.31
Index: -1.38619 54.981 1138.19
Middle: 8.02783 40.7339 1129.87
Ring: 27.926 29.1085 1131.87
Little: 35.0963 84.2989 1050.85
Thumb: -14.1001 145.527 1138.41
Index: 5.98698 50.8283 1138.93
Middle: 12.7085 38.9305 1128.5
Ring: 29.9003 28.1959 1129.79
Little: 36.9181 84.0497 1046.39
Thumb: -15.5852 141.013 1142.76
Index: 7.60038 46.77 1138.06
Middle: 10.2431 35.1503 1127.76
Ring: 22.0773 29.0509 1123.48
Little: 38.6966 84.3848 1044.98
Thumb: -7.67804 138.953 1139.93
Index: 6.38627 47.3217 1140.24
Middle: 6.80231 36.2385 1132.5
Ring: 16.2324 31.2517 1118.47
Little: 34.4737 81.9453 1043.63
Thumb: 4.44172 139.619 1131.11
Index: 1.0946 52.7897 1138.25
Middle: -0.612198 42.4546 1137.88
Ring: 8.81854 36.1298 1120.72
Little: 30.9359 80.3129 1043.76
Thumb: 7.28651 141.3 1127.01
Index: -1.03747 56.8919 1142.08
Middle: -6.34986 47.0477 1140.58
Ring: 1.24864 40.8805 1123.06
Little: 27.61 81.9722 1040.86
Thumb: 7.06452 143.028 1127.62
Index: -44.0661 117.97 1085.11
Middle: -14.2687 54.3757 1145.16
Ring: -4.74097 44.976 1130.56
Little: 29.0887 81.2113 1041.89
Thumb: 8.19298 142.633 1126.04
Index: -49.2823 106.052 1094.68
Middle: -14.3794 57.0192 1141.99
Ring: -6.48898 47.5646 1133.02
Little: 50.0533 89.5843 1047
Thumb: -7.48306 225.757 1135.18
Index: -50.996 96.9944 1105.34
Middle: -15.0233 57.9904 1146.03
Ring: -6.12693 48.5611 1132.97
Little: 48.581 89.9263 1047.36
Thumb: -6.13577 236.474 1134.2
Index: -52.9875 91.0165 1117.85
Middle: -16.3201 58.6007 1147.95
Ring: -7.67755 49.482 1133.81
Little: 47.5512 88.1462 1048.68
Thumb: 2.36445 245.629 1129.65
Index: -53.1329 90.5043 1122.97
Middle: -18.8076 60.6661 1151.92
Ring: -9.84925 50.1161 1135.12
Little: 45.2848 85.4343 1049.38
Thumb: 7.0266 252.148 1126.87
Index: -53.5614 91.3062 1126.95
Middle: -20.752 63.2479 1152.36
Ring: -9.40512 52.2189 1138.94
Little: 47.4208 87.5019 1052.83
Thumb: 20.9146 258.578 1115.04
Index: -55.4683 95.3357 1122.9
Middle: -22.1291 64.2421 1153.05
Ring: -10.1758 52.2318 1139.83
Little: 46.2288 85.249 1052.56
Thumb: -12.7827 220.13 1126.77
Index: -51.658 105.827 1109.45
Middle: -24.9315 69.039 1138.38
Ring: -11.4387 52.7209 1140.47
Little: 44.6607 85.0753 1051.57
Thumb: -14.8896 208.786 1124.8
Index: -52.8478 106.284 1110.68
Middle: -27.7769 69.2667 1137.24
Ring: -14.7903 52.1616 1139.47
Little: 41.582 85.4286 1051.13
Thumb: -15.5996 208.708 1127.45
Index: -52.1064 110.63 1107.23
Middle: -27.6614 72.4596 1133.99
Ring: -18.3503 52.3075 1138.89
Little: 38.1626 85.8779 1050.36
Thumb: -12.5307 222.252 1128.91
Index: -55.2699 106.723 1112.18
Middle: -28.0708 73.3645 1133.97
Ring: -18.6512 51.8643 1141.84
Little: 35.979 86.0838 1049.53
Thumb: -13.3476 218.393 1127.92
Index: -55.0041 107.138 1112.66
Middle: -28.245 74.8244 1134.47
Ring: -19.1289 52.3198 1142.53
Little: 37.3604 86.1625 1050.99
Thumb: -13.8384 216.308 1128.21
Index: -55.0493 107.266 1112.43
Middle: -28.4131 74.7393 1135.06
Ring: -18.9616 51.8733 1143.05
Little: 37.6305 85.943 1051.53
Thumb: -11.2724 217.075 1133.14
Index: -55.9303 106.868 1113.87
Middle: -29.0728 74.8307 1135.09
Ring: -19.2349 50.0297 1144.69
Little: 37.1092 84.525 1053.09
Thumb: 1.36136 235.149 1127.16
Index: -48.1973 114.893 1108.9
Middle: -27.9269 74.0367 1134.19
Ring: -19.5354 51.2727 1143
Little: 37.1518 84.5865 1053.29
Thumb: 14.832 256.461 1123.58
Index: -47.9042 115.034 1108.15
Middle: -28.0206 75.0618 1133.63
Ring: -19.7401 52.8655 1142.74
Little: 37.5422 84.5822 1052.81
Thumb: 22.8904 262.715 1119.17
Index: -48.6622 115.754 1108.68
Middle: -27.6964 75.4241 1134
Ring: -19.4138 53.6859 1144.35
Little: 37.5314 85.5423 1053.46
Thumb: 23.0522 258.468 1128.28
Index: -52.7583 115.108 1108.92
Middle: -30.1067 77.1985 1133.39
Ring: -21.9203 54.375 1143.4
Little: 35.7588 86.4273 1052.79
Thumb: 45.2967 263.278 1112.57
Index: -51.5946 123.224 1108.08
Middle: -32.0843 81.3614 1134.51
Ring: -23.5227 55.3833 1143.54
Little: 33.9994 87.7749 1054.73
Thumb: 40.0646 255.102 1130.76
Index: -57.2945 121.85 1111.13
Middle: -32.4366 79.577 1141.52
Ring: -22.4946 55.5956 1145.46
Little: 32.5926 90.0625 1055.8
Thumb: 33.7115 255.27 1141.4
Index: -56.7377 125.808 1100.32
Middle: -28.3109 75.3434 1140.61
Ring: -16.6014 50.973 1144.06
Little: 35.4794 93.6711 1054.19
Thumb: 33.1784 251.683 1150.41
Index: -42.8829 142.904 1089.82
Middle: -24.2519 68.818 1136.84
Ring: -12.9473 45.6016 1141.57
Little: 37.4045 90.3284 1049.95
Thumb: 23.0142 236.42 1165.96
Index: -46.584 143.326 1091.52
Middle: -20.8217 63.3906 1136.45
Ring: -9.53842 42.4845 1139.05
Little: 12.8978 89.0737 1044.54
Thumb: 23.979 241.542 1164.99
Index: -51.5514 137.674 1094.43
Middle: -16.2089 58.6136 1136.2
Ring: -5.06605 39.4265 1135.52
Little: 20.1967 92.9659 1042.3
Thumb: 25.0204 244.956 1163.55
Index: -47.4499 142.437 1093.83
Middle: -9.47258 49.5051 1131.16
Ring: -1.01783 38.4533 1131.95
Little: 22.2408 93.1036 1039.8
Thumb: 11.8856 227.138 1161.42
Index: -47.1077 141.034 1097.38
Middle: -3.93182 47.1956 1132.68
Ring: 4.42843 37.0444 1130.13
Little: 32.7131 91.521 1047.85
Thumb: 28.5867 276.889 1109.39
Index: 4.44787 58.3383 1154.79
Middle: 0.120392 42.8766 1138.23
Ring: 11.8353 35.2208 1131.35
Little: 31.945 92.2951 1047.48
Thumb: 27.8722 238.167 1163.58
Index: 7.11022 53.7588 1153.42
Middle: -2.81861 43.9382 1140.18
Ring: 11.0457 33.5394 1130.86
Little: 28.8901 93.29 1047.47
Thumb: 32.015 237.966 1163.22
Index: 15.6319 51.9348 1149.07
Middle: 3.55786 40.242 1143.13
Ring: 14.5998 33.5337 1126.93
Little: 33.8797 97.2013 1039.86
Thumb: 35.0698 224.662 1169.68
Index: -2.70174 66.5418 1160.18
Middle: 6.94763 38.5531 1143.64
Ring: 15.9343 33.962 1127.46
Little: 43.4797 96.2138 1054.77
Thumb: 47.1413 243.203 1147.52
Index: 3.99854 68.6888 1148.09
Middle: 24.052 33.7563 1139.4
Ring: 18.1218 36.8059 1117.18
Little: 45.8181 90.8036 1041.34
Thumb: 52.5868 242.947 1144.32
Index: 6.19315 65.9525 1147.1
Middle: 25.5137 31.7058 1137.16
Ring: 17.2683 37.8502 1114.32
Little: 46.0206 86.9801 1037.34
Thumb: 63.3723 235.189 1141.2
Index: 2.76915 67.3317 1145.06
Middle: 30.5225 28.6034 1139.51
Ring: -0.717105 37.5256 1109.33
Little: 43.6289 81.8973 1032.37
Thumb: 64.5887 238.076 1142.93
Index: 7.55385 69.2748 1142.05
Middle: 35.8137 30.247 1136.46
Ring: -2.88 47.7113 1102.09
Little: 47.006 86.4274 1032.42
Thumb: 97.8475 137.879 1150.66
Index: 10.1904 68.813 1137.45
Middle: 41.2433 32.3584 1135.85
Ring: -1.83834 50.2346 1100.38
Little: 45.2112 88.2117 1033.78
Thumb: 49.527 102.612 1075.38
Index: 23.6292 62.3048 1137.04
Middle: 43.89 32.3268 1133.89
Ring: 1.07945 49.2584 1100.85
Little: 45.3797 90.5224 1033.22
Thumb: 44.9155 104.97 1069.88
Index: 28.1744 58.5253 1131.71
Middle: 45.2443 32.6319 1132.64
Ring: 2.6675 50.7898 1102.8
Little: 42.0875 93.3789 1033.64
Thumb: 40.5823 103.122 1072.02
Index: 35.1202 53.915 1130.45
Middle: 44.2281 25.6753 1130.18
Ring: 1.94157 51.5914 1112.73
Little: 26.0241 93.6492 1040.24
Thumb: 46.0212 134.178 1063.91
Index: 33.931 52.2737 1133.58
Middle: 47.2489 21.6449 1132.55
Ring: 2.67707 48.8198 1115.43
Little: 26.0053 91.7139 1043.16
Thumb: 47.4436 135.811 1070.17
Index: 34.967 49.0987 1134.01
Middle: 43.5274 16.7953 1126.5
Ring: -1.02218 47.8074 1117.17
Little: 21.8687 93.4285 1046.98
Thumb: 80.8469 98.6365 1114.51
Index: 43.4444 56.7188 1153.33
Middle: 30.7773 14.5799 1113.61
Ring: 38.7587 16.4082 1118.05
Little: 17.2893 102.45 1075.06
Thumb: 69.2017 73.208 1130.11
Index: 42.6983 31.5787 1137.23
Middle: 11.9589 23.005 1119.28
Ring: 14.9421 17.9817 1105.29
Little: 5.18992 81.6863 1095.48
Thumb: 61.6665 71.9481 1127.86
Index: 41.8544 25.8656 1125.25
Middle: 3.68567 30.6852 1133.27
Ring: 6.55964 24.0339 1105.77
Little: -7.50235 68.1981 1098.63
Thumb: 60.2593 72.0802 1125.38
Index: 41.8582 21.4611 1120.85
Middle: 17.2925 103.991 1186.6
Ring: 1.50563 26.0174 1106.33
Little: -12.2753 59.2787 1101.41
Thumb: 62.1361 67.2456 1124.04
Index: 42.0152 16.2103 1115.53
Middle: 10.5671 87.5165 1182.02
Ring: 2.70807 24.3231 1103.59
Little: -15.6384 57.9473 1096.83
Thumb: 62.6865 67.4025 1123.17
Index: 43.5849 15.3891 1111.61
Middle: 15.3892 97.2532 1182.63
Ring: 3.75859 25.233 1102.24
Little: -17.2465 59.5123 1094.53
Thumb: 132.135 92.4983 1139.04
Index: 44.8241 13.6924 1111.44
Middle: 13.1338 104.299 1177.5
Ring: 4.92218 24.417 1094.1
Little: -17.5266 60.2533 1090.23
Thumb: 129.768 95.4133 1138.44
Index: 45.674 12.5327 1111.41
Middle: 19.1277 111.845 1172.37
Ring: 3.98532 23.6562 1094.62
Little: -19.0827 58.2795 1089.67
Thumb: 132.641 90.4146 1129.19
Index: 44.2477 10.802 1104.61
Middle: 24.1859 107.92 1170.32
Ring: 6.43619 23.7236 1096
Little: -16.4153 53.2842 1086.82
Thumb: 132.621 94.5429 1126.41
Index: 46.0302 11.8163 1101.98
Middle: 26.3895 107.595 1168.45
Ring: 7.73569 24.6164 1096.07
Little: -17.3192 54.6147 1089.17
Thumb: 133.38 96.1576 1119.76
Index: 45.8052 12.8889 1098.12
Middle: 30.9621 109.394 1167.41
Ring: 7.31227 24.7206 1092.77
Little: -12.5753 55.217 1090.06
Thumb: 133.751 99.504 1114.39
Index: 45.8674 15.3687 1095.25
Middle: 30.654 109.096 1167.15
Ring: 7.59023 24.8922 1086.38
Little: -12.4279 55.7308 1085.07
Thumb: 131.657 97.9439 1108.74
Index: 45.6706 14.9512 1097.41
Middle: 33.0732 106.509 1167.27
Ring: 6.2341 24.801 1082.73
Little: -13.9053 55.7991 1085.38
Thumb: 129.799 96.8514 1107.41
Index: 44.4914 14.9229 1092.27
Middle: 30.1627 102.866 1164.13
Ring: 7.49887 25.3372 1077.39
Little: -14.8374 56.5391 1077.03
Thumb: 130.505 97.093 1103.44
Index: 42.5081 13.4455 1087.55
Middle: 32.6848 102.286 1161.43
Ring: 2.53869 24.5369 1077.45
Little: -16.9707 55.4324 1081.05
Thumb: 130.384 98.2323 1099.59
Index: 42.0282 14.5075 1086.1
Middle: 33.5049 101.29 1158.02
Ring: 4.47726 25.2967 1073
Little: -16.0954 56.454 1071.5
Thumb: 130.492 98.9619 1098.8
Index: 42.2905 15.8895 1084.75
Middle: 33.2471 109.467 1157.67
Ring: 2.4702 25.8949 1069.43
Little: -16.3935 56.7434 1073.2
Thumb: 130.434 99.1064 1098.38
Index: 42.2083 16.1455 1080.86
Middle: 31.8914 106.404 1156.25
Ring: 4.13233 25.8245 1064.69
Little: -16.9016 57.8036 1071.57
Thumb: 127.646 98.8166 1098
Index: 42.2178 16.2507 1079.41
Middle: 30.5335 105.121 1156.4
Ring: 1.05296 26.815 1064.59
Little: -15.0416 58.3677 1069.93
Thumb: 127.64 99.3181 1095.86
Index: 42.6163 15.5049 1075.65
Middle: 27.196 97.8271 1157.38
Ring: 1.26205 26.5157 1065.9
Little: -19.7962 58.0205 1067.42
Thumb: 127.956 98.9243 1095.58
Index: 42.2154 16.1863 1079.66
Middle: 25.9938 96.7586 1156.77
Ring: 2.13054 26.5728 1066.19
Little: -17.9511 58.5837 1069.16
Thumb: 128.616 99.8176 1094.95
Index: 43.2367 15.19 1075.64
Middle: 26.5552 97.908 1156.45
Ring: 2.63087 27.0235 1067.07
Little: -17.0514 58.899 1069.33
Thumb: 129.336 101.246 1094.95
Index: 44.8594 14.5039 1075.26
Middle: 26.1806 99.2658 1156.78
Ring: 2.50968 27.2525 1066.38
Little: -17.4291 59.5748 1071.25
Thumb: 129.834 100.223 1098.19
Index: 43.1138 13.975 1076.97
Middle: 24.7528 102.678 1157.15
Ring: 2.5163 26.5799 1066.6
Little: -14.021 59.0741 1071.37
Thumb: 129.792 100.261 1098
Index: 42.7622 13.9816 1077.44
Middle: 24.3048 103.508 1157.39
Ring: 2.33204 26.6171 1067.58
Little: -15.2392 59.1531 1071.9
Thumb: 129.385 100.917 1102.18
Index: 42.6155 14.5778 1081.6
Middle: 17.8032 79.6505 1154.91
Ring: 2.42483 28.1375 1070.95
Little: -14.3836 59.3808 1071.99
Thumb: 128.885 100.828 1103.47
Index: 42.9982 15.426 1087.01
Middle: 18.324 81.3585 1156.41
Ring: 5.05014 28.9122 1073.44
Little: -13.9698 59.0847 1073.43
Thumb: 127.833 99.8744 1109.62
Index: 41.7171 14.5846 1092.26
Middle: 16.4895 70.8013 1155.31
Ring: 4.52941 26.4045 1078.9
Little: -14.1228 57.9334 1075.67
Thumb: 129.478 100.568 1110.17
Index: 41.6073 14.9031 1099.96
Middle: 16.9179 66.9976 1155.6
Ring: 4.73222 24.1324 1080.97
Little: -13.2418 55.2709 1075.36
Thumb: 130.413 100.472 1112
Index: 42.8263 14.0869 1102.86
Middle: 21.3382 93.6602 1159.15
Ring: 5.44652 24.7521 1088.35
Little: -11.9198 54.6012 1077.58
Thumb: 132.452 101.099 1115.12
Index: 43.0052 13.4418 1104.87
Middle: 24.0166 107.753 1160.52
Ring: 6.78812 24.6915 1090.74
Little: -11.2986 54.8341 1080.64
Thumb: 134.155 101.496 1117.61
Index: 42.9495 13.3775 1108.93
Middle: 23.2044 107.052 1163.42
Ring: 9.32806 24.3401 1097.51
Little: -11.0674 53.9197 1082.69
Thumb: 135.064 100.8 1120.16
Index: 42.2853 14.7146 1116.01
Middle: 24.2844 96.9308 1167.48
Ring: 8.26587 22.1502 1095.38
Little: -11.1062 53.3043 1084.55
Thumb: 137.476 103.331 1122.15
Index: 43.2774 17.0745 1124.32
Middle: 24.8286 95.0622 1172.04
Ring: 8.53661 21.0225 1097.88
Little: -10.413 52.6409 1089.69
Thumb: 133.028 101.621 1131.58
Index: 39.972 16.5496 1130.7
Middle: 17.3403 70.829 1172.22
Ring: 9.18527 20.9986 1101.36
Little: -10.8757 51.8067 1089.69
Thumb: 128.576 100.401 1140.79
Index: 37.5406 23.178 1142.32
Middle: 12.867 67.5423 1174.95
Ring: 7.13259 20.5763 1104.88
Little: -12.6648 51.9907 1093.73
Thumb: 121.491 97.96 1157.4
Index: 31.9906 20.9533 1147.09
Middle: 5.12398 72.4711 1178.63
Ring: 8.28947 20.7905 1105.74
Little: -10.1325 52.369 1091.19
Thumb: 121.936 99.4181 1157.29
Index: 33.8323 24.3652 1152.36
Middle: 11.3652 100.514 1186.79
Ring: 9.40784 21.8307 1113.72
Little: -8.32673 52.2012 1094.88
Thumb: 127.683 101.72 1159.79
Index: 35.6385 24.7369 1153.21
Middle: 19.3647 108.68 1180.22
Ring: 9.8267 26.8728 1120.84
Little: -7.56191 53.8274 1101.44
Thumb: 138.033 107.015 1148.03
Index: 41.5647 24.897 1152.26
Middle: 30.1208 95.7006 1188.61
Ring: 12.0512 27.4377 1124.97
Little: -17.9875 103.104 1165.3
Thumb: 132.135 107.424 1152.16
Index: 32.8792 24.497 1152.5
Middle: 17.4255 61.5094 1195.58
Ring: 9.8756 29.3419 1126.4
Little: -22.1145 115.221 1166.81
Thumb: 117.73 105.595 1171.62
Index: 18.2193 30.1811 1157.99
Middle: 0.819726 79.2343 1199.83
Ring: 7.04875 29.5757 1128.16
Little: -28.9983 92.0637 1153.13
Thumb: 73.2875 114.599 1199.17
Index: 0.0223618 29.1467 1126.93
Middle: -36.8926 105.134 1173.51
Ring: -2.11591 30.2114 1122.13
Little: -7.99616 54.94 1097.54
Thumb: 76.1096 131.289 1227.24
Index: -2.24537 31.7204 1121.69
Middle: -33.3578 39.4499 1120.63
Ring: 3.94014 24.6938 1112.38
Little: -4.74495 57.4503 1090.5
Thumb: 83.0277 138.544 1224.3
Index: -9.11037 30.7937 1114.56
Middle: -26.7374 33.5753 1084.24
Ring: -2.12277 23.5015 1112.47
Little: -7.64933 56.4691 1082.49
Thumb: 82.7621 181.687 1225.63
Index: -6.31953 30.2022 1113.72
Middle: -28.4158 40.9759 1088.31
Ring: -3.07916 24.928 1112.54
Little: -3.92371 55.6969 1082
Thumb: 85.1821 190.894 1227.73
Index: -8.44513 29.521 1115.85
Middle: -26.3287 38.2666 1088.58
Ring: -6.00274 23.0628 1108.74
Little: 2.35162 47.7363 1082.6
Thumb: 82.3544 142.155 1230.01
Index: -9.66436 37.2026 1118.59
Middle: -9.75988 19.5475 1112.34
Ring: -5.56657 29.1714 1094.26
Little: 3.1336 54.0245 1082.79
Thumb: 93.8056 162.181 1235.41
Index: -9.08068 46.1673 1127.41
Middle: -4.26944 30.5934 1102.86
Ring: -0.415257 40.5195 1083.42
Little: 0.754572 66.2259 1057.73
Thumb: 95.9691 155.839 1235.92
Index: -12.2321 46.4576 1133.44
Middle: -8.53664 30.6338 1107.41
Ring: 2.90623 36.6734 1085.14
Little: -4.63573 65.9251 1063.67
Thumb: 110.031 148.742 1227.33
Index: -17.7818 55.0696 1141.25
Middle: -9.92165 29.3605 1107.43
Ring: 1.17958 33.4696 1087.81
Little: -11.9175 63.7783 1069.28
Thumb: -27.827 157.84 1175.76
Index: -24.8608 63.1942 1146.29
Middle: -11.2072 28.0207 1104.85
Ring: 3.47989 31.404 1082.03
Little: -8.91829 65.5124 1069.22
Thumb: -83.4595 161.207 1157.22
Index: -55.0112 82.7086 1075.91
Middle: -6.94208 25.8187 1073.21
Ring: 8.48003 38.161 1064.28
Little: 20.4685 70.9331 1058.88
Thumb: 88.415 117.257 1130.47
Index: 104.097 85.8526 1152.8
Middle: 88.9019 95.0391 1178.15
Ring: 40.9044 51.363 1165.52
Little: 10.2238 58.3911 1157.37
Thumb: 88.3037 109.421 1121.82
Index: 97.8051 91.5303 1160.05
Middle: 80.674 102.748 1181.22
Ring: 24.5852 51.0373 1157.09
Little: 11.0866 104.616 1186.39
Thumb: 101.383 116.863 1108.42
Index: 88.0614 94.4421 1165.97
Middle: 60.4789 88.9112 1186.68
Ring: 6.21531 34.0797 1152.52
Little: 1.0067 106.602 1186.59
Thumb: 91.1651 113.664 1116.86
Index: 80.8994 94.828 1171
Middle: 49.9986 85.8216 1190.22
Ring: -12.1843 20.2173 1124.5
Little: -3.88394 108.679 1180.65
Thumb: 92.6329 115.279 1116.68
Index: 75.0481 94.6196 1172.82
Middle: 25.8992 55.784 1184.02
Ring: -15.4401 18.4532 1120.38
Little: -11.0335 105.049 1178.08
Thumb: 91.8399 116.753 1120.32
Index: 57.6566 70.7269 1174.78
Middle: 22.7861 61.0405 1186.94
Ring: -15.4426 20.7556 1120.86
Little: -14.499 105.884 1178.83
Thumb: 91.935 120.594 1117.17
Index: 57.6028 78.6136 1174.25
Middle: 24.3905 69.5898 1189.62
Ring: -16.5307 21.3599 1119.92
Little: -18.5453 103.903 1178.51
Thumb: 124.385 130.326 1101.6
Index: 56.0941 77.7011 1173.63
Middle: 17.812 60.1487 1187.6
Ring: -18.2809 20.2681 1119.21
Little: -20.0396 102.857 1177.14
Thumb: 118.596 122.697 1100.47
Index: 57.2081 80.8034 1172.17
Middle: 17.9916 60.4256 1186.53
Ring: -20.32 21.112 1118.52
Little: -20.4888 103.885 1176.44
Thumb: 118.48 123.513 1100.65
Index: 55.3266 82.3391 1172.88
Middle: 16.571 63.3596 1186.88
Ring: -21.258 22.1998 1117.56
Little: -22.5362 105.389 1174.81
Thumb: 109.47 115.532 1105.23
Index: 52.4744 80.2083 1172.49
Middle: 16.8783 64.5524 1186.8
Ring: -22.3074 21.9005 1116.48
Little: -24.2209 104.429 1173.55
Thumb: 105.273 113.315 1110.96
Index: 50.2192 79.7312 1173.68
Middle: 20.7056 78.1752 1187.03
Ring: -24.0664 22.2734 1116.19
Little: -25.9731 104.715 1172.31
Thumb: 97.5524 111.244 1112.93
Index: 44.1613 73.5411 1174.24
Middle: 24.3284 91.7661 1188.88
Ring: -25.8655 22.3952 1115.51
Little: -28.3841 104.659 1170.77
Thumb: 96.1971 111.39 1113.78
Index: 45.2441 76.701 1175.39
Middle: 29.7899 103.692 1191.48
Ring: -26.5159 23.1629 1115.66
Little: -28.7782 106.786 1170.69
Thumb: 94.1447 110.868 1112.9
Index: 45.9856 81.8116 1177.03
Middle: 27.4097 103.379 1191.94
Ring: -27.147 23.9898 1115.53
Little: -30.2156 108.37 1170.01
Thumb: 94.7783 111.786 1116.85
Index: 48.5783 89.8614 1178.25
Middle: 23.4288 100.876 1192.02
Ring: -26.1356 22.292 1112.99
Little: -33.1987 107.599 1168.38
Thumb: 95.4586 111.714 1112.43
Index: 50.0533 93.0891 1179.03
Middle: 24.0215 102.714 1192.71
Ring: -25.911 22.4807 1115.49
Little: -32.7627 108.921 1169.19
Thumb: 95.4506 111.511 1116.66
Index: 47.2016 89.0067 1180.15
Middle: 24.0575 103.753 1192.89
Ring: -24.3341 22.3745 1115.82
Little: -32.819 108.681 1169.05
Thumb: 90.2711 115.753 1117.42
Index: 45.2888 85.1659 1179.99
Middle: 24.2094 103.066 1193.18
Ring: -24.4163 22.3414 1116.53
Little: -32.5512 108.939 1169.68
Thumb: 89.6685 115.854 1117.12
Index: 47.3706 87.7783 1180.74
Middle: 24.9349 103.524 1193.73
Ring: -23.3087 21.3296 1117.76
Little: -32.3988 105.744 1170.65
Thumb: 90.879 118.147 1117.7
Index: 46.7146 86.5152 1180.8
Middle: 24.5281 102.649 1193.94
Ring: -24.1211 21.9124 1117.49
Little: -32.1063 105.63 1170.51
Thumb: 104.49 116.782 1115.03
Index: 47.6982 87.0667 1181.26
Middle: 26.1018 104.42 1194.22
Ring: -22.5749 21.5259 1118.7
Little: -31.081 107.202 1171.07
Thumb: 104.992 112.778 1112.86
Index: 49.7337 91.3258 1180.83
Middle: 26.1311 105.052 1193.76
Ring: -22.0853 22.4249 1117.37
Little: -31.1565 107.639 1170.53
Thumb: 106.787 112.897 1106.44
Index: 49.2877 91.8183 1181.25
Middle: 24.5425 103.696 1194.05
Ring: -21.1175 22.1832 1117.31
Little: -31.8085 105.439 1170.05
Thumb: 105.291 113.849 1107.18
Index: 49.936 92.3878 1181.31
Middle: 25.5772 105.083 1193.88
Ring: -20.1329 21.9387 1117.64
Little: -31.2832 104.287 1169.91
Thumb: 107.216 121.759 1117.41
Index: 54.2728 98.9743 1180.02
Middle: 25.7427 103.379 1194.48
Ring: -19.4365 22.3449 1117.79
Little: -29.8148 107.949 1170.5
Thumb: 104.199 120.365 1119.09
Index: 54.1503 94.3838 1180.99
Middle: 28.5495 104.039 1194.96
Ring: -19.3352 22.6093 1119.31
Little: -27.5426 107.268 1171.98
Thumb: 110.351 120.919 1119.13
Index: 52.9386 94.474 1182.17
Middle: 27.6762 105.482 1195.56
Ring: -18.4933 23.6888 1119.35
Little: -28.0158 108.476 1171.8
Thumb: 107.204 120.864 1119.16
Index: 54.9327 98.9005 1181.77
Middle: 28.4064 107.644 1195.43
Ring: -17.6769 25.22 1119.47
Little: -27.1342 109.308 1171.55
Thumb: 97.9609 120.59 1121.04
Index: 55.8456 98.2032 1181.93
Middle: 29.7936 107.755 1195.25
Ring: -16.3267 25.3248 1119.12
Little: -26.6415 107.841 1171.39
Thumb: 92.3544 119.425 1118.38
Index: 57.9755 101.131 1181.72
Middle: 30.8438 108.373 1195.16
Ring: -13.3559 25.744 1118.43
Little: -25.2657 109.603 1171.02
Thumb: 102.192 126.761 1120.9
Index: 61.2121 100.451 1181.61
Middle: 34.5335 108.924 1195.15
Ring: -10.5573 25.3661 1117.98
Little: -22.3417 110.73 1171.03
Thumb: 98.2728 122.042 1122.57
Index: 61.4287 96.9594 1182.49
Middle: 36.5491 109.215 1194.76
Ring: -5.98484 26.1279 1116.29
Little: -20.1243 113.149 1169.94
Thumb: 120.488 130.834 1124.22
Index: 65.6348 96.9819 1182.2
Middle: 40.1242 108.27 1194.26
Ring: -1.50939 27.1378 1111.77
Little: -17.2255 113.644 1168.27
Thumb: 119.686 121.164 1127.38
Index: 74.3477 101.61 1182.77
Middle: 45.958 109.36 1194.53
Ring: 1.08815 30.5304 1109.53
Little: -10.369 112.887 1168.34
