Thumb: 32.9554 91.7207 1121.92
Index: -64.5745 28.1944 1098.23
Middle: -101.42 40.8207 1097.63
Ring: -124.543 62.0639 1082.41
Little: -141.773 103.039 1080.87
Thumb: 38.9302 88.7622 1104.42
Index: -55.3311 63.9406 1145.46
Middle: -59.6036 102.357 1164.7
Ring: -127.671 60.1053 1082.2
Little: -97.5809 142.622 1136.58
Thumb: 31.391 87.2871 1107.07
Index: -51.6838 69.9902 1149.85
Middle: -74.4798 87.1309 1159.52
Ring: -131.963 60.3441 1084.99
Little: -101.543 138.887 1137.25
Thumb: 25.5899 85.806 1110.28
Index: -53.8297 69.7053 1150.92
Middle: -85.2154 76.7295 1156
Ring: -131.97 58.8809 1082.11
Little: -105.858 139.631 1137.83
Thumb: 21.7847 83.8591 1106
Index: -64.4656 64.2729 1149.76
Middle: -95.9505 70.7847 1154.02
Ring: -133.342 58.101 1089.12
Little: -109.31 139.693 1137.98
Thumb: 12.5401 84.2295 1107.84
Index: -64.4085 64.2357 1149.81
Middle: -94.7726 72.483 1156.86
Ring: -133.187 57.2631 1095.13
Little: -110.324 139.743 1139.77
Thumb: 8.18976 82.2413 1113.09
Index: -109.136 46.4377 1083.4
Middle: -94.644 78.0906 1160.58
Ring: -132.061 56.9221 1098.53
Little: -112.98 139.457 1139.44
Thumb: 3.98519 82.6865 1113.23
Index: -111.132 46.3163 1085.59
Middle: -98.794 81.9505 1161.67
Ring: -129.732 57.45 1106.02
Little: -112.917 140.029 1140.79
Thumb: 1.88624 81.1446 1111.24
Index: -112.906 45.6902 1086.22
Middle: -124.479 67.9206 1127.93
Ring: -130.112 57.2427 1107.17
Little: -114.965 133.358 1141.65
Thumb: -3.50618 81.3534 1113.24
Index: -107.025 38.8726 1089.65
Middle: -121.288 41.285 1106.98
Ring: -125.817 59.8223 1111.59
Little: -113.376 132.155 1142.45
Thumb: -5.43525 82.3208 1111.69
Index: -103.676 37.7199 1095.16
Middle: -122.696 42.0937 1099.49
Ring: -129.004 59.6091 1109.43
Little: -110.875 135.241 1143.66
Thumb: -7.82426 82.062 1110.69
Index: -98.8916 39.4521 1101.61
Middle: -122.031 42.7091 1102.24
Ring: -127.587 59.8098 1111.01
Little: -109.336 134.172 1144.44
Thumb: -9.42346 82.6914 1110.47
Index: -98.4108 38.0432 1099.39
Middle: -120.983 42.9601 1100.67
Ring: -126.395 60.0772 1110.85
Little: -108.228 135.546 1144.08
Thumb: -6.33693 87.6621 1110.96
Index: -93.6492 37.6686 1094.95
Middle: -116.155 42.526 1103.85
Ring: -122.514 57.9445 1110.96
Little: -105.681 134.782 1143.68
Thumb: -6.6002 89.6812 1108.19
Index: -85.6294 38.1913 1096.18
Middle: -108.043 41.4297 1103.87
Ring: -115.928 57.7851 1110.56
Little: -99.2792 135.781 1142.99
Thumb: -2.58778 88.7817 1104.04
Index: -75.6483 36.5361 1099.69
Middle: -102.95 38.1516 1101.71
Ring: -107.425 58.9441 1114.56
Little: -95.7828 132.36 1143.26
Thumb: 0.785751 93.1154 1106.96
Index: -69.0384 35.1265 1098.73
Middle: -92.8734 37.932 1103.32
Ring: -98.2851 53.9824 1109.1
Little: -91.0279 131.419 1142.75
Thumb: 9.80308 90.6345 1106.2
Index: -62.2522 32.2977 1098.51
Middle: -84.3949 37.1629 1105.69
Ring: -92.8954 44.8513 1106.99
Little: -100.761 76.0754 1103.8
Thumb: 15.6241 91.0856 1104.76
Index: -51.7148 32.1104 1102.94
Middle: -74.3151 34.6976 1107.4
Ring: -85.6367 44.7553 1110.1
Little: -93.2125 80.5825 1107.12
Thumb: 23.8266 91.5546 1104.07
Index: -42.4767 28.0431 1100.22
Middle: -63.6595 32.5356 1105.09
Ring: -79.5887 43.5449 1107.36
Little: -89.0126 82.6325 1104.53
Thumb: 33.9585 91.4505 1102.79
Index: -33.2776 26.3528 1102.48
Middle: -55.835 24.1753 1103.18
Ring: -70.5472 40.9891 1111.17
Little: -79.2236 78.3314 1105.08
Thumb: 40.6959 93.0872 1106.87
Index: -24.0412 33.249 1103.08
Middle: -50.7515 27.4475 1104.99
Ring: -63.512 37.2596 1105.01
Little: -72.3748 80.0965 1105.47
Thumb: 46.7294 92.6699 1113.8
Index: -19.0994 30.0001 1104.87
Middle: -44.8961 22.911 1100.89
Ring: -56.7565 38.6536 1106.27
Little: -69.91 67.9637 1101.28
Thumb: 52.8624 89.9535 1114.94
Index: -10.8352 29.7172 1103.56
Middle: -36.8597 24.5415 1100.11
Ring: -50.2672 37.3894 1104.24
Little: -62.3524 66.7192 1099.83
Thumb: 59.8171 89.0697 1117.91
Index: -5.80553 29.1646 1104.38
Middle: -30.2747 22.7285 1101.14
Ring: -43.7053 34.6067 1101.06
Little: -57.1572 63.6173 1095.48
Thumb: 67.4023 86.9164 1115.38
Index: 2.55278 25.6627 1101.16
Middle: -21.7058 18.7107 1100.14
Ring: -35.5154 29.2327 1097.73
Little: -52.0415 58.1884 1093.55
Thumb: 77.4283 86.3012 1112.41
Index: 12.2154 24.7348 1107.93
Middle: -14.1813 13.8877 1101.52
Ring: -31.885 26.7279 1103.45
Little: -47.3607 51.2871 1091.88
Thumb: 84.4262 86.2772 1111.55
Index: 21.8784 21.1711 1104.32
Middle: -8.8377 13.8937 1098.42
Ring: -20.3467 34.5877 1109.28
Little: -40.9376 51.5726 1093.2
Thumb: 94.4055 87.3625 1116.52
Index: 30.0936 20.4412 1108.01
Middle: -0.989548 10.7645 1095.93
Ring: -17.2622 29.3596 1105.02
Little: -36.7024 51.0353 1093.81
Thumb: 101.305 90.0608 1115.01
Index: 41.6977 19.0495 1106.56
Middle: 6.46633 10.5412 1095.24
Ring: -10.1304 27.7885 1104.64
Little: -30.1695 48.3964 1093.02
Thumb: 113.007 90.2656 1114.96
Index: 47.9233 14.9934 1102.38
Middle: 12.9719 6.98419 1091.48
Ring: -3.55737 25.2268 1102.36
Little: -24.3304 48.829 1101.26
Thumb: 130.954 91.0482 1111.26
Index: 53.9893 13.0598 1097.68
Middle: 19.5236 5.85701 1090.94
Ring: 2.95069 24.5431 1101.9
Little: -18.112 47.8601 1100.29
Thumb: 142.385 91.9642 1107.72
Index: 59.384 12.9926 1102.07
Middle: 24.9879 6.32045 1090.73
Ring: 7.52838 22.9565 1100.93
Little: -14.1999 47.4573 1097.05
Thumb: 133.268 89.2473 1104.31
Index: 65.6739 10.6851 1095.9
Middle: 32.0471 5.38118 1090.6
Ring: 13.1934 18.5213 1091.68
Little: -10.7118 47.0802 1097.67
Thumb: 141.298 90.498 1108.51
Index: 71.3227 12.5807 1091.78
Middle: 36.7173 6.67785 1082.45
Ring: 20.6435 25.2785 1097.86
Little: -5.46299 49.1554 1095.04
Thumb: 143.502 90.7101 1111.22
Index: 76.4758 12.8944 1096.26
Middle: 41.9311 5.85746 1087.92
Ring: 25.4517 25.8945 1096.34
Little: -1.07182 48.7514 1095.18
Thumb: 149.528 93.8517 1111.44
Index: 80.3945 10.9239 1093.61
Middle: 46.6413 4.56025 1079.73
Ring: 30.2068 25.5813 1096.96
Little: 2.82419 46.867 1093.19
Thumb: 151.698 94.8146 1108.86
Index: 84.2195 10.7883 1091.5
Middle: 50.7978 4.53786 1080.37
Ring: 33.0262 21.5887 1095.53
Little: 6.98336 48.3706 1098.54
Thumb: 156.264 95.5946 1109.25
Index: 85.9916 10.2009 1092.43
Middle: 52.6862 4.33992 1082.73
Ring: 34.9938 21.395 1096.89
Little: 9.6139 50.2201 1101.67
Thumb: 161.795 97.552 1113.8
Index: 88.9379 9.14125 1094.63
Middle: 55.752 3.09674 1078.79
Ring: 52.9451 74.4905 1157.28
Little: 17.7767 67.0922 1111.72
Thumb: 163.195 100.008 1117.77
Index: 90.5618 8.5734 1094.28
Middle: 57.9032 3.08083 1082.12
Ring: 53.5428 78.5601 1158.45
Little: 22.6426 79.6905 1117.11
Thumb: 166.433 96.1987 1117.27
Index: 90.6937 9.58181 1096.24
Middle: 58.0616 3.52707 1082.97
Ring: 55.2038 84.6066 1159.78
Little: 23.7925 82.9762 1099.63
Thumb: 164.842 96.8647 1118.86
Index: 89.1976 9.64551 1096.23
Middle: 56.3559 3.85044 1081.33
Ring: 54.4764 86.3034 1158.97
Little: 22.6096 83.7241 1097.38
Thumb: 166.453 95.0846 1116.14
Index: 89.5265 28.9035 1108.05
Middle: 50.7481 5.22644 1080.76
Ring: 54.788 94.1576 1148.12
Little: 20.7636 86.9717 1097.56
Thumb: 163.938 94.6956 1114.04
Index: 87.4562 31.8548 1107.76
Middle: 47.634 7.75341 1080.93
Ring: 55.778 103.49 1148.1
Little: 18.9142 89.9288 1097.74
Thumb: 162.015 95.4451 1115.46
Index: 83.7785 32.5947 1107.74
Middle: 43.4966 9.72956 1081.11
Ring: 54.4781 105.811 1148.8
Little: 17.0557 92.8387 1099.03
Thumb: 155.793 94.8849 1117.06
Index: 78.652 33.4936 1108.89
Middle: 38.5238 11.2561 1081.8
Ring: 48.3583 101.488 1145.72
Little: 13.3307 94.3219 1099.55
Thumb: 150.843 90.8502 1118.87
Index: 73.0713 34.1721 1110.04
Middle: 32.3006 13.5152 1080.22
Ring: 42.6101 98.9331 1151.16
Little: 11.219 99.0096 1100.24
Thumb: 143.829 92.2765 1118.48
Index: 67.4368 31.7123 1106.13
Middle: 26.4939 14.3745 1080.1
Ring: 37.23 94.3878 1159.51
Little: 6.72516 98.5023 1096.37
Thumb: 139.658 93.618 1120.62
Index: 59.7116 31.0566 1107.23
Middle: 19.4064 16.2672 1079.73
Ring: 34.6112 100.025 1155.94
Little: 2.01873 101.391 1098.41
Thumb: 132.94 92.4854 1120.38
Index: 53.5459 31.7758 1109.45
Middle: 13.3039 16.5012 1080.89
Ring: 27.8878 101.808 1156.68
Little: -4.01691 101.961 1097.92
Thumb: 124.892 96.2283 1124.65
Index: 61.7014 63.8617 1112.84
Middle: 5.93252 18.4409 1079.37
Ring: 21.6998 107.24 1154.08
Little: -10.2451 104.471 1097.19
Thumb: 114.055 95.7618 1126.4
Index: 56.2063 67.2812 1108.64
Middle: -2.01382 19.6824 1076.94
Ring: -12.1596 50.4204 1101.6
Little: -17.9321 105.144 1095.96
Thumb: 104.144 96.5391 1126.76
Index: 48.6793 65.3833 1108.37
Middle: -8.49239 19.3896 1079.65
Ring: -17.5308 53.0015 1104.52
Little: -23.7697 106.258 1096.23
Thumb: 98.5388 95.7031 1128.19
Index: 42.9748 66.1889 1112.31
Middle: -15.9248 21.5611 1085.08
Ring: -28.0055 47.3384 1103.93
Little: -28.4625 109.261 1099.94
Thumb: 92.6908 94.8855 1130.04
Index: 37.2077 66.6889 1115.63
Middle: -22.1523 22.8862 1087.82
Ring: -34.6576 47.2149 1105.02
Little: -34.0508 110.312 1102.34
Thumb: 90.0914 96.7261 1132.5
Index: 31.0511 68.0557 1119.2
Middle: -27.6566 23.2344 1090.46
Ring: -41.6345 45.9115 1107.37
Little: -39.9177 110.378 1103.99
Thumb: 85.0455 96.7179 1132.35
Index: 26.2413 67.924 1118.12
Middle: -33.3447 23.3643 1090.08
Ring: -47.3227 45.8372 1108.81
Little: -45.8534 109.97 1106.2
Thumb: 79.4276 97.5381 1140.21
Index: 16.2611 59.9129 1126.51
Middle: -35.2922 18.7448 1098.09
Ring: -22.7396 111.293 1169.69
Little: -52.1842 104.397 1104.07
Thumb: 67.7646 101.218 1158.98
Index: 2.5926 64.5791 1137.55
Middle: -38.6324 19.353 1098.34
Ring: -41.28 122.934 1165.12
Little: -57.1571 107.743 1101.19
Thumb: 28.3739 112.691 1199.12
Index: -16.4144 102.366 1161.26
Middle: -39.0976 19.3011 1097.31
Ring: -66.0917 52.0878 1103.32
Little: -47.8813 102.898 1075.59
Thumb: 63.6426 161.147 1219.45
Index: -24.8462 103.676 1155.81
Middle: -43.3504 16.1972 1102.51
Ring: -61.0829 45.8686 1103.07
Little: -39.2214 94.0763 1073.34
Thumb: 68.3966 182.999 1208.31
Index: -27.1043 95.8606 1142.94
Middle: -49.0813 25.5536 1109.41
Ring: -41.0604 33.2234 1105.5
Little: -39.164 76.9202 1073.43
Thumb: 59.4396 180.724 1213.18
Index: -30.0938 95.6519 1142.05
Middle: -53.6931 27.483 1111.88
Ring: -45.897 36.2592 1111.23
Little: -42.9777 78.5377 1071.11
Thumb: 58.6901 97.8766 1172.91
Index: -40.0459 96.652 1143.43
Middle: -56.0045 27.366 1115.4
Ring: -57.8557 40.2934 1094.44
Little: -45.0168 63.7295 1068.79
Thumb: 49.9673 176.331 1225.24
Index: -43.3821 99.373 1146
Middle: -58.8158 29.2347 1111.27
Ring: -58.6395 41.2753 1090.65
Little: -44.1877 64.3928 1073.72
Thumb: 46.872 179.526 1226.56
Index: -50.1876 107.391 1151.05
Middle: -61.6526 30.2051 1107.86
Ring: -61.5689 42.5083 1088.4
Little: -39.5086 61.3702 1073.48
Thumb: -71.5663 188.594 1184.25
Index: -57.9441 110.063 1154.76
Middle: -63.5119 32.0829 1109.5
Ring: -58.8858 41.4933 1089.3
Little: -37.0106 61.7696 1077.58
Thumb: -123.677 173.243 1177.15
Index: -89.142 74.2946 1076.82
Middle: -58.2388 31.9022 1072.16
Ring: -52.7391 38.9032 1076.97
Little: -32.6553 61.7534 1069.71
Thumb: -114.647 166.451 1154.91
Index: -69.4744 51.3723 1102.25
Middle: -70.1759 24.3743 1104.17
Ring: -60.6932 36.271 1077.9
Little: -38.1914 51.7183 1077.4
Thumb: -116.081 170.539 1145.45
Index: -69.5125 46.9877 1101
Middle: -74.1707 26.8276 1104.4
Ring: -55.5358 39.0205 1084.73
Little: -37.9557 51.6952 1078.43
Thumb: -122.841 169.449 1132.38
Index: -71.6711 49.3791 1099.15
Middle: -75.4429 28.811 1103.6
Ring: -54.1157 42.7311 1086.4
Little: -37.9499 53.7111 1078.24
Thumb: -129.016 173.746 1123.11
Index: -72.3346 47.6566 1095.94
Middle: -76.4051 26.7507 1101.9
Ring: -55.8148 48.4698 1077.63
Little: -37.0773 51.4254 1077.66
Thumb: -132.874 176.334 1118.13
Index: -72.6774 46.3391 1097.35
Middle: -78.3655 26.562 1100.36
Ring: -54.1857 52.4163 1078.63
Little: -37.3805 51.0292 1083.24
Thumb: -132.392 176.087 1111.79
Index: -73.7363 46.4804 1096.81
Middle: -79.857 26.7118 1100.39
Ring: -54.2248 51.0986 1079.48
Little: -36.1465 50.2214 1089.68
Thumb: -134.603 175.033 1104.47
Index: -77.6182 49.7929 1093.2
Middle: -82.2226 26.8396 1102.19
Ring: -55.7693 50.7351 1080.26
Little: -38.2959 50.1718 1091.22
Thumb: -134.295 175.659 1098.31
Index: -77.0752 49.6476 1092.1
Middle: -82.4757 27.1097 1102.06
Ring: -54.9368 50.789 1079.41
Little: -37.5435 50.066 1094.48
Thumb: -135.75 177.279 1091.68
Index: -94.4148 99.5721 1036.35
Middle: -84.3695 27.4938 1102.79
Ring: -56.4569 46.2483 1084.72
Little: -39.2876 50.0702 1095.65
Thumb: -136.039 178.061 1084.87
Index: -92.2091 100.314 1021.87
Middle: -85.3294 30.0052 1086.98
Ring: -57.1223 44.1569 1084.92
Little: -9.63901 84.9894 1037.2
Thumb: -137.961 180.307 1082.67
Index: -91.9128 93.5245 1021.73
Middle: -86.7313 30.8113 1088.74
Ring: -57.9623 45.747 1081.24
Little: -10.5755 85.6537 1034.83
Thumb: -138.029 180.074 1076.71
Index: -91.1447 98.7214 1016.42
Middle: -88.4086 29.2256 1096.47
Ring: -58.4102 46.7887 1079.78
Little: -10.9251 85.3869 1033.43
Thumb: -137.758 179.816 1069.43
Index: -88.438 100.407 1011.24
Middle: -88.4578 28.9759 1095.9
Ring: -57.9988 46.1829 1077.5
Little: -10.32 82.8692 1033.21
Thumb: -137.055 182.011 1065.87
Index: -86.9574 103.962 1007.84
Middle: -89.273 29.3162 1093.23
Ring: -58.3056 46.1558 1075.01
Little: -6.61362 85.5176 1030.69
Thumb: -136.934 182.628 1063.9
Index: -85.7842 105.771 1004.83
Middle: -86.8985 29.2734 1088.02
Ring: -56.4254 46.8633 1072.06
Little: -8.99728 81.761 1028.91
Thumb: -134.442 184.773 1060.52
Index: -83.7099 105.002 1002.93
Middle: -87.8473 30.3927 1082.32
Ring: -55.8546 48.8399 1064.83
Little: -8.10083 78.6789 1028.27
Thumb: -135.349 183.233 1058.86
Index: -83.8767 104.183 1000.73
Middle: -87.6407 29.2184 1083.48
Ring: -56.2573 46.5329 1066.9
Little: -5.74639 82.8136 1025.3
Thumb: -135.049 184.018 1060.18
Index: -84.7187 100.488 1001.28
Middle: -86.9178 29.2639 1081.74
Ring: -56.0093 46.3932 1064.07
Little: -6.19526 83.2333 1022.84
Thumb: -134.297 183.81 1057.64
Index: -84.0714 100.638 999.258
Middle: -86.6713 29.2712 1080.28
Ring: -55.7771 46.3635 1065.22
Little: -4.54629 85.0008 1020.87
Thumb: -135.07 184.216 1056.93
Index: -83.7269 108.628 997.224
Middle: -83.8621 29.7305 1076.39
Ring: -53.4567 47.5503 1064.63
Little: -4.34258 85.309 1020.87
Thumb: -134.64 184.267 1058.08
Index: -84.2185 100.597 999.834
Middle: -85.0831 29.8541 1078.14
Ring: -33.5417 93.5454 998.113
Little: -7.68678 80.6266 1022.4
Thumb: -132.44 183.682 1058.82
Index: -82.3276 105.878 999.537
Middle: -82.4191 31.1184 1082.35
Ring: -30.5939 96.6814 998.302
Little: -0.74971 87.5292 1021.95
Thumb: -132.928 182.294 1060.9
Index: -81.3093 108.646 999.548
Middle: -78.1771 30.3912 1084.38
Ring: -29.0445 98.1917 998.199
Little: -0.449753 87.1348 1021.33
Thumb: -132.903 180.894 1062.44
Index: -79.4242 97.6695 1004.05
Middle: -75.4517 30.701 1090.49
Ring: -27.6527 96.8459 1000.45
Little: 0.892146 86.7607 1023.82
Thumb: -135.943 177.531 1065.32
Index: -77.938 96.3398 1006.27
Middle: -70.8201 29.9252 1095.64
Ring: -25.4519 96.7068 1002.77
Little: 5.18184 91.5759 1025.33
Thumb: -135.082 175.954 1070.79
Index: -77.6406 95.3622 1009.83
Middle: -67.2221 29.7857 1099.42
Ring: -24.6726 97.1422 1004.33
Little: 6.96394 92.9364 1025.89
Thumb: -134.538 172.563 1072.34
Index: -75.6292 91.3963 1011.89
Middle: -61.5863 27.2149 1101.96
Ring: -22.1889 99.6972 1004.7
Little: 9.1508 92.651 1025.59
Thumb: -134.396 171.061 1077.08
Index: -72.8665 88.8759 1014.89
Middle: -56.0633 25.6817 1104.12
Ring: -18.8469 98.0761 1006.66
Little: 11.3362 92.782 1027.04
Thumb: -129.804 166.575 1078.33
Index: -70.2149 91.0437 1015.67
Middle: -51.2611 24.3195 1103.32
Ring: -13.6492 100.619 1007.25
Little: 17.5646 96.2101 1027.19
Thumb: -122.967 166.574 1084.2
Index: -63.8705 87.7525 1019
Middle: -46.9461 21.0424 1104.21
Ring: -8.54369 98.066 1010.16
Little: 21.6307 90.2065 1029.92
Thumb: -117.973 164.417 1086
Index: -57.9861 82.6657 1020.79
Middle: -38.8329 17.0189 1102.87
Ring: -3.77863 93.6096 1011.9
Little: 2.70167 45.8993 1098.7
Thumb: -109.501 159.946 1088.01
Index: -52.6988 72.6115 1025.81
Middle: -31.7684 15.3586 1104.39
Ring: 0.325681 90.7843 1013.14
Little: 6.79436 44.2557 1101
Thumb: -107.458 153.056 1087.39
Index: -46.1917 71.4707 1024.27
Middle: -22.8651 12.6674 1105.46
Ring: 7.44268 91.0881 1013.59
Little: 14.398 43.3007 1101.28
Thumb: -100.652 150.914 1087.79
Index: -39.9377 73.2194 1023.42
Middle: -15.3506 11.8217 1105.29
Ring: 15.0906 92.449 1013.66
Little: 21.7765 42.6725 1101.18
Thumb: -95.5802 146.88 1087.34
Index: -32.8994 67.9009 1025.14
Middle: -7.70139 10.3197 1108.01
Ring: 19.1759 84.5585 1014.43
Little: 29.4708 41.7368 1099.64
Thumb: -88.8703 145.555 1088.63
Index: -27.7474 71.3661 1026.06
Middle: -0.641394 10.147 1108.9
Ring: 25.9259 84.8656 1014.77
Little: 34.6441 41.2048 1099.14
Thumb: -87.3136 142.393 1087.17
Index: -22.9402 64.2936 1026.94
Middle: 6.7947 9.22185 1103.9
Ring: 30.0106 83.1991 1013.38
Little: 41.7155 41.8603 1096.86
Thumb: -84.4856 144.021 1089.41
Index: -12.7423 76.6382 1022.82
Middle: 16.4444 8.22708 1107.74
Ring: 39.6808 80.5763 1013.77
Little: 49.9287 41.4632 1097.17
Thumb: -78.1789 143.63 1091.18
Index: -7.70222 75.073 1024.09
Middle: 23.7634 8.60339 1106.69
Ring: 45.1309 82.9586 1013.64
Little: 56.5769 42.1553 1096.64
Thumb: -77.6441 141.463 1095.49
Index: -1.8103 70.6305 1022.11
Middle: 29.7352 7.32061 1103.54
Ring: 50.0291 82.5384 1013.23
Little: 62.997 42.1936 1097.91
Thumb: -69.6145 142.541 1096.03
Index: 5.87714 71.1327 1022.97
Middle: 35.0056 7.77127 1108.54
Ring: 59.1757 85.6665 1014.66
Little: 69.3718 41.664 1098.83
Thumb: -63.2362 144.125 1096.74
Index: 13.6053 68.1094 1021.96
Middle: 41.1052 9.02089 1107.03
Ring: 68.2098 90.0606 1015.17
Little: 74.6245 43.3866 1102.43
Thumb: -57.8298 145.609 1094.67
Index: 16.0348 66.6352 1023.12
Middle: 48.514 8.31565 1107.84
Ring: 68.9726 85.0537 1013.72
Little: 79.4852 41.9146 1099.03
Thumb: -52.5416 147.638 1095.6
Index: 18.2364 68.9222 1024.35
Middle: 49.6615 8.34707 1107.85
Ring: 71.3827 84.9762 1014.3
Little: 81.4008 41.0439 1099.14
Thumb: -50.1866 150.587 1102.13
Index: 15.177 68.0796 1027.57
Middle: 48.3623 11.0624 1093.43
Ring: 66.5753 80.6159 1014.97
Little: 82.168 39.4346 1101.01
Thumb: -47.6946 151.047 1111.59
Index: 12.2626 59.5573 1035.2
Middle: 47.1391 10.2223 1097.96
Ring: 64.7262 85.1128 1016.25
Little: 81.8465 39.1535 1101.17
Thumb: -39.5571 154.186 1124.55
Index: 11.7709 54.727 1046.9
Middle: 40.4144 9.93345 1113.24
Ring: 59.1257 88.2614 1018.42
Little: 91.699 80.2934 1033.04
Thumb: -33.1247 160.554 1134.57
Index: 6.90315 59.7325 1056.53
Middle: 35.3256 14.9518 1119.55
Ring: 39.7112 27.8943 1118.09
Little: 82.0195 82.6937 1030.78
Thumb: -27.2456 163.29 1141.49
Index: 6.83728 61.0297 1066.99
Middle: 32.6661 19.7474 1121.14
Ring: 41.1464 32.2413 1123.18
Little: 67.4892 51.8665 1064.38
Thumb: -19.8908 165.882 1144.78
Index: 10.752 61.5703 1080.07
Middle: 27.1801 27.652 1116.94
Ring: 38.1772 36.7947 1114.73
Little: 62.3412 72.7494 1047.96
Thumb: -16.1567 168.328 1153.3
Index: 35.0556 42.8152 1107.92
Middle: 28.9438 27.2328 1122.56
Ring: 35.389 38.5272 1117.44
Little: 65.7432 95.4541 1037.78
Thumb: -10.28 169.676 1163.65
Index: 36.0449 40.1475 1122.96
Middle: 34.2379 29.9209 1124.07
Ring: 32.7232 42.6377 1105.21
Little: 67.7492 105.443 1036.83
Thumb: -5.77252 168.35 1168.16
Index: 35.8756 40.7178 1126.38
Middle: 35.4892 30.3346 1126.2
Ring: 30.3242 49.4785 1100.68
Little: 62.3452 105.791 1035.82
Thumb: 2.67787 170.126 1175.05
Index: 37.2475 41.0906 1131.74
Middle: 38.612 30.285 1127.87
Ring: 27.4603 54.4171 1098.86
Little: 56.1116 106.045 1035.15
Thumb: 12.123 171.455 1180.1
Index: 40.5528 45.0937 1133.32
Middle: 39.6164 34.1808 1124.75
Ring: 32.2664 56.2901 1094.7
Little: 51.8943 103.829 1037.8
Thumb: 18.9706 172.856 1182.76
Index: 39.3844 48.0222 1135.68
Middle: 38.6307 36.8536 1126.1
Ring: 30.7257 56.9341 1096.68
Little: 51.1852 112.641 1034.21
Thumb: 32.1114 173.899 1183.84
Index: 44.2165 49.2377 1128.35
Middle: 38.4523 40.2889 1125.38
Ring: 29.4172 57.8818 1100.64
Little: 56.3122 116.717 1031.81
Thumb: 39.251 173.175 1189.62
Index: 44.9278 49.4085 1131.33
Middle: 38.5209 41.1679 1128.72
Ring: 27.3076 58.7474 1102.92
Little: 57.7082 118.315 1034.49
Thumb: 44.4657 173.205 1191.47
Index: 48.8567 49.8311 1134.02
Middle: 38.0792 43.1292 1129.41
Ring: 28.775 58.7087 1106.66
Little: 69.1006 114.315 1042.83
Thumb: 46.8478 171.63 1189.92
Index: 49.0475 49.6098 1134.96
Middle: 38.6577 42.7395 1128.51
Ring: 27.1753 59.673 1104.64
Little: 69.4362 113.819 1041.31
Thumb: 47.7221 169.394 1191.14
Index: 48.7089 50.5171 1135.6
Middle: 39.2894 43.5565 1131.52
Ring: 26.7884 60.9211 1106.23
Little: 69.4081 114.753 1043.09
Thumb: 47.6185 168.806 1190.56
Index: 49.9648 49.9838 1136.24
Middle: 41.2129 43.4582 1134.27
Ring: 26.953 59.6231 1108.18
Little: 69.2703 114.508 1043.23
Thumb: 48.3814 166.933 1191.34
Index: 49.8698 49.2344 1135.43
Middle: 40.5256 42.5133 1134.22
Ring: 25.7707 59.1067 1109.55
Little: 67.1402 114.215 1043.89
Thumb: 44.4809 165.254 1189.58
Index: 46.9437 48.8013 1135.33
Middle: 38.3687 43.2491 1135.88
Ring: 24.3933 58.2155 1110.47
Little: 66.153 112.59 1044.19
Thumb: 42.6808 163.251 1189.75
Index: 45.6772 46.9703 1140.38
Middle: 36.3861 42.1405 1137.13
Ring: 21.514 57.7358 1109.42
Little: 66.6552 110.395 1045.23
Thumb: 36.3674 160.328 1189.74
Index: 43.2819 45.0554 1141.63
Middle: 32.4838 40.7946 1138.34
Ring: 17.6792 58.3701 1108.62
Little: 67.1651 110.141 1046.43
Thumb: 33.084 157.795 1187.74
Index: 39.5191 43.9645 1141.76
Middle: 27.436 40.5385 1137.07
Ring: 13.6001 58.9765 1107.79
Little: 63.1292 108.852 1045.89
Thumb: 28.2454 155.24 1184.04
Index: 37.0918 44.3773 1140.96
Middle: 25.8037 40.8683 1139.17
Ring: 11.9465 59.4811 1108.08
Little: 64.9994 106.693 1047.95
Thumb: 22.177 153.408 1181.34
Index: 35.4727 43.9248 1143.26
Middle: 24.1395 40.8547 1140.12
Ring: 10.3601 60.4914 1106.91
Little: 64.598 106.654 1048.49
Thumb: 16.6042 149.987 1175.84
Index: 32.8468 43.4914 1144.22
Middle: 20.5767 41.0964 1139.74
Ring: 7.8569 61.7063 1105.21
Little: 64.6175 104.608 1049.01
Thumb: 8.44543 147.426 1177.18
Index: 26.1047 42.395 1145.6
Middle: 13.4821 40.8972 1140.29
Ring: 2.88924 61.6858 1105.35
Little: 61.2233 103.254 1052.48
Thumb: 2.51465 142.329 1172.1
Index: 27.1741 40.5034 1147.19
Middle: 13.4658 38.8099 1139.67
Ring: 1.84152 60.8546 1103.41
Little: 61.3288 102.591 1053.05
Thumb: -1.86732 139.523 1168.34
Index: 25.2596 40.0621 1148.87
Middle: 12.1857 38.6708 1143.6
Ring: 1.87966 55.6172 1107.22
Little: 61.3145 99.4275 1054.92
Thumb: -6.21958 134.791 1161.98
Index: 22.8993 39.3232 1145.84
Middle: 10.3479 37.6936 1140.87
Ring: 6.22715 47.2679 1112.9
Little: 59.0083 98.2107 1054.51
Thumb: -10.5993 130.376 1161.2
Index: 12.1045 46.6917 1135.24
Middle: 1.59777 40.4027 1132.29
Ring: 12.6038 38.8774 1113.55
Little: 55.6622 94.0929 1053.79
Thumb: -15.6689 125.408 1158.3
Index: 8.39325 43.4692 1129.94
Middle: 1.47603 43.5573 1107.19
Ring: 11.3463 36.2356 1110.15
Little: 52.4712 97.1508 1050.48
Thumb: -17.1787 122.088 1155.5
Index: 7.16828 42.9699 1130.59
Middle: -0.999512 46.9894 1104.77
Ring: 12.5315 33.6996 1108.99
Little: 49.3875 95.4929 1050.15
Thumb: -17.2022 118.427 1150.18
Index: 4.74586 43.5147 1130.45
Middle: -3.14808 47.3298 1102.45
Ring: 11.1588 32.2329 1105.08
Little: 46.801 95.3543 1048.53
Thumb: -18.9769 116.318 1147.3
Index: -0.137941 41.671 1131.14
Middle: -2.34006 50.5605 1097.13
Ring: 7.49242 29.7946 1105.44
Little: 46.4489 93.7898 1045.82
Thumb: -22.1025 114.775 1144.59
Index: -8.77015 44.0459 1132.43
Middle: -6.28832 51.3155 1098.09
Ring: 2.46981 30.707 1105.72
Little: 44.0271 92.5763 1045.64
Thumb: -19.7456 118.346 1144.25
Index: -11.843 47.7787 1134.11
Middle: -7.08161 57.638 1100.71
Ring: -2.22613 35.6152 1108.38
Little: 42.0114 92.0571 1043.93
Thumb: -20.3262 119.25 1140.11
Index: -18.5364 59.5629 1135.61
Middle: -11.3463 36.7909 1113.73
Ring: -4.29368 39.4003 1111.58
Little: 44.5027 93.2745 1047.06
Thumb: -21.9416 121.06 1139.83
Index: -23.6218 68.9326 1130.92
Middle: -17.0335 37.5278 1118.17
Ring: -11.5089 45.3118 1117.06
Little: 45.1081 91.3417 1044.72
Thumb: -24.7387 117.799 1136.42
Index: -30.6028 76.9984 1129.15
Middle: -24.0863 41.0343 1125.55
Ring: -17.5643 48.7288 1117.92
Little: 40.9033 88.5754 1046.19
Thumb: -26.4659 118.715 1134.57
Index: -30.8471 83.4939 1129.48
Middle: -30.3333 41.4741 1130.13
Ring: -25.0985 51.9285 1118.12
Little: 34.8372 84.087 1045.57
Thumb: -28.6112 116.593 1131.2
Index: -32.257 89.7555 1126.42
Middle: -35.2352 43.9753 1132.91
Ring: -29.8728 54.3825 1116.01
Little: 32.296 83.9898 1045.16
Thumb: -30.79 115.318 1131.66
Index: -38.9646 93.0873 1122.78
Middle: -47.09 52.5337 1120.23
Ring: -33.1567 54.8731 1115.61
Little: 30.8534 84.4224 1047.38
Thumb: -33.8426 115.089 1131.37
Index: -55.4165 85.015 1124.75
Middle: -52.7148 56.946 1121.01
Ring: -37.5584 56.6506 1116.82
Little: 28.3346 83.6632 1050.9
Thumb: -35.9812 113.062 1130.84
Index: -58.2346 78.9536 1129.99
Middle: -48.9591 75.2184 1107.67
Ring: -42.1614 57.2132 1120.08
Little: 27.4237 82.4201 1055.1
Thumb: -36.9397 116.018 1130.99
Index: -57.1079 85.8161 1125.79
Middle: -56.4515 71.9223 1107.93
Ring: -42.1448 58.2831 1116.35
Little: 26.865 83.4412 1055.22
Thumb: -38.5623 115.188 1129.81
Index: -59.9528 84.1719 1127.4
Middle: -50.31 77.5626 1107.03
Ring: -43.9297 56.7934 1116.94
Little: 24.5714 83.0931 1054.92
Thumb: -40.4844 114.312 1127.39
Index: -55.7147 93.2544 1120.04
Middle: -50.1856 77.3478 1104.59
Ring: -44.0723 55.9551 1114.56
Little: 24.1444 84.1776 1053.02
Thumb: -43.0447 116.013 1130.18
Index: -57.925 93.4651 1119.35
Middle: -54.1836 76.7958 1102.56
Ring: -45.5977 55.194 1113.82
Little: 22.0769 84.5722 1052.79
Thumb: -45.0053 117.464 1133.34
Index: -62.4459 79.2735 1121.72
Middle: -52.4899 72.1742 1105.12
Ring: -44.9936 51.7323 1110.73
Little: 21.5282 85.4198 1051.17
Thumb: -48.3881 120.819 1139.85
Index: -61.541 76.4015 1121.4
Middle: -51.1221 69.4257 1104.94
Ring: -44.1563 47.4941 1107.79
Little: 19.2859 85.9409 1048.87
Thumb: -49.318 126.36 1146.11
Index: -53.0538 76.1604 1112.27
Middle: -43.2295 70.5266 1101.42
Ring: -40.5694 49.5816 1098.64
Little: 19.9963 91.6609 1042.23
Thumb: -49.8094 128.854 1148.38
Index: -50.8264 71.9074 1108.7
Middle: -32.0244 76.9298 1096.75
Ring: -38.3175 53.3391 1090.98
Little: 20.797 94.5201 1039.48
Thumb: -51.9378 130.081 1143.98
Index: -48.0956 68.3755 1105.26
Middle: -27.8211 76.6008 1094.29
Ring: -36.1336 57.9017 1085.68
Little: 22.5807 95.8745 1035.01
Thumb: -52.4116 138.527 1147.58
Index: -41.9211 61.2397 1098.86
Middle: -32.0136 65.0419 1095.82
Ring: -35.4715 56.67 1085.08
Little: 21.6323 92.6082 1033.23
Thumb: -54.4376 139.25 1150.1
Index: -40.2992 57.7044 1095.97
Middle: -32.0892 59.9576 1094.64
Ring: -34.2856 53.8037 1083.28
Little: 21.0539 92.0021 1033.75
Thumb: -53.7912 142.231 1152.04
Index: -18.8725 31.4913 1108.76
Middle: -33.1817 55.4005 1094.47
Ring: -34.8076 51.132 1086.12
Little: 23.7215 90.5834 1035.45
Thumb: -54.5596 144.492 1149.32
Index: -15.6334 29.7721 1105.69
Middle: -29.9946 55.3114 1087.65
Ring: -34.7044 49.9392 1082.42
Little: 20.9004 91.5474 1029.64
Thumb: -53.2707 147.773 1146.09
Index: -26.3979 51.2978 1096.54
Middle: -31.9417 50.4098 1083.59
Ring: -33.3479 45.5032 1081.85
Little: 20.2771 91.4902 1025.63
Thumb: -55.9168 149.253 1146.25
Index: -25.7126 51.4123 1094.85
Middle: -32.7621 46.7511 1080.83
Ring: -29.2634 40.1879 1078.71
Little: 20.0496 91.064 1026.48
Thumb: -56.4586 152.432 1146.96
Index: -20.7894 47.5757 1097.23
Middle: -28.5266 43.5217 1077.68
Ring: -24.4626 37.0354 1075
Little: 21.069 89.8674 1028.33
Thumb: -58.2023 152.571 1144.37
Index: -21.4853 40.6102 1098.06
Middle: -20.8557 49.2614 1069.62
Ring: -21.3544 34.4896 1077.36
Little: 22.2949 88.777 1030.8
Thumb: -67.0968 153.564 1138.89
Index: -16.6964 39.9935 1099.44
Middle: -15.3717 27.3981 1074.83
Ring: -6.6686 25.4914 1074.36
Little: 28.3354 90.0683 1038.22
Thumb: -71.1233 158.328 1132.69
Index: -37.6647 50.1306 1092.39
Middle: -16.8595 34.0443 1081.56
Ring: 2.22727 23.803 1075.73
Little: 37.5451 91.0213 1046.16
Thumb: -80.4358 160.383 1120.9
Index: -41.74 51.5172 1092.15
Middle: -12.1824 25.5743 1091.45
Ring: 4.40882 23.458 1079.88
Little: 40.9238 90.7119 1053.81
Thumb: -83.6377 162.32 1107.83
Index: -41.2051 47.4484 1086.87
Middle: -9.31175 34.51 1096.69
Ring: 8.63908 24.4913 1087.7
Little: 45.8536 93.0769 1060.67
Thumb: -86.1345 163.65 1103.9
Index: -41.9547 55.7763 1074.24
Middle: -10.363 37.3278 1096.13
Ring: 9.14189 25.1792 1090.62
Little: 47.7145 94.5225 1065.31
Thumb: -86.5095 164.147 1099.44
Index: -44.9772 65.7517 1067
Middle: -11.1275 33.6379 1100.27
Ring: 9.07372 55.2396 1083.86
Little: 48.8518 93.7262 1072.12
Thumb: -86.2811 159.328 1092.55
Index: -46.514 58.5712 1072.61
Middle: -10.5871 33.1209 1098.06
Ring: 10.1408 50.763 1087.62
Little: 47.3385 91.7764 1076.58
Thumb: -84.7163 156.672 1091.25
Index: -45.1772 57.0539 1074.62
Middle: -11.4437 32.9029 1100.15
Ring: 10.4038 48.42 1091.55
Little: 44.9149 88.0353 1079.52
Thumb: -82.5827 153.653 1086.83
Index: -45.1317 61.8977 1066.75
Middle: -10.951 31.5713 1099.71
Ring: 11.2329 45.7595 1092.64
Little: 46.5163 85.7662 1082.85
Thumb: -79.8155 147.623 1085.5
Index: -42.2288 64.248 1057.1
Middle: -12.1216 27.6862 1091.52
Ring: 11.2475 46.445 1086.38
Little: 46.0292 82.0353 1080.07
Thumb: -80.6152 141.693 1084.19
Index: -42.3372 61.2818 1053.49
Middle: -12.427 20.7084 1089.2
Ring: 10.2131 37.6507 1082.94
Little: 47.7113 82.2144 1079.98
Thumb: -78.5951 134.692 1080.03
Index: -43.8957 59.1749 1049.98
Middle: -14.8397 18.8555 1082.79
Ring: 8.95861 48.5248 1067.4
Little: 47.0156 77.0535 1078.67
Thumb: -79.1319 127.763 1065.25
Index: -41.6636 58.4694 1042.16
Middle: -15.6235 18.1946 1070.86
Ring: 15.7695 85.025 1072.56
Little: 46.4622 74.7808 1077.55
Thumb: -75.1433 126.943 1056.6
Index: -44.8606 63.8547 1041.12
Middle: -18.8635 20.2014 1065.02
Ring: 13.5583 84.5044 1068.97
Little: 43.6771 73.5118 1072.24
Thumb: -69.5173 118.641 1045.61
Index: -45.1187 62.5641 1036.64
Middle: -17.2393 30.8577 1061.84
Ring: 12.1881 80.4011 1065.51
Little: 43.0259 70.3182 1068.84
Thumb: -62.4506 119.839 1039.6
Index: -46.336 65.1966 1032.27
Middle: -16.6406 31.2142 1055.77
Ring: 11.0353 80.1552 1061.83
Little: 44.1084 72.8806 1063.37
Thumb: -60.7155 119.983 1039.88
Index: -47.5661 40.7464 1040.84
Middle: -17.3563 31.7274 1052.59
Ring: 10.5508 80.6503 1062.16
Little: 49.6856 80.188 1064.28
Thumb: -38.8703 103.9 1028.67
Index: -49.0814 39.8483 1040.33
Middle: -19.221 32.7612 1050.91
Ring: 9.25092 80.2648 1060.82
Little: 48.2282 79.0917 1064.46
Thumb: -34.7607 105.35 1026.7
Index: -51.3361 40.3467 1039.65
Middle: -20.7051 33.0046 1048.8
Ring: 7.57108 81.6684 1057.97
Little: 45.0487 80.0685 1054.95
Thumb: -37.6972 105.249 1026.66
Index: -52.3392 45.4603 1036.28
Middle: -20.9803 36.5774 1044.45
Ring: 7.23199 82.8351 1057.56
Little: 44.1283 80.9505 1054.7
Thumb: -38.385 102.71 1025.18
Index: -54.7798 45.4736 1034.65
Middle: -22.9467 36.7388 1042.63
Ring: 4.76744 82.7372 1055.18
Little: 41.9058 81.3805 1052.12
Thumb: -38.6487 100.897 1022.76
Index: -55.1726 50.923 1029.41
Middle: -22.3982 35.264 1042.04
Ring: 4.03443 81.9877 1053.12
Little: 42.2533 82.2587 1049.55
Thumb: -39.368 101.584 1022.79
Index: -57.7383 53.5705 1029.18
Middle: -24.0726 35.1642 1043.61
Ring: 1.84607 83.407 1051.82
Little: 39.5632 82.3897 1049.46
Thumb: -37.5032 102.967 1021.29
Index: -57.2592 58.4097 1024.8
Middle: -25.5631 35.5884 1038.22
Ring: 0.669969 85.4206 1050.17
Little: 37.2726 81.9271 1050.92
Thumb: -41.8831 102.762 1018.92
Index: -58.6469 58.5296 1021.6
Middle: -26.1334 35.3565 1036.45
Ring: -1.24608 85.5203 1046.06
Little: 36.1669 82.8662 1048.92
Thumb: -42.1396 98.9625 1016.69
Index: -61.6728 56.5446 1020.06
Middle: -29.9829 38.6073 1034.87
Ring: -4.35478 82.7946 1043.87
Little: 34.7862 82.7824 1045.59
Thumb: -42.8345 99.1317 1016.14
Index: -63.0771 54.7995 1022.31
Middle: -31.3378 37.7353 1036.77
Ring: -6.10764 82.9242 1043.13
Little: 33.299 83.3956 1043.29
Thumb: -42.9462 100.342 1017.17
Index: -61.9718 63.4226 1021.95
Middle: -32.1128 38.1064 1036.35
Ring: -6.69172 85.2978 1042.27
Little: 31.857 84.7432 1041.67
Thumb: -42.8907 100.55 1014.37
Index: -62.3989 63.3171 1022.26
Middle: -31.0296 38.201 1035.8
Ring: -7.67228 85.643 1040.84
Little: 31.2315 84.811 1040.31
Thumb: -41.9713 99.8727 1013.67
Index: -62.2508 63.9251 1021.64
Middle: -29.8368 37.399 1035.02
Ring: -7.50416 85.8903 1040.02
Little: 30.8141 85.0222 1040.69
Thumb: -44.7196 100.729 1013.63
Index: -62.2794 61.5142 1024.18
Middle: -29.9746 39.2844 1034.69
Ring: -8.15034 86.9658 1040.35
Little: 29.9574 85.0372 1039.92
Thumb: -45.5608 99.3942 1014
Index: -62.7866 64.2381 1024.1
Middle: -30.2006 37.5892 1036.64
Ring: -6.65607 88.2438 1041.48
Little: 30.6242 84.4643 1041.97
Thumb: -46.8479 100.379 1015.45
Index: -65.5045 64.7892 1029.75
Middle: -31.2239 38.0216 1041.08
Ring: -9.18958 88.443 1042.14
Little: 26.8258 81.2408 1043.3
Thumb: -48.6235 98.9116 1024.42
Index: -66.3641 60.1705 1034.31
Middle: -32.474 35.9955 1044
Ring: -10.3846 89.9054 1047.04
Little: 26.166 83.2236 1046.62
Thumb: -51.7531 101.939 1029.95
Index: -66.9636 67.0972 1041.46
Middle: -33.8211 36.6149 1049.03
Ring: -11.9663 90.6636 1052.61
Little: 25.5144 86.7932 1051.53
Thumb: -75.4879 112.288 1050.8
Index: -67.0436 63.534 1051.1
Middle: -35.0071 37.4299 1060.25
Ring: -12.9376 65.3362 1068.43
Little: 25.1979 81.5324 1061.39
Thumb: -79.6432 119.598 1065.29
Index: -67.004 54.1065 1071.06
Middle: -38.0477 34.746 1070.15
Ring: -15.4363 57.4544 1071.25
Little: 24.3083 82.833 1068.76
Thumb: -80.3845 116.225 1082.25
Index: -68.178 53.6255 1091.36
Middle: -43.8456 35.7721 1081.06
Ring: -22.138 55.2056 1082.62
Little: 18.4367 84.8589 1081.07
Thumb: -78.7145 120.113 1089.05
Index: -67.904 60.6127 1102.74
Middle: -43.6049 15.1045 1113.08
Ring: -24.4059 63.1076 1088.96
Little: 17.7237 85.1875 1087.15
Thumb: -78.5829 126.413 1103.68
Index: -64.4022 50.8268 1134.66
Middle: -48.3297 22.2025 1132.32
Ring: -44.2282 27.1055 1120.29
Little: 18.9653 87.0824 1091.72
Thumb: -73.8611 136.248 1111.53
Index: -59.4683 68.3752 1138.88
Middle: -46.0921 33.2133 1155.39
Ring: -40.376 33.78 1132.38
Little: 21.223 87.3287 1093.64
Thumb: -72.131 138.866 1116.45
Index: -55.8406 72.1963 1144.49
Middle: -45.6265 47.6963 1146.78
Ring: -35.2181 35.5877 1147.68
Little: 24.9983 89.4962 1099.1
Thumb: -68.8969 145.956 1122.28
Index: -49.9493 74.0394 1157.86
Middle: -40.5904 50.1594 1153.01
Ring: -29.0984 37.6539 1152.86
Little: 27.7827 92.0222 1104.18
Thumb: -65.8956 150.789 1127.83
Index: -45.885 79.0105 1161.89
Middle: -36.3003 56.6976 1158.81
Ring: -22.3098 42.0908 1160.64
Little: 26.2712 97.1691 1093.66
Thumb: -60.4088 153.548 1130.71
Index: -40.6422 82.8822 1167.8
Middle: -29.2605 58.826 1161.27
Ring: -16.72 45.2978 1164.92
Little: 28.7219 99.2325 1095.48
Thumb: -57.1884 155.631 1133.22
Index: -37.6733 85.2625 1161.98
Middle: -23.4728 59.8718 1161.87
Ring: -9.68212 45.4334 1167.64
Little: 35.5605 102.15 1102.07
Thumb: -51.9366 156.963 1133.81
Index: -34.968 85.9922 1159.27
Middle: -20.4992 60.7552 1161.72
Ring: -3.88877 45.2637 1169.91
Little: 40.5897 100.367 1104.28
Thumb: -48.0993 158.187 1134.74
Index: -33.8665 86.2657 1158.54
Middle: -15.0843 60.1378 1156.25
Ring: -1.54833 44.7715 1165.54
Little: 44.9408 101.028 1101.29
Thumb: -47.4786 156.288 1136.67
Index: -28.401 81.0028 1155.69
Middle: -11.5724 58.0365 1154.06
Ring: 2.7542 41.701 1157.24
Little: 49.0079 100.438 1092.76
Thumb: -43.3871 152.423 1139.37
Index: -20.3184 72.2698 1149.03
Middle: -4.94182 53.1603 1142.51
Ring: 11.1916 36.7544 1149.45
Little: 51.1376 100.758 1081.51
Thumb: -40.3092 144.43 1140.25
Index: -8.74559 61.4252 1145.92
Middle: 4.13147 47.7819 1134.85
Ring: 23.1106 31.6447 1141.06
Little: 50.9221 103.826 1066.45
Thumb: -36.8862 140.399 1140.12
Index: -3.60159 57.3196 1137.54
Middle: 7.65961 42.0188 1135.73
Ring: 28.3926 27.7567 1131.82
Little: 56.1227 98.9767 1063.71
Thumb: -36.0739 132.509 1140.55
Index: 2.22925 50.5406 1128.57
Middle: 10.8273 37.2072 1126.37
Ring: 32.7817 27.8912 1133.47
Little: 42.4174 91.2555 1044.19
Thumb: -34.4065 127.35 1137.07
Index: 13.75 40.0963 1135.73
Middle: 7.2919 41.6213 1123.51
Ring: 22.5099 26.612 1128.38
Little: 40.4816 88.1927 1042.54
Thumb: -30.6196 121.726 1135.01
Index: 4.51296 39.5828 1140.08
Middle: 7.30869 27.9005 1129.03
Ring: 15.756 28.4094 1125.79
Little: 39.8378 91.4797 1039.29
Thumb: -23.1697 121.238 1133.08
Index: -0.321917 47.0338 1144.11
Middle: 3.36939 28.7929 1134.17
Ring: 8.70836 36.3308 1126.65
Little: 36.6745 91.711 1036.57
Thumb: -19.9023 120.814 1132.78
Index: -7.16112 52.6711 1146.46
Middle: -2.24766 31.159 1134.94
Ring: -0.800972 41.4988 1126.81
Little: 32.59 88.5668 1036.63
Thumb: -17.8978 119.81 1131.52
Index: -10.9322 56.6823 1149.09
Middle: -8.57732 35.2113 1139.74
Ring: -4.09607 42.8208 1130.62
Little: 44.0774 87.665 1040.38
Thumb: -17.3215 117.589 1128.67
Index: -12.8821 59.6997 1153.46
Middle: -13.336 40.1331 1144.03
Ring: -7.59367 48.9186 1132.89
Little: 41.3245 85.692 1041.72
Thumb: -16.998 116.162 1127.26
Index: -36.7957 123.706 1081.06
Middle: -19.0959 60.6665 1123.87
Ring: -7.87747 45.9073 1135.32
Little: 45.9805 83.646 1041.62
Thumb: -14.9001 118.119 1134.46
Index: -43.6971 111.529 1088.05
Middle: -22.6971 58.7074 1128.93
Ring: -9.55198 47.7873 1135.53
Little: 43.0401 82.7945 1042.52
Thumb: -14.5463 116.658 1133.79
Index: -43.8061 112.213 1089.21
Middle: -23.6807 59.0545 1132.69
Ring: -9.85833 47.4517 1136.76
Little: 45.2805 81.8824 1048.1
Thumb: -13.5246 117.638 1135.57
Index: -42.1894 114.81 1090.67
Middle: -25.6637 63.5599 1132.87
Ring: -11.7873 49.4883 1138.94
Little: 41.1579 80.0777 1046.38
Thumb: -14.0656 117.189 1135.32
Index: -41.4548 118.214 1090.21
Middle: -27.0874 64.1598 1136.18
Ring: -12.9129 50.5635 1140.2
Little: 39.3356 79.3818 1046.65
Thumb: -16.3136 116.871 1133.99
Index: -47.1938 117.965 1086.03
Middle: -26.6765 67.8295 1132.09
Ring: -14.0674 49.985 1139.71
Little: 43.1043 80.601 1049
Thumb: -17.6911 117.224 1136.21
Index: -50.6268 117.309 1086.88
Middle: -28.0795 69.4459 1131.31
Ring: -17.4307 50.2218 1139.81
Little: 39.9578 81.6638 1048.48
Thumb: -17.5727 118.042 1136.18
Index: -51.4934 117.696 1090.81
Middle: -28.9277 72.6967 1132.34
Ring: -18.3165 52.041 1139.09
Little: 41.4414 82.5314 1050.57
Thumb: -17.814 118.228 1136.73
Index: -52.6533 115.878 1092.85
Middle: -29.3116 74.1956 1130.78
Ring: -18.954 51.187 1138.26
Little: 37.064 82.2854 1048.49
Thumb: -18.4381 118.581 1136.63
Index: -56.5662 103.77 1095.36
Middle: -28.4354 76.0225 1128.93
Ring: -19.5953 51.8072 1138.65
Little: 34.475 86.7657 1050.32
Thumb: -18.4699 118.263 1137.06
Index: -56.5887 104.135 1095.5
Middle: -29.2306 75.4417 1129.67
Ring: -19.9381 51.3957 1140.53
Little: 34.3571 86.0989 1050.75
Thumb: -18.4913 117.589 1135.62
Index: -54.8242 109.806 1092.96
Middle: -27.273 75.9767 1129.35
Ring: -19.6543 51.1768 1141.21
Little: 39.9905 80.1559 1062.47
Thumb: -18.6588 118.434 1136.6
Index: -54.1285 111.04 1093.31
Middle: -26.1993 76.4861 1130.78
Ring: -20.2806 51.1251 1141.25
Little: 40.8113 79.7472 1065.43
Thumb: -18.7246 118.77 1136.51
Index: -54.2509 112.397 1092.88
Middle: -26.468 76.7923 1130.69
Ring: -20.9479 51.7692 1141.53
Little: 40.9359 77.8571 1064.54
Thumb: -19.0963 121.493 1138.09
Index: -56.1373 109.452 1110.75
Middle: -27.062 77.0184 1131.89
Ring: -20.4612 51.7776 1140.9
Little: 42.1597 77.8685 1068.32
Thumb: -18.3633 124.049 1138.23
Index: -48.7244 119.83 1106.43
Middle: -27.9528 78.9888 1132.36
Ring: -21.9891 53.9436 1140.91
Little: 41.1709 77.1476 1069.77
Thumb: -20.097 127.587 1140.32
Index: -48.9861 125.296 1104.07
Middle: -29.5971 81.5431 1133.94
Ring: -23.5778 55.8416 1141.88
Little: 39.4964 79.9275 1069.2
Thumb: -20.8168 129.419 1144.85
Index: -50.389 127.019 1105.76
Middle: -31.4876 79.4516 1138.43
Ring: -22.3839 53.0565 1146
Little: 34.6151 82.3625 1062.98
Thumb: -21.5799 131.552 1147.15
Index: -45.1599 135.735 1092.58
Middle: -29.8678 75.5406 1137.06
Ring: -18.606 51.0563 1141.34
Little: 35.6355 87.6883 1053.09
Thumb: -17.9859 135.675 1155.96
Index: -45.7736 139.636 1088.48
Middle: -24.9007 71.666 1135.26
Ring: -12.7738 46.1414 1140.93
Little: 37.7047 90.55 1057.03
Thumb: -14.113 140.086 1162.54
Index: -46.0831 140.579 1086.96
Middle: -25.044 64.3903 1132.86
Ring: -11.5844 42.8402 1136.77
Little: 38.0026 92.272 1052.08
Thumb: -7.12106 141.691 1169.14
Index: -49.7458 136.181 1088.16
Middle: -21.7585 58.2381 1134.84
Ring: -6.77669 38.0533 1137.26
Little: 24.4036 91.7772 1042.61
Thumb: -3.27277 141.825 1170.71
Index: -47.0627 136.688 1090.62
Middle: -15.2493 55.0711 1137.38
Ring: -0.480376 37.9155 1136.72
Little: 25.2442 94.8621 1042.31
Thumb: 7.78478 144.808 1174.72
Index: -39.3027 146.325 1090.56
Middle: -8.65428 49.743 1127.74
Ring: 5.09298 37.826 1133.36
Little: 7.06138 82.1342 1046.41
Thumb: 12.7918 145.446 1176.01
Index: -21.658 79.9621 1148.79
Middle: -5.20155 47.2548 1143.15
Ring: 11.9583 36.9603 1134.54
Little: 9.85778 91.1675 1038.97
Thumb: 21.4073 143.652 1174.74
Index: -11.2811 77.7607 1155.03
Middle: -1.5665 43.6146 1145.76
Ring: 15.2182 34.469 1134.6
Little: 41.541 97.6708 1039.37
Thumb: 27.0702 143.164 1175.32
Index: -6.28897 73.5758 1154.34
Middle: 4.86482 40.3117 1144.83
Ring: 18.9207 34.8628 1131.66
Little: 43.7056 100.274 1043.15
Thumb: 32.0706 140.837 1173.96
Index: -4.10262 69.3716 1155.16
Middle: 10.9437 38.0227 1145.28
Ring: 23.3803 32.2877 1128.43
Little: 45.1834 100.273 1040.92
Thumb: 39.374 144.356 1169.68
Index: 0.78668 70.8793 1130.16
Middle: 16.1208 29.216 1117.14
Ring: 19.844 33.8486 1120.19
Little: 45.2114 96.3191 1037.08
Thumb: 43.8307 106.442 1077.73
Index: 8.9946 68.4308 1128.39
Middle: 13.3999 32.7138 1107.89
Ring: 23.9485 33.7096 1114.84
Little: 44.3772 95.4262 1031.43
Thumb: 45.5334 112.098 1066.79
Index: 17.0677 68.3624 1128.17
Middle: 5.39458 42.8665 1102.07
Ring: 33.3222 37.7052 1117.65
Little: 44.3639 99.2817 1024.85
Thumb: 44.9112 115.013 1059.27
Index: 11.3777 68.4995 1126.01
Middle: -2.37909 45.5301 1098.4
Ring: 2.36913 50.8718 1099.34
Little: 44.3898 96.5365 1022.42
Thumb: 46.7874 123.073 1051.66
Index: 19.1953 68.27 1122.59
Middle: -1.31277 48.1399 1095.26
Ring: 5.99042 57.2648 1103.36
Little: 41.6923 95.6761 1028.01
Thumb: 45.3161 116.715 1051.35
Index: 26.8334 58.9437 1122.66
Middle: -2.26415 46.3663 1097.94
Ring: 4.67907 53.9021 1098.07
Little: 46.4524 91.8315 1026.8
Thumb: 42.8406 105.464 1071.29
Index: 24.3058 62.2212 1122.92
Middle: -1.99454 44.5753 1101.09
Ring: 6.42918 52.6324 1102.43
Little: 43.0965 91.4242 1027.7
Thumb: 48.2757 144.59 1059.51
Index: 39.7534 61.0141 1124.96
Middle: -2.28455 46.1815 1108.39
Ring: 9.68061 47.6743 1108.72
Little: 16.0647 102.037 1034.61
Thumb: 48.3983 142.334 1063.9
Index: 53.4366 41.2175 1124.27
Middle: 1.17086 43.1408 1111.59
Ring: 4.27901 49.9408 1104.68
Little: 17.5408 101.889 1039.23
Thumb: 47.9935 141.882 1067.74
Index: 50.6188 38.1246 1121.91
Middle: -3.31391 44.5027 1112.64
Ring: 3.06608 48.0755 1104.96
Little: 15.5022 102.768 1043.89
Thumb: 78.425 132.912 1133.25
Index: 31.4535 41.3419 1133.93
Middle: -15.915 39.934 1126
Ring: -12.4626 42.4766 1106.4
Little: 0.824113 116.805 1086.57
Thumb: 42.2738 96.0134 1090.16
Index: 13.1175 45.4133 1124.26
Middle: -22.5867 51.456 1146.45
Ring: -19.1268 50.1445 1109.31
Little: -5.01431 127.94 1088.6
Thumb: 71.922 76.5353 1115.67
Index: 2.97049 32.0089 1103.46
Middle: -19.1179 62.8331 1155.62
Ring: -21.8613 52.63 1110.19
Little: -7.67874 128.771 1092.75
Thumb: 70.2506 77.7501 1114.37
Index: -0.859795 36.1637 1104.13
Middle: 0.642815 90.7357 1160.86
Ring: -23.4902 54.0622 1105.91
Little: -9.29631 129.481 1095.89
Thumb: 152.596 90.4558 1134.55
Index: 0.373341 35.3264 1096.59
Middle: 24.4704 120.432 1165.1
Ring: -25.5721 55.6053 1100.62
Little: -11.5161 126.114 1094.35
Thumb: 153.66 100.018 1158.12
Index: -1.75393 31.7064 1092.97
Middle: 20.3563 106.741 1164.74
Ring: -30.4959 53.178 1094.19
Little: -12.0743 122.2 1091.47
Thumb: 156.748 101.788 1152.23
Index: -0.729538 31.5603 1092.62
Middle: 25.0133 109.284 1170.98
Ring: -29.9338 52.9442 1097.29
Little: -12.1851 123.744 1093.92
Thumb: 157.619 100.237 1146.49
Index: -0.595541 30.9294 1090.27
Middle: 23.0305 106.891 1173.75
Ring: -30.8357 51.0141 1094.85
Little: -11.9361 124.701 1092.43
Thumb: 161.605 105.556 1134.94
Index: -0.561756 30.1095 1092.09
Middle: 26.6933 105.89 1172.09
Ring: -31.8446 48.7756 1095.49
Little: -13.9989 123.329 1095.45
Thumb: 133.229 91.4789 1132.81
Index: 0.687597 30.3355 1093.16
Middle: 29.1729 105.35 1173.33
Ring: -31.579 45.5474 1094.52
Little: -15.4874 123.052 1097.32
Thumb: 134.482 92.7912 1124.5
Index: 1.61077 30.8567 1088.35
Middle: 30.028 102.146 1171.25
Ring: -30.771 45.4916 1092.67
Little: -15.0355 123.57 1098.45
Thumb: 133.223 95.649 1119.97
Index: 0.526978 32.1847 1087.23
Middle: 33.2183 105.18 1171.54
Ring: -30.5372 43.2912 1092.63
Little: -17.583 125.366 1101.5
Thumb: 132.918 95.5476 1114.23
Index: -0.0556602 32.0407 1083.11
Middle: 34.5773 105.07 1168.72
Ring: -31.0722 43.9634 1092.87
Little: -17.2865 123.325 1099.28
Thumb: 131.183 94.58 1112.77
Index: -1.08302 33.1758 1078.58
Middle: 34.1508 103.356 1167.04
Ring: -32.3216 45.3225 1089.6
Little: -23.4549 109.756 1091.21
Thumb: 130.033 94.155 1106.04
Index: -2.06822 33.5727 1074.47
Middle: 29.6008 96.3207 1165.34
Ring: -31.6944 44.8535 1086.87
Little: -24.0129 109.599 1089.31
Thumb: 131.197 93.7028 1104.26
Index: -3.19758 34.0384 1073.96
Middle: 27.232 96.1407 1164.22
Ring: -32.8017 44.0958 1082.85
Little: -24.7935 110.594 1088.04
Thumb: 130.436 94.5932 1102.19
Index: -3.16357 34.3775 1068.52
Middle: 31.6197 100.975 1158.96
Ring: -33.278 44.5454 1079.37
Little: -26.1145 109.977 1083.5
Thumb: 131.065 96.0469 1101.81
Index: -2.28214 35.3162 1067.87
Middle: 25.9495 95.8594 1159.52
Ring: -33.3231 45.3406 1076.85
Little: -26.5652 109.526 1083.88
Thumb: 128.439 95.5969 1101.01
Index: -3.65487 35.0149 1063.96
Middle: 23.6288 93.8362 1157.18
Ring: -34.5187 43.992 1074.14
Little: -26.9357 110.239 1080.25
Thumb: 127.625 94.6666 1099.96
Index: -6.21609 35.3422 1062
Middle: 21.5752 93.8625 1156.21
Ring: -35.1079 43.0199 1073.03
Little: -28.5785 109.876 1078.39
Thumb: 128.291 95.7937 1098.95
Index: -6.23425 35.3172 1061.84
Middle: 21.5572 95.005 1156.29
Ring: -35.8226 43.7878 1074.86
Little: -28.7835 110.042 1078.99
Thumb: 128.541 96.6424 1099.02
Index: -5.82245 35.4067 1060.87
Middle: 21.0428 96.3165 1156.15
Ring: -35.6247 43.6071 1072.49
Little: -29.1049 110.374 1078.31
Thumb: 131.317 97.685 1098.11
Index: -6.12892 35.4155 1064.42
Middle: 23.4162 97.0451 1156.03
Ring: -36.2515 44.9371 1074.19
Little: -28.9199 110.513 1079
Thumb: 130.42 97.816 1099.6
Index: -6.16049 35.2358 1064.68
Middle: 22.0777 96.5709 1156.37
Ring: -35.8528 45.1005 1074.93
Little: -33.8479 101.328 1083.59
Thumb: 130.526 98.8939 1102.17
Index: -4.72582 35.1787 1066.46
Middle: 19.7567 95.6653 1157.2
Ring: -33.867 46.1679 1077.58
Little: -31.9571 103.981 1083.07
Thumb: 128.375 98.6645 1104.88
Index: -4.67678 35.0058 1069.82
Middle: 20.7557 97.4135 1157.73
Ring: -33.5986 46.0289 1077.27
Little: -38.3303 92.6428 1088.32
Thumb: 128.435 96.3376 1106.54
Index: -4.99167 34.2412 1071.07
Middle: 20.1269 98.3598 1158.35
Ring: -33.3859 44.5475 1077.92
Little: -42.6047 90.5465 1088.42
Thumb: 127.869 97.0398 1111.18
Index: -3.93538 33.5539 1074.25
Middle: 20.0616 97.9544 1160.39
Ring: -32.4654 43.2984 1078.9
Little: -44.1234 86.1561 1087.02
Thumb: 129.502 98.1036 1113.95
Index: -1.2929 32.9635 1076.16
Middle: 16.0346 93.6252 1162.75
Ring: -31.4476 41.2633 1080.37
Little: -42.5012 85.81 1089.81
Thumb: 129.422 98.2191 1113.69
Index: -0.837317 32.1644 1081.59
Middle: 18.8218 94.4117 1166.56
Ring: -31.3057 39.0642 1082.4
Little: -41.7758 85.6502 1095.71
Thumb: 130.995 97.6206 1116.81
Index: 0.103237 31.428 1084.95
Middle: 17.625 93.2932 1169.43
Ring: -30.0093 38.0927 1084.01
Little: -42.1746 82.7089 1097.26
Thumb: 131.939 98.6703 1118.65
Index: 0.162759 31.0397 1089.04
Middle: 18.4743 95.1078 1171.69
Ring: -29.9658 37.4586 1083.95
Little: -40.0296 85.046 1098.16
Thumb: 133.851 98.5107 1120.08
Index: 0.662148 31.2762 1091.61
Middle: 19.0046 94.0686 1173.77
Ring: -29.2604 37.7591 1086.57
Little: -39.3765 84.5422 1100.57
Thumb: 135.009 98.9453 1124.11
Index: 1.25181 31.55 1095.31
Middle: 20.2638 94.6935 1176.9
Ring: -28.8853 38.268 1091.39
Little: -39.351 85.2286 1104.06
Thumb: 132.398 99.8137 1131.18
Index: 1.7476 32.2726 1094.89
Middle: 14.1647 92.7054 1179.48
Ring: -28.3298 39.1824 1093.12
Little: -42.131 80.425 1101.6
Thumb: 128.785 98.7749 1144.25
Index: -0.175797 33.4709 1101.18
Middle: 3.8533 88.5687 1180.76
Ring: -27.9705 39.8197 1088.5
Little: -42.5883 82.1211 1101.74
Thumb: 121.089 96.4364 1157.2
Index: 0.28666 31.6629 1101.36
Middle: 15.5735 107.409 1185.58
Ring: -24.4399 37.0533 1085.64
Little: -41.0656 80.7078 1102.13
Thumb: 121.553 98.2184 1163.46
Index: 2.39808 31.3748 1105.4
Middle: 11.6349 104.758 1191.57
Ring: -24.6456 37.46 1095.14
Little: -39.9992 82.1909 1106.15
Thumb: 126.649 99.4695 1161.6
Index: 3.9131 31.0662 1110.38
Middle: 17.4771 107.921 1194.86
Ring: -22.8645 36.2747 1100.36
Little: -38.3946 86.0291 1119.02
Thumb: 135.859 104.904 1145.95
Index: 6.71254 32.6876 1111.64
Middle: 6.41058 81.2812 1195.5
Ring: -16.9226 35.1637 1113
Little: -21.031 114.023 1156.07
Thumb: 131.557 107.036 1150.39
Index: 5.62775 35.4241 1112.13
Middle: 2.43385 79.8445 1193.65
Ring: -15.0874 37.0314 1115.51
Little: -21.297 113.517 1157.34
Thumb: 116.143 104.735 1168.51
Index: 2.25369 33.2625 1110.5
Middle: 15.1634 106.425 1187.79
Ring: -19.8989 36.6039 1117.31
Little: -31.0559 95.111 1142.44
Thumb: 73.7662 109.67 1209.14
Index: 4.02894 33.4184 1105.97
Middle: 10.8315 123.724 1163.04
Ring: -24.5847 43.1903 1097.21
Little: -31.1829 83.7817 1094.31
Thumb: 84.0164 121.598 1221.72
Index: 4.08174 31.1001 1104.71
Middle: -37.9878 51.4658 1113.01
Ring: -24.2459 44.2979 1090.94
Little: -26.0348 89.3716 1077.81
Thumb: 87.6276 134.972 1243.05
Index: 1.79938 35.0277 1106.02
Middle: -28.6083 51.2499 1105.34
Ring: -15.9894 43.5677 1084.11
Little: -16.0749 91.1867 1070.02
Thumb: 86.49 143.506 1239.52
Index: 1.83958 38.7434 1104.72
Middle: -23.6255 44.9874 1105.13
Ring: -10.8903 42.3925 1084.05
Little: 1.33228 103.233 1066.73
Thumb: 78.8717 148.329 1241.47
Index: 2.43447 38.8486 1107.7
Middle: -10.1954 29.3383 1100.89
Ring: -5.34177 39.7202 1082.31
Little: 6.26076 100.564 1065.79
Thumb: 80.0488 150.38 1245.49
Index: -6.50072 43.0221 1116.21
Middle: -7.75531 27.5895 1104.97
Ring: -1.63284 37.1145 1085.55
Little: 8.2407 98.2884 1069.43
Thumb: 82.3131 154.777 1241.52
Index: -9.51438 46.1737 1117.47
Middle: -8.60072 28.8672 1105.65
Ring: 0.583027 36.3403 1084.9
Little: 7.95659 97.2081 1067.7
Thumb: -20.4747 150.593 1183.75
Index: -13.7042 51.0072 1123.12
Middle: -8.77271 29.2094 1108.52
Ring: 0.91477 35.2828 1085.29
Little: 5.41477 96.161 1067.72
Thumb: -21.8221 156.14 1190.27
Index: -17.33 54.9389 1125.44
Middle: -10.5003 30.7751 1108.64
Ring: 3.60358 34.4536 1085.09
Little: 3.86678 96.1532 1066.98
Thumb: -40.2394 132.17 1105.49
Index: -50.1825 74.7792 1083.73
Middle: -4.58117 32.667 1064.39
Ring: 3.5124 29.8691 1074.2
Little: 29.3508 86.0579 1060.2
Thumb: -45.8272 147.388 1152.81
Index: -7.24462 29.8223 1107.93
Middle: -2.24621 25.142 1071.57
Ring: -2.16955 25.5702 1073.94
Little: 35.2307 85.6411 1056.8
Thumb: -54.8409 148.919 1146.93
Index: -6.62371 25.1701 1107.06
Middle: 2.35036 14.7195 1073.34
Ring: 2.78689 16.7017 1075.58
Little: 40.7052 87.1628 1055.1
Thumb: -64.2525 151.864 1140.11
Index: -4.49048 27.4385 1105.68
Middle: 11.0599 16.659 1072.43
Ring: 11.0478 17.2583 1079.09
Little: 46.5838 91.3527 1059.17
Thumb: -70.5311 148.211 1129.39
Index: -4.36934 27.1424 1102.23
Middle: 15.6759 15.3652 1072.69
Ring: 13.2202 16.5712 1080.78
Little: 46.9472 91.6614 1059.33
Thumb: -75.4388 147.047 1118.45
Index: -7.60531 27.0922 1103.43
Middle: 14.0005 14.6863 1074.3
Ring: 13.4854 16.18 1082.01
Little: 48.2703 91.639 1062.5
Thumb: -79.2061 147.891 1112.5
Index: -9.54537 25.5547 1103.08
Middle: -19.0793 65.6194 1022.35
Ring: 11.031 15.0157 1081.19
Little: 47.3516 90.0509 1058.94
Thumb: -77.5393 144.044 1106.41
Index: -9.05418 25.1304 1107.21
Middle: -20.1684 78.4791 1019.61
Ring: 10.3566 21.7642 1074.36
Little: 46.6899 89.8956 1063.22
Thumb: -79.9794 145.294 1105.12
Index: -10.7243 25.7441 1106.13
Middle: -22.635 90.6092 1017.1
Ring: 9.6478 20.4044 1076.68
Little: 46.6507 89.1743 1062.97
Thumb: -79.3346 146.272 1103.57
Index: -13.0031 25.7856 1106.01
Middle: -21.5 83.3148 1015.11
Ring: 8.54703 19.8595 1077.37
Little: 45.5923 86.0333 1062.61
Thumb: -81.1764 146.058 1102.89
Index: -14.0746 25.9926 1104.04
Middle: -21.7358 79.9457 1014.41
Ring: 7.77071 20.2872 1076.46
Little: 44.9684 87.5321 1065.46
Thumb: -81.0056 149.102 1100.92
Index: -15.6477 26.801 1103.9
Middle: -21.5649 80.9454 1012.86
Ring: 6.53136 22.4996 1076.93
Little: 44.6056 86.4484 1065.34
Thumb: -79.6998 147.23 1092.84
Index: -17.1783 27.9896 1103.21
Middle: -20.9548 87.3424 1010.87
Ring: 7.36074 21.2654 1077.19
Little: 44.5107 85.3397 1066.1
Thumb: -80.4501 146.585 1090.05
Index: -18.064 27.8683 1100.5
Middle: -20.8644 87.7535 1009.64
Ring: 8.91481 19.0551 1080.18
Little: 43.9681 85.0762 1065.57
Thumb: -85.1143 145.863 1087.42
Index: -16.9165 27.4864 1100.92
Middle: -20.6185 87.85 1009.5
Ring: 9.69909 19.2655 1080.45
Little: 43.5876 79.8068 1067.17
Thumb: -82.0045 142.978 1084.62
Index: -17.5047 27.8498 1101.19
Middle: -20.5735 89.6169 1008.66
Ring: 10.5256 19.456 1080.13
Little: 42.8535 75.644 1071
Thumb: -76.4733 145.085 1085.89
Index: -17.56 28.822 1102.07
Middle: -18.3906 93.9467 1007.56
Ring: 11.1962 20.6535 1083.12
Little: 43.1848 74.348 1074.83
Thumb: -74.922 146.069 1084.88
Index: -17.4595 28.9405 1103.95
Middle: -16.1063 88.1029 1007.31
Ring: 11.4454 21.6155 1078.79
Little: 43.5411 74.0565 1075.99
Thumb: -74.5464 147.369 1083.82
Index: -17.4158 29.3619 1104.64
Middle: -15.3302 91.2378 1007.57
Ring: 11.4424 21.24 1080.76
Little: 44.0001 74.0735 1077.01
Thumb: -76.4782 147.525 1084.6
Index: -17.354 29.6295 1104.58
Middle: -16.0569 86.2469 1008.24
Ring: 11.3104 21.618 1080.53
Little: 43.8498 74.1979 1077.13
Thumb: -76.8 147.418 1085
Index: -17.3767 29.6489 1105.14
Middle: -15.4523 86.0134 1008.89
Ring: 11.7723 21.9858 1081.19
Little: 44.023 74.1453 1078.15
Thumb: -78.1825 149.137 1086.85
Index: -17.4495 29.6798 1105.88
Middle: -16.2585 89.5125 1008.88
Ring: 11.3404 21.9821 1082.36
Little: 45.0177 73.9394 1078.38
Thumb: -78.2359 148.919 1086.86
Index: -17.313 29.6416 1106.38
Middle: -15.455 86.775 1009.19
Ring: 11.2741 21.9638 1082.23
Little: 45.459 73.8516 1078.67
Thumb: -78.3786 147.489 1086.97
Index: -16.5546 28.7733 1106.73
Middle: -16.0675 86.7399 1009.73
Ring: 11.1823 20.0893 1084.16
Little: 45.2823 73.4336 1078.84
Thumb: -78.6568 145.901 1086.83
Index: -15.3568 27.6657 1105.73
Middle: -14.5808 82.6993 1009.95
Ring: 11.7635 20.807 1082.61
Little: 45.9921 73.2395 1078.69
Thumb: -79.9713 145.879 1086.57
Index: -14.1005 27.4356 1106.27
Middle: -13.6448 81.8249 1010.11
Ring: 13.1514 20.824 1082.66
Little: 46.9997 73.4491 1078.75
Thumb: -78.9366 146.307 1086.37
Index: -14.1942 27.85 1106.71
Middle: -14.643 85.7518 1009.48
Ring: 12.8988 21.1439 1082.33
Little: 46.8917 73.7124 1078.45
Thumb: -77.2699 148.005 1086.94
Index: -12.9896 30.0757 1108.22
Middle: -14.5451 86.9136 1010.38
Ring: 13.4348 22.9391 1086.55
Little: 47.7235 75.5317 1078.67
Thumb: -77.7685 149.487 1086.99
Index: -12.84 30.0961 1107.63
Middle: -14.4221 87.3481 1010.16
Ring: 13.1054 22.7427 1088.12
Little: 47.8047 75.7145 1078.32
Thumb: -76.2487 152.124 1088.54
Index: -11.8632 31.8602 1106.1
Middle: -13.5067 90.0586 1010.27
Ring: 12.5296 25.3986 1086.61
Little: 48.4993 77.2751 1076.53
Thumb: -75.372 152.732 1086.37
Index: -10.0138 31.8877 1106.15
Middle: -10.1281 92.2596 1009.92
Ring: 13.1873 25.6965 1088.06
Little: 50.7503 77.5447 1079.46
Thumb: -72.0817 153.378 1085.73
Index: -8.39227 32.4557 1105.82
Middle: -6.78693 86.6799 1010.81
Ring: 14.9868 26.3107 1088.46
Little: 52.6309 80.6085 1077.38
Thumb: -67.7407 153.17 1084.09
Index: -6.98041 32.4948 1104.82
Middle: -4.64654 90.2026 1009.67
Ring: 16.7294 26.6401 1087.57
Little: 53.9101 81.1559 1077.11
Thumb: -65.8471 152.713 1084.03
Index: -3.54635 32.1831 1104.3
Middle: -2.90529 94.29 1008.92
Ring: 19.7524 26.9271 1086.44
Little: 56.601 81.9511 1076.87
Thumb: -59.5609 151.322 1079.13
Index: -0.249225 32.6633 1101.51
Middle: -0.268103 97.0527 1008.83
Ring: 23.4999 27.5692 1082.26
Little: 60.462 81.9458 1075.84
Thumb: -50.3168 150.105 1076.88
Index: 3.27704 34.3194 1099.77
Middle: 3.51817 99.7384 1009.59
Ring: 29.126 29.0061 1078.67
Little: 65.0661 93.7261 1071.22
Thumb: -43.4988 152.361 1076.42
Index: 7.6469 36.8683 1094.8
Middle: 8.94853 101.043 1010.32
Ring: 33.7778 32.3795 1076.81
Little: 71.169 99.6553 1070.68
