Thumb: 32.9554 91.7207 1121.92
Index: -64.5745 28.1944 1098.23
Middle: -101.42 40.8207 1097.63
Ring: -124.543 62.0639 1082.41
Little: -141.773 103.039 1080.87
Thumb: 40.4725 92.9075 1115.92
Index: -70.498 28.8407 1095.72
Middle: -100.772 36.2711 1085.18
Ring: -115.933 53.7476 1079.87
Little: -102.876 140.317 1135.78
Thumb: 36.6707 90.1632 1112.28
Index: -73.4731 28.2954 1097.95
Middle: -102.134 37.9405 1087.05
Ring: -109.701 68.3746 1093.56
Little: -107.129 137.742 1135.35
Thumb: 27.0147 85.0641 1107.84
Index: -76.241 26.786 1094.88
Middle: -105.204 36.9338 1090.24
Ring: -113.017 66.5787 1093.65
Little: -107.7 142.303 1137.26
Thumb: 22.7835 83.3094 1109.36
Index: -79.9612 27.2415 1096
Middle: -106.675 38.5714 1094.85
Ring: -113.579 69.2129 1098.93
Little: -108.948 142.691 1139.33
Thumb: 11.6068 81.525 1111.14
Index: -82.6497 25.6513 1095.49
Middle: -110.194 37.9834 1095.82
Ring: -124.238 56.6286 1095.68
Little: -109.884 146.994 1139.23
Thumb: 6.80899 82.0649 1111.4
Index: -87.5328 27.6113 1096.43
Middle: -112.721 38.9851 1097.49
Ring: -126.904 57.4374 1096.24
Little: -118.712 124.562 1137.51
Thumb: 3.19195 82.3729 1115.31
Index: -93.1032 29.9126 1097.11
Middle: -113.287 40.2991 1100.17
Ring: -127.514 58.6709 1100.41
Little: -114.81 136.62 1138.43
Thumb: -2.12096 83.0482 1111.78
Index: -96.7856 33.9414 1098.39
Middle: -114.599 41.8244 1100.49
Ring: -127.315 59.1963 1101.95
Little: -110.41 143.573 1139.78
Thumb: -2.95597 82.6478 1113.09
Index: -97.3565 37.6686 1103.49
Middle: -116.953 42.1247 1100.91
Ring: -128.715 61.977 1105.79
Little: -111.431 142.096 1141.7
Thumb: -8.39913 81.2168 1115.48
Index: -99.9449 37.6279 1103.53
Middle: -119.599 42.9982 1101.61
Ring: -127.814 62.1704 1107.59
Little: -110.605 142.937 1141.69
Thumb: -11.3568 81.9134 1115.2
Index: -100.203 37.4865 1102.24
Middle: -119.55 42.644 1100.59
Ring: -126.203 61.1888 1108.93
Little: -111.311 138.001 1141.38
Thumb: -11.3649 81.88 1113.22
Index: -98.2415 36.454 1103.23
Middle: -120.02 43.7863 1103.3
Ring: -123.845 59.8605 1110.76
Little: -109.78 137.39 1142.11
Thumb: -9.71425 84.0455 1113.61
Index: -92.4135 36.273 1104.05
Middle: -114.793 41.9951 1101.98
Ring: -120.161 59.0328 1109.41
Little: -105.246 133.125 1143.8
Thumb: -6.05596 86.6142 1113.15
Index: -84.2497 36.0251 1100.53
Middle: -107.137 41.1292 1103.23
Ring: -113.695 57.63 1108.86
Little: -101.233 134.216 1143.81
Thumb: -5.00076 86.7775 1110.4
Index: -77.4062 36.0524 1102.19
Middle: -99.2042 38.9563 1101.51
Ring: -105.892 58.9533 1110.3
Little: -121.469 82.2328 1096.56
Thumb: 1.49021 87.1564 1110.01
Index: -69.7887 33.3994 1101.53
Middle: -92.3936 36.9862 1100.55
Ring: -99.645 57.3762 1110.12
Little: -115.59 83.1957 1103.07
Thumb: 7.11819 89.2562 1109.69
Index: -59.9552 34.4022 1101.95
Middle: -83.9999 36.9167 1101.33
Ring: -92.2634 53.584 1108.31
Little: -107.656 79.1395 1099.35
Thumb: 19.4074 89.6562 1108.68
Index: -51.1376 31.8623 1101.7
Middle: -73.9969 33.8509 1102.22
Ring: -85.1689 50.2514 1108.33
Little: -99.6804 74.567 1100.16
Thumb: 24.3786 91.5973 1110.35
Index: -41.8024 32.2995 1101.15
Middle: -63.8993 32.7011 1101.59
Ring: -78.6019 47.3074 1107.08
Little: -91.8305 72.7924 1097.44
Thumb: 32.9864 96.2094 1110.78
Index: -33.0986 31.5903 1103.22
Middle: -54.3742 31.3685 1103.94
Ring: -70.5283 42.4011 1104.17
Little: -83.7838 70.5299 1097.82
Thumb: 44.2061 99.1864 1112.89
Index: -24.4285 32.3226 1103.16
Middle: -48.2305 28.9919 1101.45
Ring: -62.5864 42.0979 1104.72
Little: -75.2867 69.4836 1097.68
Thumb: 50.4064 97.4297 1115.55
Index: -19.3496 30.6187 1105.16
Middle: -44.3594 24.9671 1102.54
Ring: -57.7113 39.1093 1106.49
Little: -70.1877 66.0407 1097.62
Thumb: 56.6613 95.7559 1118.09
Index: -12.7622 29.6625 1102.76
Middle: -37.0455 24.2899 1101.76
Ring: -50.6106 38.812 1106.5
Little: -63.7396 65.1675 1095.1
Thumb: 65.0629 95.0343 1117.77
Index: -5.59271 26.9608 1099.41
Middle: -28.8064 24.6594 1103.96
Ring: -43.6166 35.0241 1104.65
Little: -57.7579 62.4105 1095.7
Thumb: 71.7641 93.277 1118.57
Index: 1.95149 24.9669 1107.12
Middle: -23.6681 21.0316 1102.51
Ring: -37.8872 33.5713 1105.96
Little: -50.7651 57.3097 1093.9
Thumb: 75.4184 88.2828 1110.75
Index: 12.8493 18.5361 1105.53
Middle: -16.7573 16.6506 1099.08
Ring: -30.8295 28.4389 1105.84
Little: -45.9354 52.9257 1096.37
Thumb: 86.5691 87.1729 1115.33
Index: 21.2415 19.1044 1106.49
Middle: -9.88582 13.1452 1096.37
Ring: -26.1963 28.8442 1103.48
Little: -41.9687 53.2823 1096.78
Thumb: 93.6785 85.7684 1114.41
Index: 31.5757 18.2822 1105.2
Middle: -2.15153 10.2265 1097.56
Ring: -18.1355 28.1544 1102.74
Little: -36.9415 50.9735 1097.91
Thumb: 101.553 89.2324 1116.66
Index: 38.7076 14.8995 1106.49
Middle: 2.42749 6.31358 1094.37
Ring: -13.2478 24.1925 1102.67
Little: -31.3134 51.1869 1105.31
Thumb: 109.808 95.4455 1120.74
Index: 48.1835 14.9779 1106.28
Middle: 11.7843 3.46417 1090.26
Ring: -3.66436 24.5741 1104.21
Little: -26.1868 45.2193 1100.39
Thumb: 116.635 95.0974 1118.55
Index: 53.0739 12.0971 1107.77
Middle: 16.393 0.404608 1090.38
Ring: 1.46842 21.7516 1104.9
Little: -19.8222 41.1927 1102.15
Thumb: 126.863 96.536 1113.15
Index: 60.1597 9.05739 1102.89
Middle: 24.2134 0.163586 1086.49
Ring: 11.3356 27.5479 1104.03
Little: -11.8292 42.6583 1103.68
Thumb: 135.859 94.75 1113.1
Index: 64.692 9.55326 1102.21
Middle: 28.1516 0.702637 1084.31
Ring: 17.2223 30.4792 1102.88
Little: -11.1227 46.2308 1102.58
Thumb: 140.039 93.1839 1114.31
Index: 67.8486 9.53665 1101.01
Middle: 31.8374 1.95311 1084.53
Ring: 19.0845 27.3574 1100.36
Little: -7.27681 46.2622 1098.49
Thumb: 143.537 96.5343 1114.35
Index: 73.7419 10.9439 1101.95
Middle: 37.3119 2.46882 1079.69
Ring: 23.3323 24.9585 1096.81
Little: -2.47624 46.2234 1095.22
Thumb: 146.78 101.005 1113.31
Index: 80.0659 12.7273 1101.18
Middle: 44.4057 3.28054 1084.19
Ring: 30.107 26.6626 1098.36
Little: 2.95695 45.2556 1097.74
Thumb: 152.558 100.607 1110.56
Index: 82.237 11.1524 1102.73
Middle: 46.6204 0.0129433 1082.97
Ring: 32.7992 25.792 1100.3
Little: 8.01653 50.223 1104.16
Thumb: 156.847 104.623 1110.85
Index: 86.8919 12.4142 1105.31
Middle: 51.2819 -1.51377 1079.35
Ring: 36.1402 22.9449 1100.3
Little: 17.9382 72.6797 1118.5
Thumb: 163.195 100.764 1110.8
Index: 87.1641 10.4437 1104.24
Middle: 51.7655 -2.31079 1083.7
Ring: 57.3249 89.1744 1150.58
Little: 38.6467 35.5805 1087.78
Thumb: 164.942 103.939 1112.41
Index: 88.7884 13.2105 1107.29
Middle: 53.5163 -1.05909 1082.24
Ring: 58.8825 94.4289 1149.4
Little: 40.2919 36.2439 1087.01
Thumb: 165.761 102.279 1114.42
Index: 88.8301 12.831 1105.38
Middle: 53.6896 -0.582346 1083.13
Ring: 58.1119 90.7821 1151.72
Little: 39.4061 39.9988 1093.16
Thumb: 165.413 101.605 1113.57
Index: 90.9938 23.7476 1108.11
Middle: 52.4586 -0.329363 1083.41
Ring: 55.7254 91.8306 1158.48
Little: 38.6129 41.0011 1092.15
Thumb: 165.524 100.116 1112.88
Index: 87.7284 24.6929 1107.71
Middle: 47.5221 2.20233 1083.95
Ring: 55.979 92.9567 1160.41
Little: 31.934 39.1317 1090.57
Thumb: 164.143 100.564 1113.56
Index: 84.9951 28.3577 1110.8
Middle: 44.2141 5.2572 1082.85
Ring: 53.417 97.9604 1159.65
Little: 28.184 43.8423 1091.61
Thumb: 159.942 97.8882 1114.91
Index: 80.6998 26.9653 1110.06
Middle: 39.5797 5.33129 1083.38
Ring: 50.882 98.2187 1158.83
Little: 24.6383 44.2493 1089.98
Thumb: 157.681 98.2204 1114.69
Index: 76.0394 26.5837 1108.87
Middle: 35.3001 7.07133 1082.42
Ring: 48.047 99.6635 1159.67
Little: 21.9725 46.1256 1089.79
Thumb: 151.669 94.6385 1114.78
Index: 69.3279 25.0972 1100.99
Middle: 28.1752 8.93191 1081.92
Ring: 45.4928 102.921 1157.86
Little: 17.8536 48.1095 1090.55
Thumb: 147.786 93.0941 1117.23
Index: 81.8092 60.1079 1106.72
Middle: 22.3046 10.6614 1081.9
Ring: 40.2687 105.231 1157.94
Little: 13.3292 50.2996 1089.44
Thumb: 142.205 92.6066 1116.02
Index: 75.7766 61.0072 1105.96
Middle: 15.1034 13.6072 1078.74
Ring: 36.6673 105.57 1157.73
Little: 7.85252 50.5787 1084.26
Thumb: 134.573 92.1291 1118.66
Index: 68.2568 60.6342 1108.96
Middle: 8.95051 12.4737 1079.37
Ring: 19.2329 89.8518 1156.64
Little: 2.48999 50.6286 1085.46
Thumb: 123.866 93.0249 1121.09
Index: 61.7492 61.5442 1111.55
Middle: 3.39806 13.9422 1079.51
Ring: 10.5494 88.259 1157
Little: -1.96761 51.9261 1083.12
Thumb: 114.435 94.042 1124.73
Index: 54.7465 63.924 1113.3
Middle: -2.98934 15.3592 1079.42
Ring: 0.0283258 88.2548 1152.68
Little: -8.00308 53.2217 1081.57
Thumb: 105.611 95.2034 1126.13
Index: 49.5663 64.2911 1112.95
Middle: -8.99706 16.855 1084.41
Ring: -2.95124 91.8845 1155.04
Little: -13.9183 56.2387 1085.9
Thumb: 100.677 95.9265 1128.28
Index: 43.2024 65.4906 1115.46
Middle: -15.4297 18.1534 1084.28
Ring: -3.84268 111.102 1164.61
Little: -21.713 55.7589 1085.62
Thumb: 96.1134 95.6138 1126.11
Index: 38.088 65.1418 1116.67
Middle: -23.0234 19.6178 1091.34
Ring: -8.70135 107.136 1168.97
Little: -27.4947 57.1586 1088.52
Thumb: 90.8695 96.85 1126.72
Index: 33.0914 65.9816 1118.6
Middle: -27.6628 19.6921 1093.5
Ring: -13.5972 104.619 1172.49
Little: -31.3324 57.5018 1091.83
Thumb: 87.1359 95.2972 1128.45
Index: 16.5127 49.487 1127.21
Middle: -31.6882 18.1099 1091.54
Ring: -20.0143 102.317 1175.42
Little: -38.5431 57.9883 1094.81
Thumb: 82.108 98.1973 1138.96
Index: -4.13397 25.5239 1131.23
Middle: -34.7585 16.3338 1095.65
Ring: -32.0601 113.307 1174.21
Little: -44.2123 59.8772 1102.94
Thumb: 68.5314 97.7513 1160.41
Index: -22.0865 32.5208 1134.91
Middle: -36.3347 15.3989 1099.6
Ring: -54.4474 107.995 1167.82
Little: -50.1418 62.1607 1094.77
Thumb: 32.3206 114.238 1187.11
Index: -42.1731 41.2808 1122.96
Middle: -38.2331 18.2742 1100.58
Ring: -78.3874 94.558 1137.07
Little: -43.9795 62.2969 1082.29
Thumb: -15.9205 119.464 1192.59
Index: -39.2619 29.8802 1109.52
Middle: -41.0243 17.8642 1106.46
Ring: -49.6827 39.9303 1104.61
Little: -33.8022 58.3263 1068.94
Thumb: -11.906 164.863 1218.04
Index: -40.5325 32.6186 1105.62
Middle: -48.2564 20.8589 1107.35
Ring: -46.7072 34.8285 1101.93
Little: -34.3685 58.2521 1067.13
Thumb: -48.3097 138.606 1204.03
Index: -40.5354 34.9766 1105.78
Middle: -52.2089 25.9855 1108.47
Ring: -55.8252 46.6904 1086.05
Little: -39.3489 69.5563 1067.33
Thumb: -61.5659 144.979 1198.52
Index: -45.2031 34.8188 1115.01
Middle: -54.4861 29.5573 1105.46
Ring: -56.1625 48.6426 1082.7
Little: -40.0589 72.3671 1063.67
Thumb: -76.4456 149.601 1199.17
Index: -50.3411 37.4072 1105.82
Middle: -58.6621 29.332 1102.11
Ring: -56.0917 47.4274 1080.21
Little: -36.4923 70.6853 1063.55
Thumb: -88.5023 149.91 1187.54
Index: -48.6801 41.7453 1096.27
Middle: -59.7325 29.8803 1091.07
Ring: -56.6631 45.459 1084.11
Little: -35.559 68.0651 1063.68
Thumb: -102.917 153.544 1183.56
Index: -52.181 41.0642 1094.08
Middle: -59.5393 28.3109 1086.47
Ring: -56.3368 41.5283 1084.18
Little: -34.4418 65.5093 1064.11
Thumb: -101.889 162.514 1161.21
Index: -64.9207 44.3185 1096.78
Middle: -69.5775 26.9478 1087.48
Ring: -63.4209 38.1709 1100.69
Little: -40.6785 55.3113 1061.81
Thumb: -111.444 166.844 1150.17
Index: -64.0417 35.4037 1111.13
Middle: -71.3824 19.9949 1103.19
Ring: -72.4683 35.4461 1104.95
Little: -44.4933 47.6807 1074.1
Thumb: -116.023 168.492 1140.7
Index: -69.023 38.4548 1109.46
Middle: -75.7952 22.5666 1106.09
Ring: -74.1837 36.0023 1103.09
Little: -44.1388 47.4872 1075.58
Thumb: -121.171 170.465 1130.03
Index: -70.1747 41.0209 1106.44
Middle: -77.2895 25.4172 1108.83
Ring: -75.1026 38.3885 1103.9
Little: -42.7224 50.6602 1071.36
Thumb: -125.777 174.438 1121.43
Index: -71.0362 42.7488 1104.3
Middle: -77.7932 27.014 1108.67
Ring: -75.2951 39.8833 1102.48
Little: -41.0359 51.6329 1078.76
Thumb: -130.094 176.438 1120.18
Index: -112.373 66.8209 1069.46
Middle: -79.9296 26.6995 1108.8
Ring: -79.9858 41.305 1103.97
Little: -41.6773 50.3354 1085.6
Thumb: -131.317 177.352 1106.74
Index: -112.429 64.3602 1070.61
Middle: -81.6848 27.5226 1103.23
Ring: -84.7538 42.2946 1108.7
Little: -44.8986 49.5745 1091.55
Thumb: -132.729 177.283 1103.86
Index: -113.906 68.2603 1066.06
Middle: -83.355 28.4074 1104.87
Ring: -84.7643 40.954 1107.96
Little: -46.5373 50.092 1096.32
Thumb: -132.564 177.351 1096.04
Index: -113.557 72.8224 1056.23
Middle: -84.7049 28.3283 1105.34
Ring: -85.917 41.1179 1110.9
Little: -47.5091 49.8269 1100.35
Thumb: -131.714 178.865 1089.87
Index: -111.615 76.2949 1052.87
Middle: -85.5859 29.4165 1106.43
Ring: -87.0848 42.6643 1110.1
Little: -48.1706 50.808 1101.09
Thumb: -133.641 179.112 1082.65
Index: -107.193 82.8769 1045.4
Middle: -86.0786 30.7578 1104.53
Ring: -47.4464 101.474 1014.61
Little: -48.1909 52.1868 1099.87
Thumb: -133.112 181.954 1081.12
Index: -105.472 86.9336 1040.15
Middle: -87.3016 30.4988 1101.13
Ring: -48.9452 96.2341 1013.19
Little: -50.0256 51.728 1098.65
Thumb: -132.843 182.174 1074.01
Index: -106.142 84.4578 1037.59
Middle: -88.8003 31.1424 1098.67
Ring: -41.6473 101.981 1010.83
Little: -51.6627 52.068 1094.7
Thumb: -132.764 182.496 1068.1
Index: -105.465 77.0433 1033.69
Middle: -89.209 31.9348 1092.08
Ring: -39.558 98.7405 1008.81
Little: -51.902 52.3229 1093.24
Thumb: -133.43 183.892 1065.72
Index: -102.113 84.7492 1023.19
Middle: -88.9911 30.9603 1090.79
Ring: -37.8376 100.833 1008.13
Little: -51.5567 51.7798 1088.25
Thumb: -133.126 184.908 1061.17
Index: -101.958 81.6057 1022.21
Middle: -86.9107 31.0101 1086.01
Ring: -37.4597 100.492 1005.36
Little: -51.4641 52.7503 1087.08
Thumb: -132.687 184.921 1060.71
Index: -99.6616 88.2581 1018.58
Middle: -87.4062 31.1501 1084.6
Ring: -37.0293 100.736 1003.99
Little: -51.2817 52.9293 1085.81
Thumb: -132.848 184.575 1058.91
Index: -94.22 97.9375 1012.63
Middle: -87.0029 31.097 1077.93
Ring: -35.8888 100.012 1001.15
Little: -50.825 52.9568 1086.04
Thumb: -134.002 185.474 1060.3
Index: -92.6706 101.504 1010.36
Middle: -86.3819 30.8474 1075.02
Ring: -35.5558 99.8027 999.608
Little: -49.8649 52.6538 1084.46
Thumb: -133.418 184.897 1057.89
Index: -94.5726 91.0051 1013.24
Middle: -85.7595 31.1983 1075.76
Ring: -35.0697 99.5052 997.901
Little: -49.1739 52.9558 1081.93
Thumb: -131.254 186.659 1058.27
Index: -93.0739 97.5884 1011.91
Middle: -85.5614 31.5905 1080.33
Ring: -35.0569 99.7308 996.787
Little: -48.4157 53.0575 1080.04
Thumb: -131.156 186.724 1058.02
Index: -90.7631 100.954 1010.36
Middle: -82.3712 32.5636 1082.08
Ring: -34.1192 100.691 996.928
Little: -45.1919 54.7653 1082.94
Thumb: -132.098 184.636 1058.48
Index: -89.7204 100.11 1009
Middle: -80.1841 31.9995 1082.41
Ring: -32.7287 101.503 997.061
Little: -43.3543 55.0696 1084.17
Thumb: -132.397 181.932 1061.03
Index: -89.0905 98.0849 1011.57
Middle: -76.6778 32.4801 1087.16
Ring: -31.6919 102.476 998.926
Little: -38.9822 55.5273 1082.82
Thumb: -133.271 179.715 1060.85
Index: -86.7043 93.3453 1012.56
Middle: -73.2708 31.7136 1091.58
Ring: -33.4792 96.6264 999.735
Little: -36.1102 55.6051 1085.26
Thumb: -131.465 178.922 1065.51
Index: -85.7636 91.3396 1017.84
Middle: -70.487 31.9141 1096.07
Ring: -31.0805 99.0748 1002.11
Little: -32.481 55.8169 1088.82
Thumb: -133.744 175.717 1069.87
Index: -83.3547 90.7723 1019.78
Middle: -64.9413 30.757 1099.85
Ring: -28.5812 99.4049 1004.41
Little: -27.9301 56.3341 1091.71
Thumb: -133.993 172.23 1070.3
Index: -82.0978 86.8744 1021.16
Middle: -59.742 28.1296 1100.32
Ring: -26.192 102.634 1005.08
Little: -23.9022 55.1193 1093.39
Thumb: -134.745 169.17 1074.38
Index: -79.8898 81.9828 1023.48
Middle: -54.5507 25.6891 1101.83
Ring: -23.0011 102.349 1007.12
Little: -19.9447 53.7718 1095.27
Thumb: -129.512 167.487 1078.89
Index: -73.9588 87.4727 1023.1
Middle: -49.5117 25.1678 1103.54
Ring: -15.9689 100.89 1010.18
Little: -13.9111 53.0868 1096.96
Thumb: -122.637 166.73 1081.89
Index: -65.8306 85.455 1024.2
Middle: -44.9913 22.4795 1100.68
Ring: -9.4646 98.4698 1010.75
Little: -7.77941 50.404 1098.42
Thumb: -117.161 163.706 1084.29
Index: -58.941 79.6784 1023.72
Middle: -38.9503 20.1363 1099.77
Ring: -6.79668 89.8207 1012.53
Little: -1.86963 48.362 1099.06
Thumb: -111.954 159.657 1087.59
Index: -52.1977 76.941 1025.24
Middle: -31.1178 16.4743 1101.68
Ring: -1.57636 87.9117 1013.23
Little: 6.06223 45.5427 1099.48
Thumb: -107.711 153.601 1087.5
Index: -45.193 76.7457 1025.13
Middle: -22.3277 15.3891 1107.21
Ring: 5.71139 86.3603 1014.07
Little: 13.6654 45.3035 1100.97
Thumb: -102.71 150.667 1086.7
Index: -38.7107 76.3024 1024.6
Middle: -15.9894 13.3376 1108.05
Ring: 13.7519 85.2694 1014.39
Little: 21.6184 43.3737 1098.69
Thumb: -96.6295 147.858 1089.06
Index: -32.5928 74.4227 1024.57
Middle: -5.1787 12.3583 1107.79
Ring: 18.6002 83.5856 1014.5
Little: 49.7026 80.9111 1035.76
Thumb: -91.2339 144.721 1087.63
Index: -27.2014 78.3867 1023.61
Middle: 0.479903 11.2249 1107.14
Ring: 24.3704 82.7955 1014.86
Little: 57.0908 83.2803 1035.11
Thumb: -88.4567 142.413 1086.98
Index: -21.6948 76.9627 1023.52
Middle: 7.10908 10.6892 1107.46
Ring: 29.5998 82.8831 1014.22
Little: 63.4272 86.4671 1034.2
Thumb: -86.2831 142.235 1085.04
Index: -14.0257 76.5444 1026.01
Middle: 15.3835 8.13977 1105.06
Ring: 37.8619 79.6173 1014.23
Little: 51.8376 41.9724 1094.49
Thumb: -81.9904 143.396 1089.75
Index: -7.73488 69.3287 1028.54
Middle: 22.9002 9.03022 1107.41
Ring: 44.907 84.7371 1012.77
Little: 59.4681 43.373 1092.74
Thumb: -78.3184 142.47 1091.09
Index: -3.77917 66.8571 1028.6
Middle: 28.2362 8.80013 1106
Ring: 49.9701 89.7055 1012.58
Little: 64.4402 43.9352 1095.52
Thumb: -70.4849 142.462 1093.47
Index: 4.92394 74.6893 1023.13
Middle: 35.2995 8.4796 1105.03
Ring: 55.1605 83.1672 1014.38
Little: 71.0437 43.4294 1099.2
Thumb: -63.7338 142.297 1092.91
Index: 10.9165 76.8381 1025.22
Middle: 41.9171 9.8792 1108.9
Ring: 61.3714 84.5257 1015.26
Little: 93.651 86.5541 1035.62
Thumb: -59.1091 145.595 1092.54
Index: 15.8139 67.7262 1026.68
Middle: 46.6099 9.06505 1107.18
Ring: 69.8653 89.308 1016.17
Little: 99.6834 84.4099 1035.5
Thumb: -54.7691 148.072 1093.56
Index: 18.5959 68.2199 1027.03
Middle: 49.7396 8.61042 1107.71
Ring: 73.1171 90.8187 1015.91
Little: 102.156 82.3113 1035.25
Thumb: -50.9721 150.576 1105.04
Index: 12.7864 55.3221 1034.68
Middle: 48.139 7.88387 1108.1
Ring: 69.5359 90.6085 1015.23
Little: 100.157 83.592 1032.04
Thumb: -48.6971 151.208 1111.44
Index: 10.3596 54.6421 1039.2
Middle: 46.2444 7.62567 1112.42
Ring: 66.4742 86.5444 1017.08
Little: 99.9409 84.809 1032.96
Thumb: -42.7804 153.911 1124.09
Index: 9.63494 56.3468 1045.45
Middle: 38.2142 10.5168 1116.16
Ring: 62.3901 89.9439 1019.04
Little: 96.4029 85.7242 1031.31
Thumb: -37.6966 159.074 1134.33
Index: 8.92048 54.4741 1057.98
Middle: 31.2807 13.7815 1115.33
Ring: 49.8843 23.623 1123.08
Little: 85.7151 83.844 1029.86
Thumb: -31.0154 162.405 1144.48
Index: 11.9143 59.4842 1064.71
Middle: 30.9448 22.0644 1118.19
Ring: 50.7746 30.4331 1120.09
Little: 70.2507 71.9578 1039.87
Thumb: -20.6018 165.351 1152.47
Index: 45.8303 38.9851 1111.17
Middle: 28.7588 27.3235 1123.36
Ring: 37.5703 36.0484 1111.2
Little: 61.1023 76.4631 1038.98
Thumb: -16.1848 165.933 1156.85
Index: 39.0626 39.3843 1105.24
Middle: 29.1105 29.6486 1127.56
Ring: 32.9256 38.9206 1106.93
Little: 64.0933 97.9643 1031.92
Thumb: -12.6066 167.53 1165.1
Index: 39.721 38.6647 1121.47
Middle: 31.7305 30.3659 1130.28
Ring: 32.0626 39.3179 1104.21
Little: 57.3611 101.968 1031.9
Thumb: -6.65373 165.244 1169.98
Index: 36.4087 40.6736 1130.97
Middle: 34.8915 31.3619 1128.85
Ring: 31.076 42.456 1104.93
Little: 58.0075 106.995 1033.18
Thumb: 0.260281 168.108 1176.02
Index: 42.5169 40.4386 1133.55
Middle: 35.9738 32.1112 1129.55
Ring: 31.3166 42.5757 1103.32
Little: 52.7328 106.366 1034.34
Thumb: 13.2336 172.438 1181.64
Index: 46.1084 42.4907 1131.14
Middle: 35.6711 35.4089 1125.48
Ring: 31.7596 45.3471 1101.86
Little: 44.9239 98.4646 1038.77
Thumb: 21.1064 171.557 1184.84
Index: 43.5907 46.7688 1130.2
Middle: 36.2174 38.5121 1126.92
Ring: 30.0849 50.3546 1104.42
Little: 56.8592 108.886 1039.32
Thumb: 34.2351 175.778 1185.09
Index: 45.0769 47.9094 1132.4
Middle: 36.727 40.8165 1125.82
Ring: 32.837 52.0108 1108.44
Little: 55.0051 116.557 1030.23
Thumb: 40.6155 173.404 1187.86
Index: 43.3135 48.3934 1130.83
Middle: 37.5142 40.1042 1127.51
Ring: 28.2509 54.1467 1107.12
Little: 54.5075 118.735 1029.96
Thumb: 43.1488 172.64 1189.8
Index: 43.597 48.3898 1132.34
Middle: 39.0761 40.7093 1131.17
Ring: 23.7423 59.2233 1103.43
Little: 54.5135 117.961 1031.91
Thumb: 44.7459 172.518 1189.46
Index: 41.1456 49.7644 1134.59
Middle: 37.7752 41.078 1131.77
Ring: 22.7263 59.4662 1105.92
Little: 53.8829 123.593 1027.87
Thumb: 45.9538 169.647 1191.94
Index: 41.9638 49.7588 1136.85
Middle: 39.1189 40.5083 1133.26
Ring: 23.6457 58.7923 1108.5
Little: 52.96 118.591 1033.69
Thumb: 47.2499 169.558 1193.4
Index: 42.5268 49.5224 1136.64
Middle: 39.5938 40.6327 1134.34
Ring: 22.8004 59.587 1108.11
Little: 53.399 119.421 1034.42
Thumb: 46.9041 165.794 1193.97
Index: 46.8823 46.7656 1138.89
Middle: 38.7451 40.1311 1135.03
Ring: 22.1291 58.8882 1108.54
Little: 52.4989 118.286 1035.83
Thumb: 44.6011 164.731 1192.25
Index: 46.3202 47.0377 1139.27
Middle: 37.5565 40.4824 1135.28
Ring: 21.6471 58.5125 1109.43
Little: 53.3165 118.774 1035.38
Thumb: 40.1089 162.442 1193.95
Index: 45.1644 46.5583 1141.23
Middle: 36.1672 40.7321 1138.51
Ring: 21.0503 57.9261 1111.17
Little: 52.9609 118.962 1038.06
Thumb: 37.1133 159.779 1192.37
Index: 42.8786 44.3208 1141.26
Middle: 32.4608 38.4752 1137.84
Ring: 16.316 57.8056 1109.92
Little: 50.6317 115.661 1038.25
Thumb: 32.9659 157.569 1190.34
Index: 41.6718 43.3569 1140.9
Middle: 28.7301 40.0842 1139.32
Ring: 13.9141 59.8431 1107.02
Little: 50.2526 115.188 1038.52
Thumb: 26.9059 154.524 1184.13
Index: 32.3229 44.9543 1140.17
Middle: 23.713 40.4321 1139.75
Ring: 10.1198 62.1533 1105.97
Little: 48.7738 111.727 1038.67
Thumb: 21.3411 152.398 1183.56
Index: 32.7104 41.4127 1141.23
Middle: 20.6668 38.0035 1138.54
Ring: 6.45146 62.6207 1103.15
Little: 56.088 108.56 1043.11
Thumb: 16.1598 149.76 1178.44
Index: 31.9787 42.0799 1141.85
Middle: 20.5397 39.5405 1140.42
Ring: 7.10843 64.3763 1101.32
Little: 62.0623 105.14 1047.88
Thumb: 10.845 147.878 1174.47
Index: 29.3763 43.2535 1144.77
Middle: 17.9575 40.9661 1142.89
Ring: 4.92461 64.3747 1103.72
Little: 59.7168 103.965 1049.74
Thumb: 4.70857 143.421 1171.94
Index: 27.019 41.6356 1143.16
Middle: 16.0944 38.8136 1142.4
Ring: 4.0772 61.8364 1103.13
Little: 59.9532 103.775 1050.6
Thumb: -1.05284 139.898 1170.59
Index: 21.467 37.9243 1140.32
Middle: 13.2514 36.8939 1148.79
Ring: 0.931709 58.2028 1100.61
Little: 58.5823 97.6105 1051.8
Thumb: -9.36854 133.75 1167.35
Index: 18.9885 35.6174 1144.6
Middle: 6.95014 37.5758 1142.32
Ring: 2.03872 46.2124 1108.01
Little: 58.257 94.9058 1054.46
Thumb: -15.4559 128.994 1163.23
Index: 15.1023 32.2458 1144.32
Middle: 2.62338 44.3715 1133.64
Ring: 7.64367 37.691 1114.21
Little: 54.5121 93.9427 1052.82
Thumb: -19.3764 124.715 1158.7
Index: 9.89557 32.2957 1140.71
Middle: -0.680599 44.5885 1127.52
Ring: 6.40684 35.2646 1110.71
Little: 48.4179 92.9268 1047.64
Thumb: -18.0048 121.986 1155.51
Index: 9.98771 32.5206 1142.91
Middle: -1.26103 47.5222 1119.76
Ring: 6.38087 36.8232 1107.77
Little: 45.4692 96.3552 1041.25
Thumb: -19.0378 117.266 1152.79
Index: -4.32171 46.1854 1139.72
Middle: -1.69131 47.6174 1118
Ring: 6.10043 35.1566 1103.89
Little: 45.6024 93.1346 1041.57
Thumb: -22.0941 114.086 1149.79
Index: -10.739 48.4162 1137.6
Middle: -4.97043 41.4152 1121.47
Ring: 4.48001 28.7929 1108.25
Little: 46.9189 90.0007 1043.28
Thumb: -23.6 113.167 1147.27
Index: -14.9148 48.3246 1138.43
Middle: -7.50812 41.2702 1121.45
Ring: 1.07446 29.6266 1107.09
Little: 29.836 90.3864 1035.48
Thumb: -23.3445 114.642 1142.86
Index: -18.7835 54.8604 1142.49
Middle: -9.30106 43.5669 1121.13
Ring: -2.60752 32.0389 1107.7
Little: 27.427 89.6343 1033.43
Thumb: -26.0888 114.065 1141.32
Index: -26.4026 62.3952 1144.17
Middle: -13.597 53.1504 1124.96
Ring: -9.9171 34.8554 1114.57
Little: 31.0233 86.1509 1039.76
Thumb: -23.5475 116.879 1141.88
Index: -28.2784 74.9792 1136.71
Middle: -22.0625 63.3222 1120.62
Ring: -12.774 42.6792 1117.12
Little: 39.479 95.4019 1037.33
Thumb: -25.2487 116.764 1137.96
Index: -32.1879 81.6379 1138.62
Middle: -26.2442 70.9612 1117.73
Ring: -17.1307 46.2194 1120.73
Little: 32.8984 95.0081 1033.02
Thumb: -27.452 114.33 1135.45
Index: -39.8344 91.5618 1131.8
Middle: -33.0074 74.9356 1119.86
Ring: -25.6595 52.5591 1119.69
Little: 33.9901 87.689 1045.6
Thumb: -30.1034 114.276 1134.57
Index: -46.2005 92.1845 1127.05
Middle: -38.4502 75.4178 1118.59
Ring: -30.1382 54.827 1116.79
Little: 34.566 86.7428 1050.3
Thumb: -33.0006 113.412 1135.57
Index: -46.5271 94.6785 1125.9
Middle: -45.5926 71.3849 1122.85
Ring: -33.5115 59.8649 1108.83
Little: 31.2653 84.8163 1051.84
Thumb: -36.3604 111.863 1131.21
Index: -52.1606 91.559 1123.71
Middle: -50.5121 73.1905 1119.53
Ring: -34.5918 62.5341 1106.51
Little: 29.1581 84.4088 1052.56
Thumb: -36.7038 113.383 1129.62
Index: -55.1117 91.3503 1123.34
Middle: -53.3525 75.9184 1119.14
Ring: -38.5894 63.8885 1106.88
Little: 27.2162 83.8829 1052.39
Thumb: -39.2398 112.787 1126.34
Index: -57.8252 90.1985 1124.59
Middle: -54.7304 70.6101 1126.34
Ring: -39.7296 66.5184 1103.46
Little: 26.3395 83.1609 1053.52
Thumb: -40.2526 112.518 1126.14
Index: -57.8227 89.0062 1122.94
Middle: -53.9785 69.2185 1127.02
Ring: -41.5302 63.8679 1102.7
Little: 25.3369 82.8305 1052.52
Thumb: -42.1565 112.866 1127.15
Index: -57.2663 91.0039 1121.5
Middle: -52.5243 64.7753 1125.48
Ring: -42.2912 64.2628 1103.36
Little: 24.0126 83.5308 1051.52
Thumb: -44.8521 114.464 1130.3
Index: -60.9304 90.0409 1117.41
Middle: -57.6548 66.094 1120.37
Ring: -45.0137 64.6243 1100.33
Little: 20.0271 85.2951 1047.23
Thumb: -46.2925 115.078 1131.58
Index: -61.1168 82.4554 1121.91
Middle: -50.5739 46.1104 1148.77
Ring: -40.8583 62.4469 1099.96
Little: 18.9116 86.9755 1044.75
Thumb: -48.6026 120.735 1140.72
Index: -57.6491 79.4434 1115.05
Middle: -47.7437 40.892 1144.57
Ring: -40.1583 60.3244 1094.84
Little: 16.9784 90.7301 1037.67
Thumb: -49.1186 124.509 1142.83
Index: -51.7609 75.7288 1110.15
Middle: -43.8603 39.2018 1142.76
Ring: -36.9452 57.826 1091.38
Little: 18.9862 91.7181 1035.3
Thumb: -49.9623 130.471 1149.41
Index: -48.1449 73.2943 1106.77
Middle: -39.8513 33.8507 1136.27
Ring: -35.31 56.8677 1087.55
Little: 0.822962 100.704 1016.75
Thumb: -50.7625 132.844 1147.98
Index: -44.6713 68.0275 1100.32
Middle: -36.4891 32.9097 1135.12
Ring: -38.3041 58.1321 1080.82
Little: -1.69023 99.7471 1014.33
Thumb: -53.0892 136.73 1147.34
Index: -42.1263 62.595 1099.14
Middle: -33.0267 29.0452 1129.98
Ring: -36.8376 56.1743 1079.77
Little: -0.632267 99.0361 1012.93
Thumb: -53.353 141.076 1150.19
Index: -38.7781 54.8512 1093.5
Middle: -29.1737 24.5128 1123.47
Ring: -32.8002 53.6578 1082.91
Little: -3.97164 101.416 1010.97
Thumb: -52.0928 142.38 1151.13
Index: -37.6041 52.884 1092.98
Middle: -30.8203 22.5772 1116.18
Ring: -32.4147 50.3156 1084.05
Little: -4.73593 98.0681 1010.24
Thumb: -55.4766 143.655 1150.88
Index: -36.5751 50.0411 1088.06
Middle: -26.8958 17.6782 1106.6
Ring: -31.4286 47.6749 1079.4
Little: -5.14598 99.9668 1007.45
Thumb: -56.1484 146.851 1150.82
Index: -30.7322 41.6403 1089.84
Middle: -19.5617 15.1325 1109.46
Ring: -30.0335 50.3786 1075.53
Little: -4.99285 97.6168 1007.88
Thumb: -58.7308 148.941 1150.27
Index: -31.5245 43.9303 1087.17
Middle: -18.9369 16.7548 1113.74
Ring: -28.3998 41.4809 1079.26
Little: -7.75938 96.5463 1007.38
Thumb: -58.9965 150.977 1147.02
Index: -28.9972 43.4913 1090.36
Middle: -20.2591 19.5856 1109.66
Ring: -21.1345 34.5953 1077.82
Little: -5.11184 96.2893 1007.54
Thumb: -61.0794 151.185 1145.1
Index: -25.0035 45.3735 1087.47
Middle: -17.0129 20.4597 1107.71
Ring: -15.4678 34.3101 1078
Little: 1.96768 97.2984 1007.91
Thumb: -67.8271 152.461 1140
Index: -12.8388 36.1889 1092.26
Middle: -12.3166 19.695 1105
Ring: -5.74503 30.2289 1077.78
Little: 8.34864 94.876 1010.23
Thumb: -75.6764 156.192 1129.22
Index: -30.6837 67.4909 1086.48
Middle: -1.33488 18.4713 1118.26
Ring: 1.82445 25.1343 1085.74
Little: 19.4035 96.9549 1015.32
Thumb: -84.337 159.276 1121.07
Index: -30.1165 66.2823 1086.23
Middle: -9.35014 19.0548 1104.98
Ring: 3.99134 25.3617 1087.89
Little: 26.5135 97.0811 1021.19
Thumb: -89.9541 163.172 1113.76
Index: -29.9144 65.7082 1086.42
Middle: -10.8701 19.3483 1106.82
Ring: 6.62494 24.4804 1091.9
Little: 31.4797 93.1076 1027.29
Thumb: -91.3439 166.75 1101.85
Index: -42.8287 65.8136 1087.59
Middle: -12.8248 19.1625 1107.81
Ring: 5.38057 25.3823 1092.8
Little: 37.3005 88.4627 1032.46
Thumb: -92.8572 163.733 1099.48
Index: -43.9937 86.6314 1071.23
Middle: -13.4687 18.142 1109.68
Ring: 8.83081 49.3376 1085.11
Little: 36.0983 84.9789 1036.45
Thumb: -93.1538 159.864 1092.57
Index: -41.2909 85.2805 1069.43
Middle: -13.514 20.1271 1107.15
Ring: 9.28366 46.012 1085.93
Little: 30.2679 65.1698 1052.09
Thumb: -93.1494 155.82 1088.65
Index: -40.1827 88.5611 1066.86
Middle: -12.4563 19.7239 1113.14
Ring: 10.0253 45.3909 1088.31
Little: 31.8218 65.9542 1056.31
Thumb: -93.2801 152.868 1087.3
Index: -38.7764 89.7988 1064.41
Middle: -13.1464 16.4177 1110.23
Ring: 16.2956 73.2467 1091.32
Little: 31.2874 60.8706 1060.15
Thumb: -87.5085 145.1 1076.84
Index: -38.5034 90.6632 1060.7
Middle: -14.5014 14.2215 1108.52
Ring: 15.8483 72.8611 1087.53
Little: 35.1809 64.5848 1053.07
Thumb: -84.5103 137.296 1077.24
Index: -39.6091 83.6818 1062.44
Middle: -16.3596 13.2551 1101.05
Ring: 15.103 70.8442 1085.99
Little: 33.4986 60.7433 1052.59
Thumb: -85.2338 135.673 1070.02
Index: -39.0223 81.8044 1052.08
Middle: -17.8039 10.6244 1091.45
Ring: 14.9344 72.2584 1077.84
Little: 38.5446 64.668 1047.02
Thumb: -80.0474 123.987 1061.79
Index: -35.8888 87.1699 1049.76
Middle: -18.3323 8.21927 1077.37
Ring: 21.8398 94.981 1074.42
Little: 47.254 74.0115 1048.17
Thumb: -71.2943 120.798 1044.41
Index: -38.7658 76.0261 1041.87
Middle: -18.1849 11.264 1068.15
Ring: 19.8839 91.2302 1071.97
Little: 46.6299 73.5716 1047.04
Thumb: -65.8676 118.355 1036.27
Index: -41.6994 62.5738 1029.92
Middle: -19.9694 13.405 1056.93
Ring: 20.2688 88.7804 1065.23
Little: 48.1406 74.3435 1046.27
Thumb: -62.5474 120.81 1031.05
Index: -44.3247 52.2776 1030.39
Middle: -19.5987 15.7468 1049.9
Ring: 19.257 88.4595 1063.97
Little: 45.0705 71.9038 1042.43
Thumb: -60.3867 118.468 1030.36
Index: -49.1865 41.5356 1034.5
Middle: -20.5522 18.9831 1044.25
Ring: 15.0178 91.5572 1028.19
Little: 48.4562 81.9348 1040.88
Thumb: -31.5705 100.463 1023.45
Index: -48.5588 40.052 1030.56
Middle: -21.9723 21.0867 1036.52
Ring: 2.02839 72.5538 1007.83
Little: 36.5617 68.0777 1025.87
Thumb: -32.5642 101.213 1023.35
Index: -52.1518 40.1848 1031.85
Middle: -23.4424 20.7896 1035.98
Ring: -0.261987 75.321 1006.42
Little: 38.0388 73.9558 1023.37
Thumb: -39.0919 101.533 1025.25
Index: -54.8652 42.6964 1033
Middle: -26.3587 24.5803 1032.9
Ring: -7.93315 74.9051 1006.64
Little: 32.9727 76.2916 1020.53
Thumb: -39.7273 100.609 1024.37
Index: -56.5922 48.6597 1030.41
Middle: -29.1156 21.3164 1034.29
Ring: -9.6024 75.5164 1004.05
Little: 28.1242 74.6966 1017.44
Thumb: -38.8415 99.8646 1021.66
Index: -58.6124 55.4503 1025.6
Middle: -29.599 20.9707 1031.76
Ring: -11.067 76.3417 1000.79
Little: 28.4724 78.8822 1013.4
Thumb: -40.0212 98.1847 1019.05
Index: -58.8556 58.3955 1020.53
Middle: -28.6609 17.9872 1032.03
Ring: -14.3947 75.1342 999.393
Little: 29.928 82.8002 1012.58
Thumb: -37.0439 99.5185 1017.93
Index: -59.3835 63.0463 1017.52
Middle: -29.2554 19.9429 1028.59
Ring: -15.7068 77.6174 998.053
Little: 29.0465 85.6852 1011.18
Thumb: -42.7456 100.597 1015.52
Index: -60.8839 61.426 1014.73
Middle: -31.7318 18.2109 1028.32
Ring: -16.9498 77.598 995.291
Little: 27.5483 85.5299 1008.21
Thumb: -43.4799 101.076 1015.35
Index: -65.1834 59.584 1015.95
Middle: -34.4369 17.8897 1028.41
Ring: -19.417 77.3346 994.238
Little: 23.359 84.9755 1006.47
Thumb: -42.8102 102.211 1014.94
Index: -66.2829 56.8669 1017.63
Middle: -36.6448 21.4848 1026.05
Ring: -21.1921 78.9329 993.219
Little: 20.4252 84.9497 1004.66
Thumb: -42.8543 101.421 1013.77
Index: -63.8808 70.5478 1015.5
Middle: -36.2256 20.4065 1025.71
Ring: -20.8014 78.4291 991.923
Little: 20.4212 85.1139 1004.34
Thumb: -42.9886 101.021 1012.77
Index: -62.9694 71.799 1017.54
Middle: -35.6012 19.6146 1025.95
Ring: -23.2336 74.7828 991.497
Little: 21.5059 88.2035 1004
Thumb: -42.9543 102.766 1011.7
Index: -63.6661 59.9481 1014.25
Middle: -33.5857 19.1231 1025.44
Ring: -22.1989 73.7366 990.796
Little: 21.438 87.2418 1002.78
Thumb: -43.1737 101.803 1011.84
Index: -63.7522 56.8598 1014.87
Middle: -32.8047 18.873 1025.59
Ring: -21.7824 74.6914 990.545
Little: 20.3497 86.9633 1002.6
Thumb: -43.8576 102.693 1010.55
Index: -64.4822 57.049 1013.53
Middle: -31.4414 20.2203 1022.25
Ring: -7.08815 11.6621 1030.85
Little: 18.4419 85.088 1001.98
Thumb: -44.5775 103.229 1011.74
Index: -64.4198 56.4678 1016.8
Middle: -35.0844 23.2422 1027.76
Ring: -12.4426 15.3576 1030.17
Little: 18.0702 83.0443 1004.65
Thumb: -48.5608 105.165 1015.13
Index: -66.8319 62.3495 1020.27
Middle: -36.604 22.5632 1034.3
Ring: -14.7279 16.5357 1034.18
Little: 16.4531 83.0072 1007.54
Thumb: -53.1015 106.236 1021.02
Index: -67.4431 62.4778 1026.92
Middle: -36.4372 22.4024 1042.64
Ring: -15.6438 20.0855 1036
Little: 17.6137 84.3251 1014.15
Thumb: -74.5501 113.152 1039.15
Index: -69.0813 62.0408 1037.99
Middle: -39.0369 20.493 1052.5
Ring: -20.144 15.7586 1050.03
Little: 16.2947 82.9905 1021.45
Thumb: -83.5188 110.098 1058.77
Index: -67.5387 49.2321 1057.57
Middle: -41.9706 20.2339 1066.72
Ring: -24.1983 13.4064 1066.18
Little: 15.1292 77.0303 1030.64
Thumb: -89.0976 116.826 1075.97
Index: -65.0114 52.7304 1064.68
Middle: -50.1294 19.1382 1082.79
Ring: -33.2089 15.1763 1088.54
Little: 18.2461 74.2369 1040.62
Thumb: -89.9345 123.978 1089.78
Index: -58.5837 44.2118 1091.86
Middle: -59.803 22.8999 1103.47
Ring: -42.7101 19.1406 1107.08
Little: 14.7459 76.913 1047.79
Thumb: -87.0144 123.462 1100.71
Index: -51.9051 35.1598 1123.97
Middle: -48.8868 17.5121 1123.12
Ring: -44.96 24.1596 1123.28
Little: 13.7286 79.0564 1050.93
Thumb: -80.5417 128.982 1109.33
Index: -45.4179 43.1167 1142.1
Middle: -41.7063 24.2386 1140.13
Ring: -40.337 32.0675 1140.61
Little: 15.9678 80.3598 1059.67
Thumb: -80.9053 137.517 1117.24
Index: -37.5877 47.4159 1156.47
Middle: -34.8873 27.4301 1148.89
Ring: -34.9365 34.1868 1147.17
Little: 19.1708 83.5721 1063.74
Thumb: -74.3491 144.22 1121.67
Index: -31.9409 53.5809 1163.86
Middle: -29.3457 33.1538 1156
Ring: -27.1912 40.7961 1160.66
Little: 21.3545 84.7777 1067.37
Thumb: -72.1669 149.848 1127.04
Index: -27.0124 57.5322 1168.9
Middle: -25.0453 37.4342 1164.94
Ring: -23.2878 45.2069 1165.67
Little: 27.7175 89.2 1070.76
Thumb: -68.6814 152.794 1132.45
Index: -22.4191 59.6557 1172.08
Middle: -23.257 42.1902 1175.15
Ring: -14.4246 46.8374 1172.55
Little: 33.0843 92.5957 1073.68
Thumb: -64.5357 154.475 1134.79
Index: -15.9997 59.4134 1171.65
Middle: -17.7737 43.2254 1177.43
Ring: -8.9688 47.0968 1171.48
Little: 27.3204 89.6891 1070.27
Thumb: -61.0254 155.245 1135.22
Index: -10.1638 58.8236 1170.36
Middle: -7.93354 43.4498 1181.86
Ring: -3.67375 47.2118 1171.18
Little: 32.8447 95.1958 1069.12
Thumb: -56.1139 155.373 1137.72
Index: -7.27726 59.5246 1166.09
Middle: -2.68454 43.3572 1178.65
Ring: -2.05379 47.6097 1163.94
Little: 39.3723 97.1648 1067.11
Thumb: -55.027 153.641 1138.56
Index: -1.28302 55.7985 1162.14
Middle: 3.69125 38.9159 1171.37
Ring: 3.8285 44.2609 1158.49
Little: 44.2908 98.6207 1063.4
Thumb: -50.5613 150.386 1139.78
Index: 6.13959 51.7329 1153.63
Middle: 9.99677 36.1721 1165.53
Ring: 11.6255 40.4495 1148.92
Little: 48.2943 100.848 1055.86
Thumb: -43.355 146.245 1142.17
Index: 5.1667 47.9483 1151.19
Middle: 14.2446 30.3909 1157.66
Ring: 22.2167 31.8818 1143.54
Little: 44.7579 97.328 1049.44
Thumb: -41.7044 139.374 1142.17
Index: 7.05262 42.2833 1145.85
Middle: 19.6856 24.4798 1152.41
Ring: 26.7152 27.4515 1140.09
Little: 43.4657 92.5103 1045.75
Thumb: -39.1563 132.192 1142.68
Index: 10.9525 38.464 1141.59
Middle: 22.4946 20.6007 1145.26
Ring: 30.0666 24.0992 1133.91
Little: 37.3863 85.1034 1044.66
Thumb: -35.596 127.743 1137.15
Index: 10.7164 37.8848 1143.63
Middle: 21.9695 20.8885 1143.71
Ring: 22.9637 26.7044 1127.64
Little: 38.6331 88.7241 1041.49
Thumb: -31.1012 123.831 1138.12
Index: 6.5259 36.5058 1140.41
Middle: 11.862 20.3336 1127.7
Ring: 17.0659 30.5045 1124.82
Little: 41.3844 91.6416 1036.84
Thumb: -22.733 123.565 1135.13
Index: -1.42712 43.1668 1155.19
Middle: 6.74325 29.2708 1148.85
Ring: 6.22103 39.565 1125.07
Little: 31.9149 87.913 1032.62
Thumb: -19.0299 120.527 1127.92
Index: -10.422 54.3974 1157.12
Middle: -7.7194 53.3672 1136.36
Ring: -0.172169 45.4745 1131.76
Little: 24.5402 84.6561 1035.09
Thumb: -16.877 120.486 1127.14
Index: -12.6542 58.7752 1155.01
Middle: -11.3746 50.3586 1142.78
Ring: -2.82265 47.6512 1131.18
Little: 27.6812 83.1556 1034.81
Thumb: -14.7081 118.219 1124.19
Index: -13.7232 62.2089 1157.77
Middle: -13.0838 50.7334 1145.01
Ring: -3.48797 50.6438 1136.18
Little: 46.4618 87.5752 1037.29
Thumb: -13.8795 117.535 1124.83
Index: -13.0494 62.2834 1157.74
Middle: -11.7073 50.4136 1144.53
Ring: -4.2864 51.3374 1134.68
Little: 50.006 85.361 1043.56
Thumb: -13.0035 117.356 1129.7
Index: -12.2987 62.2406 1157.54
Middle: -13.1938 54.0052 1147.28
Ring: -4.68659 52.5958 1138.37
Little: 51.6744 83.2949 1049
Thumb: -13.0983 115.355 1131.51
Index: -13.9059 62.82 1155.3
Middle: -14.2521 54.538 1147.12
Ring: -5.69595 51.3435 1140
Little: 51.0452 82.5654 1049.29
Thumb: -13.0389 117.88 1136.97
Index: -19.9498 66.041 1153.42
Middle: -14.5438 55.4652 1149.32
Ring: -7.64531 51.446 1142.74
Little: 49.354 81.7295 1050.79
Thumb: -15.0745 116.386 1134.28
Index: -21.5286 66.0689 1152.22
Middle: -14.8358 55.956 1148.54
Ring: -7.55254 50.8694 1143.91
Little: 53.9229 79.5703 1059.96
Thumb: -16.0572 117.51 1135.69
Index: -24.3807 69.7467 1152.89
Middle: -17.8269 58.591 1149.29
Ring: -9.69797 52.1713 1145.99
Little: 50.7566 78.3257 1060.82
Thumb: -17.0212 118.366 1136.33
Index: -25.1401 71.6153 1149.32
Middle: -20.1717 59.4618 1149.09
Ring: -11.2739 53.0978 1147.54
Little: 48.8395 77.6878 1061.25
Thumb: -19.6189 115.986 1134.51
Index: -29.3374 76.4909 1141.79
Middle: -22.788 59.926 1149.74
Ring: -15.6873 53.5872 1142.22
Little: 45.9664 79.7373 1060.89
Thumb: -20.6052 113.894 1133.76
Index: -28.421 78.4383 1139.12
Middle: -23.5297 60.8821 1147.48
Ring: -17.0459 52.2759 1141.55
Little: 44.2131 79.9985 1060.33
Thumb: -21.1646 116.022 1134.87
Index: -31.1992 79.5542 1139.97
Middle: -27.2145 72.5965 1131.06
Ring: -17.3602 54.0343 1143.35
Little: 43.5267 80.0874 1060.88
Thumb: -20.8638 115.73 1136.52
Index: -30.3618 80.2254 1140.93
Middle: -26.1132 72.6863 1132.34
Ring: -16.1265 53.6162 1144.42
Little: 44.3695 78.9862 1062
Thumb: -20.7217 116.093 1137.86
Index: -30.4763 78.8068 1141.38
Middle: -24.9911 72.8978 1131.31
Ring: -16.0145 52.9847 1144.41
Little: 44.0147 78.5001 1060.95
Thumb: -20.7623 116.304 1138.22
Index: -30.6468 79.7454 1141.31
Middle: -25.0184 73.3159 1131.25
Ring: -16.2954 52.9876 1145.37
Little: 44.2579 78.6618 1061.76
Thumb: -20.5228 115.886 1138.36
Index: -29.8841 80.6384 1139.85
Middle: -25.5819 73.3169 1130.66
Ring: -17.3984 52.9894 1143.36
Little: 44.1199 78.4549 1062.13
Thumb: -21.992 116.022 1136.96
Index: -31.2713 81.8055 1140.31
Middle: -26.3655 73.9913 1130.75
Ring: -18.125 53.8015 1144.35
Little: 43.791 78.9327 1062.37
Thumb: -22.3667 118.079 1137.41
Index: -31.5578 82.9244 1140.65
Middle: -27.4364 74.9887 1130.99
Ring: -18.831 55.1353 1144.1
Little: 41.4449 81.2129 1057.51
Thumb: -23.6214 122.733 1139.98
Index: -32.6866 85.0075 1143.17
Middle: -29.4543 77.185 1134.63
Ring: -20.3476 57.0437 1144.45
Little: 39.6188 82.4306 1057.84
Thumb: -23.1551 128.132 1147.33
Index: -30.8538 80.9103 1140.63
Middle: -29.0082 75.2445 1135.21
Ring: -19.7372 55.1511 1143.25
Little: 39.6097 83.7583 1055.43
Thumb: -20.4247 132.671 1153.27
Index: -11.5855 58.0113 1139.59
Middle: -27.479 76.0396 1136.65
Ring: -15.5554 53.246 1142.18
Little: 43.4741 83.1635 1060.34
Thumb: -20.0336 135.009 1157.81
Index: -7.42462 50.9249 1137.29
Middle: -22.0966 72.9791 1133.18
Ring: -11.9162 48.8269 1139.82
Little: 42.6151 86.7368 1054.16
Thumb: -15.4119 140.163 1165.03
Index: -4.0408 47.173 1134.78
Middle: -20.2925 70.0868 1129.59
Ring: -8.68508 45.9989 1137.47
Little: 43.77 87.6139 1052.71
Thumb: -7.88922 142.963 1169.73
Index: -7.59411 46.4363 1141.99
Middle: -15.4453 60.4052 1126.47
Ring: -4.3169 41.6483 1132.51
Little: 43.5266 88.8173 1047.14
Thumb: -2.26762 143.757 1172.66
Index: -7.88074 48.4733 1132.32
Middle: -12.6497 55.8902 1123.48
Ring: -1.88743 39.4699 1132.95
Little: 44.1819 87.3013 1045.31
Thumb: 5.27799 143.882 1176
Index: 0.588786 43.5511 1136.27
Middle: -6.74629 52.8733 1123.19
Ring: 4.94318 38.6516 1131.51
Little: 43.2163 90.5041 1042.29
Thumb: 13.6291 144.762 1175.54
Index: 0.263397 46.6114 1148.25
Middle: 1.08724 36.7858 1140.6
Ring: 11.6353 38.1676 1132.86
Little: 44.389 91.2014 1039.13
Thumb: 18.8242 142.984 1177.01
Index: 0.0113535 44.341 1147.64
Middle: 4.61322 29.0466 1138.8
Ring: 12.4367 35.222 1132.72
Little: 45.7958 86.9222 1041.13
Thumb: 24.3278 138.355 1175.54
Index: 5.46962 43.4486 1149.36
Middle: 10.4365 26.8173 1135.76
Ring: 19.7034 35.7293 1131.15
Little: 46.1087 92.2752 1037.4
Thumb: 31.9752 138.894 1177.08
Index: 11.2386 39.5625 1147.34
Middle: 12.5633 25.9238 1134.26
Ring: 23.0749 33.4544 1127.43
Little: 46.5062 91.4828 1035.67
Thumb: 36.7469 137.015 1174.2
Index: 18.8312 34.9443 1126.21
Middle: 12.2688 26.6627 1128.49
Ring: 22.4775 34.1724 1121.01
Little: 47.896 92.9977 1031.65
Thumb: 42.5964 109.082 1091.43
Index: 22.8411 36.9453 1119.33
Middle: 14.4132 29.5896 1118.78
Ring: 18.0473 40.7263 1111.86
Little: 48.4587 90.699 1024.17
Thumb: 41.9585 112.818 1084.69
Index: 11.0334 45.4343 1105.14
Middle: -0.410572 40.642 1109
Ring: 10.6227 49.1973 1102.5
Little: 48.5035 93.3105 1016.39
Thumb: 55.8983 100.948 1069.53
Index: 7.58991 50.1207 1102.4
Middle: -5.86869 45.2639 1100.65
Ring: 3.94057 55.8585 1096.63
Little: 48.0011 94.6003 1010.41
Thumb: 52.0754 95.1885 1067.77
Index: -0.954625 47.8942 1097.7
Middle: -15.6908 45.5613 1098.88
Ring: -2.84674 49.1452 1097.86
Little: 45.7788 90.621 1005.31
Thumb: 67.1995 100.381 1095.93
Index: 7.84798 52.4084 1102.2
Middle: -3.29684 45.5212 1102.18
Ring: 6.05705 55.8622 1097.07
Little: 45.4533 97.9104 1010.01
Thumb: 67.9666 96.7574 1100.21
Index: 8.64952 46.6945 1099.82
Middle: -4.5425 44.4737 1105.42
Ring: 3.58048 51.7324 1096.15
Little: 44.6041 98.0484 1008.97
Thumb: 69.841 97.0679 1102.12
Index: 7.0392 48.4239 1099.4
Middle: -1.9895 42.6688 1105.64
Ring: 5.13259 50.0711 1097
Little: 43.9828 94.5694 1012.3
Thumb: 71.255 98.0892 1103.17
Index: 10.2696 48.0147 1098.25
Middle: -1.0211 42.6481 1106.88
Ring: 6.98088 50.378 1098.6
Little: 38.6066 94.7939 1016.29
Thumb: 71.2058 98.4347 1106.37
Index: 8.15667 48.2121 1097.92
Middle: -5.92177 43.6354 1105.87
Ring: 4.31621 50.9738 1097.78
Little: 34.7923 94.9264 1017.31
Thumb: 97.9735 114.006 1177.34
Index: 17.0847 97.5414 1182.27
Middle: 27.9912 17.0073 1133.35
Ring: 33.0875 26.8934 1129.18
Little: 14.9209 82.757 1083.68
Thumb: 137.499 99.0744 1174.5
Index: 28.8085 98.3996 1188.14
Middle: 7.10173 14.6829 1118.78
Ring: -18.0491 54.2347 1134.16
Little: -4.35536 126.334 1087.54
Thumb: 147.587 97.6842 1164.31
Index: 35.117 93.0303 1186.6
Middle: 0.304403 22.977 1116.32
Ring: -19.6688 55.591 1129.03
Little: -4.76699 131.835 1091.86
Thumb: 154.532 102.848 1153.17
Index: 37.0256 91.0676 1185.46
Middle: -4.34723 20.0417 1105.7
Ring: -22.8201 58.424 1129.94
Little: -8.15427 127.468 1094.7
Thumb: 155.424 106.558 1158.44
Index: 37.9189 90.4199 1184.52
Middle: -4.2805 19.7736 1101.64
Ring: -23.6756 56.0225 1125.69
Little: -8.00744 126.405 1093.88
Thumb: 156.991 108.071 1153.99
Index: 39.998 89.5922 1182.74
Middle: -2.42912 18.5449 1098.55
Ring: -20.5679 61.4545 1129.85
Little: -7.99211 125.264 1093.65
Thumb: 157.405 107.349 1148.26
Index: 47.9836 92.9197 1180.47
Middle: -2.34536 17.8545 1097.42
Ring: -19.9964 59.7561 1129.16
Little: -8.34237 123.257 1094.43
Thumb: 130.111 90.9306 1148.87
Index: 46.7613 91.9492 1179.51
Middle: -2.07681 17.8618 1095.92
Ring: -19.8345 61.3323 1130.84
Little: -10.1469 125.405 1099.58
Thumb: 137.066 88.5514 1141.2
Index: 58.7311 95.9012 1173.82
Middle: -1.09307 16.7562 1092.66
Ring: -17.5641 65.1441 1137.34
Little: -11.9301 122.899 1102.69
Thumb: 134.97 92.2274 1133.29
Index: 58.6062 92.0547 1171.55
Middle: -0.994137 16.0671 1093.62
Ring: -9.38482 78.638 1149.29
Little: -16.3694 117.953 1108.87
Thumb: 135.965 98.0257 1130.27
Index: 62.5371 92.8293 1169.74
Middle: -1.51378 15.4406 1087.98
Ring: -6.49287 78.7581 1152.09
Little: -13.296 122.005 1104.26
Thumb: 133.528 98.757 1122.63
Index: 64.3602 91.1844 1167.77
Middle: -1.93721 15.2019 1086.27
Ring: 3.22302 94.8886 1160.96
Little: -12.6654 122.125 1101.56
Thumb: 132.653 97.6651 1118.81
Index: 64.6432 90.6213 1164.45
Middle: -4.04785 17.0336 1082.81
Ring: 3.71909 96.1901 1158.31
Little: -15.3608 121.748 1113.55
Thumb: 129.721 98.7367 1111.69
Index: 63.9088 87.6163 1159.39
Middle: -3.98047 16.6678 1076.71
Ring: 15.1932 117.595 1144.46
Little: -16.1482 120.518 1101.07
Thumb: 128.525 97.9266 1109.14
Index: 62.0079 87.6633 1158.13
Middle: -5.3266 18.0998 1074.96
Ring: 11.6294 114.394 1154.1
Little: -22.9065 106.369 1091.14
Thumb: 128.995 96.753 1106.52
Index: 58.714 84.1133 1156.74
Middle: -6.13767 17.7924 1073.48
Ring: 12.8161 116.854 1151.72
Little: -23.5575 106.153 1089.37
Thumb: 128.86 96.6562 1103.12
Index: 58.2323 85.1607 1153.4
Middle: -7.26626 18.3498 1073.4
Ring: 10.3437 109.07 1150.79
Little: -23.4446 106.913 1086.29
Thumb: 130.723 99.3011 1102.73
Index: 55.5806 85.1393 1151.5
Middle: -6.92579 19.126 1067.95
Ring: 11.0291 113.707 1145.74
Little: -24.4976 106.608 1083
Thumb: 128.021 96.6311 1098.45
Index: 56.5396 84.4183 1148.83
Middle: -7.56356 19.2145 1064.45
Ring: 9.52744 108.681 1145.84
Little: -25.4811 105.213 1082.6
Thumb: 126.806 97.2689 1098.04
Index: 55.6141 85.3501 1148.29
Middle: -7.58637 19.2507 1067.09
Ring: 2.26685 95.6836 1147.85
Little: -26.2896 105.983 1081.51
Thumb: 126.804 97.0397 1098.28
Index: 55.834 85.9883 1147.65
Middle: -7.85155 18.942 1067.71
Ring: 1.09546 94.6076 1146.89
Little: -26.3683 106.309 1080.99
Thumb: 128.186 98.521 1097.36
Index: 56.943 86.5861 1146.87
Middle: -7.3136 18.6368 1067.2
Ring: 2.26598 95.4098 1146.57
Little: -26.2927 105.331 1079.68
Thumb: 129.172 98.2718 1097.89
Index: 55.7502 84.8344 1147.19
Middle: -7.18534 18.5469 1068.27
Ring: 1.61188 94.3478 1146.31
Little: -26.2475 104.936 1079.52
Thumb: 129.815 98.72 1098.07
Index: 55.9666 84.9535 1147.51
Middle: -7.05677 18.637 1069.51
Ring: 5.21207 102.655 1147.41
Little: -26.3252 105.016 1079.6
Thumb: 129.355 100.138 1102.84
Index: 55.4534 86.9508 1149.25
Middle: -6.6283 20.1188 1071.61
Ring: 5.59372 110.656 1145.76
Little: -25.7865 106.625 1077.78
Thumb: 129.894 98.7952 1102.72
Index: 55.533 85.7617 1149.39
Middle: -7.48908 19.6785 1073.38
Ring: 2.65017 103.54 1147.43
Little: -26.1731 105.816 1078.52
Thumb: 128.376 98.9222 1105.29
Index: 56.5816 88.0006 1151.27
Middle: -6.93117 18.6172 1077.14
Ring: 2.91505 105.193 1148.97
Little: -26.3661 104.951 1080.1
Thumb: 127.768 98.6206 1110.93
Index: 52.5594 84.6715 1153.99
Middle: -6.47245 18.7093 1084.59
Ring: 0.295549 102.637 1149.66
Little: -26.3087 103.72 1084.27
Thumb: 128.134 101.815 1112.54
Index: 55.6805 85.4955 1156.26
Middle: -2.96496 18.8615 1084.63
Ring: 7.97623 113.521 1150.87
Little: -20.3235 120.827 1114.23
Thumb: 129.874 100.003 1115.4
Index: 53.8932 83.8385 1159.28
Middle: -3.36976 16.2873 1087.78
Ring: 5.94844 108.844 1153.17
Little: -21.0492 118.396 1116.82
Thumb: 131.055 98.9665 1116.89
Index: 58.2014 86.6417 1162.41
Middle: -1.78515 16.4091 1095
Ring: 0.181054 92.8147 1155.67
Little: -19.8236 118.332 1119.68
Thumb: 132.453 99.9176 1117.89
Index: 60.8432 87.6836 1164.69
Middle: -2.39502 14.9594 1095.62
Ring: 6.4409 103.887 1159.84
Little: -22.055 112.973 1133.91
Thumb: 134.334 100.023 1121.19
Index: 55.1531 86.8982 1168.86
Middle: -2.20166 14.0239 1097.61
Ring: 5.60996 109.941 1156.6
Little: -25.6967 109.944 1133.62
Thumb: 137.135 103.164 1125.1
Index: 54.8137 86.4244 1172.88
Middle: -1.65172 14.1793 1102.06
Ring: 8.01143 112.481 1159.84
Little: -24.3489 111.093 1138.76
Thumb: 131.939 102.143 1130.72
Index: 55.6525 87.4475 1176.46
Middle: -2.26567 13.6215 1105.4
Ring: 4.73991 106.505 1164.63
Little: -26.041 108.477 1142.94
Thumb: 129.018 100.219 1143.15
Index: 51.3051 87.6505 1183.22
Middle: -2.09257 11.5733 1100.38
Ring: -6.03548 88.898 1166.34
Little: -26.2008 111.731 1144.8
Thumb: 122.066 97.7428 1156.56
Index: 48.3797 92.4221 1187.71
Middle: -1.74156 12.6898 1106.24
Ring: -0.17849 117.071 1168.42
Little: -32.7722 104.379 1140.79
Thumb: 123.618 100.754 1163.15
Index: 46.3413 94.6994 1193.1
Middle: -0.611794 11.8523 1106.07
Ring: -21.4353 41.4512 1130.59
Little: -35.9642 97.3727 1141.33
Thumb: 128.417 101.672 1162.18
Index: 51.0236 95.1331 1194.79
Middle: -1.17138 12.7059 1110.71
Ring: -21.1688 37.3371 1130.14
Little: -34.2954 98.1095 1145.52
Thumb: 136.195 106.337 1146.1
Index: 66.7896 92.7678 1193.55
Middle: 0.401599 16.5054 1112.07
Ring: -16.5717 31.5271 1117.9
Little: -24.5709 97.7661 1161.79
Thumb: 133.783 106.855 1152.75
Index: 62.3453 95.1051 1198.11
Middle: -0.297026 18.1515 1109.62
Ring: -17.1036 34.6909 1124.91
Little: -36.7877 73.8122 1137.87
Thumb: 115.146 104.68 1172.29
Index: 6.36258 30.4824 1115.9
Middle: -2.49321 17.6425 1107.85
Ring: -22.1616 37.9178 1122.03
Little: -37.994 80.38 1123.7
Thumb: 71.2312 111.627 1207.14
Index: -0.433175 31.953 1136.13
Middle: -1.44402 24.2415 1101.02
Ring: -20.8345 44.2377 1097.83
Little: -28.468 85.5204 1083.9
Thumb: 34.4872 122.817 1202.41
Index: 2.93346 33.5086 1118.47
Middle: 0.486569 21.948 1102.87
Ring: -18.4957 42.82 1091.98
Little: -16.3373 93.9514 1078.09
Thumb: 28.1595 123.351 1210.33
Index: -0.554166 36.916 1116.25
Middle: -3.36493 24.1838 1104.52
Ring: -11.3589 41.0431 1088.33
Little: -9.02611 94.1432 1072.82
Thumb: 13.0126 132.109 1209.21
Index: 3.35045 40.0817 1115.6
Middle: -1.53104 27.41 1105.96
Ring: -5.08001 41.7412 1087.2
Little: -2.87609 92.152 1068.05
Thumb: 2.08475 133.295 1207.21
Index: 2.21923 36.0576 1115.32
Middle: -8.14151 31.65 1096.66
Ring: -2.2322 41.62 1079.63
Little: -0.187605 88.9985 1060.2
Thumb: -8.66136 132.185 1203.96
Index: 2.13063 34.4394 1120.62
Middle: -3.20591 34.2914 1086.47
Ring: 7.19426 40.2647 1078.41
Little: 9.45634 89.8434 1056.5
Thumb: -15.4207 133.226 1202.6
Index: 0.443024 34.6057 1119.94
Middle: -2.25293 34.6242 1084.24
Ring: 1.45475 41.9353 1081.89
Little: 10.9435 89.4944 1058.09
Thumb: -27.1603 133.389 1198.12
Index: -7.49552 35.1338 1112.37
Middle: 0.349258 31.5296 1079.23
Ring: 0.973831 39.2931 1079.34
Little: 14.3849 86.7334 1054.5
Thumb: -39.0804 133.784 1190.09
Index: -8.86775 34.2866 1106.99
Middle: 4.15018 28.1862 1078.63
Ring: 1.55935 37.1723 1080.07
Little: 19.2092 90.733 1055.03
Thumb: -44.1207 137.221 1182.56
Index: -4.77972 32.524 1108.12
Middle: 6.06987 27.2091 1080.39
Ring: 2.58914 37.9303 1079.11
Little: 22.3646 77.8481 1054.7
Thumb: -57.2702 130.017 1152.77
Index: -3.42 30.2659 1105.74
Middle: 5.78318 29.1626 1072.82
Ring: 8.1034 33.1627 1079.04
Little: 27.2942 73.3272 1055.77
Thumb: -71.8804 130.93 1140.87
Index: -4.7666 30.8984 1101.91
Middle: 3.11485 26.1477 1077.61
Ring: 11.1264 30.5804 1079.5
Little: 30.8321 73.9176 1053.97
Thumb: -60.2919 138.992 1134.57
Index: -9.9899 29.591 1106.53
Middle: -7.92637 23.524 1093.9
Ring: 10.9846 27.0086 1082.19
Little: 33.1916 72.5294 1050.84
Thumb: -69.5706 145.877 1134.71
Index: -0.872411 32.9504 1096.56
Middle: -12.1109 19.473 1098
Ring: 6.51591 23.0477 1084.46
Little: 33.9403 76.6303 1045.76
Thumb: -74.2369 145.742 1120.85
Index: -4.28846 31.7158 1093.78
Middle: -12.5933 12.5032 1100.85
Ring: 9.15325 43.8803 1074.78
Little: 44.0585 85.937 1052.29
Thumb: -76.8871 145.418 1112.6
Index: -45.1632 72.5796 1039.25
Middle: -13.6556 10.8455 1109.41
Ring: 7.22925 42.2754 1076.72
Little: 42.066 84.3652 1048.17
Thumb: -76.5564 144.781 1109.86
Index: -49.0469 65.6351 1041.45
Middle: -16.8208 11.0616 1107.05
Ring: 4.27122 35.7212 1076.8
Little: 41.7691 82.051 1048
Thumb: -76.2418 142.557 1102.46
Index: -51.8298 62.7401 1041.2
Middle: -18.9609 11.1692 1105.88
Ring: 3.13465 36.5177 1075.45
Little: 41.7196 84.2899 1047.88
Thumb: -83.1589 142.063 1101.01
Index: -50.6485 67.0175 1037.11
Middle: -20.1882 10.7112 1103.58
Ring: 3.4285 36.3801 1076.49
Little: 42.6047 84.1448 1048.06
Thumb: -80.0053 144.839 1100.13
Index: -52.0782 67.2115 1036.98
Middle: -22.1777 11.6114 1104.63
Ring: 2.67937 39.7417 1077.64
Little: 41.5835 83.443 1047.08
Thumb: -79.7462 146.13 1098.05
Index: -52.0223 66.4555 1036.36
Middle: -24.0894 11.7125 1104.39
Ring: 1.42202 41.0617 1074.39
Little: 41.4224 82.645 1047.01
Thumb: -80.3448 145.608 1095.47
Index: -51.8261 66.2477 1034.35
Middle: -25.2154 11.512 1102.08
Ring: -0.21183 35.8345 1075.46
Little: 41.541 82.4724 1046.73
Thumb: -79.3833 145.079 1091.02
Index: -51.6722 68.5603 1031.61
Middle: -25.9547 11.665 1101.26
Ring: -0.295799 35.7616 1075.73
Little: 40.8154 78.63 1048.09
Thumb: -78.6065 144.922 1085.65
Index: -50.5093 69.2587 1029.93
Middle: -26.9285 12.1947 1100.81
Ring: -0.440668 34.4789 1079.3
Little: 40.127 72.8679 1051.34
Thumb: -78.7025 145.361 1083.19
Index: -51.837 66.8483 1031.28
Middle: -28.9188 13.0101 1101.74
Ring: 9.07007 72.5743 1074.97
Little: 39.5464 71.7244 1051.74
Thumb: -76.6366 145.812 1083.14
Index: -51.3244 69.2871 1029.83
Middle: -29.591 13.5156 1099.89
Ring: 8.91805 72.2704 1075.24
Little: 39.6551 72.0693 1051.06
Thumb: -76.6369 145.971 1082.9
Index: -50.9543 70.8528 1029.38
Middle: -29.049 13.9864 1100.24
Ring: 8.84223 72.8551 1075.34
Little: 41.3804 73.9415 1064.3
Thumb: -75.4917 145.47 1081.75
Index: -50.3756 70.5744 1029.6
Middle: -28.8793 14.8679 1101.27
Ring: 9.4021 73.4835 1075.42
Little: 42.7639 74.6836 1072.87
Thumb: -76.463 145.597 1083.25
Index: -51.0276 69.5287 1031.29
Middle: -27.7286 15.9841 1103
Ring: 9.57696 74.611 1076.01
Little: 42.8741 75.4447 1073.68
Thumb: -78.2363 147.287 1084.28
Index: -51.4793 69.0898 1031.88
Middle: -26.2799 15.3936 1106.28
Ring: 9.50493 74.1576 1075.69
Little: 42.9318 74.5458 1075.97
Thumb: -78.2023 149.513 1084.52
Index: -49.2681 68.1717 1031.16
Middle: -25.7425 14.992 1106.97
Ring: 9.81528 73.8488 1076.73
Little: 43.1753 74.7418 1077.7
Thumb: -78.5133 147.885 1084.02
Index: -49.9681 68.2072 1031.67
Middle: -25.6369 14.1599 1107.19
Ring: 9.60613 73.1233 1077.31
Little: 42.9147 73.8885 1078.38
Thumb: -78.7298 147.098 1084.62
Index: -47.2555 73.1905 1029.34
Middle: -25.1335 14.3626 1108.56
Ring: 9.88258 73.2475 1076.91
Little: 43.2144 74.1574 1077.81
Thumb: -78.743 145.643 1084.99
Index: -46.3148 75.4959 1028.95
Middle: -23.8009 13.607 1107.72
Ring: 10.4911 73.0569 1076.63
Little: 43.7796 74.2413 1077.6
Thumb: -78.1377 145.599 1085.44
Index: -46.1332 72.302 1029.92
Middle: -22.4613 14.7076 1109.19
Ring: 11.0344 74.0446 1077.5
Little: 44.2298 75.452 1078.56
Thumb: -79.0888 144.906 1086.48
Index: -46.5931 67.1418 1031.71
Middle: -20.6972 14.107 1109.88
Ring: 11.2177 73.9766 1077.36
Little: 44.3685 75.5019 1078.33
Thumb: -77.9385 145.762 1083.5
Index: -43.9966 74.095 1027.97
Middle: -20.3294 15.1433 1109.52
Ring: 4.94443 37.4006 1083.05
Little: 45.9146 75.9038 1079.54
Thumb: -75.7489 147.685 1085.16
Index: -45.6517 68.6022 1032.77
Middle: -19.3197 16.215 1108.79
Ring: 5.42626 39.0929 1082.78
Little: 46.1113 77.4315 1077.65
Thumb: -76.6009 152.023 1086.6
Index: -44.7925 69.3522 1033.41
Middle: -19.0662 17.1336 1109.17
Ring: 5.93145 39.3742 1083.86
Little: 47.162 78.0501 1078.39
Thumb: -75.3191 152.803 1087.5
Index: -43.4429 67.8929 1034.19
Middle: -18.3087 17.3499 1108.72
Ring: 6.73081 38.0023 1085.52
Little: 48.4867 79.2162 1077.47
Thumb: -72.4193 153.109 1084.29
Index: -41.6396 72.5633 1032.51
Middle: -17.118 19.0829 1107.8
Ring: 8.08374 40.0623 1083.89
Little: 50.1607 80.5141 1077.01
Thumb: -66.8518 151.68 1084.71
Index: -37.7178 78.7362 1028.14
Middle: -15.3753 18.2524 1102.64
Ring: 10.1867 40.381 1082.45
Little: 51.4118 80.6655 1078.2
Thumb: -63.5305 151.415 1081.19
Index: -33.467 82.1062 1025.81
Middle: -11.0201 17.1015 1102.66
Ring: 14.3372 39.5462 1083.53
Little: 54.8436 81.7089 1076.62
Thumb: -57.5808 151.272 1080.55
Index: -28.7399 82.4329 1025.19
Middle: -7.95708 18.4923 1099.93
Ring: 17.6026 40.7605 1083.32
Little: 58.3134 82.9784 1077.15
Thumb: -49.9051 150.82 1084.94
Index: -18.2219 99.1141 1018.89
Middle: -2.55598 19.0193 1098.22
Ring: 22.6489 36.295 1083.21
Little: 64.5767 82.5623 1055.6
Thumb: -42.0292 155.758 1088.01
Index: -14.4678 96.8051 1022.84
Middle: 1.85479 23.0668 1091.7
Ring: 30.0415 54.1654 1072.2
Little: 71.1886 96.6408 1050.64
