Thumb: 32.9554 91.7207 1121.92
Index: -64.5745 28.1944 1098.23
Middle: -101.42 40.8207 1097.63
Ring: -124.543 62.0639 1082.41
Little: -141.773 103.039 1080.87
Thumb: 38.6856 91.1542 1103.2
Index: -67.7741 35.4408 1096.59
Middle: -101.605 38.0228 1090.65
Ring: -107.532 69.883 1094.58
Little: -101.078 139.15 1133.8
Thumb: 29.992 88.6491 1107.7
Index: -74.5707 32.2432 1096.81
Middle: -106.101 38.3366 1090.27
Ring: -110.583 71.0082 1098.65
Little: -103.8 140.179 1134.51
Thumb: 24.6113 86.1391 1107.49
Index: -77.5371 28.1774 1090.66
Middle: -106.219 38.0303 1094.63
Ring: -112.919 68.2153 1095.47
Little: -106.216 137.425 1136.71
Thumb: 21.3699 85.0751 1106.12
Index: -79.7936 27.456 1091.25
Middle: -109.389 37.262 1092.6
Ring: -114.716 68.7917 1097.86
Little: -107.682 136.871 1138.7
Thumb: 13.9527 80.8861 1101.47
Index: -82.7635 29.4703 1097.27
Middle: -112.326 36.5982 1097
Ring: -117.721 68.1889 1100.14
Little: -112.007 138.187 1141.02
Thumb: 8.41961 80.6768 1101.76
Index: -85.99 31.7393 1096
Middle: -111.944 39.0223 1100.79
Ring: -117.734 69.8986 1101.82
Little: -110.971 142.139 1140.06
Thumb: 3.11512 78.9887 1098.87
Index: -88.9459 33.3532 1096.26
Middle: -112.728 40.2213 1098.34
Ring: -126.124 58.8976 1101.28
Little: -111.446 138.368 1140.25
Thumb: 0.252685 79.2771 1097.65
Index: -93.0695 36.7295 1094.68
Middle: -115.592 41.1292 1097.36
Ring: -125.778 61.6369 1102.85
Little: -109.606 144.684 1140.05
Thumb: -3.89239 79.3749 1098.06
Index: -95.7928 37.7302 1093.52
Middle: -117.317 43.1164 1097.95
Ring: -128.804 62.9905 1104.16
Little: -108.96 143.017 1142.48
Thumb: -8.60468 78.3971 1098.71
Index: -98.6687 39.0163 1093.5
Middle: -119.603 43.7366 1098.36
Ring: -128.228 61.9578 1104.38
Little: -107.775 142.019 1143.84
Thumb: -10.993 78.4062 1104.78
Index: -98.4444 38.0416 1095.69
Middle: -120.576 43.1385 1099.55
Ring: -126.407 61.6973 1107.71
Little: -107.147 141.35 1144
Thumb: -9.19319 77.475 1104.03
Index: -97.8905 36.2064 1093.22
Middle: -119.099 41.1096 1099.46
Ring: -125.751 60.2106 1107.98
Little: -105.267 140.412 1144.16
Thumb: -10.9285 80.7359 1105.61
Index: -93.2253 37.4336 1094.31
Middle: -114.978 41.7474 1099.49
Ring: -120.017 61.425 1109.51
Little: -103.066 137.289 1143.28
Thumb: -4.573 82.1336 1108.08
Index: -86.958 36.4151 1096.53
Middle: -107.984 38.3664 1098.43
Ring: -112.353 57.8418 1106.59
Little: -95.9159 137.571 1146.27
Thumb: -3.19155 84.6183 1111.28
Index: -73.7776 36.7354 1102.3
Middle: -101.96 37.6996 1097.07
Ring: -104.838 56.6227 1107
Little: -91.9739 135.639 1143.93
Thumb: 0.416611 86.5174 1112.07
Index: -66.4033 35.3765 1103.08
Middle: -93.2692 36.4901 1101.52
Ring: -99.6123 54.9228 1108.66
Little: -90.6578 129.942 1143.03
Thumb: 7.59303 86.0387 1108.55
Index: -59.5625 33.9041 1101.88
Middle: -84.2066 32.2411 1100.77
Ring: -91.5804 54.0836 1110.66
Little: -88.793 126.407 1141.68
Thumb: 15.8541 88.6579 1108.54
Index: -50.4365 29.9856 1100.12
Middle: -74.5104 33.5129 1103.93
Ring: -84.8962 49.0814 1110.02
Little: -89.4156 82.6733 1106.71
Thumb: 21.9261 89.017 1108.42
Index: -43.8136 27.789 1097.93
Middle: -63.714 32.9048 1105.74
Ring: -79.1592 46.7104 1109.45
Little: -85.5662 80.4523 1106.1
Thumb: 31.7767 88.6218 1102.48
Index: -32.6896 32.2054 1106.68
Middle: -55.1501 27.2742 1103.76
Ring: -71.4359 39.7567 1108.64
Little: -83.1638 71.8257 1109.69
Thumb: 37.472 103.099 1109.02
Index: -24.9875 33.4305 1109.28
Middle: -49.761 25.4626 1103.19
Ring: -64.283 39.8554 1108.16
Little: -75.0666 70.6806 1107.86
Thumb: 45.6433 102.11 1111.63
Index: -20.4661 28.0287 1105.79
Middle: -44.4492 25.1902 1107.02
Ring: -56.274 39.5053 1110.17
Little: -70.2186 64.7761 1105.49
Thumb: 54.5273 103.674 1117.21
Index: -13.5997 28.1203 1103.77
Middle: -38.585 23.2493 1101.49
Ring: -50.8899 39.7698 1108.31
Little: -64.3918 64.3298 1099.39
Thumb: 60.8861 100.942 1116.53
Index: -5.52111 24.9347 1103.74
Middle: -31.8582 22.0795 1102.74
Ring: -43.5631 35.4504 1107.73
Little: -58.3347 57.9774 1096.08
Thumb: 62.8804 95.5084 1116.19
Index: 2.82078 24.8575 1105.64
Middle: -21.7313 22.0833 1104.19
Ring: -37.8514 32.2245 1105.17
Little: -52.2104 55.9539 1095.5
Thumb: 75.2466 91.6248 1114.71
Index: 14.5673 27.2715 1107.12
Middle: -11.5522 22.7293 1105.51
Ring: -30.9897 31.1924 1105.35
Little: -46.2694 52.6564 1094.47
Thumb: 82.4429 87.8471 1112.85
Index: 21.2684 21.794 1109.74
Middle: -8.77407 10.9713 1103.97
Ring: -24.2958 29.3291 1108.81
Little: -44.6679 48.0117 1093.36
Thumb: 90.9746 88.3185 1113.9
Index: 30.9092 16.0564 1105.76
Middle: -2.74786 7.01843 1097.92
Ring: -17.6686 28.54 1106.69
Little: -39.2722 49.0953 1100.88
Thumb: 97.6765 88.3026 1114.55
Index: 39.0066 17.8021 1106.98
Middle: 4.4666 7.51209 1095.62
Ring: -11.4023 27.9511 1103.54
Little: -32.1819 49.3106 1100.3
Thumb: 106.923 93.2563 1116.5
Index: 47.2924 16.9735 1100.99
Middle: 11.8462 6.18526 1090.15
Ring: -4.00127 25.3834 1099.57
Little: -25.6085 47.5803 1099.26
Thumb: 119.106 95.9898 1119.62
Index: 53.7935 13.037 1100.56
Middle: 19.6847 5.82395 1092.55
Ring: 3.04566 23.8891 1100.56
Little: -18.9909 44.1019 1095.07
Thumb: 123.191 91.63 1117.82
Index: 60.0784 12.4185 1101.81
Middle: 25.4826 5.24309 1087.79
Ring: 8.94622 23.7976 1096.89
Little: -14.6436 45.7215 1096.87
Thumb: 134.593 89.1829 1116.19
Index: 63.5864 9.47441 1098.56
Middle: 29.6378 4.3815 1088.78
Ring: 13.3427 23.9787 1098.67
Little: -10.6743 45.7713 1093.1
Thumb: 138.778 90.0269 1116.21
Index: 69.9702 9.57595 1096.07
Middle: 36.5869 5.76707 1087.14
Ring: 20.3564 25.9606 1098.39
Little: -6.02718 49.0031 1095.78
Thumb: 147.114 90.1326 1112.81
Index: 76.2791 13.3013 1099.96
Middle: 41.3965 5.91051 1083.16
Ring: 24.1445 23.608 1091.76
Little: -1.57892 48.018 1089.75
Thumb: 149.933 94.4642 1111.54
Index: 82.0905 16.4266 1106.1
Middle: 46.1714 2.45848 1082.16
Ring: 28.6388 20.4569 1096.54
Little: 3.36548 45.2734 1095.87
Thumb: 156.985 94.1406 1112.22
Index: 83.4353 17.0554 1106.68
Middle: 48.9699 3.62667 1079.52
Ring: 31.0358 22.4588 1098.62
Little: 4.86856 48.0868 1094.69
Thumb: 166.482 97.2165 1113.04
Index: 88.3954 20.1007 1105.01
Middle: 52.4923 3.17099 1082.39
Ring: 34.2119 20.5166 1097.59
Little: 8.35743 48.5998 1097.62
Thumb: 168.041 95.9863 1112.59
Index: 90.3018 19.701 1106.29
Middle: 53.6255 3.22795 1080.62
Ring: 35.9879 21.1764 1094.13
Little: 15.5056 66.5877 1108.67
Thumb: 170.77 96.6494 1115.3
Index: 90.8628 19.9495 1111.64
Middle: 55.2812 1.8443 1080.46
Ring: 41.0294 35.8621 1114.23
Little: 15.6021 63.7158 1107.47
Thumb: 172.139 96.4657 1117.94
Index: 92.3427 21.4112 1102.37
Middle: 56.2109 1.77027 1079.27
Ring: 53.875 84.8776 1144.93
Little: 17.2447 65.7746 1108.89
Thumb: 170.371 96.3227 1120.13
Index: 92.0574 25.4607 1106.7
Middle: 55.6056 2.57645 1079.44
Ring: 55.5494 98.009 1147.54
Little: 21.3906 89.3539 1123.94
Thumb: 166.245 94.8866 1119.57
Index: 91.1157 30.7485 1109.26
Middle: 51.6792 4.16891 1081.02
Ring: 56.2965 99.0861 1148.07
Little: 20.0725 89.1697 1136.2
Thumb: 165.167 95.4696 1121.28
Index: 84.5838 22.5686 1109.95
Middle: 47.5885 4.46993 1080.71
Ring: 53.0299 98.4897 1146.66
Little: 17.97 92.979 1134.94
Thumb: 161.148 94.7881 1118.99
Index: 81.5806 26.8959 1109.39
Middle: 42.6373 8.44153 1079.83
Ring: 54.1005 104.185 1139.67
Little: 16.6178 94.9034 1137.73
Thumb: 158.795 95.0694 1119.34
Index: 77.4562 26.4152 1109.23
Middle: 38.9058 8.57246 1079.68
Ring: 50.1165 104.032 1137.92
Little: 12.8275 95.2492 1137.01
Thumb: 151.523 92.5348 1120.22
Index: 71.5163 26.2217 1109.47
Middle: 32.9025 9.74105 1081.36
Ring: 46.1857 105.038 1140.45
Little: 9.41155 98.8176 1135.76
Thumb: 145.846 92.337 1119.88
Index: 67.0426 30.7466 1112
Middle: 26.9963 12.8184 1077.71
Ring: 42.5164 107.588 1140.21
Little: 4.34102 97.632 1137.28
Thumb: 140.723 91.749 1119.95
Index: 59.3537 29.0707 1110.64
Middle: 20.495 13.3708 1078.87
Ring: 35.813 107.879 1145.71
Little: -3.26976 95.7711 1135.46
Thumb: 134.129 90.8416 1120.03
Index: 52.7096 30.8673 1113.72
Middle: 13.0023 14.1003 1081.91
Ring: 27.9687 106.044 1150.15
Little: -8.99831 98.9377 1136.47
Thumb: 125.358 93.405 1125.74
Index: 47.3468 36.8901 1111.19
Middle: 7.67223 16.2618 1081.03
Ring: 13.2156 99.6559 1149.04
Little: -18.4313 101.147 1131.71
Thumb: 112.833 92.8785 1126.63
Index: 38.5221 36.181 1112.56
Middle: -0.543992 15.8975 1079.55
Ring: 16.078 112.743 1121.15
Little: -25.0919 104.228 1131.17
Thumb: 105.001 93.8595 1126.39
Index: 32.8536 36.0138 1114.67
Middle: -6.56619 16.7467 1082.81
Ring: 11.023 112.11 1123.36
Little: -27.311 110.363 1135.61
Thumb: 97.7185 94.0327 1128.22
Index: 26.5608 37.1463 1118.21
Middle: -13.5405 16.7806 1087.95
Ring: 4.61372 112.891 1125.95
Little: -33.756 110.775 1138.13
Thumb: 93.3589 94.0515 1130.72
Index: 20.9939 39.2982 1119.67
Middle: -19.2965 20.0325 1088.79
Ring: -0.246442 113.408 1127.42
Little: -39.3039 110.762 1138.93
Thumb: 89.6543 94.3458 1132.19
Index: 15.6909 39.9015 1123.7
Middle: -24.4579 20.2152 1090.85
Ring: -3.51866 116.022 1127.32
Little: -43.2415 112.248 1141.61
Thumb: 84.8346 95.5067 1132.14
Index: 11.8161 42.6912 1135.21
Middle: -29.941 18.0968 1097.57
Ring: -11.1331 111.933 1127.41
Little: -50.4794 108.474 1147.21
Thumb: 80.5317 95.6814 1141.32
Index: -3.23764 25.5673 1132.37
Middle: -32.0055 17.3648 1095.75
Ring: -16.808 114.635 1124.68
Little: -58.3823 112.841 1144.62
Thumb: 67.9821 96.2448 1163.56
Index: -18.7404 32.4943 1136.12
Middle: -36.1356 16.6298 1095.98
Ring: -34.1892 117.142 1139.43
Little: -70.8672 110.112 1133.43
Thumb: 4.10064 85.8988 1187.81
Index: -53.4177 60.0356 1121.91
Middle: -67.0767 43.2238 1067.81
Ring: -89.0407 77.5916 1079.9
Little: -55.6078 82.6665 1060.38
Thumb: 67.6993 160.793 1220.58
Index: -26.3016 95.6566 1152.09
Middle: -41.4713 23.3156 1108.3
Ring: -43.9681 33.3003 1104.97
Little: -33.1676 57.2872 1083.67
Thumb: 48.8234 143.19 1226.71
Index: -30.0239 93.9193 1151.64
Middle: -48.1895 23.057 1112.47
Ring: -48.4838 32.6912 1100.71
Little: -40.8303 57.3398 1070.55
Thumb: 36.7386 166.719 1231.22
Index: -32.075 92.8421 1149.84
Middle: -52.3745 26.8257 1115.27
Ring: -53.9627 37.3408 1102.38
Little: -43.3373 59.9167 1072.5
Thumb: 29.8697 168.054 1234.88
Index: -38.8764 95.0438 1152.47
Middle: -57.0609 28.8909 1113.67
Ring: -57.8402 39.2023 1102.74
Little: -45.0442 61.045 1071.89
Thumb: 29.2823 174.552 1238.1
Index: -44.8566 95.1991 1149.59
Middle: -58.4905 29.5538 1111.98
Ring: -59.9712 40.9485 1091.63
Little: -43.4955 60.3148 1071.87
Thumb: -95.3744 157.638 1212.91
Index: -60.8289 32.605 1103.42
Middle: -70.888 45.4463 1068.84
Ring: -56.8761 43.1487 1072.46
Little: -35.8579 69.6052 1059.8
Thumb: -116.841 146.128 1179.36
Index: -63.3754 32.7943 1107.61
Middle: -68.2876 44.9259 1073.74
Ring: -53.5513 40.2866 1079.96
Little: -32.8915 69.2071 1063.39
Thumb: -127.524 151.081 1171.79
Index: -63.017 32.328 1107.06
Middle: -63.0676 36.3047 1075.92
Ring: -54.5888 41.5436 1080.05
Little: -29.5747 67.0662 1064.95
Thumb: -135.426 151.388 1153.55
Index: -65.6061 35.5008 1107.04
Middle: -54.9445 37.3887 1076.04
Ring: -47.9442 38.9073 1086.07
Little: -24.6342 67.8533 1067.61
Thumb: -122.423 165.133 1150.14
Index: -71.5747 37.5942 1111.26
Middle: -77.1872 34.019 1100.55
Ring: -56.9557 40.1157 1086.28
Little: -28.2957 58.1707 1069.15
Thumb: -124.746 177.584 1139.15
Index: -65.4072 40.1505 1105.64
Middle: -80.012 31.9938 1104.6
Ring: -72.8252 41.3572 1106.54
Little: -40.1439 54.4372 1070.7
Thumb: -128.775 179.963 1131.55
Index: -97.7457 69.8176 1056.79
Middle: -80.3405 29.9165 1104.99
Ring: -77.4634 41.7258 1109.24
Little: -41.5352 52.1751 1077.99
Thumb: -128.688 177.317 1117.45
Index: -99.6336 74.4922 1051.88
Middle: -83.1821 30.6586 1104.07
Ring: -80.7079 42.6718 1109.26
Little: -42.2363 50.8347 1083.68
Thumb: -131.957 179.69 1110.46
Index: -101.524 75.5851 1048.84
Middle: -81.9543 29.3089 1100.21
Ring: -82.5798 41.3349 1107.38
Little: -43.8096 50.1728 1090.55
Thumb: -133.567 179.017 1099.38
Index: -103.725 78.7228 1046.37
Middle: -84.1806 28.6746 1105.87
Ring: -85.0447 42.5161 1112.49
Little: -46.4011 50.1334 1091.79
Thumb: -132.98 178.299 1091.48
Index: -101.021 81.684 1040.26
Middle: -82.9832 27.4824 1106.87
Ring: -87.2253 42.8292 1109.48
Little: -47.0621 50.1091 1092.39
Thumb: -132.69 179.074 1088.42
Index: -100.413 86.8577 1035.17
Middle: -83.7724 28.4972 1106.4
Ring: -87.067 42.553 1107.92
Little: -47.2393 51.1865 1100.7
Thumb: -132.511 180.494 1084.14
Index: -100.375 89.7388 1029.73
Middle: -85.0571 28.4945 1105.12
Ring: -87.5562 41.6121 1105.57
Little: -48.8221 50.8654 1100.04
Thumb: -132.838 183.02 1080.9
Index: -100.037 91.6169 1027.14
Middle: -86.9079 29.0454 1103.46
Ring: -89.2336 42.2329 1105.07
Little: -50.5441 51.0547 1097.71
Thumb: -131.523 184.707 1073.37
Index: -99.767 84.5052 1026.29
Middle: -87.0088 29.854 1092.33
Ring: -90.6011 42.226 1099.46
Little: -53.0647 51.7222 1096.22
Thumb: -131.639 184.76 1069.15
Index: -98.8487 84.8481 1022.57
Middle: -88.1892 30.6527 1095.04
Ring: -89.2559 42.3455 1097.7
Little: -52.3773 52.6396 1095.54
Thumb: -131.877 185.738 1064.25
Index: -96.665 86.9774 1014.9
Middle: -88.3133 28.757 1088.98
Ring: -91.1167 40.9426 1092.58
Little: -54.0752 50.903 1092.61
Thumb: -131.337 187.955 1061.7
Index: -94.8412 90.4635 1011.63
Middle: -86.525 30.0662 1085.28
Ring: -90.1837 43.2105 1089.01
Little: -51.5912 52.1741 1089.84
Thumb: -130.622 186.649 1059.08
Index: -94.3297 89.4919 1010.47
Middle: -86.6249 29.8423 1084.04
Ring: -90.8489 43.3229 1086.77
Little: -51.4233 51.8711 1088.82
Thumb: -130.124 186.422 1058.22
Index: -93.4828 91.4378 1008.64
Middle: -86.6967 31.369 1079.26
Ring: -89.4474 44.3219 1087.4
Little: -50.0494 52.911 1086.88
Thumb: -131.174 187.035 1058.85
Index: -90.854 97.1812 1005.73
Middle: -86.7222 31.5587 1077.1
Ring: -89.302 43.8358 1079.92
Little: -49.9417 52.7212 1084.74
Thumb: -130.931 185.854 1056.83
Index: -90.6531 97.2516 1003.71
Middle: -86.2997 30.6549 1083.21
Ring: -87.6715 42.6012 1079.14
Little: -48.8084 52.2611 1084.34
Thumb: -128.371 187.395 1055.56
Index: -88.5359 104.844 1002.38
Middle: -85.2097 31.5118 1083.08
Ring: -38.4198 94.4477 995.829
Little: -47.4427 53.195 1082.73
Thumb: -127.588 187.321 1055.06
Index: -86.3758 99.7389 1003.12
Middle: -84.6075 32.5947 1084.53
Ring: -85.2292 45.4988 1084.21
Little: -44.8245 53.7829 1082.42
Thumb: -127.198 186.69 1060.13
Index: -87.8482 98.0804 1005.28
Middle: -81.9538 32.0625 1086.13
Ring: -85.3684 47.7185 1088.12
Little: -42.3204 53.4701 1081.79
Thumb: -130.493 184.655 1060.55
Index: -86.1585 97.2893 1005.65
Middle: -78.2854 30.7439 1087.01
Ring: -80.774 45.3662 1089.28
Little: -38.8971 53.7413 1083.37
Thumb: -128.209 182.066 1062.15
Index: -91.2693 82.2252 1016.6
Middle: -74.0728 32.1463 1090.25
Ring: -75.8931 45.8861 1093.77
Little: -36.0264 55.7026 1085.54
Thumb: -129.852 181.312 1066.21
Index: -87.9236 85.0652 1017.13
Middle: -70.063 31.2418 1096.47
Ring: -73.6586 45.955 1097.15
Little: -32.0841 55.4836 1089.35
Thumb: -133.737 177.367 1070.78
Index: -83.3501 88.4152 1018.54
Middle: -66.2745 30.4438 1102.13
Ring: -68.3276 43.9434 1099.03
Little: -26.7946 56.0074 1094.24
Thumb: -133.543 174.531 1072.57
Index: -81.8515 84.0172 1021.82
Middle: -61.4551 28.9815 1104.91
Ring: -65.6513 43.6178 1102.49
Little: -23.0096 55.4722 1096.19
Thumb: -131.48 172.263 1075.68
Index: -78.2539 82.5838 1023.44
Middle: -55.5766 27.753 1106.22
Ring: -60.4103 42.2814 1103.4
Little: -18.0012 55.0109 1096.88
Thumb: -127.205 169.179 1078.7
Index: -71.5456 84.3818 1022.97
Middle: -50.8742 24.1069 1106.62
Ring: -55.9064 39.1009 1104.67
Little: -12.9465 51.7074 1098.14
Thumb: -122.164 167.134 1084.04
Index: -65.9046 87.5877 1024.33
Middle: -45.7737 20.9876 1105.7
Ring: -49.3709 35.6074 1104.47
Little: -6.84325 48.7958 1098.7
Thumb: -115.66 162.952 1085.53
Index: -59.0553 83.5184 1024.61
Middle: -38.2165 18.9364 1103.29
Ring: -42.6086 33.3388 1101.42
Little: -0.754279 47.4189 1098
Thumb: -110.626 158.861 1087.76
Index: -54.9226 79.2953 1027.23
Middle: -30.2587 16.8016 1107.7
Ring: -36.4927 31.5542 1104.92
Little: 6.06144 45.7727 1100.89
Thumb: -106.314 152.511 1087.91
Index: -48.301 75.3926 1027.17
Middle: -23.541 14.3823 1106.9
Ring: -28.2392 28.8602 1106.33
Little: 13.8404 44.1186 1099.88
Thumb: -101.462 150.025 1087.45
Index: -40.5434 72.5733 1026.83
Middle: -16.1371 12.2225 1110.72
Ring: -20.2576 26.4261 1108.22
Little: 21.604 42.433 1101.39
Thumb: -96.2853 147.244 1088.44
Index: -33.7654 76.1544 1024.31
Middle: -6.55208 11.8694 1112.45
Ring: -9.48587 25.7386 1110.01
Little: 52.6657 85.0694 1035.26
Thumb: -90.9934 143.97 1086.47
Index: -26.2321 69.9894 1023.26
Middle: 1.00507 9.38721 1109.93
Ring: -2.82565 23.3391 1107.82
Little: 59.8438 84.4207 1035.5
Thumb: -87.1064 143.356 1088.31
Index: -21.9257 63.1092 1024.98
Middle: 5.82933 8.81261 1106.62
Ring: 3.98847 22.6134 1105.35
Little: 63.5229 83.2456 1033.68
Thumb: -82.8922 142.883 1086.84
Index: -14.09 64.3239 1023.06
Middle: 16.6223 9.36162 1108.09
Ring: 10.7191 22.9698 1104.14
Little: 51.1017 42.2699 1095.48
Thumb: -81.3289 143.179 1094.11
Index: -8.52402 62.9553 1025.96
Middle: 22.6818 9.62936 1109.56
Ring: 20.2874 22.7747 1103.04
Little: 59.6234 43.774 1096.65
Thumb: -76.966 141.857 1096.09
Index: -3.02588 62.009 1025.46
Middle: 27.8553 9.20414 1104.66
Ring: 25.0182 22.8714 1103.59
Little: 64.4853 44.7378 1097.26
Thumb: -71.4201 141.516 1096.31
Index: 5.12736 63.8608 1025.31
Middle: 34.2443 9.34743 1107.73
Ring: 31.5363 22.5379 1102.33
Little: 70.8207 44.9173 1099.18
Thumb: -64.3053 140.904 1096.45
Index: 12.3929 69.0104 1024.67
Middle: 40.9897 9.85032 1109.87
Ring: 65.0891 87.1049 1014.84
Little: 78.3429 44.8701 1096.48
Thumb: -60.7284 147.482 1095.17
Index: 17.9177 84.6841 1020.45
Middle: 46.2679 8.47008 1108.63
Ring: 71.4398 84.6089 1014.57
Little: 83.8821 43.7777 1099.18
Thumb: -53.5866 147.152 1098.1
Index: 19.2649 85.2718 1021.85
Middle: 50.5141 6.44195 1110.19
Ring: 71.4849 79.1551 1015.44
Little: 84.1399 39.8848 1098.93
Thumb: -49.5932 149.03 1103.31
Index: 16.2793 85.1293 1024.48
Middle: 49.1177 4.69699 1109.32
Ring: 69.8996 77.5088 1015.89
Little: 84.0314 37.2085 1098.95
Thumb: -46.0034 150.86 1114.05
Index: 17.4391 77.0196 1026.85
Middle: 46.7972 8.93621 1101.13
Ring: 67.4099 78.7885 1017.95
Little: 103.242 84.1614 1035.52
Thumb: -36.5128 153.14 1123.86
Index: 16.9537 75.9539 1032.46
Middle: 36.6775 11.9123 1106.46
Ring: 49.0096 22.4434 1114.42
Little: 101.283 80.9931 1032.61
Thumb: -32.2792 157.066 1133.26
Index: 14.1563 72.8899 1039.78
Middle: 33.6875 15.6179 1108.99
Ring: 50.252 33.3882 1087.48
Little: 85.6623 56.3475 1052.19
Thumb: -24.8029 160.994 1141.64
Index: 53.3392 32.1908 1112.96
Middle: 31.7009 23.5869 1122.94
Ring: 42.6769 32.642 1104.77
Little: 78.5718 68.1672 1049.74
Thumb: -19.3965 163.9 1151.96
Index: 45.3198 37.8132 1107.53
Middle: 29.8347 29.1679 1128.85
Ring: 38.7615 37.7525 1107.69
Little: 70.369 81.9682 1044.11
Thumb: -15.9255 166.086 1157.19
Index: 42.5805 42.4611 1110.72
Middle: 31.8026 33.3515 1133.25
Ring: 33.981 46.5816 1104.75
Little: 65.0529 84.4872 1047.37
Thumb: -9.16224 168.543 1163.76
Index: 41.4977 42.6892 1113.28
Middle: 34.6074 33.3933 1131.79
Ring: 32.7691 48.5459 1103.17
Little: 64.2317 105.704 1034.01
Thumb: -3.13101 166.758 1167.4
Index: 33.6449 52.5463 1106.03
Middle: 33.8157 36.5448 1128.41
Ring: 29.0072 52.8962 1100.17
Little: 61.0176 107.436 1033.28
Thumb: 4.16879 168.946 1172.68
Index: 34.8857 52.7382 1105.54
Middle: 35.4552 37.1974 1128.68
Ring: 31.3608 49.4744 1104.27
Little: 51.0827 106.528 1028.92
Thumb: 15.8144 172.364 1180.72
Index: 33.7359 53.9084 1105.74
Middle: 37.1099 37.3498 1131.11
Ring: 40.1825 44.4401 1115.21
Little: 47.609 112.538 1025.91
Thumb: 23.8832 175.486 1185.52
Index: 33.0635 55.5483 1106.74
Middle: 36.2235 39.3614 1131.06
Ring: 42.2114 45.5696 1117.41
Little: 46.6141 115.039 1027.01
Thumb: 35.8177 175.193 1185.59
Index: 31.1152 59.9342 1103.24
Middle: 37.7718 40.1023 1126.25
Ring: 32.6053 50.3404 1108.17
Little: 46.3402 118.125 1024.09
Thumb: 43.871 173.681 1187.15
Index: 30.8439 61.38 1105.48
Middle: 37.9295 41.6277 1127.41
Ring: 31.498 52.3796 1109.96
Little: 52.9688 125.23 1024.17
Thumb: 45.651 173.026 1188.86
Index: 32.6004 58.8592 1108.17
Middle: 37.7097 41.8765 1129.64
Ring: 24.2017 58.3507 1105.34
Little: 53.1965 124.672 1026.56
Thumb: 46.906 171.027 1189.16
Index: 31.7451 60.0539 1109.31
Middle: 37.7595 41.6833 1128.86
Ring: 24.5231 58.4915 1107.63
Little: 55.6502 124.875 1029.23
Thumb: 49.572 170.242 1188.85
Index: 30.4636 61.2639 1111.86
Middle: 39.0209 40.9129 1133.46
Ring: 21.6149 60.8459 1107.3
Little: 55.8174 123.03 1030.72
Thumb: 47.7784 168.39 1189.9
Index: 27.1287 61.9919 1112.03
Middle: 37.7348 40.3484 1133.47
Ring: 21.3955 59.5677 1108.84
Little: 54.8443 122.452 1031.92
Thumb: 48.9983 167.529 1190.65
Index: 27.2391 63.029 1111.38
Middle: 39.3254 39.9301 1133.3
Ring: 23.44 57.6745 1111.6
Little: 54.5516 124.513 1032.63
Thumb: 45.008 166.003 1189.71
Index: 26.9292 61.8035 1111.53
Middle: 37.1096 40.443 1133.62
Ring: 21.3655 59.5399 1109.9
Little: 53.872 125.186 1032.68
Thumb: 41.8502 162.191 1191.63
Index: 25.527 58.8579 1113.59
Middle: 33.494 38.5118 1134.85
Ring: 18.0719 58.3859 1109.92
Little: 55.0559 122.193 1035.34
Thumb: 38.5618 161.06 1191.73
Index: 23.031 58.7386 1113.54
Middle: 32.1043 38.2584 1136.78
Ring: 15.6465 59.416 1108.67
Little: 54.9433 121.367 1036.36
Thumb: 36.5474 158.319 1187.56
Index: 21.5538 60.2185 1113.33
Middle: 30.214 40.754 1137.94
Ring: 13.8271 61.5963 1107.95
Little: 53.2461 120.562 1036.99
Thumb: 30.5354 157.013 1186.5
Index: 14.7496 60.7955 1114.73
Middle: 23.255 39.1971 1136.99
Ring: 8.44098 61.269 1107.21
Little: 49.829 117.124 1037.12
Thumb: 26.2368 153.821 1184.17
Index: 14.6127 60.5705 1113.02
Middle: 21.7545 39.2357 1137.03
Ring: 7.70606 61.0041 1106.9
Little: 49.7533 117.181 1037.2
Thumb: 26.9285 156.248 1162.72
Index: 12.1394 61.8051 1111.97
Middle: 16.832 42.0478 1135.38
Ring: 5.68718 61.5364 1104.6
Little: 47.5201 115.444 1035.9
Thumb: 24.1451 154.328 1160.19
Index: 11.2831 59.8225 1114.64
Middle: 15.8685 40.798 1137.47
Ring: 3.39868 62.0754 1106.16
Little: 41.1807 115.874 1035.51
Thumb: 22.14 154.296 1159.03
Index: 9.64785 60.3351 1116.55
Middle: 15.5473 41.8987 1140.05
Ring: 2.8455 63.4626 1104.52
Little: 40.2496 114.275 1036.02
Thumb: 16.4933 148.072 1160.73
Index: 9.36463 57.5891 1116.39
Middle: 14.1438 38.3207 1142.11
Ring: 3.55281 55.9423 1108.38
Little: 33.9895 108.712 1037.6
Thumb: 12.7734 143.913 1156.13
Index: 13.4611 49.8774 1116.29
Middle: 11.6085 37.1164 1141.45
Ring: 7.07295 48.1819 1112.37
Little: 33.3099 104.781 1037.09
Thumb: 9.18846 141.669 1152.6
Index: 13.4677 47.3404 1114.75
Middle: 6.24627 43.3811 1124.34
Ring: 16.9672 42.1104 1118.65
Little: 32.0771 103.042 1034.74
Thumb: 6.43822 140.193 1147.25
Index: 14.3028 43.8726 1110.13
Middle: 3.07117 42.9531 1128.49
Ring: 16.1002 40.0766 1114.24
Little: 30.9254 102.236 1029.71
Thumb: 5.65192 137.768 1141.53
Index: 22.3075 38.0677 1111.66
Middle: -0.792244 43.2459 1130.13
Ring: 13.8544 40.0021 1112.46
Little: 29.3304 100.463 1026.15
Thumb: 3.64208 135.368 1138.19
Index: 20.9573 37.3803 1111.56
Middle: -4.8696 44.2877 1126.61
Ring: 10.2325 41.796 1108.63
Little: 30.9003 102.291 1024.01
Thumb: 3.61369 135.519 1134.37
Index: 18.8157 39.2233 1108.17
Middle: -6.26625 43.078 1125.42
Ring: 11.0004 41.2172 1108.21
Little: 33.1512 101.115 1020.29
Thumb: 2.25829 134.035 1134.15
Index: 16.2535 40.4698 1109.01
Middle: -10.3337 44.9415 1124.42
Ring: 7.58042 42.8618 1108.28
Little: 34.1368 102.356 1021.25
Thumb: 1.47068 134.73 1131.9
Index: 11.1748 42.0352 1113.09
Middle: -15.2271 48.45 1127.24
Ring: 2.41277 45.7371 1109.93
Little: 38.0944 100.356 1024.08
Thumb: -0.399983 135.915 1131.1
Index: 4.14446 42.9601 1115.15
Middle: -22.595 56.7723 1120.34
Ring: -3.06316 46.4513 1112.8
Little: 36.4211 98.7672 1026.6
Thumb: -5.0951 134.122 1134.96
Index: -4.42423 41.1917 1124.02
Middle: -24.4097 70.4443 1115.22
Ring: -14.4076 46.8861 1117.51
Little: 30.0497 94.7881 1029.98
Thumb: -5.59046 134.623 1133.51
Index: -9.37609 50.7032 1124.35
Middle: -25.5298 73.925 1115.87
Ring: -17.7892 49.5594 1118.21
Little: 29.4818 95.1371 1030.16
Thumb: -9.3356 134.636 1130.32
Index: -18.4628 55.5658 1124.07
Middle: -29.4492 78.1861 1115.15
Ring: -25.4696 51.5437 1119.69
Little: 26.1025 93.218 1030.64
Thumb: -10.1847 135.017 1127.69
Index: -24.1441 57.1502 1122.19
Middle: -32.7565 80.3205 1114.1
Ring: -30.3659 52.5056 1120.17
Little: 22.4156 92.4715 1028.75
Thumb: -12.9658 135.765 1128.03
Index: -28.9517 57.7216 1122.2
Middle: -33.3607 82.5218 1112.78
Ring: -35.201 53.9316 1118.18
Little: 20.619 90.5113 1029.99
Thumb: -15.9406 133.846 1127.83
Index: -34.3653 59.9538 1123.47
Middle: -38.9604 84.8615 1111.92
Ring: -41.7696 56.3007 1118.02
Little: 12.3588 89.3262 1027.75
Thumb: -19.9828 132.962 1126.79
Index: -38.996 65.0347 1122.74
Middle: -42.0497 90.992 1101.65
Ring: -45.9755 56.3786 1119.37
Little: 9.40799 88.8541 1029.27
Thumb: -21.1686 131.771 1128.14
Index: -38.7875 64.8821 1123.25
Middle: -41.1793 89.9008 1100.48
Ring: -45.6228 55.1506 1117.24
Little: 9.33041 88.1469 1028.48
Thumb: -21.7221 132.766 1126.98
Index: -38.7487 65.9614 1122.54
Middle: -41.8276 90.2878 1101.19
Ring: -46.5601 56.6341 1116.78
Little: 9.00927 87.7898 1028.07
Thumb: -23.7147 130.705 1127.05
Index: -39.9936 64.5872 1121.43
Middle: -41.7415 89.964 1100
Ring: -47.8376 55.2201 1115.79
Little: 11.9063 88.718 1028.86
Thumb: -25.63 130.122 1128.53
Index: -42.0106 64.0742 1121.9
Middle: -43.1958 90.5087 1099.52
Ring: -49.8499 55.0641 1115.57
Little: 7.91019 88.4148 1029.2
Thumb: -29.6366 131.295 1130.47
Index: -41.6732 60.9365 1120.45
Middle: -66.4315 80.0315 1094.03
Ring: -49.5981 52.0572 1113.73
Little: 6.03998 89.467 1027.25
Thumb: -32.4832 134.273 1136.37
Index: -41.0131 58.9875 1116.67
Middle: -66.1751 80.3778 1089.5
Ring: -47.4303 49.5436 1111.18
Little: 3.97814 92.4268 1024.41
Thumb: -32.362 137.642 1141.89
Index: -33.838 57.2057 1109.62
Middle: -49.5355 76.229 1096.9
Ring: -40.6262 48.6292 1101.27
Little: 2.11363 100.018 1018.27
Thumb: -33.4599 140.932 1141.23
Index: -31.2209 55.8668 1104.89
Middle: -44.226 74.9749 1094.23
Ring: -38.3678 53.1337 1089.37
Little: 4.41782 101.902 1014.57
Thumb: -35.7078 141.194 1144.22
Index: -30.5593 54.7735 1102.66
Middle: -44.0489 73.5887 1092.83
Ring: -36.1 56.7039 1083.5
Little: 0.761762 100.612 1013.04
Thumb: -34.4715 144.995 1143.49
Index: -31.5265 57.7192 1106.56
Middle: -41.0076 61.7619 1088.94
Ring: -32.3897 65.4773 1080.1
Little: 1.26571 97.4818 1014.99
Thumb: -36.8504 147.093 1142.01
Index: -30.1876 55.1172 1105.15
Middle: -40.2717 60.7211 1088.9
Ring: -36.6281 55.4304 1084.89
Little: -0.18648 96.8613 1013.73
Thumb: -39.3142 147.809 1144.43
Index: -29.3691 49.6531 1102.43
Middle: -39.2198 56.808 1086.23
Ring: -35.2824 52.7239 1081.88
Little: -3.21995 95.5669 1011.35
Thumb: -40.1677 149.036 1144.75
Index: -28.1022 51.6386 1099.99
Middle: -38.1438 54.6507 1084.41
Ring: -34.4956 48.7558 1082.38
Little: -4.10032 94.7652 1009.56
Thumb: -42.3005 153.096 1146.93
Index: -25.6976 49.9839 1097.2
Middle: -34.9248 49.4012 1079.7
Ring: -31.7509 47.4402 1079.13
Little: -3.81475 97.3245 1007.81
Thumb: -42.9125 154.506 1141.6
Index: -23.8955 49.9081 1094.67
Middle: -33.9484 47.8605 1078.6
Ring: -29.2372 44.2931 1076.81
Little: -4.90785 96.0054 1006.82
Thumb: -42.638 156.611 1142.49
Index: -20.5038 47.1149 1094.54
Middle: -32.7114 45.5602 1078.29
Ring: -24.2229 35.7932 1076.69
Little: -3.55825 96.4069 1006.42
Thumb: -44.3265 159.908 1143.07
Index: -15.1976 49.2867 1095.21
Middle: -20.8038 38.6177 1075.23
Ring: -13.901 33.6617 1076.9
Little: -1.27831 96.9919 1008.18
Thumb: -53.951 159.594 1140.09
Index: -10.81 38.9563 1098.36
Middle: -15.6086 29.524 1078.18
Ring: -6.63751 30.6048 1075.22
Little: 8.76392 94.0333 1012.82
Thumb: -59.7076 162.066 1135.63
Index: -8.38583 39.4213 1100
Middle: -12.2296 26.8115 1085.61
Ring: 2.07785 25.7093 1083.36
Little: 17.0059 90.7482 1016.05
Thumb: -68.2953 163.883 1127.52
Index: -7.84083 38.738 1102.54
Middle: -8.88648 25.0439 1089.33
Ring: 6.01245 24.7378 1087.36
Little: 30.1841 92.2899 1020.83
Thumb: -74.5147 167.076 1119.61
Index: -7.50899 38.7676 1106.76
Middle: -8.27174 24.4015 1097.34
Ring: 9.75224 25.6633 1090.51
Little: 40.3979 92.3248 1027.67
Thumb: -86.945 166.284 1105.41
Index: -7.34824 41.6503 1107.85
Middle: -9.3343 30.098 1093.73
Ring: 13.2264 27.7915 1094.47
Little: 32.6378 73.2013 1042.87
Thumb: -87.6449 168.348 1103.04
Index: -8.43203 43.6347 1107.79
Middle: -8.92551 29.1688 1094.91
Ring: 13.8302 26.9897 1096.7
Little: 46.572 91.8462 1043.63
Thumb: -88.0619 165.829 1098.01
Index: -4.72276 37.8886 1106.93
Middle: -13.1813 95.525 1032.15
Ring: 17.5128 25.0404 1097.3
Little: 50.9539 92.8411 1046.83
Thumb: -87.3646 163.047 1095.73
Index: -6.33676 36.8189 1106.53
Middle: -11.9835 99.113 1032.86
Ring: 18.1111 21.9826 1101.02
Little: 53.281 90.6695 1050.58
Thumb: -85.9419 157.189 1089.07
Index: -6.08613 33.7853 1105.74
Middle: -7.01262 92.262 1031.94
Ring: 18.1952 23.1298 1094.17
Little: 60.2323 92.7003 1072.37
Thumb: -84.5486 149.324 1082.89
Index: -7.93317 32.1565 1103.96
Middle: -6.91703 84.8736 1031.88
Ring: 16.8225 20.656 1092.41
Little: 59.0233 89.6452 1080.2
Thumb: -84.6688 145.243 1078.23
Index: -8.98787 30.426 1098.41
Middle: -4.9544 87.3788 1028.08
Ring: 18.4491 20.4601 1084.38
Little: 58.2102 87.66 1079.04
Thumb: -78.1938 139.242 1071.62
Index: -10.9258 29.7765 1091.56
Middle: -4.90601 84.6156 1021.3
Ring: 18.3206 23.8572 1075.58
Little: 58.1275 87.2708 1077.71
Thumb: -71.5948 132.953 1059.32
Index: -12.2736 27.2427 1086.63
Middle: -6.38799 81.1303 1017.03
Ring: 17.0982 22.8519 1068.04
Little: 49.988 77.3532 1054.17
Thumb: -63.4377 125.863 1045.21
Index: -12.5356 25.5424 1079.44
Middle: -2.11735 84.5254 1015.06
Ring: 17.2124 19.031 1056.83
Little: 51.8025 75.1672 1051.99
Thumb: -48.8955 122.122 1030.42
Index: -13.8393 26.6108 1073.98
Middle: -5.08783 78.9583 1010.53
Ring: 15.9497 16.7274 1052.52
Little: 50.2728 77.0577 1049.19
Thumb: -42.5795 118.6 1022.34
Index: -13.6263 28.8151 1063.32
Middle: -3.28724 75.9976 1007.02
Ring: 15.327 20.031 1044.4
Little: 49.777 78.3303 1045.88
Thumb: -39.3644 117.597 1021.46
Index: -14.6742 30.7775 1058.75
Middle: -4.28042 79.3646 1005.59
Ring: 15.3656 25.6827 1037.77
Little: 49.0107 80.2137 1045.79
Thumb: -37.8841 117.366 1022.45
Index: -15.8329 32.0185 1055.25
Middle: -4.94397 76.6436 1004.77
Ring: 14.1478 28.6944 1034.4
Little: 47.2482 81.5238 1040.76
Thumb: -38.4223 116.432 1024.16
Index: -16.9715 34.344 1055.39
Middle: -7.27927 73.3248 1004.92
Ring: 12.0436 36.2057 1030.15
Little: 43.204 80.8843 1037.23
Thumb: -36.3397 113.928 1022.46
Index: -17.6596 33.6253 1054.36
Middle: -12.3242 79.7209 1002.84
Ring: 9.79044 37.9242 1026.87
Little: 40.577 79.6204 1032.58
Thumb: -36.1145 113.738 1023.25
Index: -19.5754 36.3333 1051.56
Middle: -13.7499 79.8156 1001.7
Ring: 8.34003 39.4925 1024.04
Little: 38.9081 81.1056 1030.5
Thumb: -37.5799 111.138 1020
Index: -20.5358 36.8732 1051.66
Middle: -15.3854 76.3199 998.354
Ring: 7.7229 37.1569 1022.11
Little: 38.9895 81.768 1028.16
Thumb: -38.3474 109.616 1017.78
Index: -22.1485 35.919 1044.95
Middle: -18.9301 75.8243 993.749
Ring: 6.28206 36.486 1015.51
Little: 36.579 80.4645 1023.98
Thumb: -39.7046 107.054 1016.17
Index: -24.1123 36.8558 1042.85
Middle: -16.7466 72.5289 992.346
Ring: 4.21758 35.6538 1015.6
Little: 34.7416 82.7545 1020.99
Thumb: -41.2949 105.765 1015.34
Index: -25.813 38.3845 1038.8
Middle: -15.087 70.0592 989.948
Ring: 1.79664 32.9533 1014.38
Little: 32.5944 83.888 1017.68
Thumb: -44.7569 103.221 1016.7
Index: -28.7862 38.5957 1040.1
Middle: -19.6221 68.6484 987.793
Ring: -1.07466 20.7512 1020.92
Little: 27.9588 85.2309 1010.96
Thumb: -45.4912 103.026 1014.02
Index: -31.0086 37.1966 1039.77
Middle: -23.1888 70.5472 986.173
Ring: -3.21411 19.2153 1020.56
Little: 25.3479 85.5161 1008.29
Thumb: -44.1205 103.861 1011.61
Index: -31.525 37.552 1039.27
Middle: -25.6875 71.4724 985.395
Ring: -3.77272 19.2093 1020
Little: 24.7174 85.1676 1006.89
Thumb: -42.5758 105.053 1009.01
Index: -29.5898 35.4734 1040.57
Middle: -30.6605 71.2267 984.65
Ring: -3.53189 13.8076 1027.58
Little: 20.59 74.4392 1004.57
Thumb: -42.7601 103.666 1007.27
Index: -29.2025 37.0466 1040.11
Middle: -30.3941 72.9512 984.4
Ring: -1.98364 12.8003 1030.51
Little: 23.5088 77.1836 1004.7
Thumb: -42.801 103.674 1007.26
Index: -28.6262 35.9072 1040.68
Middle: -30.2713 72.7056 984.486
Ring: -2.94841 12.7291 1031.06
Little: 23.3367 76.2918 1004.99
Thumb: -45.5733 103.151 1007.27
Index: -29.829 35.8833 1042.67
Middle: -31.7106 70.6546 984.517
Ring: -5.54926 12.2242 1032.09
Little: 24.771 76.6116 1003.75
Thumb: -46.5557 104.743 1008.19
Index: -31.4161 36.7338 1043.35
Middle: -31.1787 72.3549 985.456
Ring: -8.53773 13.001 1033.73
Little: 25.3918 79.5206 1005.4
Thumb: -51.5186 104.274 1014.87
Index: -37.244 46.0388 1043.22
Middle: -28.5239 1.16734 1052.65
Ring: -12.3774 12.8383 1038.39
Little: 24.2349 75.975 1008.9
Thumb: -54.7654 99.8181 1020.63
Index: -38.2579 48.6838 1050.56
Middle: -26.4136 -1.66009 1069.12
Ring: -16.395 15.5919 1040.45
Little: 24.2158 75.328 1014.24
Thumb: -79.301 108.911 1039.36
Index: -38.7573 44.7241 1061.47
Middle: -26.961 -0.871996 1076.36
Ring: -18.6266 17.5133 1047.78
Little: 18.7933 74.8698 1021.26
Thumb: -85.4724 111.361 1053.77
Index: -38.8004 34.6143 1071.91
Middle: -23.2332 4.38663 1072.79
Ring: -24.4063 16.7208 1061.78
Little: 15.4773 75.0441 1029.84
Thumb: -92.1178 113.761 1068.22
Index: -45.5971 37.0265 1090.28
Middle: -36.5528 12.1102 1081.23
Ring: -36.4522 15.1642 1082.83
Little: 11.5534 76.1397 1037.47
Thumb: -93.2197 125.635 1092.13
Index: -54.7039 39.9546 1105.58
Middle: -45.0492 10.3043 1103
Ring: -43.352 16.2304 1110.27
Little: 16.8406 72.174 1046.25
Thumb: -92.0088 131.713 1105.08
Index: -51.4319 40.9314 1120.54
Middle: -46.5467 14.1412 1119.97
Ring: -45.3708 21.6569 1123.38
Little: 9.22367 72.3445 1052.43
Thumb: -88.3944 139.663 1116.79
Index: -45.3264 45.0793 1133.08
Middle: -43.6104 20.0804 1129.91
Ring: -41.0262 29.3423 1139.67
Little: 14.3301 74.3657 1059.65
Thumb: -81.0831 142.855 1119.15
Index: -39.9216 50.1897 1148.17
Middle: -37.6821 28.9509 1158
Ring: -32.7539 34.2013 1149.38
Little: 23.478 83.5029 1067.73
Thumb: -80.7483 147.654 1124.84
Index: -33.4866 49.2512 1155.92
Middle: -30.1561 31.8683 1174.1
Ring: -28.7077 35.9497 1156.86
Little: 29.4418 86.9238 1072.47
Thumb: -72.0775 151.64 1129.15
Index: -26.7929 55.9119 1166.27
Middle: -28.0441 40.0296 1168.43
Ring: -21.7117 46.8847 1171.73
Little: 27.8899 88.9605 1071.03
Thumb: -67.5161 156.76 1138.29
Index: -19.663 57.4316 1170.43
Middle: -32.4904 57.1788 1162.5
Ring: -13.3694 48.8059 1174
Little: 35.5557 97.9882 1072.38
Thumb: -63.9749 157.37 1139.81
Index: -13.7265 59.1188 1172.6
Middle: -26.6393 57.2432 1164.23
Ring: -9.48841 49.13 1172.59
Little: 39.8929 96.5986 1072.32
Thumb: -58.958 157.386 1141.54
Index: -42.7612 83.4236 1150.94
Middle: -22.8979 55.9932 1163.65
Ring: -4.34729 49.7533 1171.24
Little: 41.229 98.7927 1068.69
Thumb: -56.2085 158.337 1142.04
Index: -39.3369 82.7354 1149.71
Middle: -20.1159 56.6587 1158.97
Ring: -1.64317 48.3282 1164.97
Little: 45.9303 98.8509 1068.48
Thumb: -53.3853 155.886 1140.72
Index: -34.3434 69.964 1161.45
Middle: -13.1561 56.1723 1153.09
Ring: 4.76322 46.0597 1162.79
Little: 49.1017 99.2178 1064.98
Thumb: -51.4228 150.032 1141.36
Index: -26.9964 59.827 1162.74
Middle: -5.75525 51.7768 1143.37
Ring: 10.3058 40.4145 1151.18
Little: 49.8934 100.272 1058.07
Thumb: -45.7845 145.173 1146.19
Index: -17.1425 71.1451 1143.71
Middle: 0.339321 45.509 1136.66
Ring: 22.69 34.3299 1146.62
Little: 47.1159 100.363 1048.35
Thumb: -43.6354 140.677 1145.98
Index: -9.24938 58.7982 1139.42
Middle: 3.73745 39.3443 1131.4
Ring: 29.1603 29.7487 1139.36
Little: 36.895 83.9526 1045.74
Thumb: -38.9756 132.391 1142.44
Index: -5.24522 54.6687 1134.81
Middle: 7.85748 38.9155 1126.29
Ring: 31.6244 26.9568 1135.1
Little: 37.8719 84.3461 1040.55
Thumb: -36.8246 128.315 1140.85
Index: -2.72304 54.0572 1134.45
Middle: 8.83508 38.88 1125.42
Ring: 21.1994 27.6698 1125.88
Little: 40.0348 89.404 1036.9
Thumb: -32.4218 124.088 1140.9
Index: -4.83918 47.9857 1137.67
Middle: 4.78877 38.2876 1124.48
Ring: 14.5079 31.5171 1126.66
Little: 36.7984 86.8492 1033.88
Thumb: -26.4743 121.179 1138.21
Index: -1.80581 40.6752 1154.73
Middle: 1.68304 44.5517 1129.28
Ring: 7.64459 36.392 1123.55
Little: 29.1653 80.5714 1037.16
Thumb: -21.5696 121.681 1136.97
Index: -8.99937 50.6941 1162.26
Middle: -5.21768 51.7177 1136.49
Ring: 0.984544 41.774 1133.05
Little: 21.1899 78.3265 1039.76
Thumb: -19.1271 118.6 1133.45
Index: -13.7439 56.4972 1165.89
Middle: -11.6788 55.4627 1140.46
Ring: -3.95222 43.9362 1135.03
Little: 37.9824 87.8325 1034.36
Thumb: -18.535 117.479 1128.79
Index: -10.1807 60.1176 1174.73
Middle: -14.8704 57.0839 1144.64
Ring: -6.07506 47.4184 1135.83
Little: 36.9143 86.8027 1034.26
Thumb: -18.1338 115.69 1127.47
Index: -6.15067 59.4995 1176.02
Middle: -14.9369 58.5528 1146.25
Ring: -7.59306 48.5109 1135.43
Little: 33.7864 82.5118 1035.29
Thumb: -15.364 116.828 1132.01
Index: -4.85842 59.9926 1176.54
Middle: -13.9374 58.4578 1146.91
Ring: -7.85205 48.9086 1135.84
Little: 46.6971 86.8912 1037.68
Thumb: -14.7411 115.781 1133.49
Index: -8.34422 61.8085 1175.27
Middle: -14.5608 61.3403 1154.17
Ring: -7.90776 49.7515 1137.67
Little: 48.5264 85.6799 1039.83
Thumb: -13.6579 114.869 1135.2
Index: -51.0663 101.914 1093.07
Middle: -23.6708 66.3736 1152.2
Ring: -7.84663 51.737 1147.32
Little: 39.1171 81.5028 1037.78
Thumb: -15.9314 114.483 1134.17
Index: -52.532 99.8158 1094.95
Middle: -25.1019 66.431 1152.87
Ring: -9.2244 51.9323 1148.01
Little: 33.3966 80.2269 1037.79
Thumb: -18.9179 113.674 1133.95
Index: -54.2804 101.629 1090.25
Middle: -26.6289 68.139 1147.48
Ring: -14.1559 51.9059 1143.28
Little: 34.4719 80.7186 1038.31
Thumb: -19.9935 113.637 1135.12
Index: -46.6524 115.572 1087
Middle: -27.4847 70.0521 1144.52
Ring: -16.6476 52.3624 1142.16
Little: 34.8035 81.2053 1039.3
Thumb: -21.2616 114.611 1137.05
Index: -50.9429 113.083 1090.61
Middle: -28.9115 73.1133 1135.72
Ring: -18.5354 52.1647 1139.66
Little: 36.6629 85.5118 1039.57
Thumb: -21.0008 113.032 1136.51
Index: -49.139 116.695 1091.79
Middle: -28.6975 73.9669 1135.1
Ring: -18.4426 51.9862 1140.97
Little: 39.2728 86.7644 1042.32
Thumb: -20.8913 115.086 1138.56
Index: -53.4862 113.861 1092.85
Middle: -29.4204 75.1709 1135.75
Ring: -19.3182 53.0849 1141.99
Little: 37.1993 85.8846 1041.9
Thumb: -20.6881 114.761 1138.78
Index: -55.415 111.236 1094.11
Middle: -29.6431 75.473 1136.71
Ring: -19.4311 53.2864 1143.77
Little: 37.2432 84.7031 1042.9
Thumb: -20.687 115.016 1138.96
Index: -50.6253 116.393 1092.48
Middle: -29.3941 75.4131 1136.82
Ring: -19.2737 53.3354 1143.72
Little: 37.2654 84.3723 1042.84
Thumb: -20.7073 115.164 1139.2
Index: -51.2684 115.795 1092.72
Middle: -28.6295 76.8878 1134.07
Ring: -19.3098 53.3453 1143.73
Little: 37.2645 84.3938 1042.92
Thumb: -19.9726 116.228 1139.49
Index: -54.6345 110.452 1093.18
Middle: -28.5293 75.8472 1134.13
Ring: -19.1524 52.7486 1142.97
Little: 37.6889 83.9054 1042.83
Thumb: -20.879 116.189 1138.27
Index: -54.4398 114.731 1090.83
Middle: -29.101 75.8661 1134.12
Ring: -20.1166 52.8073 1143.36
Little: 37.2884 83.6611 1043.59
Thumb: -21.9358 118.5 1137.99
Index: -54.8244 116.977 1092.13
Middle: -30.62 76.9025 1133.79
Ring: -21.1297 55.1897 1147.09
Little: 36.5736 85.4789 1043.35
Thumb: -22.6132 124.595 1141.77
Index: -56.7606 121.683 1089.4
Middle: -31.1832 78.9748 1134.58
Ring: -22.3511 56.871 1146.33
Little: 35.3271 86.0946 1043.43
Thumb: -23.4245 126.893 1144.85
Index: -58.1709 120.64 1090.44
Middle: -30.5364 78.0751 1135.03
Ring: -20.8308 56.7273 1149.55
Little: 34.77 86.4056 1044.31
Thumb: -22.2279 130.954 1147.49
Index: -55.4454 126.188 1089.29
Middle: -28.2361 74.822 1133.15
Ring: -16.7796 51.975 1145.35
Little: 34.959 89.402 1042.44
Thumb: -19.5887 134.59 1156.05
Index: -54.1674 125.607 1090.1
Middle: -23.5047 72.852 1130.89
Ring: -13.9477 49.4211 1142.52
Little: 35.0345 91.3265 1041.48
Thumb: -18.2786 136.795 1161.46
Index: -19.288 58.6807 1173.05
Middle: -22.6724 67.7021 1129.44
Ring: -9.96865 45.5803 1140.77
Little: 10.0658 86.5323 1037.33
Thumb: -11.3204 137.685 1167.47
Index: -31.7945 89.6947 1135.05
Middle: -16.9027 61.4784 1126.59
Ring: -4.03706 41.9223 1140.73
Little: 11.3071 90.0975 1035.37
Thumb: -1.5269 144.177 1172.95
Index: -30.613 88.6816 1134.13
Middle: -14.035 56.9186 1126.99
Ring: 1.11563 37.4768 1138.05
Little: 12.2264 87.9839 1033.59
Thumb: 4.54932 143.01 1175.74
Index: -25.9883 86.5148 1136.09
Middle: -13.867 49.1731 1129.18
Ring: 3.63222 38.8871 1134.74
Little: 17.8101 93.2928 1031.75
Thumb: 9.78937 142.363 1178.12
Index: -21.9705 83.8857 1136.06
Middle: -9.47115 46.7383 1127.81
Ring: 9.09679 36.7655 1133.05
Little: 33.1702 96.8593 1035.54
Thumb: 18.6645 141.4 1182.71
Index: -20.54 74.1801 1140.58
Middle: -6.85817 45.4043 1126.93
Ring: 12.8749 34.5294 1133.08
Little: 46.1672 94.3769 1046.92
Thumb: 24.994 138.097 1184.07
Index: -17.3792 71.6104 1140.43
Middle: -4.06215 40.0327 1127.71
Ring: 15.3876 33.4616 1129.67
Little: 46.6633 95.8456 1046.15
Thumb: 31.826 137.923 1181.82
Index: -12.8194 70.8886 1139.74
Middle: 4.03792 30.1771 1133.25
Ring: 19.6528 31.3173 1127.93
Little: 45.4901 93.8994 1041.72
Thumb: 35.6666 133.968 1181.89
Index: -11.4328 67.5211 1140.59
Middle: 9.99049 25.9092 1132.93
Ring: 15.7791 33.7097 1123.52
Little: 47.1514 92.3071 1042.96
Thumb: 32.1611 92.427 1078.49
Index: -5.01862 62.4697 1132.41
Middle: 20.9216 25.7798 1124.95
Ring: 17.5241 40.956 1117.23
Little: 47.314 90.3396 1027.23
Thumb: 35.2037 93.452 1076.06
Index: 14.7377 49.1688 1107.12
Middle: 31.3894 31.8489 1133.26
Ring: 6.08112 47.9668 1105.01
Little: 50.4536 93.5145 1024.82
Thumb: 40.7474 94.1399 1074.53
Index: 14.2626 63.8389 1109.78
Middle: 36.655 35.6012 1134.02
Ring: 3.28952 54.0867 1105.68
Little: 46.7559 92.1808 1022.89
Thumb: 41.1224 93.6226 1074.38
Index: 8.82466 62.4426 1107.23
Middle: 42.7586 34.34 1134.85
Ring: 2.17862 54.5023 1103.37
Little: 47.5772 93.2132 1022.19
Thumb: 39.9836 92.9299 1071.15
Index: 10.3694 60.5615 1107.06
Middle: 44.7928 33.3805 1134.38
Ring: 4.33299 52.92 1104.08
Little: 46.7031 91.9963 1021.06
Thumb: 39.0111 91.0113 1071.82
Index: 12.1063 59.0774 1107.93
Middle: 48.8483 30.455 1133.82
Ring: 6.07174 49.298 1105.2
Little: 46.6582 91.2186 1021.95
Thumb: 38.1893 90.0556 1071.17
Index: 17.4172 49.8323 1107.92
Middle: 49.9011 29.1 1133.16
Ring: 5.19126 47.9323 1103.8
Little: 45.7048 90.8287 1021.68
Thumb: 40.3458 91.4469 1072.41
Index: 20.7993 52.1461 1107.11
Middle: 52.9062 30.8816 1130.74
Ring: 7.47363 49.4021 1102.31
Little: 47.3003 92.7338 1020.17
Thumb: 39.7492 94.9787 1070.28
Index: 20.6348 53.2795 1103.61
Middle: 48.7333 29.7531 1124.37
Ring: 5.68122 51.409 1097.86
Little: 45.901 105.494 1012.1
Thumb: 31.6732 102.265 1065.56
Index: 14.8811 62.8242 1103.66
Middle: 38.3569 31.6698 1114.21
Ring: 4.75087 55.9961 1100.13
Little: 33.7578 116.02 1009.74
Thumb: 2.6716 104.105 1075.45
Index: -4.07672 56.0285 1100.77
Middle: 20.2582 28.8218 1102.14
Ring: -10.9358 56.3416 1096.58
Little: 48.6252 97.8502 1008.95
Thumb: 14.6422 76.8226 1066.54
Index: 21.4088 43.1564 1057.22
Middle: 1.69396 12.4842 1093.89
Ring: 4.55732 24.9562 1092.9
Little: 49.8774 36.7966 1095.81
Thumb: 8.48828 82.5082 1085.69
Index: 13.2633 58.5357 1048.77
Middle: -7.24349 15.1122 1089.73
Ring: -1.34812 26.7777 1091.99
Little: 48.0185 36.3364 1088.87
Thumb: 8.78103 83.1374 1081.79
Index: 19.2317 46.5458 1051.1
Middle: -3.70306 12.9667 1089.81
Ring: 0.0600395 25.477 1088.45
Little: 55.148 37.499 1082.34
Thumb: 7.57942 83.2896 1081.13
Index: 26.6865 79.7008 1017.83
Middle: -1.20582 12.0483 1089.35
Ring: 1.42561 24.7519 1087.03
Little: 54.8538 37.4964 1082.79
Thumb: 6.46308 85.1582 1081.57
Index: 25.676 83.4912 1019.82
Middle: -0.925586 12.6811 1082.33
Ring: 1.81906 25.7484 1085.32
Little: 54.3949 37.5503 1081.98
Thumb: 7.42214 84.7492 1078.55
Index: 23.6378 89.9477 1018.81
Middle: -0.732634 12.2246 1086.49
Ring: 1.96719 25.5767 1084.23
Little: 57.903 39.8057 1079.52
Thumb: 3.46471 84.3339 1078.4
Index: 15.1215 99.1303 1023.61
Middle: -0.121791 11.697 1083.85
Ring: 2.26093 25.1605 1081.82
Little: 52.9309 37.9305 1079.48
Thumb: 2.01629 85.0461 1078.64
Index: 11.13 99.8075 1024.81
Middle: 0.208329 12.2051 1083.57
Ring: 1.78365 25.8924 1081.32
Little: 52.1009 38.8676 1076.74
Thumb: 4.63313 85.1007 1077.97
Index: 11.5308 99.4484 1011.97
Middle: -0.0267115 12.7802 1081.53
Ring: 1.03186 26.6103 1079.36
Little: 50.7416 39.959 1074.17
Thumb: 3.17867 86.3765 1076.7
Index: 9.80597 101.92 1011.55
Middle: 1.04346 14.1682 1079.25
Ring: 1.11757 28.2749 1077.05
Little: 51.3009 42.7857 1070.78
Thumb: 4.40851 88.9227 1074.44
Index: 10.1905 90.6264 1006.6
Middle: 0.128289 15.2734 1078.38
Ring: -0.387911 29.5305 1075.34
Little: 49.1372 43.207 1068.6
Thumb: 3.04738 90.6788 1073.69
Index: 9.03109 92.8878 1004.31
Middle: -0.655743 16.9027 1075.13
Ring: -0.173868 30.0593 1072.74
Little: 47.8828 44.9401 1064.65
Thumb: 2.40113 91.5627 1070.26
Index: 4.49992 100.382 1006.86
Middle: -1.22107 18.0833 1070.27
Ring: -0.456994 31.0729 1070.28
Little: 47.0109 46.2802 1060.44
Thumb: 1.45353 91.4894 1066.6
Index: 5.10578 96.0925 1005.68
Middle: -3.00519 18.1847 1068.11
Ring: -1.95679 31.4309 1066.66
Little: 46.9725 45.5809 1058.27
Thumb: -2.36092 91.4809 1063.6
Index: 3.88945 60.3563 1031.95
Middle: -3.45315 17.576 1066.63
Ring: -2.8802 31.0982 1062.99
Little: 45.5394 45.441 1055.64
Thumb: -0.59091 90.6574 1061.54
Index: 1.70372 61.876 1027.62
Middle: -5.13909 17.6049 1062.24
Ring: -3.70168 30.4561 1060.3
Little: 44.6478 45.0446 1053.25
Thumb: -0.369986 91.1054 1060.83
Index: 2.38682 60.7037 1026.44
Middle: -5.69777 17.9752 1062.29
Ring: -4.46882 30.8725 1058.26
Little: 46.9706 48.3694 1050.64
Thumb: -0.262261 92.591 1060.63
Index: -1.23752 82.9087 1024.73
Middle: -4.88028 19.4323 1060.62
Ring: -3.6253 31.8057 1057
Little: 45.3053 48.1261 1049.27
Thumb: -1.75047 92.5824 1060.28
Index: 2.14888 61.6496 1018.18
Middle: -4.59025 19.0801 1059.85
Ring: -4.15338 31.4532 1057.32
Little: 44.6965 47.2994 1048.42
Thumb: -0.596961 91.8777 1059.23
Index: 2.3969 61.3545 1018.55
Middle: -3.88971 18.6923 1060.48
Ring: -3.60944 31.0586 1059.37
Little: 45.3945 45.9142 1048.96
Thumb: -0.381418 92.8846 1059.74
Index: 2.79066 57.1618 1020.01
Middle: -4.50705 19.6229 1061.13
Ring: -3.77108 31.7768 1060.15
Little: 45.3845 46.055 1049.2
Thumb: 0.339423 92.6782 1059.58
Index: 1.77576 56.655 1020.33
Middle: -3.88787 19.3502 1062.2
Ring: -3.727 31.5211 1060.17
Little: 44.2053 45.411 1051.76
Thumb: 0.139872 92.8559 1060.09
Index: 0.456958 56.7527 1021.61
Middle: -4.83204 19.6337 1063.34
Ring: -3.91328 31.4279 1062.65
Little: 44.6386 45.6103 1052.7
Thumb: 0.63331 92.5652 1059.98
Index: 2.45084 55.2154 1022.95
Middle: -4.91289 19.6466 1063.86
Ring: -3.69629 31.317 1062.91
Little: 45.4146 45.6515 1052.72
Thumb: 1.03801 91.554 1059.57
Index: 2.54171 51.0321 1025.55
Middle: -3.61147 18.5598 1065.17
Ring: -2.93689 30.1103 1063.62
Little: 44.2007 45.0187 1057.83
Thumb: 1.32939 89.4581 1061.9
Index: 3.13351 49.6892 1026.81
Middle: -3.24424 16.1253 1067.29
Ring: -2.37392 27.4381 1065.8
Little: 42.9634 40.7417 1061.99
Thumb: 1.29028 87.4304 1063.6
Index: 3.48583 53.5791 1027.38
Middle: -2.71936 14.4581 1071.03
Ring: -0.0811501 24.796 1069.96
Little: 42.5313 36.842 1070.8
Thumb: 2.68205 87.3218 1066.37
Index: 4.26591 45.594 1034.18
Middle: -1.3533 14.4002 1073.73
Ring: 0.188835 25.0226 1072.37
Little: 43.1242 37.0971 1073.11
Thumb: 3.61893 87.309 1069.59
Index: 3.45579 51.9181 1034.68
Middle: 0.497691 14.0805 1077.12
Ring: 0.799103 24.9333 1075.5
Little: 44.0033 36.9966 1074.89
Thumb: 4.09513 86.93 1071.19
Index: 4.19579 47.2663 1038.76
Middle: 1.82558 13.3494 1079.28
Ring: 2.56595 23.3509 1078.43
Little: 44.9198 35.636 1078.89
Thumb: 4.6228 87.4509 1073.8
Index: 4.0084 47.1474 1043.11
Middle: 0.85039 14.3738 1084.15
Ring: 2.56905 23.7907 1082.81
Little: 43.9786 35.4245 1083.11
Thumb: 4.03175 87.3709 1077.13
Index: 3.56311 44.2441 1047.49
Middle: 0.532825 14.008 1086.65
Ring: 2.93789 23.0904 1085.54
Little: 43.8949 33.981 1088.96
Thumb: 4.34051 87.1843 1077.4
Index: 2.23128 38.3395 1058.57
Middle: 0.357605 14.4778 1089.47
Ring: 2.87222 23.2602 1089.47
Little: 45.1233 34.3392 1089.56
Thumb: 3.26444 86.1553 1081.36
Index: 3.00597 36.482 1063.16
Middle: -1.05951 13.9281 1094.29
Ring: 4.75497 21.4373 1094.31
Little: 42.7267 33.8118 1099.29
Thumb: 0.942624 83.5985 1084.59
Index: 5.43085 40.3745 1061.08
Middle: -1.56858 10.9112 1097.2
Ring: 3.39542 18.6097 1097.95
Little: 40.2284 31.1434 1108.31
Thumb: 4.70026 84.1466 1089.89
Index: 7.31851 40.0383 1063.53
Middle: 0.460137 10.8341 1098.81
Ring: 3.31432 19.3439 1099.24
Little: 40.8189 31.341 1111.78
Thumb: 6.11819 84.576 1093.81
Index: 6.65605 35.1576 1070.19
Middle: 1.07587 11.5825 1103.42
Ring: 3.96692 19.9044 1102.25
Little: 42.3767 31.7681 1113.18
Thumb: 8.85433 86.2457 1103.04
Index: -1.86758 29.7857 1100.83
Middle: -0.00291538 16.3633 1094.7
Ring: 4.81996 20.3821 1109.62
Little: 43.0796 31.8886 1115.81
Thumb: 6.96008 90.1041 1105.43
Index: -4.9283 33.38 1102.03
Middle: -1.7455 19.925 1094.49
Ring: 2.28675 23.1976 1111.98
Little: 39.8962 33.9241 1118.3
Thumb: 5.74122 92.414 1100.54
Index: -6.2727 36.6841 1100.32
Middle: -2.24335 23.3207 1094.14
Ring: 4.30743 24.8726 1102.76
Little: 33.2123 39.4319 1120.85
Thumb: 56.6242 126.156 1115.91
Index: 0.215678 38.9283 1094.09
Middle: 0.0879278 23.3302 1091.83
Ring: 5.9521 27.5215 1102.45
Little: 22.9398 45.7972 1122.95
Thumb: 46.5164 106.694 1104.29
Index: 3.61537 39.5929 1085.43
Middle: 4.93244 25.5654 1079.5
Ring: 3.66621 26.1174 1104.36
Little: 18.9752 46.0117 1118.94
Thumb: 44.9723 99.0927 1098.22
Index: -4.28407 38.4649 1085.41
Middle: 1.6641 23.3619 1080.3
Ring: -1.14592 24.2129 1104.34
Little: 12.5977 44.6413 1118.77
Thumb: 44.2725 91.9342 1092.29
Index: -4.19916 34.2245 1086.83
Middle: -6.46772 18.1986 1086.97
Ring: -1.58154 21.1887 1108.16
Little: 12.5019 42.7173 1121.19
Thumb: 97.2067 112.187 1098.56
Index: 8.88537 41.0141 1100.09
Middle: -5.38062 29.0956 1110.71
Ring: 2.95858 37.4546 1099.06
Little: 7.59867 59.5712 1133.82
Thumb: 101.428 113.921 1098.07
Index: 5.1447 41.4682 1097.44
Middle: -3.57324 27.7614 1108.16
Ring: 7.43856 39.1468 1090.09
Little: -0.726113 60.9337 1128.98
Thumb: 101.859 114.718 1080.9
Index: 5.0826 41.2051 1096.16
Middle: -5.64466 28.0367 1106.45
Ring: 8.212 38.7512 1089.05
Little: -2.3915 60.8158 1127.17
Thumb: 96.6262 112.632 1086.96
Index: 6.09572 39.4766 1096.14
Middle: -5.34455 26.5046 1106.72
Ring: 9.51422 37.0121 1089.14
Little: -2.93885 59.3467 1126.52
Thumb: 97.6875 117.501 1077.84
Index: 4.91562 36.5673 1103.01
Middle: -8.9585 25.5986 1117.29
Ring: 8.6122 33.6395 1096.33
Little: -5.59299 58.5702 1131.41
Thumb: 99.6419 111.076 1087
Index: 2.52489 32.3329 1108.67
Middle: -10.4833 21.2367 1119.51
Ring: -6.41148 28.2246 1117.57
Little: -16.4277 56.1161 1140.45
Thumb: 115.766 119.075 1082.39
Index: 4.63608 30.7294 1110.6
Middle: -12.8968 22.8777 1125.36
Ring: -6.52375 27.8012 1120.56
Little: -21.4789 56.8561 1143.18
Thumb: 110.897 113.254 1093.11
Index: 5.27993 31.3354 1111.59
Middle: -11.5952 21.7174 1122.41
Ring: -6.16535 27.4393 1119.46
Little: -25.5983 56.8308 1140.12
Thumb: 104.819 109.442 1110.15
Index: 19.5127 35.2733 1124.07
Middle: -10.9514 19.6949 1120.62
Ring: -8.64842 26.7086 1120.61
Little: -30.2958 56.2511 1138.2
Thumb: 108.691 116.245 1113.18
Index: 13.9256 31.6558 1124.79
Middle: -11.5265 17.7589 1120.58
Ring: -10.532 24.8379 1120.55
Little: -33.6977 54.3091 1134.87
Thumb: 87.7062 111.028 1119.08
Index: 14.4328 33.9113 1126.02
Middle: -14.8683 17.7925 1119.74
Ring: -11.9464 23.9475 1118.83
Little: -37.5964 52.8238 1129.91
Thumb: 86.5643 108.554 1118.4
Index: 14.3278 38.2824 1128.99
Middle: -15.5839 17.7378 1119
Ring: -14.2742 24.6403 1118.43
Little: -34.4087 68.1588 1139.6
Thumb: 84.4278 104.979 1114.84
Index: 12.1741 35.9914 1127.93
Middle: -17.6471 17.758 1118.04
Ring: -15.5589 24.1952 1117.5
Little: -36.9482 67.4161 1138.56
Thumb: 89.0722 106.925 1113.56
Index: 10.8675 37.8278 1128.37
Middle: -18.8461 18.7824 1117.95
Ring: -16.2647 25.0791 1117.51
Little: -37.9238 68.527 1137.43
Thumb: 89.6461 105.65 1114.87
Index: 9.64806 37.3371 1127.98
Middle: -20.5193 19.4782 1117.48
Ring: -17.7638 25.6422 1116.75
Little: -39.3727 69.6033 1135.62
Thumb: 88.8812 104.055 1113.95
Index: 7.05161 37.642 1127.03
Middle: -22.8365 19.6651 1116.26
Ring: -20.0002 25.8152 1115.69
Little: -41.3441 69.8748 1134.61
Thumb: 87.9777 104.655 1114.56
Index: 7.71653 36.8687 1127.09
Middle: 32.9065 100.387 1192.81
Ring: -19.8304 25.4494 1115.78
Little: -41.0478 69.7047 1134.39
Thumb: 90.8253 108.277 1114.51
Index: 3.79324 35.54 1124.35
Middle: 30.2564 100.761 1191.62
Ring: -21.0389 25.7546 1113.6
Little: -42.3967 70.1408 1132.15
Thumb: 86.1168 105.35 1115.81
Index: 7.14397 30.2956 1123.38
Middle: 27.9319 102.397 1192.22
Ring: -22.0824 25.8707 1114.27
Little: -43.8513 70.5355 1131.31
Thumb: 86.014 107 1118.54
Index: 7.54632 30.0699 1122.99
Middle: 25.2687 101.48 1191.89
Ring: -22.4025 25.0153 1112.91
Little: -44.849 69.3948 1129.54
Thumb: 85.5121 105.78 1117.92
Index: 7.89588 31.0597 1124.26
Middle: 22.8026 101.442 1192.09
Ring: -24.217 25.2091 1112.5
Little: -46.5467 69.8176 1128.56
Thumb: 87.5801 107.709 1119.55
Index: 7.70681 30.6391 1124.19
Middle: 22.9948 102.117 1192.11
Ring: -24.2604 25.293 1112.74
Little: -46.5089 69.8389 1128.62
Thumb: 87.4794 107.889 1119.82
Index: 7.81393 30.3559 1124.44
Middle: 23.4782 104.153 1191.95
Ring: -23.8819 25.2275 1113.09
Little: -46.4574 69.671 1128.63
Thumb: 86.0051 106.957 1114.81
Index: 7.29603 31.8066 1124.09
Middle: 21.2655 107.314 1191.65
Ring: -23.626 26.3442 1111.99
Little: -46.8201 70.6954 1127.09
Thumb: 85.8745 107.121 1114.84
Index: 8.98471 31.0234 1125.3
Middle: 20.8562 107.534 1192.41
Ring: -23.6929 26.5145 1113.59
Little: -46.9989 71.1448 1128.13
Thumb: 85.1842 107.129 1116.23
Index: 9.58435 31.7519 1126
Middle: 20.8728 107.784 1192.43
Ring: -23.6548 26.4937 1113.71
Little: -47.0986 70.9926 1128.24
Thumb: 87.0092 107.769 1117.4
Index: 5.9434 30.3856 1125.1
Middle: 21.2176 105.467 1193.66
Ring: -23.1333 26.7902 1115.25
Little: -46.2004 71.521 1129.6
Thumb: 87.0694 108.933 1117.75
Index: 6.91883 30.2653 1124.96
Middle: 20.8134 105.379 1193.62
Ring: -22.0085 26.2109 1114.9
Little: -45.896 70.8417 1129.26
Thumb: 86.694 106.128 1118.13
Index: 7.07251 32.1061 1127.41
Middle: 21.7556 104.624 1194
Ring: -22.32 25.7007 1115.56
Little: -45.5805 70.3263 1129.69
Thumb: 82.2038 106.897 1119.61
Index: 9.32556 29.4993 1125.9
Middle: 22.4657 104.72 1193.77
Ring: -19.6531 25.0836 1115.18
Little: -43.9881 68.9439 1129.99
Thumb: 76.9059 106.741 1122.88
Index: 9.71293 28.2548 1125.64
Middle: 24.1542 106.554 1193.07
Ring: -19.0631 24.271 1116.34
Little: -43.5796 68.581 1131.21
Thumb: 84.6107 109.014 1120.95
Index: 9.78608 28.2773 1124.66
Middle: 23.3951 106.999 1193.44
Ring: -18.1621 24.1775 1115.97
Little: -43.3691 67.7119 1130.62
Thumb: 85.6248 115.481 1131.17
Index: 9.18557 28.6124 1125.58
Middle: 22.6241 104.732 1194.19
Ring: -17.8324 23.9133 1116.9
Little: -43.1879 67.3299 1131.26
Thumb: 100.841 117.542 1131.01
Index: 7.85492 31.2643 1126.23
Middle: 25.0173 105.24 1194.99
Ring: -17.1686 25.0751 1117.48
Little: -41.8968 68.5366 1132.26
Thumb: 100.666 117.158 1127.31
Index: 8.80433 33.9804 1126.4
Middle: 25.8068 108.539 1194.95
Ring: -16.7656 27.4704 1117.77
Little: -41.2333 70.8846 1132.47
Thumb: 100.253 115.576 1125.46
Index: 9.24963 35.6523 1126.17
Middle: 27.8252 108.98 1194.95
Ring: -15.5711 28.5413 1117.38
Little: -39.8409 72.0662 1132.43
Thumb: 105.283 117.54 1126.62
Index: 9.67072 36.1011 1126.11
Middle: 27.9026 108.753 1194.86
Ring: -15.4073 29.1659 1116.66
Little: -39.4936 72.7844 1131.4
Thumb: 106.431 118.635 1123.26
Index: 11.982 37.0591 1125.83
Middle: 29.737 107.985 1194.98
Ring: -13.4961 28.3723 1116.47
Little: -37.8843 69.9282 1131.32
Thumb: 99.0435 110.264 1123.31
Index: 15.8769 37.4856 1126.77
Middle: 31.3282 107.267 1195.38
Ring: -10.1837 27.9464 1117.35
Little: -35.0136 68.1088 1131.81
Thumb: 101.453 112.077 1125.04
Index: 19.5291 38.1239 1123.31
Middle: 35.2062 107.981 1194.18
Ring: -6.20527 29.1577 1113.33
Little: -31.2875 69.2615 1128.72
Thumb: 107.397 118.93 1124.27
Index: 25.2034 38.6272 1120.95
Middle: 36.9051 106.355 1193.91
Ring: -0.696749 29.1852 1110.44
Little: -27.1869 67.62 1126.11
Thumb: 128 117.755 1120.27
Index: 27.0935 40.2759 1115.73
Middle: 38.0933 101.688 1193.79
Ring: 5.0479 36.268 1121.05
Little: -20.9279 75.6178 1123.97
