Thumb: 32.9554 91.7207 1121.92
Index: -64.5745 28.1944 1098.23
Middle: -101.42 40.8207 1097.63
Ring: -124.543 62.0639 1082.41
Little: -141.773 103.039 1080.87
Thumb: 38.5442 92.785 1103.51
Index: -66.6652 34.8837 1107.82
Middle: -101.077 34.0128 1084.64
Ring: -75.727 129.634 1154.05
Little: -111.415 126.962 1131.21
Thumb: 32.0186 88.3406 1104.76
Index: -73.2788 28.7753 1091.12
Middle: -103.997 37.7401 1089.89
Ring: -79.5759 128.314 1155.12
Little: -107.644 142.133 1129.83
Thumb: 26.0977 87.749 1105.51
Index: -77.4075 26.5452 1090.28
Middle: -107.284 36.6392 1094.86
Ring: -84.9171 124.694 1158.42
Little: -111.628 138.763 1134.62
Thumb: 23.1379 85.3611 1105.21
Index: -81.2083 27.4118 1089.36
Middle: -109.649 36.5545 1090.27
Ring: -82.579 124.801 1159.91
Little: -110.818 138.912 1136.7
Thumb: 13.9565 82.8503 1103.5
Index: -83.4622 29.0836 1094.54
Middle: -111.29 36.0036 1097.66
Ring: -85.0478 118.979 1161.12
Little: -114.228 132.329 1139.48
Thumb: 7.22065 80.7605 1103.86
Index: -88.1517 29.7048 1096.5
Middle: -113.727 38.067 1099.69
Ring: -130.616 51.9637 1090.09
Little: -115.027 133.799 1140.94
Thumb: 2.04849 83.141 1101.84
Index: -89.4445 34.6693 1095.84
Middle: -111.713 41.5207 1101.38
Ring: -127.896 56.177 1099.24
Little: -115.08 134.565 1140.65
Thumb: -1.01769 79.9332 1099.49
Index: -95.6491 35.3878 1094.97
Middle: -114.463 42.387 1100.83
Ring: -130.499 58.0243 1098.98
Little: -113.679 135.829 1141.31
Thumb: -4.84401 79.9753 1101.2
Index: -97.5469 37.2617 1097.31
Middle: -118.33 42.5476 1098.26
Ring: -129.566 58.9852 1102.66
Little: -111.703 136.259 1143.85
Thumb: -6.28879 79.1617 1102.8
Index: -98.1131 38.8317 1100.12
Middle: -121.142 41.9904 1097.79
Ring: -130.236 61.1636 1108.08
Little: -111.667 138.076 1144.02
Thumb: -8.56217 79.8263 1106.1
Index: -101.232 36.3613 1092.5
Middle: -119.724 41.546 1099.75
Ring: -128.747 60.5526 1109.3
Little: -145.291 92.1013 1090.82
Thumb: -11.7033 79.8156 1108.87
Index: -98.8024 35.7326 1093.41
Middle: -119.46 42.0063 1101.35
Ring: -127.015 59.8034 1110.53
Little: -144.541 91.7066 1095.07
Thumb: -9.64094 81.0748 1106.82
Index: -95.8313 33.9863 1089.24
Middle: -116.705 39.326 1099.89
Ring: -123.349 57.0175 1110.87
Little: -140.314 87.143 1097.09
Thumb: -5.56047 82.9347 1105.08
Index: -87.1696 35.664 1095.99
Middle: -106.561 39.7029 1102.4
Ring: -116.641 56.1853 1113.06
Little: -132.679 84.4257 1099.49
Thumb: -3.78366 82.5094 1101.96
Index: -80.5759 36.2493 1095.13
Middle: -100.072 38.4802 1101.96
Ring: -108.328 56.0498 1110.97
Little: -123.495 83.214 1097.97
Thumb: 0.402116 87.2305 1108.35
Index: -69.1363 36.0014 1101.82
Middle: -92.9019 37.0014 1101.47
Ring: -101.966 54.5663 1110.65
Little: -114.511 83.789 1101.19
Thumb: 6.50313 85.3373 1105.24
Index: -60.4188 33.1397 1099.43
Middle: -83.7428 34.8431 1101.28
Ring: -94.5331 52.4835 1109.81
Little: -106.787 78.7181 1099.29
Thumb: 14.6447 87.0887 1105.67
Index: -52.8279 30.3751 1095.77
Middle: -74.7805 31.9153 1101.4
Ring: -86.6786 48.0745 1108.44
Little: -99.5997 76.1376 1100.23
Thumb: 23.059 89.6059 1112.66
Index: -43.939 28.7882 1097.71
Middle: -64.6345 29.9659 1102.48
Ring: -81.2283 43.8412 1102.28
Little: -91.9245 73.9408 1100.51
Thumb: 32.9441 96.5439 1111.94
Index: -31.4848 29.7024 1099.78
Middle: -53.8357 27.7818 1104.11
Ring: -71.2522 42.1539 1108.49
Little: -83.8246 70.0303 1104.74
Thumb: 40.371 89.5036 1110.46
Index: -28.3217 26.7904 1102.09
Middle: -49.8718 26.3224 1107.98
Ring: -58.0987 42.0541 1110.56
Little: -77.0106 71.4646 1112.15
Thumb: 46.0246 96.9531 1111.19
Index: -18.1922 30.3948 1105
Middle: -43.0837 27.4177 1103.07
Ring: -55.7586 42.3982 1106.38
Little: -68.6051 70.8268 1102.96
Thumb: 51.3373 93.9875 1108.33
Index: -12.966 28.2281 1101.17
Middle: -37.4276 25.5072 1102.07
Ring: -47.6136 39.9439 1106.72
Little: -62.9509 66.0265 1103.61
Thumb: 58.3536 87.3932 1107.06
Index: -6.8935 26.3217 1098.17
Middle: -29.4727 26.0454 1104.46
Ring: -43.9965 35.0151 1107.51
Little: -58.1887 61.1597 1101.41
Thumb: 68.5416 86.7729 1109.93
Index: 0.994699 26.3879 1099.89
Middle: -23.436 18.7335 1098.18
Ring: -36.4291 33.6767 1106.42
Little: -53.4149 57.1542 1094.56
Thumb: 75.3579 84.3586 1106.49
Index: 10.2174 25.0406 1102.78
Middle: -16.5198 13.9652 1095.82
Ring: -32.689 29.1283 1104.35
Little: -46.1899 55.8177 1099.28
Thumb: 86.4737 87.0424 1110.62
Index: 20.9434 21.463 1105.6
Middle: -9.96991 13.1306 1098.88
Ring: -26.4768 25.6113 1102.3
Little: -41.1758 53.6648 1099.86
Thumb: 92.161 88.2332 1108.19
Index: 29.7992 16.7775 1102.6
Middle: -2.03398 10.6797 1095.82
Ring: -19.1255 26.2725 1106.39
Little: -35.4237 55.6074 1100.79
Thumb: 100.975 86.3038 1108.82
Index: 38.6399 13.5149 1109.35
Middle: 4.55453 4.97678 1099.48
Ring: -9.81065 30.3672 1107.61
Little: -32.491 48.2165 1107.33
Thumb: 109.065 85.7738 1099.95
Index: 45.4149 12.0188 1102.65
Middle: 11.8313 5.64998 1101.89
Ring: -4.14186 25.4256 1101.4
Little: -26.3113 50.0889 1103.69
Thumb: 118.103 87.716 1097.48
Index: 54.0853 13.4591 1105.19
Middle: 19.1035 2.52401 1096.91
Ring: 5.21883 23.476 1104.29
Little: -19.6973 50.1708 1110.65
Thumb: 126.024 87.4897 1095.67
Index: 60.3008 12.2228 1099.03
Middle: 25.8065 2.7228 1098.12
Ring: 13.5513 23.9754 1106.24
Little: -12.5676 48.1153 1108.77
Thumb: 133.497 86.8207 1100.8
Index: 65.0729 12.7457 1103.97
Middle: 29.3809 0.688332 1095.44
Ring: 14.325 23.6671 1107.92
Little: -12.3163 44.962 1104.45
Thumb: 139.83 89.179 1104.07
Index: 70.8068 15.6729 1102.25
Middle: 34.9377 3.57124 1087.41
Ring: 18.4013 22.2752 1103.07
Little: -5.47319 49.8687 1104.14
Thumb: 144.838 90.0358 1105.39
Index: 75.3282 14.3555 1102.54
Middle: 38.7558 1.74886 1085.55
Ring: 25.2695 27.9791 1105.64
Little: -1.80714 44.9538 1097.48
Thumb: 148.684 94.8708 1110.93
Index: 80.9102 11.2777 1100.27
Middle: 44.9479 -3.2269 1083.93
Ring: 30.0304 21.851 1102.32
Little: 2.62178 43.491 1096.75
Thumb: 154.375 96.1887 1109.34
Index: 86.1248 15.2396 1108.63
Middle: 47.9205 -3.33676 1085.89
Ring: 33.835 23.1533 1105.11
Little: 12.0122 63.5687 1104.28
Thumb: 158.805 99.2665 1105.35
Index: 88.524 12.6933 1106.69
Middle: 51.4911 -3.97043 1084.75
Ring: 36.8543 22.4348 1101.62
Little: 13.8741 60.9418 1102.1
Thumb: 160.82 98.0553 1109.79
Index: 90.0668 19.8288 1105.74
Middle: 52.9439 -2.27998 1086.4
Ring: 48.9028 64.1721 1100.16
Little: 19.161 75.7356 1095.42
Thumb: 162.281 100.748 1106.84
Index: 95.437 28.6519 1108.56
Middle: 55.5547 -2.84437 1085.55
Ring: 50.5644 63.856 1101.33
Little: 20.5912 75.4414 1098.74
Thumb: 165.482 99.999 1111.5
Index: 93.7709 27.7388 1106.95
Middle: 54.2731 -2.49816 1080.78
Ring: 57.8478 92.0222 1111.3
Little: 20.808 75.826 1095.57
Thumb: 164.45 100.312 1114.64
Index: 92.4284 29.3448 1105.86
Middle: 52.8612 -0.779791 1082.82
Ring: 56.0099 89.9962 1111.2
Little: 20.481 77.6816 1093.28
Thumb: 164.637 97.6593 1116.35
Index: 87.2628 24.8374 1104.67
Middle: 48.2148 2.67931 1083.89
Ring: 55.9638 97.0458 1136.09
Little: 24.8176 98.1007 1101.37
Thumb: 162.935 97.8174 1116.36
Index: 85.0616 27.7012 1105.21
Middle: 44.9557 3.93553 1083.98
Ring: 50.9508 91.6659 1143.22
Little: 22.7218 100.233 1101.91
Thumb: 161.088 97.1704 1115.22
Index: 82.095 29.8593 1108.31
Middle: 41.0959 6.04847 1082.88
Ring: 50.9395 97.8958 1141.09
Little: 20.9525 103.318 1103.79
Thumb: 158.249 94.7125 1114.98
Index: 76.1515 27.0639 1104.02
Middle: 35.7784 7.78843 1081.42
Ring: 50.7316 105.09 1139.63
Little: 18.9364 106.35 1103.79
Thumb: 155.019 91.801 1116.62
Index: 74.3585 35.2846 1109.18
Middle: 30.4893 10.0457 1079.78
Ring: 48.9109 108.603 1142.66
Little: 15.5468 107.895 1104.65
Thumb: 143.173 96.1496 1118.85
Index: 64.1621 26.5434 1105.09
Middle: 24.1351 11.1249 1080.49
Ring: 38.2787 99.417 1160.9
Little: 14.1519 115.879 1105.2
Thumb: 138.611 95.5773 1121.83
Index: 73.787 60.3365 1107.52
Middle: 15.3888 12.7814 1083.51
Ring: 26.8573 95.2616 1163.42
Little: 9.41499 118.87 1099.56
Thumb: 133.308 94.4827 1121.45
Index: 68.6646 60.7585 1106.73
Middle: 9.66834 13.5428 1081.5
Ring: 24.2406 94.1164 1164.79
Little: 3.52246 121.94 1100.32
Thumb: 124.82 93.7273 1123.49
Index: 62.9813 61.7337 1106.36
Middle: 4.78751 14.3312 1080.69
Ring: 19.4787 99.1503 1164.47
Little: -7.17724 126.649 1125.3
Thumb: 112.595 95.8289 1128.02
Index: 54.9358 62.4943 1110.06
Middle: -1.5108 14.8428 1081.55
Ring: 8.78875 99.9989 1165.48
Little: -17.0591 121.707 1133.48
Thumb: 106.217 96.1457 1129.19
Index: 46.8833 62.6722 1114.29
Middle: -7.79963 15.5352 1083.74
Ring: 3.08511 110.08 1164.18
Little: -24.3526 122.664 1132.04
Thumb: 98.6671 95.5977 1130.7
Index: 42.5522 65.2226 1115.65
Middle: -14.2237 18.6592 1086.82
Ring: -13.641 82.3551 1162.24
Little: -26.98 124.701 1136.13
Thumb: 92.9002 95.6611 1129.17
Index: 34.8894 63.3155 1121.64
Middle: -21.1207 19.8391 1091.78
Ring: -14.6431 90.6374 1159.1
Little: -30.8795 129.099 1140.94
Thumb: 86.6466 97.1914 1129.06
Index: 31.4928 65.1095 1122.59
Middle: -27.1048 20.2698 1092.08
Ring: -6.28575 111.668 1165.13
Little: -36.0156 123.829 1148.78
Thumb: 83.7706 97.4611 1128.2
Index: 23.6974 61.8252 1121.73
Middle: -31.5185 18.5555 1092.93
Ring: -10.099 117.434 1169.86
Little: -43.9223 120.472 1150.55
Thumb: 79.9372 102.551 1138.11
Index: 9.83695 52.9847 1133.18
Middle: -32.5714 17.12 1097.25
Ring: -25.0889 118.45 1172.72
Little: -45.3786 61.7493 1099.46
Thumb: 69.473 105.771 1160.94
Index: -5.93639 55.8303 1139.65
Middle: -36.5273 16.5395 1101.61
Ring: -45.199 122.994 1166.76
Little: -49.1174 61.3184 1095.66
Thumb: 9.61521 103.847 1183.45
Index: -39.343 53.7617 1117.36
Middle: -64.813 45.2764 1082.82
Ring: -85.3493 89.9081 1100.65
Little: -55.7225 83.5278 1052.57
Thumb: -14.2929 126.87 1167.92
Index: -44.2433 33.3717 1107.27
Middle: -57.6907 42.54 1079.89
Ring: -50.3868 54.1344 1065.06
Little: -42.1875 79.2557 1055.72
Thumb: -22.7225 130.264 1164.39
Index: -46.0465 32.1826 1108.04
Middle: -59.5981 42.0804 1080.66
Ring: -48.2368 44.54 1063.4
Little: -39.248 73.1383 1062.52
Thumb: -30.2779 146.207 1151.24
Index: -46.0209 37.4917 1116.94
Middle: -58.125 43.7212 1087.06
Ring: -51.3832 48.1974 1075.38
Little: -38.5503 73.7836 1065.4
Thumb: -29.9342 167.844 1176.67
Index: -50.4555 38.2946 1121.99
Middle: -61.497 42.5029 1092.27
Ring: -55.0282 46.8698 1078.53
Little: -43.3602 72.889 1069.76
Thumb: -55.7819 139.231 1099.99
Index: -56.3528 32.0032 1110
Middle: -66.9795 39.8495 1076.46
Ring: -58.6142 43.9787 1081.98
Little: -37.8166 78.1177 1060.04
Thumb: -69.9836 136.626 1077.69
Index: -60.9322 31.1354 1111.05
Middle: -67.8799 37.6153 1076.82
Ring: -64.1388 48.6841 1080.47
Little: -41.0469 81.2225 1057.63
Thumb: -108.674 136.545 1100.2
Index: -60.8374 29.3587 1114.62
Middle: -68.7397 53.6502 1075.77
Ring: -64.0723 56.2166 1075.88
Little: -37.7251 80.4799 1057.12
Thumb: -118.748 152.326 1166.95
Index: -64.2359 30.0121 1111.73
Middle: -63.72 53.738 1072.94
Ring: -61.1403 55.154 1071.63
Little: -32.9142 79.8087 1055.29
Thumb: -113.357 163.99 1152.63
Index: -65.3929 34.4338 1116.29
Middle: -65.6957 44.2308 1081.52
Ring: -59.1245 44.6588 1074.6
Little: -33.8105 67.8667 1058.09
Thumb: -108.462 177.399 1142.19
Index: -108.477 53.2463 1108.79
Middle: -86.0105 46.5735 1090.26
Ring: -80.6063 40.1657 1095.33
Little: -49.1902 56.1584 1069.71
Thumb: -113.869 177.063 1134.6
Index: -110.423 56.9675 1097.67
Middle: -78.5658 26.2528 1110.74
Ring: -76.9866 37.6662 1102.91
Little: -49.3985 50.4503 1081.2
Thumb: -121.887 177.413 1128.73
Index: -110.771 58.5326 1093.32
Middle: -79.573 28.8004 1110.79
Ring: -81.2518 46.3435 1098.6
Little: -47.9475 51.2915 1086.95
Thumb: -125.585 178.388 1123.58
Index: -111.424 62.7433 1083.85
Middle: -80.674 28.4202 1107.11
Ring: -81.4812 40.4147 1108.18
Little: -46.9523 50.395 1091.05
Thumb: -128.665 179.7 1118.55
Index: -112.389 66.7961 1078.87
Middle: -84.8949 30.1785 1107.54
Ring: -81.8394 41.3449 1109.3
Little: -43.6718 50.0399 1094.44
Thumb: -130.42 179.432 1109.96
Index: -114.814 65.3228 1077.6
Middle: -85.9705 30.3626 1114.37
Ring: -83.9954 42.3181 1112.09
Little: -45.9845 49.8242 1095.79
Thumb: -131.7 177.815 1100.88
Index: -111.627 69.4521 1067.07
Middle: -86.5158 30.8601 1112.23
Ring: -85.8939 43.9165 1110.04
Little: -45.4144 50.506 1097.31
Thumb: -132.214 176.165 1092.49
Index: -113.251 66.6189 1068.64
Middle: -88.5053 32.7186 1111.62
Ring: -87.1454 44.8917 1108.43
Little: -47.4282 52.0226 1095.02
Thumb: -133.154 178.677 1087.42
Index: -110.178 67.8671 1060.79
Middle: -88.9179 32.3539 1108.77
Ring: -87.9169 45.007 1107.05
Little: -47.3139 51.9753 1097.06
Thumb: -137.314 179.951 1082.32
Index: -107.54 77.386 1053.57
Middle: -89.3459 33.5046 1105.17
Ring: -88.1249 45.9446 1102.86
Little: -47.3899 53.7819 1097.87
Thumb: -138.42 180.579 1077.38
Index: -108.458 77.9912 1051.38
Middle: -91.1043 34.3964 1097.56
Ring: -89.4288 46.5212 1102.7
Little: -48.98 53.9204 1095.02
Thumb: -137.906 180.737 1071.06
Index: -103.253 79.8982 1045.36
Middle: -88.6206 33.7419 1095.13
Ring: -90.8046 47.6293 1100.1
Little: -49.4668 54.4599 1094.52
Thumb: -137.226 182.05 1066.77
Index: -94.5878 105.103 1035.25
Middle: -89.0418 33.561 1090.47
Ring: -90.1167 46.0717 1095.84
Little: -50.1056 54.1108 1092.78
Thumb: -137.483 183.144 1063.1
Index: -91.633 105.563 1031.36
Middle: -86.1194 31.7913 1085.69
Ring: -89.3195 44.7321 1089.12
Little: -49.0773 52.9309 1087.46
Thumb: -134.693 185.699 1062.46
Index: -91.6114 104.94 1025.15
Middle: -87.7268 32.1741 1083.43
Ring: -90.4646 45.4734 1083.09
Little: -50.1891 53.1109 1085.78
Thumb: -134.081 184.028 1059.67
Index: -92.7067 99.2795 1021.26
Middle: -87.3961 32.1472 1080.33
Ring: -90.4342 45.6774 1080.65
Little: -49.8583 53.255 1085.55
Thumb: -134.701 183.88 1059.59
Index: -92.9413 102.041 1018.91
Middle: -87.35 32 1080.37
Ring: -90.3344 45.3958 1079.66
Little: -49.9341 53.1869 1083.97
Thumb: -133.715 184.408 1056.06
Index: -91.0768 105.76 1017.24
Middle: -86.8201 32.0915 1082.31
Ring: -89.5036 45.5496 1082.18
Little: -49.367 53.1067 1081.96
Thumb: -133.485 184.662 1058.18
Index: -91.8925 105.633 1018
Middle: -85.5657 33.4727 1080.7
Ring: -87.5676 46.6716 1082.84
Little: -47.4179 54.6329 1081.84
Thumb: -133.497 184.231 1056.53
Index: -89.9863 105.241 1018.06
Middle: -82.5742 34.4824 1082.95
Ring: -84.5573 47.6746 1083.54
Little: -44.4505 56.5524 1084.11
Thumb: -134.58 182.808 1057.83
Index: -88.3861 110.8 1023.65
Middle: -79.788 34.2788 1081.58
Ring: -82.0414 47.8045 1084.07
Little: -41.8868 57.431 1083.64
Thumb: -135.311 180.725 1058.83
Index: -86.0723 109.648 1024.94
Middle: -75.1889 34.0211 1087.29
Ring: -78.2652 47.7426 1088.84
Little: -38.4405 58.0237 1085.94
Thumb: -134.326 179.209 1060.9
Index: -84.1704 107.367 1026.51
Middle: -72.6046 33.6503 1090.09
Ring: -76.1192 47.734 1091.64
Little: -36.0763 57.8595 1087.34
Thumb: -135.358 177.906 1067.79
Index: -92.5463 70.1122 1053.97
Middle: -69.866 34.0006 1096.73
Ring: -73.0501 47.2082 1096.01
Little: -33.9355 58.4265 1090.33
Thumb: -133.075 176.524 1072.59
Index: -91.2271 69.6383 1059.55
Middle: -66.5613 32.8701 1101.16
Ring: -69.0495 45.4134 1098.79
Little: -30.4722 57.0423 1092.2
Thumb: -134.26 172.975 1071.67
Index: -86.8991 66.687 1059.98
Middle: -60.7806 31.6893 1101.66
Ring: -64.1586 43.8694 1099.65
Little: -27.1223 57.3172 1092.76
Thumb: -135.202 170.69 1078.4
Index: -83.1148 62.805 1064.74
Middle: -54.4933 30.5227 1106.72
Ring: -58.1614 41.8925 1102.64
Little: -22.4226 56.7016 1092.71
Thumb: -134.273 166.639 1082.64
Index: -77.3332 66.7407 1063.6
Middle: -48.1677 27.5012 1103.31
Ring: -52.905 39.387 1103.04
Little: -17.1902 56.1667 1097.39
Thumb: -120.909 167.092 1084.87
Index: -71.0569 63.1898 1063.67
Middle: -44.0981 23.2471 1101.69
Ring: -52.8063 38.7104 1103.5
Little: -11.2073 50.6329 1097.7
Thumb: -114.347 164.114 1088.58
Index: -65.7049 60.9855 1066.26
Middle: -37.9181 21.7068 1103.43
Ring: -42.7934 34.8032 1106.01
Little: -4.77548 48.4617 1095.52
Thumb: -108.314 158.62 1088.65
Index: -57.1827 58.3112 1065.33
Middle: -29.5293 19.2905 1102.36
Ring: -33.5115 31.2438 1103.73
Little: 2.0922 47.729 1098.97
Thumb: -104.514 151.395 1087.97
Index: -49.8908 57.4111 1065.64
Middle: -21.2132 17.063 1104.59
Ring: -25.5716 28.9669 1106.43
Little: 9.40704 46.6476 1101.04
Thumb: -100.823 150.69 1088.87
Index: -42.3308 59.9928 1064.22
Middle: -14.6071 15.2414 1105.13
Ring: -19.5584 26.8583 1104.9
Little: 15.4596 44.641 1101.3
Thumb: -96.0158 146.175 1088.78
Index: -36.2622 54.552 1066.14
Middle: -5.45694 14.5633 1104.04
Ring: -12.1758 26.4422 1105.88
Little: 22.9113 44.6331 1099.6
Thumb: -90.8955 145.313 1088.81
Index: -27.2257 52.8541 1062.18
Middle: 2.37921 11.8365 1103.22
Ring: -3.99151 23.5588 1105.39
Little: 30.1 42.8418 1100.72
Thumb: -88.2394 140.986 1088.44
Index: -21.746 50.9187 1063.22
Middle: 9.94244 11.8324 1107.18
Ring: 2.81926 22.9738 1104.52
Little: 36.6318 43.2991 1101.16
Thumb: -83.6036 140.642 1087.66
Index: -13.6148 50.7112 1061.52
Middle: 17.9553 11.2251 1106.17
Ring: 10.4355 22.3297 1102.09
Little: 44.1698 43.4014 1101.26
Thumb: -79.7979 143.484 1090.76
Index: -8.00416 49.2254 1062.21
Middle: 24.3622 11.7447 1105
Ring: 19.7018 22.0634 1102.9
Little: 50.6682 44.0514 1099.95
Thumb: -77.6795 142.867 1095.06
Index: -0.748217 41.6601 1064.58
Middle: 30.8157 11.4363 1106.08
Ring: 24.3062 22.7741 1103.29
Little: 58.1702 44.5469 1099.13
Thumb: -73.4126 142.418 1096.76
Index: 4.95079 43.3271 1065.06
Middle: 36.3538 11.4979 1106.21
Ring: 33.4599 22.036 1103.8
Little: 64.4384 45.2118 1099.84
Thumb: -64.189 143.081 1096.02
Index: 10.8113 45.3863 1066.37
Middle: 42.6592 11.4511 1105.22
Ring: 36.1079 23.2962 1103.1
Little: 71.1017 44.1639 1093.82
Thumb: -58.8855 147.086 1093.74
Index: 15.5865 50.9316 1064.12
Middle: 46.6598 10.7999 1102.76
Ring: 41.5812 22.4692 1104.81
Little: 75.6262 43.7558 1100.13
Thumb: -54.0326 147.088 1095.62
Index: 18.9535 50.1 1062.05
Middle: 50.4822 10.673 1102.59
Ring: 45.9988 22.537 1106.76
Little: 79.6325 43.5994 1101.02
Thumb: -51.5016 149.883 1102.45
Index: 15.2724 48.5206 1072.22
Middle: 47.8067 10.8474 1110.3
Ring: 45.0583 22.6708 1109.6
Little: 79.5829 42.4295 1101.07
Thumb: -48.2938 152.07 1112.79
Index: 13.0362 46.3018 1078.9
Middle: 46.8325 10.4669 1110.98
Ring: 43.7703 23.0751 1113.23
Little: 79.032 41.433 1101.83
Thumb: -36.3707 152.187 1119.92
Index: 12.8298 70.6796 1081.76
Middle: 41.2118 13.681 1112.33
Ring: 37.8444 26.5862 1114.81
Little: 72.299 40.7437 1096.23
Thumb: -31.0134 158.248 1129.68
Index: 5.03504 59.6167 1097.91
Middle: 36.3647 17.8276 1114.24
Ring: 41.1024 27.0152 1117.48
Little: 69.6771 42.7366 1099.98
Thumb: -22.2199 161.066 1137.59
Index: 5.56862 59.4111 1109.16
Middle: 32.1586 26.3769 1120.33
Ring: 38.7291 33.1464 1123.8
Little: 61.5117 47.7311 1099.9
Thumb: -14.07 165.385 1149.52
Index: 10.6338 62.4455 1111.73
Middle: 30.8991 29.5425 1122.13
Ring: 32.37 38.7672 1124.17
Little: 52.1413 51.9852 1090.91
Thumb: -11.9383 165.733 1154.75
Index: 14.5997 65.4145 1106.1
Middle: 32.6445 31.2909 1117.97
Ring: 39.4071 37.5413 1122.72
Little: 69.1031 95.6174 1046.36
Thumb: -4.14988 168.255 1162.67
Index: 20.693 57.4275 1116.39
Middle: 33.3307 31.7903 1121.33
Ring: 37.53 38.0948 1120.58
Little: 67.6427 102.849 1041.9
Thumb: -1.47918 167.265 1168.81
Index: 32.5498 50.4777 1122.16
Middle: 35.6603 32.5143 1126.14
Ring: 35.1355 38.5758 1109.01
Little: 61.5637 105.223 1040.46
Thumb: 4.01571 167.715 1176.8
Index: 36.5439 50.5845 1122.24
Middle: 35.8958 34.2557 1122.03
Ring: 39.1975 39.1998 1111.25
Little: 59.7435 107.212 1042.2
Thumb: 16.2281 174.077 1179.36
Index: 41.1206 51.3171 1117.96
Middle: 38.2668 36.1552 1121.42
Ring: 35.7004 43.6975 1105.81
Little: 63.1067 111.905 1039.83
Thumb: 23.7995 173.103 1179.91
Index: 35.2538 57.753 1112.01
Middle: 40.422 38.333 1125.41
Ring: 33.9693 47.4514 1104.61
Little: 58.7834 112.33 1038.54
Thumb: 33.4818 174.179 1187.55
Index: 32.9889 59.6507 1110.1
Middle: 40.0858 38.3833 1124.84
Ring: 33.3833 48.1092 1103.98
Little: 51.6223 113.187 1037.02
Thumb: 41.0902 171.869 1187.23
Index: 36.098 63.3936 1112.02
Middle: 41.4562 43.6326 1126.5
Ring: 32.669 53.4792 1102.69
Little: 50.8547 117.175 1038.27
Thumb: 44.9602 171.863 1189.01
Index: 36.956 62.0864 1114.53
Middle: 42.1336 42.8874 1129.11
Ring: 27.7206 55.5874 1102.71
Little: 57.192 118.193 1039.27
Thumb: 44.7515 171.002 1190.36
Index: 36.9187 60.3753 1113.22
Middle: 42.1004 41.0261 1128.14
Ring: 28.4383 55.8522 1108.55
Little: 59.0126 117.016 1040.26
Thumb: 46.6582 170.009 1191.11
Index: 36.5779 61.5516 1113.19
Middle: 42.8067 41.3323 1129.88
Ring: 25.2134 60.6157 1110.38
Little: 62.659 117.289 1041.25
Thumb: 48.0243 168.982 1190.79
Index: 30.5113 61.9895 1112.18
Middle: 41.3855 41.5767 1132.14
Ring: 23.8676 60.8706 1110.77
Little: 66.7224 114.486 1043.46
Thumb: 46.9723 166.421 1189.92
Index: 30.6112 61.7767 1112.15
Middle: 41.2876 41.6266 1132.97
Ring: 23.6458 60.6152 1110.46
Little: 66.4233 114.824 1043.21
Thumb: 44.5451 165.221 1190.25
Index: 27.0783 62.0927 1114.18
Middle: 39.2887 40.9579 1135.35
Ring: 22.912 59.0705 1114.16
Little: 64.9241 113.104 1045.09
Thumb: 40.4616 162.548 1190.84
Index: 25.6396 63.5338 1115.45
Middle: 34.9993 40.1966 1134.1
Ring: 20.7064 57.6765 1111.67
Little: 63.8059 113.105 1044.66
Thumb: 37.3502 161.291 1190.65
Index: 26.1829 59.4029 1113.95
Middle: 31.8368 39.8496 1134.59
Ring: 17.6201 58.3567 1110.24
Little: 63.5669 111.221 1045.6
Thumb: 32.9387 156.981 1189.68
Index: 21.0405 60.4584 1114.94
Middle: 29.4446 38.3684 1136.37
Ring: 13.7136 60.1266 1108.83
Little: 63.9264 107.317 1049
Thumb: 27.4898 155.567 1186.5
Index: 14.1126 65.5077 1112.38
Middle: 25.2309 39.1564 1137.85
Ring: 11.1791 59.0838 1108.42
Little: 64.7646 106.858 1048.17
Thumb: 19.6901 151.795 1183.17
Index: 14.1245 62.1906 1114.01
Middle: 21.4176 39.8232 1137.42
Ring: 8.68023 59.4731 1108.34
Little: 64.834 105.556 1051.13
Thumb: 16.8381 150.684 1179.15
Index: 14.1048 61.9868 1112
Middle: 20.3424 40.7176 1136.96
Ring: 7.38308 60.639 1105.06
Little: 65.5638 106.289 1049.32
Thumb: 9.45557 147.811 1175.42
Index: 10.4693 63.4375 1114.47
Middle: 18.5816 41.0644 1142.99
Ring: 3.8618 61.9455 1105.17
Little: 62.167 104.93 1051.17
Thumb: 4.32597 143.917 1175.11
Index: 5.94474 63.0377 1111.68
Middle: 14.2411 38.9037 1143.43
Ring: 1.47555 57.8218 1102.08
Little: 58.9874 97.5477 1053.64
Thumb: -2.38326 140.288 1170.37
Index: 6.94541 56.5043 1111.68
Middle: 16.5915 35.3183 1146.83
Ring: 1.69708 54.268 1103.35
Little: 58.8191 97.9344 1053.62
Thumb: -5.68271 135.559 1167.7
Index: 12.7026 50.9534 1116.14
Middle: 11.5403 38.178 1143.84
Ring: 6.10225 47.7857 1110.45
Little: 42.8111 100.219 1043.47
Thumb: -9.378 131.455 1162.93
Index: 11.7348 42.6405 1117.57
Middle: 3.0677 38.204 1134.17
Ring: 11.3076 42.9663 1111.77
Little: 43.5753 100.213 1039.78
Thumb: -11.4812 130.241 1157.52
Index: 16.5846 39.0939 1111.99
Middle: -1.85278 43.5178 1132.17
Ring: 12.4622 41.9393 1112.41
Little: 40.5832 101.316 1037.53
Thumb: -13.5225 124.128 1153.56
Index: 18.8766 35.5131 1112.38
Middle: -5.89786 43.6557 1127.49
Ring: 10.3497 40.133 1110.49
Little: 31.4049 99.5897 1033.47
Thumb: -15.2228 119.17 1148.13
Index: 16.2522 33.7277 1109.79
Middle: -8.99274 41.8733 1126.21
Ring: 7.91628 38.0947 1109.32
Little: 30.9572 99.8988 1032.28
Thumb: -16.4706 117.668 1144.02
Index: 14.4106 33.9574 1106.9
Middle: -11.0283 43.3103 1121.68
Ring: 5.1114 38.6559 1105.34
Little: 46.7535 94.3235 1040.95
Thumb: -19.0378 115.191 1141.03
Index: 9.17194 34.2345 1106.13
Middle: -14.7206 42.821 1120.87
Ring: 2.46229 37.6146 1105.56
Little: 41.7757 93.19 1039.53
Thumb: -20.6298 116.489 1138.04
Index: 5.74054 36.7849 1111.63
Middle: -18.3743 47.4373 1125.13
Ring: -1.89 41.4292 1109.29
Little: 41.9513 92.7592 1041.82
Thumb: -20.2868 119.257 1136.84
Index: -16.4269 51.788 1154.04
Middle: -20.9497 53.8537 1128.51
Ring: -5.82759 45.3025 1113.87
Little: 41.1262 92.0542 1043.16
Thumb: -22.9209 120.183 1137.38
Index: -24.8676 71.1332 1143.36
Middle: -26.1901 55.5269 1129.33
Ring: -13.2014 44.8829 1115.21
Little: 43.8901 87.6621 1042.61
Thumb: -23.4432 120.219 1138.89
Index: -29.6841 82.5584 1143.04
Middle: -26.9089 72.6194 1115.89
Ring: -19.4524 49.1043 1115.77
Little: 41.573 87.8104 1045.13
Thumb: -27.5265 117.241 1139.01
Index: -38.8415 87.5926 1142.65
Middle: -27.7227 86.1182 1105.56
Ring: -25.6435 50.181 1122.76
Little: 36.4114 86.0998 1049.46
Thumb: -30.0476 115.505 1138.89
Index: -28.8159 80.1425 1121.02
Middle: -15.9809 88.7902 1108.51
Ring: -28.5367 51.8979 1117.31
Little: 33.9109 85.4465 1049.32
Thumb: -34.6303 111.385 1131.45
Index: -33.7669 85.5747 1119.15
Middle: -25.045 89.632 1106.05
Ring: -34.2592 56.0468 1113.27
Little: 30.8893 84.5224 1051.35
Thumb: -35.2277 112.929 1130.58
Index: -35.4525 88.3694 1118.15
Middle: -21.242 92.5844 1108.18
Ring: -36.8269 60.1581 1111.1
Little: 27.9761 84.8644 1049.13
Thumb: -36.9142 113.354 1128.28
Index: -37.6835 88.7977 1119.04
Middle: -53.8663 91.7132 1094.04
Ring: -40.0657 62.2293 1112.45
Little: 26.1012 83.4187 1052.31
Thumb: -39.1103 114.075 1129.36
Index: -36.7961 66.4031 1127.95
Middle: -55.6721 88.8006 1098
Ring: -43.4691 59.4057 1114.86
Little: 20.8912 86.6421 1044.59
Thumb: -40.2308 113.057 1129.41
Index: -38.8382 66.6734 1121.8
Middle: -57.7772 88.3813 1094.35
Ring: -46.1534 58.7114 1112.7
Little: 22.0554 85.0823 1047.02
Thumb: -42.3826 112.942 1128.16
Index: -39.8535 65.4989 1120.73
Middle: -58.9284 87.9368 1091.52
Ring: -47.1578 55.5917 1114.87
Little: 23.4165 83.6611 1050.98
Thumb: -44.7093 113.684 1129.14
Index: -42.0883 64.9216 1122.18
Middle: -61.5116 87.6386 1091.49
Ring: -49.7766 55.5521 1116.31
Little: 21.464 83.1399 1052.26
Thumb: -47.2309 114.421 1131.61
Index: -40.4729 60.8402 1121.67
Middle: -61.6018 85.2803 1092.96
Ring: -48.4992 53.0137 1115.73
Little: 20.1421 83.85 1050.65
Thumb: -49.0793 118.093 1136.72
Index: -37.6298 57.6274 1117.41
Middle: -60.4715 81.4695 1094.33
Ring: -46.507 52.9024 1105.64
Little: -0.0153922 93.9497 1022.75
Thumb: -50.452 122.558 1140.78
Index: -34.0526 54.7085 1110.59
Middle: -60.132 77.4012 1088.39
Ring: -42.5869 49.8411 1098.81
Little: 0.864323 96.2054 1020.05
Thumb: -51.5678 127.149 1145.93
Index: -34.2906 61.8558 1103.85
Middle: -44.0895 36.208 1102.47
Ring: -38.7437 53.764 1089.67
Little: -0.992606 102.288 1016.87
Thumb: -50.6671 131.91 1145.3
Index: -33.7247 64.5283 1103.1
Middle: -45.7273 64.441 1089.08
Ring: -37.1854 56.4456 1085.76
Little: -0.529711 99.4129 1015.19
Thumb: -52.505 136.268 1145.14
Index: -33.4486 64.6009 1103.88
Middle: -45.9226 61.7845 1091.52
Ring: -34.9516 57.1992 1081.89
Little: -0.972691 98.864 1013.25
Thumb: -53.6304 140.1 1148.89
Index: -33.2199 62.1028 1105.95
Middle: -45.0678 61.0519 1092.22
Ring: -33.5202 54.5855 1080.7
Little: -3.94793 100.277 1011.22
Thumb: -54.2374 142.152 1147.64
Index: -35.216 57.3187 1104.23
Middle: -29.5921 22.4805 1111.39
Ring: -34.1315 52.6516 1081.16
Little: -1.92951 100.738 1009.89
Thumb: -52.3237 145.353 1147.11
Index: -28.5436 51.1938 1099.62
Middle: -30.1361 22.6166 1106.6
Ring: -34.0626 49.5462 1080.57
Little: -9.65351 97.2098 1006.99
Thumb: -54.269 147.198 1146.47
Index: -28.5088 51.0548 1097.94
Middle: -28.1171 20.3538 1100.26
Ring: -32.1648 44.3632 1079.37
Little: -10.3183 94.6483 1007.47
Thumb: -54.9045 150.585 1147.02
Index: -24.673 50.1532 1097.76
Middle: -30.7631 24.7649 1089.28
Ring: -30.2994 42.9052 1078.06
Little: -7.15612 96.3383 1006.98
Thumb: -57.7591 152.404 1146.04
Index: -20.4558 47.9198 1096.21
Middle: -27.4589 26.5807 1076.16
Ring: -24.7264 37.7355 1077.27
Little: -6.21791 97.0789 1006.69
Thumb: -59.8356 154.55 1143.69
Index: -19.2511 47.5138 1096.9
Middle: -19.3698 25.0979 1074.49
Ring: -20.6042 37.1775 1074.89
Little: -1.27408 96.8483 1007.7
Thumb: -69.329 154.665 1137.31
Index: -13.1341 40.0182 1100.73
Middle: -5.78654 27.2631 1067.79
Ring: -17.7315 34.8803 1092.41
Little: 9.54357 97.4161 1011.92
Thumb: -77.2981 157.77 1131.92
Index: -7.41316 35.9183 1106.57
Middle: 1.84865 25.6145 1073
Ring: -14.3421 33.7533 1101.76
Little: 19.2598 96.6589 1016.48
Thumb: -80.4031 161.402 1122.24
Index: -7.19424 35.99 1112.02
Middle: 8.11565 21.3158 1082.91
Ring: -13.2145 33.4514 1104.37
Little: 27.6966 93.8414 1021.33
Thumb: -86.0579 163.872 1114.68
Index: -5.3633 37.2015 1116.27
Middle: 12.6365 23.1933 1088.01
Ring: -11.0028 34.7178 1106.7
Little: 28.4926 87.0991 1027.75
Thumb: -88.6687 164.695 1104.99
Index: -4.3405 39.6902 1114.16
Middle: 14.648 28.8092 1085.12
Ring: -9.84496 37.3022 1108.9
Little: 30.2267 81.4352 1034.05
Thumb: -89.6968 163.546 1100.31
Index: -4.99143 40.4317 1116.7
Middle: 15.9561 30.7356 1088.52
Ring: -9.85885 38.0756 1110.17
Little: 28.9894 67.6735 1051
Thumb: -93.3541 160.401 1095.3
Index: -4.93196 38.567 1117.75
Middle: 19.0432 27.9143 1093.25
Ring: -11.2918 36.3312 1113.28
Little: 30.6569 65.6478 1055.51
Thumb: -93.4497 156.107 1089.53
Index: -5.50012 39.0287 1117.88
Middle: 20.4065 27.6967 1096.03
Ring: -12.0014 37.0046 1111.91
Little: 32.367 66.5085 1059.62
Thumb: -91.6544 147.031 1082.75
Index: -5.50209 35.2976 1113.56
Middle: 22.3706 25.1943 1093.53
Ring: -11.0471 32.8278 1112.42
Little: 34.9291 63.4119 1060.5
Thumb: -90.379 144.365 1079.16
Index: -6.72856 33.0164 1108.02
Middle: 22.7518 21.2323 1091.88
Ring: -12.2422 30.1317 1109.69
Little: 34.1541 62.0805 1058.11
Thumb: -86.6165 136.143 1075.67
Index: -8.08693 30.5307 1102.01
Middle: 21.1757 20.3567 1084.67
Ring: -13.0531 27.2138 1103.15
Little: 36.5718 62.8902 1054.94
Thumb: -82.3971 129.354 1064.25
Index: -9.12837 32.8387 1092.58
Middle: 21.9757 21.2396 1076.78
Ring: -11.9328 25.0641 1094.4
Little: 40.9644 63.2938 1052.93
Thumb: -83.1576 131.58 1056.69
Index: -10.1488 30.5432 1087.23
Middle: 20.5386 20.6324 1069.03
Ring: -12.3013 21.3119 1083.38
Little: 39.4 60.5315 1048.03
Thumb: -76.7419 123.411 1046.87
Index: -9.92781 26.9982 1083.27
Middle: 19.5742 21.9245 1059.25
Ring: 8.49321 61.8271 1023.83
Little: 41.3856 59.1932 1045.68
Thumb: -72.1555 127.066 1040.7
Index: -9.45282 26.8697 1071.2
Middle: 21.7757 18.8394 1048.06
Ring: 11.3177 73.638 1017.01
Little: 47.8864 75.833 1042.76
Thumb: -64.0185 123.937 1036.33
Index: -10.6402 29.1494 1065.45
Middle: 21.2376 22.0467 1042.05
Ring: 12.445 58.8452 1015.68
Little: 48.8905 77.787 1041.66
Thumb: -37.0306 107.022 1022.86
Index: -11.0757 32.0175 1060.38
Middle: 19.1534 30.6693 1037.01
Ring: 10.1022 58.7766 1016.4
Little: 48.3744 78.3421 1041.62
Thumb: -38.4278 105.95 1022.47
Index: -11.8673 34.5053 1057.47
Middle: 8.75283 58.1136 1042.91
Ring: 7.26068 58.9355 1015.85
Little: 45.2179 75.6454 1034.13
Thumb: -37.5905 106.157 1022.12
Index: -14.4818 39.3436 1055.45
Middle: 6.52102 60.4538 1040.09
Ring: 4.52946 60.2733 1013.48
Little: 43.3798 78.0026 1030.8
Thumb: -37.0156 105.84 1020.34
Index: -16.1134 39.3892 1053.87
Middle: 4.30822 61.0688 1037.32
Ring: 3.56828 59.681 1011.11
Little: 41.7502 77.8696 1027.75
Thumb: -38.2543 103.972 1020.75
Index: -18.8663 38.4862 1052.01
Middle: 0.408707 61.0432 1026.54
Ring: 3.03759 78.8713 1003.56
Little: 37.3065 77.2569 1022.18
Thumb: -39.3266 102.677 1019.53
Index: -18.512 37.8615 1050.44
Middle: 0.0741892 61.3195 1026.38
Ring: 2.17157 75.774 1001.64
Little: 37.1771 79.6058 1020.26
Thumb: -40.1608 100.286 1015.38
Index: -20.2317 37.7449 1047.76
Middle: -0.749007 59.692 1025.37
Ring: -1.15986 77.9044 998.341
Little: 36.5879 80.1467 1017.64
Thumb: -40.4976 99.9818 1014.53
Index: -21.388 38.5276 1045.61
Middle: -1.20097 59.5344 1024.76
Ring: -1.44666 77.9708 997.523
Little: 35.7042 79.3308 1017.19
Thumb: -40.2017 100.407 1014.59
Index: -24.6171 39.0715 1042.6
Middle: -3.82451 56.5548 1022.58
Ring: -4.2027 77.3121 995.642
Little: 32.3722 82.8974 1015.78
Thumb: -40.4531 99.862 1011.43
Index: -26.363 37.4789 1041.94
Middle: -5.19622 54.9234 1020.93
Ring: -1.58372 74.6226 993.011
Little: 32.3317 81.8117 1012.62
Thumb: -41.8334 99.7935 1009.37
Index: -27.585 36.4106 1039.8
Middle: -6.87328 54.6814 1019.58
Ring: -3.62102 74.1721 991.277
Little: 27.6544 76.4222 1008.03
Thumb: -41.0986 99.3213 1010.04
Index: -31.2883 38.5977 1041.3
Middle: -8.6312 49.3125 1018.82
Ring: -7.75583 68.9083 991.156
Little: 25.1318 78.8577 1005.47
Thumb: -44.0279 100.175 1008.39
Index: -28.2053 36.7074 1041.95
Middle: -6.34311 51.1774 1021.05
Ring: -5.86085 65.3456 990.718
Little: 25.5624 76.5373 1005.85
Thumb: -43.7465 98.8296 1006.59
Index: -27.909 34.9532 1042.11
Middle: -6.79642 48.3011 1021.54
Ring: -6.11371 62.7175 989.988
Little: 25.3275 75.0875 1004.61
Thumb: -43.8662 100.535 1006.38
Index: -27.9189 35.8437 1042.44
Middle: -7.22692 51.4304 1024.46
Ring: -7.70666 66.3475 989.881
Little: 25.0788 75.2673 1005.11
Thumb: -44.5818 100.818 1005.93
Index: -28.6833 35.1193 1043.64
Middle: -7.74328 51.3227 1024.06
Ring: -7.91555 72.5469 988.355
Little: 24.2052 75.0664 1005.04
Thumb: -48.8516 103.242 1009.76
Index: -30.7476 36.4382 1044.62
Middle: -11.2981 51.8128 1024.82
Ring: -12.0205 73.2663 989.307
Little: 20.8002 76.389 1004.56
Thumb: -50.2281 101.415 1015.28
Index: -36.6211 48.2791 1045.95
Middle: -11.16 52.8735 1027.89
Ring: -15.6025 75.7899 993.467
Little: 20.3591 75.9022 1008.11
Thumb: -56.837 102.289 1023.51
Index: -38.2493 46.1362 1052.37
Middle: -14.7059 51.0687 1034.38
Ring: -14.0224 81.4135 997.996
Little: 18.9501 73.1205 1014.23
Thumb: -76.5487 111.25 1042.01
Index: -37.2902 35.1078 1063.22
Middle: -17.3621 51.1542 1046.97
Ring: -18.1955 81.69 1007.38
Little: 16.2384 75.2906 1022.26
Thumb: -88.424 111.253 1063.09
Index: -39.3081 34.0868 1077.22
Middle: -22.0585 50.4732 1059.22
Ring: -16.49 77.5839 1016.88
Little: 22.7418 79.6674 1033.64
Thumb: -89.8403 119.344 1073.39
Index: -46.9128 35.921 1092
Middle: -29.354 45.8788 1077.43
Ring: -21.0635 80.035 1025.25
Little: 16.5347 74.7755 1037.95
Thumb: -93.5204 127.203 1094.89
Index: -50.1212 43.8135 1106.56
Middle: -43.0776 17.921 1095.53
Ring: -50.2324 23.9908 1124.52
Little: 11.5507 73.1861 1044.99
Thumb: -95.1802 131.913 1108.16
Index: -44.6352 41.3279 1115.29
Middle: -45.445 18.3157 1106.3
Ring: -46.1179 25.6535 1127.56
Little: 12.1503 77.2676 1047.61
Thumb: -90.5806 141.477 1117.78
Index: -42.0241 46.3181 1128.99
Middle: -43.9331 19.7604 1132.41
Ring: -43.57 32.8669 1142.71
Little: 13.7979 75.2601 1056.53
Thumb: -84.2199 139.016 1123.47
Index: -36.9347 49.0566 1141.47
Middle: -38.5566 28.8326 1146.77
Ring: -38.4056 42.3389 1150.08
Little: 22.3386 85.0809 1060.75
Thumb: -78.2717 144.35 1125.89
Index: -32.9743 50.8082 1150.69
Middle: -28.9332 30.3086 1158.59
Ring: -32.5385 46.7529 1158.58
Little: 23.5711 83.2528 1064.24
Thumb: -74.0805 151.221 1132.4
Index: -30.7786 56.6456 1164.94
Middle: -26.2859 37.2544 1169.88
Ring: -22.3692 46.1838 1167.23
Little: 26.0418 91.809 1067.95
Thumb: -68.5701 152.41 1133.72
Index: -20.2202 59.4649 1168.59
Middle: -17.6692 43.4942 1183.43
Ring: -15.2779 49.0613 1172.04
Little: 35.1797 95.5118 1072.28
Thumb: -65.9376 155.955 1135.94
Index: -16.4914 59.2899 1170
Middle: -12.4595 43.3051 1184.78
Ring: -10.7936 47.8974 1171.92
Little: 39.5434 97.0972 1073.44
Thumb: -60.8887 156.021 1136.66
Index: -11.399 59.8461 1168.1
Middle: -5.23244 43.1233 1182.63
Ring: -5.43538 48.5805 1170.16
Little: 43.1189 99.0014 1071.35
Thumb: -56.0424 154.855 1137.82
Index: -10.7965 60.7581 1167.7
Middle: -2.18072 43.3021 1178.72
Ring: -1.46007 49.5472 1168.67
Little: 46.0981 102.736 1069.49
Thumb: -54.6307 154.304 1139.67
Index: -2.41718 55.0286 1158.08
Middle: 1.12349 38.6257 1171.01
Ring: 3.48956 44.9893 1161
Little: 43.7634 99.4106 1062.36
Thumb: -49.8788 150.518 1140.28
Index: 4.02788 52.5084 1154.29
Middle: 7.42063 36.8971 1167.86
Ring: 10.5869 40.9252 1152.77
Little: 43.9899 98.3884 1057.88
Thumb: -44.3634 144.25 1147.69
Index: 6.00548 47.0637 1148.62
Middle: 16.4617 29.7412 1158.99
Ring: 21.2313 32.6869 1141.63
Little: 45.299 98.6635 1050.4
Thumb: -42.3681 140.031 1144.53
Index: 3.74817 42.3221 1142.04
Middle: 7.38947 42.4589 1127.59
Ring: 29.4548 27.4512 1139.26
Little: 48.4586 97.8439 1044.85
Thumb: -39.7692 132.558 1142.51
Index: 13.4507 38.0328 1140.41
Middle: 23.6318 19.6924 1141.75
Ring: 29.358 25.0418 1132.13
Little: 48.5437 97.2331 1042.77
Thumb: -34.4607 127.232 1138.33
Index: 10.5838 37.2059 1134.47
Middle: 23.1522 17.9524 1137.45
Ring: 22.6667 25.5075 1126.28
Little: 49.7571 96.1767 1037.22
Thumb: -28.3827 124.896 1135.68
Index: 5.89629 40.0316 1138.68
Middle: 13.3933 24.0649 1146.33
Ring: 14.285 29.4107 1122.57
Little: 45.3271 95.6099 1035.58
Thumb: -26.3968 120.325 1133.99
Index: 1.52906 44.2243 1133.53
Middle: 9.32362 24.506 1144.83
Ring: 5.86689 36.2535 1125.24
Little: 45.0312 96.2658 1035.37
Thumb: -21.3094 121.058 1134.87
Index: -6.94635 49.5947 1141.51
Middle: 1.07311 28.9564 1142.91
Ring: 0.43004 42.5803 1129.81
Little: 38.1573 91.5062 1033.02
Thumb: -19.9111 118.858 1128.89
Index: -11.3217 54.1851 1146.75
Middle: -10.4131 36.3038 1141.64
Ring: -3.26879 45.7338 1132.68
Little: 28.2762 83.7788 1035.49
Thumb: -18.6231 119.474 1125.96
Index: -11.0684 59.0275 1148.52
Middle: -12.475 40.7496 1138.11
Ring: -4.58955 49.4186 1133.92
Little: 44.3102 87.5652 1038.5
Thumb: -16.4271 116.174 1127.06
Index: -11.5522 61.0151 1148.06
Middle: -12.8937 40.8503 1136.01
Ring: -5.82783 50.3299 1132.99
Little: 43.5113 87.3357 1035.94
Thumb: -16.0048 116.355 1129.11
Index: -12.1169 62.3041 1150.88
Middle: -15.9297 43.7886 1134.85
Ring: -6.3882 50.9189 1135.33
Little: 42.9295 86.398 1037.37
Thumb: -15.7714 115.396 1131.8
Index: -15.5949 63.219 1152.64
Middle: -15.6587 42.8663 1139.43
Ring: -9.06781 52.54 1132.86
Little: 40.6449 84.3169 1038.17
Thumb: -16.2379 115.663 1131.07
Index: -16.8957 63.9319 1152.05
Middle: -17.833 44.2535 1141.62
Ring: -10.1855 53.7304 1134.04
Little: 39.6703 83.6653 1038.61
Thumb: -16.8118 116.334 1133.36
Index: -17.0356 64.4505 1153.03
Middle: -18.7059 45.5247 1145.13
Ring: -9.00587 53.0144 1144.83
Little: 39.7364 81.7438 1040.78
Thumb: -16.7068 116.395 1133.61
Index: -17.418 64.898 1150.01
Middle: -19.3478 45.2161 1145.09
Ring: -11.391 54.0795 1141.43
Little: 38.834 82.4745 1040.62
Thumb: -18.3658 115.519 1131.21
Index: -21.3898 65.6917 1149.84
Middle: -23.9752 46.8926 1142.81
Ring: -13.9073 54.2103 1143.46
Little: 41.5295 82.9904 1043.94
Thumb: -19.3424 116.003 1130.9
Index: -29.5812 75.0943 1141.62
Middle: -26.0039 49.9284 1150.2
Ring: -14.6081 54.7992 1143.89
Little: 40.3046 85.3055 1042.55
Thumb: -18.7111 114.625 1131.57
Index: -29.3372 75.6425 1141.63
Middle: -24.2192 49.1827 1153.45
Ring: -15.395 54.7672 1142.34
Little: 40.8497 84.9478 1043.59
Thumb: -20.1646 115.612 1133.35
Index: -30.3009 75.3124 1141.65
Middle: -26.0854 48.9902 1152.41
Ring: -14.8459 53.615 1144.43
Little: 40.7506 85.0973 1044.12
Thumb: -19.732 116.894 1136.34
Index: -30.8646 77.3318 1139.74
Middle: -27.726 48.8864 1151.29
Ring: -14.3628 51.8341 1146.5
Little: 39.6755 85.0326 1042.82
Thumb: -19.5286 116.667 1135.67
Index: -29.3755 74.6198 1138.99
Middle: -26.8919 48.7053 1151.6
Ring: -15.3333 53.1179 1145.93
Little: 40.6859 84.3309 1043.81
Thumb: -19.7778 115.711 1135.18
Index: -29.2948 75.1922 1139.81
Middle: -25.8187 47.4982 1152.07
Ring: -15.4882 53.1452 1146.29
Little: 39.8452 84.431 1044.04
Thumb: -20.1329 117.521 1138.87
Index: -30.5489 75.9626 1138.34
Middle: -26.5798 46.8284 1153.19
Ring: -17.1213 53.1116 1146.13
Little: 39.6997 84.0213 1044.13
Thumb: -21.3458 117.042 1138.13
Index: -30.5855 77.337 1136.86
Middle: -28.9765 47.2929 1152.24
Ring: -18.9014 52.5362 1144.38
Little: 39.0951 83.5132 1044.25
Thumb: -22.1079 119.487 1138.71
Index: -31.4811 79.5716 1137.1
Middle: -28.9206 48.2979 1155.03
Ring: -20.5402 54.1749 1143.66
Little: 38.1881 83.4895 1044.65
Thumb: -22.8329 123.319 1142.13
Index: -31.6606 80.1152 1138.97
Middle: -29.8745 48.6033 1153.27
Ring: -21.6563 56.1879 1144.38
Little: 36.5188 85.8963 1045.17
Thumb: -24.6785 124.637 1144.66
Index: -31.7614 78.2355 1140.97
Middle: -28.1032 45.4264 1153.16
Ring: -21.3344 54.9522 1142.07
Little: 36.6512 86.9867 1046.06
Thumb: -22.6432 132.412 1153.32
Index: -29.4574 74.6379 1143
Middle: -24.8574 43.5407 1149.36
Ring: -17.7308 52.206 1143.47
Little: 36.2749 88.7159 1044.84
Thumb: -21.2884 133.199 1156.45
Index: -24.8138 70.135 1142.87
Middle: -20.4057 38.1823 1145.85
Ring: -14.9101 48.9116 1136.39
Little: 25.2925 89.2242 1037.94
Thumb: -14.7348 138.387 1164.49
Index: -24.1676 63.3191 1141.87
Middle: -13.7501 34.3735 1147.69
Ring: -11.6561 46.4995 1135.98
Little: 24.2937 90.192 1035.97
Thumb: -8.8596 140.612 1168.73
Index: -16.0104 57.6299 1139.18
Middle: -8.43558 30.0053 1137.09
Ring: -6.23908 46.6926 1135.66
Little: 31.9246 97.5975 1034.05
Thumb: -3.4311 141.957 1170.88
Index: -6.98673 55.0677 1151.46
Middle: -6.50836 32.8657 1136.01
Ring: -0.0499058 44.0219 1134.04
Little: 33.5437 97.9254 1034.12
Thumb: 7.02353 145.143 1175.11
Index: -1.12353 51.7977 1151.91
Middle: -0.14126 30.9474 1135.57
Ring: 4.81516 42.2544 1135.46
Little: 36.3418 98.1888 1034.33
Thumb: 11.476 143.685 1174.63
Index: 2.14359 50.1932 1149.1
Middle: 1.73813 31.6691 1136.75
Ring: 9.69551 38.8994 1132.81
Little: 37.2494 99.3177 1032.17
Thumb: 19.8249 142.238 1178.98
Index: 5.03994 47.5518 1148.07
Middle: 4.58738 29.3456 1135.13
Ring: 14.3231 35.4429 1131.59
Little: 35.4418 100.774 1030.77
Thumb: 26.2073 142.526 1176.65
Index: 5.35747 46.4017 1146.78
Middle: -2.32433 37.555 1144.25
Ring: 16.3304 32.0674 1130.41
Little: 34.5714 96.55 1027.64
Thumb: 30.5578 142.268 1170.64
Index: 11.2021 43.7762 1138.45
Middle: 6.14945 32.8751 1140.03
Ring: 21.624 31.6712 1127.17
Little: 36.1397 94.1168 1021.3
Thumb: 28.2337 97.225 1089
Index: 21.8776 41.6384 1127.31
Middle: 20.9331 28.1989 1130.55
Ring: 28.5422 37.7921 1125.83
Little: 50.9159 93.9477 1031.92
Thumb: 30.6575 94.319 1073.93
Index: 20.4207 41.2961 1111.29
Middle: 15.3172 29.3025 1115.47
Ring: 31.6936 36.8088 1120.01
Little: 48.0198 94.5915 1026.01
Thumb: 31.7709 97.8036 1070.99
Index: 12.2058 52.2029 1106.21
Middle: 3.7514 42.8721 1102.68
Ring: 32.5782 43.1793 1118.74
Little: 49.927 97.1276 1022.62
Thumb: 38.1887 101.539 1070.29
Index: 13.3184 59.051 1103.84
Middle: 3.08151 51.5637 1100.38
Ring: 17.2044 65.996 1098.68
Little: 46.4546 97.932 1016.76
Thumb: 38.6148 101.464 1070.87
Index: 11.0153 61.4263 1102.7
Middle: 0.543558 53.9108 1098.64
Ring: 16.2805 66.2046 1098.47
Little: 48.2655 99.6688 1013.67
Thumb: 37.7823 98.6024 1068.79
Index: 9.48369 56.778 1101.62
Middle: -2.41053 47.7759 1099.24
Ring: 13.6834 62.8343 1096.26
Little: 46.4887 99.8091 1010.36
Thumb: 37.1792 95.4741 1072.43
Index: 8.92395 56.3303 1103.8
Middle: -4.02185 44.6022 1098.95
Ring: 12.9677 61.1147 1097.3
Little: 44.2928 93.6324 1015.28
Thumb: 37.3851 95.0904 1070.73
Index: 9.82963 54.3453 1102.13
Middle: -2.60971 42.5835 1098.81
Ring: 14.954 59.1379 1097.23
Little: 44.8849 97.3497 1009.77
Thumb: 37.875 94.8519 1069.28
Index: 10.108 53.8567 1101.1
Middle: -1.99306 42.6125 1100.4
Ring: 15.7116 58.1811 1096.65
Little: 45.4311 97.5956 1009.43
Thumb: 64.2419 79.4129 1115.04
Index: 24.7389 53.2681 1149.84
Middle: 7.98953 48.6248 1162.47
Ring: 40.5729 23.074 1127.54
Little: 9.49461 118.978 1069.92
Thumb: 56.9196 74.5178 1112.74
Index: 27.1499 53.2368 1147.67
Middle: 0.668718 57.1847 1163.1
Ring: 32.3616 18.4303 1118.52
Little: 9.01489 115.973 1074.76
Thumb: 41.1746 76.1303 1115.36
Index: 21.0462 52.1728 1132.81
Middle: -25.0862 49.9322 1120.93
Ring: 19.6772 26.1094 1108.57
Little: -0.824902 129.395 1086.32
Thumb: 39.3971 74.6886 1111.43
Index: 56.9444 100.118 1168.69
Middle: -27.2774 51.5965 1123.85
Ring: 11.1359 31.6405 1113.56
Little: -4.92149 132.145 1091.89
Thumb: 32.4103 78.543 1112.47
Index: 57.0061 100.165 1168.65
Middle: -31.1362 52.321 1115.54
Ring: 6.35447 35.528 1111.66
Little: -7.73252 131.305 1095.44
Thumb: 32.8617 76.8159 1108.78
Index: 53.3714 99.4629 1179.37
Middle: -31.9797 50.7427 1104.16
Ring: 8.25683 31.9075 1098.6
Little: -8.0996 129.218 1094.34
Thumb: 65.093 61.648 1103.5
Index: 49.3447 96.998 1178.33
Middle: -32.196 52.5854 1101.57
Ring: 9.32505 33.8221 1092.48
Little: -13.0604 126.918 1101.29
Thumb: 130.102 93.3716 1169.29
Index: 48.7868 93.1659 1178.5
Middle: -33.7135 50.4133 1101.71
Ring: 7.23322 31.2251 1093.17
Little: -12.0803 124.435 1099.68
Thumb: 134.153 92.6478 1162.52
Index: 37.4954 85.2529 1175.15
Middle: -35.2743 49.5925 1095.4
Ring: 6.45014 31.5757 1086.65
Little: -12.346 124.414 1093.93
Thumb: 133.286 92.5864 1149.21
Index: 56.6505 92.9575 1171.4
Middle: -35.9678 45.2842 1093.47
Ring: 4.40768 30.2423 1090.28
Little: -13.6011 125.206 1095.37
Thumb: 134.435 93.3833 1141.14
Index: 52.7112 87.6153 1172.35
Middle: -34.7109 44.2726 1092.17
Ring: 6.5451 28.5944 1085.69
Little: -13.8118 125.292 1097.97
Thumb: 136.073 96.375 1130.34
Index: 57.6303 89.8813 1169.07
Middle: -33.7406 46.9012 1094.58
Ring: 6.97183 31.753 1085.88
Little: -13.2603 127.746 1099.43
Thumb: 134.771 99.1285 1125.91
Index: 60.8615 91.3002 1166.79
Middle: -33.155 46.7816 1090.87
Ring: 7.95719 32.3481 1082.17
Little: -13.707 128.823 1100.56
Thumb: 133.085 97.5925 1119.75
Index: 61.5893 91.6066 1164.05
Middle: -34.7617 46.7395 1090.27
Ring: 6.08894 32.2639 1080.71
Little: -15.0024 129.747 1099.68
Thumb: 130.229 98.1055 1114.02
Index: 60.1955 89.9333 1160.1
Middle: -36.007 44.6641 1087.06
Ring: 4.8345 31.1864 1077.72
Little: -17.5009 130.749 1098.52
Thumb: 131.036 97.9659 1109.89
Index: 57.9501 87.256 1158.36
Middle: -36.3696 44.4352 1082
Ring: 4.57354 31.1777 1074.46
Little: -17.7318 130.645 1096.68
Thumb: 130.608 96.685 1106.83
Index: 54.9292 85.5854 1156.92
Middle: -37.1041 45.746 1080.63
Ring: 4.03804 32.0421 1069.79
Little: -17.6075 129.754 1093.75
Thumb: 130.221 97.9153 1102.01
Index: -3.62432 37.2505 1071.44
Middle: -38.264 45.3518 1079.59
Ring: 2.71508 32.0371 1065.56
Little: -19.1641 129.123 1091.88
Thumb: 129.747 98.939 1102.36
Index: -3.38615 37.7224 1067.59
Middle: -38.1661 45.6758 1077.57
Ring: 3.04539 32.5475 1063.91
Little: -19.7171 129.379 1089.61
Thumb: 128.714 97.3494 1100.22
Index: -4.47199 37.8683 1062.52
Middle: -39.258 45.2837 1075.19
Ring: 1.65898 32.6878 1062.74
Little: -21.1963 131.218 1088.21
Thumb: 126.224 95.686 1097.17
Index: -4.23822 38.7713 1064.25
Middle: -38.9545 46.0147 1074.02
Ring: 1.56569 33.7612 1061.51
Little: -21.0606 132.203 1087.47
Thumb: 127.05 97.7733 1096.7
Index: -3.58869 39.5986 1066.72
Middle: -38.3272 46.881 1071.81
Ring: 2.48718 34.8031 1061.28
Little: -20.9987 130.707 1086.64
Thumb: 128.346 97.845 1096.37
Index: -3.55125 39.4173 1063.04
Middle: -38.3901 46.7463 1070.76
Ring: 2.40236 34.4266 1062.37
Little: -20.5134 132.295 1086.04
Thumb: 130.93 98.0569 1096.1
Index: -5.09542 38.8563 1064.39
Middle: -39.9219 46.8198 1071.16
Ring: 1.04575 33.638 1061.59
Little: -21.009 132.651 1084.88
Thumb: 128.951 98.5422 1099.82
Index: -4.35415 38.6481 1065.55
Middle: -39.1926 46.3505 1071.79
Ring: 1.701 33.4792 1062.73
Little: -20.822 131.329 1085.8
Thumb: 129.13 100.249 1102.66
Index: -4.48867 38.4827 1064.82
Middle: -39.4526 46.145 1072.43
Ring: 1.27201 33.3683 1066.51
Little: -21.6838 131.047 1085.11
Thumb: 126.667 99.9643 1104.32
Index: -4.46722 37.6181 1067.03
Middle: -39.376 45.3475 1074.42
Ring: 1.32302 32.3968 1069.2
Little: -21.5005 130.347 1086.37
Thumb: 126.901 99.1828 1105.39
Index: -4.72721 37.586 1068.26
Middle: -35.8167 48.9881 1086.21
Ring: 1.11214 32.535 1069.08
Little: -21.4639 129.284 1086.55
Thumb: 126.194 97.9411 1110.52
Index: -2.90011 36.5477 1068.7
Middle: -35.3965 47.9407 1088.78
Ring: 3.20838 31.2878 1069.58
Little: -20.7165 129.18 1087.84
Thumb: 128.84 100 1114.56
Index: -1.61111 34.6403 1076.44
Middle: -32.9169 45.8379 1090.9
Ring: 4.17185 29.4377 1076
Little: -20.5267 126.531 1089.79
Thumb: 128.397 99.4052 1115.93
Index: -1.01806 33.3425 1076.85
Middle: -32.5248 43.9246 1091.78
Ring: 4.41621 28.3442 1080.68
Little: -20.5284 125.203 1092.93
Thumb: 131.502 98.0676 1119
Index: -0.973522 32.9443 1082.24
Middle: -31.1623 45.3475 1097.54
Ring: 4.64071 28.0731 1083.23
Little: -18.7456 125.624 1095.53
Thumb: 132.383 98.8515 1120.72
Index: -0.583433 32.4343 1085.94
Middle: -29.7113 45.6836 1103.17
Ring: 4.51749 27.2994 1087.48
Little: -18.9243 124.758 1099.04
Thumb: 133.629 100.979 1124.12
Index: 1.32412 32.9011 1091.08
Middle: -29.3342 44.4356 1100.66
Ring: 6.45534 27.4139 1090.06
Little: -17.5824 124.294 1101.91
Thumb: 135.167 102.508 1126.49
Index: 1.37104 34.6948 1098.19
Middle: -30.9208 44.1757 1102.74
Ring: 6.36296 28.932 1094.87
Little: -17.5198 126.384 1105.25
Thumb: 132.675 102.108 1133.87
Index: 3.6509 36.5476 1108.21
Middle: -29.5567 44.7927 1104.48
Ring: 6.66706 28.4458 1097.39
Little: -17.9505 126.846 1108.43
Thumb: 126.963 100.98 1141.37
Index: 2.29882 37.2534 1113.55
Middle: -29.9569 45.8827 1106.19
Ring: -29.1282 39.3323 1093.75
Little: -22.3475 122.1 1126.43
Thumb: 121.544 98.9634 1157.31
Index: 0.110718 33.7841 1115.78
Middle: 13.7803 103.296 1186.46
Ring: -27.1758 36.148 1095.03
Little: -29.8741 99.6173 1131.9
Thumb: 122.369 99.3836 1163.43
Index: 0.619894 29.8076 1108.07
Middle: 14.9614 104.794 1191.31
Ring: -26.6844 36.3105 1103.11
Little: -28.1622 104.654 1135.83
Thumb: 127.307 101.472 1163
Index: 3.47758 30.0202 1111.56
Middle: 18.1948 104.787 1195.01
Ring: -23.155 35.7085 1103.58
Little: -25.949 111.406 1145.28
Thumb: 135.102 105.952 1145.97
Index: 6.23427 34.0703 1110.84
Middle: 30.3532 100.276 1201.02
Ring: -13.781 35.744 1116.97
Little: -21.3878 110.058 1161.06
Thumb: 131.605 105.919 1148.92
Index: 5.59162 34.0639 1112.66
Middle: 22.8203 99.4102 1204.39
Ring: -15.004 34.9229 1112.23
Little: -28.5001 82.7341 1137.97
Thumb: 114.392 103.563 1170.38
Index: 1.91491 34.3784 1113.73
Middle: 3.97267 104.309 1202.4
Ring: -18.3291 36.5476 1108.69
Little: -34.9614 81.7502 1121.17
Thumb: 96.7585 103.324 1213.47
Index: -0.489522 29.7484 1103.47
Middle: -27.5981 38.9014 1081.24
Ring: -21.7532 38.7563 1081.31
Little: -31.9725 84.131 1088.06
Thumb: 93.4036 123.536 1227.72
Index: 4.1045 30.0254 1101.83
Middle: -24.288 39.8178 1076.97
Ring: -22.6292 39.5221 1086.19
Little: -22.5522 89.7193 1072.43
Thumb: 82.9587 145.197 1230.23
Index: 3.26109 41.2165 1109.55
Middle: -13.5584 44.4304 1078.76
Ring: -6.70427 41.8273 1084.19
Little: -10.3891 92.478 1067.36
Thumb: 90.8026 154.204 1239.37
Index: 4.02854 41.1045 1111.68
Middle: -10.7413 43.6209 1079.4
Ring: -5.69761 42.5387 1081.97
Little: -7.85273 90.2874 1065.26
Thumb: 81.2322 182.291 1243.67
Index: 2.73351 42.3247 1112.83
Middle: -7.4344 39.9986 1083.45
Ring: -1.59517 41.8364 1079.59
Little: -3.57338 87.0679 1062.24
Thumb: 78.186 168.856 1246.54
Index: -3.22336 44.2034 1119.8
Middle: -4.91138 39.4537 1083.89
Ring: 1.22075 39.4726 1082.72
Little: -2.35203 86.1071 1064.96
Thumb: 8.92715 172.633 1246.26
Index: -9.278 53.6995 1111.72
Middle: -0.583357 39.9621 1073.03
Ring: 2.84759 42.1693 1072.12
Little: 8.82458 85.7392 1056.36
Thumb: -20.6057 140.87 1199.74
Index: -3.96288 45.1321 1112.45
Middle: -0.877274 34.666 1081.95
Ring: 5.65959 38.631 1077.41
Little: 10.3534 85.9731 1056.59
Thumb: -34.1656 139.209 1190.46
Index: -7.34467 46.4143 1102.99
Middle: 2.53619 33.0664 1076.47
Ring: 7.2905 36.0757 1078.74
Little: 17.0587 84.3192 1053.37
Thumb: -44.947 136.752 1180.61
Index: -6.42815 34.7154 1104.55
Middle: 4.9964 29.4294 1075.27
Ring: 4.46343 33.6075 1079.81
Little: 18.9722 79.929 1055.27
Thumb: -56.5638 135.11 1164.43
Index: -3.00994 31.5373 1101.51
Middle: 5.20468 27.6441 1073.4
Ring: 6.31032 30.8251 1077.29
Little: 26.0403 89.599 1050.63
Thumb: -54.2699 140.523 1150.38
Index: -9.1233 30.4268 1104.23
Middle: -9.4499 23.2843 1091.29
Ring: 8.13179 24.331 1080.69
Little: 26.696 82.7117 1049.2
Thumb: -64.6562 143.664 1137.14
Index: -1.52378 30.0578 1100.38
Middle: -12.1298 17.9356 1096.54
Ring: 2.73205 24.9177 1075.58
Little: 38.7433 86.3822 1051.03
Thumb: -70.8769 146.153 1127.11
Index: -4.48345 27.6492 1101.63
Middle: -12.3842 14.7051 1102.63
Ring: 3.5283 28.3384 1079.9
Little: 41.7619 90.286 1049.28
Thumb: -77.2673 145.259 1116.71
Index: -6.33041 26.5788 1098.69
Middle: -14.3771 14.2995 1095.17
Ring: 5.19017 34.8784 1072.96
Little: 46.7817 92.2017 1052.53
Thumb: -79.5639 148.958 1110.21
Index: -41.2031 70.5552 1042.12
Middle: -15.463 11.8279 1098.82
Ring: 3.7971 33.6633 1072.14
Little: 50.825 89.3721 1064.43
Thumb: -78.0821 146.017 1102.3
Index: -46.358 70.4132 1040.14
Middle: -16.648 9.51223 1107.16
Ring: 3.30147 36.8532 1070.76
Little: 48.5334 89.2742 1065.93
Thumb: -80.4827 145.225 1100.2
Index: -50.1555 63.9808 1042.1
Middle: -17.4803 9.25473 1108.6
Ring: 1.53067 33.9615 1072.28
Little: 46.6277 89.1162 1066.58
Thumb: -82.0185 144.778 1097.85
Index: -49.4553 65.8209 1039.17
Middle: -20.2713 9.6064 1104.97
Ring: 1.33892 34.014 1073.39
Little: 45.49 86.7744 1067.33
Thumb: -81.2316 144.984 1095.81
Index: -50.5972 66.37 1038
Middle: -21.7879 10.2068 1104.04
Ring: -0.0901651 38.1122 1068.96
Little: 44.7876 87.1591 1065.81
Thumb: -82.8405 146.204 1094.88
Index: -50.9608 66.5761 1037.2
Middle: -23.8328 10.4692 1101.13
Ring: -1.44632 35.9801 1069.65
Little: 44.1472 86.3911 1065.28
Thumb: -82.0929 146.063 1092.73
Index: -53.3045 67.3783 1035.88
Middle: -23.4968 10.2112 1100.88
Ring: -0.451982 37.2107 1068.79
Little: 44.5885 86.1692 1065.84
Thumb: -80.8619 147.109 1089.05
Index: -52.9201 71.6202 1032.88
Middle: -24.857 11.3603 1099.08
Ring: -0.790714 38.6242 1067.32
Little: 44.2374 84.9476 1065.99
Thumb: -81.4371 145.936 1085.26
Index: -51.7328 69.6409 1031.51
Middle: -24.6943 11.319 1098.9
Ring: 1.32406 40.6126 1074
Little: 42.3977 73.8277 1073.32
Thumb: -78.5665 146.32 1085.07
Index: -53.0137 70.9043 1031.3
Middle: -26.6053 11.9477 1099.11
Ring: -0.962357 34.5072 1079.99
Little: 40.9702 73.4169 1072.42
Thumb: -78.8242 147.741 1079.57
Index: -53.0757 63.2651 1034.68
Middle: -29.0924 13.2324 1099
Ring: 8.44023 92.563 1029.82
Little: 41.001 72.0811 1073.34
Thumb: -79.7868 146.943 1079.38
Index: -51.2803 71.969 1029.87
Middle: -28.8988 13.1652 1101.98
Ring: 7.21829 91.4919 1022.29
Little: 40.5768 71.662 1072.15
Thumb: -81.5139 147.113 1080.64
Index: -51.4416 71.8243 1029.74
Middle: -27.5004 13.8835 1100.42
Ring: 6.49597 91.6994 1018.03
Little: 41.0497 73.1598 1073.48
Thumb: -81.4686 147.44 1082.55
Index: -52.1291 68.375 1032.56
Middle: -27.1152 14.3283 1102.24
Ring: 6.57721 94.7727 1015.04
Little: 41.1481 73.7524 1073.44
Thumb: -80.725 146.82 1083.89
Index: -53.797 61.7392 1037.88
Middle: -26.9027 14.2362 1101.69
Ring: 4.64012 92.0964 1014.96
Little: 40.9967 73.1286 1075.9
Thumb: -80.9984 148.923 1084.99
Index: -53.1356 62.1522 1037.76
Middle: -26.032 14.4863 1106.34
Ring: 5.56525 92.0794 1015.4
Little: 41.3651 72.91 1076.31
Thumb: -81.2771 148.989 1085.87
Index: -52.2774 63.3582 1036.11
Middle: -25.2597 14.9338 1109.4
Ring: 6.9368 93.4739 1015.51
Little: 41.7467 73.6151 1076.46
Thumb: -81.3727 147.931 1085.97
Index: -51.6895 64.4035 1035.28
Middle: -24.7266 14.7901 1110.4
Ring: 7.20058 92.8746 1015.78
Little: 41.9599 73.6095 1076.94
Thumb: -81.7794 148.552 1083.5
Index: -44.3937 87.6747 1031.64
Middle: -22.5438 12.9362 1111.29
Ring: 9.01483 91.7099 1016.35
Little: 42.5828 73.3106 1078.06
Thumb: -82.7731 146.325 1086.98
Index: -45.085 84.7986 1030.82
Middle: -22.5906 12.0914 1109.44
Ring: 8.77274 91.1141 1016.26
Little: 42.7314 72.7572 1077.74
Thumb: -83.4865 145.321 1085.92
Index: -43.3886 84.157 1028.85
Middle: -21.5309 12.881 1109.64
Ring: 10.5291 90.6179 1016.17
Little: 44.113 73.6866 1078.85
Thumb: -82.7116 147.296 1086.42
Index: -44.2189 82.8222 1028.65
Middle: -21.1295 13.7085 1110.52
Ring: 9.83908 91.5251 1015.5
Little: 44.3115 75.0764 1077.03
Thumb: -80.9302 148.529 1082.61
Index: -39.4892 77.8362 1027.05
Middle: -20.6507 15.4792 1106.22
Ring: 15.8438 94.5632 1017.21
Little: 46.5627 77.3737 1080.15
Thumb: -79.1867 151.485 1086.44
Index: -42.322 79.7503 1028.59
Middle: -20.0814 16.5117 1108.14
Ring: 12.4035 92.7785 1016.63
Little: 46.1548 77.4392 1077.85
Thumb: -76.301 151.514 1084.73
Index: -41.2951 80.9517 1028.08
Middle: -19.2207 17.2401 1107.99
Ring: 13.3024 93.3001 1016.72
Little: 46.6895 78.5158 1077.76
Thumb: -74.4945 151.549 1083.46
Index: -38.2631 80.4403 1027.14
Middle: -18.1191 17.5987 1107.83
Ring: 15.798 90.4086 1015.95
Little: 48.9529 78.7993 1079.3
Thumb: -67.5183 150.5 1083.46
Index: -35.0346 89.1778 1025.35
Middle: -16.2712 17.6058 1104.56
Ring: 18.7045 92.7799 1015.59
Little: 51.1705 78.6865 1080.14
Thumb: -65.1411 148.967 1086
Index: -34.379 85.8565 1027.15
Middle: -11.9252 18.3044 1106.21
Ring: 20.0868 95.3345 1015.82
Little: 53.6101 80.3944 1078.71
Thumb: -60.3738 148.085 1084.7
Index: -30.3534 84.8919 1026.12
Middle: -7.97185 17.1815 1104.35
Ring: 23.602 95.3658 1014.88
Little: 57.3938 79.9801 1077.9
Thumb: -51.8632 149.204 1082.5
Index: -22.2974 87.7538 1022.33
Middle: -4.004 17.3805 1098.42
Ring: 31.1253 92.2438 1014.22
Little: 62.7338 81.1413 1078.94
Thumb: -41.419 153.153 1078.17
Index: -17.9708 83.6727 1027.95
Middle: 0.442909 21.7954 1096.45
Ring: 37.6887 96.3273 1014
Little: 72.7286 99.4721 1072.08
