Thumb: 32.9554 91.7207 1121.92
Index: -64.5745 28.1944 1098.23
Middle: -101.42 40.8207 1097.63
Ring: -124.543 62.0639 1082.41
Little: -141.773 103.039 1080.87
Thumb: 39.9343 91.2552 1106.96
Index: -70.6788 34.7558 1094.93
Middle: -102.307 40.4637 1084.9
Ring: -113.074 63.7599 1091.04
Little: -119.718 112.389 1098.06
Thumb: 32.2324 88.5564 1107.56
Index: -72.9635 32.5635 1093.23
Middle: -104.461 39.8312 1092.15
Ring: -112.052 68.5877 1091.62
Little: -121.759 112.709 1093.48
Thumb: 24.8167 85.5187 1105.69
Index: -75.0308 31.8942 1097.13
Middle: -106.343 39.3312 1091.08
Ring: -113.734 68.5738 1090.77
Little: -114.241 126.923 1090.83
Thumb: 19.6135 83.7923 1104.65
Index: -79.1576 29.39 1088.7
Middle: -107.902 39.7953 1094.27
Ring: -115.526 68.9048 1095.08
Little: -116.164 126.448 1092.39
Thumb: 11.9658 82.2799 1107.11
Index: -84.0985 28.6615 1088.65
Middle: -111.356 41.9032 1097.75
Ring: -126.56 58.7112 1088.61
Little: -118.133 127.05 1093.69
Thumb: 7.82988 83.33 1103.81
Index: -85.6226 28.1471 1088.86
Middle: -112.355 41.534 1101.53
Ring: -128.028 57.866 1091.78
Little: -121.031 125.099 1097.58
Thumb: -0.75866 85.6235 1104.02
Index: -89.9389 30.6209 1090.97
Middle: -114.769 39.1032 1095.86
Ring: -128.289 57.7964 1097.84
Little: -136.648 102.16 1097.04
Thumb: -5.12394 85.0362 1103.75
Index: -94.3507 35.5067 1095.09
Middle: -114.376 42.0477 1098.53
Ring: -127.736 59.9818 1101.15
Little: -140.023 93.2609 1096.72
Thumb: -3.7624 80.3673 1101.58
Index: -96.7855 36.4871 1094.73
Middle: -116.218 42.9125 1099.46
Ring: -127.501 60.2179 1102.81
Little: -144.295 93.0117 1092.28
Thumb: -9.89312 81.3037 1105.8
Index: -100.322 38.233 1097.59
Middle: -121.536 43.012 1099.57
Ring: -126.276 64.0061 1105.4
Little: -143.744 94.9423 1098.78
Thumb: -10.3517 80.1189 1104.81
Index: -99.0043 37.4419 1099.75
Middle: -122.02 43.5715 1102
Ring: -126.042 62.5612 1106.6
Little: -143.505 93.2864 1099.33
Thumb: -9.94096 80.5581 1104.39
Index: -98.5729 37.0684 1095.39
Middle: -120.182 43.4954 1102.04
Ring: -123.823 62.171 1108.62
Little: -141.833 92.3645 1101.55
Thumb: -9.88215 82.4726 1105.7
Index: -92.4836 38.0521 1098.83
Middle: -115.9 40.1634 1100.04
Ring: -122.085 57.373 1107.38
Little: -137.129 90.0332 1104
Thumb: -6.34373 86.3814 1104.52
Index: -84.74 37.9146 1098.52
Middle: -109.025 39.9795 1099.41
Ring: -112.961 56.3422 1107.57
Little: -131.155 87.8218 1102.18
Thumb: -3.68107 86.6862 1105.89
Index: -77.8272 35.3645 1099.47
Middle: -102.134 38.735 1101.78
Ring: -106.949 55.5599 1108.26
Little: -121.081 84.9521 1102.01
Thumb: -1.24385 90.4961 1105.9
Index: -70.7804 33.4793 1093.65
Middle: -92.342 37.3736 1102.89
Ring: -98.7466 53.1267 1107.22
Little: -113.874 82.005 1102.56
Thumb: 7.79638 94.4253 1108.82
Index: -62.5052 31.7438 1097.42
Middle: -84.6706 33.4555 1103.15
Ring: -92.965 51.8917 1110.57
Little: -104.506 81.8934 1105.4
Thumb: 15.4066 93.6651 1105.97
Index: -51.6608 32.1414 1099.1
Middle: -75.3471 30.216 1101.93
Ring: -85.6694 47.9799 1108.46
Little: -98.223 83.3115 1105.53
Thumb: 23.9742 93.6642 1104.6
Index: -42.193 31.7169 1101.73
Middle: -66.5417 27.1807 1101.5
Ring: -78.1499 45.9812 1109.02
Little: -93.3047 72.7452 1103.95
Thumb: 33.729 94.2897 1105.39
Index: -31.4409 34.3428 1106.73
Middle: -53.495 28.0432 1102.63
Ring: -70.6151 42.7685 1105.75
Little: -85.0682 68.0409 1099.79
Thumb: 42.553 94.7035 1107.36
Index: -25.2381 32.2938 1100.93
Middle: -47.1517 28.0463 1102.06
Ring: -63.186 42.3448 1105.61
Little: -76.3251 71.297 1105.22
Thumb: 49.1462 94.9312 1115.09
Index: -17.0476 32.4294 1103.28
Middle: -42.669 26.4775 1101.27
Ring: -57.3744 42.0792 1105.43
Little: -72.0801 67.3661 1101.7
Thumb: 54.6376 98.7199 1121.74
Index: -11.66 29.5457 1104.93
Middle: -37.8089 21.8542 1100.48
Ring: -49.4384 39.4138 1109.42
Little: -64.6288 67.6316 1106.17
Thumb: 60.9993 96.7459 1124.18
Index: -4.06222 28.7494 1103.48
Middle: -30.1212 22.6849 1101.09
Ring: -41.787 34.7074 1107.95
Little: -56.3556 62.766 1103.86
Thumb: 67.9903 95.3701 1126.44
Index: 1.81701 24.69 1102.96
Middle: -24.1189 19.362 1104.08
Ring: -37.5763 30.3876 1105.87
Little: -51.9472 56.2349 1101.78
Thumb: 76.6832 93.2788 1122.52
Index: 10.5808 24.3981 1103.1
Middle: -16.82 16.1674 1097.85
Ring: -32.0567 29.9563 1103.77
Little: -47.7657 55.584 1098.26
Thumb: 83.5941 91.2154 1118.65
Index: 20.3475 21.0081 1104.73
Middle: -9.56051 13.5143 1101.14
Ring: -25.5304 29.3641 1108.28
Little: -42.5645 51.6094 1101.1
Thumb: 92.5145 94.0292 1121.3
Index: 30.3298 18.4538 1098.49
Middle: -1.97096 10.8795 1096.94
Ring: -17.9454 28.0596 1104.84
Little: -37.5656 52.7055 1102.04
Thumb: 99.9879 89.5331 1113.54
Index: 39.0124 17.9089 1105.48
Middle: 2.24262 7.55135 1094.89
Ring: -12.8513 26.6245 1102.22
Little: -32.7361 51.1897 1101.46
Thumb: 114.241 95.091 1115
Index: 45.7769 14.1424 1102.37
Middle: 10.765 5.89463 1092.25
Ring: -5.23273 24.0754 1100.59
Little: -26.013 48.3227 1100.69
Thumb: 119.629 92.9695 1112.35
Index: 54.4653 12.8066 1103.86
Middle: 18.174 2.67689 1094.28
Ring: 2.40018 22.1209 1104.57
Little: -18.995 45.2947 1104.56
Thumb: 124.168 91.3938 1111.59
Index: 59.0654 12.5464 1108.38
Middle: 22.3994 0.7833 1094.25
Ring: 7.0497 20.7276 1104.08
Little: -14.6128 44.4723 1103.57
Thumb: 132.457 94.5707 1111.2
Index: 65.2681 13.4395 1102.74
Middle: 29.1769 3.50899 1091.62
Ring: 16.7318 28.4656 1105.19
Little: -7.65727 50.8137 1100.76
Thumb: 137.133 95.197 1114.48
Index: 70.0073 12.9634 1102.65
Middle: 32.9168 1.74997 1084.12
Ring: 20.3917 28.3542 1102.22
Little: -7.01396 44.6544 1097.23
Thumb: 145.398 97.6035 1113.77
Index: 74.6031 11.6433 1103.08
Middle: 38.2643 0.957767 1084.55
Ring: 25.0223 25.5746 1100.49
Little: -0.942089 45.6181 1099.92
Thumb: 150.584 99.571 1114.32
Index: 80.2141 11.5396 1102.22
Middle: 43.727 -0.897249 1083.12
Ring: 31.0088 28.357 1100.56
Little: 2.97959 43.2661 1100.29
Thumb: 152.037 102.341 1115.5
Index: 83.4501 10.6084 1098.93
Middle: 47.9876 -1.56971 1082.51
Ring: 33.9581 26.035 1100.25
Little: 6.77832 44.479 1106.51
Thumb: 156.116 104.691 1113.84
Index: 86.569 10.6498 1102.56
Middle: 51.0886 -3.11954 1081.07
Ring: 36.7184 24.7758 1102.44
Little: 10.3045 47.4418 1110.66
Thumb: 162.088 102.943 1114.62
Index: 89.4223 11.6119 1104.3
Middle: 53.3943 -2.52543 1081.5
Ring: 40.7749 28.9738 1108.07
Little: 21.6632 74.1007 1129.98
Thumb: 163.753 103.666 1114.92
Index: 90.8174 16.3474 1108.91
Middle: 53.8169 -2.52438 1080.48
Ring: 51.7511 66.4017 1106.4
Little: 26.6845 93.832 1135.33
Thumb: 164.735 100.894 1118.56
Index: 90.6125 15.4575 1107.92
Middle: 53.8779 -1.9856 1079.85
Ring: 61.1674 95.736 1111.41
Little: 26.6562 95.3171 1130.34
Thumb: 168.993 102.358 1119.15
Index: 89.6606 20.7981 1109.56
Middle: 51.813 -0.209089 1080.92
Ring: 59.0275 95.6643 1140.9
Little: 25.7907 96.0873 1128.35
Thumb: 165.484 99.7844 1117.14
Index: 87.6491 22.1182 1108.97
Middle: 48.6427 1.03191 1080.94
Ring: 57.8265 94.5401 1150.69
Little: 24.8616 97.4183 1135.13
Thumb: 162.914 98.1179 1117.9
Index: 83.7645 23.6288 1108.19
Middle: 44.0797 4.58995 1082.29
Ring: 56.8712 97.7502 1147.9
Little: 23.5664 100.635 1136.36
Thumb: 159.976 97.838 1115.89
Index: 80.4109 22.7479 1109.04
Middle: 40.1993 3.76784 1081.89
Ring: 54.3816 98.0681 1147.99
Little: 20.0622 97.427 1141.99
Thumb: 155.888 96.7557 1117.51
Index: 76.9926 26.7394 1109.46
Middle: 35.616 7.09306 1080.99
Ring: 52.2672 101.514 1148.08
Little: 18.6989 105.558 1142.01
Thumb: 152.41 95.0608 1118.59
Index: 71.8261 26.8732 1108.18
Middle: 30.4331 8.61845 1081.58
Ring: 48.82 102.41 1145.29
Little: 16.4964 110.996 1136.08
Thumb: 146.513 94.481 1120.46
Index: 64.8376 27.4896 1108.26
Middle: 24.2273 10.1026 1079.54
Ring: 42.3476 104.715 1142.83
Little: 9.29914 110.471 1135.05
Thumb: 141.258 93.4473 1118.7
Index: 61.0002 33.8614 1108.76
Middle: 16.9824 12.9051 1080.75
Ring: 38.5166 106.653 1144.47
Little: 5.78975 113.569 1135.33
Thumb: 133.275 94.1279 1120
Index: 53.2794 34.8383 1110.62
Middle: 10.5173 13.1784 1081.58
Ring: 18.8873 92.4139 1162.39
Little: -6.39593 107.695 1137.17
Thumb: 125.729 94.4249 1119.41
Index: 61.6304 62.6288 1108.4
Middle: 3.92687 13.8292 1083.06
Ring: 16.7441 103.804 1163.74
Little: -12.3223 110.748 1138.34
Thumb: 112.672 96.5528 1122.55
Index: 55.4785 63.2525 1109.88
Middle: -1.44939 14.5506 1082.56
Ring: 8.23735 102.15 1164.17
Little: -18.7924 114.691 1137.31
Thumb: 105.083 94.9776 1124.89
Index: 48.9725 63.3964 1110.87
Middle: -8.99861 15.8648 1083.99
Ring: 3.92371 104.571 1165.64
Little: -23.2865 118.138 1138.67
Thumb: 97.9981 95.0343 1126.49
Index: 42.9335 64.291 1113.09
Middle: -15.0373 17.4992 1086.23
Ring: -3.24875 102.501 1168.1
Little: -28.0049 122.168 1140.97
Thumb: 94.9906 95.3798 1131.88
Index: 38.2421 66.8133 1117.09
Middle: -20.7455 20.4754 1089.83
Ring: -6.04012 106.045 1172.3
Little: -30.846 126.463 1145.12
Thumb: 88.7673 95.638 1130.53
Index: 32.0218 65.9064 1118.72
Middle: -26.4885 20.1646 1090.34
Ring: -10.1836 110.218 1172.85
Little: -36.9013 125.508 1146.04
Thumb: 86.4417 94.1858 1132.22
Index: 26.5791 65.7892 1119.3
Middle: -30.9864 18.894 1090.57
Ring: -16.6702 106.077 1175.3
Little: -44.3621 123.288 1148.74
Thumb: 80.9957 97.8699 1140.03
Index: 9.60052 49.1897 1132.55
Middle: -34.8329 17.2682 1097.05
Ring: -29.3091 105.326 1176.82
Little: -53.8297 123.665 1147.74
Thumb: 68.0147 96.7351 1162.59
Index: -18.1956 41.5913 1140.57
Middle: -36.4531 15.8239 1097.19
Ring: -64.385 51.7412 1136.42
Little: -70.2097 108.162 1133.55
Thumb: 32.0941 114.41 1195.19
Index: -41.8399 43.8714 1133.77
Middle: -47.8144 32.5355 1115.99
Ring: -83.2998 96.986 1133.64
Little: -43.8992 57.7408 1086.41
Thumb: -9.72163 119.95 1188.68
Index: -48.497 36.9581 1112.98
Middle: -44.5978 17.4062 1107.28
Ring: -37.9043 27.0092 1108.1
Little: -32.3614 53.361 1078.12
Thumb: 40.3238 141.124 1234.45
Index: -56.2846 42.2232 1106.27
Middle: -48.7284 18.6431 1101.06
Ring: -42.7301 29.9616 1103.06
Little: -33.5362 56.4538 1071.77
Thumb: 39.3741 222.532 1214.69
Index: -49.2912 27.4987 1111.21
Middle: -71.3134 22.266 1109.17
Ring: -50.9201 24.3119 1112.22
Little: -48.1028 50.7281 1076.55
Thumb: -49.4456 163.081 1217.19
Index: -52.3315 29.1405 1114.6
Middle: -81.5967 45.1349 1115.55
Ring: -58.2688 28.9456 1116.36
Little: -49.0867 51.8631 1083.07
Thumb: -73.4991 153.114 1195.32
Index: -55.9232 29.3157 1110.85
Middle: -86.6417 45.1495 1107.02
Ring: -62.6464 28.5774 1109.44
Little: -50.5101 51.808 1079.78
Thumb: -109.657 136.289 1193.3
Index: -50.0533 55.9299 1085.34
Middle: -58.7956 64.9598 1075.6
Ring: -41.7428 83.3762 1065.81
Little: -17.1158 89.4967 1064.15
Thumb: -117.649 146.484 1194.74
Index: -54.1992 49.6883 1090.91
Middle: -58.7975 69.9728 1073.94
Ring: -45.3004 52.2124 1087.93
Little: -19.3651 81.6222 1065.93
Thumb: -127.946 154.852 1176.61
Index: -59.6739 41.3733 1105.9
Middle: -48.6853 36.6524 1086.94
Ring: -47.5081 49.6628 1090.57
Little: -18.5094 75.7011 1070.71
Thumb: -138.643 154.568 1161.07
Index: -57.0417 41.8476 1107.33
Middle: -45.9518 39.4381 1084.81
Ring: -46.8279 51.1785 1090.59
Little: -15.7364 77.3617 1072.98
Thumb: -144.297 154.982 1140.94
Index: -63.0269 44.0742 1103.65
Middle: -46.7541 37.9445 1087.2
Ring: -40.1425 49.3713 1085.86
Little: -15.9954 76.1509 1075.19
Thumb: -149.479 158.628 1120.98
Index: -64.7229 47.6214 1100.42
Middle: -43.155 37.5394 1090.99
Ring: -41.3078 49.9806 1090.7
Little: -15.9365 78.218 1075.95
Thumb: -126.048 183.418 1152.99
Index: -76.0977 44.4754 1101.74
Middle: -83.2511 44.3992 1069.17
Ring: -78.6182 41.976 1102.9
Little: -41.46 52.3722 1085.04
Thumb: -126.442 176.792 1127.09
Index: -100.055 77.6614 1050.96
Middle: -76.7563 40.3483 1080.37
Ring: -85.6388 46.0153 1113.91
Little: -45.514 51.1432 1091.17
Thumb: -129.595 178.23 1113.19
Index: -99.4352 78.6407 1047.37
Middle: -78.1233 34.0221 1089.08
Ring: -83.6242 42.8425 1111.85
Little: -46.7317 51.4476 1092.16
Thumb: -131.846 174.687 1102.61
Index: -101.688 82.2462 1045.86
Middle: -81.4231 35.0158 1089.19
Ring: -85.3656 41.0159 1108.48
Little: -47.9323 50.3067 1094.27
Thumb: -132.585 176.021 1094.89
Index: -100.115 88.1595 1041.85
Middle: -82.3108 28.3632 1104.02
Ring: -86.3368 41.3893 1106.29
Little: -49.427 51.3511 1094.13
Thumb: -132.064 177.015 1091.04
Index: -98.6798 96.9246 1038.92
Middle: -83.9605 29.5625 1110.12
Ring: -87.0162 41.9394 1107.53
Little: -50.1843 51.3039 1097.38
Thumb: -134.655 178.675 1084.85
Index: -95.3007 91.3096 1030.2
Middle: -84.5749 29.8129 1105.65
Ring: -88.7231 43.3807 1104.32
Little: -49.0043 51.9752 1102.01
Thumb: -134.304 180.4 1080.34
Index: -95.443 94.8895 1027.23
Middle: -87.2464 30.9318 1103.6
Ring: -89.8407 43.9484 1104.31
Little: -50.5579 52.0621 1100.55
Thumb: -134.442 181.874 1074.96
Index: -94.8582 97.1658 1022.45
Middle: -88.1281 31.9896 1098.55
Ring: -91.7623 45.7548 1101.49
Little: -52.1851 53.1298 1097.11
Thumb: -134.356 182.961 1069.7
Index: -94.1472 99.2687 1017.81
Middle: -88.3127 32.0002 1094.07
Ring: -91.4794 44.8109 1096.69
Little: -52.3353 52.9509 1095.1
Thumb: -132.797 184.499 1067.03
Index: -92.1473 103.359 1014.28
Middle: -87.8545 33.0887 1089.06
Ring: -90.9414 44.9458 1091.94
Little: -52.1216 53.2033 1090.41
Thumb: -132.634 184.724 1060.74
Index: -89.781 104.142 1009.83
Middle: -86.9359 32.4984 1084.72
Ring: -89.9618 44.4659 1087.03
Little: -51.2338 53.1926 1088.44
Thumb: -132.953 185.041 1060.51
Index: -90.0101 103.904 1008.85
Middle: -86.2948 32.3811 1083.36
Ring: -89.9692 44.3927 1083.11
Little: -51.104 53.3001 1088.38
Thumb: -134.758 185.297 1059.59
Index: -90.4627 102.127 1006.71
Middle: -85.5696 31.8323 1081.78
Ring: -89.71 44.1055 1081.64
Little: -50.8966 53.0966 1085.63
Thumb: -135.707 184.802 1058.51
Index: -92.0794 98.8543 1007.54
Middle: -86.009 30.9576 1079.83
Ring: -90.0722 44.358 1083.61
Little: -51.3111 53.3577 1085.22
Thumb: -135.807 184.045 1057.38
Index: -91.2985 98.1465 1005.87
Middle: -85.345 31.1016 1078.77
Ring: -87.5006 45.4095 1074.75
Little: -50.3275 53.4574 1083.75
Thumb: -133.502 184.993 1057.81
Index: -90.1568 99.0861 1005.85
Middle: -84.2751 32.6965 1081.62
Ring: -86.8263 45.7358 1082.28
Little: -48.6431 55.1629 1084.15
Thumb: -131.375 185.463 1056.83
Index: -88.4486 100.841 1004.45
Middle: -83.2415 33.4816 1082.7
Ring: -84.5949 46.025 1080.53
Little: -46.1126 55.0319 1083.87
Thumb: -132.217 184.908 1057.32
Index: -84.9142 102.427 1005.47
Middle: -80.0804 32.966 1088.3
Ring: -83.8905 46.4146 1085.21
Little: -43.9816 55.0438 1085.19
Thumb: -132.558 183.004 1062.93
Index: -85.459 101.694 1008.2
Middle: -76.1612 32.8117 1088.8
Ring: -80.4953 46.2872 1084.99
Little: -41.1449 56.5347 1087.47
Thumb: -130.961 180.223 1063.57
Index: -84.833 91.3734 1011.57
Middle: -73.0355 33.7168 1092.84
Ring: -75.7007 46.3974 1088.84
Little: -36.4217 57.4707 1089.57
Thumb: -129.335 179.297 1068.99
Index: -86.4885 81.5038 1020.31
Middle: -69.6123 33.6712 1095.91
Ring: -72.925 47.4476 1097.03
Little: -33.6121 57.3654 1089.61
Thumb: -131.241 175.806 1069.27
Index: -81.3283 84.8395 1015.91
Middle: -64.2135 30.1597 1102.18
Ring: -68.6344 42.6042 1098.35
Little: -30.5979 55.0763 1094.18
Thumb: -133.222 173.09 1070.06
Index: -77.1571 84.6997 1016.37
Middle: -58.9592 29.4911 1100.57
Ring: -62.9724 41.997 1101.63
Little: -26.4207 56.1655 1094.99
Thumb: -132.345 170.42 1075.35
Index: -76.4226 81.174 1021.21
Middle: -53.7314 27.6725 1102.05
Ring: -57.9259 39.8028 1102.89
Little: -21.797 55.429 1097.65
Thumb: -126.799 168.895 1076.84
Index: -71.9729 80.225 1023.92
Middle: -48.3834 26.5206 1105.36
Ring: -54.1289 37.9057 1098.26
Little: -17.5412 53.8333 1099.44
Thumb: -121.266 167.568 1080.03
Index: -65.1032 77.0926 1026.07
Middle: -44.1908 23.6091 1105.82
Ring: -49.1929 35.4505 1098.38
Little: -11.8852 50.3627 1097.52
Thumb: -116.273 163.238 1082.45
Index: -57.9605 77.5364 1026.43
Middle: -37.0507 21.6088 1103.92
Ring: -42.2246 34.9342 1100.66
Little: -3.64013 49.7693 1098.9
Thumb: -108.529 159.671 1084.76
Index: -51.2416 73.2462 1026.82
Middle: -29.8067 17.8373 1105.34
Ring: -35.3115 31.2387 1102.23
Little: 3.12813 45.9858 1100.56
Thumb: -104.301 153.917 1086.58
Index: -43.7559 77.5569 1023.89
Middle: -21.9295 16.3428 1107.36
Ring: -26.5855 28.5914 1102.51
Little: 10.4516 45.3823 1101.32
Thumb: -99.8519 150.611 1088.42
Index: -37.7616 72.6152 1027.09
Middle: -14.4963 16.0932 1109.63
Ring: -19.9764 28.5653 1104.05
Little: 17.4161 45.5691 1102.53
Thumb: -95.4532 146.924 1087.68
Index: -30.4939 69.7222 1026.31
Middle: -5.03444 14.5555 1109.26
Ring: -11.0742 29.9433 1094.52
Little: 23.8108 44.6278 1100.05
Thumb: -90.4342 145.902 1086.64
Index: -25.9932 78.6948 1020.55
Middle: 1.87517 12.0965 1105.81
Ring: -7.21806 27.3762 1096.08
Little: 30.9161 42.0345 1094.75
Thumb: -86.5797 142.928 1088.54
Index: -21.1858 68.1031 1025.92
Middle: 9.32576 9.92593 1104.89
Ring: 1.31241 22.7781 1105.92
Little: 37.5357 40.6811 1093.41
Thumb: -83.9124 142.394 1087.24
Index: -14.9088 62.2301 1028.34
Middle: 17.628 9.0369 1106.94
Ring: 11.3274 21.8869 1106.48
Little: 46.7053 40.8317 1096.34
Thumb: -81.2907 144.073 1092.8
Index: -9.15915 61.6265 1029.24
Middle: 23.6788 9.90701 1108.09
Ring: 18.283 22.5644 1104.94
Little: 55.4124 42.2402 1096.5
Thumb: -77.0298 142.123 1086.8
Index: -1.78772 64.7933 1026.81
Middle: 30.4074 9.81138 1104.95
Ring: 23.7395 22.7122 1105.06
Little: 60.3813 43.197 1093.25
Thumb: -70.4892 140.732 1086.89
Index: 0.99039 73.9626 1031.25
Middle: 38.0471 9.64479 1104.64
Ring: 29.3788 23.043 1102.62
Little: 67.9165 43.5042 1094.62
Thumb: -63.31 141.992 1086.45
Index: 7.45731 72.8219 1030.75
Middle: 42.7497 9.92278 1104.11
Ring: 33.6076 23.9798 1104.8
Little: 73.5697 43.3428 1094.81
Thumb: -57.3945 145.188 1091.78
Index: 11.725 72.6264 1030.71
Middle: 47.3578 9.42402 1102.55
Ring: 38.3571 23.4602 1103.05
Little: 78.5648 42.6801 1095.86
Thumb: -53.4775 148.564 1092.04
Index: 16.2115 70.6729 1030.42
Middle: 50.5044 8.05454 1105.13
Ring: 41.7152 22.0757 1101.73
Little: 82.5572 41.2298 1100.05
Thumb: -50.3474 149.213 1100.61
Index: 13.069 70.2205 1036.42
Middle: 48.9292 8.0223 1111.46
Ring: 42.5437 21.88 1106.42
Little: 83.2974 40.0566 1099.14
Thumb: -48.2471 150.648 1108.32
Index: 12.8957 70.1197 1040.02
Middle: 47.4474 7.776 1107.79
Ring: 42.6165 22.5726 1111.56
Little: 95.2854 81.8275 1033.78
Thumb: -42.4233 153.225 1120.16
Index: 8.51222 75.2329 1044.16
Middle: 41.9352 9.94592 1108.15
Ring: 65.6707 16.0628 1106.98
Little: 89.9418 83.4936 1030.7
Thumb: -38.2305 155.142 1131
Index: 5.9522 70.6248 1055.59
Middle: 37.8163 10.874 1115.91
Ring: 56.425 15.4902 1102.25
Little: 84.3041 85.9904 1031.1
Thumb: -30.2057 161.488 1144.3
Index: 5.89435 68.6182 1064.54
Middle: 29.1186 16.5602 1122.54
Ring: 44.7343 22.0897 1096.4
Little: 82.3222 90.0307 1030.99
Thumb: -19.846 166.732 1161.09
Index: 42.6597 40.0775 1112.17
Middle: 28.9226 23.4155 1121.51
Ring: 35.2716 34.5561 1098.23
Little: 69.9183 95.7966 1029.88
Thumb: -16.2699 166.101 1161.62
Index: 40.974 43.2505 1111.42
Middle: 29.0711 26.7763 1124.66
Ring: 31.3865 38.4274 1096.64
Little: 64.5376 100.326 1028.26
Thumb: -9.11959 165.048 1161.64
Index: 26.1464 58.4547 1101.93
Middle: 34.6482 30.1043 1128.94
Ring: 31.2033 42.0259 1099.18
Little: 55.8718 106.088 1025.57
Thumb: -5.09096 167.531 1169.49
Index: 33.2807 49.8748 1106.64
Middle: 36.4487 30.451 1129.63
Ring: 33.0279 41.5045 1104.34
Little: 50.7433 103.17 1028.22
Thumb: 1.60038 168.452 1176.79
Index: 36.3606 49.0353 1110.38
Middle: 39.2003 30.8781 1130.89
Ring: 31.4837 42.3579 1101.16
Little: 45.7126 108.865 1028.09
Thumb: 9.89734 169.738 1181.42
Index: 34.9508 50.9191 1110.52
Middle: 39.0205 32.2935 1130.65
Ring: 33.8965 42.0768 1105.76
Little: 42.2972 110.692 1028.3
Thumb: 22.7479 172.303 1185.39
Index: 31.6255 55.1827 1106.48
Middle: 37.4488 33.6442 1125.5
Ring: 33.1399 44.6877 1107.26
Little: 39.5206 111.408 1025.68
Thumb: 35.2564 175.582 1185.37
Index: 31.541 57.6324 1105.46
Middle: 36.7071 37.4905 1123.77
Ring: 32.6635 48.384 1108.32
Little: 50.8163 120.918 1023.3
Thumb: 40.1651 175.303 1186.48
Index: 30.8693 59.8543 1106.6
Middle: 37.761 39.1719 1126.11
Ring: 31.4631 51.7577 1111.88
Little: 51.9668 121.667 1024.76
Thumb: 42.9878 172.855 1188
Index: 28.061 60.2297 1107.22
Middle: 37.5188 39.9033 1129.11
Ring: 24.0438 55.7582 1105.96
Little: 52.8311 120.879 1027.18
Thumb: 45.5521 171.711 1190.68
Index: 31.5779 57.9287 1109.63
Middle: 37.1764 40.8952 1132.45
Ring: 22.6009 57.6349 1107.76
Little: 54.5187 121.299 1029.53
Thumb: 46.7209 171.231 1191.37
Index: 29.1316 61.4305 1111.17
Middle: 39.4895 39.9405 1134.24
Ring: 21.3018 58.3679 1108.9
Little: 67.591 120.482 1034.75
Thumb: 47.5397 168.328 1191.21
Index: 30.5976 60.2741 1111.2
Middle: 38.7481 41.9295 1135.85
Ring: 22.8545 58.4333 1109.99
Little: 56.7819 128.853 1027.01
Thumb: 47.0835 167.208 1190.8
Index: 30.0683 60.3942 1111.32
Middle: 38.4016 41.1588 1134.52
Ring: 21.857 58.8257 1109.5
Little: 54.7381 128.708 1026.56
Thumb: 44.9821 165.979 1191.11
Index: 27.9162 61.1191 1113.09
Middle: 36.6646 41.529 1137.31
Ring: 20.5568 58.4364 1111.34
Little: 53.4063 128.286 1028.14
Thumb: 42.1077 163.259 1189.52
Index: 28.5133 59.2167 1112.92
Middle: 35.5488 41.2679 1136.92
Ring: 19.8612 57.8487 1110.23
Little: 51.4213 127.932 1027.84
Thumb: 38.349 159.145 1190.7
Index: 25.6898 65.0365 1114.18
Middle: 31.9583 40.2511 1135.45
Ring: 17.1055 58.4915 1110.27
Little: 53.3702 128.397 1029.78
Thumb: 32.9846 157.536 1187.31
Index: 23.4231 64.9408 1113.32
Middle: 28.5493 40.9428 1135.14
Ring: 14.4355 59.3027 1109.15
Little: 51.2008 127.473 1028.55
Thumb: 30.0183 156.191 1183.97
Index: 20.944 66.8349 1113.7
Middle: 26.7712 40.8691 1136.69
Ring: 12.2167 60.0893 1108.61
Little: 48.3668 122.312 1028.98
Thumb: 23.6218 155.42 1181.15
Index: 19.6051 66.345 1113.38
Middle: 24.5341 40.8813 1134.97
Ring: 11.0915 61.2841 1106.99
Little: 47.7548 121.671 1029.98
Thumb: 17.25 150.442 1177.6
Index: 16.0068 65.359 1114.34
Middle: 18.5452 39.2513 1135.48
Ring: 5.8584 60.6497 1106.13
Little: 44.8362 118.258 1031.9
Thumb: 11.1937 148.794 1176.02
Index: 15.1233 66.2085 1116.61
Middle: 17.0018 38.8839 1139.53
Ring: 3.93957 62.4327 1104.76
Little: 42.4839 115.539 1033.61
Thumb: 5.24452 143.664 1170.79
Index: 12.0178 66.7193 1117.71
Middle: 14.6454 38.4768 1143.3
Ring: 1.84641 62.2938 1104.01
Little: 36.991 109.152 1035.94
Thumb: -3.89808 140.414 1168.21
Index: 8.54749 60.823 1117.61
Middle: 12.1421 34.3695 1142.7
Ring: -0.202856 56.4451 1104.99
Little: 36.401 104.426 1037.73
Thumb: -7.55603 135.13 1163.1
Index: 12.6114 55.6447 1119.4
Middle: 8.73204 34.9598 1144.53
Ring: 5.85192 50.1068 1108.37
Little: 37.3304 102.912 1037.56
Thumb: -12.9616 129.299 1159.78
Index: 11.7116 43.1755 1120.97
Middle: 6.59309 31.7805 1148.8
Ring: 3.93364 38.7389 1115.82
Little: 35.7151 96.0898 1039.73
Thumb: -14.8246 126.299 1156.77
Index: 10.6679 41.7286 1112.86
Middle: 2.09873 41.4141 1132.45
Ring: 3.96467 37.2687 1110.16
Little: 37.5308 97.3883 1037.24
Thumb: -17.0245 122.295 1155.75
Index: 9.61227 40.1202 1108.5
Middle: -4.5822 47.756 1121.16
Ring: 7.16083 34.1092 1109.63
Little: 32.9427 95.9018 1035.21
Thumb: -20.2749 115.924 1150.89
Index: 11.9272 31.2305 1108.58
Middle: -9.39419 46.8761 1117.53
Ring: 3.71259 31.9732 1107.71
Little: 32.0245 93.5782 1035.04
Thumb: -23.5971 113.326 1147.35
Index: 9.69092 30.8451 1108.24
Middle: -11.6892 45.8704 1117.06
Ring: 0.901545 32.805 1105.82
Little: 31.1896 93.2406 1034.34
Thumb: -22.8688 112.135 1143.41
Index: 6.51743 33.621 1106.73
Middle: -15.2309 49.8525 1113.71
Ring: -1.84916 35.2516 1103.8
Little: 41.6202 90.209 1041.91
Thumb: -25.1078 112.233 1142.25
Index: -1.96292 38.0551 1105.9
Middle: -17.7791 63.0462 1105.33
Ring: -4.0938 36.3481 1105.76
Little: 40.2558 89.7052 1043.54
Thumb: -26.5742 113.61 1139.68
Index: -3.58902 35.7461 1112.82
Middle: -21.9301 65.352 1107.81
Ring: -9.73827 40.5093 1108.17
Little: 38.5125 90.106 1040.86
Thumb: -22.2865 118.588 1139.55
Index: -8.87072 44.6266 1120.94
Middle: -25.1564 73.5824 1110.64
Ring: -12.2959 49.7454 1112.54
Little: 39.8303 94.4283 1037.6
Thumb: -23.5527 116.438 1135.56
Index: -14.3554 47.4868 1121.27
Middle: -28.9147 76.0527 1114.22
Ring: -17.4912 49.7185 1118.98
Little: 36.3578 92.4556 1040.99
Thumb: -26.917 115.263 1134.25
Index: -20.4054 48.6476 1125.55
Middle: -14.7122 91.1715 1105.83
Ring: -24.0083 56.2619 1115.13
Little: 21.3445 92.11 1027.97
Thumb: -29.6026 115.184 1131.79
Index: -27.0769 50.911 1128.16
Middle: -35.4865 87.6992 1101.39
Ring: -29.8614 57.2175 1115.04
Little: 23.5741 91.2125 1029.26
Thumb: -31.3884 114.493 1132.69
Index: -33.2628 53.1602 1127.37
Middle: -40.1498 88.175 1101.14
Ring: -34.6349 59.318 1113.17
Little: 22.0318 90.7244 1030.69
Thumb: -34.2045 114.833 1131.14
Index: -41.4186 55.9825 1126.24
Middle: -46.8345 87.6674 1099.72
Ring: -40.2953 59.178 1112.56
Little: 15.8468 89.6882 1028.1
Thumb: -34.9072 115.74 1130.35
Index: -44.1407 57.9793 1128.48
Middle: -48.4599 90.6197 1097.4
Ring: -41.8735 62.6096 1109.78
Little: 14.7007 90.2712 1028.46
Thumb: -39.0941 113.018 1128.26
Index: -44.0944 55.5025 1125.59
Middle: -51.5777 89.8043 1096.78
Ring: -44.7231 61.8618 1109.97
Little: 12.2775 88.9645 1029.79
Thumb: -38.8586 114.138 1126.57
Index: -45.7204 57.7034 1124.72
Middle: -57.3637 87.1083 1099.4
Ring: -45.4455 62.6621 1109.27
Little: 15.9297 89.7115 1030.12
Thumb: -41.4051 113.761 1125.79
Index: -44.3953 56.0401 1123.18
Middle: -58.3946 85.6556 1099.31
Ring: -45.5487 61.557 1109.34
Little: 10.2148 89.8506 1027.58
Thumb: -45.3572 113.335 1128.8
Index: -49.3477 59.7097 1116.51
Middle: -61.789 86.8228 1090.26
Ring: -48.0127 60.8647 1105.87
Little: 9.74048 89.2465 1028.62
Thumb: -47.0259 114.931 1132.95
Index: -46.5553 57.952 1115.28
Middle: -60.0464 87.544 1086.92
Ring: -46.1843 51.6101 1115.72
Little: 10.2045 92.387 1027.88
Thumb: -47.043 121.361 1140.15
Index: -44.8714 54.7628 1117.1
Middle: -60.1274 84.9774 1089.37
Ring: -46.376 52.1397 1109.18
Little: 6.33918 92.9752 1026.23
Thumb: -49.4378 124.441 1144.46
Index: -38.9907 57.4225 1111.12
Middle: -61.1981 74.1404 1092.82
Ring: -43.5859 49.7649 1098.62
Little: 5.68922 97.8986 1023.83
Thumb: -52.1524 127.125 1147.01
Index: -38.396 54.7244 1102.71
Middle: -42.8588 73.3769 1089.22
Ring: -39.2754 50.1701 1091.79
Little: 2.20297 101.328 1017.4
Thumb: -48.7292 136.375 1149.94
Index: -38.3253 64.0443 1104.95
Middle: -42.2185 70.2386 1088.33
Ring: -37.8808 57.777 1084.55
Little: 0.170258 100.482 1013.96
Thumb: -51.9861 135.998 1146.18
Index: -35.6946 64.8988 1104.9
Middle: -41.5198 64.4758 1089.05
Ring: -35.6608 57.224 1083.41
Little: -4.05062 99.2874 1012.97
Thumb: -54.3018 139.551 1147.85
Index: -30.3274 54.0639 1102.54
Middle: -40.5212 57.3356 1086.79
Ring: -35.5731 56.3467 1083.31
Little: -8.31709 96.9481 1013.33
Thumb: -53.6213 141.782 1150.03
Index: -28.3333 53.7059 1100.08
Middle: -39.2109 52.6298 1083.14
Ring: -34.9449 53.189 1081.36
Little: -6.85367 97.1635 1010.93
Thumb: -54.446 145.516 1149.44
Index: -24.3785 49.2491 1100.67
Middle: -38.7546 52.6574 1082.66
Ring: -34.1969 50.5869 1082.27
Little: -6.79467 96.989 1009.51
Thumb: -56.7329 147.164 1148.99
Index: -23.8976 46.8481 1096.86
Middle: -38.8259 49.5787 1078.99
Ring: -31.4301 45.4249 1077.45
Little: -7.62861 95.9071 1007.84
Thumb: -57.663 148.029 1145.82
Index: -23.8317 47.8113 1098.42
Middle: -36.3965 46.7291 1075.12
Ring: -30.7325 43.6599 1075.07
Little: -10.1701 95.6485 1008.94
Thumb: -57.7178 150.697 1148.01
Index: -19.8059 36.3717 1097.21
Middle: -31.5497 44.4748 1070.56
Ring: -29.842 44.4654 1074.01
Little: -5.3335 96.0697 1007.92
Thumb: -58.2453 153.579 1143.52
Index: -16.9011 38.7616 1097.4
Middle: -19.5403 52.9875 1068.26
Ring: -8.22501 70.9642 1068.32
Little: -2.33289 97.1142 1007.68
Thumb: -69.177 154.687 1139.63
Index: -14.0263 38.7962 1100.9
Middle: -5.47414 25.0262 1068.5
Ring: -5.63153 73.7868 1074.76
Little: 7.90637 98.1158 1012.61
Thumb: -76.7205 157.019 1129.85
Index: -10.8662 37.8148 1102.31
Middle: 1.76023 21.6549 1074.98
Ring: -8.57258 67.9611 1074.2
Little: 12.3367 91.3287 1016.22
Thumb: -82.5699 159.988 1123.64
Index: -7.94831 38.4854 1105.08
Middle: 8.56692 21.9111 1080.6
Ring: -6.31742 63.8904 1076.24
Little: 24.6022 91.2469 1020.23
Thumb: -88.8068 161.936 1111.93
Index: -7.51296 37.8995 1109.64
Middle: 12.2472 24.4196 1082.51
Ring: -8.77325 41.6323 1103.32
Little: 38.3241 93.9957 1027.92
Thumb: -90.7905 162.881 1106.6
Index: -7.04094 40.7345 1110.07
Middle: 14.7058 27.6771 1084.27
Ring: -9.32156 37.7329 1113.44
Little: 35.0341 86.1261 1033.46
Thumb: -93.49 162.114 1101.96
Index: -7.19382 41.9191 1112.25
Middle: 16.4761 29.0732 1088.21
Ring: -9.26373 38.9352 1115.27
Little: 29.6814 68.5544 1050.47
Thumb: -95.5181 157.475 1095.53
Index: -6.77043 41.529 1113.05
Middle: 20.6195 27.8933 1093.7
Ring: -10.0466 38.0423 1112.24
Little: 33.5806 68.9413 1055.47
Thumb: -98.207 161.702 1092.02
Index: -6.25374 38.7895 1116.15
Middle: 21.314 26.0108 1096.72
Ring: -10.4713 35.8855 1113.41
Little: 32.9637 65.0555 1060.36
Thumb: -97.9391 156.687 1090.72
Index: -5.57686 36.4133 1113.25
Middle: 22.8737 24.6614 1094.57
Ring: -9.53325 33.6873 1110.51
Little: 34.4228 63.0112 1061.16
Thumb: -96.0939 158.749 1085.26
Index: -9.27565 35.083 1104.85
Middle: 22.6335 19.1263 1092.54
Ring: -11.7629 28.4158 1105.96
Little: 37.0335 63.4465 1056.48
Thumb: -94.9957 149.712 1082.31
Index: -9.82525 35.0516 1098.19
Middle: 22.8145 19.1142 1085.97
Ring: -11.2993 26.2612 1099.4
Little: 38.589 63.9918 1053.57
Thumb: -91.3497 143.377 1078.32
Index: -9.28584 32.4841 1090.96
Middle: 22.2374 20.3188 1075.56
Ring: -11.5064 23.7901 1092.5
Little: 40.478 62.5433 1050.36
Thumb: -86.5918 139.701 1070.58
Index: -10.0197 30.993 1085.98
Middle: 19.8544 23.0038 1066.14
Ring: -10.8195 23.3016 1084.98
Little: 42.4339 64.0101 1045.4
Thumb: -79.2736 133.618 1057.29
Index: -13.9946 31.7368 1077.7
Middle: 15.7795 25.6498 1061.68
Ring: -13.175 24.5645 1077.62
Little: 38.6664 58.9443 1044.72
Thumb: -74.7218 124.806 1052.38
Index: -11.709 30.3135 1068.14
Middle: 14.087 39.1666 1052.98
Ring: 9.75852 70.2831 1019.41
Little: 40.1457 60.8538 1037.42
Thumb: -70.19 119.389 1046.18
Index: -11.9213 29.8126 1063.24
Middle: 9.61428 54.4115 1051.94
Ring: 5.30896 59.756 1022.5
Little: 48.9118 75.755 1038.5
Thumb: -59.8022 114.555 1036.08
Index: -11.9097 31.519 1058.34
Middle: 9.69433 56.4471 1048.93
Ring: 8.19179 66.8486 1018.1
Little: 48.3137 76.7575 1037.07
Thumb: -33.7381 104.205 1027.65
Index: -13.2623 33.0797 1053.7
Middle: 8.07035 59.3308 1045.19
Ring: 6.55307 68.4753 1019.13
Little: 46.5093 77.478 1034.71
Thumb: -36.4828 102.945 1025.52
Index: -15.847 36.8254 1051.93
Middle: 5.41665 61.1589 1042.61
Ring: 9.00408 77.067 1027.8
Little: 43.0112 77.266 1032.64
Thumb: -35.2259 103.81 1023.84
Index: -16.853 37.9357 1049.45
Middle: 3.7413 64.3227 1041.76
Ring: -3.74706 56.6675 1011.11
Little: 41.0817 76.7704 1028.51
Thumb: -34.7603 103.9 1023.88
Index: -19.2328 38.2049 1046.38
Middle: 0.186646 65.0033 1039.24
Ring: -7.57109 67.2975 1005.56
Little: 35.9732 81.5477 1022.43
Thumb: -37.2856 103.605 1021.02
Index: -19.2411 37.854 1045.15
Middle: 0.689237 63.2447 1037.66
Ring: -10.8685 57.0461 1009.16
Little: 35.7273 80.2118 1020.42
Thumb: -38.4356 103.454 1017.78
Index: -19.728 36.7172 1043.06
Middle: -0.642084 62.5248 1036.26
Ring: -9.96433 59.1103 1005.5
Little: 33.1892 82.0373 1018.55
Thumb: -38.7063 102.161 1015.2
Index: -20.7261 35.8255 1040.54
Middle: -1.34906 61.7045 1034.08
Ring: -12.1536 58.6903 1003.5
Little: 33.6175 82.1848 1015.64
Thumb: -40.1354 100.923 1014.31
Index: -24.4938 38.2743 1039.2
Middle: -3.34896 58.2701 1030.48
Ring: -16.4435 57.9394 1002.93
Little: 28.1198 82.8492 1008.14
Thumb: -41.0368 102.162 1012.01
Index: -27.8582 38.9121 1038.24
Middle: -5.68615 56.5998 1028.07
Ring: -13.9222 57.6271 999.958
Little: 25.7679 82.9419 1005.68
Thumb: -41.5271 101.873 1011.54
Index: -29.4007 38.6049 1037.64
Middle: -7.06146 54.851 1026.25
Ring: -17.5637 59.1968 999.097
Little: 21.3179 78.3941 1003.65
Thumb: -44.3472 102.468 1011.69
Index: -31.3835 39.1875 1037.76
Middle: -7.95284 52.9102 1027.22
Ring: -17.7505 69.8817 995.279
Little: 19.4006 79.2247 1002.54
Thumb: -41.237 102.36 1009.15
Index: -30.6144 38.7902 1034.74
Middle: -7.35045 54.058 1025.84
Ring: -8.90901 80.0312 991.159
Little: 20.1096 78.2793 1001.55
Thumb: -41.4087 102.051 1006.79
Index: -28.2259 37.0867 1034.4
Middle: 2.99256 22.0057 1017.67
Ring: -7.10139 76.9211 989.814
Little: 22.8246 78.2886 1000.54
Thumb: -42.9266 103.043 1007.21
Index: -28.1181 37.317 1035.52
Middle: 3.48561 22.4577 1018.98
Ring: -10.6238 70.5489 989.952
Little: 21.6797 78.6242 1001.44
Thumb: -44.8072 103.677 1007.68
Index: -28.8703 37.5395 1035.89
Middle: 1.60583 21.7388 1019.96
Ring: -13.7658 77.552 993.263
Little: 20.8605 77.7862 1002.44
Thumb: -47.8434 102.295 1009.51
Index: -36.554 47.275 1036.55
Middle: -2.39641 23.2996 1020.98
Ring: -13.1355 73.8973 997.458
Little: 18.6188 77.1602 1003.41
Thumb: -50.9528 105.687 1011.46
Index: -37.2903 45.912 1039.35
Middle: -2.7511 22.6243 1024.03
Ring: -13.1155 74.6534 999.684
Little: 19.5953 79.8092 1006.4
Thumb: -53.7542 107.552 1018.51
Index: -38.5169 41.296 1049.93
Middle: -7.79734 22.5904 1033.09
Ring: -15.456 74.6693 1009.43
Little: 17.0426 78.9022 1012.59
Thumb: -63.5384 112.183 1040.23
Index: -60.126 79.3576 1069.49
Middle: -37.6417 19.2267 1059.87
Ring: -18.4625 27.4271 1054.7
Little: -19.9267 37.015 1062.28
Thumb: -67.7634 113.68 1056.67
Index: -66.1631 57.4785 1069.33
Middle: -40.7511 19.9698 1069.88
Ring: -22.2842 12.3096 1067.47
Little: 2.97668 76.6863 1029.1
Thumb: -74.9838 115.709 1070.31
Index: -68.1765 52.9784 1086.47
Middle: -45.0321 38.0836 1077.23
Ring: -31.2646 12.6166 1083.66
Little: 5.52199 78.3495 1038.28
Thumb: -73.4097 121.645 1086.16
Index: -73.0019 52.9906 1112.73
Middle: -53.3166 50.853 1094.61
Ring: -44.5245 16.3332 1102.65
Little: -7.36849 75.7576 1045.47
Thumb: -74.4298 126.76 1097.24
Index: -70.255 62.5301 1128.66
Middle: -53.1994 44.0761 1111.27
Ring: -46.165 20.6025 1122.45
Little: -1.67552 77.5421 1055.65
Thumb: -72.522 133.745 1109.6
Index: -61.2769 67.8497 1138.67
Middle: -53.2862 42.402 1127.22
Ring: -39.4483 28.7429 1137.25
Little: 4.29259 85.1104 1065.91
Thumb: -71.8158 139.92 1110.59
Index: -55.336 70.72 1153.49
Middle: -45.5312 48.7522 1145.9
Ring: -34.6615 32.8986 1141.91
Little: 7.57366 87.7467 1072.3
Thumb: -66.7107 147.017 1119.01
Index: -51.1044 75.4137 1159.85
Middle: -38.4876 54.6042 1148.1
Ring: -29.6376 35.3304 1150.42
Little: 12.4163 89.2514 1077.38
Thumb: -63.609 152.153 1121.8
Index: -46.3077 81.0801 1168.74
Middle: -32.0791 59.4736 1156.61
Ring: -23.2401 41.3119 1163.84
Little: 17.8704 89.9015 1084.87
Thumb: -59.3358 155.38 1129.4
Index: -42.0518 82.8636 1170.8
Middle: -29.7284 60.9406 1159.78
Ring: -18.149 41.4077 1161.68
Little: 24.6688 91.1727 1087.44
Thumb: -54.9881 157.321 1134.75
Index: -39.2479 87.4524 1166.01
Middle: -24.9399 61.2018 1159.24
Ring: -11.1933 41.432 1165.6
Little: 31.63 90.8677 1090.36
Thumb: -52.8489 156.37 1133.65
Index: -34.0007 87.0714 1160.54
Middle: -18.7673 61.1995 1156.91
Ring: -5.58941 42.991 1162.72
Little: 37.71 93.3604 1084.85
Thumb: -49.3074 157.102 1128.49
Index: -33.5099 87.4491 1156.61
Middle: -14.9944 61.3173 1155.14
Ring: -1.74476 44.4416 1163.74
Little: 42.9929 94.1757 1082.01
Thumb: -49.5944 155.036 1128.57
Index: -28.5141 80.6928 1153.24
Middle: -9.87963 58.1046 1150.06
Ring: 3.1284 40.9711 1160.08
Little: 39.3193 95.8927 1081.33
Thumb: -45.5054 151.883 1136.89
Index: -20.7909 74.9026 1149.57
Middle: -3.57808 54.1144 1144.18
Ring: 10.1559 35.6235 1144.07
Little: 28.5437 87.0693 1067.01
Thumb: -39.2806 146.701 1139.44
Index: -7.26893 63.672 1146.47
Middle: 2.6165 47.1274 1137.59
Ring: 23.7664 31.3619 1138.76
Little: 30.8622 84.9339 1060.6
Thumb: -37.4983 140.763 1139.13
Index: -0.100192 54.5039 1142.4
Middle: 7.55455 42.7867 1127.65
Ring: 30.143 27.1668 1129.86
Little: 33.1763 85.1557 1053.95
Thumb: -36.2699 133.998 1135.18
Index: 3.71165 47.4885 1138.63
Middle: 10.4171 35.8158 1124.51
Ring: 31.6157 23.4349 1124.44
Little: 42.331 93.8495 1048.04
Thumb: -29.9643 130.408 1135.36
Index: 3.75907 48.2625 1142.04
Middle: 9.58169 41.9413 1128.64
Ring: 22.1201 24.6387 1122.99
Little: 50.0881 93.8047 1047.67
Thumb: -30.0758 124.295 1132.28
Index: 6.1429 42.2746 1142.28
Middle: 5.97438 39.2499 1128.39
Ring: 12.0328 25.6076 1121.09
Little: 47.7881 93.1243 1046.26
Thumb: -22.3388 122.509 1132.67
Index: 1.71839 44.0941 1136.93
Middle: -1.65899 52.9736 1110.63
Ring: 7.9653 29.2568 1121.97
Little: 45.0623 94.2693 1038.25
Thumb: -20.6878 123.214 1134.13
Index: 3.93877 44.3171 1140.8
Middle: -2.89113 53.3815 1116.16
Ring: -2.8228 41.5099 1131.85
Little: 42.5437 91.1392 1038.53
Thumb: -17.9568 119.235 1127.57
Index: -2.37878 61.7989 1133.02
Middle: -10.432 52.5956 1122.53
Ring: -3.55074 44.6305 1133.73
Little: 41.5935 87.2417 1038.87
Thumb: -16.5864 118.77 1126.76
Index: -4.74095 63.6732 1134.03
Middle: -14.883 56.1281 1134.09
Ring: -7.1353 48.0596 1135.75
Little: 51.0065 86.3315 1050.08
Thumb: -13.8182 119.39 1128.78
Index: -8.22449 56.9192 1136.47
Middle: -14.6164 59.8174 1150.48
Ring: -5.35605 49.4068 1140
Little: 49.7189 83.3998 1050.65
Thumb: -13.5654 116.327 1127.79
Index: -9.24798 57.291 1136.53
Middle: -17.4383 62.5979 1151.73
Ring: -6.75196 48.5783 1139.27
Little: 49.6955 83.4785 1051.75
Thumb: -14.027 116.682 1130.12
Index: -7.0401 54.6791 1140.19
Middle: -18.2263 62.1835 1152.21
Ring: -8.46236 49.3659 1139.23
Little: 50.2963 81.1907 1053.1
Thumb: -14.8929 117.83 1135.5
Index: -4.53375 52.1044 1143.4
Middle: -20.4673 65.1967 1150.06
Ring: -11.0515 52.6084 1138.87
Little: 50.0973 80.9398 1054.03
Thumb: -14.4754 116.036 1133.53
Index: -4.60217 53.0523 1145.57
Middle: -24.0977 67.4857 1151.68
Ring: -11.0861 53.6286 1141.01
Little: 52.0075 79.9925 1058.05
Thumb: -16.5214 117.322 1137.18
Index: -5.3493 52.1027 1146.27
Middle: -26.1007 70.1673 1137.47
Ring: -12.294 52.9457 1140.9
Little: 51.9145 79.7974 1063.3
Thumb: -17.75 116.66 1136.08
Index: -11.4011 53.4283 1145.11
Middle: -27.7936 73.1796 1137.09
Ring: -15.6255 52.7341 1143.25
Little: 48.473 78.0102 1064.47
Thumb: -20.675 114.702 1137.78
Index: -11.1653 50.2337 1148.22
Middle: -31.4207 77.6637 1129.36
Ring: -19.8274 53.1252 1143.4
Little: 46.1409 79.198 1066.13
Thumb: -21.4326 115.128 1137.94
Index: -11.4743 49.9787 1146.25
Middle: -31.3705 76.4329 1130.41
Ring: -18.6258 53.1755 1142.07
Little: 45.4674 79.3606 1064.42
Thumb: -21.4275 116.032 1138.38
Index: -11.1963 50.5043 1146.89
Middle: -30.6036 77.0804 1130.5
Ring: -18.6701 53.6944 1142.02
Little: 45.6598 79.1362 1064.86
Thumb: -21.2482 115.982 1138.95
Index: -11.5263 50.6042 1146.84
Middle: -30.6711 76.9802 1130.81
Ring: -18.7272 53.6115 1142.24
Little: 45.5773 79.0418 1065.1
Thumb: -20.9024 116.188 1138.87
Index: -11.7812 51.0823 1146.64
Middle: -30.5441 77.3214 1130.94
Ring: -18.9875 54.1191 1141.84
Little: 45.3622 79.0459 1064.88
Thumb: -20.5134 115.038 1137.76
Index: -11.3294 51.3403 1148.02
Middle: -30.5488 77.221 1132.43
Ring: -18.6164 54.3629 1143.38
Little: 45.3611 78.8184 1065.57
Thumb: -20.894 116.253 1138.27
Index: -12.4975 52.0884 1147.69
Middle: -30.4825 77.9942 1131.16
Ring: -19.1216 54.1271 1142.63
Little: 44.2241 78.7068 1065.14
Thumb: -21.2095 117.196 1139.5
Index: -12.682 52.0737 1147.42
Middle: -31.239 77.9706 1130.32
Ring: -18.9116 54.4107 1143.24
Little: 44.8553 78.939 1065.81
Thumb: -22.4427 118.668 1139.31
Index: -13.7169 52.5357 1147.01
Middle: -32.0866 79.1377 1130.55
Ring: -21.041 55.3218 1141.73
Little: 43.3437 79.9231 1064.8
Thumb: -23.2409 124.154 1142.17
Index: -16.317 54.9912 1147.17
Middle: -33.6159 80.35 1133.53
Ring: -21.9701 57.4252 1142.08
Little: 42.2453 80.1716 1065.23
Thumb: -23.0182 127.519 1146.38
Index: -14.3514 54.1219 1148.51
Middle: -31.916 80.5048 1134.1
Ring: -20.7052 56.0504 1144.41
Little: 42.1414 80.6945 1065.82
Thumb: -21.484 132.432 1150.74
Index: -9.51138 51.951 1147.74
Middle: -28.6718 75.7054 1133.65
Ring: -16.7906 52.3799 1141.39
Little: 41.9243 83.401 1061.59
Thumb: -20.0935 134.37 1153.04
Index: -6.2978 51.0749 1148.2
Middle: -24.4828 73.1032 1131.2
Ring: -13.3812 48.7771 1137.77
Little: 41.8883 85.3421 1058.95
Thumb: -18.8209 135.359 1159.27
Index: -4.30935 45.8168 1139.83
Middle: -15.8407 73.5342 1123.31
Ring: -10.2593 45.4216 1135.53
Little: 42.3173 87.7238 1054.14
Thumb: -6.62884 142.361 1167.65
Index: 1.57764 41.1414 1138.46
Middle: -17.3684 58.8733 1123.43
Ring: -4.56743 43.1443 1134.44
Little: 44.2285 85.6311 1050.17
Thumb: -3.87458 141.322 1169.26
Index: 5.46634 38.6571 1137.86
Middle: -16.054 53.9739 1121.16
Ring: -2.20924 41.0618 1131.67
Little: 44.8635 85.6625 1049.06
Thumb: 8.69855 146.944 1172.75
Index: 9.28434 39.4868 1138.72
Middle: -11.2582 48.7217 1123.7
Ring: 4.95265 40.8376 1132.24
Little: 46.8722 87.8586 1043.78
Thumb: 13.0741 146.445 1173.44
Index: 12.3527 39.5642 1141.49
Middle: -6.59254 44.6911 1129.6
Ring: 7.8925 39.076 1131.33
Little: 44.6542 88.0332 1042.44
Thumb: 19.6906 143.092 1173.42
Index: 17.7856 36.8773 1138.1
Middle: -4.47104 44.2161 1128.63
Ring: 13.7544 35.7332 1129.36
Little: 44.2505 87.7043 1040.03
Thumb: 25.0264 140.871 1175.31
Index: 9.00598 41.1689 1133.65
Middle: -2.84871 41.7828 1128.77
Ring: 15.6161 34.5791 1128.28
Little: 43.9197 88.0847 1039.05
Thumb: 31.1953 139.371 1173.29
Index: 12.3812 41.1344 1135.59
Middle: 5.60836 32.0542 1138.77
Ring: 18.9019 32.996 1128.26
Little: 43.4192 87.1664 1036.94
Thumb: 35.9965 136.747 1168.13
Index: 17.2132 37.9249 1118.53
Middle: 11.1371 28.0207 1129.21
Ring: 21.75 34.36 1121.7
Little: 46.5645 90.388 1027.87
Thumb: 43.9396 102.698 1100.08
Index: 17.5227 40.1651 1113.69
Middle: 18.9043 25.9723 1123.62
Ring: 22.3993 36.7491 1115.89
Little: 48.3992 90.9868 1022.83
Thumb: 42.2343 105.456 1089.2
Index: 7.31102 48.9323 1107.34
Middle: -1.62888 37.1497 1114.36
Ring: 11.1693 44.6681 1108.86
Little: 46.4741 90.0542 1016.62
Thumb: 54.5716 99.6311 1068
Index: 2.71489 53.5875 1094.69
Middle: -6.16473 43.3478 1105.62
Ring: 5.33405 51.8215 1102.44
Little: 46.5435 90.2867 1010.26
Thumb: 59.716 97.1208 1087.99
Index: 2.39819 52.3396 1089.96
Middle: -7.50081 44.1599 1103.62
Ring: 4.69077 49.784 1098.48
Little: 46.4172 92.5924 1004.56
Thumb: 35.0555 96.1467 1067.79
Index: 5.48869 53.4367 1097.01
Middle: -3.33263 45.938 1107.31
Ring: 8.29213 48.5155 1104.48
Little: 45.83 94.8362 1011.78
Thumb: 37.0739 93.7042 1071.07
Index: 4.30116 53.708 1098.82
Middle: -5.35553 45.6182 1105.88
Ring: 4.03677 49.7831 1102.67
Little: 42.832 93.3987 1013.74
Thumb: 38.6412 91.0559 1071.37
Index: 5.25643 52.8424 1096.57
Middle: -4.47486 42.5098 1105.51
Ring: 6.39215 47.2838 1098.82
Little: 43.2291 99.403 1005.27
Thumb: 39.2998 92.5417 1070.3
Index: 5.58578 51.6243 1098.38
Middle: -2.77461 41.2863 1106.87
Ring: 8.39525 46.3481 1101.9
Little: 43.1319 90.7872 1014.73
Thumb: 35.2048 92.4864 1067.36
Index: 0.894846 52.095 1100.88
Middle: -7.34454 42.1919 1102.9
Ring: 5.78019 45.0625 1098.65
Little: 40.8722 92.062 1013.47
Thumb: 95.3238 148.756 1137.91
Index: 94.0261 117.623 1189.65
Middle: 96.4698 105.471 1198.94
Ring: 91.5835 112.095 1190.16
Little: 44.65 73.1163 1115.51
Thumb: 67.4998 208.78 1139.17
Index: 114.954 103.678 1182.19
Middle: 101.241 99.0035 1192.87
Ring: 92.9411 105.862 1170.97
Little: 43.21 78.6318 1114.52
Thumb: 70.6073 218.49 1136
Index: 129.068 105.502 1171.92
Middle: 117.338 95.1824 1181.11
Ring: 107.05 110.148 1166.92
Little: 46.2925 79.6712 1116.58
Thumb: 69.4623 240.708 1123.78
Index: 136.756 104.053 1162.41
Middle: 121.325 94.2854 1175.87
Ring: 106.505 110.367 1163.63
Little: 32.9953 80.4832 1115.22
Thumb: 57.1253 250.514 1123.45
Index: 138.747 103.415 1158.91
Middle: 123.309 94.4798 1174.73
Ring: 111.358 110.215 1163.91
Little: 36.3299 80.3998 1112.89
Thumb: 59.195 250.237 1123.02
Index: 139.568 102.283 1156.02
Middle: 126.234 90.0727 1168.25
Ring: 107.412 107.675 1156.19
Little: 29.8927 78.6406 1119.59
Thumb: 28.7619 212.773 1170.85
Index: 141.095 103.252 1154.89
Middle: 122.552 95.0894 1158.65
Ring: 112.66 105.65 1152.65
Little: 36.0806 76.1618 1116.92
Thumb: 33.5361 211.925 1171.75
Index: 143.452 102.321 1148.36
Middle: 130.367 90.6129 1154.62
Ring: 112.526 105.136 1146.86
Little: 35.6164 76.8955 1116.32
Thumb: 32.2951 211.01 1171.44
Index: 147.153 105.337 1140.55
Middle: 131.196 95.0056 1148.69
Ring: 115.155 107.017 1139.84
Little: 36.9637 76.3918 1115.45
Thumb: 27.7362 218.085 1167.07
Index: 133.726 114.398 1142.65
Middle: 131.829 92.6586 1140.72
Ring: 119.639 106.425 1129.84
Little: 37.9386 76.9509 1109.19
Thumb: 31.7472 217.969 1169.18
Index: 135.657 116.192 1136.1
Middle: 134.018 94.0577 1133.72
Ring: 119.548 107.868 1123.47
Little: 39.6711 78.5931 1107.27
Thumb: 18.8958 218.885 1168.98
Index: 135.905 119.806 1132.89
Middle: 131.945 96.9576 1131.18
Ring: 118.853 110.179 1120.55
Little: 39.1159 79.7249 1109.12
Thumb: 34.2982 263.449 1109.11
Index: 139.622 114.452 1123.92
Middle: 132.524 95.8508 1128.79
Ring: 117.612 109.444 1118.19
Little: 39.5548 81.1113 1101.93
Thumb: 38.2023 265.461 1107.46
Index: 138.354 113.451 1120.75
Middle: 114.958 108.29 1117.27
Ring: 118.182 108.897 1115.28
Little: 40.7808 83.5325 1096.68
Thumb: 34.4642 268.314 1090.96
Index: 137.856 113.59 1118.72
Middle: 115.007 107.755 1114.81
Ring: 118.787 108.579 1112.81
Little: 39.9849 82.9984 1094.28
Thumb: 40.5066 266.936 1088.25
Index: 136.636 113.819 1116.5
Middle: 114.999 111.705 1112
Ring: 120.46 108.05 1109.75
Little: 55.9685 77.9715 1132.53
Thumb: 33.8242 267.926 1078.84
Index: 136.512 115.678 1112.57
Middle: 117.821 107.872 1110.25
Ring: 120.286 109.618 1107.33
Little: 59.4046 78.4702 1131.75
Thumb: 37.266 270.989 1089.75
Index: 141.473 108.56 1106.88
Middle: 115.086 107.912 1107.93
Ring: 119.324 108.822 1105.14
Little: 57.8545 78.5345 1129.43
Thumb: 38.9568 269.367 1088.55
Index: 138.179 111.425 1106.7
Middle: 115.007 107.856 1107.03
Ring: 118.231 110.461 1103.79
Little: 57.5403 79.0244 1128.11
Thumb: 64.4743 250.362 1103.34
Index: 137.618 111.386 1106.55
Middle: 113.818 108.107 1106.25
Ring: 117.963 110.244 1103.09
Little: 55.351 79.168 1127.1
Thumb: 64.52 247.744 1095.14
Index: 137.14 111.822 1106.13
Middle: 114.081 107.789 1104.91
Ring: 117.604 110.358 1101.69
Little: 56.4803 79.5227 1126.35
Thumb: 63.3353 243.188 1104.48
Index: 136.161 114.49 1106.41
Middle: 114.347 109.24 1104.34
Ring: 119.408 111.533 1102.02
Little: 59.0984 79.5735 1125.42
Thumb: 63.3304 243.649 1104.03
Index: 137.824 114.929 1106.2
Middle: 115.324 109.875 1104.96
Ring: 120.612 112.347 1102.72
Little: 59.2334 80.4173 1126.06
Thumb: 55.7947 260.003 1096.55
Index: 136.815 115.34 1108.17
Middle: 114.419 109.967 1105.42
Ring: 120.208 112.06 1103.32
Little: 60.5436 80.0403 1126.43
Thumb: 61.7372 253.116 1096.34
Index: 135.173 116.426 1112.07
Middle: 113.92 110.079 1106.01
Ring: 119.939 112.24 1103.96
Little: 60.5232 80.3549 1127
Thumb: 61.8198 254.868 1095.94
Index: 138 112.206 1112.38
Middle: 112.05 109.756 1108.96
Ring: 118.299 111.149 1106.52
Little: 59.4798 79.7919 1128.93
Thumb: 59.0004 262.446 1091.87
Index: 138.729 110.79 1114.16
Middle: 113.525 108.291 1110.56
Ring: 115.982 110.434 1107.91
Little: 57.2074 79.8677 1130.22
Thumb: 53.9284 266.763 1088.08
Index: 144.113 106.812 1108.05
Middle: 114.058 107.639 1112.48
Ring: 112.195 110.318 1110.06
Little: 63.4281 79.0824 1131.69
Thumb: 56.8915 260.883 1087.1
Index: 143.883 109.595 1113.9
Middle: 121.797 101.191 1119.75
Ring: 111.191 110.117 1112.49
Little: 62.336 77.4971 1133.75
Thumb: 52.5406 261.713 1093
Index: 144 107.479 1115.13
Middle: 121.559 101.84 1121.96
Ring: 112.1 109.227 1114.87
Little: 65.6768 76.5883 1135.64
Thumb: 60.1749 260.112 1098.59
Index: 148.743 106.082 1113.33
Middle: 120.687 101.512 1124.61
Ring: 145.868 108.288 1114.44
Little: 58.8815 75.7277 1138.35
Thumb: 58.461 261.591 1091.07
Index: 149.451 107.776 1114.62
Middle: 122.434 104.041 1124.81
Ring: 145.784 109.981 1118.86
Little: 59.4827 77.1225 1141.79
Thumb: 41.6347 261.132 1075.51
Index: 150.693 109.108 1116.79
Middle: 122.132 105.983 1127.4
Ring: 147.354 111.396 1119.25
Little: 59.3071 78.2675 1144.7
Thumb: 39.0448 261.364 1079.46
Index: 151.394 112.333 1119.24
Middle: 121.28 108.122 1131.42
Ring: 147.523 113.983 1121.44
Little: 63.4721 78.3825 1146.66
Thumb: 42.8952 259.477 1079.08
Index: 149.089 110.151 1126.28
Middle: 118.796 108.549 1139.74
Ring: 146.066 114.395 1130.77
Little: 62.0597 79.8898 1153.47
Thumb: 18.1174 160.646 1189.68
Index: 145.303 108.875 1140.71
Middle: 115.43 106.436 1146.95
Ring: 142.287 110.931 1142.5
Little: 58.6866 78.5908 1157.37
Thumb: 82.9651 221.564 1126.25
Index: 139.819 106.501 1150.91
Middle: 105.387 109.79 1160.34
Ring: 133.61 109.585 1156.7
Little: 44.7114 79.5704 1161.35
Thumb: 76.7066 232.471 1126.22
Index: 130.486 113.403 1169.05
Middle: 104.237 110.198 1163.26
Ring: 132.757 108.659 1167.33
Little: 43.5451 78.1821 1163.76
Thumb: 75.1838 236.233 1127.87
Index: 136.254 115.341 1165.57
Middle: 109.773 111.466 1162.48
Ring: 136.337 111.487 1163.13
Little: 57.3286 79.5927 1169.47
Thumb: 74.6995 208.583 1160.39
Index: 148.305 119.04 1153.23
Middle: 120.978 114.73 1158.59
Ring: 150.185 117.203 1147.86
Little: 73.692 83.6576 1174.13
Thumb: 70.1577 219.448 1153.69
Index: 145.878 119.734 1158.15
Middle: 117.772 116.209 1162.58
Ring: 148.066 118.896 1153.76
Little: 70.7667 83.2214 1176.78
Thumb: 63.5447 218.659 1160.38
Index: 138.994 112.736 1168.18
Middle: 99.3444 116.074 1176.57
Ring: 133.568 115.681 1171.89
Little: 36.0077 83.2065 1169.81
Thumb: 35.8426 187.872 1166.11
Index: 70.1274 138.393 1208.91
Middle: 60.9808 126.638 1210.61
Ring: 62.8468 121.54 1209.91
Little: -4.3366 92.1792 1159.16
Thumb: 36.4386 177.11 1154.8
Index: 52.8893 127.593 1208.39
Middle: 41.6633 92.584 1219.18
Ring: 47.2491 108.483 1209.45
Little: 12.1523 80.4371 1113.48
Thumb: 42.8969 203.112 1129.13
Index: 13.0635 117.995 1198.51
Middle: 5.49518 82.7794 1211.13
Ring: 26.7139 73.3664 1204.36
Little: -0.529271 61.7576 1098.47
Thumb: 33.6169 173.08 1120.23
Index: 3.98481 110.139 1159.71
Middle: -0.654735 47.7064 1201.97
Ring: 7.01147 51.5399 1195.34
Little: -7.47284 47.6286 1082.77
Thumb: 25.3081 160.024 1118.09
Index: -0.577236 97.3918 1191.1
Middle: 7.92721 65.7553 1212.66
Ring: 7.56411 63.24 1200.03
Little: -6.63773 49.4391 1086.79
Thumb: 24.0193 162.803 1116.29
Index: 7.63458 72.4558 1203
Middle: 3.35854 60.9842 1211.95
Ring: 7.3244 72.9573 1202.07
Little: -34.1811 57.3284 1112.98
Thumb: 22.6506 165.196 1116.21
Index: 0.518745 69.7917 1196.5
Middle: -5.50116 55.9848 1206.67
Ring: 1.33773 76.3859 1201.31
Little: -11.7693 50.7926 1161.34
Thumb: 16.6446 167.372 1116.42
Index: -13.9732 64.8363 1188.52
Middle: -21.9618 31.363 1179.62
Ring: -21.4748 29.0484 1175.27
Little: -19.2834 47.0962 1152.82
Thumb: 8.95042 177.177 1125.86
Index: -21.9655 66.4021 1184.01
Middle: -29.0936 32.8011 1174.85
Ring: -30.2258 29.6506 1168.55
Little: -27.0305 19.0135 1136.69
Thumb: -20.3575 165.634 1171.04
Index: -24.6272 36.6125 1135.33
Middle: -14.1077 11.7116 1112.24
Ring: -11.0772 11.517 1104.68
Little: -8.06839 60.9305 1053.88
Thumb: -38.9179 156.786 1169.03
Index: -33.5757 48.1017 1105.41
Middle: -9.24051 15.3101 1100.23
Ring: -7.06177 28.0228 1082.6
Little: 12.6163 96.7216 1037.53
Thumb: -48.7229 158.51 1155.5
Index: -36.5722 54.4462 1095.02
Middle: -7.0999 15.7052 1103.19
Ring: -1.4582 38.8127 1071.27
Little: 20.5729 92.7648 1036.15
Thumb: -55.158 163.835 1148.37
Index: -39.169 56.3097 1082.14
Middle: -9.41171 15.6757 1097.39
Ring: 4.33377 43.445 1071.36
Little: 28.6581 89.822 1037.75
Thumb: -65.2264 167.239 1143.41
Index: -45.5788 60.1263 1080.19
Middle: -9.61908 14.9782 1101.6
Ring: 5.9076 45.2032 1074.76
Little: 32.5003 92.2534 1040.35
Thumb: -73.8567 164.137 1123.08
Index: -45.8585 53.9211 1078.44
Middle: -11.3455 14.6266 1100.85
Ring: 6.08986 45.0442 1074.68
Little: 34.6416 90.1519 1041.36
Thumb: -79.1611 162.299 1118.05
Index: -45.9822 72.2663 1068.81
Middle: -11.3294 14.7916 1103.18
Ring: 6.01725 44.3305 1075.92
Little: 33.2704 88 1039.04
Thumb: -79.4696 155.808 1107.3
Index: -45.7094 76.3635 1063.57
Middle: -13.8549 13.4719 1105.49
Ring: 4.50477 38.1299 1076.27
Little: 36.0807 86.622 1041.8
Thumb: -79.1014 150.558 1101.84
Index: -46.5095 76.2327 1062.45
Middle: -15.0008 13.4226 1104.86
Ring: 3.74078 35.9413 1076.31
Little: 35.4391 86.25 1041.21
Thumb: -80.708 152.474 1100.45
Index: -50.3487 68.2646 1053.24
Middle: -16.6542 14.3916 1101.76
Ring: 2.22613 37.5626 1072.64
Little: 32.0769 80.5456 1033.52
Thumb: -80.0982 152.815 1098.66
Index: -51.7802 69.1966 1050.53
Middle: -18.2268 13.5573 1101.09
Ring: 1.57645 37.6822 1073.49
Little: 30.8289 74.2531 1033.56
Thumb: -80.01 150.5 1096.33
Index: -52.6757 71.8116 1046.69
Middle: -18.9746 12.9326 1099.94
Ring: 0.557091 36.779 1072.3
Little: 31.4586 80.4179 1032.44
Thumb: -80.988 151.168 1094.53
Index: -51.4071 78.1088 1044.66
Middle: -19.5075 15.4095 1100.38
Ring: 0.849957 35.7587 1075.08
Little: 31.7737 79.4523 1032.94
Thumb: -82.7547 151.619 1092.96
Index: -53.4072 74.1884 1044.3
Middle: -22.9288 14.3839 1099.85
Ring: -0.548264 96.6431 1028.51
Little: 31.2548 85.4673 1031.37
Thumb: -76.917 149.046 1086.54
Index: -53.9325 75.5004 1043.78
Middle: -23.2748 15.833 1101.75
Ring: -2.57379 88.307 1026.91
Little: 29.363 80.7525 1028.93
Thumb: -75.705 149.224 1084.06
Index: -53.2203 75.4686 1043.54
Middle: -24.1053 16.2186 1100.09
Ring: -3.21265 89.0598 1014.61
Little: 30.4855 79.919 1030.66
Thumb: -76.5256 149.567 1083.65
Index: -53.4348 76.5254 1047.42
Middle: -24.7468 16.3377 1100.17
Ring: -2.80458 94.9734 1013.81
Little: 31.1585 79.6515 1029.95
Thumb: -76.516 149.558 1082.17
Index: -53.6698 78.1473 1046.69
Middle: -26.0447 15.7451 1101.47
Ring: -0.539756 94.3183 1013.1
Little: 32.3804 79.8525 1030.03
Thumb: -77.9223 150.392 1082.51
Index: -52.9543 75.4693 1046.3
Middle: -26.4189 15.8088 1101.47
Ring: 1.83757 94.2182 1013.37
Little: 33.6792 79.3789 1031.25
Thumb: -78.8877 152.095 1083.35
Index: -53.0584 73.8096 1046.37
Middle: -25.7367 15.84 1102.81
Ring: -1.25861 86.8815 1013.75
Little: 2.06813 40.5028 1093.19
Thumb: -77.5587 150.562 1082.74
Index: -51.5889 71.8864 1046.64
Middle: -24.4913 15.4638 1104.32
Ring: -0.395959 83.7344 1014.33
Little: 3.47901 40.3456 1098.63
Thumb: -79.4261 152.341 1084.87
Index: -52.0587 71.8339 1046.9
Middle: -24.8226 15.54 1104.67
Ring: -0.852955 84.2314 1014.36
Little: 3.18909 40.4223 1099.58
Thumb: -79.7072 150.907 1086.01
Index: -51.8634 70.1534 1047.71
Middle: -24.0831 15.0837 1107.85
Ring: -0.387048 84.2631 1014.87
Little: 6.03386 37.1168 1099.83
Thumb: -80.2773 150.175 1086.4
Index: -50.8925 61.3734 1056.02
Middle: -22.1165 15.4419 1109.71
Ring: 0.882328 83.2777 1015.6
Little: 8.34204 37.4552 1101.29
Thumb: -81.1782 149.916 1086.9
Index: -51.0306 59.4066 1056.17
Middle: -21.4891 15.0726 1109.53
Ring: 0.782619 83.2261 1015.51
Little: 8.76522 37.3572 1102.06
Thumb: -80.6905 147.91 1087.44
Index: -50.859 58.167 1056.31
Middle: -20.5689 14.3388 1106.9
Ring: 0.212658 83.1901 1015.17
Little: 6.78612 39.2124 1101.09
Thumb: -80.7579 148.147 1086.91
Index: -48.8111 75.1485 1041.61
Middle: -19.1137 14.1111 1108.4
Ring: 0.554618 83.2079 1014.95
Little: 7.21054 39.2032 1100.11
Thumb: -79.9661 151.158 1086.92
Index: -48.9952 71.1161 1040.93
Middle: -19.5473 15.9512 1109.84
Ring: 1.56792 84.2202 1015.77
Little: 8.08366 40.595 1099.48
Thumb: -76.4824 153.552 1087.11
Index: -49.5769 60.9066 1048.29
Middle: -18.4781 16.8655 1110.41
Ring: 2.8994 87.2441 1016.21
Little: 8.47543 42.8834 1102.55
Thumb: -75.6208 154.03 1084.6
Index: -46.5046 68.8122 1042.21
Middle: -18.1653 16.7323 1107.86
Ring: 9.35294 91.3248 1015.55
Little: 9.63355 43.0041 1102.65
Thumb: -74.6898 155.227 1085.03
Index: -45.5491 72.1282 1040.99
Middle: -17.1933 17.7043 1110.58
Ring: 9.80451 91.224 1015.92
Little: 10.2442 43.6438 1103.42
Thumb: -72.2246 154.115 1083.81
Index: -43.5245 75.4956 1038.66
Middle: -16.5273 17.777 1108.25
Ring: 7.67997 87.2142 1015.41
Little: 11.5498 43.5319 1099.74
Thumb: -70.0855 153.53 1083.95
Index: -40.2025 85.2222 1032.31
Middle: -13.036 19.0287 1108.72
Ring: 10.4458 88.767 1015.72
Little: 13.9083 45.2165 1100.41
Thumb: -66.5244 152.822 1083.1
Index: -36.6707 86.1219 1029.51
Middle: -9.7915 18.6572 1108.38
Ring: 12.3714 86.7875 1016
Little: 16.8541 44.8494 1098.85
Thumb: -61.8535 151.657 1082.71
Index: -32.191 88.6474 1029.04
Middle: -7.0341 18.5147 1102.07
Ring: 18.9527 89.2178 1015.25
Little: 21.262 44.7719 1096.3
Thumb: -54.4558 151.6 1079.18
Index: -26.1424 90.5753 1027.6
Middle: -3.75154 19.0838 1097.34
Ring: 27.4186 93.1903 1014.82
Little: 27.6841 45.343 1095.55
Thumb: -43.7817 155.884 1079.85
Index: -18.0585 98.4544 1025.92
Middle: 1.32462 23.6952 1096.44
Ring: 32.8876 98.1062 1013.67
Little: 32.1004 49.3232 1090.66
