Thumb: 32.9554 91.7207 1121.92
Index: -64.5745 28.1944 1098.23
Middle: -101.42 40.8207 1097.63
Ring: -124.543 62.0639 1082.41
Little: -141.773 103.039 1080.87
Thumb: 36.8112 90.9375 1106.33
Index: -68.5015 25.7635 1090.34
Middle: -99.2557 34.3113 1088.27
Ring: -85.1735 103.986 1150.77
Little: -104.836 135.103 1133.01
Thumb: 37.3499 88.9068 1109.82
Index: -75.3392 25.632 1091.8
Middle: -103.272 37.4307 1093.65
Ring: -88.0009 107.702 1143.87
Little: -109.532 134.033 1131.59
Thumb: 29.8341 83.8435 1109.6
Index: -77.8386 26.911 1092.68
Middle: -106.955 36.7504 1092.26
Ring: -81.4871 119.296 1145.9
Little: -108.338 139.214 1130.72
Thumb: 20.3579 81.5989 1106.55
Index: -80.766 26.8292 1094.11
Middle: -110.636 36.6971 1093.55
Ring: -80.6077 124.899 1148.65
Little: -112.005 134.117 1135.94
Thumb: 12.2661 81.2223 1104.03
Index: -82.0058 29.182 1092.02
Middle: -110.441 36.9747 1091.59
Ring: -86.3354 117.168 1154.82
Little: -111.316 140.428 1135.26
Thumb: 6.47965 80.7402 1101.05
Index: -85.1952 30.7743 1091.13
Middle: -110.991 36.7953 1091.7
Ring: -82.3518 127.638 1149.94
Little: -110.547 143.188 1136.47
Thumb: 2.57883 80.6458 1100.9
Index: -88.0077 31.7692 1091.26
Middle: -111.856 38.6664 1094.67
Ring: -85.1662 124.955 1148.59
Little: -112.516 143.36 1136.26
Thumb: -0.489686 77.8223 1096.76
Index: -94.0907 33.8371 1093.17
Middle: -114.45 40.4765 1096.19
Ring: -94.2988 105.046 1150.74
Little: -112.04 145.947 1136.98
Thumb: -3.16566 76.6187 1097.02
Index: -98.6117 34.947 1090.46
Middle: -119.686 40.265 1093.78
Ring: -120.984 62.8332 1106.5
Little: -111.37 145.518 1139.66
Thumb: -8.62369 76.1715 1101.16
Index: -100.234 34.4228 1092.64
Middle: -121.483 41.1614 1096.17
Ring: -125.47 59.7148 1102.14
Little: -131.905 108.154 1110.3
Thumb: -13.1219 77.5771 1105.83
Index: -102.568 36.6163 1093.05
Middle: -122.325 41.1843 1096.27
Ring: -124.907 61.4911 1104.73
Little: -122.677 114.044 1109.6
Thumb: -10.916 78.0458 1105.73
Index: -100.252 33.8214 1094.29
Middle: -120.099 39.6033 1098.73
Ring: -126.324 57.3387 1106.05
Little: -121.165 112.944 1116.13
Thumb: -9.75135 79.2888 1108.15
Index: -97.6862 32.1619 1088.44
Middle: -115.448 38.2702 1099.55
Ring: -121.789 59.61 1115.12
Little: -134.393 90.9645 1101.25
Thumb: -7.18455 81.9413 1111.19
Index: -91.376 32.4252 1091.76
Middle: -107.878 37.7599 1099.06
Ring: -116.302 58.0047 1113.36
Little: -128.313 89.8814 1102.93
Thumb: -0.392553 86.2218 1111.84
Index: -78.424 32.1054 1097.55
Middle: -99.9843 38.3263 1102.35
Ring: -107.863 51.0828 1109.08
Little: -122.203 84.9487 1103.69
Thumb: 1.89071 89.5333 1112.62
Index: -70.4601 34.1562 1100.51
Middle: -92.6269 37.3391 1101.48
Ring: -99.825 55.8953 1111.22
Little: -113.33 83.2907 1101.95
Thumb: 8.73197 91.6077 1114.75
Index: -62.7788 29.991 1098.91
Middle: -83.7247 33.848 1103.47
Ring: -92.9135 50.8968 1110.88
Little: -107.964 78.7021 1103.14
Thumb: 17.8 92.9435 1111.25
Index: -51.4833 29.6665 1099.98
Middle: -73.3308 32.8036 1102.07
Ring: -84.8186 46.7008 1108.6
Little: -100.273 73.7059 1099.5
Thumb: 23.3825 94.877 1107.15
Index: -41.167 32.5417 1102.24
Middle: -61.1433 32.5828 1102.85
Ring: -79.0552 43.6067 1105.74
Little: -91.0035 69.964 1098.21
Thumb: 35.0781 91.9258 1106.04
Index: -30.7297 32.3272 1100.97
Middle: -53.6976 32.6255 1102.59
Ring: -68.9909 42.6615 1106.45
Little: -83.5309 70.1391 1100.7
Thumb: 43.9778 90.2045 1107.94
Index: -26.0438 28.0212 1097.63
Middle: -45.3503 32.0953 1102.34
Ring: -63.6112 42.663 1104.87
Little: -77.8083 68.6796 1096.39
Thumb: 48.9816 89.17 1109.34
Index: -17.788 30.6948 1102.32
Middle: -42.6305 24.6361 1098.91
Ring: -54.5716 42.5625 1105.62
Little: -68.8744 66.8836 1096.56
Thumb: 53.7933 89.2369 1110.27
Index: -12.5406 28.6559 1100.27
Middle: -38.204 24.3245 1097.53
Ring: -48.6939 41.8178 1105.06
Little: -61.2905 65.4121 1096.14
Thumb: 61.4328 89.6811 1114.09
Index: -6.75922 25.0997 1101.3
Middle: -31.7938 20.6435 1100.31
Ring: -43.0679 35.9847 1105.99
Little: -58.6437 59.5456 1095.59
Thumb: 68.8118 90.2583 1113.85
Index: 1.61814 22.6127 1102.49
Middle: -21.6711 20.4793 1101.4
Ring: -39.2411 30.9289 1101.49
Little: -51.6258 56.2058 1096.69
Thumb: 77.6499 88.1864 1113.31
Index: 9.54613 20.9833 1106.35
Middle: -15.6162 14.7675 1098.68
Ring: -33.4683 29.0731 1102.72
Little: -47.8264 53.9209 1095.82
Thumb: 86.0667 90.709 1115.13
Index: 20.0286 17.2354 1106.95
Middle: -8.96581 11.0917 1098.74
Ring: -25.3306 27.9283 1106.94
Little: -41.5871 49.7233 1097.62
Thumb: 91.8479 89.8344 1115.52
Index: 26.6338 13.0172 1101.05
Middle: -1.8549 10.6493 1095.22
Ring: -18.6779 27.0283 1103.91
Little: -39.1161 51.425 1097.09
Thumb: 102.099 90.825 1117.94
Index: 34.446 8.09401 1097.22
Middle: 4.33855 6.69582 1096.51
Ring: -12.2367 24.4462 1105.32
Little: -33.5885 45.6733 1102.59
Thumb: 109.15 86.2897 1097.48
Index: 40.8853 9.71681 1095.32
Middle: 11.4719 5.56152 1091.8
Ring: -3.19413 27.6261 1106.7
Little: -27.7995 44.9694 1103.84
Thumb: 117.092 87.0982 1105.25
Index: 51.4253 5.8944 1098.16
Middle: 18.2995 1.14866 1093.44
Ring: 2.88361 22.6191 1107.34
Little: -21.9044 43.5276 1103.77
Thumb: 125.752 88.317 1105.19
Index: 59.2828 8.0682 1100.59
Middle: 25.4164 1.66571 1094.21
Ring: 9.18457 22.3359 1105.31
Little: -14.5954 47.096 1105.11
Thumb: 132.234 94.8425 1110.59
Index: 63.124 5.38821 1096.18
Middle: 29.7862 0.656376 1091.44
Ring: 12.675 18.6446 1100.63
Little: -10.2873 43.7331 1102.54
Thumb: 141.186 94.2503 1112.72
Index: 68.2461 7.58415 1097
Middle: 34.0715 1.91387 1084.28
Ring: 17.7455 21.5718 1098.77
Little: -3.46028 53.2003 1108.44
Thumb: 143.506 95.5277 1114.45
Index: 74.1508 10.0719 1100.82
Middle: 39.4011 1.38036 1082.42
Ring: 22.8579 20.7243 1100.25
Little: -3.57561 43.0086 1094.97
Thumb: 148.145 97.5717 1117.07
Index: 79.8825 9.30767 1101.51
Middle: 45.6272 -1.00065 1086.43
Ring: 28.3195 18.7369 1101.67
Little: 1.70168 42.152 1099.96
Thumb: 151.918 98.1866 1113.68
Index: 82.8951 8.19853 1097.78
Middle: 48.453 -1.74389 1083.9
Ring: 31.4335 18.6886 1102.29
Little: 5.76728 45.568 1105.69
Thumb: 158.22 100.932 1114.81
Index: 86.9833 13.691 1103.69
Middle: 50.9713 -1.98476 1079.41
Ring: 34.3373 18.8619 1103.15
Little: 7.56077 43.5972 1104.79
Thumb: 163.374 98.7411 1116.17
Index: 88.1171 12.9649 1103.54
Middle: 52.2979 -0.616655 1078.27
Ring: 38.1403 27.7595 1105.13
Little: 12.3076 49.5091 1112.22
Thumb: 164.946 100.41 1116.97
Index: 90.3442 13.9376 1105.07
Middle: 54.6934 -0.627991 1079.61
Ring: 58.0851 90.5599 1151.32
Little: 15.7589 54.3769 1115.28
Thumb: 166.966 98.2005 1114.66
Index: 89.4325 9.97846 1104.99
Middle: 54.2969 -3.34065 1080.2
Ring: 54.8604 82.2827 1155.16
Little: 25.5733 95.5469 1132.07
Thumb: 165.944 98.7131 1116.86
Index: 89.8595 15.8894 1107.19
Middle: 53.846 -2.04304 1083.24
Ring: 54.1069 86.959 1159.11
Little: 24.4206 97.6756 1132.04
Thumb: 165.986 98.3112 1115.63
Index: 89.8783 24.8401 1107.53
Middle: 50.7202 -0.176128 1083.67
Ring: 48.7508 72.7357 1162.51
Little: 24.4982 100.488 1130.62
Thumb: 165.059 97.7931 1116.48
Index: 85.8086 27.2901 1109.99
Middle: 45.6597 3.36645 1084.47
Ring: 51.5783 90.7028 1164.24
Little: 22.7637 102.785 1131.67
Thumb: 160.54 96.0036 1116.87
Index: 81.9468 29.7718 1107.32
Middle: 41.0763 4.797 1081.43
Ring: 47.2635 90.9249 1163.84
Little: 19.9962 105.45 1128.59
Thumb: 158.65 95.5548 1119.24
Index: 77.2867 29.5778 1108.28
Middle: 36.7379 8.04527 1082.25
Ring: 45.6943 96.675 1164.49
Little: 15.0186 102.577 1138.99
Thumb: 151.202 92.8347 1118.68
Index: 71.751 29.9653 1108.23
Middle: 30.5487 9.82027 1082.75
Ring: 40.0169 94.5722 1164.16
Little: 12.0527 106.312 1139.77
Thumb: 147.123 93.0799 1118.7
Index: 66.1154 32.4235 1111.26
Middle: 24.6729 10.087 1082.12
Ring: 37.7081 104.702 1160.11
Little: 5.01889 105.486 1138.31
Thumb: 139.62 91.1863 1117.25
Index: 60.1168 32.3364 1109.4
Middle: 17.3188 11.5319 1079.28
Ring: 32.038 100.544 1161.09
Little: 1.38272 106.521 1138.82
Thumb: 133.049 92.9639 1117.55
Index: 53.7518 34.0237 1110.01
Middle: 11.2238 12.9621 1079.1
Ring: 23.956 100.376 1161.19
Little: -4.18404 110.529 1137.63
Thumb: 124.55 95.7231 1121.32
Index: 45.7125 34.2773 1113.09
Middle: 4.50833 13.1401 1080.59
Ring: 16.12 105.844 1160.83
Little: -14.1407 107.947 1137.38
Thumb: 116.451 98.4094 1124.85
Index: 38.4828 36.1907 1114.69
Middle: -1.98197 15.1408 1081.01
Ring: 7.09939 104.894 1162.6
Little: -21.4187 106.978 1135.59
Thumb: 108.767 99.4551 1126.07
Index: 31.1806 34.9675 1114.17
Middle: -8.78955 16.359 1081.96
Ring: 5.25329 114.025 1159.69
Little: -26.1749 112.151 1137.63
Thumb: 101.597 98.8776 1127.72
Index: 26.021 35.793 1115.27
Middle: -14.9453 17.0879 1084.17
Ring: 0.330954 113.268 1162.93
Little: -28.7683 119.218 1139.6
Thumb: 95.729 97.0265 1130.52
Index: 37.4844 65.3497 1118.36
Middle: -24.0708 19.3973 1088.96
Ring: -5.01795 112.229 1167.56
Little: -35.0434 115.226 1144.32
Thumb: 89.643 97.2259 1128.71
Index: 32.2603 65.4484 1120.14
Middle: -28.8457 19.3465 1090.27
Ring: -13.0994 107.325 1172.3
Little: -40.4241 116.225 1145.87
Thumb: 84.8903 97.8701 1125.66
Index: 26.0905 65.0421 1119.76
Middle: -32.5587 17.6497 1093.87
Ring: -19.2727 104.327 1174.01
Little: -39.9258 56.7332 1095.76
Thumb: 82.0518 97.1915 1140.68
Index: 5.58098 43.3412 1128.2
Middle: -33.4502 17.6061 1095.12
Ring: -25.1151 114.669 1174.22
Little: -44.2412 60.1833 1097.3
Thumb: 66.6063 99.5235 1158.64
Index: -20.9934 35.5341 1140.86
Middle: -37.8206 17.2607 1097.28
Ring: -50.3644 120.525 1167.07
Little: -46.1922 58.9825 1087.29
Thumb: 27.2044 107.585 1185.96
Index: -53.9142 59.0085 1136.19
Middle: -44.544 23.7649 1110.54
Ring: -29.5255 28.4079 1105.43
Little: -36.5788 59.1739 1075.23
Thumb: -15.9032 119.561 1177.81
Index: -51.4685 42.9009 1110.72
Middle: -43.9553 22.9093 1100.07
Ring: -34.1826 31.6855 1107.38
Little: -30.9721 59.7221 1071.98
Thumb: -14.0896 170.759 1205.03
Index: -51.6302 34.404 1114.46
Middle: -49.5886 24.0427 1096.22
Ring: -37.5575 31.0259 1106.75
Little: -37.2069 62.3627 1072.66
Thumb: 1.72041 189.655 1236.12
Index: -55.5101 35.1551 1123.51
Middle: -54.3844 24.1091 1111.55
Ring: -44.6635 34.2661 1115.6
Little: -40.8898 61.9897 1078.41
Thumb: -58.0838 155.1 1213.01
Index: -60.1822 35.2435 1131.32
Middle: -60.9459 26.8851 1106.43
Ring: -50.1651 35.6239 1119.13
Little: -45.8799 63.4321 1081.26
Thumb: -68.2717 155.697 1190.64
Index: -72.481 49.1469 1147.62
Middle: -60.6562 27.6555 1110.79
Ring: -53.6848 33.5582 1109.3
Little: -49.0098 61.6359 1090.1
Thumb: -73.2925 165.602 1186.13
Index: -76.9292 58.7605 1150.65
Middle: -60.6776 31.4296 1115.82
Ring: -55.2555 37.0467 1103
Little: -44.413 59.8934 1089.56
Thumb: -77.899 175.338 1179.17
Index: -82.1801 65.398 1145.34
Middle: -59.8724 35.4092 1108.75
Ring: -57.532 43.0711 1095.85
Little: -45.3427 66.9102 1088.48
Thumb: -77.8171 182.242 1164.5
Index: -83.0794 77.4183 1148.74
Middle: -65.127 44.02 1117.3
Ring: -58.7584 48.7001 1098.64
Little: -53.0904 74.2695 1087.48
Thumb: -59.1144 54.8781 1111.6
Index: -68.3513 131.444 1205.5
Middle: -57.0346 159.248 1213.87
Ring: -58.4776 176.54 1180.45
Little: -90.1132 193.712 1155.83
Thumb: -65.157 54.2291 1112.19
Index: -69.8582 136.442 1204.48
Middle: -61.2386 160.705 1211.89
Ring: -67.1747 179.697 1177.38
Little: -96.4838 194.932 1149.33
Thumb: -67.5163 54.524 1113.54
Index: -82.3212 136.597 1200.93
Middle: -72.4132 158.39 1209.93
Ring: -75.5707 179.329 1174.77
Little: -102.12 195.157 1145.43
Thumb: -69.577 55.3044 1109.35
Index: -82.2002 142.056 1197.78
Middle: -72.8282 162.905 1206.92
Ring: -78.6415 183.611 1170.1
Little: -104.163 197.924 1138.21
Thumb: -72.0417 55.0081 1111.05
Index: -82.5847 142.536 1196.65
Middle: -78.0101 169.267 1203.53
Ring: -74.0133 180.968 1141.73
Little: -108.237 200.714 1130.76
Thumb: -72.6908 56.2768 1112.33
Index: -89.8959 140.541 1191.48
Middle: -80.1897 166.234 1199.06
Ring: -83.3686 181.685 1132.05
Little: -113.669 200.798 1120.46
Thumb: -74.4958 55.8237 1112.2
Index: -91.6645 141.581 1189.35
Middle: -82.5466 168.259 1196.5
Ring: -84.1596 183.403 1129.17
Little: -114.848 201.317 1114.91
Thumb: -75.3527 59.0264 1113.15
Index: -94.8329 143.675 1185.71
Middle: -80.728 166.951 1194.48
Ring: -83.417 184.756 1126.2
Little: -114.5 200.912 1109.2
Thumb: -74.3916 60.4842 1115.87
Index: -88.7487 135.998 1185.83
Middle: -82.5231 168.124 1192.2
Ring: -86.6738 185.607 1129.04
Little: -117.016 199.353 1103.05
Thumb: -78.1324 61.5417 1108.79
Index: -94.1987 139.874 1183.73
Middle: -82.3599 168.135 1190.61
Ring: -108.947 205.942 1136.18
Little: -117.762 200.26 1098.14
Thumb: -79.1054 62.4281 1107.88
Index: -92.3404 139.64 1182.19
Middle: -82.3834 169.404 1188.23
Ring: -113.974 210.054 1131.17
Little: -117.975 200.902 1094.61
Thumb: -79.0817 63.8171 1104.21
Index: -92.4863 140.164 1178.63
Middle: -84.8936 171.384 1184.6
Ring: -113.077 210.973 1128.13
Little: -117.631 202.102 1091.07
Thumb: -80.4067 63.9627 1099.58
Index: -94.178 139.726 1174.46
Middle: -83.8272 169.061 1181.26
Ring: -111.242 209.617 1123.94
Little: -115.283 202.372 1086.38
Thumb: -80.4149 64.859 1100.27
Index: -89.8039 138.523 1173.5
Middle: -81.1489 169.729 1179.38
Ring: -107.186 208.881 1121.42
Little: -113.881 203.814 1082.95
Thumb: -78.7044 64.0503 1096.46
Index: -89.23 139.574 1170.35
Middle: -78.9255 169.421 1176.69
Ring: -102.687 211.572 1122.23
Little: -111.233 204.72 1080.07
Thumb: -77.7837 63.6431 1095.22
Index: -89.0943 139.016 1169.24
Middle: -78.9364 168.808 1175.69
Ring: -103.172 210.252 1119.72
Little: -111.954 204.084 1079.43
Thumb: -78.9789 64.6914 1092.11
Index: -89.0953 137.858 1167.18
Middle: -78.7085 167.384 1174.17
Ring: -104.692 211.14 1117.44
Little: -111.776 204.602 1078.49
Thumb: -77.3286 64.9748 1090.55
Index: -89.9852 138.999 1165.04
Middle: -79.2682 167.983 1172.19
Ring: -107.739 211.37 1114.84
Little: -112.418 204.356 1076.61
Thumb: -78.1512 66.8542 1087.36
Index: -93.2663 139.57 1162.36
Middle: -79.9384 165.975 1170.51
Ring: -109.333 210.124 1113.44
Little: -113.706 203.486 1075.22
Thumb: -75.5121 65.338 1088.27
Index: -91.032 142.037 1161.9
Middle: -78.0166 168.962 1169.3
Ring: -106.951 210.5 1111.82
Little: -111.947 204.035 1073.83
Thumb: -75.3036 64.2194 1089.99
Index: -91.0149 141.603 1163.14
Middle: -78.4207 168.851 1169.93
Ring: -106.544 209.211 1112.89
Little: -114.936 202.121 1074.08
Thumb: -72.9349 65.6321 1089.98
Index: -88.0524 140.071 1164.34
Middle: -77.8445 168.903 1170.58
Ring: -107.273 207.983 1114
Little: -116.971 200.485 1075.3
Thumb: -68.9082 69.5336 1091.27
Index: -84.0317 141.117 1164.3
Middle: -73.2843 169.371 1170.32
Ring: -104.418 207.501 1112.56
Little: -112.956 198.908 1074.09
Thumb: -66.7414 67.4538 1094.85
Index: -80.4614 141.33 1168.66
Middle: -73.0629 171.732 1173.19
Ring: -103.427 206.102 1116.84
Little: -117.09 196.684 1077.98
Thumb: -63.7059 66.69 1099.58
Index: -79.3249 140.373 1170
Middle: -73.0082 171.127 1174.17
Ring: -104.288 205.489 1118.26
Little: -118.148 193.701 1078.88
Thumb: -60.8132 66.5919 1099.51
Index: -76.5397 138.354 1171.88
Middle: -70.2029 168.641 1176.2
Ring: -104.768 202.404 1121.06
Little: -119.779 190.437 1082.12
Thumb: -55.593 65.1687 1100.99
Index: -77.9512 137.846 1173.1
Middle: -71.8689 167.753 1177.58
Ring: -109.831 199.673 1122.17
Little: -122.371 185.724 1084.57
Thumb: -52.1409 63.7259 1102.51
Index: -75.562 137.258 1175.34
Middle: -71.5683 168.052 1179.57
Ring: -107.683 198.504 1129.45
Little: -120.851 183.494 1087.63
Thumb: -46.8903 58.6662 1104.31
Index: -72.0894 135.061 1176.08
Middle: -66.312 165.245 1180.74
Ring: -96.973 195.716 1134.43
Little: -114.524 183.017 1088.9
Thumb: -41.1613 58.7931 1106.88
Index: -62.2337 131.235 1180.67
Middle: -61.7016 164.303 1184.83
Ring: -85.3191 192.57 1140.38
Little: -106.488 182.187 1092.93
Thumb: -35.3279 53.793 1109.46
Index: -60.2842 129.283 1183.05
Middle: -54.835 159.846 1188
Ring: -46.6938 173.413 1158.32
Little: -100.762 178.957 1096.4
Thumb: -28.8499 54.2979 1106.9
Index: -49.852 122.758 1185.11
Middle: -46.3611 153.611 1190.36
Ring: -48.6664 173.957 1168.66
Little: -97.3277 173.089 1098.98
Thumb: -20.0034 53.1499 1108.25
Index: -39.5803 118.856 1185.27
Middle: -40.6234 151.094 1190.54
Ring: -46.3267 172.605 1168.9
Little: -92.9807 169.526 1099.3
Thumb: -13.4267 49.6045 1110.01
Index: -36.5912 116.538 1184.77
Middle: -34.6202 147.336 1190.47
Ring: -27.0742 164.563 1177.65
Little: -86.8507 164.92 1099.39
Thumb: -6.08047 46.3139 1110.08
Index: -33.2024 116.939 1185.33
Middle: -29.3241 146.995 1190.8
Ring: -26.4417 166.192 1178.76
Little: -82.6111 163.715 1098.88
Thumb: -0.155323 49.3404 1109.54
Index: -27.3387 114.14 1184.95
Middle: -22.5293 143.531 1191
Ring: -20.9491 163.117 1179.1
Little: -77.7178 159.065 1100.08
Thumb: 6.88442 39.5457 1109.83
Index: -20.6983 114.691 1186.01
Middle: -14.6395 143.946 1190.43
Ring: -18.5922 165.593 1178.49
Little: -72.8195 159.583 1098.58
Thumb: 16.6676 36.477 1107.62
Index: -8.57475 110.627 1186.08
Middle: -10.1405 142.64 1190.08
Ring: -10.7954 164.024 1177.68
Little: -67.2931 155.343 1097.53
Thumb: 21.8588 42.4271 1107.96
Index: -8.66108 111.866 1185.7
Middle: -8.0212 142.371 1190.23
Ring: -9.87799 162.685 1178.22
Little: -63.6664 151.605 1098.02
Thumb: 28.1779 43.486 1108.45
Index: -0.0117875 108.794 1184.99
Middle: -2.70873 139.954 1190.28
Ring: -2.95903 160.548 1178.84
Little: -57.453 151.136 1099.31
Thumb: 34.7182 40.7188 1114
Index: 10.7713 104.248 1186.45
Middle: 10.8446 134.376 1192.13
Ring: 1.3921 156.674 1181.58
Little: -52.4473 148.707 1101.91
Thumb: 42.5339 40.1859 1114.55
Index: 18.4935 105.007 1186.79
Middle: 13.1175 136.739 1192.76
Ring: 9.1769 157.629 1181.94
Little: -44.5933 150.072 1102.02
Thumb: 48.3009 40.0019 1111.07
Index: 24.0789 104.325 1186.3
Middle: 19.2426 135.67 1192.44
Ring: 14.6506 156.648 1181.79
Little: -39.734 148.688 1102.14
Thumb: 51.8792 40.5691 1113.81
Index: 29.0374 104.547 1186.9
Middle: 23.42 136.181 1193.02
Ring: 21.8146 157.36 1182.12
Little: -36.1274 148.57 1103.68
Thumb: 50.524 41.9399 1112.08
Index: 38.7152 102.93 1188.44
Middle: 30.3582 135.249 1195.73
Ring: 26.1071 156.006 1185.33
Little: -32.9009 148.466 1109.07
Thumb: 49.9678 40.7807 1117.37
Index: 38.8652 103.562 1192.76
Middle: 36.1173 135.042 1199.1
Ring: 33.0605 155.753 1188.7
Little: -29.415 150.171 1114.96
Thumb: 48.2523 44.8208 1119.78
Index: 45.7373 102.732 1193.59
Middle: 29.9775 137.95 1201.05
Ring: 40.2422 155.286 1190.83
Little: -24.0955 153.005 1119.64
Thumb: 45.821 48.8051 1120.68
Index: 46.4706 115.556 1198.74
Middle: 45.9811 146.186 1204.66
Ring: 56.3376 163.368 1192.46
Little: -14.2238 163.807 1127.06
Thumb: 44.9384 52.3092 1122.22
Index: 46.8148 125.505 1204.11
Middle: 55.5305 154.851 1207.49
Ring: 47.9132 172.537 1196.75
Little: -9.2172 167.89 1135.64
Thumb: 51.5602 52.4341 1099.94
Index: 46.3667 126.795 1201.48
Middle: 49.6428 157.915 1207.85
Ring: 52.9066 169.52 1198.84
Little: -3.44781 167.462 1139.79
Thumb: 49.0346 63.3269 1103.92
Index: 46.7983 129.942 1199.94
Middle: 58.278 158.856 1207.48
Ring: 53.5281 164.612 1199.66
Little: 3.39693 169.75 1143.85
Thumb: 49.488 63.817 1104.52
Index: 57.1711 130.9 1198.71
Middle: 60.9376 162.781 1205.88
Ring: 59.2082 172.271 1197.69
Little: 11.8145 175.109 1151.32
Thumb: 51.7294 68.2477 1108.95
Index: 56.9181 131.38 1199.4
Middle: 62.1459 162.402 1206.96
Ring: 61.651 169.243 1199.52
Little: 14.7022 174.798 1155.55
Thumb: 51.2245 70.5475 1106.97
Index: 64.3278 130.519 1200.45
Middle: 64.971 162.564 1209.01
Ring: 65.8283 171.45 1201.67
Little: 19.0394 174.862 1161.97
Thumb: 52.5819 73.0052 1107.63
Index: 63.1089 130.671 1200.7
Middle: 69.8181 155.174 1211.71
Ring: 12.6954 172.239 1190.52
Little: 25.6788 174.776 1168.45
Thumb: 51.3498 71.1472 1106.14
Index: 65.4703 132.109 1201.24
Middle: 70.2281 158.256 1212.09
Ring: 18.009 175.576 1193.45
Little: 38.2438 179.137 1175.93
Thumb: 50.5222 74.6794 1107.21
Index: 64.2981 132.481 1202.15
Middle: 70.6371 156.514 1214.31
Ring: 23.6668 173.395 1198.74
Little: 44.3228 177.446 1180.82
Thumb: 53.4496 83.6613 1109.42
Index: 64.7262 127.719 1197.81
Middle: 72.1946 151.511 1212.42
Ring: 30.7821 170.784 1201.74
Little: 51.2116 174.512 1183.47
Thumb: 53.847 83.339 1112.27
Index: 73.877 123.657 1198.8
Middle: 70.3073 151.758 1214.56
Ring: 35.3629 169.593 1204.61
Little: 54.7618 173.271 1185.38
Thumb: 56.8223 85.5521 1114.28
Index: 72.0331 119.449 1196.1
Middle: 69.9768 145.28 1213.25
Ring: 40.0679 169.331 1205.86
Little: 54.8949 170.388 1185.08
Thumb: 56.7854 85.3798 1115.09
Index: 72.1215 116.499 1196.25
Middle: 69.3925 147.716 1214.38
Ring: 38.9299 167.902 1207.07
Little: 54.8293 168.703 1186.74
Thumb: 56.2883 85.6653 1114.7
Index: 73.5398 114.134 1196.49
Middle: 69.6965 142.88 1214.68
Ring: 39.8552 166.56 1207.75
Little: 54.5779 166.469 1186.96
Thumb: 54.5772 85.8079 1113.16
Index: 76.1894 110.71 1192.44
Middle: 67.9139 140.268 1213.52
Ring: 38.4176 163.68 1207.05
Little: 52.071 163.974 1186.04
Thumb: 56.4994 86.5085 1116.82
Index: 75.9228 108.843 1190.79
Middle: 66.8451 137.905 1213.07
Ring: 35.2669 163.459 1206.01
Little: 49.4575 162.753 1185.29
Thumb: 56.7905 85.2422 1114.12
Index: 77.2101 106.597 1186.47
Middle: 66.2688 139.312 1211.6
Ring: 32.3947 161.04 1203.83
Little: 47.5654 160.255 1183.62
Thumb: 57.4451 82.7755 1115.36
Index: 75.3331 105.064 1188.06
Middle: 67.0433 136.299 1211.86
Ring: 28.2518 158.934 1202.95
Little: 45.2361 158.234 1183.75
Thumb: 53.5525 81.6423 1114.93
Index: 72.8401 101.21 1189.38
Middle: 63.6079 132.887 1212.56
Ring: 22.7143 157.763 1202.01
Little: 41.2864 155.917 1183.91
Thumb: 53.1944 80.3743 1115.2
Index: 69.4003 101.497 1190.02
Middle: 65.312 131.81 1211.44
Ring: 17.6691 155.531 1197.36
Little: 38.5856 155.847 1181.15
Thumb: 52.3071 79.1306 1114.45
Index: 60.2812 100.823 1188.08
Middle: 65.3771 127.297 1208.67
Ring: 13.4439 152.944 1192.34
Little: 34.4279 153.229 1176.98
Thumb: 49.6588 78.4975 1113.57
Index: 57.7073 99.5509 1186.44
Middle: 61.3794 125.465 1208.98
Ring: 6.83315 150.791 1188.82
Little: 29.7103 153.215 1175.61
Thumb: 47.8196 78.8743 1114.17
Index: 59.9662 95.4018 1178.85
Middle: 62.1045 121.451 1207.34
Ring: 1.46548 146.464 1185.1
Little: 21.3978 150.215 1169.14
Thumb: 43.0533 78.6971 1116.92
Index: 49.0815 94.8885 1183.72
Middle: 58.9475 119.513 1207.84
Ring: -5.95588 145.759 1181.62
Little: 17.1762 146.962 1168.51
Thumb: 43.2669 78.0715 1116.5
Index: 49.8226 94.1442 1180.56
Middle: 51.1823 120.764 1206.8
Ring: -9.96076 141.481 1177.08
Little: 10.4014 145.071 1162.51
Thumb: 44.6449 74.5694 1119.84
Index: 45.9343 89.9779 1178.73
Middle: 57.2739 114.33 1205.29
Ring: -15.7854 136.752 1174.9
Little: 6.60953 138.141 1162.66
Thumb: 45.0507 74.3473 1118.77
Index: 29.1073 87.7437 1175.29
Middle: 44.2493 110.75 1203.58
Ring: -20.1519 132.179 1171.03
Little: 4.25404 133.426 1161.25
Thumb: 39.9799 73.7616 1115.16
Index: 29.5581 84.0387 1175.04
Middle: 57.2474 108.155 1193.5
Ring: -26.8572 125.865 1164.42
Little: -1.87797 128.314 1156.32
Thumb: 40.9142 72.7605 1114.98
Index: 28.1103 80.2486 1170.24
Middle: 62.8848 104.224 1186.68
Ring: -30.2162 117.36 1158.17
Little: -4.0192 124.325 1154.81
Thumb: 37.8507 71.6417 1109.85
Index: 22.4782 74.7888 1166.11
Middle: 59.4188 98.185 1183.73
Ring: -32.9223 115.043 1159.77
Little: -6.31036 117.88 1153.86
Thumb: 37.9088 71.7388 1110.44
Index: 15.7943 74.163 1164.67
Middle: 47.421 99.9468 1182.07
Ring: -33.6696 109.329 1156.29
Little: -8.97621 116.617 1151.47
Thumb: 35.409 71.9209 1107.32
Index: 13.7496 72.9047 1160.7
Middle: 49.4973 100.071 1170.99
Ring: -35.6015 107.827 1151.49
Little: -11.2733 115.276 1146.61
Thumb: 33.5802 74.0318 1108.26
Index: 9.98351 74.7407 1158.2
Middle: 44.1184 101.756 1168.43
Ring: -36.8941 109.485 1150.24
Little: -11.9369 116.867 1145.98
Thumb: 30.6239 73.7903 1110.21
Index: 3.02853 75.3985 1157.99
Middle: 38.7935 102.239 1170.77
Ring: -39.5785 107.809 1149.98
Little: -15.342 116.733 1145.55
Thumb: 23.5984 73.9768 1109.42
Index: -9.19582 80.6159 1156.02
Middle: 31.8465 106.786 1170.25
Ring: -39.5769 111.449 1152.65
Little: -17.9009 120.115 1143.94
Thumb: 20.99 72.4237 1108.63
Index: -20.6498 70.902 1147.54
Middle: 29.5789 100.568 1175.47
Ring: -46.0163 108.569 1159.24
Little: -25.3656 108.897 1144.09
Thumb: 19.1341 75.7562 1101.29
Index: -23.2097 76.7188 1138.52
Middle: 26.4205 106.274 1169.37
Ring: -42.7337 112.62 1153.63
Little: -21.939 114.601 1139.9
Thumb: 18.1903 74.4575 1094.66
Index: -25.8292 78.0675 1134.5
Middle: 25.4841 105.592 1166.85
Ring: -43.3363 112.193 1152.06
Little: -23.088 115.752 1138.24
Thumb: 16.4499 76.7311 1092.71
Index: -27.7016 78.8913 1131.9
Middle: 24.1493 104.776 1165.22
Ring: -43.1669 110.332 1151.46
Little: -24.5539 116.287 1136.67
Thumb: 15.2053 76.199 1091.46
Index: -29.8628 80.1225 1130.93
Middle: 20.3332 105.875 1164.76
Ring: -46.0228 112.618 1149.32
Little: -25.3378 117.664 1136.83
Thumb: 15.0469 76.2671 1093.18
Index: -30.0795 79.5652 1131.51
Middle: 20.0329 106.02 1164.22
Ring: -47.5338 111.724 1148.21
Little: -10.7553 129.182 1142.37
Thumb: 12.8061 77.9352 1092.77
Index: -33.511 81.1701 1130.13
Middle: 16.946 106.754 1164.18
Ring: -50.3705 110.71 1146.28
Little: -12.5941 130.714 1142.4
Thumb: 12.776 77.2311 1091.73
Index: -34.841 79.5926 1127.06
Middle: 16.5577 105.784 1162.75
Ring: -52.448 108.478 1143.23
Little: -13.6864 129.159 1141.07
Thumb: 10.9999 76.3398 1089.44
Index: -36.3961 81.5623 1127.06
Middle: 15.276 106.868 1161.51
Ring: -53.6906 110.3 1142.14
Little: -15.0811 130.255 1139.83
Thumb: 8.97637 76.5572 1090.65
Index: -40.4577 83.2226 1124.82
Middle: 16.7693 108.102 1161.44
Ring: -56.7388 112.187 1140.47
Little: -16.2526 132.312 1139.44
Thumb: 6.94468 74.9412 1088.18
Index: -41.9175 83.4454 1126.16
Middle: 15.0608 106.565 1161.8
Ring: -57.2827 112.576 1142.41
Little: -19.3987 132.58 1141.09
Thumb: 6.79786 74.9384 1087.14
Index: -39.9186 79.8437 1130.28
Middle: 17.9666 105.373 1162.53
Ring: -57.2434 118.443 1145.47
Little: -18.611 134.369 1142.53
Thumb: 5.81093 74.5523 1082.93
Index: -23.1622 78.8309 1143.39
Middle: 22.863 106.381 1162.69
Ring: -56.055 122.067 1148.34
Little: -18.6502 138.195 1144.02
Thumb: 8.10813 74.2335 1080.78
Index: -20.2288 79.0068 1145.82
Middle: 23.7359 106.929 1164.7
Ring: -55.4521 128.019 1151.27
Little: -18.5331 142.207 1145.66
Thumb: 7.74384 73.7161 1081.56
Index: -2.3195 81.7869 1150.04
Middle: 21.5001 108.908 1165.95
Ring: -56.8509 131.156 1151.33
Little: -20.1632 145.369 1146.9
Thumb: 5.52879 75.2985 1079.6
Index: -1.70441 83.4032 1150.8
Middle: 21.331 110.161 1166.51
Ring: -58.4894 134.618 1150.18
Little: -21.2099 147.375 1146.03
Thumb: 3.91385 75.8649 1079.83
Index: -5.12338 85.145 1151.6
Middle: 19.7121 111.315 1168.44
Ring: -60.5809 137.247 1149.8
Little: -22.4063 150.342 1146.93
Thumb: 2.76854 75.9138 1078.74
Index: 0.775049 87.9473 1158.24
Middle: 19.2775 111.681 1169.23
Ring: -63.2963 138.728 1147.18
Little: -23.8672 150.813 1145.68
Thumb: 4.98792 73.2457 1074.72
Index: -14.3158 93.6288 1159.95
Middle: 12.4539 113.39 1181.86
Ring: -62.9789 143.591 1149.79
Little: -40.1844 148.901 1148.26
Thumb: 8.0779 68.4634 1073.49
Index: -14.4221 98.0317 1161.39
Middle: 8.32951 120.403 1183.23
Ring: -64.0032 147.561 1147.89
Little: -43.3237 150.973 1144.05
Thumb: 9.27777 67.2749 1074.24
Index: -10.8342 99.0249 1163.68
Middle: 10.3853 122.86 1184.47
Ring: -63.6715 149.707 1149.63
Little: -43.2107 152.727 1145.4
Thumb: 14.2975 62.327 1079.06
Index: -13.6229 100.589 1163.91
Middle: 6.63917 124.849 1184.61
Ring: -65.38 152.8 1147.2
Little: -44.5796 152.981 1142.67
Thumb: 15.8015 61.3473 1088.97
Index: -7.63131 101.922 1167.86
Middle: 4.35519 128.758 1187.23
Ring: -68.5236 156.487 1145.5
Little: -48.5561 153.447 1140.8
Thumb: 17.9668 64.5702 1092.41
Index: -12.9435 99.7325 1163.92
Middle: -3.58631 125.48 1185.06
Ring: -71.3766 158.151 1137.04
Little: -55.5459 156.783 1131.39
Thumb: 19.4607 64.98 1099.56
Index: 14.1175 100.301 1151.17
Middle: -5.71548 130.391 1187.36
Ring: 0.800245 150.189 1181.74
Little: -61.2963 160.002 1129.17
Thumb: 20.7928 60.2314 1107.28
Index: 9.51197 105.61 1159.4
Middle: -9.8263 139.047 1192.04
Ring: -4.18093 158.291 1184.48
Little: -68.6064 159.983 1119.41
Thumb: 20.9101 59.0087 1105.3
Index: -2.71941 106.298 1167.88
Middle: -9.90414 138.439 1199.35
Ring: -10.1608 157.641 1189.1
Little: -87.0386 162.352 1122.29
Thumb: 23.7245 62.334 1108.93
Index: -10.8127 105.244 1167.87
Middle: -12.9004 137.289 1200.45
Ring: -17.9503 156.013 1190.45
Little: -91.9001 165.772 1116.56
Thumb: 25.4798 62.909 1113.13
Index: -14.6355 107.439 1169.2
Middle: -9.10124 140.637 1199.7
Ring: -20.7726 158.833 1190.2
Little: -92.8438 166.924 1113.37
Thumb: 25.3645 60.8091 1113.54
Index: -18.3813 108.494 1170.7
Middle: -13.7505 142.459 1200.64
Ring: -19.2884 161.12 1191
Little: -93.294 164.226 1111.08
Thumb: 24.3058 59.9638 1115.75
Index: -19.4331 107.532 1172.78
Middle: -14.0645 141.264 1203.69
Ring: -17.9525 160.143 1194.09
Little: -91.7834 161.061 1115.65
Thumb: 24.6563 55.1556 1115.34
Index: -19.0131 104.044 1175.01
Middle: -13.3123 137.065 1206.92
Ring: -20.9536 155.98 1196.89
Little: -91.1364 158.783 1118.56
Thumb: 23.8361 48.5454 1110.45
Index: -25.0453 94.9843 1173.39
Middle: -19.5907 126.83 1208.34
Ring: -29.5712 145.916 1198.83
Little: -91.9172 153.515 1128.42
Thumb: 24.6938 45.7458 1105.92
Index: -24.2211 88.1398 1170.95
Middle: -18.8306 117.964 1207.27
Ring: -24.0215 137.861 1198.67
Little: -86.8012 149.821 1132.9
Thumb: 23.0449 43.8698 1101.82
Index: -27.1073 84.2533 1168.26
Middle: -21.7936 113.033 1205.12
Ring: -21.2333 134.359 1196.69
Little: -85.531 139.961 1129.74
Thumb: 21.733 38.439 1098.55
Index: -25.2157 76.4561 1165.49
Middle: -13.8531 104.635 1204.68
Ring: -18.2076 125.872 1196.68
Little: -85.5602 131.632 1130.54
Thumb: 20.4 31.6864 1093.89
Index: -29.3449 70.914 1161.01
Middle: -16.5876 97.6645 1200.67
Ring: -20.2752 119.27 1193.15
Little: -80.3172 120.338 1125.39
Thumb: 20.3229 37.0695 1083
Index: -51.2619 63.7991 1145.66
Middle: -14.7473 87.4801 1197.76
Ring: -25.1432 107.954 1193.2
Little: -31.0401 149.307 1167.93
Thumb: 18.5827 34.9096 1076.92
Index: -52.3568 61.9359 1142.36
Middle: -13.6371 86.6404 1195.57
Ring: -22.4891 108.001 1191.22
Little: -26.924 150.147 1165.49
Thumb: 18.2311 39.2988 1074.34
Index: -51.1762 66.5357 1139.19
Middle: -9.06219 87.6311 1192.55
Ring: -21.6938 108.765 1189.18
Little: -27.6744 150.79 1165.01
Thumb: 18.5248 41.5047 1073.89
Index: -49.7728 63.9999 1134.86
Middle: -23.1402 81.501 1189.11
Ring: -23.744 104.534 1186.91
Little: -27.5933 147.696 1163.82
Thumb: 16.5832 42.2407 1073.82
Index: -53.0543 65.8873 1132.08
Middle: -27.4486 84.4231 1186.65
Ring: -24.3779 107.77 1184.7
Little: -28.3883 150.017 1161.67
Thumb: -9.53312 58.4827 1085.75
Index: -51.3035 64.9775 1130.41
Middle: -29.0127 82.9958 1184.96
Ring: -23.4304 106.815 1183.49
Little: -29.0627 150.791 1161.85
Thumb: -11.5133 58.6744 1083.68
Index: -46.8376 68.3043 1130.19
Middle: -31.0053 84.8152 1183.49
Ring: -26.2898 107.484 1181.53
Little: -30.0181 151.688 1159.17
Thumb: -12.7371 59.5999 1080.71
Index: -68.5546 69.6265 1119.69
Middle: -22.2959 87.3555 1181
Ring: -27.4425 109.543 1178.72
Little: -32.22 152.278 1156.83
Thumb: -12.8042 58.5648 1078.72
Index: -59.2779 67.0355 1123.47
Middle: -24.6881 87.3235 1179.01
Ring: -31.2658 108.3 1176.5
Little: -37.2468 149.864 1156.37
Thumb: -15.4969 60.0961 1074.56
Index: -65.3885 69.2634 1117.99
Middle: -14.1509 89.6664 1174.11
Ring: -27.659 111.839 1172.79
Little: -38.1764 151.069 1153.15
Thumb: -16.9399 61.8822 1073.29
Index: -69.0385 70.5676 1114.42
Middle: -26.9351 89.2278 1174.16
Ring: -30.9089 111.274 1171.51
Little: -38.7535 151.418 1151.96
Thumb: -19.1015 62.6758 1074.21
Index: -70.1895 71.2543 1114.92
Middle: -27.4324 90.1567 1172.77
Ring: -28.3627 111.851 1170.75
Little: -35.4798 151.983 1150.82
Thumb: -21.1202 62.1267 1072
Index: -73.3174 71.5739 1115.25
Middle: -34.3091 90.1623 1173.5
Ring: -30.9687 112.548 1170.92
Little: -36.0867 153.088 1150.26
Thumb: -21.3187 62.9406 1071.69
Index: -71.7722 70.1011 1115.85
Middle: -28.972 93.0952 1173
Ring: -32.7166 113.712 1169.87
Little: -36.4994 151.941 1148.14
Thumb: -22.3932 61.0865 1069.22
Index: -88.1991 75.9105 1095.25
Middle: -44.5343 96.3553 1168.5
Ring: -32.1717 119.734 1166.73
Little: -40.7893 154.505 1145.53
Thumb: -21.7389 60.9054 1068.63
Index: -88.1662 75.6525 1094.2
Middle: -45.4821 97.3858 1167.83
Ring: -33.6151 120.371 1165.87
Little: -46.152 152.148 1146.03
Thumb: -21.1012 57.3432 1069.89
Index: -91.5146 77.9718 1086.37
Middle: -51.5575 99.6486 1166.55
Ring: -32.0369 121.925 1165.26
Little: -47.6072 152.942 1145.85
Thumb: -22.0702 57.8513 1071.43
Index: -92.6252 78.9001 1081.09
Middle: -47.248 100.879 1165.92
Ring: -30.8302 122.821 1165.79
Little: -46.3097 154.965 1146.21
Thumb: -24.3284 58.2493 1072.84
Index: -93.8316 78.6971 1082.95
Middle: -47.8525 100.47 1166.43
Ring: -31.897 123.592 1166.29
Little: -46.7263 154.433 1146.51
Thumb: -24.2914 57.0491 1075.29
Index: -90.6203 74.8119 1103.6
Middle: -48.3183 100.101 1169.73
Ring: -33.5891 123.865 1168.93
Little: -52.3999 152.098 1148.99
Thumb: -24.5375 56.8735 1082.45
Index: -93.3595 76.3597 1103.68
Middle: -46.8217 102.775 1176.06
Ring: -33.8517 126.555 1173.66
Little: -53.2196 153.695 1153.27
Thumb: -26.7697 57.2671 1091.55
Index: -95.2878 79.0211 1112.79
Middle: -37.3079 105.197 1185.1
Ring: -114.573 101.751 1104.15
Little: -52.9922 156.145 1160.73
Thumb: -27.995 50.1888 1099.57
Index: -24.9911 74.8683 1187.97
Middle: -34.3997 102.525 1195.56
Ring: -124.802 116.868 1122.03
Little: -57.0173 150.989 1170.28
Thumb: -33.56 50.7506 1110.46
Index: -35.3273 74.7003 1194.22
Middle: -34.3844 102.823 1200.65
Ring: -122.817 123.333 1139.51
Little: -53.179 152.868 1178.48
Thumb: -36.9275 58.5281 1125.47
Index: -35.3492 86.9177 1204.95
Middle: -36.4783 115.93 1210.6
Ring: -118.155 133.273 1149.04
Little: -54.4957 157.162 1181.67
Thumb: -37.4988 63.152 1136.86
Index: -53.528 100.601 1209.31
Middle: -37.2722 130.092 1219.21
Ring: -45.2546 149.224 1207.68
Little: -50.814 169.316 1184.93
Thumb: -30.3136 63.9588 1141.8
Index: -48.0894 101.214 1213.51
Middle: -32.2916 132.142 1226.03
Ring: -41.9637 150.488 1214.03
Little: -49.8439 164.765 1192.17
Thumb: -21.7382 70.6044 1147.46
Index: -43.8386 105.482 1213.93
Middle: -21.9413 137.806 1226.5
Ring: -27.3863 153.496 1215
Little: -46.4167 169.568 1191.27
Thumb: -15.2886 74.892 1153.94
Index: -36.8689 110.21 1220.19
Middle: -23.6266 143.901 1231.8
Ring: -28.5133 161.434 1220.29
Little: -42.6875 172.189 1195.31
Thumb: -4.10328 75.3766 1151.31
Index: -39.8219 106.095 1212.81
Middle: -18.9279 142.592 1233.32
Ring: -12.3819 161.252 1220.37
Little: -32.7888 176.869 1198.69
Thumb: 6.38635 78.3636 1153.06
Index: -49.3152 92.4948 1195.21
Middle: -6.55713 138.597 1235.57
Ring: -10.8182 155.832 1224.57
Little: -32.4355 168.409 1203.75
Thumb: 11.9634 86.3334 1152.13
Index: -43.7034 89.9173 1190.15
Middle: -7.20586 133.39 1234.37
Ring: -1.3128 154.946 1225.61
Little: -25.7407 167.374 1206.39
Thumb: 17.4535 86.3598 1151.12
Index: -38.8454 90.5078 1190.63
Middle: 9.3953 137.017 1231.06
Ring: -4.34535 154.204 1227.93
Little: -17.643 171.317 1206.39
Thumb: 20.0473 87.5414 1149.37
Index: -33.0699 91.9601 1191.2
Middle: 12.3382 137.146 1229.62
Ring: -1.44077 151.429 1226.35
Little: -14.5671 170.203 1204.73
Thumb: 25.9343 83.4116 1144.47
Index: -31.9156 85.6335 1183.3
Middle: 20.847 132.536 1223.52
Ring: 5.90721 148.172 1225.37
Little: -11.06 166.003 1205.22
Thumb: 31.1637 81.9936 1140.61
Index: -19.6884 82.2023 1183.32
Middle: 24.4127 124.124 1221.28
Ring: 12.4073 140.625 1222.27
Little: -1.76651 163.968 1203.58
Thumb: 38.3527 76.7725 1131.02
Index: -9.55011 73.2682 1179.69
Middle: 34.1293 115.125 1215.8
Ring: 20.1958 130.07 1217.7
Little: 3.83996 154.234 1201.52
Thumb: 42.3813 73.2919 1121.97
Index: -3.32749 60.2128 1171.85
Middle: 40.5792 106.557 1211.08
Ring: 28.808 122.536 1214.64
Little: 12.2393 151.973 1198.92
Thumb: 47.0115 71.2707 1116.72
Index: 0.837574 55.714 1166.02
Middle: 41.019 99.9138 1207.57
Ring: 33.8697 119.364 1210.59
Little: 14.4194 146.674 1195.84
Thumb: 45.5433 74.6346 1115.46
Index: 3.08254 52.8742 1159.93
Middle: 35.9545 91.5741 1205.11
Ring: 37.1378 113.713 1206.73
Little: 15.4367 142.166 1193.48
Thumb: 41.8005 73.0252 1114.55
Index: 2.18244 51.3223 1157.95
Middle: 52.4198 100.328 1191
Ring: 37.8381 111.215 1204.91
Little: 14.6342 136.048 1192.35
Thumb: 42.8636 74.7467 1112.55
Index: 4.03406 45.6023 1145.33
Middle: 57.6325 96.3797 1175.02
Ring: 42.7175 100.877 1197.49
Little: 26.3578 138 1186.05
Thumb: 34.3009 75.2455 1121.95
Index: -0.710734 41.2611 1143.08
Middle: 49.8558 87.1308 1173.69
Ring: 45.6323 101.601 1193.22
Little: 23.3096 132 1184.21
Thumb: 30.532 73.9921 1122.32
Index: -7.79233 43.2613 1141.03
Middle: 50.1288 86.3603 1168.24
Ring: 44.8512 97.3461 1190.55
Little: 23.9305 130.138 1184.15
Thumb: 28.9182 74.0044 1120.45
Index: -9.47615 43.985 1139.14
Middle: -7.26142 59.9614 1181.1
Ring: 43.9339 95.9921 1189.75
Little: 26.2971 131.213 1182.41
Thumb: 29.1115 77.752 1123.22
Index: -11.0262 47.5125 1141.62
Middle: -10.2869 64.8634 1184.06
Ring: 46.43 99.8859 1193.75
Little: 28.0991 134.218 1183.54
Thumb: 30.2206 78.0105 1122.66
Index: -10.7245 49.0141 1140.89
Middle: -10.0216 66.8533 1183.63
Ring: 44.7032 100.719 1193.81
Little: 28.7041 136.978 1182.04
Thumb: 29.9797 79.0711 1123.91
Index: -10.8079 51.1252 1143.2
Middle: -9.83013 70.9161 1185.54
Ring: 41.0995 102.107 1196.13
Little: -27.9107 100.952 1164.65
Thumb: 31.6865 83.1303 1117.29
Index: -6.53292 55.7436 1141.84
Middle: -4.38463 76.471 1184.09
Ring: 35.4244 101.962 1196.62
Little: -10.7222 110.958 1157.34
Thumb: 38.3795 70.8422 1100.09
Index: -2.93199 58.1636 1142.03
Middle: -6.82844 79.0107 1179.58
Ring: 36.8298 104.782 1194.15
Little: -10.6431 113.022 1153.38
Thumb: 37.4718 73.4481 1100.18
Index: -3.33287 59.4652 1139.45
Middle: -7.08119 70.6106 1172.5
Ring: 40.7059 104.823 1190.09
Little: -20.2563 104.728 1149.86
Thumb: 36.2229 74.4071 1099.03
Index: -3.31644 60.5339 1139.63
Middle: -13.4784 68.5843 1164.87
Ring: 47.1035 112.321 1180.88
Little: -25.5959 105.558 1144.18
Thumb: 32.7168 75.2549 1100.06
Index: -4.31697 60.2632 1141.58
Middle: -14.7864 68.4748 1166.18
Ring: 47.7261 111.178 1180.48
Little: -26.826 105.463 1146.36
Thumb: 32.6344 74.8333 1098.79
Index: -4.00259 60.4076 1142.33
Middle: -14.6496 68.3511 1166.48
Ring: 47.5325 110.378 1181.85
Little: -26.7298 105.721 1147.16
Thumb: 30.9291 75.3556 1100.38
Index: -4.86874 60.541 1142.97
Middle: -15.1026 68.9266 1167.36
Ring: 49.0642 109.227 1181.53
Little: -27.6458 106.422 1147.73
Thumb: 31.4081 74.8988 1099.39
Index: -2.62256 60.6842 1145.26
Middle: -14.3817 68.7234 1167.66
Ring: 46.7344 108.489 1183.59
Little: -28.0661 106.726 1147.35
Thumb: 31.4873 74.7495 1099.9
Index: -3.13376 60.5234 1145.09
Middle: -14.9941 68.164 1167.27
Ring: 47.3492 107.199 1186.98
Little: -27.9292 106.447 1147.82
Thumb: 31.4345 74.7749 1100
Index: -3.00265 60.4021 1145.25
Middle: -14.8589 68.9156 1167.89
Ring: 42.6494 105.27 1188.73
Little: -28.114 106.631 1147.7
Thumb: 32.2536 74.2154 1099.64
Index: -3.10909 60.1138 1144.86
Middle: -14.5852 68.072 1167.52
Ring: 40.2008 101.749 1187.03
Little: -28.1857 106.376 1147.48
Thumb: 31.3448 74.4868 1100.72
Index: -4.09337 61.0698 1145.63
Middle: -15.2579 69.4113 1168.42
Ring: 36.4996 101.302 1187.62
Little: -28.903 107.767 1147.8
Thumb: 31.5029 75.2885 1100.89
Index: -5.52577 62.932 1147.25
Middle: -16.214 71.8268 1170.1
Ring: 39.942 104.14 1186.83
Little: -29.2499 110.257 1149.12
Thumb: 29.4529 75.4647 1101.27
Index: -9.58785 64.3096 1148.04
Middle: -18.745 72.5949 1170.76
Ring: 45.6916 109.374 1187.16
Little: -31.2098 113.863 1150.04
Thumb: 30.1535 77.3887 1102.5
Index: -6.0436 62.5585 1149.67
Middle: -16.0395 71.7841 1171.08
Ring: 47.4357 110.875 1186.88
Little: -32.7831 119.49 1152.53
Thumb: 30.0688 79.8743 1104.02
Index: -2.98882 61.2561 1152.11
Middle: -10.1802 73.8725 1176.62
Ring: 49.0684 113.568 1188.26
Little: -32.0716 122.013 1155.47
Thumb: 33.1256 81.0464 1101.82
Index: 0.702024 56.0188 1148.05
Middle: -4.26099 71.249 1175.91
Ring: 51.0943 113.822 1189.52
Little: -29.8104 124.582 1158.48
Thumb: 33.9103 81.6944 1099.55
Index: 0.890372 57.1524 1146.76
Middle: -0.268858 72.2564 1177
Ring: 55.0826 112.745 1190.33
Little: -25.9041 129.498 1164.29
Thumb: 38.6364 80.0245 1096.36
Index: 3.63321 54.8356 1144
Middle: 4.87982 72.3809 1177.68
Ring: 57.8987 107.566 1189.18
Little: -19.8633 128.623 1168.62
Thumb: 39.9848 81.5609 1097.37
Index: 11.0992 52.9932 1146.6
Middle: 8.90863 68.9002 1176.45
Ring: 66.1008 106.486 1187.64
Little: -13.4285 129.439 1175.27
Thumb: 45.4013 80.3715 1087.78
Index: 17.6742 49.2812 1138.01
Middle: 10.9989 64.2574 1166.68
Ring: 70.2869 104.615 1179.77
Little: -7.55622 123.028 1170.67
Thumb: 41.5063 81.8274 1090.68
Index: 18.5568 48.8386 1140.11
Middle: 16.7486 65.6571 1168.63
Ring: 68.5637 100.246 1181.76
Little: -0.864621 123.234 1176.14
Thumb: 40.2066 83.116 1091.82
Index: 22.769 43.5039 1134.99
Middle: 18.4793 58.0583 1163.4
Ring: 49.1922 83.1834 1181.54
Little: 12.74 114.539 1180.15
Thumb: 42.6154 83.4911 1087.9
Index: 27.1943 43.2533 1130.79
Middle: 22.9404 55.9871 1159.92
Ring: 20.6895 72.0213 1169.33
Little: 18.9824 109.591 1178.2
Thumb: 51.4188 82.6869 1090.75
Index: 31.8169 42.0815 1127.08
Middle: 24.0488 52.7308 1154.86
Ring: 21.2389 69.4665 1163.59
Little: 26.3775 104.551 1172.96
Thumb: 52.4657 81.7157 1088.14
Index: 30.7418 40.7814 1124
Middle: 22.8529 48.4107 1148.18
Ring: 21.6242 67.5846 1160.81
Little: 65.2285 109.838 1167.16
Thumb: 53.1421 77.7019 1095.06
Index: 32.9477 37.655 1123.18
Middle: 20.5776 44.2667 1143.02
Ring: 21.6885 62.5131 1157.71
Little: 65.8197 105.179 1164.22
Thumb: 55.472 79.2355 1100.47
Index: 35.6077 40.2335 1129.06
Middle: 13.0636 46.0931 1143.07
Ring: 12.3148 65.8107 1155.76
Little: 62.9066 104.318 1164.14
Thumb: 56.7102 82.2904 1104.06
Index: 43.2038 44.6737 1136.26
Middle: 11.3769 51.551 1146.94
Ring: 22.2278 64.5294 1153.9
Little: 59.9573 106.415 1163.36
Thumb: 58.2425 80.96 1102.23
Index: 47.3896 42.943 1133.4
Middle: 9.93026 52.6118 1146.63
Ring: 19.3441 63.7124 1151.28
Little: 64.4767 108.168 1160.92
Thumb: 57.6137 69.6941 1118.65
Index: 49.6401 34.4723 1155.17
Middle: 13.554 54.7775 1177.07
Ring: 17.5254 55.129 1169.06
Little: 70.0138 101.431 1164.79
Thumb: 57.5346 65.0382 1117.91
Index: 51.5686 32.1084 1154.27
Middle: 10.5403 52.279 1175.83
Ring: 43.0087 62.4593 1159.76
Little: 72.671 102.724 1164.08
Thumb: 60.4718 67.0363 1116.76
Index: 55.0524 33.6853 1152.89
Middle: 27.9444 51.5266 1178.98
Ring: 46.1285 60.7743 1155.76
Little: 75.8617 109.015 1162.53
Thumb: 62.5818 67.7424 1115.4
Index: 54.0205 31.7211 1149.84
Middle: 30.051 42.8019 1172.59
Ring: 44.0423 58.3907 1153.24
Little: 88.2399 135.389 1149.3
Thumb: 33.9628 38.517 1066.69
Index: 54.473 2.03351 1105.27
Middle: 43.3416 -7.86257 1125.07
Ring: 59.7288 15.2859 1110.29
Little: 122.474 86.5457 1093.15
Thumb: 16.5429 58.1081 1047.77
Index: 41.7262 13.0383 1104.8
Middle: 39.0036 -0.121267 1115.76
Ring: 37.2348 10.0811 1111.12
Little: 118.048 104.514 1102.75
Thumb: 31.8026 80.9839 1079.89
Index: 51.3542 72.4704 1003.96
Middle: 13.0628 9.31023 1097.59
Ring: 46.7928 26.3368 1052.5
Little: 69.1652 53.6498 1092.45
Thumb: 14.0468 85.4741 1083.54
Index: 43.0309 79.8599 999.652
Middle: 7.56021 10.1523 1094.48
Ring: 4.03643 24.4648 1078.82
Little: 68.7563 58.9666 1091.59
Thumb: 9.57225 85.1927 1085.34
Index: 35.0556 79.7529 999.865
Middle: -5.51467 13.6296 1090.58
Ring: -0.378764 25.9215 1086.06
Little: 67.7041 59.1368 1089.47
Thumb: 10.3326 85.8802 1083.42
Index: 35.8351 80.7026 999.758
Middle: -4.01565 12.9966 1089.7
Ring: -0.46386 26.092 1087.65
Little: 68.5328 59.3849 1089.19
Thumb: 5.93298 84.3652 1080.32
Index: 34.5138 82.373 995.698
Middle: 64.4586 72.4019 1001.09
Ring: 0.0774117 25.3923 1082.59
Little: 71.4544 64.4698 1086.42
Thumb: 6.27493 83.4759 1081.33
Index: 36.9479 79.0311 996.719
Middle: -2.49397 11.4007 1086.44
Ring: 1.60716 24.2904 1084.95
Little: 69.6486 59.0317 1086.4
Thumb: 4.90155 83.6498 1079.4
Index: 30.9647 79.3156 996.557
Middle: -2.02823 11.1915 1084.35
Ring: 0.779036 24.5396 1082.46
Little: 66.8059 55.1649 1080.35
Thumb: 2.89509 83.3495 1080.22
Index: 30.4809 83.336 993.209
Middle: -1.3166 10.7338 1082.73
Ring: 1.82595 23.9281 1080.81
Little: 70.0525 59.26 1078.84
Thumb: 3.04653 83.957 1078.96
Index: 27.72 90.1353 990.114
Middle: -0.0025034 12.337 1080.05
Ring: 1.38524 26.1247 1077.71
Little: 69.213 61.1261 1074.82
Thumb: 0.549006 85.3056 1078.82
Index: 22.3247 91.7718 988.581
Middle: 1.93177 12.2351 1080.27
Ring: 0.166746 26.8834 1076.65
Little: 64.0686 56.1366 1070.35
Thumb: 1.29768 88.1152 1079.91
Index: 20.3727 68.7584 996.717
Middle: 2.04815 12.9867 1079.67
Ring: -0.504618 27.7868 1076.22
Little: 59.8368 50.2773 1062.75
Thumb: 2.67995 89.6304 1077.92
Index: 17.2524 72.4534 993.642
Middle: 0.181623 14.3798 1076.33
Ring: -1.25461 28.8885 1073.5
Little: 50.8248 43.0404 1063.41
Thumb: 1.0893 89.6728 1075.73
Index: 16.2024 73.1479 991.592
Middle: -0.796308 14.0698 1074.47
Ring: -2.0241 28.093 1071.77
Little: 48.7993 41.8925 1063.67
Thumb: 0.650389 90.0748 1072.69
Index: 13.0861 82.814 986.001
Middle: -3.05971 15.3385 1070.33
Ring: -2.55426 28.9902 1068.48
Little: 48.4553 43.9179 1057.46
Thumb: 1.37049 91.4093 1070.22
Index: 12.2941 87.9099 983.693
Middle: -1.85528 16.2706 1067.17
Ring: -3.03286 30.8289 1065.07
Little: 48.0107 45.1128 1056.04
Thumb: 1.52172 91.7186 1068.37
Index: 10.761 91.3465 981.414
Middle: -3.42791 16.8937 1064.4
Ring: -3.40388 31.1308 1062.59
Little: 45.634 43.9353 1056.1
Thumb: -0.568281 91.1877 1065.98
Index: 9.15366 91.9269 980.38
Middle: -4.70075 16.9465 1062
Ring: -3.90928 30.9533 1060.48
Little: 45.2751 44.458 1054.28
Thumb: -1.73129 92.2854 1062.57
Index: 7.78598 93.8651 979.929
Middle: -5.38586 17.2959 1060.76
Ring: -5.09971 31.4649 1058.19
Little: 45.0707 45.5312 1051.82
Thumb: -1.38554 92.1898 1062.31
Index: 7.62017 95.4235 979.394
Middle: -5.22032 17.1721 1059.85
Ring: -5.38499 31.5153 1058.25
Little: 44.9907 45.3484 1050.37
Thumb: -1.20641 91.9613 1061.74
Index: 7.83359 93.2673 977.923
Middle: -3.8974 16.7361 1058.39
Ring: -4.38393 31.048 1056.44
Little: 44.481 45.2017 1050.79
Thumb: -0.97454 91.879 1062.33
Index: 9.72283 83.7927 975.899
Middle: -3.51502 16.6906 1058.84
Ring: -4.04155 30.9966 1056.92
Little: 44.8733 45.2089 1050.49
Thumb: -1.55655 92.3065 1061.38
Index: 9.9802 81.0901 976.487
Middle: -3.17448 16.7688 1059.54
Ring: -3.9334 31.0431 1055.58
Little: 45.3661 46.3009 1050.78
Thumb: -3.82659 90.8221 1062.05
Index: 9.48046 75.9596 978.507
Middle: -4.55109 15.3706 1059.27
Ring: -5.37075 29.8518 1058.3
Little: 43.9576 44.2141 1052.47
Thumb: -2.98937 90.9983 1061.14
Index: 9.91814 73.7721 980.406
Middle: -3.84662 15.3392 1060.92
Ring: -5.33398 29.9485 1058.97
Little: 44.6239 44.9745 1052.9
Thumb: -2.83767 90.8843 1061.29
Index: 9.51837 73.2636 981.761
Middle: -3.79504 15.3328 1062.8
Ring: -5.8018 30.071 1060.57
Little: 44.3356 45.1353 1054.33
Thumb: -3.16926 88.8309 1061.38
Index: 11.3417 70.612 983.13
Middle: -4.46062 13.6368 1064.76
Ring: -4.32813 27.6902 1062.51
Little: 44.6802 43.403 1059.36
Thumb: -3.30085 87.1753 1064.06
Index: 13.2365 65.7769 985.895
Middle: -3.45533 12.5548 1065.36
Ring: -3.55803 26.4572 1064.18
Little: 46.888 45.1053 1060.08
Thumb: -1.91611 86.0484 1067.06
Index: 10.2314 86.4006 988.133
Middle: -1.85865 11.6657 1067.82
Ring: -1.74168 25.4445 1065.49
Little: 47.2637 43.2983 1063.08
Thumb: -1.62059 84.5657 1070.22
Index: 11.9303 83.1676 989.563
Middle: -1.65712 10.3771 1072.81
Ring: -1.36654 24.0292 1070.04
Little: 46.497 40.7533 1068.91
Thumb: -0.20105 83.4438 1072.43
Index: 11.9269 77.425 994.149
Middle: -0.254241 9.74406 1076.33
Ring: -0.859786 23.8476 1073.66
Little: 45.404 38.6166 1074.01
Thumb: 0.637012 83.6335 1075.17
Index: 12.805 73.4651 996.215
Middle: 1.2119 9.89129 1080.44
Ring: -0.393927 24.2233 1077.37
Little: 46.0768 38.676 1076.85
Thumb: -0.159244 82.9184 1077.85
Index: 10.7106 75.5854 998.717
Middle: 0.104014 9.24236 1083.99
Ring: -0.511569 22.8039 1081.16
Little: 44.6887 37.274 1079.64
Thumb: -0.263995 82.3755 1080.15
Index: 14.1551 73.5533 1001.45
Middle: 0.494544 8.519 1086.88
Ring: 0.220329 21.7542 1083.82
Little: 44.86 36.8533 1084.07
Thumb: -0.449244 81.8363 1080.85
Index: 14.6136 74.091 1004.93
Middle: 0.498927 8.31171 1090.7
Ring: -0.0287876 21.2612 1087.83
Little: 42.2133 35.1869 1090.94
Thumb: -0.0404339 81.0533 1083.84
Index: 16.4998 88.3132 1006.26
Middle: 0.607925 8.55634 1095.68
Ring: -0.289745 21.9773 1092.32
Little: 42.6224 35.8208 1097.5
Thumb: 4.22798 83.6692 1085.19
Index: 23.9068 90.3393 1009.44
Middle: 0.595452 8.7124 1096.77
Ring: 1.621 20.9099 1095.95
Little: 41.154 36.6008 1102.99
Thumb: 2.80234 82.8507 1088.38
Index: 24.7222 86.7129 1012.74
Middle: 2.12949 8.5908 1102.07
Ring: 1.42 21.1206 1099.44
Little: 41.4745 35.9367 1109.24
Thumb: 4.06493 85.7156 1093.71
Index: 21.5124 89.2179 1015.96
Middle: 2.46286 10.8679 1104.91
Ring: 2.36181 22.9641 1100.95
Little: 41.698 36.6191 1113.51
Thumb: 3.19652 87.8783 1101.97
Index: 12.0664 89.4812 1021.71
Middle: 0.387618 12.5209 1107.21
Ring: 2.58267 24.1482 1104.92
Little: 42.7999 37.107 1114.28
Thumb: 2.80364 90.2714 1102.67
Index: -1.31062 34.0252 1089.64
Middle: -0.693408 13.4119 1111.33
Ring: -0.648506 24.8846 1106.5
Little: 38.9297 37.1774 1118.17
Thumb: 3.78743 88.8271 1100.23
Index: 4.44924 34.1973 1091.36
Middle: -3.34769 13.7435 1105.27
Ring: 1.3967 23.8402 1102.15
Little: 32.43 41.3029 1119.84
Thumb: 30.8396 148.935 987.421
Index: 7.87364 29.8728 1092
Middle: 0.481442 11.9304 1109.04
Ring: -1.1102 23.2796 1099.92
Little: 24.5956 43.1196 1125.06
Thumb: 86.2462 108.706 994.931
Index: 8.30844 27.182 1085.26
Middle: -0.727267 14.3459 1106.58
Ring: 3.63098 20.8308 1106.71
Little: 18.3974 45.8328 1117.34
Thumb: 120.293 139.537 987.938
Index: 5.38031 28.5785 1075.65
Middle: -7.62274 17.129 1094.24
Ring: 2.63643 24.1925 1105.83
Little: 13.1431 48.285 1112.6
Thumb: 75.9816 97.5609 1036.53
Index: 6.52661 31.6125 1074.24
Middle: -4.51868 20.0596 1093.47
Ring: 1.41793 28.7179 1105.29
Little: 13.5973 52.3737 1110.38
Thumb: 76.2757 98.4561 1027.18
Index: 0.700684 26.7008 1062.33
Middle: -7.75407 17.8464 1082.81
Ring: -1.0229 26.9145 1099.75
Little: 8.22183 49.4367 1091.7
Thumb: 86.6581 107.964 1010.45
Index: 0.724813 26.3443 1061.71
Middle: -7.45676 17.3241 1082.41
Ring: -0.905884 26.1153 1099.07
Little: 8.36466 48.7106 1091.27
Thumb: 86.7444 118.822 1119.26
Index: 4.46563 40.1332 1101.12
Middle: -3.25335 27.6683 1122.82
Ring: 3.3441 35.8293 1100.31
Little: -2.36135 59.5721 1132.79
Thumb: 87.1818 124.537 1107.6
Index: 6.37189 39.4738 1096.43
Middle: -5.41102 26.6772 1108.15
Ring: 9.65312 37.076 1089.34
Little: -2.48776 59.2717 1127
Thumb: 78.448 124.717 1120.48
Index: 7.07682 39.027 1097.74
Middle: -6.91748 27.4465 1111.62
Ring: 10.8431 36.4005 1090.97
Little: -3.14985 59.5852 1127.4
Thumb: 116.122 169.484 1031.91
Index: 4.08614 32.6698 1104.94
Middle: -9.88134 21.1904 1116.63
Ring: 3.76531 28.4167 1103.62
Little: -9.36951 55.1287 1131.65
Thumb: 124.572 102.21 1074.7
Index: 0.81655 32.5869 1111.43
Middle: -11.2483 20.625 1118.81
Ring: -1.70881 28.1456 1112.5
Little: -12.283 56.5657 1146.52
Thumb: 127.964 99.6335 1096.67
Index: 3.70554 31.6995 1118.41
Middle: -10.5836 19.7403 1120.14
Ring: -5.20149 27.9627 1118.23
Little: -23.5608 58.5361 1139.98
Thumb: 132.021 105.272 1109.41
Index: 11.6191 34.8793 1126.5
Middle: -12.4287 19.8373 1120.47
Ring: -6.11945 27.6998 1117.97
Little: -28.5933 59.0863 1136.15
Thumb: 129.577 107.246 1108.94
Index: 9.56351 33.5929 1125.92
Middle: -12.5613 19.1276 1121.29
Ring: -7.20068 27.2972 1118.39
Little: -31.6532 58.7048 1132.84
Thumb: 141.403 132.015 1106.78
Index: 13.809 40.5716 1130.92
Middle: -15.2229 17.0691 1120.34
Ring: -9.66889 25.298 1118.47
Little: -35.5464 57.3365 1129.24
Thumb: 139.485 138.248 1100.76
Index: 12.1883 41.129 1131.14
Middle: -15.6809 16.5023 1119.28
Ring: -9.72541 24.676 1117.54
Little: -37.0057 55.7654 1125.79
Thumb: 115.881 99.9109 1101.37
Index: 8.97486 42.9654 1132.81
Middle: -17.6149 17.3308 1119.4
Ring: -11.8124 25.725 1117.87
Little: -35.8399 67.6225 1137.67
Thumb: 105.029 91.4739 1116.73
Index: 7.54506 44.0401 1132.46
Middle: -19.3436 18.6668 1118.98
Ring: -13.2934 26.9488 1117.8
Little: -36.9912 71.0169 1136.85
Thumb: 104.912 92.7818 1115.3
Index: 5.57638 43.836 1130.95
Middle: -21.6921 19.0518 1118.26
Ring: -15.7572 27.2097 1116.79
Little: -38.3248 72.4339 1136.55
Thumb: 102.101 94.0807 1124.95
Index: 5.6992 43.75 1129.58
Middle: -21.6625 18.9926 1116.65
Ring: -17.2462 27.3098 1115.74
Little: -39.2127 71.9161 1135.44
Thumb: 103.506 101.104 1130.79
Index: 4.2693 41.3388 1127.62
Middle: -23.9937 19.1567 1114.49
Ring: -19.5546 26.6652 1113.79
Little: -41.0924 72.475 1132.86
Thumb: 84.9707 92.8609 1131.44
Index: 0.194157 42.3383 1126.57
Middle: -23.5102 19.0917 1112.2
Ring: -19.4667 27.9929 1114.5
Little: -42.8149 74.4385 1130.6
Thumb: 116.611 108.34 1120.18
Index: -0.206978 42.7301 1128.96
Middle: -24.4831 19.4801 1114.08
Ring: -19.8835 27.8184 1113.06
Little: -43.766 74.614 1129.95
Thumb: 121.393 110.374 1115.08
Index: 8.0812 35.1261 1126.04
Middle: -27.1038 19.9825 1112.82
Ring: -20.9147 27.4743 1111.7
Little: -44.5593 74.2748 1128.18
Thumb: 74.5838 97.183 1135.01
Index: 9.47485 35.8605 1125.81
Middle: -28.1246 21.6238 1112.9
Ring: -21.0662 28.8043 1111.7
Little: -45.2329 75.5852 1127.89
Thumb: 75.6164 96.8356 1136.18
Index: 7.40122 35.8379 1126.32
Middle: -30.2506 21.8985 1113.96
Ring: -22.3052 28.4855 1111.83
Little: -45.8265 75.695 1127.75
Thumb: 112.712 105.709 1121.92
Index: 7.66189 31.9096 1125.91
Middle: -30.5354 21.9647 1113.87
Ring: -22.3146 28.4977 1112.36
Little: -46.1892 75.7544 1127.66
Thumb: 118.474 113.321 1121.81
Index: 9.20454 31.3917 1125.43
Middle: -29.914 21.9849 1113.51
Ring: -21.9564 28.6362 1112.19
Little: -46.0895 75.7515 1127.78
Thumb: 124.437 115.572 1108.07
Index: 9.44672 31.4699 1126.48
Middle: -28.6873 21.509 1114.53
Ring: -21.4233 28.4358 1113.41
Little: -45.4986 75.581 1128.36
Thumb: 123.668 116.119 1113.69
Index: 8.5305 29.4464 1125.9
Middle: -28.2036 21.2624 1114.87
Ring: -21.2228 28.3113 1113.8
Little: -45.7623 75.2878 1128.22
Thumb: 124.896 115.646 1113.79
Index: 8.38791 28.4864 1126.42
Middle: -27.9864 19.7649 1115.01
Ring: -21.7844 27.1634 1114.04
Little: -46.054 73.385 1129.2
Thumb: 91.1477 111.751 1122.69
Index: 7.51897 25.6733 1125.13
Middle: -27.5795 19.5898 1115.61
Ring: -21.2085 27.0132 1114.99
Little: -46.03 73.4325 1129.39
Thumb: 86.5913 108.249 1121.53
Index: 8.1877 24.5441 1124.6
Middle: -26.8922 19.4487 1116.28
Ring: -20.5247 26.8518 1115.07
Little: -45.3596 73.3956 1129.2
Thumb: 93.6083 114.357 1122.49
Index: 9.01014 22.9908 1124.67
Middle: -26.2387 18.4501 1117.57
Ring: -19.5036 25.673 1116.21
Little: -44.6257 72.5282 1130.26
Thumb: 95.1072 108.156 1122.89
Index: 9.96573 23.5879 1124.18
Middle: -24.9304 18.5735 1116.87
Ring: -18.4748 25.8851 1115.59
Little: -44.0049 72.4434 1129.76
Thumb: 99.0883 106.894 1122.75
Index: 10.0546 23.5099 1124.29
Middle: -24.9446 18.5267 1116.86
Ring: -18.4412 25.845 1115.98
Little: -43.7474 72.3706 1129.61
Thumb: 100.746 108.569 1121.33
Index: 9.49009 26.7185 1125.49
Middle: -24.0683 19.8772 1116.54
Ring: -18.1783 27.1729 1115.26
Little: -42.546 74.2532 1130.52
Thumb: 95.2404 107.318 1122.22
Index: 9.6667 27.5961 1126.38
Middle: -22.7651 19.9236 1116.53
Ring: -17.4847 27.5739 1115.39
Little: -42.4817 74.5772 1130.58
Thumb: 95.4383 110.075 1121.94
Index: 10.0113 28.7396 1124.6
Middle: -21.8759 22.3738 1117.03
Ring: -16.0197 29.7769 1116.25
Little: -41.8876 73.3676 1131.15
Thumb: 87.518 110.778 1123.69
Index: 8.71677 32.9306 1127
Middle: -21.3051 23.0894 1117.7
Ring: -14.6311 29.9847 1116.38
Little: -40.261 72.3801 1130.66
Thumb: 83.4505 110.606 1122.72
Index: 11.0498 33.4259 1125.91
Middle: -19.716 24.8002 1119.3
Ring: -12.9841 31.5992 1116.16
Little: -39.4592 73.5342 1130.67
Thumb: 91.7851 116.749 1125.5
Index: 13.9712 32.9908 1125.01
Middle: -18.1242 25.5694 1116.69
Ring: -11.0275 32.5428 1115.19
Little: -37.1751 76.2867 1129.52
Thumb: 131.211 127.076 1128.79
Index: 14.7559 33.4953 1124.34
Middle: -14.0515 24.3393 1115.77
Ring: -8.34858 31.6246 1114.65
Little: -34.7172 76.1304 1128.96
Thumb: 139.843 136.07 1099.71
Index: 18.6058 50.9698 1129.76
Middle: -7.53418 23.4136 1114.1
Ring: -5.95225 31.7759 1113.49
Little: -31.7001 74.3073 1128.33
Thumb: 147.58 142.453 1104.96
Index: 21.383 50.5468 1127.45
Middle: -3.60263 25.0095 1111.01
Ring: -1.70117 33.3735 1110.56
Little: -27.7899 72.796 1124.87
Thumb: 152.289 145.633 1105.23
Index: 26.2498 51.2392 1121.68
Middle: 1.50435 29.6894 1106.1
Ring: 4.25518 37.249 1103.27
Little: -23.0943 67.1896 1110.54
