Thumb: 32.9554 91.7207 1121.92
Index: -64.5745 28.1944 1098.23
Middle: -101.42 40.8207 1097.63
Ring: -124.543 62.0639 1082.41
Little: -141.773 103.039 1080.87
Thumb: 40.0389 87.8925 1104.99
Index: -66.9829 27.1316 1093.99
Middle: -99.7471 36.7737 1088.95
Ring: -126.536 61.9969 1082.82
Little: -142.231 99.4017 1079.49
Thumb: 31.5722 85.0957 1108.67
Index: -72.0994 26.9149 1094.45
Middle: -103.222 36.7687 1089.94
Ring: -128.427 60.6789 1083.87
Little: -129.338 109.178 1090.49
Thumb: 27.3032 82.7667 1107.48
Index: -77.1944 25.0506 1093.13
Middle: -105.749 36.8923 1091.83
Ring: -130.693 59.6855 1083.16
Little: -135.536 105.021 1087.3
Thumb: 20.7193 81.4367 1109.69
Index: -79.5898 25.2481 1095.51
Middle: -108.684 35.9168 1092.72
Ring: -131.493 58.2117 1089.83
Little: -135.191 105.118 1093.47
Thumb: 13.1197 83.8356 1112.66
Index: -82.2324 27.4867 1098.55
Middle: -110.511 36.0858 1093.07
Ring: -130.981 58.3503 1095.41
Little: -137.392 103.069 1096.06
Thumb: 8.40062 81.9717 1111.09
Index: -86.9572 32.0356 1103.17
Middle: -111.454 37.434 1098.91
Ring: -130.021 56.7344 1099.73
Little: -138.858 99.6665 1097.85
Thumb: 2.62025 84.9298 1110.91
Index: -89.8254 34.7267 1101.5
Middle: -113.071 40.2592 1099.6
Ring: -128.354 57.5264 1102.4
Little: -143.81 92.6329 1094.27
Thumb: 0.348169 82.3876 1108.35
Index: -93.7031 35.7491 1101.44
Middle: -115.789 40.7429 1100.94
Ring: -130.277 57.627 1103.13
Little: -145.035 92.3294 1095.43
Thumb: -2.06902 81.4427 1109.25
Index: -95.7443 40.0107 1101.33
Middle: -117.736 42.3421 1099.49
Ring: -129.111 60.7703 1105.87
Little: -144.017 94.636 1097.73
Thumb: -7.15645 79.3485 1109.5
Index: -97.7209 40.6198 1101.48
Middle: -121.505 42.0682 1099.52
Ring: -128.705 62.1611 1109.82
Little: -143.543 95.0362 1100.22
Thumb: -9.48461 80.253 1110.49
Index: -97.6781 41.1248 1103.55
Middle: -120.344 42.0838 1102
Ring: -127.564 60.214 1110.42
Little: -141.697 95.773 1103.6
Thumb: -8.39022 81.6774 1109.81
Index: -97.0291 38.3699 1100.46
Middle: -118.375 41.3709 1100.64
Ring: -125.573 58.9955 1109.26
Little: -142.34 91.9093 1101.19
Thumb: -7.65686 83.9972 1108.03
Index: -90.0343 39.415 1101.42
Middle: -114.181 40.6788 1100.39
Ring: -119.74 58.3739 1109.68
Little: -134.228 90.5957 1104.8
Thumb: -4.39667 86.5375 1109.98
Index: -82.8296 38.5315 1100.92
Middle: -107.819 39.2362 1100.74
Ring: -112.938 57.1421 1110.92
Little: -129.38 87.042 1104.76
Thumb: -2.40392 87.3984 1105.76
Index: -74.1253 39.3223 1102.6
Middle: -99.5543 40.6725 1104.04
Ring: -105.349 57.7262 1112.13
Little: -118.039 86.5762 1106.56
Thumb: 4.37698 88.5369 1106.73
Index: -67.2768 36.9493 1101.37
Middle: -91.5928 37.8101 1105.36
Ring: -98.6493 55.2371 1111.99
Little: -110.921 82.008 1104.26
Thumb: 11.2943 89.5499 1106.27
Index: -58.1456 35.2293 1100.31
Middle: -83.2217 35.7348 1104.91
Ring: -91.8415 50.7579 1107.69
Little: -105.056 79.0675 1104.52
Thumb: 18.0999 91.4829 1105.9
Index: -46.7299 35.272 1102.35
Middle: -72.3008 32.2258 1104.27
Ring: -83.0076 48.6897 1109.78
Little: -96.9866 74.5255 1104.65
Thumb: 26.8612 92.7371 1107.63
Index: -37.968 34.6603 1103.19
Middle: -62.1942 31.535 1106.05
Ring: -78.5843 45.4748 1107.38
Little: -89.6793 73.4154 1106.67
Thumb: 34.1087 94.097 1108.23
Index: -28.6887 33.5659 1101.82
Middle: -53.1978 29.5072 1104.64
Ring: -69.4941 41.2408 1106.3
Little: -81.3936 69.3922 1105.28
Thumb: 43.7559 94.3023 1110.51
Index: -22.4362 32.1147 1103.57
Middle: -48.9885 26.603 1101.63
Ring: -62.9573 41.0071 1107.61
Little: -76.4434 68.1053 1105.1
Thumb: 50.1675 91.9776 1113.32
Index: -16.4061 29.1385 1105.12
Middle: -44.1806 24.3696 1103.47
Ring: -55.4662 38.3407 1110.26
Little: -69.3275 63.7408 1106.7
Thumb: 56.2407 92.2553 1116.04
Index: -11.9644 28.1896 1103.87
Middle: -37.6109 23.1414 1102.99
Ring: -48.9164 38.328 1109.54
Little: -63.9813 63.7005 1103.62
Thumb: 62.8842 92.6945 1118.34
Index: -4.33572 25.6832 1106.17
Middle: -31.488 20.0691 1107.26
Ring: -41.7595 31.5327 1110.06
Little: -56.3707 57.4275 1106.31
Thumb: 70.2741 92.5044 1121.36
Index: 3.35498 25.006 1107.54
Middle: -24.1001 18.6015 1106.43
Ring: -36.7011 32.7468 1109.31
Little: -50.6163 55.2773 1101.95
Thumb: 77.8746 92.8242 1120.21
Index: 12.0535 22.5555 1107.01
Middle: -15.6847 13.1316 1102.4
Ring: -31.6305 29.9142 1109.53
Little: -47.8924 51.3431 1102.18
Thumb: 87.6254 91.9197 1120.66
Index: 20.5207 20.0509 1106.48
Middle: -9.86735 9.55266 1098.86
Ring: -24.4456 29.379 1109.61
Little: -40.9651 51.0624 1102.19
Thumb: 95.0925 91.7004 1119.42
Index: 31.4201 15.738 1105.66
Middle: -1.85502 7.27585 1103.57
Ring: -17.0563 26.9055 1111.12
Little: -35.6565 52.3918 1105.31
Thumb: 102.835 92.2661 1118.07
Index: 39.7465 13.8179 1105.46
Middle: 5.27286 5.94168 1100.97
Ring: -8.40998 29.8586 1109.06
Little: -30.6752 51.5098 1109.15
Thumb: 112.509 92.8265 1117.88
Index: 48.0519 11.8051 1105.6
Middle: 12.629 2.73171 1101.26
Ring: -2.49173 26.1805 1108.07
Little: -23.6435 50.7855 1111.5
Thumb: 119.968 93.8063 1117.26
Index: 54.61 11.1796 1104.41
Middle: 18.4234 1.48228 1096.93
Ring: 2.27419 22.4066 1106.24
Little: -18.3285 47.2915 1106.94
Thumb: 129.378 96.4816 1117.12
Index: 60.0262 9.31136 1101.55
Middle: 24.9608 1.39201 1095.04
Ring: 3.88678 21.1736 1103.14
Little: -12.8849 45.2793 1104.76
Thumb: 135.409 96.2218 1115.05
Index: 65.3825 10.052 1100.47
Middle: 29.2009 1.3347 1091.09
Ring: 6.75739 20.6071 1099.36
Little: -11.3251 45.3383 1103.35
Thumb: 140.149 95.3858 1112.05
Index: 71.4801 8.66008 1098.71
Middle: 34.233 -0.0360718 1086.85
Ring: 12.4012 19.8882 1097.43
Little: -8.74204 46.8238 1101.95
Thumb: 144.297 96.5087 1114.5
Index: 77.2256 8.47901 1098.73
Middle: 39.6447 -0.160553 1082.58
Ring: 16.6481 18.2422 1095.09
Little: -4.75119 44.166 1099.76
Thumb: 148.694 98.8713 1115.65
Index: 82.315 10.1933 1100.92
Middle: 45.7213 -0.428545 1083.65
Ring: 20.7133 18.4273 1093.32
Little: -1.43289 43.8246 1099.14
Thumb: 154.719 100.583 1116.81
Index: 85.5017 7.61588 1099.64
Middle: 50.3185 -1.51691 1082.28
Ring: 22.5198 18.1938 1093.74
Little: -0.413141 42.4196 1098.19
Thumb: 159.007 103.401 1113.88
Index: 90.5704 8.11584 1098.19
Middle: 53.8978 -0.465456 1082.62
Ring: 24.0293 16.9626 1091.37
Little: 3.32656 44.8719 1103.28
Thumb: 163.832 104.475 1112.41
Index: 93.1577 8.36192 1099.53
Middle: 55.5439 -0.355488 1082.32
Ring: 25.0553 18.4022 1093.7
Little: 9.04281 52.3986 1107.76
Thumb: 167.229 103.512 1114.79
Index: 94.5441 7.72032 1100.97
Middle: 56.1457 -1.23056 1082.38
Ring: 22.8127 18.6639 1092
Little: 14.6422 66.8555 1106.73
Thumb: 166.896 102.227 1115.07
Index: 93.8682 4.45505 1097.13
Middle: 54.5408 -1.01411 1082.93
Ring: 20.8853 19.6407 1091.38
Little: 19.5956 77.0789 1098.39
Thumb: 166.221 102.092 1114.87
Index: 93.8908 4.5015 1097.61
Middle: 52.8638 -0.557652 1083.03
Ring: 20.5256 22.4815 1094.39
Little: 19.1051 77.3115 1098.54
Thumb: 166.076 103.779 1114.22
Index: 91.4917 5.60206 1094.03
Middle: 50.3806 2.53921 1082.65
Ring: 16.7176 23.7162 1090.34
Little: 17.5835 80.6631 1098.78
Thumb: 163.688 101.812 1113.4
Index: 89.9543 6.02977 1095.84
Middle: 45.5593 4.82219 1082.15
Ring: 12.1808 26.763 1088.66
Little: 15.2894 84.0296 1098.12
Thumb: 161.493 99.7655 1113.07
Index: 84.556 5.27795 1091.22
Middle: 40.3888 6.44112 1082.21
Ring: 7.681 28.6262 1086.67
Little: 12.8236 86.1911 1097.81
Thumb: 157.254 98.7817 1112.54
Index: 80.1189 5.65403 1090.93
Middle: 35.704 7.75672 1082.16
Ring: 3.37785 30.246 1086.43
Little: 9.64675 87.827 1098.13
Thumb: 152.033 95.0084 1110.98
Index: 73.0226 5.90912 1092.09
Middle: 29.8392 9.02625 1080.43
Ring: -2.12282 33.1313 1082.26
Little: 6.19886 90.1542 1095.13
Thumb: 147.784 94.107 1115.83
Index: 68.3299 5.4102 1091.18
Middle: 23.4243 11.0252 1081.81
Ring: -7.45477 35.6674 1081.1
Little: 1.0283 91.648 1095.17
Thumb: 143.438 93.5582 1114.59
Index: 62.675 5.36927 1093.76
Middle: 16.3369 11.9321 1081.45
Ring: -13.6491 36.6322 1084.02
Little: -2.88945 94.0759 1095.93
Thumb: 136.495 95.1366 1117.96
Index: 56.5915 5.99901 1095.45
Middle: 9.43275 13.3667 1082.46
Ring: -17.2326 38.8576 1088.5
Little: -8.76841 95.563 1093.46
Thumb: 126.16 97.3828 1119.89
Index: 49.2076 7.70495 1097.8
Middle: 3.99102 14.3857 1079.82
Ring: -23.0726 39.7621 1087.59
Little: -14.9337 97.1049 1092.47
Thumb: 117.479 98.0796 1122.56
Index: 41.0727 9.00499 1101.07
Middle: -2.02547 14.5372 1080.83
Ring: -27.4576 39.1593 1090.41
Little: -21.2259 97.2671 1093.34
Thumb: 108.766 97.6636 1122.84
Index: 33.0499 11.1456 1103.51
Middle: -7.73436 16.4217 1083.35
Ring: -34.4292 41.1516 1089.44
Little: -26.7523 100.75 1095.26
Thumb: 102.969 96.2373 1127.5
Index: 27.5303 10.7666 1105.72
Middle: -13.7048 17.4252 1085.47
Ring: -40.0262 43.739 1096.01
Little: -31.7955 103.214 1096.67
Thumb: 98.3271 96.4576 1128.92
Index: 21.241 13.5378 1114.63
Middle: -21.6649 20.2051 1089.76
Ring: -46.7263 42.6638 1092.77
Little: -36.8522 105.343 1100.67
Thumb: 91.9143 96.4845 1129.63
Index: 14.424 18.9652 1124.54
Middle: -26.5693 20.2319 1092.51
Ring: -50.9365 44.3267 1095.89
Little: -41.8488 106.301 1102.18
Thumb: 87.9135 96.3436 1128.46
Index: 8.00289 25.056 1131.98
Middle: -29.1983 18.001 1095.07
Ring: -58.4724 43.6599 1099.54
Little: -57.1693 97.0243 1112.84
Thumb: 82.2748 94.3615 1140.47
Index: -1.89737 27.7882 1137.63
Middle: -33.2233 17.3472 1096.61
Ring: -64.6067 44.1522 1097.31
Little: -74.8221 84.1043 1108.95
Thumb: 68.2746 96.3745 1160.12
Index: -18.4366 30.8635 1145.95
Middle: -35.1316 15.1508 1097.82
Ring: -68.4478 43.4249 1085.98
Little: -84.3681 85.8871 1102.46
Thumb: 32.4213 112.797 1194.43
Index: -39.4821 35.7984 1132.45
Middle: -37.1714 20.9051 1094.79
Ring: -56.04 46.2815 1064.52
Little: -65.8978 91.0298 1065.55
Thumb: -14.8784 121.233 1190.35
Index: -48.6233 38.2271 1139.85
Middle: -39.134 22.4321 1101.9
Ring: -47.1305 44.3068 1063.46
Little: -48.0474 89.1965 1057.07
Thumb: -28.9617 137.095 1202.02
Index: -53.5071 41.3157 1143.46
Middle: -43.2192 26.2668 1108.17
Ring: -47.3837 46.8583 1069.38
Little: -41.5949 64.7736 1052.24
Thumb: -41.8424 142.477 1204.81
Index: -57.5823 41.8344 1146.39
Middle: -49.3096 28.5032 1113.08
Ring: -51.6565 47.2276 1076.75
Little: -41.346 65.3289 1053.41
Thumb: -54.1842 149.721 1200.62
Index: -59.5019 44.4036 1143.27
Middle: -51.198 30.6423 1109.9
Ring: -56.3363 46.8996 1082.99
Little: -45.0773 62.9182 1061.24
Thumb: -66.7675 152.648 1190.53
Index: -68.6985 48.4303 1142.47
Middle: -53.9235 31.4981 1111.27
Ring: -56.4616 46.9637 1088.65
Little: -43.38 63.1289 1062.87
Thumb: -87.1249 149.401 1190.33
Index: -75.0803 49.5296 1135.71
Middle: -54.4528 35.3019 1107.68
Ring: -52.677 47.9852 1085.87
Little: -33.4269 68.259 1063.7
Thumb: -95.7208 155.432 1180.31
Index: -85.0859 54.4582 1130.81
Middle: -59.1317 33.9844 1107.85
Ring: -52.4309 43.7515 1086.52
Little: -32.9786 63.5146 1065.15
Thumb: -106.054 159.21 1169.33
Index: -92.5699 51.424 1121.13
Middle: -62.7167 32.6739 1108.79
Ring: -49.8849 41.6659 1088.81
Little: -29.6522 64.9634 1069.86
Thumb: -115.976 163.272 1151.17
Index: -102.024 52.1962 1103.69
Middle: -68.3518 25.7548 1103.63
Ring: -52.9473 32.7769 1085.25
Little: -33.09 57.2336 1067.54
Thumb: -119.248 166.75 1135.69
Index: -107.778 54.5176 1096.07
Middle: -72.2195 23.7924 1104.1
Ring: -59.695 32.6462 1079.11
Little: -36.3887 49.6532 1081.4
Thumb: -123.04 171.163 1128.36
Index: -109.442 54.7737 1093.38
Middle: -74.5641 25.6849 1104.68
Ring: -58.2629 50.349 1074.22
Little: -35.9032 50.3239 1085.55
Thumb: -128.172 174.245 1120.05
Index: -111.014 57.9982 1082.55
Middle: -77.1775 26.4362 1099.97
Ring: -57.1556 49.226 1074.12
Little: -36.3142 50.3808 1086.66
Thumb: -130.838 176.939 1116.82
Index: -112.543 60.3997 1072.87
Middle: -76.7255 27.2023 1100.73
Ring: -56.4032 50.2685 1073.28
Little: -37.0604 51.9031 1087.4
Thumb: -132.771 175.365 1110.1
Index: -113.419 62.8003 1065.41
Middle: -78.1755 27.107 1099.05
Ring: -56.7558 50.1222 1072.17
Little: -37.5396 51.8344 1086.84
Thumb: -132.609 175.415 1104.04
Index: -114.388 65.0115 1060.13
Middle: -81.6479 27.1895 1098.18
Ring: -53.2131 106.024 1029.45
Little: -40.1008 50.8774 1087.65
Thumb: -135.203 174.116 1096.29
Index: -113.173 68.6982 1049.04
Middle: -83.8531 25.7216 1095.5
Ring: -51.8122 104.289 1025.78
Little: -41.8773 49.377 1087.28
Thumb: -133.58 176.164 1088.84
Index: -110.832 75.6437 1046.27
Middle: -84.0495 27.7052 1094.35
Ring: -51.369 105.975 1021.19
Little: -19.2709 96.2569 1025.61
Thumb: -131.402 178.876 1084.55
Index: -111.353 78.5138 1044.02
Middle: -85.6067 29.634 1092.75
Ring: -51.2533 106.717 1019.55
Little: -18.7099 96.9047 1024.04
Thumb: -134.334 179.854 1080.56
Index: -109.207 81.2973 1038.15
Middle: -85.8303 29.1208 1089.77
Ring: -52.4109 102.699 1018.45
Little: -18.5488 95.053 1024.04
Thumb: -134.978 180.608 1074.15
Index: -108.504 81.1326 1034.01
Middle: -87.3586 30.3152 1086.7
Ring: -47.8225 105.728 1017.17
Little: -17.9178 94.5255 1023.5
Thumb: -131.908 182.574 1068.21
Index: -99.2893 93.9749 1021.03
Middle: -87.6471 30.5228 1082.2
Ring: -44.3388 104.967 1010.07
Little: -15.3339 91.737 1021.6
Thumb: -132.181 183.906 1065.17
Index: -103.401 85.9864 1020.28
Middle: -87.8788 30.2946 1080.04
Ring: -44.974 104.779 1004.31
Little: -15.188 92.0712 1019.89
Thumb: -133.132 184.509 1060.56
Index: -98.3223 91.3988 1013.22
Middle: -87.1272 29.8998 1077.35
Ring: -42.0474 103.865 1001.53
Little: -13.1511 91.0462 1018.78
Thumb: -132.553 185.278 1059.61
Index: -101.108 87.5531 1013.84
Middle: -86.9547 29.8786 1076.63
Ring: -43.0672 102.796 996.809
Little: -12.0269 91.9914 1017.32
Thumb: -130.984 185.196 1056.88
Index: -103.476 83.4941 1014.59
Middle: -87.2022 30.2309 1075.11
Ring: -44.4114 102.396 994.783
Little: -12.6053 92.0133 1014.75
Thumb: -132.741 184.494 1055.38
Index: -100.196 85.7781 1009.2
Middle: -87.9318 29.8645 1073.45
Ring: -43.4009 100.708 992.831
Little: -11.2159 92.6414 1012.72
Thumb: -132.123 184.243 1054.13
Index: -97.3296 91.4202 1005.97
Middle: -87.647 31.015 1072.39
Ring: -42.2017 101.501 992.045
Little: -10.4371 92.97 1012.2
Thumb: -131.916 185.427 1055.8
Index: -98.6876 86.6039 1007.46
Middle: -85.3844 31.376 1071.6
Ring: -42.9483 101.536 990.814
Little: -10.253 93.98 1010.34
Thumb: -132.61 184.824 1055.35
Index: -96.8958 86.448 1006.93
Middle: -83.5327 32.0649 1071.21
Ring: -43.2661 103.013 989.923
Little: -8.44013 96.4253 1008.75
Thumb: -133.758 182.242 1056.18
Index: -94.4804 86.1194 1007.21
Middle: -80.5211 32.0899 1071.74
Ring: -41.2251 104.123 990.318
Little: -6.57907 98.827 1009.12
Thumb: -134.97 180.439 1058.95
Index: -92.8516 85.1007 1008.9
Middle: -77.1142 30.2736 1073.55
Ring: -40.3929 103.232 991.476
Little: -5.98215 99.0899 1009.67
Thumb: -135.158 179.392 1060.28
Index: -89.4969 87.2312 1008.88
Middle: -73.6602 30.3179 1074.65
Ring: -40.1033 102.026 993.228
Little: -3.4359 101.192 1011.03
Thumb: -136.601 176.258 1064.23
Index: -88.995 79.926 1012.77
Middle: -68.8681 28.3634 1076.13
Ring: -39.0148 101.771 994.493
Little: -2.34285 101.846 1011.97
Thumb: -135.593 174.471 1068.28
Index: -87.2093 72.4749 1018.41
Middle: -64.3772 27.9928 1077.08
Ring: -37.1247 103.692 994.518
Little: -0.819206 103.225 1011.21
Thumb: -134.83 171.78 1070.94
Index: -84.5318 71.0377 1019.43
Middle: -59.1094 26.1909 1077.84
Ring: -35.9299 102.579 995.327
Little: 0.0524855 101.924 1011.69
Thumb: -136.07 169.104 1073.66
Index: -80.2024 68.0388 1019.59
Middle: -54.3882 22.5878 1079.1
Ring: -32.5642 99.0028 997.067
Little: 3.46751 100.52 1013.67
Thumb: -129.202 165.986 1078.46
Index: -75.1804 67.7607 1022.09
Middle: -50.6029 21.2091 1082.5
Ring: -27.2641 99.3953 999.276
Little: 7.55444 98.21 1015.72
Thumb: -122.942 164.305 1081.78
Index: -67.3239 70.4104 1022.7
Middle: -45.3627 20.2267 1086.4
Ring: -19.2639 97.3177 1004.08
Little: 16.0208 96.8433 1021.58
Thumb: -117.449 161.819 1083.73
Index: -61.4866 71.9127 1021.47
Middle: -38.8528 16.3406 1088.32
Ring: -11.6285 93.4958 1006.22
Little: 23.8753 94.0269 1024.1
Thumb: -111.561 157.469 1085.09
Index: -57.0458 66.4168 1024.62
Middle: -31.174 14.0234 1089.56
Ring: -6.11021 91.8319 1007.33
Little: 28.116 89.8448 1025.34
Thumb: -106.153 152.541 1085.17
Index: -53.4156 61.4615 1027.35
Middle: -23.4235 12.2112 1089.95
Ring: 0.291673 91.7906 1007.55
Little: 34.2102 91.1665 1025.39
Thumb: -100.652 149.042 1086.49
Index: -46.6629 58.549 1028.52
Middle: -15.1448 9.83369 1090.85
Ring: 5.27353 90.1759 1008.6
Little: 40.2074 89.093 1026.21
Thumb: -96.0509 144.339 1081.84
Index: -38.4012 58.7915 1024
Middle: -5.61241 8.41222 1088.41
Ring: 12.7808 89.8164 1006.97
Little: 47.3889 90.1686 1025.48
Thumb: -86.1245 143.54 1066.63
Index: -28.352 70.9345 1017.8
Middle: 0.560541 13.2873 1073.7
Ring: 22.0383 86.7868 1007.14
Little: 56.8053 90.1882 1026.46
Thumb: -86.9549 139.822 1071.81
Index: -21.3293 62.4954 1018.31
Middle: 9.55319 11.9206 1072.14
Ring: 28.406 87.5036 1007.08
Little: 64.209 94.4477 1026.85
Thumb: -84.1713 142.747 1084.91
Index: -17.158 62.2355 1020.89
Middle: 14.8235 12.0985 1073.1
Ring: 32.2772 87.5915 1007.22
Little: 66.2959 88.2966 1025.91
Thumb: -81.6201 142.831 1088.37
Index: -12.5458 52.2773 1026.48
Middle: 21.7165 11.7441 1076.01
Ring: 36.014 89.5544 1007.39
Little: 70.4324 92.1039 1025.62
Thumb: -76.0976 143.118 1092.64
Index: -5.6215 64.6408 1019.86
Middle: 28.2138 9.68666 1075.46
Ring: 44.3711 87.6021 1007.14
Little: 78.7441 92.1505 1025.89
Thumb: -69.733 141.887 1093.47
Index: 3.34812 70.7429 1018.92
Middle: 35.1042 11.0456 1076.1
Ring: 53.1382 88.9963 1008.99
Little: 87.0506 93.5336 1028.96
Thumb: -63.7229 142.92 1091.35
Index: 10.4841 67.5274 1019.54
Middle: 41.3515 10.822 1076.47
Ring: 61.329 89.0868 1008.91
Little: 93.9076 92.1548 1029.35
Thumb: -59.656 145.791 1086.93
Index: 13.207 75.3564 1015.8
Middle: 47.0541 12.0602 1073.69
Ring: 63.9132 87.8526 1007.9
Little: 98.2566 93.7092 1026.73
Thumb: -55.1035 149.204 1095.53
Index: 20.475 77.6965 1013.96
Middle: 48.5603 10.064 1074.5
Ring: 69.2365 85.5286 1007.71
Little: 103.249 92.3369 1026.99
Thumb: -52.7368 149.653 1099.42
Index: 18.8022 74.0917 1015.87
Middle: 47.5586 9.48921 1074.57
Ring: 68.6051 81.6852 1008.64
Little: 101.056 82.5183 1028.32
Thumb: -49.1506 150.619 1108.84
Index: 16.8346 70.3062 1022.48
Middle: 44.0715 12.8549 1076.02
Ring: 63.261 85.8028 1010.18
Little: 97.2086 84.9235 1027.11
Thumb: -41.5996 152.646 1124.23
Index: 16.7217 67.9678 1030.78
Middle: 37.4328 14.7541 1081.81
Ring: 61.4675 32.3671 1072.57
Little: 90.502 85.3614 1025.72
Thumb: -36.004 158.01 1132.29
Index: 12.5124 58.4363 1044.19
Middle: 31.2158 18.4229 1086.64
Ring: 53.4118 34.0932 1075.86
Little: 81.7703 88.7828 1024.56
Thumb: -29.5182 162.039 1143.67
Index: 11.0322 60.9348 1052.9
Middle: 28.7465 25.8236 1092.32
Ring: 46.8243 31.1552 1084.89
Little: 73.0372 66.0561 1049.77
Thumb: -24.4085 165.798 1155.17
Index: 42.263 38.446 1096.51
Middle: 24.7666 30.8893 1105.06
Ring: 37.9364 50.4458 1080.45
Little: 70.7691 79.1799 1049.06
Thumb: -18.6695 168.901 1161.07
Index: 37.2595 45.3698 1096.32
Middle: 24.1521 33.8321 1105.94
Ring: 34.1115 53.4209 1083.15
Little: 81.0294 100.869 1047.03
Thumb: -11.567 169.811 1169.37
Index: 36.6867 47.3589 1099.06
Middle: 33.9069 25.6003 1126.41
Ring: 32.3382 59.8448 1083.58
Little: 78.5507 102.958 1047.61
Thumb: -8.76742 166.278 1174.17
Index: 33.1034 55.0593 1099.41
Middle: 36.4489 26.7015 1128.37
Ring: 31.9193 61.8015 1084.89
Little: 79.869 105.443 1050.35
Thumb: 0.803007 167.786 1179.36
Index: 35.993 54.8854 1103.71
Middle: 35.6607 29.943 1126.75
Ring: 31.9179 63.3541 1087.35
Little: 77.4316 107.062 1048.03
Thumb: 13.3442 169.913 1181.96
Index: 36.4736 56.488 1104.65
Middle: 37.9782 33.3764 1129.72
Ring: 34.6191 44.1211 1104.24
Little: 71.5235 105.686 1044.36
Thumb: 22.5843 172.279 1186.73
Index: 34.5025 57.3371 1108.43
Middle: 38.4887 34.1614 1130.14
Ring: 34.566 44.8677 1104.92
Little: 70.614 107.764 1042.19
Thumb: 35.8455 174.462 1187.14
Index: 34.9431 62.0196 1108.42
Middle: 38.5969 38.2802 1130.7
Ring: 34.3288 48.3068 1107.86
Little: 66.5101 109.442 1039.79
Thumb: 44.8967 174.208 1183.66
Index: 33.6099 63.4113 1110.41
Middle: 39.154 39.4364 1130.9
Ring: 30.0543 51.8085 1106.25
Little: 64.3522 108.255 1036.85
Thumb: 45.8577 171.405 1183.87
Index: 33.6029 63.5106 1110.71
Middle: 38.0764 39.7608 1130.31
Ring: 29.9157 52.0209 1106.3
Little: 64.4081 108.301 1037.11
Thumb: 50.7895 172.828 1186.52
Index: 33.4842 62.9398 1115.73
Middle: 39.231 39.9414 1131.94
Ring: 27.4801 54.6923 1107.16
Little: 63.2863 108.345 1038.45
Thumb: 49.3999 170.212 1185.11
Index: 33.2585 61.5071 1116.18
Middle: 40.7437 38.8022 1131.55
Ring: 25.8615 55.5172 1106.53
Little: 63.2335 108.271 1038.52
Thumb: 50.4983 169.619 1185.53
Index: 29.9882 64.3794 1119.08
Middle: 40.975 38.6933 1131.73
Ring: 25.8761 55.5044 1106.72
Little: 63.8349 109.176 1038.01
Thumb: 50.4128 169.491 1185.89
Index: 28.0543 64.4228 1119.06
Middle: 40.404 39.145 1132.96
Ring: 24.6401 56.5681 1106.88
Little: 63.4703 109.607 1038.36
Thumb: 47.2618 166.109 1189.02
Index: 26.7402 63.486 1111.2
Middle: 34.9713 35.4159 1133.96
Ring: 20.1529 56.2981 1108.58
Little: 63.3388 106.866 1041.43
Thumb: 42.9982 163.178 1189.56
Index: 24.5555 61.4025 1112.47
Middle: 32.3325 34.6916 1134.47
Ring: 19.0044 55.1329 1110.28
Little: 63.3657 106.359 1043.73
Thumb: 38.3065 160.936 1190.1
Index: 25.3297 58.9069 1114.79
Middle: 29.9665 34.7537 1137.91
Ring: 14.6151 57.2053 1109.03
Little: 62.0422 105.311 1045.88
Thumb: 33.6581 159.498 1188.17
Index: 21.0415 65.8586 1114.2
Middle: 24.8087 35.933 1137.29
Ring: 15.7969 58.2197 1107.22
Little: 64.0195 104.73 1044.8
Thumb: 31.2484 156.238 1186.32
Index: 19.674 66.4799 1115.33
Middle: 22.6113 36.4861 1137.67
Ring: 13.9639 59.427 1107.96
Little: 62.3977 103.137 1046.66
Thumb: 22.4538 151.617 1182.22
Index: 21.8199 63.2891 1117.35
Middle: 19.1419 37.0068 1139.01
Ring: 11.1912 61.2705 1106.32
Little: 62.3068 101.181 1048.31
Thumb: 15.5723 148.747 1180.29
Index: 19.9914 62.2128 1118.94
Middle: 16.8429 36.8423 1140.73
Ring: 8.82842 60.8997 1107.06
Little: 60.3257 100.797 1049.77
Thumb: 10.0347 145.673 1179.17
Index: 17.6185 61.9625 1119.76
Middle: 14.0122 36.3866 1142.41
Ring: 5.57439 61.6227 1106.48
Little: 60.068 101.423 1051.68
Thumb: 1.7582 141.261 1172.2
Index: 13.1481 60.6332 1120.19
Middle: 11.5956 34.0084 1144.51
Ring: 4.59331 62.4493 1105.43
Little: 57.2437 97.8174 1052.76
Thumb: -2.69637 138.32 1168.15
Index: 15.4943 57.255 1120.51
Middle: 10.2813 33.8806 1145.53
Ring: 4.34858 56.8467 1107.79
Little: 56.249 97.2686 1052.24
Thumb: -7.48005 135.599 1164.11
Index: 15.0805 54.5446 1118.38
Middle: 6.34945 35.9559 1137.7
Ring: 6.56378 46.3929 1112.55
Little: 55.2403 96.3164 1050.67
Thumb: -11.6391 130.619 1160.33
Index: 13.7573 45.9555 1114.92
Middle: 1.74056 40.7018 1136.17
Ring: 7.71154 38.9256 1113.58
Little: 53.0284 94.4941 1048.36
Thumb: -15.6754 125.316 1154.53
Index: 11.1116 46.9938 1113.84
Middle: -0.0629063 43.1699 1132.25
Ring: 7.6652 35.2589 1114.5
Little: 48.1724 92.4032 1047.73
Thumb: -16.4859 120.696 1150.57
Index: 8.95198 44.6757 1110.66
Middle: -1.58698 43.7781 1127.96
Ring: 6.97116 32.5334 1112.92
Little: 45.2991 91.7317 1044.1
Thumb: -21.3748 114.387 1149.69
Index: 4.61131 45.3587 1109.27
Middle: -6.82077 45.5038 1120.74
Ring: 1.37606 30.6096 1108.37
Little: 31.1213 90.5659 1038.31
Thumb: -23.6919 112.099 1149.21
Index: 3.76274 43.7574 1106.66
Middle: -8.05701 43.3456 1118.35
Ring: 3.61063 26.7532 1108.63
Little: 30.0378 90.0735 1036.89
Thumb: -27.1015 108.776 1143.07
Index: -1.3832 47.1068 1105.11
Middle: -11.9224 47.0569 1113.73
Ring: -3.49486 30.2246 1103
Little: 28.7379 90.1318 1035.55
Thumb: -27.5015 110.962 1142.42
Index: -3.11551 34.3645 1107.07
Middle: -17.8892 55.2459 1112.79
Ring: -9.31009 32.4025 1107.15
Little: 17.6042 92.2588 1031.28
Thumb: -27.9235 111.326 1140.17
Index: -5.47634 37.7117 1107.17
Middle: -21.6202 61.8519 1108.68
Ring: -14.0782 41.0674 1101.25
Little: 18.0015 92.3924 1032.6
Thumb: -30.0596 111.499 1141.29
Index: -14.1333 41.8668 1109.28
Middle: -22.4148 70.9281 1106.12
Ring: -18.3385 49.6366 1098.28
Little: 11.977 92.8552 1031.16
Thumb: -31.554 111.115 1140.07
Index: -28.5318 82.8347 1124.15
Middle: -23.7537 62.8371 1101.21
Ring: -15.2154 55.5099 1095.07
Little: 7.36376 91.3453 1030.61
Thumb: -31.6836 110.577 1135.88
Index: -32.5222 87.5389 1126.09
Middle: -30.2302 64.2193 1104.92
Ring: -22.6228 61.735 1094.11
Little: 15.0561 95.9401 1033.53
Thumb: -33.0899 109.814 1129.88
Index: -34.9222 90.9605 1124.67
Middle: -32.4266 69.0648 1104.94
Ring: -23.5455 65.4724 1092.07
Little: 8.5915 97.3938 1031.25
Thumb: -34.9644 110.138 1129.63
Index: -34.8521 91.3953 1123.51
Middle: -33.4638 72.0788 1104.09
Ring: -25.3516 65.6263 1091.65
Little: 11.9928 99.4912 1030.2
Thumb: -37.7482 112.004 1133.1
Index: -36.5366 88.253 1117.51
Middle: -35.7428 70.8781 1100.75
Ring: -11.9056 125.715 1031.15
Little: 8.53565 102.944 1018.58
Thumb: -37.5997 111.699 1130.67
Index: -38.175 89.9364 1119.06
Middle: -35.368 71.811 1100.67
Ring: -13.2715 126.943 1030.77
Little: 8.38201 103.554 1019.13
Thumb: -39.7115 113.851 1128.95
Index: -37.4148 91.8747 1116.78
Middle: -37.3911 72.7078 1098.59
Ring: -14.6241 127.293 1028.05
Little: 1.14734 106.359 1011.82
Thumb: -41.7887 111.391 1126.85
Index: -40.5297 89.6995 1116.71
Middle: -41.2829 71.0873 1097.34
Ring: -17.1252 124.993 1028.82
Little: -1.88226 105.038 1011.55
Thumb: -42.3688 111.914 1126.76
Index: -41.3232 90.2122 1116.85
Middle: -41.9411 72.2669 1097.03
Ring: -16.9291 125.971 1029.7
Little: -1.33049 107.159 1011.51
Thumb: -44.8863 112.241 1126.75
Index: -43.8703 89.7707 1117.02
Middle: -43.6075 71.4784 1095.97
Ring: -21.1662 125 1028.92
Little: -0.512243 108.647 1010.48
Thumb: -47.1147 114.702 1130.7
Index: -44.9632 87.1907 1117.84
Middle: -46.2427 68.1052 1095.76
Ring: -23.1011 123.38 1030.5
Little: -2.48041 109.651 1009.7
Thumb: -48.2476 119.074 1132.62
Index: -45.4094 84.3393 1116
Middle: -45.5226 65.0359 1093.88
Ring: -31.385 121.878 1025.76
Little: -0.913191 108.837 1008.05
Thumb: -51.0292 121.556 1140.74
Index: -49.7847 83.6018 1111.89
Middle: -35.3157 73.1213 1091.83
Ring: -28.197 66.6069 1072.76
Little: -4.05063 108.882 1010.59
Thumb: -52.6241 124.528 1143.97
Index: -44.3648 85.1723 1110.83
Middle: -30.5529 76.653 1090.11
Ring: -12.6579 78.4935 1070.23
Little: -3.9481 108.793 1011.13
Thumb: -52.7885 129.053 1143.87
Index: -36.6457 85.466 1112.18
Middle: -28.3475 76.2573 1087.39
Ring: -10.3496 77.5515 1069.41
Little: -4.26526 106.94 1009.27
Thumb: -55.81 132.834 1145.57
Index: -43.1494 60.4817 1085.48
Middle: -45.4244 64.5081 1082.37
Ring: -9.32861 75.8244 1068.66
Little: -6.3147 103.094 1009.01
Thumb: -57.6063 135.96 1148.45
Index: -41.2618 55.8915 1083.49
Middle: -40.8542 64.1152 1079.72
Ring: -8.23137 75.5392 1067.02
Little: -5.29866 104.133 1008.03
Thumb: -59.7832 138.38 1149.92
Index: -39.4463 51.7343 1082.95
Middle: -40.6401 57.0204 1077.39
Ring: -8.06114 75.5213 1067.37
Little: -6.22684 104.331 1008.65
Thumb: -59.5606 141.511 1149.38
Index: -38.4558 46.2239 1082.12
Middle: -43.9593 48.2581 1074.79
Ring: -28.01 47.738 1076.19
Little: -6.70075 104.095 1007.09
Thumb: -60.3108 144.654 1152.07
Index: -35.8428 43.8856 1080.99
Middle: -41.1769 46.8833 1072.68
Ring: -25.9253 45.9515 1076.01
Little: -8.68403 101.25 1008.02
Thumb: -59.6529 147.484 1152.13
Index: -33.9853 41.7401 1079.94
Middle: -39.2577 44.4035 1070.44
Ring: -26.358 41.7375 1075.98
Little: -7.59741 99.7791 1007.67
Thumb: -58.0447 149.867 1148.72
Index: -31.0296 42.8176 1076.4
Middle: -32.5623 44.7936 1065.39
Ring: -17.9335 52.299 1064.73
Little: -14.7086 61.2325 1026.55
Thumb: -61.1954 151.315 1143.53
Index: -26.223 37.7749 1078.01
Middle: -23.9794 50.0076 1068.57
Ring: -14.7207 48.3069 1063.13
Little: -11.6703 70.8129 1020.61
Thumb: -65.9947 153.785 1135.58
Index: -17.1946 31.4338 1087.07
Middle: -13.3148 50.7792 1057.38
Ring: -13.3638 47.5471 1063.8
Little: -5.81159 73.9239 1021.91
Thumb: -78.2008 157.062 1130.29
Index: -36.7638 44.8295 1070.61
Middle: -7.62401 34.4624 1057.45
Ring: -3.3154 38.383 1064.03
Little: 13.7205 80.077 1030.71
Thumb: -82.1584 158.945 1116.71
Index: -37.738 48.7443 1064.96
Middle: -4.23661 33.408 1059.67
Ring: 1.47977 36.9126 1064.61
Little: 17.755 78.6753 1031.84
Thumb: -87.3846 162.988 1107.69
Index: -39.5275 51.9988 1060.35
Middle: -7.65617 36.161 1066.01
Ring: 5.23644 35.9852 1066.74
Little: 12.717 67.3144 1036.34
Thumb: -87.3427 163.529 1099.28
Index: -43.1904 56.6782 1064.32
Middle: -9.84121 35.1792 1077.48
Ring: 9.15337 38.9793 1070.58
Little: 13.2107 70.6864 1039.82
Thumb: -86.8679 162.879 1097.3
Index: -45.2971 59.5667 1064.02
Middle: -8.18393 35.9181 1079.33
Ring: 12.524 39.473 1073.48
Little: 20.6792 70.9531 1041.88
Thumb: -84.2925 161.54 1092.9
Index: -45.0059 63.884 1062.95
Middle: -9.90876 39.145 1081.33
Ring: 10.9585 39.6606 1076.31
Little: 18.678 67.6821 1044.92
Thumb: -83.2004 158.048 1088.75
Index: -44.2811 65.3317 1057.14
Middle: -8.40405 29.8117 1083.37
Ring: 12.4032 37.4422 1078.47
Little: 22.352 69.2251 1046.13
Thumb: -79.0703 154.689 1083.76
Index: -43.8344 62.7842 1055.91
Middle: -9.74572 29.4781 1085.99
Ring: 12.4117 35.9588 1081.64
Little: 26.684 70.8356 1048.73
Thumb: -75.8515 150.096 1081.54
Index: -42.2501 62.5173 1054.93
Middle: -13.6736 27.9906 1087.55
Ring: 4.4865 91.6489 1035.85
Little: 14.7577 42.8009 1091.47
Thumb: -74.7601 143.356 1079.25
Index: -42.3218 60.5344 1052.67
Middle: -15.9743 27.5684 1085.69
Ring: 4.83496 89.6024 1039.17
Little: 12.0631 37.718 1094.65
Thumb: -70.4428 132.869 1067.51
Index: -39.3986 64.4258 1041.24
Middle: -13.3588 35.753 1075.26
Ring: 5.14226 83.9868 1022.21
Little: 17.862 42.5561 1080.68
Thumb: -65.2055 127.638 1052.31
Index: -39.1344 63.8862 1037.23
Middle: -14.5296 32.4192 1071.77
Ring: 4.33391 81.1742 1019.59
Little: 13.5501 35.3376 1080.3
Thumb: -28.6565 112.491 1057.47
Index: -39.9993 60.1359 1032.4
Middle: -15.9684 31.0942 1060.25
Ring: 3.22902 75.7022 1016.6
Little: 15.2056 34.2172 1072.64
Thumb: -33.5956 103.19 1042.37
Index: -42.029 66.6151 1029.88
Middle: -13.0664 46.1813 1064.14
Ring: 4.63454 74.9521 1013.39
Little: 17.31 36.3803 1062.52
Thumb: -37.3621 100.693 1034.1
Index: -41.6629 67.7758 1028.83
Middle: -11.9115 49.3328 1059.33
Ring: 6.4834 74.0179 1011.39
Little: 14.7427 32.7364 1057.78
Thumb: -35.3747 99.0341 1030.47
Index: -44.2355 54.3266 1030.4
Middle: -12.7353 50.5869 1058.88
Ring: 5.81843 71.4933 1010.39
Little: 15.0847 33.5332 1051.55
Thumb: -39.2769 99.2791 1025.58
Index: -48.2298 39.6152 1036.31
Middle: -14.9652 52.7708 1057.15
Ring: 3.26752 75.0014 1008.41
Little: 13.6574 35.0258 1047.1
Thumb: -39.2585 99.445 1024.41
Index: -49.5208 39.0959 1040.76
Middle: -16.1649 54.4637 1056.9
Ring: 0.0876679 75.3451 1007.68
Little: 12.7387 36.8073 1045.02
Thumb: -39.262 97.3505 1028.55
Index: -52.234 50.4325 1040.85
Middle: -18.1719 55.9688 1057.33
Ring: -3.58881 75.6986 1008.19
Little: 10.8632 39.51 1042.47
Thumb: -39.5428 97.5657 1027.42
Index: -54.4216 50.3869 1038.14
Middle: -19.4866 57.2315 1055.92
Ring: -4.66938 75.4745 1008.28
Little: 9.95331 40.3906 1041.18
Thumb: -43.0575 97.7133 1021.94
Index: -54.7297 54.1349 1030.98
Middle: -20.3604 55.2686 1052.59
Ring: -5.65253 76.8019 1004.1
Little: 9.05756 39.9654 1036.82
Thumb: -43.4254 96.3183 1020.95
Index: -57.6215 56.222 1027.31
Middle: -21.3075 54.9193 1054.04
Ring: -10.5526 76.4416 1002.13
Little: 6.4126 39.2358 1034.9
Thumb: -43.5303 95.7082 1017.86
Index: -57.8309 62.1875 1021.92
Middle: -22.1546 55.1138 1051.25
Ring: -9.96566 77.0713 999.394
Little: 4.79747 38.0072 1034.39
Thumb: -45.4129 95.6317 1017
Index: -59.3888 68.7889 1019.95
Middle: -23.2797 57.4517 1051.91
Ring: -12.5899 75.7593 998.532
Little: 2.4302 36.419 1035.49
Thumb: -45.4772 94.5649 1015.61
Index: -59.9307 69.9747 1018.5
Middle: -24.6294 57.1864 1049.85
Ring: -13.8262 74.491 996.327
Little: -0.298374 33.7691 1036.67
Thumb: -46.5989 94.6376 1015.1
Index: -59.4933 69.8714 1017.76
Middle: -26.9901 58.1436 1048.61
Ring: -16.8948 74.947 995.698
Little: -0.896927 33.6499 1036.82
Thumb: -45.4348 95.2073 1014.29
Index: -60.3529 67.9497 1017.91
Middle: -26.7362 56.9188 1047.17
Ring: -18.312 76.0047 994.567
Little: -2.55362 31.7949 1039.84
Thumb: -46.4978 96.1065 1010.95
Index: -58.5463 68.4286 1015.96
Middle: -26.5239 57.401 1044.94
Ring: -17.5942 75.7487 992.188
Little: -3.6233 32.1708 1038.02
Thumb: -46.4113 94.1821 1012.65
Index: -58.1539 66.8922 1016.51
Middle: -26.4828 57.3693 1044.79
Ring: -18.4306 75.8961 992.383
Little: -3.62407 32.0481 1038.2
Thumb: -46.2534 94.2982 1011.05
Index: -57.1565 66.4114 1015.27
Middle: -25.2774 57.1639 1043.07
Ring: -14.5752 75.2962 990.429
Little: -3.146 31.4613 1039.25
Thumb: -48.1 95.2406 1013.3
Index: -57.7984 70.1643 1017.35
Middle: -26.6693 57.5986 1042.68
Ring: -14.6353 77.5731 990.731
Little: -4.49363 33.2249 1038.43
Thumb: -47.9236 95.5811 1015.76
Index: -59.7989 73.2368 1019.33
Middle: -27.7861 57.8961 1044.25
Ring: -17.0627 78.7876 992.411
Little: -7.1654 33.5332 1040.27
Thumb: -50.433 95.1927 1020.34
Index: -62.5811 75.5948 1025.6
Middle: -30.84 56.8057 1048.74
Ring: -20.9831 78.6101 994.696
Little: -11.6434 32.0247 1045.13
Thumb: -49.2803 97.7183 1029.06
Index: -64.2402 68.2695 1034.75
Middle: -31.9235 55.4579 1053.68
Ring: -22.7745 84.5747 1000.71
Little: -13.9317 33.8018 1050.7
Thumb: -59.1004 101.143 1043.52
Index: -63.5353 61.5988 1050.24
Middle: -33.3376 53.2172 1061.7
Ring: -23.9747 84.5564 1009.69
Little: -17.7107 32.5926 1062.63
Thumb: -67.6642 108.192 1055.45
Index: -66.2519 57.1968 1069.75
Middle: -38.8339 36.2691 1066.76
Ring: -32.1405 87.2473 1019.62
Little: -22.4786 32.8011 1075.04
Thumb: -70.371 115.041 1069.42
Index: -69.4906 52.108 1090.07
Middle: -46.5901 34.8228 1077.01
Ring: -40.64 86.2554 1029.25
Little: -28.7428 33.9252 1090.75
Thumb: -73.7958 119.755 1086.57
Index: -69.7313 56.5542 1099.38
Middle: -44.3121 38.5977 1090.89
Ring: -44.4723 85.9235 1038.52
Little: 6.02885 84.248 1046.83
Thumb: -73.9904 126.197 1098.32
Index: -57.4806 40.4084 1127.72
Middle: -42.275 38.51 1099.48
Ring: -44.9587 93.6474 1045.5
Little: 8.91564 98.1315 1071.52
Thumb: -76.674 130.506 1106.92
Index: -49.8913 38.1989 1137.27
Middle: -37.8899 39.0547 1103.62
Ring: -41.1767 94.437 1051.6
Little: 13.3518 98.8572 1079.33
Thumb: -73.4563 138.526 1115.55
Index: -44.8661 43.1258 1140.19
Middle: -36.0655 53.6042 1101.67
Ring: -27.4167 111.121 1068.32
Little: 16.4496 103.356 1080.32
Thumb: -71.9355 144.226 1122.41
Index: -36.2696 44.1752 1141.56
Middle: -27.2306 64.3725 1101.88
Ring: -22.972 92.6919 1068.3
Little: 23.6695 107.669 1083.31
Thumb: -68.0975 148.935 1125.94
Index: -49.114 78.1934 1116.17
Middle: -23.9089 70.2941 1103.43
Ring: -9.76671 109.629 1084.74
Little: 21.4282 108.18 1077
Thumb: -63.795 151.839 1130.85
Index: -42.7233 80.7976 1115.91
Middle: -13.9975 86.577 1106.88
Ring: -5.17597 112.657 1083.28
Little: 28.1581 111.574 1078.46
Thumb: -61.4574 153.154 1134.6
Index: -39.1708 81.821 1115.14
Middle: -9.26038 89.5303 1107.67
Ring: -3.29713 108.517 1081.26
Little: 29.71 112.9 1075.68
Thumb: -57.4992 153.495 1134.21
Index: -33.6276 81.2596 1111.57
Middle: -3.65567 88.9602 1104.72
Ring: 0.364385 110.652 1075.29
Little: 35.9087 114.56 1073.83
Thumb: -52.7623 153.971 1136.11
Index: -30.2163 84.5617 1109.72
Middle: 3.21603 95.022 1107.42
Ring: 3.96914 112.866 1073.35
Little: 40.2326 113.862 1072.88
Thumb: -48.5333 153.995 1136.05
Index: -25.7977 77.0708 1109.74
Middle: 7.00965 95.0089 1106.13
Ring: 10.7762 112.577 1076.42
Little: 43.1653 112.397 1070.51
Thumb: -46.5726 149.876 1138.28
Index: -20.6038 71.4665 1107.51
Middle: 10.9648 91.8944 1102.8
Ring: 12.3116 108.836 1072.99
Little: 44.1677 111.848 1065.51
Thumb: -42.3747 143.966 1141.15
Index: -12.0001 58.7575 1106.01
Middle: 11.6742 49.0744 1088.69
Ring: 14.8966 108.71 1069.89
Little: 45.6563 111.382 1059.83
Thumb: -40.7822 138.088 1139.24
Index: 7.67705 38.4058 1111.84
Middle: 15.5158 56.4096 1082.37
Ring: 18.9443 104.646 1066.19
Little: 45.6385 110.732 1052.28
Thumb: -38.0872 131.778 1137.71
Index: 12.1613 35.2461 1109.13
Middle: 19.4789 51.3424 1080.06
Ring: 19.7942 100.779 1063.65
Little: 47.1074 109.311 1050.52
Thumb: -38.0472 124.818 1134.42
Index: 20.9618 28.5709 1117.13
Middle: 19.2329 78.8736 1087.17
Ring: 19.9093 97.6304 1062.98
Little: 48.16 104.968 1048.74
Thumb: -32.2023 121.282 1134.11
Index: 19.2594 28.9384 1114.98
Middle: 20.4549 81.6055 1086.79
Ring: 14.0184 100.063 1054.93
Little: 44.3407 106.098 1042.06
Thumb: -31.5 116.166 1140.65
Index: 7.7011 35.0122 1101.55
Middle: 17.8649 83.4733 1084.54
Ring: 14.2638 90.911 1054.64
Little: 42.7621 104.035 1042.62
Thumb: -27.5788 117.461 1139.83
Index: -4.89829 49.3811 1095.59
Middle: 14.7187 83.7348 1081.02
Ring: 20.7876 92.3727 1060.42
Little: 38.8786 98.9734 1036.73
Thumb: -26.1936 112.711 1136.13
Index: -10.298 52.3839 1094.03
Middle: 13.6581 84.6814 1080.73
Ring: 35.0081 106.208 1073.17
Little: 24.8806 86.6981 1023.48
Thumb: -26.9502 110.895 1134.9
Index: -11.7634 52.1818 1090.9
Middle: 12.4346 85.2843 1079.61
Ring: 34.5915 104.806 1073.42
Little: 25.0299 83.1476 1021.08
Thumb: -25.714 107.185 1130.83
Index: -12.2679 57.752 1089.8
Middle: 12.3842 84.6659 1078.55
Ring: 36.3755 104.009 1069.81
Little: 25.4853 83.8347 1019.38
Thumb: -24.168 103.968 1136.59
Index: -13.6361 54.3518 1088.78
Middle: 10.3389 85.349 1078.4
Ring: 34.5459 101.65 1067.22
Little: 24.793 83.8708 1019.76
Thumb: -24.6461 101.883 1135.98
Index: -14.5045 58.0958 1089.64
Middle: 9.69533 85.3317 1078.78
Ring: 32.2125 101.496 1068.99
Little: 24.5155 83.7325 1019.96
Thumb: -10.2076 103.2 1118.14
Index: -17.5523 58.2986 1090.84
Middle: 7.14717 84.4212 1080.17
Ring: 30.1189 100.119 1071.27
Little: 22.7763 81.9087 1022.35
Thumb: -10.1818 102.677 1117.08
Index: -18.8561 62.8757 1089.51
Middle: 6.95415 85.7929 1079.71
Ring: 29.8514 99.9075 1070.76
Little: 22.1244 79.6244 1022.15
Thumb: -12.5564 100.483 1119.46
Index: -21.3988 67.7809 1092.45
Middle: 4.90313 84.712 1081.34
Ring: 28.2991 99.6569 1072.8
Little: 19.4148 77.7728 1023.39
Thumb: -14.874 99.1362 1118.96
Index: -10.7845 76.6144 1106.23
Middle: 2.34544 84.142 1081.54
Ring: 26.1004 100.582 1073.62
Little: 17.5516 77.4457 1023.76
Thumb: -17.1282 99.1402 1119.79
Index: -13.8536 77.7579 1105.61
Middle: -0.163 84.0117 1081.1
Ring: 23.9923 100.359 1073.18
Little: 14.9927 77.1469 1023.33
Thumb: -17.2166 99.0592 1119.41
Index: -13.8188 77.4257 1105.32
Middle: -0.274529 83.8435 1080.78
Ring: 24.0158 100.538 1072.74
Little: 14.8951 77.0866 1023
Thumb: -16.2777 98.5787 1117.89
Index: -15.6254 81.2764 1105.47
Middle: -0.339788 85.3904 1081.45
Ring: 23.7895 100.628 1073.56
Little: 14.9822 77.0506 1023.68
Thumb: -19.6854 100.111 1123.67
Index: -14.3306 77.9997 1105.79
Middle: -0.341076 85.3182 1081.45
Ring: 23.7526 100.4 1073.55
Little: 14.9311 77.042 1023.66
Thumb: -19.6936 100.102 1123.83
Index: -14.3241 77.9815 1105.83
Middle: -0.316739 85.286 1081.49
Ring: 23.8254 100.385 1073.56
Little: 14.9847 77.0093 1023.71
Thumb: -19.7209 100.128 1123.85
Index: -14.315 77.9659 1105.84
Middle: -0.311617 85.3691 1081.5
Ring: 23.811 100.36 1073.58
Little: 14.9811 77.0106 1023.72
Thumb: -19.8463 100.2 1123.73
Index: -14.3127 77.9583 1105.83
Middle: -0.307746 85.3559 1081.5
Ring: 23.8155 100.353 1073.58
Little: 14.9956 77.0086 1023.71
Thumb: -19.8443 100.192 1123.74
Index: -14.3098 77.9506 1105.83
Middle: -0.307934 85.3152 1081.49
Ring: 23.825 100.54 1073.58
Little: 14.9967 77.0066 1023.71
Thumb: -21.8062 102.382 1126.37
Index: -15.6844 79.6037 1105.83
Middle: -1.49793 85.948 1081.44
Ring: 22.5277 100.44 1073.47
Little: 13.1995 77.1846 1023.57
Thumb: -22.0403 107.403 1127.18
Index: -15.771 82.9422 1107.15
Middle: -2.09081 88.1799 1082.32
Ring: 22.7663 102.226 1073
Little: 11.8324 82.3703 1024.18
Thumb: -33.0514 125.049 1170.6
Index: -15.8717 82.9797 1108.01
Middle: -2.31812 88.4084 1083.08
Ring: 22.8416 104.786 1073.19
Little: 11.4673 81.5218 1024.11
Thumb: -32.8843 127.436 1171.63
Index: -11.5452 77.8255 1111.89
Middle: -2.92035 85.919 1085.33
Ring: 24.1429 106.59 1072.8
Little: 12.6573 87.4414 1025.07
Thumb: -29.0962 129.705 1174.6
Index: -11.1443 79.7332 1111.42
Middle: -2.49584 84.4619 1085.86
Ring: 25.6323 105.773 1071.09
Little: 11.3159 86.1015 1025
Thumb: -23.9941 132.714 1177.26
Index: -13.4002 78.4406 1110.9
Middle: -3.03387 79.0627 1092.34
Ring: 26.882 105.262 1070.81
Little: 8.35815 84.061 1027.83
Thumb: -16.5891 133.484 1177.17
Index: -13.7613 55.1394 1104.56
Middle: -0.337409 75.84 1096.53
Ring: 28.426 106.368 1067.23
Little: 13.3092 92.5536 1024.19
Thumb: -9.87368 136.071 1179.36
Index: -10.7502 48.0214 1108.17
Middle: 2.20695 75.115 1094.6
Ring: 13.6406 88.5876 1069.12
Little: 16.3923 94.8534 1023.78
Thumb: 1.77646 139.836 1181
Index: -12.2982 46.7947 1120.26
Middle: 5.76572 75.4043 1091
Ring: 15.1791 88.9079 1064.94
Little: 20.9815 99.0473 1020.34
Thumb: 7.71441 139.428 1181.16
Index: -9.17832 45.2586 1116.69
Middle: 7.16962 74.2169 1087.29
Ring: 14.0385 84.9571 1063.7
Little: 2.54017 69.6851 1035.59
Thumb: 17.9967 139.907 1179.98
Index: -5.44881 45.5025 1115.74
Middle: 9.88527 74.0582 1084.28
Ring: 10.341 74.1949 1071.19
Little: 7.17943 71.3667 1034.54
Thumb: 26.9925 139.794 1180.83
Index: -4.43732 40.1203 1111.04
Middle: 10.934 71.754 1079.49
Ring: 13.6139 72.2615 1066.81
Little: 8.61178 66.053 1032.25
Thumb: 33.8638 137.438 1180.92
Index: -0.304089 29.5588 1113.59
Middle: 12.8963 70.3952 1079.04
Ring: 19.4077 70.845 1067
Little: 8.43091 65.1945 1031.04
Thumb: 36.4514 137.113 1175.66
Index: 11.5851 20.4399 1116.2
Middle: 13.3708 71.4158 1075.54
Ring: 19.2717 71.508 1063.38
Little: 1.44004 62.4432 1028.29
Thumb: 27.3305 102.208 1085.47
Index: 15.4039 21.0563 1118.83
Middle: 13.7589 18.4058 1121.52
Ring: 22.1723 72.2204 1060.9
Little: 1.6389 60.4145 1027.63
Thumb: 25.9143 105.727 1083.9
Index: 0.925672 33.7487 1110.44
Middle: -1.12098 29.0234 1114.86
Ring: 20.4376 76.3119 1055.71
Little: 32.7468 34.8855 1052.75
Thumb: 59.0107 83.0646 1089.64
Index: -4.91837 39.5513 1105.56
Middle: -7.69781 35.2884 1111.06
Ring: 15.9685 77.2541 1049.82
Little: 33.7022 103.83 989.109
Thumb: 58.8181 82.7579 1089.22
Index: -7.43745 41.1508 1103.39
Middle: -10.9469 36.8514 1107.13
Ring: 14.3533 77.1616 1045.93
Little: 32.3471 102.706 984.862
Thumb: 60.1806 82.8177 1092.37
Index: -6.79709 40.4729 1103.43
Middle: -8.65315 35.4319 1107.56
Ring: 14.167 76.9307 1045.47
Little: 31.7487 102.819 984.42
Thumb: 60.6994 82.7635 1094.61
Index: -5.31498 37.772 1104.36
Middle: -7.33935 33.8345 1108.11
Ring: 13.7054 76.6039 1045.61
Little: 30.4986 102.719 984.347
Thumb: 65.9524 84.0244 1107.18
Index: -5.96939 39.4842 1104.23
Middle: -9.0619 33.9344 1107.81
Ring: 15.9442 74.8955 1047.82
Little: 29.9992 99.838 988.191
Thumb: 69.5251 81.9766 1107.88
Index: -2.76778 38.3139 1106.72
Middle: -7.25598 32.779 1108.66
Ring: 18.0984 73.3632 1049.89
Little: 39.6658 85.8415 1002.38
Thumb: 69.4026 83.7659 1107.98
Index: -5.96264 41.9389 1105.5
Middle: -7.68204 35.3544 1110.26
Ring: 27.0012 101.763 1028.47
Little: 15.6466 96.1651 993.664
Thumb: 62.7774 82.9813 1103.2
Index: -9.50335 44.9968 1104.79
Middle: -11.896 36.5778 1109.43
Ring: 22.2019 103.006 1029.72
Little: 11.9435 98.1876 994.231
Thumb: 117.708 115.541 1166.69
Index: 54.4606 97.794 1174
Middle: 38.4608 47.3921 1146.44
Ring: 36.7164 72.9735 1124.88
Little: 30.1869 36.0681 1106.84
Thumb: 125.249 114.941 1160.27
Index: 64.6223 99.8428 1171.52
Middle: 41.7223 20.797 1143.82
Ring: 27.4667 94.0656 1125.32
Little: 22.4439 42.9669 1113.78
Thumb: 131.951 116.386 1154.51
Index: 64.2792 96.0994 1171.66
Middle: 44.0237 16.2404 1137.49
Ring: 26.8035 97.4434 1123.3
Little: 17.217 45.6077 1116.7
Thumb: 131.9 115.385 1152.92
Index: 70.02 94.6206 1159.13
Middle: 45.1214 14.2962 1134.83
Ring: 27.1978 95.8797 1123.49
Little: 18.5152 45.5086 1113.12
Thumb: 131.614 114.547 1150.91
Index: 74.9912 95.773 1149.97
Middle: 45.8733 12.2593 1132.26
Ring: 27.2561 95.2294 1122.36
Little: 19.639 43.8377 1110.09
Thumb: 134.126 115.119 1146.77
Index: 76.631 93.895 1144.16
Middle: 48.5754 11.9246 1129.96
Ring: 27.0995 94.8783 1120.73
Little: 15.187 54.8986 1106.51
Thumb: 136.929 115.288 1140.44
Index: 76.8348 91.9848 1139.61
Middle: 48.8018 12.0586 1127.71
Ring: 27.1438 94.3808 1118.17
Little: 17.1211 49.8547 1103.5
Thumb: 138.763 114.124 1134.01
Index: 79.43 91.5457 1135.48
Middle: 48.9702 12.9403 1125.57
Ring: 28.1371 93.1218 1117.36
Little: 16.4832 50.22 1101.92
Thumb: 140.391 115.528 1126.9
Index: 73.0662 97.4879 1164.36
Middle: 50.5228 12.6486 1119.97
Ring: 29.0014 94.8749 1116.17
Little: 16.8816 51.7032 1100.64
Thumb: 141.628 117.088 1119.51
Index: 74.5178 96.7099 1162.34
Middle: 50.9706 11.7618 1116.05
Ring: 28.791 95.2685 1115.98
Little: 20.2949 43.0018 1098.6
Thumb: 137.248 108.692 1112.78
Index: 77.5904 100.86 1162.37
Middle: 52.0946 11.6813 1109.64
Ring: 28.0103 98.8264 1113.79
Little: 20.6036 43.6187 1094.09
Thumb: 135.51 107.58 1108.52
Index: 77.52 102.982 1165.55
Middle: 51.9595 15.826 1108.47
Ring: 28.7214 101.258 1111.25
Little: 19.0187 45.8384 1091.65
Thumb: 134.627 106.569 1106.07
Index: 72.596 92.9586 1168.31
Middle: 51.7188 16.2961 1106.47
Ring: 27.9674 100.908 1108.91
Little: 20.2702 44.9704 1089.05
Thumb: 134.5 107.163 1101.58
Index: 75.3078 99.0231 1165.6
Middle: 50.6431 15.3346 1104.37
Ring: 27.2986 100.922 1107.87
Little: 16.9213 44.6951 1088.59
Thumb: 133.9 106.529 1099.41
Index: 76.0198 102.611 1162.48
Middle: 49.5248 17.2489 1102.25
Ring: 26.998 100.235 1105.09
Little: 16.5621 44.5186 1085.58
Thumb: 136.293 108.192 1095.53
Index: 76.0017 95.1805 1158.23
Middle: 50.5614 17.3215 1094.7
Ring: 26.8314 102.583 1101.54
Little: 16.7835 45.9805 1081.64
Thumb: 134.699 108.981 1093.52
Index: 74.5108 97.5344 1156.65
Middle: 48.54 17.3033 1092.96
Ring: 24.6195 103.28 1099.68
Little: 14.4856 46.3567 1080.69
Thumb: 131.166 107.262 1092.92
Index: 73.3738 94.6485 1155.42
Middle: 48.5598 16.7482 1091.02
Ring: 24.4021 103.289 1098.25
Little: 15.0483 46.5446 1079.79
Thumb: 131.061 107.199 1092.91
Index: 74.239 96.6827 1155.38
Middle: 48.6897 17.4748 1091.66
Ring: 24.4396 103.251 1098.35
Little: 14.9356 46.494 1079.94
Thumb: 130.814 107.054 1091.95
Index: 74.5018 98.7007 1154.08
Middle: 48.5839 17.4429 1090.15
Ring: 25.0716 101.885 1097.45
Little: 14.9989 46.0067 1078.4
Thumb: 131.38 107.572 1093.19
Index: 74.5121 98.6289 1153.59
Middle: 48.5653 17.3265 1090.13
Ring: 24.9045 102.096 1097.18
Little: 14.9532 46.472 1078.77
Thumb: 132.126 108.535 1091.31
Index: 75.0427 100.771 1153.01
Middle: 48.6668 17.4844 1090.64
Ring: 24.9394 102.363 1097.01
Little: 15.0532 46.4792 1079.12
Thumb: 131.495 108.397 1093.06
Index: 73.2741 97.4344 1153.67
Middle: 48.7558 17.3989 1090.91
Ring: 25.0276 102.05 1097.09
Little: 16.4153 44.6729 1076.97
Thumb: 133.635 109.71 1094.87
Index: 73.5513 101.189 1155.22
Middle: 48.6683 17.3634 1093.28
Ring: 24.8984 104.225 1097.82
Little: 15.0957 47.4387 1081.63
Thumb: 132.321 109.338 1098.77
Index: 71.0172 101.423 1156.31
Middle: 47.6587 17.5723 1095.4
Ring: 24.2617 103.106 1097.73
Little: 16.9039 44.0733 1077.71
Thumb: 132.89 108.198 1102.7
Index: 67.85 98.8245 1160.31
Middle: 46.74 15.7294 1099.66
Ring: 24.1018 101.298 1099.86
Little: 16.4438 43.9032 1082.01
Thumb: 130.81 107.392 1104.87
Index: 67.3228 96.288 1162.26
Middle: 46.5549 16.7023 1102.74
Ring: 24.5073 99.6097 1102.37
Little: 16.7453 44.1647 1083.98
Thumb: 133.009 107.272 1108.33
Index: 67.467 93.5909 1165.12
Middle: 47.3461 17.7151 1108.84
Ring: 26.4717 99.1398 1104.99
Little: 18.2495 44.8866 1086.7
Thumb: 133.669 106.972 1110.65
Index: 70.8662 99.9189 1167.05
Middle: 47.4671 15.7642 1111.15
Ring: 27.0047 98.3167 1106.85
Little: 18.9262 44.2897 1088.15
Thumb: 133.802 105.676 1110.94
Index: 71.0719 96.6353 1169.07
Middle: 47.7448 15.5816 1116.04
Ring: 27.026 98.6569 1108.86
Little: 19.0581 40.4202 1087.73
Thumb: 135.383 107.359 1111.6
Index: 72.2205 97.1054 1171.28
Middle: 46.9047 14.6087 1118.53
Ring: 27.1444 98.0012 1112.03
Little: 19.2756 40.8986 1091.45
Thumb: 138.296 108.457 1114.66
Index: 71.2979 97.1731 1175.05
Middle: 46.2789 14.3969 1123.58
Ring: 27.4063 97.7977 1115.06
Little: 19.4505 40.1289 1095.51
Thumb: 138.625 109.094 1117.26
Index: 70.1982 94.6462 1177.86
Middle: 46.5168 16.5848 1129.3
Ring: 27.7529 97.3278 1118.07
Little: 21.4477 38.2979 1094.84
Thumb: 135.269 109.398 1122.98
Index: 67.4753 93.1064 1181.41
Middle: 44.4609 17.1924 1135.23
Ring: 24.6948 97.5654 1121.4
Little: 19.456 39.1879 1100.67
Thumb: 131.565 109.249 1133.92
Index: 62.6752 96.4204 1187.84
Middle: 41.2364 20.5094 1144.24
Ring: 21.7413 97.733 1124.72
Little: 19.3159 39.0544 1103.95
Thumb: 125.11 106.842 1148.62
Index: 51.1533 88.9794 1194.53
Middle: 34.2963 21.6396 1152.25
Ring: 20.6679 96.0813 1128.7
Little: 19.6452 37.2962 1106.12
Thumb: 125.673 108.244 1154.9
Index: 53.7682 93.7302 1198.5
Middle: 36.3819 21.2492 1153.99
Ring: 22.9762 98.1574 1131.83
Little: 19.1308 41.7239 1112.21
Thumb: 132.213 110.27 1155.22
Index: 57.85 93.9254 1201.17
Middle: 39.3432 22.5827 1158.27
Ring: 25.5412 98.803 1135.39
Little: 20.8228 43.1805 1117.49
Thumb: 139.487 112.811 1142.15
Index: 76.4734 100.972 1201.99
Middle: 45.5499 22.5495 1155.69
Ring: 32.8405 100.944 1142.73
Little: 22.2954 44.0177 1123.62
Thumb: 135.318 114.116 1146.67
Index: 67.2074 96.1982 1205.88
Middle: 35.854 24.5562 1159.01
Ring: 28.0849 99.4582 1144.88
Little: 20.3165 43.9337 1124.64
Thumb: 121.419 113.569 1163.59
Index: 48.6885 103.366 1210.43
Middle: 22.2131 29.0572 1164.99
Ring: 12.1965 52.8018 1142.99
Little: 14.4061 38.1842 1113.99
Thumb: 81.6539 126.41 1192.25
Index: -4.07705 75.7536 1191.28
Middle: -7.63689 53.9993 1147.84
Ring: 0.857486 16.8988 1105.71
Little: 18.9921 37.5994 1110.02
Thumb: 52.7844 194.121 1217.01
Index: -17.9324 100.138 1184.81
Middle: 12.8751 85.204 1136.97
Ring: -0.469475 20.6793 1106.94
Little: 11.8481 40.5014 1112.39
Thumb: 49.4826 194.602 1214.84
Index: -4.73206 47.3143 1155.16
Middle: -4.26787 22.0119 1117.72
Ring: 0.397362 21.7542 1112.03
Little: -8.89966 43.7206 1084.7
Thumb: 28.8149 160.566 1193.17
Index: -6.66372 46.9817 1155.33
Middle: -6.44406 21.3174 1118.82
Ring: -1.44243 20.7211 1113.4
Little: -8.54525 40.7458 1084.68
Thumb: 31.7195 143.02 1117.43
Index: -4.09636 41.835 1151.64
Middle: -9.75608 22.1686 1118.16
Ring: -4.12304 21.1017 1112.08
Little: -5.1313 37.0457 1080.9
Thumb: 29.1419 140.932 1113.13
Index: -4.4183 41.0855 1147.26
Middle: -9.78166 22.6732 1113.62
Ring: -2.50042 21.086 1108.41
Little: -2.52264 37.6346 1078.94
Thumb: 27.3759 142.865 1113.81
Index: -10.3167 44.9797 1150.24
Middle: -14.0269 24.3853 1116.35
Ring: -6.82937 22.5896 1111.02
Little: 1.73265 34.6208 1081.08
Thumb: 35.4176 143.76 1100.26
Index: -11.0367 52.9224 1154.51
Middle: -12.0257 27.3942 1118.62
Ring: -4.91587 25.5098 1113.61
Little: 5.0074 36.1097 1081.29
Thumb: 33.9851 143.553 1101.08
Index: -14.0276 55.4879 1156.29
Middle: -13.346 27.1319 1119.53
Ring: -6.61009 25.3981 1114.76
Little: 7.98023 34.0623 1080.96
Thumb: 36.523 143.754 1099.13
Index: -14.1335 57.2866 1157.31
Middle: -13.3562 28.2456 1120.84
Ring: -6.82409 26.1654 1113.94
Little: 9.0505 34.8503 1085.61
Thumb: 43.0996 133.702 1084.38
Index: -18.8018 76.6814 1165
Middle: -14.8726 25.3132 1123.1
Ring: -9.45147 22.0141 1112.37
Little: 7.63372 27.4417 1082.58
Thumb: 39.8708 128.003 1083.28
Index: 0.0917125 91.8584 1167.92
Middle: -10.9327 111.886 1146.16
Ring: -11.6387 25.4751 1112.35
Little: 13.159 28.6663 1085.85
Thumb: 41.0587 128.128 1075.11
Index: -0.586621 72.0273 1149.78
Middle: -13.6822 113.588 1131.4
Ring: -16.2275 24.7642 1105.29
Little: 10.0397 25.4706 1081.52
Thumb: 4.53777 144.987 1117.41
Index: 71.3108 93.185 1137.98
Middle: 54.8504 104.593 1164.94
Ring: -14.1208 23.074 1127.46
Little: -41.024 45.605 1139.83
Thumb: 4.62618 150.148 1114.14
Index: 66.1494 79.5149 1159.79
Middle: 47.6863 106.933 1166.05
Ring: -14.4681 22.7179 1123.05
Little: -46.2423 46.4318 1134.44
Thumb: 1.83377 150.498 1112.04
Index: 60.6997 79.8672 1162.41
Middle: 42.296 107.83 1167.5
Ring: -17.069 22.5868 1122.28
Little: -48.115 45.7196 1130.51
Thumb: 3.28246 152.71 1111.95
Index: 59.0392 86.8248 1166.3
Middle: 38.1071 106.834 1175.41
Ring: -13.8774 23.299 1123.36
Little: -49.6281 47.3157 1128.57
Thumb: -1.48236 152.031 1112.32
Index: 54.9082 78.2559 1170.73
Middle: 21.1005 64.3395 1187.28
Ring: -16.8304 23.8712 1118.79
Little: -41.6964 61.3185 1137.83
Thumb: 58.1062 152.031 1163.36
Index: 55.0613 82.8845 1171.47
Middle: 23.0111 72.2172 1190.02
Ring: -17.2633 24.1852 1124.25
Little: -38.5873 60.6276 1139.7
Thumb: 78.6773 168.51 1184.38
Index: 53.1812 81.9741 1171.22
Middle: 18.1269 63.0184 1185.82
Ring: -19.3944 25.8439 1120.06
Little: -33.4335 90.389 1134.17
Thumb: 77.5191 161.345 1182.6
Index: 53.3987 81.2514 1169.16
Middle: 14.2696 55.7541 1180.1
Ring: -20.4899 25.2242 1117.33
Little: -33.779 89.419 1132.25
Thumb: 69.969 168.581 1182.66
Index: 53.9319 81.1333 1167.87
Middle: 14.2703 55.0134 1178.51
Ring: -21.1631 24.6841 1115.04
Little: -33.7556 88.5534 1130.51
Thumb: 68.6245 171.226 1181.5
Index: 53.9873 84.2808 1169.36
Middle: 18.0946 64.868 1185.3
Ring: -22.5971 23.7948 1118.36
Little: -35.2245 87.993 1132.32
Thumb: 62.6926 158.208 1173.15
Index: 51.3488 87.9086 1169.77
Middle: 21.2054 81.8541 1189.21
Ring: -23.8597 24.6938 1115.93
Little: -37.9426 89.1968 1130.05
Thumb: 73.2849 151.465 1178.12
Index: 51.7126 89.0651 1173.73
Middle: 18.8921 78.602 1189.23
Ring: -25.2668 25.04 1116.34
Little: -38.2991 89.2463 1129.81
Thumb: 67.6559 176.613 1183.12
Index: 51.6054 89.2675 1174.12
Middle: 17.924 76.0299 1188.35
Ring: -25.2612 25.0335 1115.69
Little: -38.2263 89.138 1129.2
Thumb: 67.0014 147.205 1177.23
Index: 50.9379 90.133 1175.17
Middle: 18.4303 80.3217 1189.93
Ring: -25.4134 25.0249 1116.04
Little: -38.4515 89.1525 1128.86
Thumb: 68.6035 173.426 1183.32
Index: 49.1974 87.1506 1174.62
Middle: 17.9034 80.4485 1189.61
Ring: -25.461 25.0296 1115.13
Little: -38.8544 89.4542 1128.37
Thumb: 62.4076 164.833 1181.72
Index: 47.1374 86.117 1176.34
Middle: 17.5163 84.505 1191.11
Ring: -25.3059 25.0594 1117.12
Little: -39.1157 89.4757 1128.6
Thumb: 68.1945 169.055 1183.38
Index: 47.3037 84.9285 1175.48
Middle: 19.7223 86.8297 1191.27
Ring: -25.3081 25.0665 1116.79
Little: -39.0436 89.4572 1129.02
Thumb: 68.9838 169.946 1184.15
Index: 48.1634 87.5648 1175.9
Middle: 20.1303 89.7515 1192.13
Ring: -25.5851 25.1208 1117.3
Little: -39.1479 89.481 1129.04
Thumb: 67.7334 174.036 1185.64
Index: 49.8343 89.2144 1177.11
Middle: 28.289 107.03 1192.94
Ring: -24.6008 22.6999 1118.25
Little: -38.9048 87.3134 1129.55
Thumb: 66.4934 170.715 1187.03
Index: 47.8246 88.1912 1178.46
Middle: 24.82 103.885 1193.68
Ring: -23.9045 22.956 1116.57
Little: -38.5298 87.4837 1127.55
Thumb: 67.8665 175.544 1186.11
Index: 47.8736 86.5739 1177.96
Middle: 27.6898 107.979 1193.51
Ring: -20.0313 22.2069 1118.24
Little: -38.1567 87.6889 1129.62
Thumb: 68.4899 177.182 1186.16
Index: 46.3711 82.8028 1177.05
Middle: 27.5832 107.208 1193.53
Ring: -20.0685 22.2275 1118.35
Little: -38.0932 87.7084 1129.73
Thumb: 68.9854 172.804 1185.56
Index: 46.7383 83.8489 1177.16
Middle: 27.9636 108.443 1193.49
Ring: -20.1756 22.3035 1118.55
Little: -38.089 87.7691 1129.83
Thumb: 71.1203 174.015 1184.77
Index: 54.7292 100.628 1180.52
Middle: 29.3443 110.441 1193.57
Ring: -18.4081 24.2396 1118.77
Little: -36.0941 89.6863 1129.55
Thumb: 72.2073 168.943 1184.08
Index: 54.8969 100.331 1180.88
Middle: 29.988 111.169 1193.9
Ring: -18.0646 23.9978 1119.6
Little: -35.923 89.5198 1130.38
Thumb: 69.5717 161.983 1182.9
Index: 54.6807 100.745 1181.18
Middle: 29.1299 109.942 1194.33
Ring: -17.1699 24.1934 1119.07
Little: -36.0424 89.8535 1130.21
Thumb: 74.5633 178.104 1185.98
Index: 53.7227 102.769 1182.92
Middle: 27.8542 111.807 1195.45
Ring: -16.9186 26.4472 1119.46
Little: -35.5461 92.106 1129.77
Thumb: 76.276 169.332 1184.57
Index: 55.5999 98.1678 1181.75
Middle: 30.6802 111.275 1194.74
Ring: -14.9743 26.43 1118.65
Little: -33.4128 91.8681 1129.52
Thumb: 77.8193 179.823 1184.95
Index: 58.2354 101.703 1181.81
Middle: 32.7007 114.173 1194.63
Ring: -12.9054 28.4918 1119.04
Little: -31.4666 94.068 1129.46
Thumb: 78.0658 181.232 1186.65
Index: 62.1904 105.702 1182.15
Middle: 34.4923 111.962 1194.71
Ring: -10.4348 26.1449 1118.19
Little: -29.1221 91.6974 1129.01
Thumb: 80.9645 175.83 1187.71
Index: 63.533 104.781 1182.66
Middle: 36.5297 114.126 1194.12
Ring: -7.14348 26.1358 1116.01
Little: -26.2095 91.5075 1127.03
Thumb: 85.5217 180.561 1188.73
Index: 70.3951 108.985 1182.56
Middle: 42.7068 113.786 1195.23
Ring: -0.632698 29.9732 1115.68
Little: -20.5901 95.3657 1128.6
Thumb: 93.8657 189.476 1194.95
Index: 75.479 111.83 1182.86
Middle: 45.7848 112.236 1194.9
Ring: 4.11833 32.5208 1112.02
Little: -14.9294 97.5621 1126.32
