Thumb: 32.9554 91.7207 1121.92
Index: -64.5745 28.1944 1098.23
Middle: -101.42 40.8207 1097.63
Ring: -124.543 62.0639 1082.41
Little: -141.773 103.039 1080.87
Thumb: 40.5121 87.765 1106.41
Index: -65.8506 25.5373 1091.79
Middle: -99.6027 37.0588 1089.71
Ring: -126.33 62.0203 1082.22
Little: -129.137 106.142 1091.92
Thumb: 31.9899 83.7164 1107.87
Index: -72.0472 25.5505 1094.82
Middle: -104.041 36.8279 1092.55
Ring: -128.892 60.0514 1085.05
Little: -132.027 107.222 1092.17
Thumb: 27.5278 83.031 1109.44
Index: -75.2921 24.9399 1092.62
Middle: -104.334 37.0574 1092.38
Ring: -130.569 60.5018 1083.93
Little: -132.502 107.508 1092.87
Thumb: 21.5827 80.6104 1107
Index: -79.5495 26.6613 1092.37
Middle: -108.964 37.1672 1087.94
Ring: -130.896 59.9836 1085.54
Little: -134.597 105.978 1092.41
Thumb: 13.24 81.8976 1106.22
Index: -82.6442 28.7529 1093.46
Middle: -109.578 37.4038 1090.92
Ring: -130.31 58.8567 1090.83
Little: -145.189 94.5826 1084.18
Thumb: 8.35865 81.1041 1106.24
Index: -86.0251 31.1444 1095.22
Middle: -110.734 36.9516 1094.19
Ring: -128.294 58.9883 1096.3
Little: -144.174 92.9627 1087.64
Thumb: 3.30494 80.7777 1105.99
Index: -89.6665 34.0612 1097.75
Middle: -112.141 39.3653 1098
Ring: -128.184 58.6726 1099.36
Little: -144.278 91.6566 1090.56
Thumb: 0.369341 81.4087 1108.24
Index: -93.9533 37.4226 1098.82
Middle: -115.551 40.9619 1098.72
Ring: -128.724 60.208 1102.22
Little: -144.555 93.1014 1093.83
Thumb: -2.86751 79.1504 1106.26
Index: -96.0617 39.5942 1101.11
Middle: -117.785 40.7306 1098.13
Ring: -128.293 61.7188 1105.87
Little: -143.354 94.1454 1097.8
Thumb: -6.70284 78.2002 1103.79
Index: -96.6163 41.128 1101.77
Middle: -120.009 41.5243 1096.75
Ring: -127.496 62.1726 1108.89
Little: -144.247 93.7804 1098.46
Thumb: -9.23121 79.2727 1107.15
Index: -97.4732 41.1195 1101.73
Middle: -120.429 42.1494 1097.71
Ring: -127.281 60.1534 1107.49
Little: -142.262 93.1053 1098.63
Thumb: -9.32293 78.9447 1107.13
Index: -95.8748 40.9846 1102.89
Middle: -119.358 40.9858 1097.88
Ring: -125.207 60.4837 1108.23
Little: -141.004 92.7809 1099.21
Thumb: -7.55023 82.1661 1104.44
Index: -88.2316 41.2186 1102.01
Middle: -113.897 41.5783 1098.99
Ring: -119.026 57.8492 1108.39
Little: -136.843 90.8236 1100.94
Thumb: -5.23902 82.9923 1101.92
Index: -82.5423 39.6327 1102.74
Middle: -106.148 40.7062 1103.09
Ring: -111.267 59.1507 1112.9
Little: -130.955 86.6947 1105.6
Thumb: -1.50947 86.7375 1106.91
Index: -73.0686 38.5214 1103.65
Middle: -99.9663 39.918 1102.79
Ring: -105.871 55.1821 1111.67
Little: -123.028 83.528 1106.4
Thumb: 4.41388 88.5747 1107.11
Index: -66.1469 37.1815 1101.8
Middle: -92.2601 38.0338 1102.15
Ring: -98.425 52.9398 1110.43
Little: -113.384 81.1984 1105.82
Thumb: 10.147 88.99 1109.34
Index: -56.9296 35.9291 1104.76
Middle: -83.0627 35.517 1103.74
Ring: -91.9357 50.537 1111.48
Little: -106.435 76.8781 1106.58
Thumb: 19.4665 90.1629 1108.58
Index: -48.8155 34.0692 1105.44
Middle: -72.8389 33.2123 1105.72
Ring: -83.594 48.2717 1113.2
Little: -99.8258 71.6383 1105.26
Thumb: 26.68 92.328 1106.53
Index: -38.9588 34.3368 1102.86
Middle: -61.4159 31.7521 1106.22
Ring: -78.5117 43.4286 1109.3
Little: -91.1786 69.3892 1106.93
Thumb: 35.9647 94.4574 1105.68
Index: -28.532 32.4241 1103.37
Middle: -53.6365 28.3147 1105.91
Ring: -68.9209 40.3255 1109.39
Little: -81.5938 66.7853 1107.84
Thumb: 43.4427 93.5667 1108.81
Index: -19.0438 34.4706 1102.83
Middle: -48.1839 26.4112 1105.39
Ring: -61.2721 39.6962 1109.19
Little: -76.066 65.7684 1108.56
Thumb: 49.8303 92.4538 1111.89
Index: -14.963 31.1359 1102.52
Middle: -42.9324 24.1223 1107.92
Ring: -53.569 36.7631 1112.13
Little: -70.4859 61.8354 1108.87
Thumb: 56.2101 93.3558 1115.7
Index: -7.24274 34.522 1103.37
Middle: -37.9203 23.6674 1105.36
Ring: -49.0547 36.6378 1108.93
Little: -64.5644 62.4955 1104.98
Thumb: 62.6449 92.4456 1115.01
Index: -4.62722 26.5799 1103.78
Middle: -31.4775 18.997 1104.03
Ring: -42.2878 32.7805 1110.2
Little: -57.6396 56.019 1102.62
Thumb: 71.3286 88.7076 1113.07
Index: 3.91131 24.5005 1106.59
Middle: -23.2732 17.8432 1105.62
Ring: -36.6912 32.5807 1110.82
Little: -51.4362 53.1602 1103.14
Thumb: 79.727 91.3314 1113.35
Index: 12.5373 22.8306 1105.61
Middle: -15.7226 13.4017 1103.1
Ring: -30.8424 28.6418 1108.91
Little: -46.7173 49.8864 1103.47
Thumb: 86.5803 92.4657 1119.13
Index: 22.9722 18.8517 1107.35
Middle: -8.97136 10.3209 1103.19
Ring: -23.7494 30.7888 1108.8
Little: -40.4569 51.4994 1106.24
Thumb: 94.9291 93.0764 1121.1
Index: 31.3153 17.9437 1107.46
Middle: -2.21017 8.32563 1104.43
Ring: -17.2046 28.4755 1110.02
Little: -36.0802 52.1189 1108.1
Thumb: 103.222 94.0977 1120.19
Index: 40.9128 15.831 1106.65
Middle: 4.8414 5.31511 1101.21
Ring: -10.2734 26.6598 1107.56
Little: -31.6362 49.5645 1108.1
Thumb: 113.078 95.8503 1121.29
Index: 48.0838 13.4701 1107.16
Middle: 12.1933 4.15038 1101.5
Ring: -2.70322 26.8649 1105.06
Little: -25.3396 48.7065 1109.77
Thumb: 120.564 94.8009 1118.7
Index: 54.6369 11.9661 1106.11
Middle: 18.7031 1.91407 1097.29
Ring: 0.0247211 22.2932 1101.99
Little: -19.509 42.7835 1106.52
Thumb: 129.512 96.613 1117.19
Index: 62.4849 10.7054 1104.1
Middle: 24.5152 1.90401 1093.41
Ring: 3.85462 21.1999 1101.63
Little: -12.484 47.8771 1105.66
Thumb: 135.973 94.5742 1115.79
Index: 66.8188 12.0167 1105.09
Middle: 28.7411 1.63476 1091.3
Ring: 7.69023 20.5517 1097.89
Little: -8.31171 49.9942 1103.28
Thumb: 140.861 93.4337 1115.73
Index: 70.9364 8.81803 1102.11
Middle: 34.4011 0.832712 1086.64
Ring: 10.484 20.2447 1099.34
Little: -6.13128 47.4922 1102.69
Thumb: 146.309 97.2091 1117.5
Index: 76.9085 8.68588 1099.83
Middle: 40.2297 2.14472 1082.59
Ring: 15.9579 20.1582 1095.82
Little: -4.93603 45.7741 1098.99
Thumb: 150.977 98.7966 1117.1
Index: 83.415 7.55824 1097.63
Middle: 46.0518 0.463589 1082.88
Ring: 20.0203 18.0302 1094.44
Little: -2.32693 43.8107 1099.35
Thumb: 155.039 99.0435 1114.6
Index: 85.6587 7.6645 1099.33
Middle: 50.4205 -1.19882 1079.95
Ring: 22.5722 17.6267 1095.1
Little: -0.25173 42.9275 1101.06
Thumb: 159.859 101.06 1115.41
Index: 89.3962 7.04988 1098.59
Middle: 53.34 -0.174932 1082
Ring: 24.3742 18.1126 1092.23
Little: 2.74902 45.3595 1104.22
Thumb: 163.41 100.678 1114.01
Index: 92.3944 5.76254 1098.81
Middle: 54.4694 -0.345999 1082.26
Ring: 25.0998 18.4622 1090.41
Little: 5.59521 48.9318 1108.64
Thumb: 166.444 95.9331 1116.59
Index: 92.0661 5.28086 1102.91
Middle: 54.6172 -0.887039 1082.48
Ring: 24.3073 21.0699 1092.95
Little: 7.92901 55.8009 1111.28
Thumb: 167.362 96.1571 1116.94
Index: 94.0874 5.38483 1103.18
Middle: 54.5783 -0.933321 1082.02
Ring: 21.8082 20.8087 1091.18
Little: 8.20857 59.2052 1109.84
Thumb: 166.316 96.4111 1117.44
Index: 92.0265 6.41805 1102.27
Middle: 53.7041 0.164234 1079.86
Ring: 18.6007 22.7187 1088.82
Little: 3.82165 56.6797 1107.9
Thumb: 166.237 97.8631 1114.89
Index: 89.9626 7.65885 1100.06
Middle: 51.2678 2.60015 1081.97
Ring: 16.5121 24.9533 1087.71
Little: 2.30385 59.0626 1108.94
Thumb: 163.967 95.0839 1115.93
Index: 89.5422 8.29827 1103.05
Middle: 45.1585 5.25188 1082.08
Ring: 12.3533 26.7715 1084.15
Little: -1.9118 60.5275 1106.32
Thumb: 161.529 93.7243 1113.23
Index: 85.407 4.53691 1096
Middle: 40.6248 6.38836 1081.56
Ring: 8.38483 28.6735 1084.65
Little: -4.59646 63.2531 1106.05
Thumb: 155.566 94.3665 1116.33
Index: 81.64 5.95716 1094.42
Middle: 37.5933 9.19436 1081.66
Ring: 3.84699 32.935 1082.7
Little: -8.97498 67.064 1104.65
Thumb: 153.568 92.2078 1117.74
Index: 75.9408 5.73921 1091.98
Middle: 31.5232 10.9359 1080.98
Ring: -0.748487 34.9853 1080.8
Little: -13.683 67.9845 1103.72
Thumb: 147.885 92.5889 1118.04
Index: 69.8317 5.87783 1090.54
Middle: 25.4261 12.1566 1079.99
Ring: -6.83234 36.574 1080.05
Little: -19.8649 69.8477 1102.72
Thumb: 140.588 90.4239 1119.12
Index: 62.971 6.95318 1094.52
Middle: 18.3972 14.9844 1078.67
Ring: -11.286 39.4608 1082.28
Little: -24.2698 72.563 1099.87
Thumb: 133.249 92.1675 1121.62
Index: 57.4702 6.91228 1094.31
Middle: 12.4695 15.7355 1079.16
Ring: -16.5917 39.9874 1079.27
Little: -30.0798 74.083 1099.48
Thumb: 126.406 94.274 1124.44
Index: 49.5871 7.44824 1095.69
Middle: 5.28895 15.4819 1079.13
Ring: -22.4884 38.719 1083.69
Little: -34.5296 75.6933 1103.27
Thumb: 116.042 95.5737 1125.66
Index: 43.5496 9.65748 1100.42
Middle: -0.135719 16.9057 1082.39
Ring: -27.6467 39.1637 1081.8
Little: -40.9248 77.8477 1104.32
Thumb: 107.756 97.3324 1127.97
Index: 33.3097 11.711 1105.04
Middle: -6.37088 17.151 1083.65
Ring: -34.5665 40.5013 1082.52
Little: -47.6102 79.9093 1105.74
Thumb: 101.245 94.6773 1130.35
Index: 28.7808 11.3824 1108.2
Middle: -13.1711 19.2411 1086.6
Ring: -38.7547 42.0672 1087.38
Little: -51.3983 83.3621 1108.39
Thumb: 94.7694 93.9892 1131.96
Index: 21.6936 15.1562 1114.4
Middle: -19.9059 23.1831 1092.75
Ring: -43.7211 46.0253 1088.99
Little: -57.5084 85.3467 1107.93
Thumb: 90.1412 95.7856 1132.82
Index: 12.4581 34.2985 1128.98
Middle: -25.8686 19.8463 1094.13
Ring: -51.213 43.3263 1095.82
Little: -63.1871 83.5563 1114.76
Thumb: 86.0769 94.9375 1130.46
Index: 6.09773 26.7197 1132.99
Middle: -29.4467 19.4955 1092.76
Ring: -57.4006 44.3046 1096.15
Little: -68.9988 82.4339 1113.32
Thumb: 82.4514 94.69 1140.56
Index: -2.62149 25.8948 1136.33
Middle: -32.4694 19.3597 1094.01
Ring: -62.7233 44.7505 1096.33
Little: -75.7611 82.0615 1108.29
Thumb: 66.4061 92.6828 1163.59
Index: -31.753 32.6771 1097.03
Middle: -26.5748 115.366 1181.25
Ring: -64.8758 45.3273 1081.29
Little: -79.9629 87.6118 1093.64
Thumb: 30.4182 104.465 1201.52
Index: -33.7848 31.7456 1097.91
Middle: -26.4976 128.796 1145.14
Ring: -55.293 42.4111 1063.97
Little: -64.0162 91.5904 1065.13
Thumb: -16.0306 119.288 1192.04
Index: -36.4311 36.0668 1105.69
Middle: -32.4568 88.7993 1109.64
Ring: -43.0716 42.3394 1057.46
Little: -45.0107 65.6047 1047.85
Thumb: -30.6054 134.083 1207.7
Index: -38.7824 38.3433 1114.95
Middle: -34.2901 89.8783 1113.11
Ring: -45.2434 46.1777 1062.95
Little: -42.7602 67.0224 1050.22
Thumb: -39.7035 144.779 1201.79
Index: -39.0346 40.6028 1123.39
Middle: -49.4342 37.9977 1089.95
Ring: -51.415 48.9833 1072.36
Little: -43.9421 63.3829 1061.17
Thumb: -53.2264 150.27 1196.64
Index: -44.7188 41.1382 1131.72
Middle: -52.5131 35.2121 1097.8
Ring: -56.1631 46.4788 1079.72
Little: -47.6495 61.9934 1061.94
Thumb: -67.6077 153.733 1191.48
Index: -64.4679 51.9458 1129.2
Middle: -52.5548 37.1748 1095.59
Ring: -55.3952 47.3021 1076.47
Little: -43.8568 82.1 1064.11
Thumb: -87.5255 149.686 1187.26
Index: -73.512 49.4893 1119.53
Middle: -55.5615 34.4722 1091.93
Ring: -54.2017 42.1149 1076.92
Little: -41.5379 80.6323 1062.12
Thumb: -81.705 168.257 1166.52
Index: -60.9257 34.0633 1109.21
Middle: -77.1937 54.2274 1063.93
Ring: -62.9649 25.4663 1074.3
Little: -41.5859 92.8664 1031.75
Thumb: -92.2483 171.161 1167.21
Index: -61.8842 35.8466 1108.9
Middle: -62.5785 85.4456 1085.88
Ring: -62.3668 46.4802 1066.45
Little: -32.1869 92.4479 1037.55
Thumb: -111.165 165.024 1150.7
Index: -63.5443 34.7896 1107.19
Middle: -69.5516 26.8802 1090.88
Ring: -58.192 29.5824 1071.97
Little: -27.4138 91.5634 1041.24
Thumb: -116.472 167.42 1141.01
Index: -65.9612 38.2737 1107.37
Middle: -71.0626 28.8698 1091.08
Ring: -55.4573 33.8013 1074.59
Little: -23.0829 93.2357 1044.51
Thumb: -121.788 171.614 1134.6
Index: -70.4214 37.4053 1104.67
Middle: -74.0506 29.7026 1088.62
Ring: -55.6674 33.9457 1074.2
Little: -23.943 88.43 1046.32
Thumb: -128.269 172.217 1122.99
Index: -98.3186 68.0434 1057.18
Middle: -73.4217 33.922 1085.34
Ring: -54.3898 40.8777 1071.22
Little: -19.1132 84.9903 1058.12
Thumb: -130.927 175.505 1115.78
Index: -99.0322 73.0698 1050.62
Middle: -75.58 31.2331 1086
Ring: -54.3501 45.6559 1071.64
Little: -15.8706 85.7965 1063.7
Thumb: -133.188 174.289 1109.72
Index: -97.3442 77.3082 1044.57
Middle: -77.8297 31.3187 1087.43
Ring: -54.3964 47.2817 1074.33
Little: -25.3617 61.232 1059.86
Thumb: -132.591 175.52 1104.07
Index: -100.877 76.8802 1043.03
Middle: -78.922 34.5104 1083.1
Ring: -54.3828 48.1265 1073.28
Little: -23.1654 61.0136 1061.94
Thumb: -135.284 173.518 1096.03
Index: -98.7893 83.843 1034.37
Middle: -79.6175 33.6683 1081.05
Ring: -53.3438 46.6327 1072.2
Little: -18.8774 56.6469 1063.98
Thumb: -135.946 173.879 1089.62
Index: -98.3105 86.1657 1029.3
Middle: -81.7327 29.9623 1084.64
Ring: -51.5864 47.5955 1071.16
Little: -18.0219 52.0671 1068.34
Thumb: -135.783 176.747 1083.51
Index: -99.8952 88.6925 1025.77
Middle: -83.1328 27.4945 1093.24
Ring: -52.5144 46.9472 1070.38
Little: -18.1248 51.7989 1069.03
Thumb: -137.065 177.878 1079.7
Index: -97.2943 89.6433 1022.04
Middle: -84.3747 29.2224 1090.49
Ring: -52.3474 33.2072 1074.85
Little: -15.9765 54.2458 1069.28
Thumb: -136.22 179.929 1074.5
Index: -98.7426 87.6157 1020.1
Middle: -86.654 31.3755 1087.12
Ring: -52.024 34.2002 1072.2
Little: -15.0886 54.2179 1069.22
Thumb: -136.009 180.615 1068.15
Index: -97.4547 93.2269 1014.58
Middle: -86.5054 30.7345 1083.72
Ring: -51.274 32.9657 1069.91
Little: -14.3838 53.9908 1066.79
Thumb: -136.293 181.157 1061.66
Index: -93.6881 94.6535 1010.04
Middle: -86.5961 30.6621 1080.36
Ring: -50.2172 32.3465 1068.8
Little: -12.9757 54.7911 1066.46
Thumb: -134.852 182.285 1058.26
Index: -93.8997 92.9126 1007.9
Middle: -85.4596 31.6189 1077.65
Ring: -48.9151 32.9991 1066.55
Little: -11.7023 55.8678 1063.98
Thumb: -135.074 182.725 1057.14
Index: -91.6774 97.4146 1005.34
Middle: -85.53 31.3981 1076.9
Ring: -48.8578 32.9852 1065.6
Little: -11.7528 55.5549 1063.58
Thumb: -135.771 182.734 1056.93
Index: -92.9893 95.3143 1004.4
Middle: -85.5717 29.3271 1075.57
Ring: -49.5233 33.455 1060.88
Little: -13.1724 53.5356 1060.86
Thumb: -135.601 182.453 1055.88
Index: -94.8172 92.0612 1004.67
Middle: -85.2659 30.4804 1074.64
Ring: -48.0917 33.3997 1060.54
Little: -11.8392 54.0626 1059.1
Thumb: -134.564 181.95 1052.95
Index: -94.5106 94.6037 1002.88
Middle: -84.8531 30.6151 1073.12
Ring: -46.6688 34.7475 1057.23
Little: -10.9182 54.9858 1056.73
Thumb: -132.972 184.41 1052.45
Index: -93.353 94.9355 1002.37
Middle: -83.2633 31.3276 1072.54
Ring: -45.5922 34.4068 1057.44
Little: -9.37534 55.5988 1055.66
Thumb: -133.834 184.288 1054.36
Index: -91.8346 94.9324 1002.94
Middle: -81.1106 36.0778 1058.32
Ring: -43.3581 35.2383 1056.15
Little: -7.67317 55.8489 1055.16
Thumb: -134.907 181.619 1055.41
Index: -90.1639 94.0448 1002.8
Middle: -77.6793 35.0911 1058.47
Ring: -40.2925 35.1849 1056.56
Little: -5.04433 57.375 1055.16
Thumb: -135.734 179.834 1058.67
Index: -91.8652 86.2108 1006.86
Middle: -74.0529 34.0601 1060.42
Ring: -36.6947 35.4073 1057.49
Little: -2.16446 57.0523 1055.5
Thumb: -136.614 177.413 1060.11
Index: -89.3275 84.8109 1008.2
Middle: -70.7841 33.4719 1062.53
Ring: -33.4817 36.3939 1058.69
Little: 0.671322 61.2441 1055.96
Thumb: -137.442 175.886 1064.21
Index: -88.4739 77.3142 1012.22
Middle: -66.4492 32.8817 1062.19
Ring: -30.8303 36.8135 1058.9
Little: 3.24396 100.691 1020.8
Thumb: -137.171 173.42 1068.34
Index: -85.5098 79.4556 1012.33
Middle: -62.2482 30.7934 1064.02
Ring: -26.2577 34.7991 1060.95
Little: 4.02599 100.192 1015.71
Thumb: -135.934 170.684 1070.56
Index: -78.4212 85.3268 1008.93
Middle: -56.6046 31.195 1062.5
Ring: -21.2059 33.368 1063.6
Little: 9.3927 98.0349 1017.84
Thumb: -134.646 168.942 1074.96
Index: -78.4581 70.6532 1016.59
Middle: -53.6375 28.9851 1064.8
Ring: -23.8419 102.679 998.656
Little: 9.65806 100.07 1017.47
Thumb: -130.234 166.445 1079.52
Index: -73.1801 68.0766 1018.33
Middle: -48.1804 28.1431 1064.3
Ring: -22.019 99.1978 998.651
Little: 12.5679 99.8123 1017.06
Thumb: -121.93 164.851 1082.08
Index: -68.0034 68.7094 1023.23
Middle: -44.5784 23.3451 1073.76
Ring: -16.1677 96.9385 1004.49
Little: 18.5545 96.6015 1022.9
Thumb: -117.035 162.295 1084.24
Index: -62.0956 75.2683 1020.91
Middle: -38.2239 21.422 1072.94
Ring: -9.28781 92.8458 1005.38
Little: 25.2925 93.8472 1023.91
Thumb: -110.907 158.058 1085.16
Index: -55.555 70.2298 1020.85
Middle: -30.3758 17.6782 1075.86
Ring: -1.76208 91.0845 1006.55
Little: 31.1943 91.0858 1025.72
Thumb: -106.519 152.501 1085.92
Index: -49.846 67.7468 1022.79
Middle: -22.6781 16.1343 1077.33
Ring: 3.1304 90.6474 1007.98
Little: 36.3214 92.0995 1026.67
Thumb: -101.423 148.703 1085.6
Index: -44.3127 63.2425 1024.31
Middle: -15.1976 14.6712 1076.78
Ring: 10.3359 88.7503 1009.04
Little: 43.3174 90.7339 1028.12
Thumb: -96.3206 146.096 1087.34
Index: -37.4679 58.6304 1023.98
Middle: -7.45846 14.1527 1074.64
Ring: 16.9036 88.3553 1007.26
Little: 49.4407 89.27 1026.44
Thumb: -92.1669 143.814 1087.03
Index: -30.8365 56.7732 1024.23
Middle: 0.388452 12.6087 1075.35
Ring: 21.3929 87.6909 1007.13
Little: 55.7918 91.2467 1025.74
Thumb: -88.8171 140.809 1085.27
Index: -22.9098 62.6424 1017.67
Middle: 7.27937 11.5249 1072.3
Ring: 29.2392 85.3024 1006.41
Little: 61.0109 85.4583 1026.85
Thumb: -85.3582 141.47 1083.1
Index: -14.9434 66.2938 1013.83
Middle: 15.7765 11.4545 1069.98
Ring: 35.8465 82.9795 1005.36
Little: 68.6301 87.1036 1025.43
Thumb: -82.1772 143.307 1091.51
Index: -8.0691 72.8455 1012.35
Middle: 22.3197 12.7709 1070.85
Ring: 44.0729 87.6805 1005.69
Little: 74.7464 88.6178 1026.57
Thumb: -76.2477 142.765 1093.05
Index: -0.708219 74.3532 1013.03
Middle: 28.7324 10.9192 1074.35
Ring: 50.7647 81.4299 1008.16
Little: 81.6204 89.6278 1028.38
Thumb: -71.3326 140.904 1091.9
Index: 7.19224 80.2022 1012.22
Middle: 35.5215 11.0528 1074.36
Ring: 55.9651 83.9209 1009.52
Little: 88.6623 88.1607 1031.11
Thumb: -64.0529 143.805 1095.05
Index: 12.8072 79.3016 1013.04
Middle: 41.1361 10.5822 1074.93
Ring: 61.194 83.3278 1009.27
Little: 93.8223 85.7503 1030.5
Thumb: -57.4191 145.652 1086.83
Index: 18.1245 79.8232 1012.58
Middle: 46.0098 10.3576 1073.71
Ring: 68.8597 87.6986 1008.08
Little: 99.6981 84.0882 1029.99
Thumb: -53.1682 148.076 1097.68
Index: 19.5901 81.0613 1014.35
Middle: 48.8128 9.4767 1074.96
Ring: 69.8731 85.821 1009.08
Little: 100.821 80.7761 1030.6
Thumb: -51.2213 148.895 1102.12
Index: 18.1243 72.1184 1016.45
Middle: 47.936 9.70651 1073.36
Ring: 68.5929 83.0647 1009
Little: 100.787 79.9294 1029.29
Thumb: -48.0819 151.098 1114.23
Index: 16.4194 70.6123 1021.87
Middle: 42.1945 10.2074 1076.66
Ring: 63.886 78.9304 1011.45
Little: 98.9943 79.763 1028.52
Thumb: -41.4552 152.233 1126.1
Index: 13.8359 62.8094 1031.72
Middle: 37.4403 15.002 1081.19
Ring: 55.5715 81.977 1013.5
Little: 92.6069 83.5418 1026.65
Thumb: -36.1248 157.362 1137.74
Index: 10.985 57.5838 1042.16
Middle: 32.571 20.0898 1085.45
Ring: 52.9308 25.5736 1080.82
Little: 86.0014 85.195 1026.03
Thumb: -30.8025 161.398 1145.63
Index: 13.9613 60.0374 1049.41
Middle: 28.9537 26.5807 1091
Ring: 46.8668 28.5859 1087.48
Little: 75.7321 65.391 1048.31
Thumb: -20.0083 166.531 1149.07
Index: 11.137 54.1371 1068.91
Middle: 24.7084 30.7991 1102.1
Ring: 35.7181 32.0025 1096.52
Little: 80.0047 95.4932 1042.23
Thumb: -13.3271 168.022 1157.6
Index: 40.1397 41.1986 1099.91
Middle: 24.2955 34.5733 1108.26
Ring: 32.9162 38.7887 1099.02
Little: 75.3348 101.243 1041.87
Thumb: -11.5876 167.021 1165.91
Index: 37.909 48.6889 1099.56
Middle: 28.7033 34.7464 1108.26
Ring: 33.5184 38.9552 1099.9
Little: 65.4701 103.574 1036.83
Thumb: -4.93288 167.845 1171.62
Index: 33.0014 55.1546 1099.44
Middle: 26.8416 47.8805 1108.38
Ring: 28.7532 56.1298 1086.98
Little: 61.3696 103.521 1036.58
Thumb: -0.313498 166.678 1181.56
Index: 34.7802 52.4736 1101
Middle: 28.8201 47.8362 1111.63
Ring: 33.4193 39.6729 1102.36
Little: 72.2043 104.679 1046.62
Thumb: 13.2265 170.137 1184.75
Index: 36.0716 52.3751 1103.51
Middle: 28.4365 42.4188 1116.89
Ring: 31.2466 43.0079 1104.33
Little: 71.0638 105.405 1045.74
Thumb: 24.6545 171.807 1182.16
Index: 36.112 57.238 1104.16
Middle: 37.8398 35.7474 1129.04
Ring: 32.2856 46.9913 1106.13
Little: 69.6182 107.766 1042.09
Thumb: 35.8515 172.562 1188.59
Index: 34.1999 59.6006 1105.87
Middle: 37.9967 38.1404 1129.98
Ring: 32.4559 48.9949 1106.68
Little: 68.3571 109.796 1041.7
Thumb: 40.7218 172.806 1188.58
Index: 34.0691 61.599 1107.73
Middle: 38.1509 39.0476 1130.12
Ring: 28.764 52.6437 1104.49
Little: 66.7668 109.784 1041.02
Thumb: 45.4175 170.595 1190.01
Index: 36.2703 59.0232 1105.43
Middle: 38.9725 38.8462 1130.92
Ring: 27.0812 54.5855 1103.39
Little: 66.5943 110.574 1040.66
Thumb: 48.0886 172.068 1190.52
Index: 35.4401 59.2722 1107.28
Middle: 38.6038 38.6344 1132.46
Ring: 26.9138 54.4607 1105.83
Little: 66.5053 109.565 1041.34
Thumb: 49.5969 170.174 1189.7
Index: 29.56 62.2047 1108.54
Middle: 40.2311 37.7374 1135.45
Ring: 24.5082 55.751 1107.8
Little: 65.5584 109.811 1041.7
Thumb: 49.6463 170.212 1189.9
Index: 28.7633 62.522 1109.17
Middle: 39.4317 37.3816 1135.89
Ring: 24.1711 55.3164 1108.45
Little: 65.6055 109.34 1041.92
Thumb: 49.6483 167.408 1189.07
Index: 27.8519 62.8478 1109.91
Middle: 38.7367 36.6552 1133.41
Ring: 23.5365 55.6949 1108.59
Little: 65.3609 109.204 1042.06
Thumb: 49.523 163.469 1186.96
Index: 25.8186 63.3136 1110.26
Middle: 36.7563 36.6972 1134.14
Ring: 22.1992 55.533 1110.12
Little: 63.6568 108.823 1041.8
Thumb: 43.5669 163.67 1186.44
Index: 24.2899 61.3414 1113.4
Middle: 34.3858 36.5825 1137.24
Ring: 19.1169 56.6232 1112.34
Little: 61.7737 107.445 1044.33
Thumb: 38.5916 158.813 1188.74
Index: 23.7404 61.2696 1114.38
Middle: 30.5216 35.5884 1138.5
Ring: 16.3486 56.4676 1110.22
Little: 63.327 105.376 1046.76
Thumb: 35.8213 156.477 1187.35
Index: 20.5058 63.822 1114.88
Middle: 26.8867 36.5259 1137.93
Ring: 13.382 59.2464 1108.86
Little: 61.996 104.756 1047.65
Thumb: 31.2893 155.984 1186.08
Index: 19.6842 66.1822 1114.85
Middle: 23.3561 36.7079 1139.46
Ring: 10.6589 58.9343 1106.07
Little: 63.0628 103.028 1047.96
Thumb: 24.5969 153.28 1180.43
Index: 19.2884 65.9562 1114.12
Middle: 20.6012 38.4223 1138.11
Ring: 10.188 58.7044 1105.05
Little: 63.2983 102.253 1047.72
Thumb: 15.6915 148.779 1180.26
Index: 16.221 65.5376 1114.92
Middle: 18.3118 37.6359 1139.95
Ring: 7.26059 58.922 1104.73
Little: 60.9103 100.043 1049.36
Thumb: 8.67562 144.399 1179.86
Index: 12.1487 65.7323 1117.99
Middle: 14.7731 36.6628 1141.67
Ring: 4.62194 60.9312 1106.33
Little: 58.9928 100.821 1052.88
Thumb: 1.9918 141.372 1174.52
Index: 9.18915 64.9102 1117.16
Middle: 12.4006 34.6958 1141.52
Ring: 2.80734 59.2972 1105.76
Little: 58.2091 98.579 1053.52
Thumb: -4.91619 138.601 1171.83
Index: 12.6872 55.028 1117.26
Middle: 11.5406 33.9124 1144.03
Ring: 5.04704 55.6806 1106.53
Little: 58.0654 98.647 1054.51
Thumb: -9.20228 133.77 1165.72
Index: 11.9043 53.0047 1115.77
Middle: 5.76156 36.7033 1141.51
Ring: 5.04708 46.0454 1109.98
Little: 55.9016 95.8633 1052.2
Thumb: -12.9806 129.218 1163.11
Index: 13.9809 44.3176 1114.91
Middle: 1.9895 40.8076 1135.46
Ring: 7.03424 38.9934 1112.18
Little: 54.1029 93.3976 1051.18
Thumb: -16.4035 125.475 1159.08
Index: 11.0825 45.8438 1112.05
Middle: -2.46868 44.6991 1126.75
Ring: 7.30447 35.4155 1111
Little: 50.0561 92.8455 1047.91
Thumb: -21.071 118.918 1157.1
Index: 14.4086 30.1892 1110.59
Middle: -5.02409 47.5519 1120.3
Ring: 3.56651 32.6212 1108.16
Little: 47.6382 91.0591 1047.34
Thumb: -22.456 114.682 1155.25
Index: 12.0333 30.5206 1107.66
Middle: -10.1966 48.9583 1113.84
Ring: 3.04468 30.3845 1106.21
Little: 46.1704 90.7863 1045.76
Thumb: -24.5945 109.813 1148.86
Index: 10.4765 29.4014 1105.49
Middle: -12.0758 48.8039 1110.74
Ring: 1.87966 29.3891 1104.08
Little: 44.5474 89.9747 1043.97
Thumb: -25.9137 109.551 1147.5
Index: 3.32742 32.6344 1105.53
Middle: -16.1538 56.5096 1106.26
Ring: 2.13515 54.6427 1089.1
Little: 40.7956 87.8774 1043.53
Thumb: -27.3514 110.907 1144.46
Index: -0.625285 34.8533 1105.91
Middle: -18.8881 59.4817 1105.74
Ring: -1.17373 56.943 1088.48
Little: 38.9708 87.0197 1043.93
Thumb: -28.0079 111.423 1139.99
Index: -6.2874 37.9402 1106.56
Middle: -21.0495 63.338 1106.45
Ring: -5.37006 58.9979 1088.95
Little: 37.0051 87.8463 1042.65
Thumb: -29.7785 112.728 1141.25
Index: -31.0473 76.2535 1124.19
Middle: -19.3859 59.5971 1104.26
Ring: -11.8367 53.711 1090.92
Little: 32.8391 88.6438 1041.17
Thumb: -29.1986 112.719 1139.8
Index: -32.6854 82.8894 1124.23
Middle: -21.3516 65.2917 1103.84
Ring: -13.5139 59.0611 1090.86
Little: 16.3106 87.7311 1038.56
Thumb: -33.3895 110.673 1135.04
Index: -33.8599 90.2505 1119.72
Middle: -25.8526 67.5547 1103.54
Ring: -9.97397 123.005 1035.12
Little: 24.7245 89.036 1037.77
Thumb: -33.6717 109.823 1132.59
Index: -35.4271 91.149 1118.53
Middle: -27.9267 68.7089 1101.99
Ring: -9.14853 124.035 1033.88
Little: 24.329 87.1544 1037.81
Thumb: -35.0137 110.093 1128.7
Index: -36.9247 93.084 1115.78
Middle: -29.6622 72.2194 1097.87
Ring: -9.56736 123.949 1031.61
Little: 22.5727 88.7288 1033.32
Thumb: -35.6563 113.578 1127.88
Index: -36.5717 97.8875 1116.36
Middle: -32.056 75.8163 1099.19
Ring: -11.616 123.559 1032.15
Little: 23.202 90.2228 1032.61
Thumb: -37.2804 113.629 1125.06
Index: -37.2532 98.6303 1116
Middle: -33.9882 75.3329 1099.29
Ring: -14.2809 123.697 1031.24
Little: 21.5168 89.9952 1032.58
Thumb: -37.807 113.504 1127.48
Index: -39.3872 99.3592 1115.5
Middle: -36.1751 75.7468 1098.94
Ring: -14.7935 125.882 1030.21
Little: 20.9986 91.5873 1033.08
Thumb: -40.1419 112.331 1127.8
Index: -41.1839 98.9821 1114.95
Middle: -38.3119 75.2058 1098.18
Ring: -14.9085 126.052 1031.37
Little: 20.2257 93.4795 1032.98
Thumb: -42.1036 112.165 1123.3
Index: -41.3282 98.1277 1113.37
Middle: -38.9119 74.0555 1096.64
Ring: -17.3598 126.048 1029.01
Little: 18.3027 92.8269 1031.08
Thumb: -44.5586 114.29 1128.1
Index: -43.555 97.4168 1111.95
Middle: -40.05 74.2369 1094.69
Ring: -18.4874 126.026 1028.23
Little: 3.44732 103.202 1015.87
Thumb: -46.7409 114.27 1128.72
Index: -48.6749 93.5476 1111.75
Middle: -38.4676 75.7692 1093.78
Ring: -22.4829 126.407 1027.82
Little: -20.3161 97.134 1013.33
Thumb: -48.5232 119.649 1140
Index: -49.6356 88.7872 1111.91
Middle: -38.011 71.0065 1092.97
Ring: -28.4186 123.335 1028.1
Little: -22.0937 95.7517 1012.98
Thumb: -51.0517 121.694 1142.48
Index: -51.8563 82.998 1108.11
Middle: -40.4611 72.6326 1097
Ring: -40.4728 55.0392 1083.82
Little: -5.91094 109.37 1013.62
Thumb: -53.4084 124.089 1142.27
Index: -52.2135 82.8168 1105.46
Middle: -31.4622 75.4344 1087.17
Ring: -37.7614 56.6274 1080.3
Little: -3.80327 107.305 1013.96
Thumb: -54.1035 129.048 1144.07
Index: -39.7522 69.6935 1101.17
Middle: -28.7261 77.9468 1087.56
Ring: -37.9661 56.5272 1079.32
Little: -5.14506 107.741 1012.1
Thumb: -55.1696 133.495 1145.92
Index: -35.5487 62.9059 1095.35
Middle: -46.2006 64.1472 1080.68
Ring: -35.1536 54.4768 1081.58
Little: -6.55193 106.992 1011.67
Thumb: -53.3723 137.935 1147.57
Index: -36.4342 55.9964 1088.57
Middle: -45.3147 60.1005 1077.22
Ring: -34.0924 49.5125 1078.53
Little: -5.73084 104.077 1009.24
Thumb: -54.5485 140.577 1147.21
Index: -35.1509 52.6372 1087.5
Middle: -44.876 52.3062 1073.53
Ring: -32.9353 47.5403 1078.44
Little: -4.26117 104.291 1008.2
Thumb: -55.403 143.967 1149.85
Index: -34.5299 52.0952 1085.32
Middle: -43.6089 50.2374 1071.44
Ring: -30.6544 45.5066 1077.6
Little: -6.00937 102.335 1007.72
Thumb: -58.0853 144.159 1147.47
Index: -26.2068 40.9806 1084.9
Middle: -41.4622 48.1169 1069.7
Ring: -28.2362 44.5705 1075.63
Little: -6.36449 102.859 1006.51
Thumb: -59.7232 146.817 1148.29
Index: -31.474 47.4876 1083.41
Middle: -40.421 43.5631 1070.24
Ring: -26.5966 41.2236 1077.88
Little: -8.70455 100.56 1006.66
Thumb: -59.663 149.422 1147.5
Index: -19.574 36.274 1084.48
Middle: -33.5702 42.0486 1060.6
Ring: -25.1679 48.5725 1065.6
Little: -15.9065 60.0036 1029.66
Thumb: -61.1381 151.345 1143.3
Index: -15.5742 34.0933 1084.51
Middle: -24.2551 41.7281 1050.55
Ring: -14.6875 48.2421 1064.48
Little: -12.0433 66.841 1025.21
Thumb: -70.2875 152.584 1137.84
Index: -12.4329 33.5792 1087.1
Middle: -21.5542 57.3969 1051.19
Ring: -9.55074 48.3739 1064.52
Little: 4.30999 80.9696 1024.65
Thumb: -78.0529 156.431 1128.11
Index: -14.2326 31.5515 1088.09
Middle: -29.5069 56.6023 1061.53
Ring: -5.55039 30.2214 1065.94
Little: 16.0796 80.283 1031.45
Thumb: -84.5534 159.831 1121.5
Index: -8.90074 30.4926 1091.2
Middle: -16.6993 75.5046 1066.26
Ring: 1.45685 30.9109 1068.51
Little: 31.1387 83.7543 1043.22
Thumb: -91.4295 160.776 1110.57
Index: -34.703 58.0454 1048.73
Middle: -11.1144 31.3409 1078.13
Ring: 8.71022 30.2301 1072.94
Little: 41.8321 95.044 1046.94
Thumb: -93.8927 159.221 1100.58
Index: -34.7984 64.3954 1046.1
Middle: -9.51696 34.1344 1079.35
Ring: 12.7168 30.1093 1076.77
Little: 42.1508 97.447 1049.88
Thumb: -91.2466 160.407 1094.06
Index: -36.3962 70.8925 1043.39
Middle: -11.0603 32.4955 1081.96
Ring: 11.3628 41.4989 1075.82
Little: 43.0898 94.4971 1051.9
Thumb: -90.0849 162.034 1091.71
Index: -37.269 72.751 1044.95
Middle: -12.27 33.6568 1084.23
Ring: 10.3369 41.242 1078.59
Little: 46.5796 93.6517 1065.19
Thumb: -88.0768 157.342 1086.89
Index: -36.867 75.5717 1042.29
Middle: -12.1955 31.5568 1085.19
Ring: 10.6428 38.5351 1080.56
Little: 40.7254 87.93 1052.46
Thumb: -83.1504 154.475 1085.21
Index: -38.6054 73.1965 1044.57
Middle: -12.2542 29.7315 1087.02
Ring: 11.2054 37.4442 1082.89
Little: 50.6169 89.4216 1074.29
Thumb: -79.5561 148.598 1083.4
Index: -39.0383 71.434 1045.62
Middle: -14.4091 27.7487 1087.59
Ring: 11.4231 34.6243 1083.53
Little: 51.8065 89.0968 1075.33
Thumb: -79.7549 141.49 1077.28
Index: -39.6316 67.2348 1041.88
Middle: -12.8323 27.9354 1081.74
Ring: 15.4843 31.6294 1081.61
Little: 53.4981 87.2189 1077.32
Thumb: -74.2429 134.485 1066.18
Index: -39.2383 62.6184 1039.65
Middle: -12.2475 33.7367 1075.22
Ring: 18.3546 28.501 1080.02
Little: 53.2084 85.9073 1076.59
Thumb: -67.4963 127.679 1051.98
Index: -42.4789 56.1677 1039.92
Middle: -12.0526 31.2778 1070.93
Ring: 16.2215 26.3956 1077.44
Little: 50.3197 84.1202 1073.86
Thumb: -61.373 122.044 1045.2
Index: -43.1405 54.6712 1035.98
Middle: -13.5733 34.3258 1064.26
Ring: 13.8995 61.5587 1075.22
Little: 50.2402 79.9068 1072.69
Thumb: -34.0258 103.797 1038.85
Index: -43.0646 50.2254 1031.02
Middle: -11.1623 45.7804 1064.79
Ring: 13.1788 57.7536 1073.42
Little: 48.692 77.9009 1072.79
Thumb: -35.4016 100.678 1031.53
Index: -42.0474 57.4217 1024.46
Middle: -10.2632 51.0333 1065.3
Ring: 12.9627 55.7861 1071.87
Little: 49.6926 79.556 1073.1
Thumb: -33.2897 100.768 1027.28
Index: -41.4618 68.1289 1035.99
Middle: -11.8965 50.1162 1063.08
Ring: 13.8098 76.4671 1062.61
Little: 48.8523 82.2749 1067.66
Thumb: -35.4106 101.996 1024.44
Index: -41.7022 70.2521 1036.65
Middle: -12.6833 52.5229 1058.89
Ring: 13.1994 75.9513 1062.6
Little: 48.5101 82.8419 1066.16
Thumb: -37.4237 99.594 1023.94
Index: -43.8298 69.967 1036.06
Middle: -14.3486 53.8489 1057.26
Ring: 11.5631 78.0733 1061.63
Little: 44.9333 83.8567 1065.27
Thumb: -37.352 99.5924 1023.62
Index: -43.9767 69.7079 1035.82
Middle: -14.5153 54.7074 1053.42
Ring: 12.0665 81.6573 1062.42
Little: 44.9227 84.2129 1064.15
Thumb: -37.4331 97.444 1021.48
Index: -45.253 71.4747 1032.83
Middle: -15.5877 54.8663 1051.73
Ring: 10.6755 80.8366 1059.49
Little: 43.6759 83.4948 1062
Thumb: -38.9944 96.7883 1018.83
Index: -43.0742 82.6652 1060.52
Middle: -16.651 55.4276 1050.05
Ring: 8.87099 79.2641 1055.89
Little: 42.0598 84.896 1058.87
Thumb: -39.1214 96.8081 1017.01
Index: -43.7679 82.8596 1058.54
Middle: -16.8402 55.4024 1049.19
Ring: 8.276 79.6195 1055.19
Little: 41.2729 87.1121 1056.01
Thumb: -42.3765 96.0023 1016.16
Index: -47.0623 88.3695 1057.78
Middle: -19.818 55.4412 1046.34
Ring: 4.08129 76.729 1051.47
Little: 38.1053 85.6876 1056.74
Thumb: -45.2305 95.9266 1016.16
Index: -47.6171 88.1169 1057.8
Middle: -20.6066 57.2593 1044.4
Ring: 3.06816 62.2502 1053.36
Little: 37.0962 88.0282 1055.71
Thumb: -44.8427 95.8068 1015.5
Index: -48.3371 89.4345 1055.63
Middle: -21.9489 56.4758 1043.43
Ring: 1.89482 62.402 1051.61
Little: 36.4302 87.654 1054.02
Thumb: -44.6519 96.7981 1014.08
Index: -48.2849 89.8678 1054.77
Middle: -21.6546 56.407 1041.24
Ring: 2.24569 63.06 1050.98
Little: 36.6687 86.6506 1056.43
Thumb: -46.6072 97.275 1012.9
Index: -50.1666 91.0326 1053.82
Middle: -23.8983 57.1958 1039.46
Ring: 0.168582 61.9711 1050.27
Little: 34.8931 88.8853 1054.41
Thumb: -44.7089 96.3048 1010.1
Index: -50.479 90.18 1049.54
Middle: -23.0028 57.2643 1044.21
Ring: -0.0258603 59.5122 1049.49
Little: 34.852 90.2798 1051.81
Thumb: -46.6992 97.3427 1008.66
Index: -50.1673 89.4265 1048.62
Middle: -22.4447 57.1001 1043.29
Ring: 0.457934 59.1714 1048.77
Little: 35.4096 88.6982 1051.39
Thumb: -46.7601 97.399 1008.65
Index: -50.2365 88.4148 1048.6
Middle: -22.1645 58.7598 1044.67
Ring: 0.452328 59.1882 1048.82
Little: 35.4635 88.4963 1051.44
Thumb: -48.7446 97.9383 1008.23
Index: -50.8341 86.6078 1047.87
Middle: -22.8304 58.3468 1044.45
Ring: -0.194595 58.2233 1049.33
Little: 34.653 86.5387 1051.31
Thumb: -50.0197 100.478 1010.58
Index: -51.9054 89.4629 1049.84
Middle: -24.6875 58.7678 1049.16
Ring: -2.18543 59.5488 1051.18
Little: 33.249 85.951 1052.43
Thumb: -52.9133 99.5142 1014.94
Index: -53.9919 88.2098 1053.41
Middle: -27.0017 56.678 1051.54
Ring: -4.33327 58.5454 1054.73
Little: 31.0356 84.3636 1054.92
Thumb: -54.5967 100.666 1022.75
Index: -55.8237 91.9675 1061.18
Middle: -29.3939 56.7706 1056.77
Ring: -6.15828 60.793 1060.4
Little: 29.2853 87.7255 1060.33
Thumb: -56.8614 96.5597 1033.22
Index: -56.324 90.1022 1070.25
Middle: -30.3154 55.3295 1064.36
Ring: -8.84843 52.782 1062.18
Little: 28.8923 86.5939 1065.88
Thumb: -71.3489 105.844 1051.7
Index: -57.5371 79.27 1089.35
Middle: -35.943 51.7216 1071.23
Ring: -14.4049 51.4673 1069.01
Little: 26.9553 87.7142 1071.71
Thumb: -74.0151 111.51 1069.11
Index: -63.6536 73.9268 1096.28
Middle: -47.8811 48.2244 1080.08
Ring: -28.639 39.9982 1076.13
Little: 14.6852 93.1641 1054.77
Thumb: -73.8472 119.929 1082.54
Index: -64.7627 61.1058 1108.82
Middle: -55.8928 49.1898 1095.54
Ring: -43.9237 27.9048 1092.73
Little: 9.81137 92.3724 1060.19
Thumb: -73.2395 125.898 1097.56
Index: -62.3782 63.1499 1118.02
Middle: -57.3973 44.1482 1109.55
Ring: -45.4981 28.4316 1105.71
Little: 8.26193 95.9663 1061.79
Thumb: -73.0475 132.586 1106.28
Index: -59.6826 65.8202 1124.32
Middle: -56.704 48.637 1115.92
Ring: -42.9613 30.7379 1111.92
Little: 9.1266 99.0451 1064.96
Thumb: -71.6077 138.85 1115.64
Index: -53.7674 68.8974 1124.04
Middle: -45.9071 49.2001 1113.06
Ring: -36.39 32.4785 1113.94
Little: 15.4737 103.224 1066.43
Thumb: -70.0607 145.459 1122.84
Index: -48.3851 72.3692 1126.44
Middle: -37.461 48.5152 1114.45
Ring: -30.925 68.1101 1096.38
Little: 20.6758 106.422 1068.44
Thumb: -65.7521 150.631 1124.7
Index: -43.8608 72.8258 1130.89
Middle: -35.1526 53.3706 1117.6
Ring: -13.4654 85.4127 1103.08
Little: 23.3424 107.816 1068.27
Thumb: -63.2608 152.286 1127.02
Index: -46.4003 80.2057 1120.28
Middle: -28.1261 53.5292 1118.81
Ring: -5.45969 90.0075 1106.75
Little: 13.3104 99.1647 1064.19
Thumb: -59.01 153.895 1135.53
Index: -41.2847 84.0106 1118.58
Middle: -22.6494 54.2487 1117.14
Ring: -1.03019 114.502 1086.21
Little: 15.7231 101.243 1060.6
Thumb: -55.0479 155.378 1134.54
Index: -37.1019 83.9723 1117.14
Middle: -18.0237 54.0598 1115.29
Ring: 4.63859 112.171 1087.7
Little: 20.4806 105.046 1053.7
Thumb: -50.8544 155.263 1134.76
Index: -32.0743 83.8739 1113.11
Middle: -14.0682 53.762 1113.45
Ring: 5.38811 113.408 1076.81
Little: 21.0536 100.377 1051.18
Thumb: -50.6007 152.905 1134.68
Index: -25.8055 77.8341 1110.04
Middle: -8.49672 51.201 1111.48
Ring: 6.08265 113.002 1069.98
Little: 26.6825 101.992 1047.09
Thumb: -45.8254 149.517 1136.14
Index: -19.8515 71.9822 1106.76
Middle: -4.40251 49.2546 1108.52
Ring: 10.6943 109.962 1067.6
Little: 28.1037 98.3631 1043.47
Thumb: -44.1516 143.578 1140.95
Index: -10.1313 58.2062 1103.49
Middle: 7.72241 42.6114 1098.84
Ring: -5.66893 62.3843 1092.26
Little: 31.2657 96.8705 1037.76
Thumb: -42.4123 137.463 1141.06
Index: 9.16524 40.3421 1110.21
Middle: 15.2728 39.303 1094.43
Ring: 7.37918 37.7255 1114.88
Little: 32.7759 96.8361 1034.29
Thumb: -38.8643 130.291 1135.8
Index: -4.68218 49.2168 1123.99
Middle: 12.0704 36.9998 1100.93
Ring: 14.1865 34.8357 1109.86
Little: 33.6135 95.1795 1031.01
Thumb: -36.7639 124.794 1135.69
Index: -4.75348 46.0347 1126.06
Middle: 0.45645 41.9685 1116.1
Ring: 24.6178 26.1252 1120.58
Little: 33.8762 93.4005 1030.39
Thumb: -31.8518 120.894 1132.39
Index: 4.81321 26.7703 1142.83
Middle: 4.04383 32.6346 1110.43
Ring: 15.8605 28.1705 1115
Little: 30.4471 93.2253 1029.29
Thumb: -24.1704 119.556 1127.74
Index: -1.32099 31.3584 1144.24
Middle: -5.06643 37.1113 1114.24
Ring: 6.86161 32.2267 1112.27
Little: 22.3978 89.1951 1027.01
Thumb: -21.5059 119.924 1128.9
Index: -11.5554 39.8443 1152.32
Middle: -13.3137 43.8174 1118.52
Ring: 40.4058 105.078 1063.6
Little: 23.9017 94.1261 1022.13
Thumb: -21.2515 116.303 1126.28
Index: -21.7597 46.452 1144.51
Middle: -17.3504 49.0789 1120.66
Ring: 38.1519 101.991 1064.55
Little: 24.396 92.329 1022.85
Thumb: -21.5904 113.152 1125.51
Index: -16.6613 52.9641 1128.7
Middle: -12.2414 62.2769 1105.65
Ring: 37.2428 100.701 1062.69
Little: 24.2008 91.688 1020.82
Thumb: -21.7054 111.812 1126.6
Index: -16.4261 51.2698 1128.52
Middle: -12.5474 60.5951 1106.13
Ring: 37.3988 100.429 1062.93
Little: 23.1221 90.7617 1021.2
Thumb: -21.7596 108.759 1130.46
Index: -18.7993 50.662 1129.62
Middle: -15.247 60.6044 1108.08
Ring: 35.4749 100.809 1065.46
Little: 14.4711 83.4706 1027.23
Thumb: -21.1324 108.179 1129.03
Index: -18.7799 50.6465 1129.58
Middle: -15.833 59.3989 1108.96
Ring: 35.0649 100.59 1065.47
Little: 14.5902 83.6337 1027.14
Thumb: -22.3307 108.311 1135.36
Index: -25.1884 52.8363 1133.59
Middle: -20.1735 59.9433 1110.27
Ring: 31.4545 99.3751 1066.96
Little: 11.4921 82.4174 1028.69
Thumb: -22.3469 108.114 1134.83
Index: -31.0384 60.0876 1143.27
Middle: -21.8387 55.7208 1113.59
Ring: 30.9337 99.057 1067.02
Little: 11.8076 82.7237 1028.47
Thumb: -22.243 109.745 1130.82
Index: -32.2189 67.5307 1144.06
Middle: -22.666 59.6938 1114.25
Ring: 28.0111 99.4697 1066.49
Little: 7.05183 83.5177 1029.13
Thumb: -22.3064 109.835 1131.03
Index: -31.8745 75.7673 1138.79
Middle: -23.9478 61.9631 1114.38
Ring: 25.5231 100.5 1065.89
Little: 2.75082 84.6401 1029.28
Thumb: -22.5132 109.809 1130.69
Index: -30.7006 79.1804 1136.02
Middle: -24.4043 61.5297 1114.77
Ring: 25.6551 100.642 1066.01
Little: 7.74028 89.1586 1026.8
Thumb: -25.4772 108.764 1134.9
Index: -30.5419 81.8396 1136.7
Middle: -26.0212 62.3366 1116.57
Ring: 24.3049 101.76 1068.93
Little: 2.62119 88.1852 1030.42
Thumb: -25.5109 108.715 1134.89
Index: -30.4638 81.9544 1136.62
Middle: -26.0414 62.3183 1116.58
Ring: 24.3036 101.74 1068.94
Little: 1.70304 87.2346 1030.97
Thumb: -25.5796 109.116 1135.51
Index: -30.4704 81.9546 1136.62
Middle: -26.0409 62.3345 1116.57
Ring: 24.1988 101.69 1068.95
Little: 3.06063 88.4335 1030.35
Thumb: -25.7608 109.113 1135.34
Index: -30.546 81.8347 1136.7
Middle: -26.0356 62.3454 1116.56
Ring: 23.2639 101.268 1068.96
Little: 4.5955 89.6112 1029.83
Thumb: -25.7739 109.104 1135.34
Index: -30.5371 81.809 1136.7
Middle: -26.0246 62.3203 1116.56
Ring: 22.8491 101.04 1069
Little: 5.56739 90.4938 1029.35
Thumb: -25.7785 109.101 1135.33
Index: -30.528 81.8005 1136.69
Middle: -26.016 62.3128 1116.55
Ring: 22.8592 101.043 1069
Little: 5.5162 90.455 1029.36
Thumb: -26.5636 109.635 1134.8
Index: -31.8405 82.4896 1137.49
Middle: -27.4827 62.8702 1117.44
Ring: 22.9221 101.669 1069.58
Little: 0.676882 87.5808 1031.5
Thumb: -26.8907 113.119 1137.09
Index: -31.986 84.0985 1136.53
Middle: -27.4498 64.6036 1116.43
Ring: 23.6923 102.021 1068.9
Little: 7.65779 92.3431 1028.58
Thumb: -29.0094 117.232 1137.46
Index: -33.3637 86.007 1135.75
Middle: -29.5645 66.4543 1115.55
Ring: 22.7118 101.594 1067.42
Little: 3.24226 89.9222 1028.47
Thumb: -29.2067 120.089 1140.74
Index: -31.5299 82.1054 1138.75
Middle: -27.3751 64.3622 1117.59
Ring: 24.2433 103.054 1067
Little: 12.1756 97.0994 1026.47
Thumb: -28.5244 125.132 1147.04
Index: -28.9135 80.0299 1135.7
Middle: -24.4614 61.5412 1114.62
Ring: 26.5059 104.294 1065.77
Little: 7.84594 94.9821 1025.18
Thumb: -26.9793 127.652 1154.1
Index: -29.6266 64.6217 1145.88
Middle: -21.4626 60.3686 1113.61
Ring: 28.7611 105.597 1065.72
Little: 10.1678 96.5845 1024.76
Thumb: -22.2165 132.28 1161.41
Index: -25.9001 58.6503 1143.42
Middle: -19.7595 52.7372 1114.52
Ring: 13.1146 90.0346 1068.79
Little: 18.5448 101.817 1020.43
Thumb: -11.9099 135.905 1168.16
Index: -21.4867 59.1997 1144.95
Middle: -17.4803 49.6672 1116.41
Ring: 14.2475 89.9135 1067.54
Little: 8.28271 84.1952 1030.46
Thumb: -5.02462 139.344 1176.55
Index: -16.4243 54.9428 1142.04
Middle: -12.6843 46.1857 1114.49
Ring: 15.7102 89.3838 1066.1
Little: 5.16042 78.1698 1032.32
Thumb: 2.51003 140.846 1176.61
Index: -6.45813 37.2457 1158.37
Middle: -11.0093 43.4651 1117
Ring: 14.1011 86.8229 1064.89
Little: 1.2597 78.8843 1028.47
Thumb: 10.9024 142.666 1179.18
Index: -1.70654 36.7953 1157.48
Middle: -7.43421 42.8311 1115.42
Ring: 15.2099 86.0874 1063.9
Little: -1.0954 72.6563 1031.47
Thumb: 18.1687 142.128 1179.69
Index: 2.74555 34.8428 1155.65
Middle: -4.40193 41.2759 1113.86
Ring: 16.112 83.4289 1063.36
Little: -2.047 67.7817 1032.86
Thumb: 25.1222 138.242 1182.42
Index: 5.31697 32.8056 1155.16
Middle: -1.54027 39.6655 1113.96
Ring: 17.3279 83.38 1063.82
Little: -0.699697 67.6113 1033.52
Thumb: 29.6995 136.048 1181.99
Index: 5.98864 29.1059 1146.78
Middle: 2.04313 37.99 1112.94
Ring: 19.5708 81.8499 1063.34
Little: 1.4021 65.9954 1033.37
Thumb: 36.6367 135.743 1183.47
Index: 12.5701 26.602 1145.37
Middle: 4.25247 37.1282 1111.39
Ring: 23.7754 72.5505 1070.55
Little: 2.17503 63.4836 1035.82
Thumb: 39.7111 134.145 1180.99
Index: 19.6153 22.7364 1133.45
Middle: 6.50961 27.0271 1113.17
Ring: 25.5442 73.6774 1068.42
Little: 4.98427 61.6882 1035.64
Thumb: 27.132 107.699 1082.02
Index: 3.71429 39.6398 1141.87
Middle: -6.21402 56.5662 1090.75
Ring: 20.6663 75.2328 1056.45
Little: 1.33567 59.6545 1026.32
Thumb: 53.8217 82.739 1066.1
Index: 0.917881 45.5892 1133.01
Middle: -7.4479 62.5325 1082.43
Ring: 16.6407 77.3162 1046.48
Little: -3.69016 56.5115 1023.44
Thumb: 52.9141 85.2673 1062.28
Index: -2.18056 47.4064 1131.29
Middle: -7.45045 62.5345 1082.43
Ring: 16.6256 77.3368 1046.47
Little: -3.47126 56.0782 1023.81
Thumb: 64.2184 80.7642 1093.7
Index: -5.03362 43.7157 1121.05
Middle: -8.88956 59.7523 1077.75
Ring: 16.2063 74.9342 1041.44
Little: -4.18934 54.8746 1017.34
Thumb: 67.0784 82.6516 1101.11
Index: -3.90234 41.3338 1119.75
Middle: -9.04936 59.7232 1078.11
Ring: 15.9028 74.9325 1041.66
Little: -4.96984 55.5518 1017.06
Thumb: 68.0621 80.9929 1106.86
Index: -2.09341 42.0693 1131.85
Middle: -7.22244 57.7434 1082.25
Ring: 18.2424 71.9503 1047.84
Little: -2.57397 53.4881 1021.92
Thumb: 68.5883 78.7172 1107.15
Index: -1.13283 40.4302 1133.34
Middle: -6.8216 56.1516 1083.58
Ring: 18.6346 70.0152 1049.03
Little: -1.84573 50.4021 1024.38
Thumb: 67.9738 80.8645 1107.29
Index: -1.4533 44.9232 1135
Middle: -12.0831 35.932 1104.78
Ring: 29.3466 100.187 1027.7
Little: 13.2997 99.2434 988.445
Thumb: 64.614 82.3244 1104.83
Index: -4.74692 43.9629 1128.14
Middle: -15.8334 39.9817 1107.79
Ring: 23.8936 102.328 1031.45
Little: 10.8943 102.514 992.005
Thumb: 76.4783 83.6877 1116.39
Index: -21.3871 45.2574 1104.19
Middle: 13.2659 19.1518 1107.32
Ring: 23.6376 125.483 1017.32
Little: 9.91995 91.1489 1000.59
Thumb: 68.8511 80.4575 1108.8
Index: -23.4718 46.3001 1103.17
Middle: 3.5218 24.788 1104.56
Ring: 25.1311 126.064 1012.33
Little: 11.0922 87.1829 999.454
Thumb: 138.273 107.375 1151.37
Index: 53.9082 29.7644 1180.63
Middle: 59.8916 19.144 1166.78
Ring: 5.69528 115.319 1128.48
Little: -12.468 73.7305 1133.95
Thumb: 119.197 125.23 1145.94
Index: 47.2691 83.4254 1187.34
Middle: 50.591 18.2316 1145.77
Ring: 7.88729 95.015 1146.66
Little: 14.2293 39.5304 1107.79
Thumb: 120.307 123.229 1146.03
Index: 49.7735 83.84 1187.23
Middle: 50.006 15.5998 1143.7
Ring: 10.5911 93.2239 1146.3
Little: 12.4171 47.0153 1106.18
Thumb: 130.169 119.517 1141.02
Index: 50.2605 85.3162 1187.01
Middle: 50.4544 14.3667 1142.71
Ring: 10.492 92.8841 1146.99
Little: 14.1716 44.388 1104.49
Thumb: 134.137 117.441 1136.37
Index: 49.9456 85.8811 1184.52
Middle: 49.5889 13.9383 1138.47
Ring: 10.0409 92.5094 1143.08
Little: 11.9847 48.0271 1102.47
Thumb: 137.177 116.744 1128.88
Index: 57.5049 85.6348 1182.3
Middle: 50.2767 12.822 1133.75
Ring: 13.1568 88.2651 1148.92
Little: 13.5344 46.6739 1101.65
Thumb: 140.025 118.294 1126.3
Index: 57.9334 86.1921 1181.51
Middle: 50.4019 13.3776 1134.15
Ring: 13.1219 88.8116 1149.1
Little: 13.944 45.3517 1100.97
Thumb: 141.02 119.609 1118.71
Index: 62.8133 86.9049 1177.75
Middle: 53.2692 14.7611 1129.44
Ring: 15.3914 72.1195 1160.13
Little: 13.9344 47.4717 1099.11
Thumb: 141.838 120.93 1110.82
Index: 66.3604 89.1818 1174.85
Middle: 53.298 17.0335 1124.79
Ring: 18.8951 76.5005 1160.8
Little: 19.0322 42.1598 1094.94
Thumb: 137.873 114.099 1108.53
Index: 66.1207 88.4588 1172.34
Middle: 51.8886 17.1042 1122.43
Ring: 18.7951 74.2085 1159.22
Little: 16.9737 42.0008 1093.22
Thumb: 137.481 113.751 1104.91
Index: 66.3938 88.2244 1169.95
Middle: 51.6084 17.416 1120.62
Ring: 18.821 69.0495 1157.75
Little: 16.3347 41.1215 1091.11
Thumb: 137.172 113.285 1103.55
Index: 68.5892 87.8557 1164.74
Middle: 50.9929 17.673 1114.85
Ring: 19.7644 73.8787 1154.01
Little: 16.0558 41.0129 1086.57
Thumb: 136.681 114.237 1100.51
Index: 68.3327 92.834 1162.6
Middle: 49.7709 17.6117 1113.34
Ring: 19.4222 74.0244 1153.27
Little: 14.376 41.4081 1086.21
Thumb: 136.032 114.012 1097.42
Index: 68.7824 92.6628 1158.17
Middle: 48.9618 17.2079 1109.13
Ring: 19.2791 73.0812 1151.06
Little: 12.9271 40.3146 1082.82
Thumb: 136.404 114.218 1096.37
Index: 69.0472 85.2463 1156.62
Middle: 48.7814 17.5678 1107.41
Ring: 21.586 72.7124 1150.68
Little: 12.8953 40.1836 1080.87
Thumb: 131.791 110.079 1095.93
Index: 69.9952 88.3182 1155.52
Middle: 48.5727 17.526 1106.05
Ring: 21.2769 68.8 1148.87
Little: 12.6343 39.9879 1079.29
Thumb: 131.35 109.603 1095.26
Index: 71.1292 92.3051 1154.78
Middle: 48.6902 17.3581 1104.88
Ring: 21.6547 70.5043 1148.77
Little: 12.6302 40.1363 1078.83
Thumb: 131.453 109.436 1095.02
Index: 71.0142 92.5872 1154.27
Middle: 49.4393 14.7183 1093.34
Ring: 21.9706 72.4641 1148.54
Little: 12.6623 39.9149 1078.75
Thumb: 131.532 109.476 1094.93
Index: 70.2803 90.5928 1154.4
Middle: 49.3778 14.7928 1093.62
Ring: 15.0643 91.8952 1148.53
Little: 11.9332 40.8828 1079.75
Thumb: 131.319 111.575 1094.12
Index: 69.0353 90.8799 1153.62
Middle: 49.1983 17.2082 1093.66
Ring: 13.7149 96.9318 1146.39
Little: 12.8489 43.137 1078.88
Thumb: 131.323 111.586 1094.18
Index: 68.4326 89.5855 1153.59
Middle: 49.1842 17.2338 1093.72
Ring: 14.9617 93.4457 1146.43
Little: 12.8457 43.1392 1078.88
Thumb: 131.977 111.919 1098.5
Index: 67.2097 89.6695 1155.4
Middle: 48.8656 17.3847 1095.4
Ring: 22.3941 72.5002 1148.22
Little: 13.8944 41.4049 1078.38
Thumb: 134.635 112.631 1100.69
Index: 66.8821 90.0079 1156.24
Middle: 48.4058 15.2977 1098.3
Ring: 21.4894 73.1124 1148.82
Little: 12.8346 41.1738 1079.24
Thumb: 132.726 111.082 1101.63
Index: 66.838 92.3356 1158.28
Middle: 48.7611 17.3162 1099.49
Ring: 23.6047 71.8472 1149.94
Little: 14.3492 43.7679 1080.96
Thumb: 132.978 111.312 1106.63
Index: 66.7433 98.0926 1160.12
Middle: 47.4948 16.6156 1105.07
Ring: 22.0614 72.0825 1151.98
Little: 15.1138 41.2598 1082.06
Thumb: 133.092 108.797 1108.82
Index: 68.4048 95.3076 1163.72
Middle: 46.8064 17.5839 1110.17
Ring: 24.5642 72.1682 1155.25
Little: 17.1157 41.7996 1086.01
Thumb: 133.552 109.573 1112.38
Index: 68.4424 91.3251 1166.6
Middle: 46.2646 17.177 1114.76
Ring: 24.9971 70.5206 1158.25
Little: 16.8036 40.6424 1090.37
Thumb: 132.904 108.5 1112.36
Index: 71.0697 95.1951 1167.96
Middle: 46.2967 14.8782 1115.25
Ring: 27.4571 70.3324 1161.24
Little: 17.3847 40.4203 1092.52
Thumb: 136.448 110.948 1113.71
Index: 68.2305 91.1899 1171.12
Middle: 45.4518 15.6312 1117.64
Ring: 23.5245 74.6306 1161.81
Little: 18.4758 38.9814 1091.34
Thumb: 138.384 110.635 1115.27
Index: 72.0807 98.919 1171.91
Middle: 45.6429 15.2096 1119.83
Ring: 23.2979 74.0172 1163.97
Little: 19.5792 38.1539 1091.98
Thumb: 139.425 112.961 1118.14
Index: 68.8674 93.4312 1176.94
Middle: 45.6573 15.5268 1124.27
Ring: 24.8486 72.3783 1167.57
Little: 19.494 38.4904 1096.7
Thumb: 135.22 110.262 1124.3
Index: 64.3619 90.891 1182.37
Middle: 43.9662 17.6935 1132.99
Ring: 22.7948 69.8376 1171.07
Little: 19.712 36.5206 1099.99
Thumb: 131.593 110.734 1133.42
Index: 58.2833 92.7457 1188.03
Middle: 41.757 20.7179 1145.08
Ring: 19.8079 64.7602 1173.8
Little: 17.728 36.8175 1103.14
Thumb: 127.748 111.354 1149.38
Index: 50.4516 94.9003 1194.42
Middle: 35.7105 22.3558 1150.33
Ring: 9.37814 83.8715 1162.62
Little: 18.1755 37.6919 1105.59
Thumb: 128.027 111.885 1152.77
Index: 50.5204 94.0202 1197.61
Middle: 35.8694 22.4575 1154.07
Ring: 8.5544 87.0226 1165.62
Little: 20.1258 36.6854 1105.59
Thumb: 132.401 113.937 1152.37
Index: 59.6282 101.792 1199.12
Middle: 38.8849 24.0858 1157.21
Ring: 11.5721 93.0794 1168.7
Little: 20.3099 37.5098 1107.39
Thumb: 141.811 117.069 1140.17
Index: 72.8668 94.5273 1200.76
Middle: 46.6457 22.1259 1156.9
Ring: 24.3696 91.1761 1173.62
Little: 20.6052 39.4213 1113.89
Thumb: 137.661 117.905 1145.66
Index: 67.8696 94.1599 1203.22
Middle: 38.6261 25.8755 1162.41
Ring: 19.7926 99.367 1172.16
Little: 18.8929 40.2181 1113.47
Thumb: 124.31 118.091 1165.85
Index: 47.1605 94.6914 1208.54
Middle: 24.5184 48.3494 1160.59
Ring: 25.7932 50.6132 1157.02
Little: 15.1712 37.6112 1114.07
Thumb: 77.8098 119.105 1200.96
Index: 7.48638 101.757 1201.77
Middle: 19.8637 83.2762 1147.6
Ring: 8.05894 62.1256 1151.19
Little: 15.8926 37.9476 1113.12
Thumb: 62.1613 173.243 1225.64
Index: -16.7054 100.501 1185.45
Middle: 13.3502 86.523 1141.66
Ring: 8.96795 81.4371 1127.45
Little: 14.3245 38.3696 1112.83
Thumb: 43.6117 185.268 1222.21
Index: 2.48264 100.372 1173.68
Middle: 12.6756 92.4372 1138.89
Ring: -2.5144 21.0226 1112.97
Little: 4.69344 47.3403 1112.72
Thumb: 29.89 160.941 1188.74
Index: 18.1922 132.842 1167.96
Middle: 26.013 118.398 1130.11
Ring: -3.68745 22.9236 1111.04
Little: -6.57555 39.6341 1081.42
Thumb: 19.0293 155.224 1191.98
Index: 22.2182 130.561 1168.11
Middle: 20.882 135.31 1138.69
Ring: -7.0936 23.9731 1108.48
Little: -4.0987 39.0407 1082.25
Thumb: 12.3203 156.64 1188.74
Index: 20.2871 132.293 1167.74
Middle: 19.1115 141.852 1137.69
Ring: -4.24085 26.8145 1106.54
Little: 0.147353 43.3037 1084.21
Thumb: 6.91109 156.713 1192.05
Index: 25.7911 138.381 1166.49
Middle: 20.0412 139.671 1133.18
Ring: -10.8812 31.2722 1098.14
Little: 6.11969 42.1659 1084.24
Thumb: -9.4364 154.636 1190.15
Index: 26.6106 137.947 1166.33
Middle: 19.972 139.849 1133.29
Ring: -10.8191 31.3708 1097.75
Little: 10.1385 40.9515 1084.98
Thumb: -17.7528 160.333 1186.12
Index: 25.4153 134.914 1166.1
Middle: 12.4081 139.242 1136.28
Ring: -9.65462 29.2702 1094.52
Little: 10.626 39.5492 1082.39
Thumb: -28.5167 159.383 1178.25
Index: 20.5465 135.83 1168.82
Middle: 9.69087 140.137 1137.54
Ring: -10.0959 28.9064 1105.79
Little: 10.3016 41.8906 1092.47
Thumb: -16.6814 173.615 1153.25
Index: 11.3715 142.133 1162.44
Middle: 9.27346 146.542 1120.28
Ring: -15.0224 20.0651 1115.81
Little: 7.18693 33.5645 1098.52
Thumb: -15.6473 167.04 1148.34
Index: 7.24126 142.737 1159.24
Middle: 5.13674 145.126 1118.66
Ring: -13.1546 19.9785 1111.52
Little: 9.88106 33.8397 1095.87
Thumb: -46.5886 151.075 1050.54
Index: -51.7994 152.23 1066.12
Middle: -10.2503 144.063 1085.92
Ring: -10.6678 15.4356 1096.98
Little: 9.04558 24.0475 1078.12
Thumb: -69.7875 148.221 1127.02
Index: -60.2368 149.11 1059.09
Middle: -18.1924 149.322 1081.93
Ring: -9.22299 18.5979 1095.35
Little: 14.0484 26.8905 1080.89
Thumb: -73.4952 147.278 1116.93
Index: -48.9598 44.7037 1110.61
Middle: -29.6109 132.971 1054.03
Ring: -11.1761 18.7455 1095.36
Little: 14.4508 26.4166 1085.58
Thumb: -75.0773 148.537 1109.62
Index: -52.7383 47.8648 1100.08
Middle: -33.9913 127.628 1038.47
Ring: -12.6485 18.9921 1094.3
Little: 14.1877 26.3172 1086.11
Thumb: -75.9377 148.243 1103.76
Index: -55.1834 50.0818 1095.39
Middle: -41.7938 105.974 1016.5
Ring: -14.8662 19.2478 1093.74
Little: 12.6403 26.1415 1086.66
Thumb: -76.727 149.974 1102.92
Index: -56.3004 51.503 1094.07
Middle: -41.6192 106.213 1015.75
Ring: -17.0459 19.8375 1093.79
Little: 11.6992 26.2135 1086.53
Thumb: -76.0757 150.01 1099.87
Index: -57.7225 52.3559 1091.11
Middle: -40.7408 105.187 1013.67
Ring: -19.1135 19.3125 1092.83
Little: 10.4804 25.0855 1085.88
Thumb: -76.5258 151.335 1099.85
Index: -58.4673 53.3637 1091.08
Middle: -36.695 127.126 1020.82
Ring: -20.9525 21.1779 1092.31
Little: 9.5431 26.7003 1085.07
Thumb: -75.698 151.304 1096.15
Index: -58.7568 53.0299 1090.99
Middle: -38.0858 121.765 1015.11
Ring: -21.3602 21.0644 1091.47
Little: 8.99669 26.2759 1084.34
Thumb: -75.9963 152.524 1092.91
Index: -59.4928 53.1538 1089.81
Middle: -42.1414 105.63 1011.37
Ring: -22.7598 20.812 1090.09
Little: 7.68206 25.692 1082.69
Thumb: -75.7951 152.936 1089.49
Index: -59.7498 54.2154 1088.06
Middle: -38.9866 111.329 1010.13
Ring: -23.1763 21.2116 1090.14
Little: 7.43779 25.8804 1083.52
Thumb: -75.1955 151.223 1086.79
Index: -61.0863 53.9109 1086.56
Middle: -39.0601 108.547 1008.32
Ring: -24.6682 21.0473 1089.44
Little: 7.74718 25.125 1083.05
Thumb: -74.9091 152.314 1084.55
Index: -61.0626 55.571 1084.51
Middle: -37.3397 109.075 1006.82
Ring: -24.7762 21.6902 1089.12
Little: 7.78683 25.5518 1083.3
Thumb: -74.8895 152.257 1084.22
Index: -61.4556 55.5295 1084.84
Middle: -37.3726 109.762 1006.67
Ring: -25.2261 21.9349 1089.07
Little: 7.3491 25.689 1083.29
Thumb: -74.8903 152.26 1084.21
Index: -61.4552 55.5119 1084.86
Middle: -37.4403 109.386 1006.69
Ring: -25.2188 21.9329 1089.07
Little: 7.346 25.6903 1083.29
Thumb: -74.8889 152.267 1084.24
Index: -61.4168 54.6312 1085.9
Middle: -37.5811 108.642 1006.72
Ring: -25.2077 21.9282 1089.05
Little: 7.35359 25.6872 1083.27
Thumb: -75.2555 153.276 1082.87
Index: -60.6253 53.0482 1087.94
Middle: -36.4623 108.623 1006.42
Ring: -24.4703 22.2079 1089.08
Little: 8.14482 26.1275 1083.61
Thumb: -77.2506 154.339 1085
Index: -60.3324 52.5342 1087.6
Middle: -36.4982 108.65 1006.4
Ring: -23.7523 21.8671 1089.05
Little: 8.69578 26.1531 1083.66
Thumb: -77.2238 154.349 1085.03
Index: -59.3237 49.8727 1095.8
Middle: -36.5245 108.658 1006.36
Ring: -23.8349 21.8319 1089.01
Little: 8.64775 26.0845 1083.6
Thumb: -77.2142 154.345 1085.03
Index: -59.2854 49.8535 1096.04
Middle: -36.5245 108.659 1006.36
Ring: -23.8345 21.831 1089.01
Little: 8.64756 26.0833 1083.6
Thumb: -77.7026 153.419 1084.08
Index: -58.3003 48.9055 1096.05
Middle: -35.7312 108.144 1005.99
Ring: -22.5752 21.4536 1088.86
Little: 9.97031 26.151 1083.69
Thumb: -77.1296 150.742 1085.46
Index: -57.2969 47.3929 1096.48
Middle: -37.7656 104.528 1006.63
Ring: -21.4036 20.6589 1088.5
Little: 10.7844 26.0026 1082.71
Thumb: -77.2427 150.857 1085.72
Index: -57.3166 47.4149 1096.51
Middle: -37.7262 105.3 1006.6
Ring: -21.2075 20.6054 1088.46
Little: 10.7902 25.9795 1082.79
Thumb: -77.2165 150.872 1085.76
Index: -57.3175 47.4182 1096.5
Middle: -37.6677 105.737 1006.56
Ring: -20.3361 20.3971 1088.28
Little: 11.6556 25.7675 1082.62
Thumb: -77.7899 153.29 1086.04
Index: -56.3853 49.0982 1096.52
Middle: -36.1197 108.372 1006.63
Ring: -18.6389 22.3492 1088.75
Little: 13.0139 28.1091 1083.54
Thumb: -75.717 154.142 1085.08
Index: -56.3799 49.1334 1096.47
Middle: -36.0638 107.92 1006.6
Ring: -18.3679 22.2965 1088.64
Little: 12.9798 28.1013 1083.53
Thumb: -74.9679 156.624 1086.41
Index: -55.4409 50.0489 1097.36
Middle: -34.7615 107.284 1007.63
Ring: -18.0421 23.3378 1089.93
Little: 13.0866 29.199 1085.02
Thumb: -73.2535 156.189 1084.32
Index: -54.6533 51.4658 1096.56
Middle: -32.7565 109.473 1006.82
Ring: -17.1194 24.7677 1089.71
Little: 12.2149 31.1274 1085.47
Thumb: -71.1135 156.099 1083.78
Index: -53.3765 52.1042 1096.94
Middle: -30.7257 109.904 1007.3
Ring: -15.9822 25.371 1090.45
Little: 14.1261 31.485 1086.29
Thumb: -66.9797 155.489 1081.53
Index: -51.3207 51.9136 1095.53
Middle: -26.0082 105.622 1006.28
Ring: -14.5183 24.6887 1090.24
Little: 14.8905 30.6207 1086.91
Thumb: -64.6654 155.007 1082.61
Index: -48.2719 51.3813 1096.55
Middle: -25.9372 103.851 1007.38
Ring: -11.2423 24.567 1090.18
Little: 17.7262 30.9154 1086.26
Thumb: -57.7442 152.545 1078.98
Index: -44.6901 52.0619 1096.8
Middle: -21.3696 108.813 1007.14
Ring: -7.6901 25.0273 1090.48
Little: 21.9755 31.0191 1086.48
Thumb: -53.8697 155.658 1077.79
Index: -38.5584 53.6796 1097.7
Middle: -14.5552 108.298 1008.3
Ring: -2.8393 26.9639 1092.02
Little: 28.1574 32.6291 1088.13
Thumb: -41.9494 157.255 1077.91
Index: -34.1405 54.4653 1093.45
Middle: -11.3658 111.217 1009.01
Ring: 1.76865 27.2529 1092.29
Little: 33.2987 33.0151 1087.71
