Thumb: 32.9554 91.7207 1121.92
Index: -64.5745 28.1944 1098.23
Middle: -101.42 40.8207 1097.63
Ring: -124.543 62.0639 1082.41
Little: -141.773 103.039 1080.87
Thumb: 42.0424 97.1966 1108.89
Index: -70.7885 33.3082 1097.51
Middle: -103.514 38.0383 1083.14
Ring: -113.018 65.1435 1090.1
Little: -114.123 122.627 1099.21
Thumb: 38.6276 92.5125 1105.47
Index: -75.0434 29.4735 1092.37
Middle: -105.939 37.9595 1086.6
Ring: -112.253 68.5651 1092.79
Little: -114.24 123.571 1097.58
Thumb: 26.2732 86.8032 1107.71
Index: -77.4304 28.9111 1090.03
Middle: -107.581 37.7057 1087.55
Ring: -112.971 69.4297 1093.56
Little: -115.103 124.146 1095.26
Thumb: 19.9938 84.7235 1105.57
Index: -80.973 28.0885 1093.21
Middle: -110.532 38.6791 1089.99
Ring: -116.695 68.9684 1095.58
Little: -118.747 123.631 1094.4
Thumb: 11.707 81.8941 1108.76
Index: -84.4552 29.3197 1095.57
Middle: -113.44 40.8041 1095.25
Ring: -126.767 59.8056 1091.81
Little: -119.413 125.39 1094.35
Thumb: 7.36468 83.5373 1106.57
Index: -87.4819 27.002 1088.89
Middle: -114.093 38.7549 1100.13
Ring: -125.176 61.4282 1100.9
Little: -121.728 123.221 1098.75
Thumb: 3.85638 83.4574 1105.03
Index: -91.9306 30.7786 1089.2
Middle: -113.009 39.867 1098.61
Ring: -125.516 60.4731 1097.8
Little: -136.702 100.502 1099.05
Thumb: -0.0579524 82.9404 1102.81
Index: -96.6504 34.6203 1089.09
Middle: -114.463 41.33 1097.85
Ring: -125.543 63.2653 1103.65
Little: -136.55 103.526 1100.26
Thumb: -5.74313 81.7207 1100.67
Index: -99.4809 36.0211 1090.4
Middle: -118.057 41.4684 1096.6
Ring: -128.708 62.2041 1104.07
Little: -146.525 92.5189 1092.2
Thumb: -6.36021 79.9656 1103.44
Index: -99.5269 37.0639 1096.5
Middle: -121.019 41.7788 1099.04
Ring: -127.415 63.9242 1110.37
Little: -144.904 92.8388 1097.63
Thumb: -10.6441 79.5619 1104.49
Index: -99.7487 37.2987 1097.29
Middle: -122.471 42.6745 1099.6
Ring: -128.289 62.6854 1109.36
Little: -143.963 91.9872 1097.54
Thumb: -9.97615 78.4408 1102.57
Index: -97.5072 39.3572 1098.34
Middle: -120.754 43.7045 1098.39
Ring: -125.645 60.9067 1106.06
Little: -142.004 92.83 1094.98
Thumb: -7.3499 79.4534 1096.73
Index: -91.4689 37.7815 1094.09
Middle: -114.802 42.3373 1096.79
Ring: -119.866 58.9587 1104.71
Little: -136.432 91.2137 1098.45
Thumb: -5.44239 81.4088 1100.66
Index: -86.4811 35.544 1095.45
Middle: -108.47 40.2419 1100.82
Ring: -113.433 56.11 1106.84
Little: -130.471 90.2655 1103.67
Thumb: -1.87473 83.6734 1099.71
Index: -76.6409 38.4872 1100.79
Middle: -100.894 37.8711 1099.18
Ring: -105.455 55.997 1109.81
Little: -122.721 85.1628 1102.87
Thumb: 2.74768 87.2943 1102.72
Index: -69.7876 36.6722 1098.11
Middle: -92.8343 35.75 1098.21
Ring: -101.673 55.8103 1109.67
Little: -114.97 83.9249 1105.01
Thumb: 9.56475 87.3098 1101.82
Index: -60.8672 32.3896 1098.24
Middle: -84.9389 33.0962 1100.73
Ring: -93.8342 50.2156 1110.51
Little: -107.011 78.9977 1105.95
Thumb: 13.9177 87.6202 1105.57
Index: -58.61 38.6626 1101.55
Middle: -74.3004 30.2613 1104.37
Ring: -84.1252 49.9454 1114.02
Little: -102.723 71.8855 1104.11
Thumb: 20.4036 93.6417 1110.7
Index: -39.8502 36.7606 1100.45
Middle: -63.7084 32.1528 1104.06
Ring: -81.076 45.5839 1104.59
Little: -91.5871 73.0414 1104.56
Thumb: 31.8829 94.2844 1109.68
Index: -30.5366 34.7425 1098.69
Middle: -54.353 27.7546 1103.09
Ring: -70.9267 43.1248 1103.54
Little: -83.3234 70.3112 1105.34
Thumb: 41.6043 101.583 1116.79
Index: -28.2953 25.2859 1099.55
Middle: -49.3809 24.996 1102.93
Ring: -59.4663 41.3026 1112.13
Little: -72.4253 66.2948 1103.3
Thumb: 42.6735 96.4322 1116.14
Index: -20.0512 27.2062 1105.13
Middle: -44.3812 24.8902 1103.08
Ring: -53.7799 41.9843 1112.71
Little: -70.5407 65.9187 1101.42
Thumb: 51.5772 93.792 1117.1
Index: -13.8873 26.1793 1106.23
Middle: -39.2298 25.2892 1105.02
Ring: -49.7309 36.6563 1107.65
Little: -65.3095 65.2114 1098.35
Thumb: 58.5763 90.197 1115.53
Index: -5.3726 25.5159 1102
Middle: -28.6634 22.0521 1099.36
Ring: -44.3019 35.3071 1107.7
Little: -57.4444 60.1769 1094.95
Thumb: 68.8109 88.9416 1116.16
Index: 2.25943 24.704 1105.71
Middle: -22.7181 19.5278 1100.26
Ring: -38.9275 30.8849 1104.75
Little: -51.7701 57.3587 1094.85
Thumb: 74.741 88.5918 1115.35
Index: 11.6501 22.4895 1108.07
Middle: -15.8838 15.4732 1099.85
Ring: -31.7286 29.3964 1105.43
Little: -45.3102 53.0367 1091.9
Thumb: 84.7727 85.8986 1116.88
Index: 20.8823 20.1353 1105.44
Middle: -8.69084 12.7077 1095.87
Ring: -23.7477 30.7172 1105.67
Little: -40.0667 53.6429 1092.06
Thumb: 95.019 92.9719 1123.87
Index: 30.2683 16.266 1106.45
Middle: -2.54917 9.76208 1099.87
Ring: -19.2348 27.2276 1105.86
Little: -37.7264 51.1991 1100.21
Thumb: 101.742 94.2763 1120.25
Index: 39.7057 14.1956 1100.18
Middle: 5.94519 8.53519 1097.48
Ring: -10.3471 26.0789 1106.53
Little: -29.5673 51.3232 1102.46
Thumb: 110.587 93.5972 1120.48
Index: 47.6799 11.5434 1101.37
Middle: 14.3784 7.0769 1098.33
Ring: -1.56233 27.5859 1105.75
Little: -24.77 46.9181 1100.37
Thumb: 121.788 92.0974 1120.49
Index: 53.6288 11.0194 1104.61
Middle: 18.6044 4.35574 1095.7
Ring: 1.49705 21.2851 1101.91
Little: -19.1512 46.6407 1100.63
Thumb: 130.233 93.9412 1122.95
Index: 59.4014 10.527 1104.72
Middle: 25.1271 3.63083 1098.19
Ring: 7.67751 20.4852 1103.59
Little: -13.2582 46.6054 1101.26
Thumb: 135.543 93.9471 1122.67
Index: 65.7678 12.5783 1098.94
Middle: 30.3248 3.55808 1088.44
Ring: 14.8453 25.3613 1099.83
Little: -8.74164 50.5884 1097.86
Thumb: 145.009 93.5273 1119.62
Index: 72.6591 14.5343 1103.51
Middle: 35.3986 1.15155 1087.16
Ring: 20.7092 25.0932 1100.58
Little: -5.943 47.9622 1096.48
Thumb: 147.421 93.0244 1116.48
Index: 77.5069 14.3294 1105.99
Middle: 39.9477 0.821665 1085.62
Ring: 25.634 26.1447 1100
Little: -1.56932 46.3875 1094.35
Thumb: 150.941 96.3387 1117.58
Index: 85.1078 23.2857 1104.64
Middle: 46.0874 -0.331587 1082.84
Ring: 31.8328 27.0247 1100.51
Little: 3.85918 45.5235 1099.22
Thumb: 154.906 97.9329 1113.91
Index: 88.088 24.0902 1104.14
Middle: 49.463 -0.158295 1082.99
Ring: 35.1098 29.2853 1097.67
Little: 8.0286 51.947 1096.47
Thumb: 159.419 98.5262 1115
Index: 90.8015 24.934 1106.97
Middle: 52.0403 0.436897 1081.28
Ring: 37.8544 30.1177 1098.63
Little: 10.9835 54.1447 1100.5
Thumb: 164.335 97.9677 1115.82
Index: 89.7979 13.7607 1106.41
Middle: 53.6962 1.14967 1080.06
Ring: 39.6507 31.2429 1098.89
Little: 14.0322 56.7775 1103.53
Thumb: 165.873 98.3015 1116.61
Index: 90.4343 13.0124 1107.45
Middle: 54.6477 1.56498 1083.92
Ring: 40.8564 31.956 1099.7
Little: 15.5128 59.5763 1106.38
Thumb: 166.541 98.5183 1119.1
Index: 90.9564 11.8802 1109.08
Middle: 55.8902 1.5787 1083.57
Ring: 58.4103 90.5868 1148.82
Little: 22.3551 83.636 1102.19
Thumb: 166.176 96.2891 1117.91
Index: 88.8423 10.2688 1106.35
Middle: 54.7171 0.673517 1085.28
Ring: 57.9378 95.7946 1148.56
Little: 21.9607 84.6355 1100.77
Thumb: 165.66 96.7697 1117.85
Index: 86.4139 13.2667 1106.52
Middle: 52.1391 3.27887 1082.41
Ring: 57.1947 100.042 1146.43
Little: 20.7523 87.2064 1097.97
Thumb: 164.773 95.4496 1117.75
Index: 85.4274 24.7134 1110.48
Middle: 46.8649 5.86617 1081.92
Ring: 56.8743 102.672 1147.29
Little: 19.3955 90.1707 1099.27
Thumb: 161.119 94.443 1117.71
Index: 81.4563 26.4209 1109.04
Middle: 42.329 7.02114 1082.81
Ring: 53.2435 103.712 1147.58
Little: 16.4626 92.8543 1100.57
Thumb: 156.026 92.3571 1115.85
Index: 77.3659 26.5904 1108.41
Middle: 37.5512 7.99199 1080.91
Ring: 51.7701 105.012 1146.92
Little: 13.7707 94.8327 1100.89
Thumb: 151.694 90.9298 1118.84
Index: 74.1453 32.9646 1110.23
Middle: 32.684 11.2485 1078.67
Ring: 47.9186 107.977 1146.76
Little: 10.4905 97.9533 1096.88
Thumb: 144.664 89.7873 1119.83
Index: 65.6007 26.9851 1105.96
Middle: 26.4341 12.7091 1078.42
Ring: 43.8311 109.131 1147.88
Little: 6.28333 99.5674 1097.79
Thumb: 141.775 90.3135 1119.91
Index: 59.7711 28.4921 1104.25
Middle: 20.3127 16.3446 1077.27
Ring: 41.6869 112.311 1148.21
Little: 2.60724 102.569 1098.02
Thumb: 132.771 91.369 1122.33
Index: 70.0486 64.6119 1106.86
Middle: 13.0833 16.5222 1077.72
Ring: 21.4787 90.795 1163.36
Little: -4.06639 102.604 1096.22
Thumb: 123.111 93.2807 1119.01
Index: 62.422 63.9411 1108
Middle: 5.9738 15.6017 1082.17
Ring: 17.5896 101.172 1165.23
Little: -12.4915 101.37 1096.85
Thumb: 112.335 93.7469 1123.1
Index: 55.6487 65.2198 1107.52
Middle: 0.308185 20.45 1079.62
Ring: -16.546 36.8497 1086.12
Little: -17.0235 106.106 1092.19
Thumb: 104.804 94.3123 1124.83
Index: 48.6256 66.7584 1106.87
Middle: -7.90984 21.0869 1080.01
Ring: -25.0044 37.778 1086.28
Little: -24.0376 107.625 1092.6
Thumb: 98.509 92.3165 1129.82
Index: 42.5889 67.1289 1110.11
Middle: -15.8718 23.4741 1081.97
Ring: -32.1736 41.0084 1090.57
Little: -28.5836 110.335 1095.77
Thumb: 93.0645 94.5525 1131.45
Index: 37.6369 69.6062 1114.81
Middle: -21.5769 24.3914 1088.36
Ring: -37.5928 42.5497 1097.31
Little: -33.6517 112.38 1100.11
Thumb: 88.922 94.9295 1134.65
Index: 31.4749 68.9604 1118.46
Middle: -26.7544 24.0293 1090.74
Ring: -43.0262 43.3626 1103.92
Little: -39.2708 112.418 1102.95
Thumb: 84.4962 93.9955 1132.59
Index: 24.5284 67.8037 1118.87
Middle: -32.557 23.8956 1091.64
Ring: -46.7625 48.0181 1113.05
Little: -45.6401 112.729 1105.29
Thumb: 80.159 94.0478 1137.61
Index: 18.1527 67.4437 1122.04
Middle: -35.0506 21.3 1088.81
Ring: -51.4129 48.3028 1114.12
Little: -51.7157 110.005 1101.66
Thumb: 68.9094 97.6455 1159.17
Index: -7.33134 53.6757 1139.64
Middle: -36.0299 17.5905 1094.84
Ring: -55.7551 75.4169 1136.81
Little: -51.5225 122.607 1100.64
Thumb: 27.4012 111.17 1195.96
Index: -35.4749 86.3474 1159.57
Middle: -37.676 19.2555 1098.1
Ring: -66.4186 52.7346 1106.54
Little: -43.2601 103.562 1079.58
Thumb: 42.0706 152.476 1205.65
Index: -26.7477 102.973 1154.38
Middle: -42.3196 21.6644 1107.3
Ring: -55.058 40.6478 1098.34
Little: -34.0135 95.7495 1070.39
Thumb: 33.1317 157.739 1207.13
Index: -24.4683 96.4484 1148.43
Middle: -48.1277 24.591 1109.98
Ring: -44.4689 33.18 1110.59
Little: -40.3045 77.0827 1072.9
Thumb: 29.0641 156.109 1210.66
Index: -29.0017 94.6886 1147.51
Middle: -53.419 27.7622 1114.82
Ring: -45.2046 33.8904 1108.14
Little: -43.4669 60.3702 1073.53
Thumb: -56.1167 152.111 1199.74
Index: -36.9053 96.7802 1143.25
Middle: -55.0892 30.323 1112.41
Ring: -58.4369 42.5186 1091.88
Little: -45.6147 64.596 1070.45
Thumb: -70.573 155.419 1188.16
Index: -41.6765 100.309 1148.07
Middle: -59.4271 29.9674 1110.15
Ring: -60.5535 41.4107 1091.15
Little: -48.0893 63.6805 1073.75
Thumb: -75.8186 165.017 1182.2
Index: -50.0018 106.198 1149.81
Middle: -62.2938 31.4957 1112.86
Ring: -56.0844 37.4579 1092.19
Little: -39.9188 56.2992 1075.14
Thumb: -82.3118 171.073 1176.5
Index: -54.3232 112.494 1144.64
Middle: -63.6189 33.724 1109.72
Ring: -56.6823 40.9011 1089.08
Little: -37.7537 58.9307 1070.31
Thumb: -93.991 168.69 1167.84
Index: -106.276 91.8833 1077.96
Middle: -65.3504 23.9917 1105.35
Ring: -66.9373 40.1368 1115.58
Little: -44.8346 51.8232 1073.79
Thumb: -103.087 174.152 1157.62
Index: -92.3243 60.1171 1079.55
Middle: -68.371 26.2936 1105.92
Ring: -67.2939 42.1241 1118.16
Little: -41.2848 51.7986 1078.76
Thumb: -110.754 174.743 1146.04
Index: -96.5869 60.6761 1075.24
Middle: -74.0145 25.883 1108.87
Ring: -74.2434 41.6899 1117.63
Little: -43.8962 49.4988 1082.86
Thumb: -116.392 176.508 1137.62
Index: -104.79 60.9011 1078.83
Middle: -75.8799 26.6892 1107.23
Ring: -77.4656 41.3898 1111.95
Little: -44.7213 50.0542 1082.98
Thumb: -121.498 180.239 1129.73
Index: -106.722 60.7116 1078.09
Middle: -76.4933 27.2026 1104.43
Ring: -80.1314 42.3533 1112.96
Little: -45.9052 50.606 1088.35
Thumb: -126.753 177.594 1121.21
Index: -103.055 66.393 1063.72
Middle: -78.3302 28.6026 1102.79
Ring: -81.9508 44.3676 1111.28
Little: -43.6771 51.6471 1090.67
Thumb: -129.159 178.096 1114.96
Index: -106.824 71.1667 1057.93
Middle: -79.5531 27.6703 1102.99
Ring: -81.6003 40.8061 1108.49
Little: -45.6957 50.5964 1094.83
Thumb: -130.1 179.2 1108.45
Index: -106.12 73.2651 1054.09
Middle: -80.9546 28.681 1100.55
Ring: -83.7081 41.5974 1107.56
Little: -48.1246 51.3939 1095.49
Thumb: -129.974 179.295 1099.29
Index: -103.823 84.4064 1044.67
Middle: -82.4785 29.7117 1101.9
Ring: -85.1033 42.9094 1109.18
Little: -49.1157 51.8216 1096.51
Thumb: -132.487 179.046 1093.84
Index: -103.973 83.4272 1042.94
Middle: -82.7349 29.6654 1108.26
Ring: -87.3565 43.0006 1108.04
Little: -50.0625 51.5772 1100.38
Thumb: -132.465 178.493 1086.24
Index: -103.157 89.911 1037.22
Middle: -84.9225 30.1814 1106.83
Ring: -88.8709 43.1496 1106.36
Little: -51.5877 51.7648 1100.05
Thumb: -132.974 181.399 1081.86
Index: -102.202 90.9452 1034.41
Middle: -85.9148 31.2754 1100.23
Ring: -89.1866 43.9188 1102.42
Little: -52.0598 53.0951 1099.78
Thumb: -133.233 182.953 1075.66
Index: -101.68 90.361 1030.44
Middle: -87.0042 32.2911 1097.03
Ring: -90.4117 44.8389 1100.47
Little: -53.8674 54.0479 1097.07
Thumb: -133.794 182.726 1069.66
Index: -95.7772 101.053 1022.03
Middle: -87.0854 32.4341 1093.15
Ring: -90.5578 44.7285 1096.33
Little: -53.2059 53.7873 1094.44
Thumb: -135.498 182.323 1065.85
Index: -95.215 101.232 1019.31
Middle: -87.1947 32.0725 1091.22
Ring: -91.3802 45.3653 1095.64
Little: -53.2297 53.7492 1092.69
Thumb: -136.127 183.146 1061.61
Index: -92.9803 103.01 1015.4
Middle: -86.5666 33.6879 1086.82
Ring: -89.2895 46.1891 1091.5
Little: -51.4524 55.1935 1087.84
Thumb: -135.13 184.239 1058.71
Index: -91.747 101.199 1012.29
Middle: -86.147 33.403 1085.01
Ring: -88.878 45.478 1086.64
Little: -51.5341 54.9594 1085.74
Thumb: -133.481 183.889 1057.26
Index: -94.9836 97.2515 1013.88
Middle: -85.8603 34.073 1079.89
Ring: -88.8322 46.0683 1085.81
Little: -51.033 54.8286 1081.69
Thumb: -133.518 183.388 1056.76
Index: -92.9985 98.2353 1010.84
Middle: -85.223 33.5532 1078.12
Ring: -88.9184 45.9148 1081.9
Little: -50.5902 54.6385 1082.21
Thumb: -133.499 183.791 1054.38
Index: -92.222 102.936 1011.31
Middle: -85.5233 33.7513 1079.68
Ring: -88.3167 46.0112 1081.57
Little: -49.9793 54.9103 1083.13
Thumb: -131.605 184.434 1053.92
Index: -90.5395 109.374 1013.2
Middle: -84.1839 34.3869 1079.6
Ring: -87.7579 47.5706 1086.48
Little: -48.5971 55.3809 1083.49
Thumb: -131.085 185.651 1056.56
Index: -90.5722 106.304 1018.06
Middle: -82.1522 34.9109 1081.18
Ring: -85.1603 47.7381 1086.79
Little: -46.3626 56.1632 1083.64
Thumb: -132.21 183.342 1056.63
Index: -91.7718 99.4243 1015.48
Middle: -79.8651 34.6271 1082.66
Ring: -83.1277 47.5718 1087.46
Little: -44.4518 56.6802 1080.65
Thumb: -133.324 182.399 1060.79
Index: -90.0867 100.052 1026.61
Middle: -76.0214 33.5377 1085.01
Ring: -79.5332 46.3973 1090.2
Little: -41.4034 56.4667 1083.64
Thumb: -132.537 179.098 1061.76
Index: -88.7847 99.1905 1030.27
Middle: -72.8787 33.3997 1088.12
Ring: -76.8319 46.2119 1093.98
Little: -38.7868 56.5833 1086.86
Thumb: -133.414 177.13 1064.2
Index: -86.1878 102.587 1032.82
Middle: -68.4849 33.0591 1099.07
Ring: -71.8895 45.0116 1095.83
Little: -34.5892 57.4661 1092.27
Thumb: -132.738 175.468 1067.62
Index: -87.4421 80.281 1034.16
Middle: -65.0464 32.4805 1100.79
Ring: -68.0801 44.5561 1098.13
Little: -30.6885 57.6011 1093.78
Thumb: -134.451 172.473 1073.61
Index: -84.1847 87.6504 1034.59
Middle: -59.9766 30.6936 1101.02
Ring: -63.8467 43.0661 1099.33
Little: -26.6708 57.1822 1094.01
Thumb: -133.907 169.104 1074.46
Index: -83.5634 73.6621 1040.68
Middle: -54.7511 30.0635 1103.71
Ring: -58.562 42.1829 1101.42
Little: -21.7019 57.5912 1096.35
Thumb: -131.047 166.577 1079.58
Index: -79.0062 60.3134 1060.08
Middle: -48.9266 26.5959 1104.76
Ring: -53.8679 40.2497 1106.36
Little: -16.0741 54.419 1096.08
Thumb: -121.024 166.319 1085.79
Index: -72.8699 61.2816 1065.38
Middle: -45.7544 25.6413 1104.23
Ring: -48.5303 38.7089 1104.36
Little: -10.1989 52.5732 1097.22
Thumb: -116.182 161.967 1084.37
Index: -64.1142 68.3055 1063.08
Middle: -38.5502 23.2949 1105.11
Ring: -41.1618 35.8693 1101.47
Little: -2.51505 51.1221 1098.54
Thumb: -112.227 157.52 1084.61
Index: -57.8371 62.0763 1062.92
Middle: -31.022 19.7883 1105.97
Ring: -35.991 33.4029 1101.35
Little: 4.5696 48.4109 1099.06
Thumb: -109.284 151.082 1088.4
Index: -46.7984 84.3736 1077.91
Middle: -22.0078 16.4955 1105.7
Ring: -27.5066 30.418 1105.88
Little: 12.3805 46.8703 1100.68
Thumb: -103.117 149.313 1087.92
Index: -40.1973 82.6977 1083.51
Middle: -16.4073 15.386 1109.13
Ring: -21.3078 30.332 1110.25
Little: 20.551 45.3388 1101.77
Thumb: -99.4435 145.295 1089.26
Index: -33.7301 80.6272 1084.42
Middle: -6.58578 14.7015 1110.87
Ring: -12.5896 29.624 1112.43
Little: 28.2757 45.687 1099.37
Thumb: -92.5902 144.435 1087.57
Index: -26.7367 79.8891 1082.15
Middle: -0.666921 13.1786 1102.26
Ring: -6.00357 27.8729 1110.16
Little: 34.3346 44.397 1098.44
Thumb: -88.6707 141.663 1087.5
Index: -21.5677 77.8261 1082.23
Middle: 6.69246 12.7879 1111.2
Ring: 0.971516 26.8236 1110.93
Little: 40.7774 44.2587 1101.26
Thumb: -84.8869 143.343 1088.16
Index: -15.108 75.9395 1079.4
Middle: 14.0395 11.782 1105.89
Ring: 10.9291 24.484 1107.74
Little: 46.9962 43.8956 1098.21
Thumb: -81.0959 141.617 1088.18
Index: -9.0107 74.6427 1079.36
Middle: 23.2712 12.2419 1108.79
Ring: 16.406 25.4653 1107.31
Little: 54.3634 44.9128 1096.73
Thumb: -76.5141 142.331 1090.98
Index: -3.67676 73.3399 1078.68
Middle: 29.6749 11.53 1108.31
Ring: 21.3841 25.1742 1107.02
Little: 60.2737 44.4487 1096.84
Thumb: -73.5215 143.726 1095.82
Index: 2.7208 74.4471 1080
Middle: 37.6898 12.0646 1107.59
Ring: 30.5903 24.6855 1107.64
Little: 66.72 46.6064 1101.14
Thumb: -66.5074 144.481 1092.9
Index: 8.45512 73.3205 1075.13
Middle: 42.3209 10.7777 1107.45
Ring: 35.698 23.5182 1107.69
Little: 71.9078 44.2426 1099
Thumb: -60.5491 145.793 1093.42
Index: 14.5284 76.0814 1083.02
Middle: 48.9509 11.3618 1108.11
Ring: 42.2586 24.2174 1109.79
Little: 77.8013 44.7926 1098.61
Thumb: -55.0774 148.281 1097.71
Index: 14.8662 79.9159 1060.23
Middle: 50.962 9.83444 1106.59
Ring: 44.076 23.8907 1110.69
Little: 82.0846 43.4592 1101.47
Thumb: -51.5119 149.695 1098.51
Index: 15.387 79.9294 1058.33
Middle: 50.0498 9.88803 1111.73
Ring: 43.4813 22.9347 1110.01
Little: 81.332 41.7647 1101.76
Thumb: -48.3204 151.308 1113.21
Index: 7.12934 54.8363 1050.76
Middle: 47.2213 9.16122 1110.28
Ring: 43.1906 21.8865 1108.68
Little: 78.4214 39.968 1094.71
Thumb: -38.1437 152.872 1120.84
Index: 5.01483 58.8367 1057.62
Middle: 40.0349 11.6492 1110.52
Ring: 63.4326 16.4456 1106.9
Little: 87.7287 79.1528 1031.69
Thumb: -34.8204 158.551 1134.65
Index: 4.22146 51.8442 1068.44
Middle: 35.9879 14.2439 1110.68
Ring: 52.134 29.7784 1084.54
Little: 79.0725 82.1543 1030.79
Thumb: -30.3457 161.693 1143.14
Index: 7.62938 64.555 1065.79
Middle: 31.3911 21.3497 1115.21
Ring: 48.1941 27.0818 1094.1
Little: 65.3015 57.2504 1057.79
Thumb: -22.0219 164.381 1155.02
Index: 47.1658 39.5311 1112.41
Middle: 30.3084 28.5376 1116.1
Ring: 38.8831 37.0484 1102.2
Little: 68.9628 78.7277 1050.23
Thumb: -16.2926 165.011 1155.2
Index: 43.7103 44.8768 1112.63
Middle: 30.4323 32.3634 1125.61
Ring: 31.7417 43.764 1097.6
Little: 61.6694 81.4375 1049.81
Thumb: -10.5323 166.545 1164.56
Index: 36.357 50.5402 1109.03
Middle: 34.1722 31.7632 1120.33
Ring: 30.1346 62.0791 1086.71
Little: 57.2432 90.1788 1043.44
Thumb: -6.5949 166.725 1170.05
Index: 34.1808 50.7408 1109.8
Middle: 34.6587 32.6313 1124.3
Ring: 29.7424 63.9904 1089.29
Little: 55.8923 107.375 1032.11
Thumb: 1.47973 168.434 1177.83
Index: 34.0203 52.7597 1109.15
Middle: 36.2625 33.2863 1122.91
Ring: 32.0889 67.8188 1088.43
Little: 52.2467 109.825 1032.15
Thumb: 11.7001 171.114 1184.2
Index: 35.2528 55.2529 1108.54
Middle: 37.7639 36.216 1124.91
Ring: 28.2207 53.7316 1096.6
Little: 49.427 113.849 1030.65
Thumb: 21.6104 172.637 1190.21
Index: 33.9414 57.7223 1106.88
Middle: 38.0744 37.357 1123.53
Ring: 33.5741 48.6416 1103.5
Little: 48.0929 117.515 1030.41
Thumb: 30.9856 172.535 1191.88
Index: 34.6769 60.2545 1106.97
Middle: 37.6179 40.4013 1125.82
Ring: 29.0443 54.7696 1103.81
Little: 51.7138 124.461 1027.31
Thumb: 38.3432 172.57 1193.54
Index: 33.7244 60.9374 1109.4
Middle: 37.9616 40.1436 1127.82
Ring: 25.7902 57.3275 1105.26
Little: 53.8323 124.859 1028.15
Thumb: 42.6935 171.189 1194.46
Index: 34.8264 59.2499 1110.8
Middle: 38.5033 40.1424 1128.28
Ring: 23.8003 59.0931 1105.45
Little: 54.6235 125.754 1028.95
Thumb: 44.784 170.906 1195.5
Index: 34.1247 59.4637 1110.62
Middle: 37.3287 41.0134 1129.12
Ring: 24.6893 58.4781 1106.37
Little: 55.0967 126.845 1028.94
Thumb: 45.9593 168.276 1195.81
Index: 34.6482 60.2678 1112.73
Middle: 40.1512 40.7183 1132.72
Ring: 23.9355 59.9818 1107.9
Little: 54.2925 127.599 1030.26
Thumb: 46.2872 167.637 1195.74
Index: 32.3818 61.9662 1112.14
Middle: 39.4176 41.18 1131.91
Ring: 23.7084 60.3441 1108.2
Little: 55.2049 128.982 1030.47
Thumb: 45.7859 164.7 1194.72
Index: 33.6313 60.6781 1112.22
Middle: 38.9529 41.3766 1132.16
Ring: 23.3618 60.5665 1107.84
Little: 55.6576 129.237 1030.48
Thumb: 43.4626 163.969 1194.06
Index: 33.2703 59.6009 1115.9
Middle: 37.9892 40.9847 1134.44
Ring: 21.7671 58.5657 1111.92
Little: 64.3329 126.569 1036.36
Thumb: 40.3208 163.253 1193.09
Index: 28.9769 61.8584 1116.7
Middle: 35.0625 40.8702 1135.91
Ring: 20.1496 57.9029 1112.43
Little: 55.0016 117.278 1039.74
Thumb: 36.4636 159.734 1190.4
Index: 26.8697 65.3909 1116.01
Middle: 33.4541 41.0253 1135.2
Ring: 18.7991 58.8736 1111.87
Little: 52.3538 116.843 1039.49
Thumb: 34.1041 158 1189.89
Index: 23.6101 64.8012 1116.77
Middle: 30.701 40.1354 1136.52
Ring: 15.624 59.5319 1110.39
Little: 65.3173 110.383 1047.56
Thumb: 29.4793 153.812 1188.29
Index: 19.4422 63.8096 1114.81
Middle: 25.4974 42.5868 1140.3
Ring: 11.2069 60.8263 1107.25
Little: 65.3252 106.417 1049.86
Thumb: 21.473 152.585 1182.56
Index: 18.4539 62.9965 1114.3
Middle: 24.1083 42.5823 1139.83
Ring: 9.83798 60.8147 1105.43
Little: 64.4286 106.176 1049.72
Thumb: 14.0272 150.222 1178.05
Index: 14.3438 61.9148 1113.07
Middle: 18.8239 40.759 1138.77
Ring: 5.86291 60.568 1104.33
Little: 62.839 103.737 1049.2
Thumb: 9.78927 147.346 1176.72
Index: 10.2244 62.1268 1113.85
Middle: 16.2834 40.5382 1141.86
Ring: 2.61156 60.5163 1104.85
Little: 60.3684 103.222 1050.56
Thumb: 4.55477 144.804 1172.04
Index: 10.4244 62.0747 1113.95
Middle: 17.4839 39.6026 1143.27
Ring: 2.38621 60.8417 1104.13
Little: 61.2228 103.315 1051.28
Thumb: 0.433393 140.116 1169.57
Index: 8.10363 60.6693 1113.14
Middle: 16.1793 38.5944 1146.01
Ring: 4.79677 50.6988 1110.47
Little: 60.5241 101.589 1050.94
Thumb: -6.4306 134.372 1164.05
Index: 11.1528 52.0626 1115.69
Middle: 14.2423 35.7292 1149.21
Ring: 7.44099 43.844 1115.43
Little: 59.0564 98.2082 1052.07
Thumb: -13.1444 130.91 1161.55
Index: 19.5842 38.3259 1118.67
Middle: -0.746782 41.1343 1127.8
Ring: 8.7057 38.1461 1113.92
Little: 55.5921 93.9174 1053.23
Thumb: -15.1936 126.248 1157.94
Index: 5.87215 37.5568 1144.08
Middle: -3.00862 44.6415 1118.01
Ring: 11.9959 35.6698 1113.31
Little: 53.2211 95.872 1047.7
Thumb: -18.8014 120.526 1156.34
Index: -0.456039 48.0742 1134.09
Middle: -6.32988 42.1903 1123.49
Ring: 10.8609 32.2404 1111.92
Little: 51.4769 94.9614 1046.65
Thumb: -19.7902 117.162 1152.7
Index: 0.00596237 43.6125 1138.66
Middle: -8.80258 43.0831 1122.05
Ring: 8.0669 33.3652 1110.19
Little: 48.6917 94.6607 1045.75
Thumb: -20.8475 113.515 1147.87
Index: -1.8123 42.5631 1137.09
Middle: -10.1511 44.2258 1116.72
Ring: 7.75985 31.6755 1107.52
Little: 47.1736 93.5293 1042.64
Thumb: -19.3265 115.097 1146.25
Index: -8.15759 44.3557 1136.19
Middle: -14.7352 46.1271 1117.82
Ring: 3.83755 33.416 1108.86
Little: 44.1478 92.1347 1041.53
Thumb: -22.0527 114.922 1143.8
Index: -17.8185 55.7491 1149.87
Middle: -15.9617 46.1965 1121.17
Ring: -0.967988 36.0188 1108.75
Little: 45.0513 93.7009 1041.85
Thumb: -23.823 116.322 1141.55
Index: -22.6479 66.2371 1148.45
Middle: -19.8257 56.2595 1117.74
Ring: -5.58835 38.5771 1112.08
Little: 44.4483 92.217 1043.59
Thumb: -24.9738 116.522 1135.99
Index: -28.7275 74.4627 1152.15
Middle: -23.3707 67.1485 1117.17
Ring: -12.9257 43.6998 1117.43
Little: 44.2344 89.979 1044.99
Thumb: -25.9702 117.181 1135.84
Index: -34.2668 83.0947 1144.94
Middle: -23.5597 72.2346 1116.44
Ring: -19.0009 45.4052 1118.36
Little: 39.9604 87.4664 1044.55
Thumb: -27.6905 116.214 1136.98
Index: -36.1259 89.6299 1131.97
Middle: -23.1915 77.5799 1115.79
Ring: -25.0954 46.7519 1121.91
Little: 36.1156 84.1991 1047.02
Thumb: -29.2346 116.189 1133.86
Index: -39.3106 94.577 1129.93
Middle: -28.3178 80.363 1114.35
Ring: -30.4159 49.069 1123.26
Little: 32.0524 82.2348 1046.95
Thumb: -32.7212 113.082 1129.85
Index: -47.5515 94.7507 1120.2
Middle: -32.6109 80.2545 1114.15
Ring: -35.3188 49.5672 1122.32
Little: 30.8848 81.6501 1049.01
Thumb: -34.822 113.714 1130.88
Index: -53.8929 85.8318 1121.96
Middle: -48.1123 79.2243 1110.35
Ring: -41.9829 52.2068 1118.63
Little: 23.9064 85.3057 1041.55
Thumb: -37.0405 113.017 1129.08
Index: -52.3837 91.753 1121.29
Middle: -56.1052 66.6323 1119.22
Ring: -43.0694 52.2834 1122.38
Little: 23.7103 84.0201 1045.69
Thumb: -38.4985 114.355 1129.84
Index: -52.3252 92.1254 1119.16
Middle: -57.1125 62.6841 1119.96
Ring: -44.5994 54.4738 1119.69
Little: 23.8792 85.1811 1046.54
Thumb: -40.1995 112.412 1128.03
Index: -53.4157 93.9226 1118
Middle: -58.7977 62.1635 1119.67
Ring: -45.8467 54.9886 1117
Little: 20.4932 85.8738 1044.09
Thumb: -42.5023 112.566 1127.34
Index: -58.37 87.915 1121.58
Middle: -60.9107 62.7642 1119.23
Ring: -47.4798 55.645 1114.62
Little: 23.9422 82.5342 1052.78
Thumb: -44.8029 112.784 1130.73
Index: -60.9509 87.2868 1122.54
Middle: -62.9659 61.4787 1119.42
Ring: -49.2181 54.1005 1115.07
Little: 21.414 82.8821 1052.54
Thumb: -46.6223 116.463 1135.42
Index: -59.6987 83.7519 1116.4
Middle: -61.01 58.2073 1118.83
Ring: -47.7697 51.8073 1112.07
Little: 20.5513 84.8494 1048.11
Thumb: -49.1863 120.459 1139.21
Index: -57.8843 79.7571 1113.64
Middle: -45.5871 71.3179 1102.37
Ring: -45.2369 47.9723 1108.53
Little: 21.4959 86.6667 1044.68
Thumb: -50.3344 123.958 1145.24
Index: -50.8983 76.4787 1102.48
Middle: -41.8267 70.5488 1098.29
Ring: -40.5993 48.1071 1101.43
Little: 21.6274 91.2092 1041.94
Thumb: -50.0288 129.102 1146.81
Index: -34.4534 42.8578 1107.56
Middle: -41.3879 74.7151 1099.01
Ring: -40.5407 54.4292 1092.16
Little: 21.5852 90.8333 1040.28
Thumb: -51.124 131.968 1147.33
Index: -26.5768 37.5167 1111.4
Middle: -42.6261 71.7832 1098.69
Ring: -39.2629 58.3155 1087.09
Little: 22.3404 91.922 1038.91
Thumb: -52.3103 137.15 1148.82
Index: -23.2057 35.403 1111.97
Middle: -38.2667 64.2055 1095.28
Ring: -37.0474 57.6792 1086.43
Little: 22.4458 90.6702 1038.08
Thumb: -54.0342 140.514 1148.52
Index: -22.6764 34.8868 1110.6
Middle: -33.2929 60.4124 1093.32
Ring: -37.6311 55.2435 1086.45
Little: 7.53599 95.3134 1023.2
Thumb: -55.7313 141.291 1147.89
Index: -12.068 31.6049 1113.66
Middle: -33.0467 57.203 1089.58
Ring: -36.245 54.1994 1084.23
Little: 5.35683 95.3933 1020.68
Thumb: -55.4441 145.788 1152.17
Index: -24.8907 45.7613 1101.24
Middle: -31.3113 54.9379 1087.29
Ring: -34.8638 49.6363 1084.35
Little: -8.14913 95.8721 1011.98
Thumb: -57.1407 146.505 1149.67
Index: -23.3642 43.6166 1100.77
Middle: -29.4683 48.1485 1088.51
Ring: -31.1832 43.6211 1080.96
Little: -6.44192 96.41 1010.58
Thumb: -57.2357 148.753 1148.34
Index: -22.2093 41.9788 1100.33
Middle: -28.4307 47.7513 1086.39
Ring: -29.0242 41.5469 1077.85
Little: -4.72401 97.7251 1009.4
Thumb: -56.7179 150.777 1147.63
Index: -25.4047 47.7044 1104.88
Middle: -23.5648 58.0865 1079.86
Ring: -22.6961 34.8364 1075.08
Little: -3.50785 96.9934 1008.81
Thumb: -62.5417 152.381 1146.27
Index: -25.7626 45.4165 1106.48
Middle: -24.018 60.9002 1083.79
Ring: -14.8216 29.5092 1076.71
Little: 3.58705 98.0015 1011.33
Thumb: -66.4315 155.827 1139.5
Index: -33.4542 47.5518 1117.89
Middle: -24.7672 48.6334 1084.19
Ring: -10.1133 31.2184 1075.45
Little: 9.9397 95.7911 1013.02
Thumb: -72.7138 158.901 1131.53
Index: -37.2342 50.1645 1124.4
Middle: -25.9664 47.6273 1090.82
Ring: -10.0254 32.5025 1082.38
Little: 16.8082 95.1569 1017.45
Thumb: -75.9551 158.172 1121.25
Index: -40.5555 49.8406 1124.23
Middle: -18.6605 32.2698 1110.3
Ring: -6.05217 31.835 1089.55
Little: 22.9021 87.9295 1024.08
Thumb: -80.5603 162.202 1110.35
Index: -48.112 51.8965 1124.32
Middle: -23.008 42.391 1110.29
Ring: -9.94923 32.9617 1101.4
Little: 27.3304 85.932 1032.83
Thumb: -81.7439 163.477 1105.81
Index: -49.4701 52.9966 1124.51
Middle: -23.0765 44.2196 1111.46
Ring: -11.0803 35.8429 1102.44
Little: 35.7849 92.3175 1039.72
Thumb: -83.1107 164.065 1100.92
Index: -52.0557 52.2639 1122.9
Middle: -24.6477 47.2755 1109.26
Ring: -11.6358 35.9961 1107.27
Little: 13.6271 51.738 1097.18
Thumb: -82.6844 161.761 1094.25
Index: -55.1403 51.314 1122.37
Middle: -17.9451 113.348 1043.9
Ring: -15.3928 35.1445 1110.21
Little: 11.4806 52.3652 1095.55
Thumb: -81.237 157.65 1092.08
Index: -54.394 51.1526 1126.72
Middle: -19.1756 108.792 1038.13
Ring: -14.8898 35.0436 1110.72
Little: 15.5878 44.7975 1100.61
Thumb: -83.4178 154.75 1088.49
Index: -57.0747 45.7424 1120.46
Middle: -19.6206 97.3383 1024.85
Ring: -17.1357 32.6391 1110.42
Little: 18.1328 47.0237 1093.93
Thumb: -82.3038 149.775 1085.52
Index: -56.3847 46.7367 1107.36
Middle: -15.7876 96.5338 1023.58
Ring: -16.869 29.9209 1105.17
Little: 14.6438 45.0417 1100.26
Thumb: -79.3377 140.863 1083.72
Index: -55.981 42.1327 1102.9
Middle: -16.6496 94.8094 1021.9
Ring: -17.5274 28.2385 1095.46
Little: 13.7769 41.7262 1096.44
Thumb: -77.0138 132.383 1077.64
Index: -54.6161 39.9987 1093.15
Middle: -13.1584 91.8431 1018.23
Ring: -17.1472 26.7225 1085.72
Little: 15.4413 40.89 1087.79
Thumb: -73.6505 124.872 1067.39
Index: -55.1902 39.0274 1086.75
Middle: -13.2444 87.9558 1014.7
Ring: -19.0962 23.8833 1077.64
Little: 15.4931 38.2654 1082.85
Thumb: -71.4989 122.794 1053.36
Index: -55.7784 36.8025 1076.71
Middle: -14.1742 84.9345 1011.27
Ring: -20.5127 22.8504 1071.12
Little: 16.1416 38.2463 1073.61
Thumb: -71.7789 124.197 1060.1
Index: -56.3064 39.4738 1072.32
Middle: -17.3387 86.5807 1010.84
Ring: -18.3444 26.4685 1066.03
Little: 16.4873 39.5219 1068.53
Thumb: -64.7744 121.899 1045.32
Index: -54.6905 40.7747 1060.88
Middle: -18.6186 86.395 1005.74
Ring: -20.5355 25.3736 1058.22
Little: 12.4488 37.5244 1058.06
Thumb: -57.5767 118.63 1035.11
Index: -54.4698 43.5694 1055.45
Middle: -22.127 80.9031 1004.38
Ring: -18.6815 31.7755 1051.69
Little: 13.6169 39.1041 1051.03
Thumb: -38.6215 102.349 1030.57
Index: -56.0156 38.1928 1054.58
Middle: -23.7642 82.0985 1004.1
Ring: -17.8238 35.9765 1049.28
Little: 12.4776 40.3229 1049.31
Thumb: -38.1931 102.181 1029.21
Index: -56.9671 40.8976 1050.8
Middle: -24.3267 83.5776 1002.22
Ring: -19.1472 36.272 1046.39
Little: 12.9857 43.742 1042.7
Thumb: -39.3193 100.057 1029.13
Index: -57.8993 46.1481 1045.8
Middle: -30.5039 83.396 1001.59
Ring: -21.5394 38.2237 1046.15
Little: 9.64761 44.9107 1038.88
Thumb: -38.2839 99.5418 1029.1
Index: -58.7654 48.4384 1042.61
Middle: -33.1406 83.3116 999.708
Ring: -23.7211 37.9981 1043.43
Little: 8.85845 46.7188 1036.05
Thumb: -36.9876 96.0562 1031.64
Index: -60.1022 54.6099 1038.99
Middle: -33.0591 85.398 997.718
Ring: -25.5811 35.5475 1044.75
Little: 5.28896 44.1531 1034.81
Thumb: -37.689 95.4656 1030.98
Index: -60.8307 59.0882 1035.88
Middle: -34.374 84.0512 996.296
Ring: -24.9395 36.9284 1042.55
Little: 3.1346 42.1707 1034.15
Thumb: -40.4051 96.234 1028.27
Index: -61.3885 67.6303 1030.13
Middle: -37.4566 84.1116 994.332
Ring: -26.3534 38.2259 1040.12
Little: 0.200765 41.9932 1032.03
Thumb: -41.6053 96.9886 1024.85
Index: -61.1467 71.8372 1026.07
Middle: -37.2566 82.6281 992.239
Ring: -26.1316 38.0986 1038.44
Little: -0.738937 41.4637 1031.14
Thumb: -43.4103 95.5979 1026.73
Index: -61.2794 65.8923 1029.17
Middle: -40.1237 87.4981 992.57
Ring: -28.6393 40.2841 1039.57
Little: -4.75918 38.9576 1035.93
Thumb: -43.7219 97.5449 1024.16
Index: -59.6508 67.725 1029.72
Middle: -40.3504 93.4431 993.604
Ring: -30.528 41.1617 1039.07
Little: -5.95964 39.505 1037.07
Thumb: -45.6512 97.2948 1021.08
Index: -60.4278 69.5497 1026.32
Middle: -41.7246 92.4759 991.882
Ring: -33.5864 37.9454 1040.42
Little: -8.91831 35.6215 1041.54
Thumb: -46.1826 96.4185 1021.64
Index: -59.5115 67.0916 1026.81
Middle: -42.2299 91.5958 991.23
Ring: -28.2396 39.6271 1037.66
Little: -8.68058 36.2663 1040.42
Thumb: -46.7611 94.4624 1020.82
Index: -62.1491 70.1531 1026.03
Middle: -46.1691 86.2657 990.396
Ring: -28.9356 37.9976 1037.56
Little: -9.29297 35.4674 1038.78
Thumb: -47.091 95.1106 1018.6
Index: -61.6515 68.6458 1024.59
Middle: -45.2303 88.1268 989.069
Ring: -28.8803 38.2765 1036.48
Little: -9.24747 35.2311 1038.67
Thumb: -47.8761 96.1024 1018.06
Index: -61.9897 67.5125 1025.37
Middle: -45.3156 89.6236 989.294
Ring: -24.0218 52.8088 1036.6
Little: -11.0711 34.2422 1041.35
Thumb: -48.8225 96.8303 1020.84
Index: -64.2482 64.1922 1028.56
Middle: -46.4162 92.3911 991.575
Ring: -27.0208 52.1348 1038.58
Little: -15.0561 34.0085 1047.05
Thumb: -48.0723 100.278 1025.52
Index: -65.3304 69.0474 1034.24
Middle: -47.5133 94.8512 995.087
Ring: -34.5062 39.2567 1046.33
Little: -17.0029 35.2972 1049.91
Thumb: -52.3145 103.583 1032.57
Index: -64.2475 67.8581 1046.35
Middle: -48.0144 91.5071 1000.25
Ring: -37.1889 37.0338 1054.44
Little: -18.8179 37.231 1054.78
Thumb: -69.2274 109.785 1046.44
Index: -64.5731 61.7549 1062.41
Middle: -49.3973 90.4129 1009
Ring: -37.4576 36.2011 1063.13
Little: -20.426 35.7299 1066.4
Thumb: -72.4275 112.234 1057.72
Index: -66.0117 58.8371 1076.67
Middle: -53.1765 90.6212 1019.47
Ring: -40.04 36.5984 1075.26
Little: -24.0382 36.2171 1079.38
Thumb: -71.8672 116.556 1069.74
Index: -69.03 52.6596 1093.23
Middle: -47.5912 35.1644 1090.91
Ring: -29.6433 38.734 1079.78
Little: -29.1417 37.3101 1091
Thumb: -74.0686 122.041 1087.67
Index: -69.4761 55.6231 1108.18
Middle: -54.5296 38.5625 1101.94
Ring: -43.1957 25.2089 1097.01
Little: -6.05985 78.327 1042.66
Thumb: -74.5866 127.326 1098.6
Index: -66.2553 58.8967 1127.19
Middle: -55.3909 43.1776 1118.14
Ring: -42.4692 24.2286 1124.2
Little: -13.4111 72.4618 1053.19
Thumb: -72.6364 134.607 1104.75
Index: -62.0072 64.7833 1138.26
Middle: -51.9516 45.3982 1135.83
Ring: -40.7157 31.9987 1135.33
Little: -3.92394 74.9686 1061.07
Thumb: -72.0807 141.346 1115.88
Index: -57.5571 67.4906 1148.66
Middle: -47.0381 47.8959 1146.12
Ring: -34.106 32.6223 1148.2
Little: 3.6415 79.8075 1068.37
Thumb: -66.8416 147.1 1118.94
Index: -52.1178 73.3127 1155.8
Middle: -39.8038 52.1697 1152.93
Ring: -29.2479 38.2905 1153.13
Little: 14.4574 83.1713 1076.92
Thumb: -64.103 152.885 1128.36
Index: -48.0072 83.5056 1154.38
Middle: -35.8082 54.3941 1156.25
Ring: -24.9608 40.7166 1160.36
Little: 24.3599 87.3026 1083.26
Thumb: -62.4447 155.132 1128.21
Index: -43.2186 82.3487 1158.99
Middle: -30.0221 57.4114 1159.67
Ring: -17.8154 44.0299 1158.22
Little: 29.001 92.2449 1087.6
Thumb: -57.3016 156.883 1133.19
Index: -39.6674 85.7438 1161.28
Middle: -25.9415 58.5349 1161.53
Ring: -10.8352 42.5429 1169.3
Little: 30.5326 91.5108 1088.86
Thumb: -52.4364 158.456 1137.58
Index: -36.045 86.5363 1161.43
Middle: -19.0601 59.6001 1158.07
Ring: -5.12562 44.0277 1166.63
Little: 37.9163 92.6975 1087.51
Thumb: -48.617 156.446 1135.42
Index: -33.0687 82.6146 1162.8
Middle: -15.2321 60.5417 1155.59
Ring: -1.19753 43.6511 1161.38
Little: 42.3368 93.0741 1083.73
Thumb: -45.5137 156.278 1135.99
Index: -27.1249 79.5401 1157.6
Middle: -10.2017 59.1175 1150.15
Ring: 5.00579 42.4242 1156.89
Little: 48.1062 107.62 1092.91
Thumb: -44.4197 151.939 1138.09
Index: -21.0091 72.9676 1149.45
Middle: -4.04987 51.9487 1143.01
Ring: 11.0229 36.7825 1148.49
Little: 49.5191 108.318 1081.77
Thumb: -40.3855 145.019 1140.54
Index: -8.67227 62.676 1148.41
Middle: 4.82514 47.2277 1136.59
Ring: 25.4053 31.1114 1139.49
Little: 50.4057 110.901 1076.47
Thumb: -35.4774 140.569 1137.4
Index: 2.43072 51.6579 1150.25
Middle: 8.75645 44.1251 1129.5
Ring: 29.9615 25.5859 1132.77
Little: 52.5895 105.531 1070.14
Thumb: -34.7633 132.932 1135.58
Index: 8.32442 45.4156 1143.59
Middle: 11.7899 37.5551 1126.8
Ring: 30.1741 23.513 1123
Little: 55.0914 104.186 1067.51
Thumb: -29.6027 127.056 1133.3
Index: 6.13471 46.2719 1140.4
Middle: 10.7915 37.4721 1125.16
Ring: 23.638 25.1859 1123.04
Little: 54.0266 101.728 1055.65
Thumb: -25.2267 125.773 1134.5
Index: 5.88787 47.3348 1140.58
Middle: 7.8013 34.9633 1134.54
Ring: 17.7008 29.1835 1125.59
Little: 52.7031 96.1988 1053.17
Thumb: -22.6616 122.818 1133.68
Index: 2.91767 49.1247 1140.51
Middle: 2.42307 39.9881 1131.32
Ring: 11.6774 31.8848 1127.1
Little: 50.7097 94.5131 1053.41
Thumb: -18.5824 123.227 1132.18
Index: 0.202584 51.5584 1136.11
Middle: -3.42596 42.9062 1133.25
Ring: 4.2698 39.208 1135.52
Little: 47.7496 90.7102 1047.67
Thumb: -16.8905 120.87 1129.98
Index: -0.182802 53.0543 1139.58
Middle: -14.1069 55.6859 1147.5
Ring: -2.5336 44.7963 1131.45
Little: 45.7597 88.0181 1040.29
Thumb: -14.6334 120.153 1126.68
Index: -2.10914 56.7176 1141.19
Middle: -15.2649 59.3562 1148.97
Ring: -5.09535 48.4541 1132.99
Little: 44.2784 85.882 1040.93
Thumb: -14.7721 118.692 1127.65
Index: -1.97921 57.2466 1142.67
Middle: -16.321 59.5775 1150.77
Ring: -6.19029 48.6287 1132.89
Little: 42.4442 88.4451 1043.24
Thumb: -13.8264 118.312 1131.16
Index: -42.0026 116.708 1086.6
Middle: -17.3961 58.4674 1151.94
Ring: -7.10534 48.4301 1134.89
Little: 43.6657 83.7635 1042.19
Thumb: -13.8303 116.816 1133.01
Index: -42.4721 120.314 1086.08
Middle: -20.0471 60.293 1152.12
Ring: -9.22691 49.1301 1141.29
Little: 47.5644 82.7322 1046.19
Thumb: -12.6812 116.893 1133.29
Index: -45.4566 112.257 1085.91
Middle: -21.9629 63.6268 1153.81
Ring: -9.0816 50.8284 1144.4
Little: 49.548 83.2255 1048.32
Thumb: -13.6708 119.005 1136.15
Index: -47.1733 109.086 1085.8
Middle: -25.4586 64.9032 1143.08
Ring: -9.72013 49.8681 1143.59
Little: 48.8883 81.8496 1047.99
Thumb: -14.9667 117.9 1134.59
Index: -50.0375 108.924 1090.32
Middle: -26.3088 67.6747 1143.84
Ring: -11.9763 51.1709 1141.42
Little: 44.1946 81.8629 1048.47
Thumb: -16.4016 118.906 1136.42
Index: -51.2668 112.435 1089.62
Middle: -27.4925 70.419 1135.18
Ring: -15.0122 51.1193 1139.69
Little: 44.8899 82.8195 1049.38
Thumb: -19.203 116.975 1135.14
Index: -56.4736 104.827 1095.96
Middle: -28.8316 72.3195 1129
Ring: -18.4486 50.2491 1137.12
Little: 41.429 83.0508 1047.71
Thumb: -18.1612 116.969 1135.31
Index: -58.0661 103.541 1100.62
Middle: -28.7542 72.8932 1130.84
Ring: -18.3195 50.9018 1140.02
Little: 40.1108 83.305 1048.11
Thumb: -18.8621 117.405 1137.28
Index: -59.3744 99.8792 1103.67
Middle: -28.8397 74.126 1131.27
Ring: -19.0185 50.7356 1141.54
Little: 40.1018 83.5434 1049.32
Thumb: -19.4165 117.267 1137.11
Index: -59.3415 101.208 1103.41
Middle: -27.771 74.7294 1129.96
Ring: -18.9711 50.745 1141.81
Little: 38.7732 83.3891 1048.94
Thumb: -18.1833 117.264 1138.84
Index: -60.9139 102.013 1113.85
Middle: -27.3935 75.1308 1131.43
Ring: -19.0973 51.0653 1143.01
Little: 38.8312 83.0584 1050.22
Thumb: -18.8163 118.736 1139.45
Index: -56.2402 107.648 1107.98
Middle: -28.031 75.2706 1131.07
Ring: -19.6629 51.1184 1142.67
Little: 40.053 82.3115 1050.74
Thumb: -18.5995 118.269 1137.86
Index: -58.3687 106.563 1111.67
Middle: -28.2616 76.3793 1131.02
Ring: -19.9084 51.7927 1143.32
Little: 39.1839 82.2553 1049.97
Thumb: -18.4909 119.652 1138.49
Index: -57.4064 107.7 1109.59
Middle: -28.7926 76.3986 1131.17
Ring: -20.2567 52.1353 1143.33
Little: 38.9601 81.8134 1049.5
Thumb: -19.2803 123.024 1140.42
Index: -56.8281 111.99 1108.83
Middle: -31.0836 77.6729 1132.09
Ring: -21.8466 53.1174 1142.33
Little: 37.2661 83.0837 1048.75
Thumb: -19.3211 129.254 1142.65
Index: -63.2699 109.183 1119.6
Middle: -32.4427 81.6279 1133.65
Ring: -23.0381 55.7572 1143
Little: 37.2365 83.334 1050.78
Thumb: -21.3619 130.73 1144.43
Index: -65.7193 109.152 1120.85
Middle: -30.3647 81.3487 1137.59
Ring: -22.6316 55.5787 1144.98
Little: 36.8732 85.4275 1052.25
Thumb: -21.2136 133.207 1147.72
Index: -58.5578 121.263 1094.11
Middle: -26.0546 75.7855 1135.2
Ring: -16.5868 50.9693 1145.56
Little: 38.8359 87.6299 1049.23
Thumb: -18.373 136.512 1156.69
Index: -56.4315 124.516 1093.66
Middle: -23.5828 72.5725 1134.89
Ring: -13.2031 45.6077 1139.57
Little: 38.1239 91.0016 1047.83
Thumb: -12.4558 140.418 1159.97
Index: -53.7463 127.477 1093.15
Middle: -18.0118 63.793 1138.14
Ring: -9.15656 43.3972 1134.95
Little: 39.7482 92.31 1045.29
Thumb: -5.70286 143.336 1168.61
Index: -53.1717 126.587 1096.04
Middle: -15.4355 59.5497 1135.33
Ring: -6.48885 41.0079 1130.1
Little: 28.7152 94.1549 1039.05
Thumb: -1.12266 146.263 1170.6
Index: -50.3846 128.155 1098.74
Middle: -9.31684 49.8179 1147.34
Ring: -1.26089 40.9728 1128.15
Little: 45.9704 90.8575 1059.14
Thumb: 6.50696 144.752 1171.77
Index: -49.7687 129.165 1098.4
Middle: -6.07999 48.4143 1146.38
Ring: 6.65258 37.9635 1131.59
Little: 46.9139 91.7962 1058.69
Thumb: 13.6523 144.853 1177.02
Index: 9.8702 53.9202 1164
Middle: -2.05279 44.8981 1147.38
Ring: 8.29433 35.2722 1131.3
Little: 44.1228 90.465 1057.75
Thumb: 20.768 143.864 1175.75
Index: 10.9527 51.576 1151.89
Middle: -1.31602 44.9253 1146.51
Ring: 13.81 33.67 1132.98
Little: 42.7122 90.7442 1055.23
Thumb: 24.9507 139.28 1177.13
Index: 13.8086 48.6244 1147.26
Middle: 2.10799 42.9637 1146.46
Ring: 17.2916 31.7054 1132.02
Little: 43.4883 93.2941 1051.13
Thumb: 32.8783 140.279 1176.66
Index: 19.6201 45.8764 1138.78
Middle: 9.23618 36.4546 1140.61
Ring: 20.8365 30.9652 1126.09
Little: 47.2203 93.8144 1046.4
Thumb: 36.6611 140.089 1168.4
Index: 23.3445 44.5886 1130.35
Middle: 14.2676 32.2716 1125.84
Ring: 23.0889 33.2509 1123.08
Little: 47.6473 92.8509 1038.29
Thumb: 60.9496 210.86 1165.61
Index: 24.2487 45.8539 1125.22
Middle: 14.0525 34.6126 1113.92
Ring: 25.0205 34.5145 1119.32
Little: 48.1869 92.3585 1030.77
Thumb: 65.7597 215.113 1153.11
Index: 13.1768 50.3289 1116.86
Middle: 1.56865 42.0447 1106.58
Ring: 6.73953 46.6534 1103.02
Little: 47.171 88.9339 1024.24
Thumb: 79.4416 241.306 1118.98
Index: 7.73875 46.6735 1101.17
Middle: -6.81183 46.2545 1104.23
Ring: -0.453653 55.2087 1097.91
Little: 46.6113 88.1957 1013.36
Thumb: 75.8928 236.015 1117.75
Index: -5.50024 49.4071 1093.95
Middle: -19.2845 43.5109 1095.73
Ring: -4.47176 50.1734 1097.08
Little: 44.8581 82.304 1012.24
Thumb: 57.3862 231.761 1130.09
Index: -1.93351 44.834 1094.58
Middle: -16.732 40.585 1099.31
Ring: -3.16851 47.334 1095.88
Little: 46.1198 80.5584 1011.91
Thumb: 66.1001 236.61 1119.88
Index: -2.40603 45.3184 1094.7
Middle: -16.3662 40.939 1097.07
Ring: -4.40532 44.3197 1098.56
Little: 48.8337 79.6793 1014.55
Thumb: 60.9941 237.498 1122.14
Index: -0.311772 45.3909 1094.75
Middle: -14.9321 40.751 1094.82
Ring: -2.6601 42.6724 1098.51
Little: 52.7869 79.4148 1016.65
Thumb: 60.9582 236.839 1125.18
Index: 1.20484 46.1397 1094.41
Middle: -13.0835 39.6048 1095.92
Ring: 0.0509739 41.5498 1099.02
Little: 56.703 79.2238 1018.58
Thumb: 54.4653 242.904 1120.48
Index: 2.5149 49.8291 1097.56
Middle: -11.1549 41.7584 1094.77
Ring: 0.715366 44.5627 1099.32
Little: 59.9144 81.161 1020.46
Thumb: 37.3203 227.818 1120.39
Index: 9.27377 56.1491 1106.7
Middle: -8.963 45.0013 1104.83
Ring: -1.22246 52.555 1101.72
Little: 61.2525 77.1725 1024.6
Thumb: 12.268 256.329 1118.74
Index: -4.15294 56.0727 1127.45
Middle: -22.6313 51.0934 1119.04
Ring: -19.3743 51.4792 1094.06
Little: 50.8228 66.2602 1080.28
Thumb: 25.9228 159.43 975.719
Index: 19.7744 66.7595 1048.13
Middle: 7.65545 10.1764 1085.4
Ring: 4.58495 22.0429 1092.13
Little: 73.3674 67.2194 1096.7
Thumb: 22.98 166.165 977.838
Index: 15.3991 51.2856 1050.36
Middle: -3.62056 14.3464 1088.17
Ring: -0.77534 25.6577 1090.39
Little: 70.1766 67.0407 1094.38
Thumb: 29.7669 165.462 973.314
Index: 14.4174 38.321 1057.85
Middle: -4.24813 14.3045 1089.05
Ring: 0.245053 25.0909 1089.24
Little: 70.2792 67.8011 1093.41
Thumb: 21.9425 161.353 973.95
Index: 17.0954 48.1594 1047.7
Middle: -3.25926 13.3116 1087.69
Ring: 1.19193 24.1774 1087.38
Little: 70.8094 67.7375 1091.44
Thumb: 21.1194 159.585 972.55
Index: 17.0445 53.9185 1042.6
Middle: -2.86352 13.2074 1085.29
Ring: 1.73596 23.924 1085.01
Little: 72.1899 68.0133 1088.09
Thumb: 20.4488 157.67 970.951
Index: 12.1446 65.0419 1039.53
Middle: -2.45681 13.1894 1085.26
Ring: 1.24518 24.0788 1084.29
Little: 70.8267 66.9848 1086.26
Thumb: 33.2168 148.974 969.165
Index: 12.937 67.2013 1040.22
Middle: -2.6508 13.4504 1084.74
Ring: 1.57162 24.245 1083.95
Little: 71.0442 67.7887 1083.96
Thumb: 16.3371 180.007 971.616
Index: 8.8895 68.6098 1039.51
Middle: 2.37304 12.4153 1083.46
Ring: 0.925533 24.6129 1082.63
Little: 70.0758 68.4228 1079.6
Thumb: 44.6285 208.835 970.352
Index: 7.43041 60.9348 1039.27
Middle: 0.671793 16.7389 1079.96
Ring: 1.52229 27.8638 1079.84
Little: 69.9485 71.8207 1075.29
Thumb: 17.6466 175.714 969.595
Index: 5.47938 56.8328 1039.8
Middle: 2.11559 18.6846 1077.62
Ring: 3.18518 28.6081 1076.74
Little: 68.4757 74.2854 1070.01
Thumb: -26.391 226.255 1002.33
Index: 4.18954 60.1398 1036.21
Middle: 1.55096 18.5682 1075.89
Ring: 0.814926 29.5409 1074.64
Little: 65.6877 70.7124 1064.35
Thumb: -13.3993 268.694 1042.66
Index: 0.623841 54.1021 1038.31
Middle: 0.0974479 19.6219 1073.82
Ring: -0.741966 30.596 1070.65
Little: 63.9283 69.9077 1059.78
Thumb: -52.2163 231.684 1067.03
Index: -0.565142 55.4767 1035.62
Middle: -0.229679 20.3703 1070.82
Ring: -2.2979 31.5314 1068.04
Little: 63.0216 70.258 1057.36
Thumb: -54.4503 224.918 1062.75
Index: -3.11153 65.9927 1030.49
Middle: -2.37661 20.9132 1070.03
Ring: -0.782352 29.9125 1067.25
Little: 61.7546 68.5208 1053.58
Thumb: -52.8173 226.435 1059.2
Index: -4.15916 58.1698 1031.87
Middle: -4.01067 21.2545 1066.6
Ring: -2.20429 30.0454 1064.49
Little: 50.2913 51.5932 1053.04
Thumb: -53.0293 230.278 1062.29
Index: -6.03403 59.1618 1032.26
Middle: -3.37835 21.0708 1063.07
Ring: -1.21403 29.3211 1060.25
Little: 41.4071 39.4499 1057.23
Thumb: -39.0225 250.889 1052.59
Index: -8.02166 55.4441 1031.19
Middle: -5.36572 20.2645 1062.06
Ring: -1.99098 28.0053 1061.08
Little: 42.249 41.2187 1052.06
Thumb: -28.8763 260.294 1050.28
Index: -8.05562 55.7213 1029.32
Middle: -5.30514 20.0722 1060.37
Ring: -2.504 28.046 1059.57
Little: 42.1041 40.7776 1050.53
Thumb: -57.8323 219.677 1057.82
Index: -7.65148 60.0744 1025.19
Middle: -5.62772 21.0708 1059.41
Ring: -1.93137 28.7021 1058.29
Little: 42.1449 41.5042 1050.26
Thumb: -27.7454 257.525 1042.71
Index: -7.45153 60.5251 1025.04
Middle: -3.33416 20.7852 1060.43
Ring: -2.07649 29.1794 1059.37
Little: 41.5701 40.4982 1051.84
Thumb: -36.6986 249.885 1042.81
Index: -8.45023 57.6697 1026.43
Middle: -5.20867 20.8658 1061.54
Ring: -2.44181 28.8516 1059.75
Little: 41.1984 40.4556 1052.5
Thumb: -23.51 261.696 1039.58
Index: -7.64717 58.1596 1024.62
Middle: -4.27483 20.5143 1060.55
Ring: -1.36126 28.4752 1056.92
Little: 42.1435 40.3511 1051.64
Thumb: -26.6869 256.987 1037.86
Index: -7.87795 59.2903 1026.99
Middle: -4.54572 20.3533 1062.59
Ring: -1.6 28.4076 1062.22
Little: 41.8902 40.5635 1053.73
Thumb: -24.8399 258.754 1038.05
Index: -7.7904 59.4632 1027.36
Middle: -4.86388 20.8259 1063.48
Ring: -1.06176 28.4978 1062.75
Little: 41.7683 40.4957 1054.09
Thumb: -60.9335 218.979 1053.32
Index: -6.70825 54.7598 1031.58
Middle: -4.63713 19.6367 1066.03
Ring: -1.05598 27.4557 1065.45
Little: 41.9958 38.9081 1057.91
Thumb: -58.3168 217.848 1051.5
Index: -6.32042 55.2408 1032.36
Middle: -3.81795 18.8987 1067.66
Ring: 0.26921 25.7342 1067.37
Little: 42.8516 36.0694 1062.11
Thumb: -21.5977 264.442 1043.89
Index: -4.40454 55.3427 1035.54
Middle: -2.77852 18.44 1071.1
Ring: 1.97702 24.9479 1070.98
Little: 43.9153 35.5269 1066.52
Thumb: -54.7832 227.696 1060.1
Index: -5.16093 48.4546 1049.73
Middle: -0.0420589 17.3607 1073.84
Ring: 2.45693 24.5079 1073.33
Little: 44.1868 34.4593 1069.77
Thumb: -13.9113 267.335 1050.11
Index: -5.28846 50.0227 1051.43
Middle: -0.516295 15.867 1076.62
Ring: 2.0579 22.9783 1075.59
Little: 43.3835 34.5991 1070.37
Thumb: -44.1624 235.963 1041
Index: -4.99452 48.9715 1054.95
Middle: 1.06502 14.9386 1081
Ring: 2.7487 22.1912 1080.19
Little: 44.757 33.0145 1074.74
Thumb: 28.9891 149.464 966.61
Index: -3.69107 49.0941 1056.27
Middle: -1.15775 15.8851 1083.04
Ring: 3.40436 22.3715 1082.35
Little: 45.315 33.2158 1079.42
Thumb: -8.41022 269.266 1046.05
Index: -3.84173 49.8285 1059.77
Middle: 0.572873 16.4794 1088.11
Ring: 3.64858 23.7714 1087.31
Little: 46.8196 35.3029 1083.1
Thumb: -56.5997 222.718 1063.53
Index: -2.81379 50.9746 1062.39
Middle: 3.39985 15.9861 1090.54
Ring: 4.63367 23.4689 1089.54
Little: 43.7658 33.4524 1092.99
Thumb: -15.6579 266.637 1066.83
Index: -5.45316 49.5839 1065.13
Middle: 0.801851 14.5061 1093.63
Ring: 3.89314 21.4228 1093.17
Little: 41.4017 32.3399 1096.11
Thumb: 51.991 214.537 990.432
Index: 1.10826 48.3039 1066.21
Middle: 1.553 13.7146 1096.63
Ring: 3.79232 21.0407 1095.92
Little: 39.4418 32.9379 1105.17
Thumb: 14.4578 191.426 990.995
Index: 1.70067 47.7477 1069.07
Middle: 1.99273 13.1145 1098.25
Ring: 4.56918 20.5245 1098.8
Little: 39.8707 32.7974 1108.39
Thumb: 21.2444 200.999 997.493
Index: 1.24457 48.2004 1074.83
Middle: 1.07136 14.4127 1100.63
Ring: 4.48358 21.7529 1101.38
Little: 42.5159 32.2606 1112
Thumb: 30.4023 219.277 1008.99
Index: -0.693243 48.9481 1079.62
Middle: 2.65487 15.4836 1104.21
Ring: 5.73645 22.8161 1107.24
Little: 44.0705 33.3981 1114.15
Thumb: 41.3137 224.761 1013.34
Index: -2.81265 53.9745 1084.41
Middle: 0.879676 18.3035 1108.02
Ring: 2.74375 26.064 1108.49
Little: 39.4991 36.9581 1115.19
Thumb: 20.6415 198.264 1002.32
Index: 2.59426 50.2891 1082.06
Middle: -1.3182 18.8342 1108.04
Ring: 5.57593 25.6983 1102.88
Little: 32.6869 42.3988 1117.97
Thumb: 34.3366 147.138 974.328
Index: 6.01129 29.0661 1086.23
Middle: -1.34643 10.6415 1099.78
Ring: -0.246383 20.2383 1104.37
Little: 21.0375 42.0155 1120.68
Thumb: 64.8916 134.624 964.787
Index: 2.01653 26.131 1086.71
Middle: -0.842663 14.0695 1107.99
Ring: -1.53877 21.0009 1103.72
Little: 17.3728 44.3657 1115.72
Thumb: 38.9479 144.269 945.067
Index: -2.15875 27.1808 1084.87
Middle: -2.02615 17.2398 1110.1
Ring: -5.71829 23.1266 1102.09
Little: 12.9912 46.9788 1112.87
Thumb: 31.769 139.471 935.921
Index: -1.96874 26.2895 1082.11
Middle: -7.62054 17.7768 1105.21
Ring: -1.10116 23.1753 1107.3
Little: 11.6829 48.4316 1109.19
Thumb: 36.6578 172.505 932.625
Index: 3.01347 30.0085 1060.84
Middle: -8.71691 20.6427 1081.39
Ring: 0.0400276 29.5584 1099.01
Little: 9.39574 52.3567 1091.84
Thumb: 142.602 148.126 1080.65
Index: 4.66356 38.0091 1100.51
Middle: -8.45906 26.5723 1109.96
Ring: 1.4354 32.9765 1116.51
Little: 46.3347 95.6357 1179.97
Thumb: 142.459 146.028 1081.56
Index: 2.90679 38.4183 1107.48
Middle: -7.48666 24.9478 1107.79
Ring: 4.05638 35.631 1099.69
Little: 42.3627 110.878 1183.38
Thumb: 144.51 146.353 1085.83
Index: 1.10579 40.3928 1107.98
Middle: -6.20523 26.1961 1110.5
Ring: -12.8492 37.5683 1125.37
Little: 39.9067 115.001 1184.26
Thumb: 138.271 161.065 1052.83
Index: 2.84211 37.2828 1104.66
Middle: -6.01412 25.3416 1110.18
Ring: -11.0863 36.104 1121.7
Little: 34.6925 116.493 1185.58
Thumb: 140.846 147.862 1062.32
Index: -0.21703 31.0898 1111.14
Middle: -11.0481 18.908 1117.89
Ring: -6.90959 27.2378 1116.56
Little: -2.18544 59.1213 1154.31
Thumb: 143.74 147.549 1069.08
Index: 0.521547 30.5421 1112.63
Middle: -11.6442 18.9324 1120.08
Ring: -6.66229 26.6308 1117.81
Little: -9.55196 60.6353 1155.89
Thumb: 129.244 107.878 1095.99
Index: 2.45689 30.2499 1113.4
Middle: -11.0506 19.1878 1120.26
Ring: -5.61454 26.7904 1118.27
Little: -12.1725 63.7296 1154.55
Thumb: 139.624 129.202 1097.72
Index: 2.63834 31.2079 1115.16
Middle: -10.9797 19.4996 1120.57
Ring: -4.66937 27.0238 1117.84
Little: -18.0248 66.6011 1149.64
Thumb: 134.542 129.668 1099.63
Index: 19.1286 40.8776 1128.31
Middle: -12.7602 18.2393 1120.79
Ring: -5.85771 25.279 1118.05
Little: -24.1328 65.3751 1145.29
Thumb: 130.419 129.752 1089.22
Index: 18.6486 42.8677 1127.73
Middle: -14.8225 16.9584 1118.56
Ring: -7.83518 24.0319 1116.38
Little: -28.4057 67.7395 1141.9
Thumb: 127.182 127.805 1088.29
Index: 11.7926 38.9632 1129.89
Middle: -16.0921 18.5104 1119.6
Ring: -9.72151 25.5648 1117.49
Little: -31.7808 69.6677 1140.33
Thumb: 131.387 128.19 1098.97
Index: 8.1784 37.1571 1128.23
Middle: -18.2164 17.8633 1117.28
Ring: -11.9725 24.8464 1115.52
Little: -34.8889 69.3859 1137.15
Thumb: 129.927 129.979 1101.19
Index: 7.66467 40.7117 1130.5
Middle: -20.0939 18.9978 1118.15
Ring: -14.6706 26.2007 1116.83
Little: -36.943 71.3991 1136.6
Thumb: 127.406 131.493 1094.16
Index: 6.16531 40.0546 1128.83
Middle: -21.6736 18.9387 1117.31
Ring: -15.5151 25.9801 1115.54
Little: -38.041 71.041 1136.52
Thumb: 132.069 133.747 1095.14
Index: 5.49348 40.255 1129.35
Middle: -22.7632 19.3586 1118.3
Ring: -16.7732 26.2689 1116.47
Little: -38.6437 71.8623 1136.72
Thumb: 131.233 136.346 1096.71
Index: 2.73812 39.6929 1127.5
Middle: -24.7848 19.6893 1115.22
Ring: -18.7109 26.5074 1113.77
Little: -41.0756 72.3451 1132.96
Thumb: 128.674 129.706 1096.47
Index: 1.84182 39.2916 1127.27
Middle: -24.5859 19.119 1114.93
Ring: -19.5389 26.335 1113.76
Little: -41.6196 72.2173 1132.62
Thumb: 129.334 137.081 1098.65
Index: 7.00628 28.043 1122.41
Middle: -26.1466 19.0976 1114.23
Ring: -20.5363 25.9664 1113.01
Little: -43.1416 71.7518 1131.19
Thumb: 127.664 130.483 1099.7
Index: 8.66361 29.6906 1124.63
Middle: 25.5508 100.753 1192.48
Ring: -21.3121 25.9214 1113.56
Little: -43.8981 72.066 1131.65
Thumb: 126.123 126.842 1097.25
Index: 6.45565 31.2474 1124.42
Middle: 25.2333 101.329 1191.86
Ring: -22.1975 26.6579 1113.1
Little: -44.745 71.9777 1131.02
Thumb: 126.645 128.91 1100.79
Index: 8.89271 31.2701 1124.57
Middle: 22.1399 102.691 1192.15
Ring: -23.1551 27.6326 1112.31
Little: -46.1228 73.0188 1129.06
Thumb: 125.664 128.783 1097.92
Index: 8.505 31.2524 1124.38
Middle: 21.2645 102.723 1191.89
Ring: -23.1261 27.4025 1111.79
Little: -46.2508 72.8042 1128.22
Thumb: 128.19 133.481 1097.6
Index: 8.63812 31.449 1125.29
Middle: 21.4975 104.093 1192.34
Ring: -22.5842 27.3395 1112.75
Little: -45.646 73.1148 1128.44
Thumb: 90.8277 101.828 1126.33
Index: 7.1428 27.6629 1123.13
Middle: 19.6376 104.102 1192.51
Ring: -22.3237 26.806 1112.13
Little: -46.0786 72.9543 1127.4
Thumb: 96.5153 101.643 1129.36
Index: 7.4952 27.5105 1124.46
Middle: 19.8391 104.393 1193.2
Ring: -22.2883 26.8712 1113.82
Little: -45.9435 73.0607 1128.7
Thumb: 94.6859 99.3196 1128.25
Index: 6.94421 27.1248 1124.36
Middle: 20.091 104.49 1193.47
Ring: -22.3337 26.9244 1114.34
Little: -45.9414 73.1867 1129.26
Thumb: 98.998 101.389 1124.69
Index: 6.91947 26.0185 1123.49
Middle: 19.2926 104.911 1193.81
Ring: -20.479 26.2487 1114.67
Little: -45.1728 72.267 1128.54
Thumb: 92.2562 99.2617 1127.72
Index: 6.94302 26.0699 1123.61
Middle: 19.2964 104.908 1193.91
Ring: -20.4517 26.258 1114.77
Little: -45.1503 72.2636 1128.64
Thumb: 98.3947 107.303 1131.37
Index: 8.79886 26.1483 1124.33
Middle: 19.9851 105.253 1194.11
Ring: -18.6314 25.42 1115.17
Little: -44.0794 70.9329 1129.22
Thumb: 113.909 103.848 1113.22
Index: 8.7863 26.2018 1124.35
Middle: 20.2283 105.23 1194.11
Ring: -18.587 25.4081 1115.26
Little: -44.0676 70.9115 1129.39
Thumb: 112.032 100.635 1110.8
Index: 9.31529 26.0839 1123.74
Middle: 20.948 104.758 1193.9
Ring: -18.1854 25.3778 1114.74
Little: -43.5885 70.8029 1129.21
Thumb: 114.118 104.167 1114.8
Index: 9.12701 27.244 1124.89
Middle: 20.6419 106.835 1194.35
Ring: -17.7545 26.1556 1115.45
Little: -43.6362 68.5956 1129.22
Thumb: 119.987 108.519 1112.25
Index: 9.60262 27.1124 1125.77
Middle: 21.314 104.804 1195.44
Ring: -17.3862 26.2272 1117.01
Little: -43.2481 67.6149 1130.79
Thumb: 115.446 110.285 1114.11
Index: 10.4495 29.2124 1125.99
Middle: 22.848 107.649 1195.26
Ring: -16.1241 27.5003 1116.81
Little: -42.1314 68.5246 1130.83
Thumb: 114.811 109.506 1115.43
Index: 9.44858 31.9691 1127.12
Middle: 23.6635 108.483 1195.42
Ring: -15.373 28.5232 1117.42
Little: -40.8722 71.8808 1132.17
Thumb: 117.044 110.26 1114.4
Index: 10.5776 34.0432 1126.42
Middle: 25.4919 109.671 1195.06
Ring: -14.2139 30.3876 1116.05
Little: -39.3354 73.9666 1131.24
Thumb: 126.703 117.857 1115.49
Index: 10.7672 35.3981 1126.48
Middle: 27.3626 110.452 1194.86
Ring: -12.0551 30.3961 1115.67
Little: -37.2747 75.2294 1129.92
Thumb: 128.803 118.356 1114.43
Index: 15.0475 37.5812 1127.8
Middle: 30.1389 109.521 1194.97
Ring: -8.75667 30.3984 1115.39
Little: -34.3165 74.9869 1130.15
Thumb: 132.399 118.429 1114.6
Index: 18.936 37.0704 1126.57
Middle: 31.4599 111.14 1194.38
Ring: -4.44372 29.9814 1113.54
Little: -30.8856 74.8705 1127.7
Thumb: 132.117 119.988 1119.07
Index: 23.3416 38.338 1122.23
Middle: 35.2894 107.485 1194.08
Ring: -0.0150242 31.6569 1109.47
Little: -26.2698 75.2078 1125.46
Thumb: 139.59 122.495 1117.51
Index: 28.7421 40.2937 1118.17
Middle: 37.8806 103.303 1193.47
Ring: 5.63118 35.0527 1105.56
Little: -20.1794 75.3306 1121.98
