Thumb: 32.9554 91.7207 1121.92
Index: -64.5745 28.1944 1098.23
Middle: -101.42 40.8207 1097.63
Ring: -124.543 62.0639 1082.41
Little: -141.773 103.039 1080.87
Thumb: 39.3296 94.663 1103.67
Index: -68.152 37.3533 1104.25
Middle: -104.589 35.4251 1094.45
Ring: -110.407 68.4438 1106.71
Little: -106.03 138.934 1133.57
Thumb: 26.7991 90.808 1110.83
Index: -70.9505 37.0847 1104.76
Middle: -107.298 35.4589 1092.23
Ring: -114.373 66.0053 1104.87
Little: -110.686 135.599 1134.05
Thumb: 24.0497 89.4477 1109.61
Index: -75.4259 33.6302 1102.08
Middle: -110.625 34.4707 1092.33
Ring: -122.272 57.0041 1095.71
Little: -112.38 135.97 1136.11
Thumb: 19.4502 84.254 1105.96
Index: -79.1607 29.3354 1101.18
Middle: -111.943 34.1308 1094.41
Ring: -125.087 54.2591 1091.08
Little: -114.583 133.582 1138.02
Thumb: 10.4629 84.0924 1103.86
Index: -84.5021 26.7985 1098.76
Middle: -111.852 36.7038 1097.85
Ring: -124.483 58.1405 1097.48
Little: -116.4 133.442 1140.05
Thumb: 6.13498 82.5681 1100.81
Index: -85.1109 30.5982 1099.74
Middle: -113.792 38.2748 1096.85
Ring: -126.462 59.3259 1100.24
Little: -116.301 136.026 1139.72
Thumb: 3.31761 81.9396 1097.09
Index: -89.4188 33.846 1099.93
Middle: -111.846 41.1649 1101.06
Ring: -126.85 58.4639 1101.21
Little: -113.07 136.864 1142.38
Thumb: -1.22771 80.6059 1097.88
Index: -94.41 35.7066 1100.31
Middle: -115.993 39.9958 1100.28
Ring: -128.111 59.4955 1103.93
Little: -111.913 136.577 1144.57
Thumb: -3.63122 80.4533 1103.08
Index: -97.0454 38.2725 1101.78
Middle: -120.063 43.0013 1101.21
Ring: -127.673 59.385 1104.12
Little: -111.398 137.423 1144.61
Thumb: -7.67451 80.2852 1105.6
Index: -98.1127 40.1306 1102.27
Middle: -120.552 43.5337 1100.1
Ring: -125.775 62.8037 1109.08
Little: -111.579 136.427 1144.93
Thumb: -9.58237 82.2078 1108.39
Index: -98.0831 40.1598 1097.78
Middle: -119.367 44.0903 1101.22
Ring: -128.137 61.8516 1109.6
Little: -109.405 137.736 1145.21
Thumb: -10.5445 82.9765 1105.77
Index: -94.5346 40.944 1099.61
Middle: -119.802 40.6308 1098.51
Ring: -126.376 61.5909 1111.27
Little: -107.438 136.961 1145.51
Thumb: -7.72988 84.4527 1104.11
Index: -89.9647 41.1442 1101.17
Middle: -115.327 38.6373 1098.97
Ring: -120.421 58.4567 1110.42
Little: -105.383 135.193 1144.63
Thumb: -5.1227 85.4053 1107.52
Index: -85.5205 38.3692 1101.56
Middle: -107.867 38.3954 1102.19
Ring: -111.856 60.0179 1111.12
Little: -101.464 132.977 1143.16
Thumb: -0.623354 87.8977 1106.24
Index: -77.3139 35.6673 1099.71
Middle: -101.438 36.9298 1099.8
Ring: -105.364 55.9963 1110.04
Little: -94.714 131.498 1143.43
Thumb: 2.3247 88.9861 1110.75
Index: -70.8187 33.695 1102.53
Middle: -94.4059 34.1173 1100.76
Ring: -99.3023 52.625 1111.59
Little: -94.0091 130.31 1141.07
Thumb: 7.27737 90.7666 1109.29
Index: -60.6036 30.1991 1101.96
Middle: -84.4168 32.6036 1104.29
Ring: -92.6971 50.2362 1112.67
Little: -101.627 70.5607 1095.35
Thumb: 19.4939 90.6273 1108.28
Index: -51.5505 31.3832 1102.18
Middle: -73.8468 29.5975 1102.27
Ring: -84.7729 50.6827 1111.11
Little: -100.199 73.2683 1095.58
Thumb: 26.4359 95.881 1107.75
Index: -42.2358 30.7351 1103.76
Middle: -64.3176 30.6193 1103.89
Ring: -78.6599 45.7515 1105.51
Little: -91.3739 71.1944 1096.77
Thumb: 34.764 95.8207 1108.4
Index: -31.8543 32.7006 1105.28
Middle: -54.5637 29.4559 1104.18
Ring: -69.728 43.001 1105.74
Little: -83.5884 70.6871 1098.42
Thumb: 45.0204 95.8409 1108.95
Index: -23.5334 33.1262 1100.96
Middle: -49.3844 28.3225 1103
Ring: -64.0886 43.4649 1106.29
Little: -77.0811 71.0615 1098.09
Thumb: 48.5154 91.911 1105.89
Index: -16.3505 32.577 1102.91
Middle: -43.5759 26.5174 1100.31
Ring: -57.1 43.0866 1107.1
Little: -70.1877 69.305 1096.28
Thumb: 54.3573 89.0299 1088.94
Index: -14.0601 31.9067 1103.38
Middle: -38.6649 25.4079 1100.06
Ring: -48.5851 40.2144 1101.86
Little: -63.1052 66.7869 1092.05
Thumb: 59.7568 86.181 1088.31
Index: -5.62692 28.9978 1105.2
Middle: -32.2505 20.4631 1101.22
Ring: -45.2344 36.4715 1106.65
Little: -58.142 61.6828 1094.59
Thumb: 66.6926 84.7471 1087.16
Index: 2.33141 26.269 1105.7
Middle: -23.6839 17.9744 1099.38
Ring: -38.7857 34.5294 1103.65
Little: -50.4208 58.8278 1096.9
Thumb: 75.663 83.5773 1090.95
Index: 10.7054 24.7056 1106.41
Middle: -16.5644 16.1534 1097.11
Ring: -33.1774 32.2283 1102.14
Little: -46.2535 57.2952 1095.89
Thumb: 83.499 86.5833 1097.09
Index: 20.4085 19.9454 1103.37
Middle: -8.61423 12.5637 1096.28
Ring: -24.6636 30.3113 1102.49
Little: -39.3025 54.6508 1099.81
Thumb: 91.0394 85.7746 1092.94
Index: 30.9171 15.9942 1106.93
Middle: -2.27654 7.7092 1096.23
Ring: -18.103 26.255 1105.17
Little: -36.8975 51.4891 1103.64
Thumb: 97.9631 86.0148 1094.11
Index: 39.583 13.8466 1108.64
Middle: 4.55753 4.79892 1094.9
Ring: -9.97281 28.1844 1108.87
Little: -30.6407 52.0937 1101.85
Thumb: 110.09 88.5832 1092.21
Index: 47.7097 13.599 1103.18
Middle: 13.3513 5.32905 1092.63
Ring: -2.97522 26.5366 1103.02
Little: -25.1358 52.3191 1102.28
Thumb: 121.035 88.9403 1100.12
Index: 55.7455 9.63193 1104.36
Middle: 19.2343 0.185938 1089.42
Ring: 4.90216 22.204 1103.78
Little: -18.0044 47.9666 1105.8
Thumb: 128.829 90.6581 1105.15
Index: 60.7331 7.83823 1105.74
Middle: 27.0705 3.66765 1097.41
Ring: 10.6949 22.8482 1102.82
Little: -14.7618 48.0885 1105.84
Thumb: 133.663 90.6207 1105.55
Index: 65.9233 8.8128 1107.39
Middle: 31.2444 1.80201 1092.87
Ring: 15.9538 26.4745 1097.22
Little: -10.754 47.5307 1103.48
Thumb: 140.996 91.1824 1102.37
Index: 70.8429 7.1384 1100.95
Middle: 36.8206 1.85378 1093.32
Ring: 22.7444 29.5019 1099.09
Little: -5.18478 46.6109 1100.58
Thumb: 145.959 93.8338 1105.6
Index: 75.5961 11.1487 1107.3
Middle: 38.6139 -1.35436 1091.91
Ring: 25.3507 27.4743 1098.32
Little: -1.23377 47.5411 1100.26
Thumb: 148.867 97.9711 1103.75
Index: 81.9496 12.3623 1108.05
Middle: 44.5727 -3.64187 1082.44
Ring: 31.4623 26.6114 1105.25
Little: 3.95888 47.9242 1098.69
Thumb: 152.429 99.669 1106.49
Index: 84.6603 10.6542 1102.72
Middle: 48.746 -3.5684 1081.32
Ring: 34.4634 24.9696 1104.71
Little: 7.44651 47.8624 1099.92
Thumb: 156.833 99.5128 1108.12
Index: 87.612 12.823 1108.85
Middle: 51.2794 -4.07023 1085.63
Ring: 36.607 25.0337 1104.48
Little: 10.5062 50.1664 1108.64
Thumb: 162.344 100.245 1107.99
Index: 89.6751 12.0556 1107.06
Middle: 53.7195 -2.72929 1084.11
Ring: 59.5183 93.5816 1147.4
Little: 20.7887 77.2026 1099.84
Thumb: 164.443 98.2721 1111.33
Index: 88.8336 9.36332 1106.78
Middle: 53.9523 -2.42535 1083.02
Ring: 59.5608 94.5429 1145.75
Little: 22.4949 78.4773 1097.71
Thumb: 164.819 98.6747 1112.84
Index: 90.3684 15.7988 1107.82
Middle: 54.3245 -2.25569 1082.43
Ring: 58.5072 95.0046 1145.32
Little: 26.0329 91.5268 1101.59
Thumb: 164.482 98.3896 1114.9
Index: 89.113 19.1723 1110.58
Middle: 52.6809 -1.13891 1080.32
Ring: 56.5488 94.784 1146.24
Little: 26.2398 96.3799 1101.46
Thumb: 166.325 100.711 1115.97
Index: 88.0125 22.9901 1106
Middle: 50.3591 2.43654 1082.46
Ring: 51.741 88.3687 1160.93
Little: 25.8913 101.53 1101.81
Thumb: 164.552 97.8002 1116.61
Index: 83.3918 25.3152 1108.05
Middle: 44.6648 4.95786 1081.93
Ring: 53.685 99.7412 1149.82
Little: 22.7229 110.037 1099.87
Thumb: 160.59 96.7022 1115.82
Index: 80.6036 25.9359 1109.88
Middle: 41.4514 5.16245 1083.15
Ring: 52.4091 102.485 1148.39
Little: 20.1561 110.606 1099.82
Thumb: 155.817 95.2743 1114.43
Index: 76.1523 25.9743 1107.61
Middle: 36.318 6.62605 1082.68
Ring: 50.2315 104.765 1146.73
Little: 17.2326 114.708 1100.13
Thumb: 151.881 94.6549 1115.55
Index: 71.1295 27.8684 1108.69
Middle: 31.3038 9.45353 1078.51
Ring: 46.7287 106.81 1146.42
Little: 14.7727 116.511 1099.74
Thumb: 145.767 92.6717 1117.35
Index: 79.9363 60.5401 1106.29
Middle: 23.2867 11.1048 1077.7
Ring: 35.7841 101.244 1162.23
Little: 13.366 118.668 1099.92
Thumb: 141.224 91.5505 1116.87
Index: 73.9098 59.9987 1106.26
Middle: 16.4206 11.3864 1080.65
Ring: 31.3997 106.293 1158.84
Little: 7.96275 119.363 1098.38
Thumb: 133.21 91.5232 1118.49
Index: 68.8199 62.2566 1107.66
Middle: 10.0818 15.7414 1078.27
Ring: 28.08 111.356 1159.25
Little: 4.81882 123.014 1099.96
Thumb: 124.846 93.5524 1121.02
Index: 61.5324 62.7965 1108.98
Middle: 4.62096 14.5263 1078.88
Ring: 16.6276 106.062 1162.41
Little: -3.99031 122.679 1098.1
Thumb: 112.631 93.8015 1124.38
Index: 54.6527 63.69 1110.5
Middle: -2.29891 16.1636 1081.97
Ring: 10.6819 108.989 1161.72
Little: -7.4157 124.231 1097.88
Thumb: 104.592 94.3778 1124.03
Index: 48.9025 64.098 1111.9
Middle: -7.38401 16.3347 1082.99
Ring: 5.35058 108.639 1162.59
Little: -14.6628 127.062 1098.66
Thumb: 99.3392 94.0895 1127.47
Index: 42.0527 64.7167 1113.41
Middle: -14.9002 17.7465 1086.96
Ring: -7.07777 99.701 1163.97
Little: -20.0939 128.346 1100.34
Thumb: 95.7606 94.9661 1128.55
Index: 37.1463 65.5483 1117.11
Middle: -22.1111 19.2419 1090.59
Ring: -12.4632 98.6153 1169.97
Little: -26.1577 127.268 1104.88
Thumb: 90.7269 97.0002 1127.88
Index: 31.5446 66.2476 1118.35
Middle: -27.7204 19.5287 1093.12
Ring: -14.8029 106.606 1171.08
Little: -33.5242 127.203 1105.69
Thumb: 86.3522 95.137 1131.16
Index: 13.1912 49.0224 1138.87
Middle: -32.1503 18.5392 1095.95
Ring: -21.23 106.554 1174.16
Little: -39.5514 128.097 1107.64
Thumb: 80.1719 94.7748 1137.44
Index: -2.84055 26.9722 1132.08
Middle: -33.8981 16.213 1099.56
Ring: -32.2314 111.523 1173.49
Little: -46.0861 128.96 1105.77
Thumb: 68.9706 98.5752 1160.84
Index: -23.9614 35.8475 1136.61
Middle: -36.5557 14.3348 1099.96
Ring: -48.2509 123.567 1167.06
Little: -51.8563 124.47 1099.59
Thumb: 29.6708 110.499 1188.53
Index: -42.6477 36.9358 1132.69
Middle: -38.883 16.1675 1099.08
Ring: -79.1909 100.44 1140.85
Little: -71.5076 98.0445 1099.52
Thumb: 59.4526 143.702 1217.83
Index: -67.6552 34.7796 1131.81
Middle: -56.2044 4.84291 1108.2
Ring: -80.0839 34.116 1102.76
Little: -60.47 49.8819 1074.75
Thumb: 52.8186 161.137 1225.08
Index: -48.4788 25.0402 1111.39
Middle: -62.5462 42.7801 1114.25
Ring: -67.6874 30.8028 1091.24
Little: -49.2231 46.9112 1070.55
Thumb: 48.1033 178.379 1220.1
Index: -55.0241 26.5271 1121.3
Middle: -68.5932 41.7904 1114.83
Ring: -71.5581 34.9097 1093.12
Little: -49.9469 49.577 1076.77
Thumb: 53.0478 226.77 1206.61
Index: -57.7845 29.8498 1120.65
Middle: -71.5611 44.9088 1113.87
Ring: -70.4447 35.8279 1090.55
Little: -51.857 54.3823 1080.15
Thumb: -71.3612 157.317 1198.55
Index: -62.8089 35.8103 1123.28
Middle: -70.647 53.0227 1114.88
Ring: -71.5558 43.3234 1090.79
Little: -54.0428 57.155 1072.49
Thumb: -70.7754 168.91 1185.99
Index: -77.3972 61.6132 1148.3
Middle: -62.9771 35.6115 1112.17
Ring: -52.0529 37.0563 1089.9
Little: -45.4577 62.5735 1085.17
Thumb: -81.6036 168.51 1175.95
Index: -83.5215 65.5892 1147.95
Middle: -63.3431 35.304 1108.83
Ring: -59.0287 40.8074 1090.89
Little: -54.2089 65.7528 1098.36
Thumb: -112.442 153.315 1160.04
Index: -81.5657 60.858 1081.02
Middle: -56.9512 65.0178 1073.73
Ring: -64.4872 42.808 1108.93
Little: -34.3895 63.8793 1080.89
Thumb: -108.339 168.377 1143.81
Index: -61.4191 38.4405 1112.5
Middle: -61.1463 50.1329 1071.38
Ring: -70.2178 39.0368 1114.3
Little: -41.1579 49.6274 1079.05
Thumb: -115.544 170.303 1138.04
Index: -66.285 40.2892 1107.7
Middle: -57.7892 46.9508 1071.9
Ring: -73.218 40.056 1110.92
Little: -39.8839 50.0234 1080.43
Thumb: -121.505 173.862 1133.21
Index: -68.503 40.7747 1107.24
Middle: -56.1785 48.0461 1074.19
Ring: -76.1334 40.7039 1108.29
Little: -40.2835 50.2541 1081.61
Thumb: -125.859 174.644 1123.64
Index: -69.7606 42.4734 1104.56
Middle: -54.4879 53.8358 1073.76
Ring: -77.2846 42.3905 1105.83
Little: -38.8805 51.795 1082.41
Thumb: -130.102 176.838 1117.42
Index: -69.6887 42.6003 1105.14
Middle: -52.6365 53.6036 1074.54
Ring: -77.5395 42.507 1105.24
Little: -37.9437 52.086 1082.97
Thumb: -131.049 179.532 1110.45
Index: -98.0263 82.3404 1043.05
Middle: -55.193 53.5547 1073.57
Ring: -81.8899 43.6815 1103.6
Little: -40.2709 51.2643 1087.17
Thumb: -133.283 178.413 1104.79
Index: -98.7739 82.8655 1038.96
Middle: -78.744 52.5974 1081.67
Ring: -83.9254 41.6968 1109.76
Little: -42.2543 48.6289 1090.77
Thumb: -133.696 178.487 1096.94
Index: -99.6749 78.9984 1040.88
Middle: -81.3988 52.8954 1080.79
Ring: -86.7392 43.2322 1112.85
Little: -45.536 48.7281 1090.56
Thumb: -133.432 179.629 1090.39
Index: -98.686 84.689 1035.04
Middle: -85.4696 27.8949 1106.56
Ring: -89.0504 44.5558 1112.54
Little: -45.6575 49.2187 1099.73
Thumb: -132.798 179.944 1084.36
Index: -95.9718 86.8751 1030.78
Middle: -87.4305 30.0622 1105.48
Ring: -89.8782 45.3276 1109.23
Little: -47.1091 51.0061 1101.26
Thumb: -133.008 182.68 1081.39
Index: -95.5562 87.4292 1027.5
Middle: -89.037 30.6678 1103.53
Ring: -90.2369 44.7111 1106.74
Little: -48.8176 51.3674 1100.57
Thumb: -133.507 182.679 1074.12
Index: -93.4215 93.6574 1019.47
Middle: -89.5619 30.8035 1100.42
Ring: -90.6362 43.8475 1097.87
Little: -49.1921 52.0536 1098.6
Thumb: -132.604 184.614 1069.89
Index: -95.8519 93.4545 1016.09
Middle: -89.1797 29.8689 1095.57
Ring: -91.1733 43.4257 1095.12
Little: -50.2588 51.4209 1095.91
Thumb: -132.798 184.987 1067.13
Index: -101.618 82.4428 1019.18
Middle: -88.9674 29.6573 1093.61
Ring: -89.911 42.1898 1091.58
Little: -50.2284 51.278 1093.27
Thumb: -132.714 185.111 1060.26
Index: -98.9687 81.8613 1015.08
Middle: -88.8395 29.8146 1087.21
Ring: -89.6966 42.7496 1090.78
Little: -50.496 52.1149 1091.52
Thumb: -131.64 185.808 1059.35
Index: -96.9893 83.8291 1012.2
Middle: -88.3122 30.6192 1081.77
Ring: -90.9633 45.5891 1087.3
Little: -48.6003 52.5074 1088.86
Thumb: -131.59 185.753 1057.6
Index: -94.507 89.3027 1007.92
Middle: -87.7996 30.1945 1079.47
Ring: -91.0262 45.5567 1082.45
Little: -48.5908 52.4115 1087.9
Thumb: -131.296 185.946 1055.57
Index: -94.6458 87.5253 1007.15
Middle: -87.5121 30.3709 1078.65
Ring: -89.679 44.909 1080.46
Little: -48.0775 52.0994 1083.63
Thumb: -130.846 185.441 1057.07
Index: -95.6064 88.4066 1006.77
Middle: -86.7769 30.1195 1078.97
Ring: -88.628 44.4922 1079.36
Little: -47.0849 51.8763 1082.33
Thumb: -130.684 187.071 1057.21
Index: -95.7753 87.6341 1007.61
Middle: -85.311 30.9836 1078.32
Ring: -87.8663 45.5443 1081.2
Little: -46.2242 52.9198 1081.83
Thumb: -130.953 185.898 1057.38
Index: -93.4521 85.5828 1008.32
Middle: -84.284 31.1538 1081.29
Ring: -85.5797 45.0525 1084.14
Little: -44.2309 53.1686 1082.63
Thumb: -129.55 185.709 1058.84
Index: -91.3185 90.5751 1007.72
Middle: -81.5593 30.9577 1085.19
Ring: -83.232 44.6993 1086.65
Little: -42.2129 53.1179 1083.83
Thumb: -129.509 184.116 1061.91
Index: -92.2178 81.4597 1013.34
Middle: -77.6771 30.2983 1090.92
Ring: -80.5336 44.4013 1087.83
Little: -38.9473 52.9675 1085.56
Thumb: -129.331 182.181 1064.24
Index: -89.9266 80.2096 1015.64
Middle: -73.32 29.403 1092.71
Ring: -77.1051 43.6299 1093.6
Little: -36.8931 52.9529 1085.58
Thumb: -130.645 181.049 1066.88
Index: -87.6864 76.9564 1020.03
Middle: -70.567 29.5634 1096.98
Ring: -74.9006 45.1668 1088.73
Little: -33.3347 54.063 1091.74
Thumb: -132.663 176.217 1071.41
Index: -85.6206 85.4061 1019.62
Middle: -65.101 27.7887 1096.59
Ring: -70.3732 43.0087 1099.86
Little: -28.5551 53.9509 1092.98
Thumb: -130.749 174.235 1072.28
Index: -81.7277 82.7697 1021.18
Middle: -60.9005 26.9506 1100.54
Ring: -64.9711 42.001 1103.46
Little: -23.4447 53.2527 1093.69
Thumb: -130.845 171.674 1075.81
Index: -79.0229 80.9888 1022.75
Middle: -56.2416 26.6321 1107.15
Ring: -59.3976 40.3089 1104.99
Little: -18.8357 53.5504 1096.51
Thumb: -128.142 167.453 1078.36
Index: -73.4085 82.4253 1024.53
Middle: -50.3459 23.6282 1107.87
Ring: -55.1395 37.1054 1101.61
Little: -13.4775 51.5743 1097.89
Thumb: -119.437 167.847 1081.35
Index: -65.2622 82.7977 1023.53
Middle: -44.8468 21.3113 1103.67
Ring: -50.742 36.2812 1102.52
Little: -8.1368 48.9012 1097.06
Thumb: -115.497 164.895 1085.84
Index: -60.3269 71.6832 1026.95
Middle: -37.81 17.9081 1099.21
Ring: -45.0329 32.7191 1104.67
Little: -1.96068 45.4918 1099.43
Thumb: -108.86 160.798 1088.01
Index: -56.4809 66.0604 1030.82
Middle: -30.9584 17.1661 1099.58
Ring: -36.6413 30.7327 1103.28
Little: 4.96699 45.0083 1100.4
Thumb: -105.134 153.414 1087.51
Index: -50.6569 62.199 1032.1
Middle: -22.1052 15.7851 1103.47
Ring: -26.8463 29.1916 1105.3
Little: 13.9681 45.5057 1101.85
Thumb: -99.9178 151.551 1089.01
Index: -44.4674 60.2162 1033.27
Middle: -16.3024 13.9978 1106.31
Ring: -19.1252 27.2367 1108.14
Little: 20.8584 43.3692 1098.9
Thumb: -95.8226 147.676 1088.89
Index: -35.4754 59.6486 1031.23
Middle: -5.86423 11.7752 1106.17
Ring: -12.0057 26.5934 1109.05
Little: 29.0328 43.0098 1096.88
Thumb: -89.4564 146.449 1088.17
Index: -27.8335 67.7739 1027.87
Middle: 1.03117 11.6204 1111.22
Ring: -4.60479 25.9213 1109.62
Little: 58.0458 84.9977 1034.85
Thumb: -86.0712 142.254 1088.87
Index: -21.5039 68.7951 1025.5
Middle: 7.22268 10.7803 1109.39
Ring: 2.35841 24.7885 1107.42
Little: 63.45 85.2066 1034
Thumb: -83.133 142.767 1090.84
Index: -16.1643 58.001 1028.3
Middle: 16.5561 9.50106 1106.63
Ring: 9.55128 23.8223 1108.66
Little: 69.6329 85.2961 1033.83
Thumb: -79.675 143.437 1092.31
Index: -10.085 63.3001 1024.78
Middle: 24.3253 8.90889 1109.36
Ring: 16.8778 22.3386 1105.91
Little: 56.2798 41.9532 1095.42
Thumb: -76.7154 142.558 1093.24
Index: -2.46544 60.7266 1025.05
Middle: 30.7285 6.40057 1103.19
Ring: 23.3502 20.418 1106.03
Little: 62.7285 40.8945 1096.96
Thumb: -68.9807 140.76 1096.2
Index: 2.37481 67.7386 1024.32
Middle: 35.21 8.49098 1104.23
Ring: 29.7278 22.3843 1104.83
Little: 69.4109 43.4644 1099.59
Thumb: -63.0867 144.649 1098.53
Index: 8.77312 69.4967 1023.45
Middle: 43.04 8.54837 1107.53
Ring: 35.4105 21.831 1104.62
Little: 74.501 42.959 1100.65
Thumb: -57.0134 146.555 1094.75
Index: 16.9658 72.6768 1021.4
Middle: 47.9416 8.28688 1108.66
Ring: 40.044 21.5214 1104.7
Little: 79.5079 42.1754 1102.5
Thumb: -52.8651 149.432 1098.09
Index: 20.7161 71.3446 1022.42
Middle: 50.8512 7.80455 1109.68
Ring: 44.0818 21.5114 1106.96
Little: 84.1798 41.7561 1101.95
Thumb: -50.3179 150.119 1102.45
Index: 15.5674 67.8718 1029.18
Middle: 50.5138 6.51292 1109.19
Ring: 44.2372 20.9093 1110.5
Little: 84.4375 40.1288 1102.67
Thumb: -44.2454 151.494 1113.93
Index: 11.9276 65.6356 1035.31
Middle: 47.6553 7.00263 1106.52
Ring: 43.1664 21.9251 1113.6
Little: 92.9221 74.7873 1036.03
Thumb: -32.4836 153.841 1122.83
Index: 8.52998 58.6894 1046.99
Middle: 41.4962 10.8538 1105.34
Ring: 61.5424 24.8929 1086.4
Little: 92.5663 83.9186 1031.69
Thumb: -30.3056 159.897 1132.56
Index: 12.0659 55.6298 1053.79
Middle: 35.2654 11.6636 1106.73
Ring: 54.7562 27.5115 1084.36
Little: 85.5108 82.2641 1032.22
Thumb: -21.1518 162.628 1140.18
Index: 8.56733 58.9798 1063.04
Middle: 31.151 17.7363 1115.65
Ring: 45.6955 36.3228 1079.52
Little: 72.3668 65.9039 1049.29
Thumb: -14.2109 165.965 1144.12
Index: 11.0239 54.9911 1083.67
Middle: 29.5591 26.9038 1123.42
Ring: 37.818 32.213 1093.77
Little: 82.411 98.9828 1048.55
Thumb: -6.96938 168.741 1154.02
Index: 45.8253 43.455 1123.41
Middle: 28.9459 32.7193 1123.31
Ring: 36.7811 37.3136 1096.4
Little: 83.3027 100.495 1056.6
Thumb: 1.57811 170.86 1159.61
Index: 45.6072 46.0476 1122.42
Middle: 35.1366 33.2513 1126.69
Ring: 34.144 40.5049 1099.39
Little: 79.0978 101.579 1053.08
Thumb: 4.39516 170.747 1162.03
Index: 35.0661 50.0277 1118.28
Middle: 38.3955 33.48 1129.72
Ring: 34.0788 41.2677 1103.28
Little: 76.3798 102.172 1052.98
Thumb: 12.0541 174.12 1168.9
Index: 35.4273 52.4682 1115.41
Middle: 38.8477 34.401 1126.19
Ring: 33.3843 42.8525 1102.34
Little: 62.5122 101.622 1046
Thumb: 19.6986 173.77 1174.84
Index: 37.5899 51.9458 1113.11
Middle: 38.5001 35.2535 1124.7
Ring: 35.091 43.7298 1105.72
Little: 47.1488 101.458 1040.24
Thumb: 24.6046 173.242 1176.92
Index: 32.959 55.8956 1108.95
Middle: 39.416 36.0378 1126.2
Ring: 33.6109 45.4428 1104.37
Little: 43.9345 101.781 1038.78
Thumb: 37.625 177.035 1184
Index: 32.7507 58.8591 1108.48
Middle: 40.4342 38.8118 1124.89
Ring: 36.5125 48.3431 1107.36
Little: 50.598 111.019 1038.19
Thumb: 43.9827 173.351 1187.18
Index: 32.7685 60.3526 1111.55
Middle: 40.1171 40.19 1127.66
Ring: 32.9725 51.0845 1108.88
Little: 54.8296 116.893 1038.45
Thumb: 47.5222 172.713 1185.13
Index: 34.5532 60.1614 1110.22
Middle: 39.3337 42.404 1127.74
Ring: 26.743 59.1939 1107.47
Little: 59.3956 117.361 1038.27
Thumb: 48.3477 172.736 1186.68
Index: 34.2981 59.8138 1110.23
Middle: 38.904 41.4535 1126.06
Ring: 26.6631 58.617 1108.41
Little: 58.0036 118.263 1038.13
Thumb: 49.7787 171.381 1187.42
Index: 33.4429 59.5185 1111.79
Middle: 41.2041 40.61 1129.49
Ring: 24.3084 59.8979 1108.54
Little: 54.6158 117.665 1038.37
Thumb: 49.1301 168.803 1188.03
Index: 30.5295 59.6429 1112.34
Middle: 38.8265 40.5209 1131.72
Ring: 23.0114 59.5793 1110.71
Little: 53.5164 117.715 1038.37
Thumb: 49.0065 167.516 1186.46
Index: 31.3416 60.0981 1112.51
Middle: 40.0804 41.1016 1131.84
Ring: 23.6539 60.4243 1111.5
Little: 53.4585 118.628 1037.8
Thumb: 47.1004 166.215 1186.47
Index: 30.888 60.0673 1112.8
Middle: 39.2157 41.1888 1132.35
Ring: 22.1773 61.2673 1110.75
Little: 53.824 119.059 1038.45
Thumb: 46.7853 165.215 1184.34
Index: 28.666 60.0808 1115.28
Middle: 36.1486 40.9043 1132.99
Ring: 20.8218 61.026 1113.4
Little: 52.5163 118.68 1040.22
Thumb: 43.8803 163.714 1182.59
Index: 25.7204 60.3188 1115.2
Middle: 34.425 39.3226 1133.44
Ring: 18.8367 59.4918 1113.43
Little: 48.278 115.464 1039.5
Thumb: 37.2782 159.975 1184.68
Index: 22.5728 61.7277 1118.34
Middle: 29.5027 38.3561 1136.83
Ring: 14.7945 60.9107 1111.76
Little: 47.395 112.678 1043.36
Thumb: 35.2852 158.776 1182.69
Index: 18.4261 66.4557 1115.05
Middle: 23.6404 41.4252 1133.25
Ring: 12.7267 60.222 1109.02
Little: 48.0392 112.136 1041.89
Thumb: 30.9936 154.463 1176.95
Index: 16.5274 66.2842 1115.53
Middle: 23.5831 40.7369 1137.46
Ring: 9.20255 60.5582 1108.52
Little: 47.8264 111.896 1042.46
Thumb: 25.193 154.777 1173.59
Index: 12.8349 64.6338 1112.75
Middle: 18.6412 40.8709 1135.93
Ring: 7.28173 62.1396 1104.59
Little: 62.8155 103.788 1052.55
Thumb: 20.7748 152.212 1169.89
Index: 10.7367 64.5369 1114.39
Middle: 16.0438 41.5791 1137.87
Ring: 3.67557 62.8945 1105.58
Little: 59.3913 105.791 1052.37
Thumb: 16.6819 148.382 1166.12
Index: 11.5347 62.2281 1116.79
Middle: 17.2092 40.516 1140.4
Ring: 3.43278 60.8275 1108.15
Little: 59.1634 104.73 1054.49
Thumb: 13.8334 145.83 1163.79
Index: 11.1253 56.9771 1117.18
Middle: 15.3986 37.7521 1141.19
Ring: 3.61055 54.5244 1111.76
Little: 58.9703 99.5247 1056.88
Thumb: 10.7207 144.727 1157.94
Index: 13.4493 52.9916 1115.28
Middle: 12.7541 37.3446 1134.54
Ring: 9.94513 47.877 1113.61
Little: 62.3582 99.1455 1053.27
Thumb: 6.95741 140.263 1155.85
Index: 14.2925 46.8443 1114.58
Middle: 5.6178 40.5386 1130.22
Ring: 15.9328 39.84 1117.56
Little: 61.6306 97.9747 1056
Thumb: 4.41407 137.997 1152.99
Index: 11.3218 47.4356 1111.16
Middle: 1.26913 44.5781 1128.84
Ring: 15.8934 37.6256 1114.65
Little: 56.4553 97.7406 1052.58
Thumb: 6.22959 140.651 1148.95
Index: 21.2012 39.2452 1113.64
Middle: -1.33933 42.8835 1128.26
Ring: 12.3293 41.1531 1108.88
Little: 49.8033 103.399 1040.41
Thumb: 4.40239 137.873 1145.14
Index: 20.2117 39.3399 1111.15
Middle: -6.26047 45.1688 1120.46
Ring: 12.6948 40.347 1107.43
Little: 55.5884 100.085 1044.44
Thumb: 4.02573 137.872 1144.29
Index: 18.6201 39.6801 1111.82
Middle: -5.39652 43.4672 1124.9
Ring: 10.389 41.3095 1107.74
Little: 56.0134 98.0165 1046.26
Thumb: 2.37938 138.039 1141.47
Index: 15.6097 41.0711 1112.58
Middle: -8.69517 45.7064 1125.98
Ring: 6.73119 43.3707 1108.04
Little: 55.3749 98.2975 1046.12
Thumb: 0.796043 137.056 1137.71
Index: 10.4241 43.3139 1117.23
Middle: -14.0136 47.6502 1130.01
Ring: 1.30302 45.0684 1111.14
Little: 50.4193 97.4044 1047.28
Thumb: -0.559704 137.675 1136.22
Index: 3.60549 43.0877 1117.01
Middle: -23.3589 55.4484 1119.44
Ring: -4.28247 46.6043 1109.91
Little: 52.6137 92.5982 1047.37
Thumb: -3.04927 133.458 1136.79
Index: -5.24561 45.0057 1122.28
Middle: -24.2638 70.1146 1117.52
Ring: -12.0681 49.1962 1117.33
Little: 46.8733 92.6521 1048.54
Thumb: -5.83346 134.057 1134.35
Index: -11.6608 47.3629 1126.25
Middle: -27.4366 74.3641 1117.28
Ring: -18.0348 52.3277 1117.95
Little: 42.677 88.4232 1051.74
Thumb: -9.41807 133.296 1132.11
Index: -20.6434 50.5014 1124.07
Middle: -28.7971 78.962 1115.19
Ring: -25.3155 54.5023 1116.03
Little: 38.0456 87.2991 1051.01
Thumb: -11.1726 133.361 1130.6
Index: -25.8458 56.9718 1120.35
Middle: -31.1498 81.09 1111.83
Ring: -30.3413 52.9955 1116.87
Little: 35.8202 86.4924 1050.03
Thumb: -14.361 131.896 1132.05
Index: -31.896 58.037 1121.66
Middle: -36.0189 87.536 1100.91
Ring: -34.8931 49.9074 1124.21
Little: 31.9113 83.7385 1052.1
Thumb: -18.0805 130.394 1130.22
Index: -37.4347 63.2755 1123.45
Middle: -37.8978 90.0867 1102.32
Ring: -43.2586 53.6218 1122.13
Little: 22.3301 85.2952 1044.42
Thumb: -19.2056 133.269 1129.9
Index: -39.1782 63.7549 1123.13
Middle: -42.3378 90.5076 1101.84
Ring: -45.7735 55.8649 1120.41
Little: 21.0071 86.6406 1041.59
Thumb: -20.832 133.432 1128.98
Index: -39.6356 63.736 1122.79
Middle: -44.774 89.2284 1101.57
Ring: -45.9637 56.0329 1119.42
Little: 15.1093 88.8818 1032.58
Thumb: -22.1572 134.104 1128.42
Index: -40.476 63.7851 1121.88
Middle: -45.3015 90.5701 1098.47
Ring: -46.7482 56.0669 1118.03
Little: 13.9421 89.1166 1031.61
Thumb: -24.1664 133.176 1128.13
Index: -39.907 64.9313 1120.11
Middle: -42.5979 91.0501 1096.53
Ring: -46.7334 54.6568 1115.36
Little: 11.515 89.9295 1029.36
Thumb: -27.2088 132.775 1127.68
Index: -41.3497 62.9168 1120.63
Middle: -45.1987 90.617 1095.82
Ring: -49.1325 54.1281 1114.6
Little: 8.98343 90.0267 1028.78
Thumb: -28.9142 134.406 1130.05
Index: -42.0904 61.9203 1119.34
Middle: -45.4372 87.6865 1098.5
Ring: -48.5486 52.0956 1114.77
Little: 5.62813 89.4344 1027.06
Thumb: -30.7881 137.099 1137.05
Index: -39.2266 57.6131 1117.58
Middle: -61.4311 81.6297 1089.96
Ring: -47.277 50.0459 1109.96
Little: 4.29305 91.1496 1024.49
Thumb: -32.5156 136.74 1142.68
Index: -36.507 60.6261 1109.27
Middle: -58.6196 77.3479 1089.02
Ring: -41.5117 49.9856 1098.93
Little: -0.673198 97.3737 1019.05
Thumb: -33.6547 141.598 1147.83
Index: -41.1672 66.5133 1101.5
Middle: -45.6167 73.2263 1092.63
Ring: -38.0674 54.0365 1090.2
Little: 1.09936 101.318 1017.91
Thumb: -33.3138 145.288 1146.49
Index: -43.5152 65.1964 1099.29
Middle: -43.0183 70.0941 1088.43
Ring: -37.6873 55.9382 1088.32
Little: 0.306411 99.5701 1016.56
Thumb: -36.6392 147.352 1144.08
Index: -41.0911 61.9227 1097.31
Middle: -40.3012 65.3124 1084.51
Ring: -34.6203 55.7239 1084.38
Little: 0.703593 99.0023 1014.82
Thumb: -35.0545 149.288 1138.4
Index: -27.1086 41.2134 1103.67
Middle: -41.5454 58.4219 1082.11
Ring: -35.6618 55.503 1083.33
Little: -4.03879 97.8252 1012.52
Thumb: -36.9464 149.944 1138.19
Index: -24.3187 41.086 1104.22
Middle: -42.3058 52.8564 1083.66
Ring: -35.7618 52.0353 1084.02
Little: -3.41773 96.1483 1012.02
Thumb: -38.2917 152.712 1139.31
Index: -22.8403 43.7943 1101.51
Middle: -39.0153 50.5301 1082.61
Ring: -32.6805 50.0466 1083.07
Little: -4.25506 98.1875 1010.78
Thumb: -42.9167 154.249 1143.34
Index: -21.5777 42.0318 1095.39
Middle: -36.7082 48.6931 1073.28
Ring: -31.1784 45.3713 1078.2
Little: -7.33139 97.0378 1008.05
Thumb: -42.8909 155.225 1144.58
Index: -19.9221 39.3102 1094.46
Middle: -36.0262 45.9575 1073.45
Ring: -30.7301 43.9716 1079.19
Little: -6.70197 97.5887 1007.73
Thumb: -43.0095 156.429 1142.85
Index: -18.983 45.8875 1098.26
Middle: -29.6831 42.9183 1076
Ring: -23.0651 37.7945 1077.53
Little: -4.35968 94.4944 1008.94
Thumb: -43.2871 159.782 1138.12
Index: -15.9709 41.9587 1097.85
Middle: -24.8639 38.3078 1077.73
Ring: -12.9612 29.7513 1076.56
Little: 0.593382 97.1012 1009.07
Thumb: -50.4861 159.769 1133.5
Index: -31.2743 52.1632 1114.78
Middle: -21.4547 27.7344 1088.69
Ring: -3.47451 27.251 1075.6
Little: 9.42825 96.9446 1014.04
Thumb: -58.1383 160.937 1125.48
Index: -37.9603 50.7174 1109.42
Middle: -16.8949 33.2997 1091.94
Ring: 0.466195 27.3269 1081.83
Little: 22.3418 93.0704 1019.66
Thumb: -61.5333 165.2 1122.19
Index: -41.6186 48.4653 1110.33
Middle: -14.8479 28.7366 1102.99
Ring: 1.38761 25.5219 1090
Little: 18.5724 43.8487 1093.83
Thumb: -65.6419 166.216 1117.94
Index: -45.2655 53.6455 1103.18
Middle: -15.9578 27.4244 1105.66
Ring: -2.19866 28.8575 1098.54
Little: 17.4746 44.8328 1098.61
Thumb: -63.7404 167.529 1112.81
Index: -49.2882 52.9295 1109.03
Middle: -14.0837 24.9225 1132.33
Ring: -11.2502 33.6277 1104.57
Little: 12.8856 47.273 1098.7
Thumb: -66.701 167.986 1110.33
Index: -49.4424 52.1505 1109.41
Middle: -15.7104 25.2436 1134.54
Ring: -9.79653 36.5683 1105.53
Little: 12.6941 47.7058 1101.88
Thumb: -64.0604 166.534 1103.61
Index: -50.8978 55.577 1104.81
Middle: -18.2469 27.3724 1136.81
Ring: -12.9136 36.5031 1113.04
Little: 13.9885 46.2234 1109.75
Thumb: -64.3239 162.938 1100.36
Index: -48.48 53.9281 1098.75
Middle: -18.4143 22.9706 1133.25
Ring: -13.9554 33.7452 1111.39
Little: 14.7444 43.0992 1108.88
Thumb: -63.9717 159.92 1097.81
Index: -48.6743 50.1066 1097.18
Middle: -19.399 20.2423 1129.68
Ring: -15.2088 30.649 1110.31
Little: 15.5673 47.404 1097.23
Thumb: -63.4423 156.823 1092.96
Index: -49.2362 50.0784 1090.72
Middle: -20.2089 35.7114 1098.76
Ring: -17.5301 27.1643 1107.77
Little: 16.6411 44.1674 1097.73
Thumb: -60.3108 151.155 1087.29
Index: -48.9716 48.6625 1086.11
Middle: -20.5048 33.1928 1094.17
Ring: -17.9342 26.4339 1097.29
Little: 16.7695 42.2822 1094.23
Thumb: -57.9156 143.848 1080.26
Index: -47.0506 46.3129 1080.67
Middle: -18.5463 30.4942 1089.8
Ring: -19.0573 23.902 1093.73
Little: 17.3163 42.7012 1088.76
Thumb: -56.1794 137.786 1070.78
Index: -46.2476 41.6466 1075.03
Middle: -17.9865 27.1809 1083.64
Ring: -13.9607 28.56 1082.67
Little: 18.1471 39.9885 1083.12
Thumb: -50.0411 131.488 1062.78
Index: -50.9992 38.7658 1075.15
Middle: -23.3877 28.1927 1074.97
Ring: -16.1102 31.0326 1075.16
Little: 15.9724 40.0444 1072.79
Thumb: -45.1785 125.967 1058.32
Index: -53.4449 34.9027 1070.75
Middle: -25.1494 25.6515 1070.41
Ring: -16.369 28.15 1068.79
Little: 13.9905 38.2382 1068.08
Thumb: -39.941 123.248 1054.47
Index: -54.2207 35.8397 1065.37
Middle: -24.9153 27.2253 1066.73
Ring: -16.4959 30.6621 1062.81
Little: 14.3647 39.6555 1058.58
Thumb: -38.9764 120.035 1050.74
Index: -53.3615 38.6539 1057.45
Middle: -13.2866 66.7231 1065.5
Ring: -14.6112 31.4134 1057.48
Little: 15.4271 40.3685 1053.41
Thumb: -37.1521 119.122 1048
Index: -54.7616 38.3614 1055.3
Middle: -15.0986 66.2818 1065.57
Ring: -20.7098 30.645 1056.09
Little: 13.7342 40.7883 1049.44
Thumb: -36.0466 118.893 1045.13
Index: -53.8082 50.8927 1047.16
Middle: -16.5099 66.2653 1064.47
Ring: -20.8068 34.9335 1049.7
Little: 13.1635 42.1969 1045.9
Thumb: -36.1291 116.109 1045.21
Index: -58.7029 43.4032 1048.31
Middle: -18.0829 66.4109 1064.3
Ring: -22.6755 33.2996 1052.8
Little: 11.7062 46.0342 1040.21
Thumb: -36.496 117.603 1043.8
Index: -57.5926 60.4629 1045.17
Middle: -31.3311 24.7642 1058.18
Ring: -24.3527 35.6412 1049.17
Little: 8.00412 45.0059 1037.64
Thumb: -38.1307 115.964 1040.75
Index: -61.3404 52.598 1039.42
Middle: -31.3324 23.4556 1057.04
Ring: -25.9478 36.4441 1047.31
Little: 6.23817 45.5978 1034.67
Thumb: -37.3402 114.11 1039.26
Index: -62.0778 59.0453 1033.18
Middle: -31.9097 12.8189 1055.21
Ring: -24.8989 37.985 1043.84
Little: 5.19853 46.4719 1032.6
Thumb: -37.7354 112.56 1037.25
Index: -61.6153 62.9375 1029.83
Middle: -31.8234 3.48813 1062.58
Ring: -24.5605 35.7075 1043.27
Little: 3.36249 43.6917 1033.8
Thumb: -39.3959 112.579 1035.97
Index: -63.5789 69.4602 1028.25
Middle: -33.8933 6.86889 1057.06
Ring: -26.22 37.7082 1039.32
Little: 1.05984 43.7684 1031.55
Thumb: -39.0412 114.158 1036.18
Index: -62.2894 69.8823 1028.52
Middle: -28.7982 3.28821 1057.69
Ring: -31.3725 38.7329 1039.76
Little: -6.19679 39.9191 1032.63
Thumb: -40.5574 113.912 1035.33
Index: -62.5779 67.944 1028.94
Middle: -32.6185 4.96332 1055.62
Ring: -31.1413 38.892 1038.2
Little: -9.3179 42.2189 1031.16
Thumb: -40.0365 113.821 1033.91
Index: -63.3404 65.0949 1031.6
Middle: -30.963 8.56224 1047.09
Ring: -31.3957 38.0504 1037.41
Little: -9.63508 45.2464 1030.38
Thumb: -39.9409 113.241 1031.67
Index: -62.5752 64.7621 1031.08
Middle: -28.7166 7.48297 1046.36
Ring: -30.2385 38.6521 1035.45
Little: -8.00034 46.1415 1030.55
Thumb: -39.4523 113.392 1030.44
Index: -61.8462 64.3823 1029.61
Middle: -25.7024 9.34468 1042.35
Ring: -28.9347 38.0509 1036.31
Little: -8.12249 44.3694 1030.58
Thumb: -39.5031 112.62 1029.92
Index: -61.7929 61.7232 1030.67
Middle: -28.1946 10.3722 1041.84
Ring: -28.2014 39.2923 1036.99
Little: -8.58129 43.7233 1032.38
Thumb: -40.6332 114.062 1029.3
Index: -62.4444 62.3778 1031.09
Middle: -27.7936 11.9679 1041.84
Ring: -28.3095 38.8514 1037.65
Little: -9.62628 44.5023 1033.23
Thumb: -41.5853 115.612 1030.51
Index: -64.4139 60.7673 1035.13
Middle: -30.6542 10.2718 1048.42
Ring: -31.7829 38.7406 1040.13
Little: -12.987 43.7911 1038.08
Thumb: -45.7753 115.726 1032.64
Index: -65.8943 61.5136 1039.28
Middle: -31.5917 11.4721 1054.36
Ring: -32.9649 38.8992 1044.62
Little: -13.456 46.1037 1037.9
Thumb: -49.9602 116.523 1040.72
Index: -68.3091 63.2957 1046.16
Middle: -33.2873 11.3473 1062.95
Ring: -33.5245 37.1396 1052.65
Little: -14.3838 47.2797 1044.61
Thumb: -56.2802 118.253 1052.24
Index: -67.3415 60.9178 1054.86
Middle: -37.1027 20.8363 1059.62
Ring: -18.4832 28.6314 1063.35
Little: -14.0917 44.6954 1058.54
Thumb: -59.8461 122.002 1063.4
Index: -69.4427 53.7889 1073.18
Middle: -42.1925 18.9661 1072.09
Ring: -21.2277 42.9181 1065.79
Little: -25.7738 36.8769 1073.31
Thumb: -59.7162 125.492 1075.99
Index: -69.322 50.4162 1096.18
Middle: -46.4367 34.4528 1082.18
Ring: -30.3295 19.572 1081.81
Little: -29.7206 39.1265 1094.17
Thumb: -63.608 131.219 1090.33
Index: -70.4463 57.3588 1120.17
Middle: -54.6591 39.1217 1103.94
Ring: -38.8156 22.9134 1102.79
Little: -34.3768 42.7932 1112.69
Thumb: -60.4828 136.359 1097.7
Index: -65.5575 61.5993 1143.65
Middle: -50.1378 42.7301 1120.72
Ring: -38.6986 29.4303 1121.83
Little: -33.0292 50.8563 1126.34
Thumb: -61.8974 139.492 1104.32
Index: -62.177 65.4492 1150.5
Middle: -47.1089 44.664 1128.59
Ring: -37.9154 33.1293 1135.82
Little: -28.8457 53.6115 1135.83
Thumb: -55.9372 147.666 1116.75
Index: -55.9312 71.1185 1161.67
Middle: -42.5298 45.3873 1144.45
Ring: -33.8193 36.0488 1144.79
Little: -23.3006 57.8753 1147.99
Thumb: -54.8114 152.316 1122.66
Index: -48.2771 74.5238 1168.2
Middle: -36.6427 49.2599 1163.65
Ring: -25.8002 41.0261 1150.22
Little: -15.5717 61.9968 1153.17
Thumb: -49.1598 156.287 1127.94
Index: -45.0019 79.4537 1170.2
Middle: -30.9665 53.0264 1167.81
Ring: -20.87 45.2415 1160.87
Little: -10.1807 66.9871 1161.27
Thumb: -45.9465 158.938 1132.36
Index: -40.1411 83.9007 1170.58
Middle: -24.9653 54.9763 1171.85
Ring: -14.6027 47.0585 1165.62
Little: -4.5283 68.9624 1163.59
Thumb: -42.35 160.849 1134.9
Index: -35.3171 89.9134 1164.51
Middle: -22.1902 57.2511 1160.82
Ring: -7.6479 47.5347 1166.31
Little: 3.93451 71.6473 1168.24
Thumb: -38.5126 163.67 1134.89
Index: -30.392 87.7542 1166.58
Middle: -16.042 57.0509 1161.1
Ring: -3.54767 48.1709 1162.44
Little: 8.94934 72.3491 1167.09
Thumb: -35.6859 162.14 1133.31
Index: -27.4982 85.6236 1165.27
Middle: -11.69 61.2229 1154.55
Ring: 0.472332 46.8214 1159.76
Little: 10.08 70.7772 1161.38
Thumb: -33.5295 160.946 1135.29
Index: -24.1428 83.4443 1158.97
Middle: -6.84394 56.2969 1149.92
Ring: 5.0419 43.1709 1153.93
Little: 13.0963 67.0267 1154.72
Thumb: -29.5907 158.881 1139.74
Index: -18.0038 77.2546 1153.36
Middle: -1.19323 49.7591 1138.23
Ring: 11.5912 38.3862 1147.74
Little: 19.1039 61.9048 1146.32
Thumb: -25.1858 152.628 1140.46
Index: -6.54253 63.9704 1154.15
Middle: 4.12661 47.0682 1133.91
Ring: 21.2388 33.8166 1138.27
Little: 28.802 57.5831 1139.53
Thumb: -26.465 144.335 1135.85
Index: 1.45344 52.8693 1150.27
Middle: 9.70074 41.6782 1124.51
Ring: 27.5391 27.5359 1129.74
Little: 33.0171 80.0949 1055.91
Thumb: -22.3443 139.978 1135.5
Index: 7.37305 50.5484 1146.27
Middle: 11.6371 38.4405 1126.35
Ring: 32.1093 26.89 1125.9
Little: 52.314 95.6245 1049.1
Thumb: -19.0828 138.094 1135.25
Index: 7.285 48.7906 1147.45
Middle: 9.80645 37.9359 1125.9
Ring: 24.5433 26.2304 1123.29
Little: 50.9084 92.5903 1047.13
Thumb: -11.4616 135.147 1134.63
Index: 10.4596 49.0149 1146.96
Middle: 11.1819 36.2411 1129.43
Ring: 18.3929 31.1001 1116.54
Little: 46.5571 92.3451 1042.98
Thumb: -6.89506 135.7 1132.78
Index: 5.96082 52.0908 1144.63
Middle: 0.69141 43.0086 1134.79
Ring: 9.92307 34.8576 1122.69
Little: 46.0666 91.6979 1039.71
Thumb: 1.8792 139.137 1130.24
Index: -43.9404 120.261 1084.79
Middle: -9.93393 51.8509 1142.8
Ring: 2.87375 40.0587 1134.98
Little: 42.9288 93.7104 1045.41
Thumb: 4.46459 139.231 1130.58
Index: -44.398 116.892 1083.76
Middle: -13.4986 52.2661 1142.57
Ring: -4.63245 43.2976 1130.77
Little: 44.4164 91.6837 1047.2
Thumb: 2.94662 136.877 1127.56
Index: -45.0287 108.933 1085.07
Middle: -15.6776 55.7233 1143.65
Ring: -5.84596 45.1403 1133.13
Little: 43.6318 91.4079 1048.26
Thumb: 3.6147 136.43 1127.47
Index: -45.3826 101.013 1088.6
Middle: -14.8601 53.554 1142.23
Ring: -6.74257 45.0808 1129.55
Little: 40.9482 88.8223 1047.58
Thumb: -13.0235 219.496 1073
Index: -47.9468 95.0922 1096.45
Middle: -13.5151 53.9887 1144.69
Ring: -6.12711 46.1341 1130.32
Little: 42.0092 89.3051 1048.06
Thumb: -13.0229 220.5 1127.98
Index: -48.2589 90.9242 1101.62
Middle: -14.7955 58.2128 1141.93
Ring: -9.44146 47.5214 1134.79
Little: 39.5574 85.8215 1048.71
Thumb: -14.0705 212.625 1124.15
Index: -48.313 90.7347 1103.18
Middle: -17.3671 59.6201 1145.69
Ring: -10.2373 48.898 1136.69
Little: 46.6404 85.6498 1052.06
Thumb: -9.56533 218.386 1123.14
Index: -49.6753 93.9514 1101.18
Middle: -22.4981 66.3786 1138.27
Ring: -12.0391 48.7063 1140.44
Little: 38.5603 84.8443 1050.09
Thumb: -13.3806 212.562 1124.72
Index: -40.7216 116.909 1096.12
Middle: -25.2376 67.797 1131.74
Ring: -13.7966 47.9131 1139.77
Little: 40.3162 87.1522 1052.08
Thumb: -12.5137 211.34 1123.59
Index: -53.0421 102.953 1108.87
Middle: -24.3676 72.8979 1132.11
Ring: -16.9905 50.3987 1140.45
Little: 39.3659 84.5772 1053.56
Thumb: -12.0749 215.25 1127.43
Index: -52.3373 108.9 1106.18
Middle: -26.3277 73.898 1130.01
Ring: -19.7626 49.6508 1139.27
Little: 37.5419 85.3946 1052.86
Thumb: -1.74413 237.488 1128.01
Index: -53.804 108.526 1107.42
Middle: -27.0364 75.3869 1130.06
Ring: -19.4337 49.5914 1141.56
Little: 36.2985 86.3767 1053.23
Thumb: -6.34306 231.877 1128.67
Index: -56.3465 103.791 1112.92
Middle: -26.6274 76.0259 1129.66
Ring: -19.4995 49.9135 1142.38
Little: 35.6357 86.712 1053.78
Thumb: -7.94187 228.427 1129.5
Index: -58.287 102.951 1119.5
Middle: -28.056 74.5195 1133.94
Ring: -19.5897 49.7757 1143.11
Little: 35.7435 85.1357 1054.15
Thumb: -8.47634 229.785 1126.7
Index: -57.6144 103.442 1117.48
Middle: -27.5831 75.5561 1132.2
Ring: -20.4523 51.3484 1143.2
Little: 36.3721 84.6333 1054.22
Thumb: -8.65776 229.737 1126.59
Index: -57.8582 102.945 1118.13
Middle: -27.6206 75.536 1132.47
Ring: -20.4447 51.3514 1143.47
Little: 36.1741 84.957 1054.5
Thumb: -8.51529 229.866 1126.66
Index: -57.8887 103.136 1117.88
Middle: -27.6277 75.5466 1132.51
Ring: -20.441 51.3618 1143.66
Little: 36.0192 85.2333 1054.69
Thumb: -16.065 206.279 1128.34
Index: -58.0502 104.368 1118.45
Middle: -28.4734 76.2328 1132.71
Ring: -20.5994 51.4454 1143.49
Little: 35.9102 86.4476 1054.23
Thumb: -12.072 216.591 1126.32
Index: -57.9115 109.918 1115.06
Middle: -29.8824 77.6326 1132.49
Ring: -22.6907 52.5474 1142
Little: 35.4444 85.4314 1053.65
Thumb: 2.96768 239.295 1126.68
Index: -59.4035 115.208 1114.47
Middle: -30.6526 81.7061 1133.32
Ring: -24.1524 56.3207 1143.28
Little: 32.3701 89.0845 1055.57
Thumb: -3.90477 241.599 1129.14
Index: -58.5634 119.576 1106.62
Middle: -30.013 78.7849 1135.45
Ring: -22.6286 54.048 1144.49
Little: 33.0542 91.161 1058.09
Thumb: -13.121 224.46 1132.03
Index: -60.5248 116.882 1098.31
Middle: -27.2233 74.0299 1137.79
Ring: -18.4091 51.3174 1141.09
Little: 34.1667 93.4867 1055.95
Thumb: -17.2541 221.916 1143.11
Index: -59.8092 120.546 1097.67
Middle: -24.6685 70.1618 1137.31
Ring: -13.8789 46.6893 1139.26
Little: 37.395 91.3111 1052.14
Thumb: -0.495824 148.889 1158.53
Index: -58.2316 122.889 1094.7
Middle: -21.3137 63.5315 1133.59
Ring: -11.4657 43.0903 1135.24
Little: 34.0554 94.3311 1047.87
Thumb: 4.35825 149.596 1160.39
Index: -54.7135 126.197 1092.5
Middle: -16.8666 58.0413 1133.97
Ring: -5.41329 40.748 1132.09
Little: 32.5421 95.2599 1041.53
Thumb: 9.40466 151.789 1161.65
Index: -51.7638 131.853 1094.73
Middle: -9.08049 48.8861 1129.83
Ring: -1.01788 40.2169 1132.41
Little: 36.9082 97.312 1041.65
Thumb: 13.8475 151.911 1163.35
Index: -51.0122 130.855 1098.31
Middle: -5.19659 44.2981 1140.87
Ring: 5.62491 37.6656 1132.18
Little: 46.0294 92.625 1055.38
Thumb: 18.9467 149.66 1167.11
Index: -52.2263 129.946 1099.13
Middle: -8.43438 45.2079 1146.89
Ring: 6.26739 35.6532 1132.24
Little: 43.4085 89.3994 1060.04
Thumb: 26.0121 147.964 1167.26
Index: 10.999 51.1279 1147.88
Middle: -3.78241 43.1235 1141.46
Ring: 12.6275 32.3156 1129.15
Little: 41.669 93.459 1057.98
Thumb: 29.9438 146.017 1167.7
Index: 13.5657 49.6754 1147.25
Middle: 0.797329 39.412 1144.27
Ring: 14.1044 31.7524 1128.08
Little: 40.8642 94.6397 1057.32
Thumb: 34.3195 143.963 1167.2
Index: 21.0954 47.6681 1143.68
Middle: 9.73258 35.5097 1137.39
Ring: 21.2627 31.3959 1125.92
Little: 44.2669 96.4113 1055.15
Thumb: 29.0281 223.578 1154.36
Index: 24.5004 48.8018 1135.22
Middle: 16.9895 32.7596 1126.71
Ring: 23.5122 32.9849 1120.13
Little: 48.3284 89.9656 1041.53
Thumb: 37.546 222.063 1150.52
Index: 24.2643 45.198 1125.17
Middle: 13.232 33.9553 1114.82
Ring: 22.4137 34.6367 1117.09
Little: 45.3122 95.304 1023.62
Thumb: 57.6508 234.537 1142.11
Index: 19.0156 43.2224 1115.66
Middle: 6.84965 47.334 1103.89
Ring: 4.68322 42.974 1104.58
Little: 46.882 91.9795 1021.56
Thumb: 54.1053 223.197 1136.02
Index: 3.74527 53.7769 1098.39
Middle: -10.0819 44.191 1098.21
Ring: 0.687787 51.7825 1102.03
Little: 46.4711 92.1885 1009.31
Thumb: 51.1515 224.614 1136.17
Index: 3.59916 51.7299 1099.39
Middle: -13.5343 46.095 1096.73
Ring: -1.27375 51.9081 1101.21
Little: 47.3925 90.1364 1011.61
Thumb: 70.707 225.609 1140.03
Index: 9.74893 53.0656 1099.01
Middle: -8.04382 46.5323 1097.89
Ring: 3.6316 54.4342 1099.14
Little: 45.7791 92.2176 1013.33
Thumb: 64.612 224.663 1141.02
Index: 13.3118 51.8547 1102.34
Middle: -5.98104 44.6287 1100.82
Ring: 7.07682 52.915 1101.94
Little: 44.6915 90.7234 1015.04
Thumb: 89.7342 204.165 1191.88
Index: 37.1735 63.1013 1173.53
Middle: 20.0607 61.4587 1176.98
Ring: 30.432 52.4486 1160.36
Little: 25.365 95.3119 1076.68
Thumb: 131.977 184.653 1201.55
Index: 20.7141 48.6468 1158.43
Middle: 17.9461 65.3462 1152.75
Ring: 45.3218 20.8974 1127.61
Little: 28.5682 83.0149 1083.82
Thumb: 110.49 118.49 1197.25
Index: 23.6438 47.0452 1156.37
Middle: 16.9542 62.9036 1155.97
Ring: 42.2545 19.8337 1126.57
Little: 24.755 81.9143 1084.98
Thumb: 107.423 105.793 1195.58
Index: 42.3505 80.6468 1161.72
Middle: 9.30278 109.326 1153.1
Ring: 37.7379 20.4597 1123.21
Little: 15.3083 85.0705 1086.94
Thumb: 111.834 93.668 1176.37
Index: 54.234 100.921 1165.24
Middle: 9.60832 104.036 1164.02
Ring: 21.2822 23.9636 1117.15
Little: -0.194929 69.4572 1098.65
Thumb: 123.463 95.8448 1169.73
Index: 62.3544 95.8412 1152.55
Middle: 11.2041 101.647 1171.83
Ring: 13.9341 31.6908 1123.74
Little: -4.81506 69.4258 1101.18
Thumb: 126.364 93.4385 1163.3
Index: 65.7788 91.6696 1142.68
Middle: 17.509 103.777 1171
Ring: 7.1674 37.2171 1123.37
Little: -6.85873 62.9609 1099.83
Thumb: 128.946 93.2322 1164.02
Index: 57.879 93.4907 1161.19
Middle: 27.0264 110.123 1167.72
Ring: 6.10392 29.906 1116.71
Little: -9.69021 63.8267 1099.77
Thumb: 129.257 92.9782 1159.1
Index: 56.4526 96.7457 1169.64
Middle: 29.0488 110.926 1166.01
Ring: 11.2175 31.6414 1118.2
Little: -10.0575 62.5499 1099.08
Thumb: 130.519 92.1909 1155.55
Index: 53.9767 97.7432 1177.27
Middle: 29.3113 110.376 1166.14
Ring: 9.76721 30.7572 1113.96
Little: -10.0411 62.5225 1097.05
Thumb: 131.645 90.4737 1148.5
Index: 52.7719 93.7078 1178.39
Middle: 23.7035 110.787 1162.24
Ring: 9.27745 29.6079 1108.91
Little: -9.15129 61.3761 1093.75
Thumb: 134.241 91.5531 1140.94
Index: 58.5985 92.2968 1176.54
Middle: 27.0247 110.268 1161.96
Ring: 9.82865 29.1334 1109.24
Little: -8.61841 58.5629 1093.41
Thumb: 134.305 95.1583 1130.93
Index: 60.2201 93.8676 1174.45
Middle: 27.2706 108.271 1162.81
Ring: 12.0449 32.2366 1115.81
Little: -9.63697 56.8865 1089.74
Thumb: 134.143 96.4944 1122.31
Index: 61.4632 95.8342 1170.47
Middle: 25.3882 90.2827 1162.15
Ring: 14.4727 35.8011 1114.81
Little: -9.16087 58.1343 1089.51
Thumb: 132.978 100.213 1115.71
Index: 64.7031 96.0587 1166.85
Middle: 26.9387 86.1902 1147.99
Ring: 15.5552 33.5905 1110.76
Little: -10.9171 63.6033 1095.38
Thumb: 130.907 99.0888 1111.43
Index: 65.8659 93.1953 1164.99
Middle: 12.9786 54.1852 1117.24
Ring: 15.8219 39.044 1112
Little: -10.3822 58.9365 1087.77
Thumb: 129.971 97.2768 1108.76
Index: 65.6411 89.8938 1161.71
Middle: -4.35684 19.1642 1077.91
Ring: 13.6765 45.6773 1110.74
Little: -11.7071 58.3573 1079.45
Thumb: 129.106 98.9818 1104.57
Index: 61.9946 85.3368 1159.67
Middle: -4.44119 19.4267 1077.87
Ring: 9.84237 118.021 1145.21
Little: -12.8328 58.5111 1076.96
Thumb: 129.392 97.5326 1101.08
Index: 60.0743 83.324 1156.94
Middle: -5.40966 20.3119 1074.6
Ring: 9.80749 117.782 1147.17
Little: -14.6002 60.635 1072.86
Thumb: 130.514 98.5196 1098.51
Index: 59.3175 83.42 1153.98
Middle: -5.90464 20.8501 1072.91
Ring: 10.5675 117.822 1145.33
Little: -15.8066 61.5025 1073.7
Thumb: 130.201 98.4626 1097.71
Index: 58.1157 84.716 1152.94
Middle: -6.28869 20.1959 1070.44
Ring: 8.58304 116.768 1143.57
Little: -16.2085 60.8722 1070.96
Thumb: 127.186 97.2322 1097.54
Index: 61.3803 89.6012 1151.89
Middle: -7.20725 20.08 1068.02
Ring: 9.02102 118.825 1142.39
Little: -16.8707 60.7041 1069.73
Thumb: 128.056 97.6721 1096.6
Index: 57.4151 85.6333 1150.2
Middle: -7.77031 20.1476 1064.98
Ring: 5.5397 113 1145.69
Little: -17.9846 60.3885 1071.09
Thumb: 128.187 98.3752 1095.58
Index: 58.7047 86.4525 1148.92
Middle: -8.13631 20.0028 1067.35
Ring: 8.52948 113.256 1144.35
Little: -17.772 59.9014 1071.85
Thumb: 129.35 99.6954 1094.24
Index: 59.4726 87.4123 1148.87
Middle: -7.19624 19.5769 1067.63
Ring: 8.38777 113.118 1144.31
Little: -17.2706 59.049 1070.37
Thumb: 130.587 100.48 1094.28
Index: 60.3065 89.3718 1149.15
Middle: -7.52037 20.7437 1066.84
Ring: 6.87691 105.691 1148.4
Little: -16.6976 60.4297 1069.03
Thumb: 129.502 99.5048 1095.95
Index: 59.7684 89.2621 1149.53
Middle: -7.41383 19.5656 1068.59
Ring: 5.79834 103.267 1148.53
Little: -16.949 59.3082 1070.92
Thumb: 130.644 101.081 1100.07
Index: 58.3498 89.1952 1151.21
Middle: -7.61383 19.5562 1068.94
Ring: 4.72362 103.945 1149.23
Little: -16.5281 59.057 1071.25
Thumb: 127.999 100.5 1103.54
Index: 57.4785 89.4253 1151.34
Middle: -7.6183 19.7072 1071.54
Ring: 3.53471 102.895 1148.72
Little: -16.5054 59.1591 1070.6
Thumb: 128.388 100.328 1106.68
Index: 57.1285 89.0891 1152.73
Middle: -6.21489 19.4515 1073.05
Ring: 3.3758 102.491 1149.37
Little: -15.4076 59.2633 1069.52
Thumb: 127.666 99.0333 1109.76
Index: 57.1832 88.9029 1155.47
Middle: -5.74896 17.8477 1078.92
Ring: 4.73631 112.894 1150.01
Little: -14.7381 57.2979 1072.4
Thumb: 128.761 100.756 1112.44
Index: 55.1749 86.5592 1158.98
Middle: -4.6046 17.0561 1081.04
Ring: 3.18883 113.965 1150.83
Little: -13.8683 56.3352 1074.07
Thumb: 129.48 99.7522 1112.52
Index: 56.9453 85.8274 1159.69
Middle: -4.01604 16.5013 1085
Ring: 5.23178 113.766 1151.78
Little: -14.3457 56.3975 1075.02
Thumb: 131.142 98.7589 1115.67
Index: 61.7066 90.9375 1161.12
Middle: -2.4625 14.6957 1089.96
Ring: 5.76448 114.518 1153.07
Little: -13.3608 54.7797 1078.39
Thumb: 133.53 102.13 1119.5
Index: 61.5197 90.457 1161.92
Middle: -2.0345 15.6405 1095.77
Ring: 4.57067 106.691 1158.07
Little: -13.9527 54.9167 1080.54
Thumb: 134.535 101.816 1121.32
Index: 61.1222 88.2008 1166.08
Middle: -1.23397 14.2247 1098.76
Ring: 5.7813 96.8799 1160.32
Little: -12.9578 53.782 1084.32
Thumb: 136.417 103.34 1122.14
Index: 61.902 89.25 1169.91
Middle: -1.11885 14.1426 1101.48
Ring: 5.38779 112.015 1162.17
Little: -11.7315 53.0463 1084.09
Thumb: 132.461 104.111 1131.01
Index: 56.6507 86.6089 1176.07
Middle: -0.818784 13.5625 1105.64
Ring: 3.2254 108.818 1167.04
Little: -11.516 52.8984 1087.01
Thumb: 128.638 101.682 1140.43
Index: 49.404 84.6123 1182.14
Middle: -1.38419 12.8873 1106.76
Ring: -0.652612 105.243 1171.66
Little: -11.5568 52.5094 1091.44
Thumb: 121.398 99.0542 1155.44
Index: 42.0609 81.8538 1187.32
Middle: -2.72206 12.3295 1108.04
Ring: -6.89369 99.0756 1174.26
Little: -10.9134 52.5696 1090.46
Thumb: 122.721 100.577 1162.25
Index: 50.1447 92.5758 1191.55
Middle: -0.904779 13.0688 1110.74
Ring: -7.29511 101.845 1177.06
Little: -9.75281 53.8587 1094.93
Thumb: 127.254 103.312 1161.17
Index: 53.8251 93.1488 1194.47
Middle: 0.720093 13.5408 1114.17
Ring: -3.08616 102.188 1182.5
Little: -8.88217 54.1077 1100.54
Thumb: 136.715 106.834 1146.84
Index: 64.5834 93.593 1195.65
Middle: 1.59622 15.2206 1114.38
Ring: 5.73757 98.973 1190.97
Little: -20.4253 114.595 1165.88
Thumb: 131.868 106.695 1153.65
Index: 56.4061 93.4471 1198.78
Middle: -1.35698 15.2844 1114.06
Ring: -16.7359 32.1436 1128.2
Little: -26.2843 113.737 1163.01
Thumb: 116.68 106.716 1169.32
Index: 6.93234 25.047 1127.92
Middle: -1.68811 13.9145 1110.35
Ring: -24.0268 38.0544 1126.16
Little: -33.921 86.7741 1144.67
Thumb: 74.6796 116.21 1208.45
Index: 3.25205 27.9405 1121.88
Middle: -2.23997 14.8551 1105.04
Ring: -32.4773 44.088 1112.16
Little: -8.66306 55.0863 1096.65
Thumb: 85.5058 124.684 1218.79
Index: 3.20482 24.1266 1121.17
Middle: -2.18261 10.3595 1107.73
Ring: -35.2593 47.5781 1106.3
Little: -7.74375 49.9699 1093.69
Thumb: 86.2462 144.747 1227.44
Index: -3.02557 25.9738 1118.41
Middle: -6.88239 11.4657 1106.27
Ring: -30.373 40.512 1095.54
Little: -3.4966 48.5856 1087.78
Thumb: 84.6163 180.16 1235.86
Index: -5.88064 26.0457 1118.22
Middle: -10.0484 11.6329 1106.69
Ring: -28.1021 39.9443 1093.11
Little: -2.24435 48.1124 1087.02
Thumb: 82.5465 152.291 1238.77
Index: -9.30814 28.0224 1118.38
Middle: -12.6926 13.4603 1105.77
Ring: -22.8692 37.6673 1090.83
Little: 4.34558 44.8494 1086.1
Thumb: 80.1996 152.532 1241.55
Index: -6.67852 26.0557 1118.74
Middle: -13.6053 14.4288 1105.56
Ring: -16.5347 28.2386 1086.67
Little: 6.3361 44.8314 1086.22
Thumb: -13.7694 138.898 1200.78
Index: -6.46448 43.5471 1115.14
Middle: -3.08392 30.3483 1094.97
Ring: -1.54455 40.8388 1083.49
Little: 16.8706 60.2832 1088.04
Thumb: -20.5192 143.101 1195.64
Index: -10.6072 44.6153 1111.75
Middle: -3.94081 27.1401 1101.1
Ring: 2.28723 37.6504 1081.23
Little: 14.5708 60.0785 1085.79
Thumb: -32.6126 144.436 1187.49
Index: -9.25566 36.4993 1115.06
Middle: -5.04353 24.8504 1098.93
Ring: 2.69499 34.2746 1078.81
Little: 15.4756 56.1507 1082.83
Thumb: -44.5726 140.21 1176.1
Index: -4.44816 28.8923 1115.99
Middle: -9.69864 20.6155 1097.81
Ring: 1.02344 29.2749 1078.67
Little: 18.0672 49.7691 1084.51
Thumb: -42.2609 150.531 1153.91
Index: -4.22587 29.1476 1120.92
Middle: -13.8477 17.7881 1105.53
Ring: -14.6264 25.3474 1106.54
Little: 6.62187 42.5929 1078.78
Thumb: -51.0351 157.449 1153.2
Index: -7.92179 28.4532 1116.99
Middle: -13.4937 16.0389 1099.95
Ring: -11.908 22.0594 1104.2
Little: 9.36045 40.7762 1078.73
Thumb: -58.5809 157.329 1140.44
Index: -34.8183 68.5534 1086.42
Middle: -13.5381 14.4684 1103.95
Ring: -13.3402 23.3913 1104.29
Little: 12.1863 40.3636 1080.39
Thumb: -66.2595 160.311 1132.67
Index: -46.3303 52.2318 1092.41
Middle: -11.4532 13.08 1106.53
Ring: -14.155 23.6057 1113.37
Little: 8.28273 40.8456 1082.42
Thumb: -70.3176 161.569 1122.02
Index: -48.3537 51.3768 1090.17
Middle: -12.7986 14.5586 1110.06
Ring: -15.2635 24.0237 1110.39
Little: 10.7635 40.5244 1093.22
Thumb: -75.1293 160.348 1115.08
Index: -50.472 52.1449 1080.88
Middle: -13.5665 14.1419 1110.06
Ring: -18.1439 24.5193 1111.59
Little: 9.82858 40.3632 1094.77
Thumb: -75.0833 160.872 1111.34
Index: -52.986 67.7217 1064.71
Middle: -14.5983 14.6188 1109.05
Ring: -19.8282 25.4537 1110.64
Little: 9.7754 40.6475 1095.66
Thumb: -75.9905 160.299 1105.96
Index: -53.4267 63.9982 1062.19
Middle: -17.061 14.4988 1107.87
Ring: -21.4113 25.0246 1109.3
Little: 8.63257 39.6339 1094.1
Thumb: -77.3381 161.13 1102.17
Index: -53.3463 63.2707 1060.64
Middle: -18.808 15.097 1106.63
Ring: -21.1145 24.8602 1108.05
Little: 8.02938 40.1193 1093.76
Thumb: -77.1802 161.971 1101.79
Index: -54.6761 65.1046 1058.26
Middle: -20.4429 14.9465 1107.3
Ring: -23.4014 24.3366 1104.09
Little: 6.24225 39.6075 1094.26
Thumb: -79.8292 161.674 1098.95
Index: -54.5028 63.831 1057.55
Middle: -20.7911 14.8459 1105.1
Ring: -24.8371 25.1441 1104.32
Little: 6.47525 39.8703 1095.07
Thumb: -79.4642 159.927 1094.98
Index: -53.579 72.8026 1052.12
Middle: -22.1891 15.0248 1101.79
Ring: -26.1241 25.3782 1103.44
Little: 6.00245 39.4026 1093.88
Thumb: -78.5306 159.561 1092.17
Index: -53.2553 73.2394 1043.19
Middle: -23.8495 14.1368 1103.44
Ring: -0.144916 90.4209 1013.26
Little: 7.94645 35.7407 1093.59
Thumb: -77.6758 159.661 1090.66
Index: -54.8379 72.7477 1043.09
Middle: -25.0723 14.7433 1103.6
Ring: -0.0677459 91.1749 1013.13
Little: 6.66217 35.8796 1091.26
Thumb: -75.9503 154.719 1087.25
Index: -55.6559 69.2708 1043.61
Middle: -26.1055 14.3187 1101.55
Ring: -2.52586 86.7112 1013.24
Little: 7.43021 35.6605 1096.16
Thumb: -76.566 155.706 1087.78
Index: -55.677 70.2755 1042.63
Middle: -26.2182 14.4181 1101.75
Ring: -3.61555 85.9335 1013.08
Little: 7.47683 35.8811 1097.49
Thumb: -76.5822 153.937 1085.34
Index: -53.8306 77.0734 1039.52
Middle: -26.4811 14.7862 1104.69
Ring: -1.94171 85.01 1013.02
Little: 6.0216 38.9821 1098.01
Thumb: -77.7651 154.425 1087.61
Index: -55.1161 71.6502 1039.58
Middle: -26.2829 14.7957 1104.07
Ring: -2.16562 85.8505 1012.94
Little: 5.99146 39.3037 1097.91
Thumb: -77.5502 153.677 1087.46
Index: -54.8152 68.5631 1042.08
Middle: -25.7444 14.6887 1105.63
Ring: -0.792402 86.6057 1012.97
Little: 5.46232 39.798 1098.36
Thumb: -77.9047 153.905 1089.05
Index: -54.838 69.4627 1041.96
Middle: -25.5584 14.9061 1108.16
Ring: -1.91769 84.9785 1013.94
Little: 5.57373 39.8372 1099.62
Thumb: -79.5587 156.165 1088.41
Index: -53.0714 71.8772 1040.32
Middle: -25.067 14.8399 1108.18
Ring: -0.223137 85.1833 1014.27
Little: 6.16284 39.9097 1100.08
Thumb: -79.8199 155.959 1090.39
Index: -54.7622 65.2219 1043.55
Middle: -24.4758 14.6057 1108.76
Ring: -1.73684 84.9646 1014.81
Little: 6.537 39.809 1100.2
Thumb: -79.8846 155.842 1090.12
Index: -53.9134 63.8365 1044.11
Middle: -23.5716 14.4262 1109.02
Ring: -1.27616 84.0142 1015.12
Little: 6.97482 39.7857 1100.88
Thumb: -78.9229 154.161 1090.49
Index: -53.1129 63.7389 1043.86
Middle: -23.0153 14.6484 1109.47
Ring: -0.621196 83.7792 1014.95
Little: 7.74036 39.9034 1100.83
Thumb: -78.8681 153.978 1087.7
Index: -51.0991 63.4705 1041.02
Middle: -21.0099 14.2113 1108.7
Ring: 4.76772 89.3095 1014.18
Little: 7.91026 39.9618 1101.08
Thumb: -78.3846 153.879 1090.16
Index: -51.9966 64.1295 1042.45
Middle: -20.5674 14.2507 1109.66
Ring: 3.75489 90.9086 1014.68
Little: 8.18644 39.9787 1101.39
Thumb: -79.8705 156.181 1089.8
Index: -49.7729 66.3421 1040.33
Middle: -19.963 14.595 1108.97
Ring: 5.38103 90.7269 1014.66
Little: 8.99586 40.4717 1101.12
Thumb: -76.8603 155.016 1085.48
Index: -49.1197 65.9146 1041.03
Middle: -19.1676 14.9143 1110.27
Ring: 4.25585 85.6868 1015.28
Little: 9.7577 40.5881 1101.62
Thumb: -77.1436 158.359 1088.45
Index: -47.5356 74.7905 1039.05
Middle: -18.8866 15.4844 1108.56
Ring: 3.56406 84.5639 1015.85
Little: 10.9269 41.4019 1102.32
Thumb: -75.7286 157.947 1089.12
Index: -48.208 71.9364 1040.48
Middle: -18.6766 15.5282 1109.2
Ring: 4.66426 85.6969 1015.71
Little: 11.4903 41.3437 1102.13
Thumb: -74.7908 157.976 1087.16
Index: -46.205 75.2296 1037.84
Middle: -17.1378 15.9916 1106.51
Ring: 5.86155 86.1677 1016.01
Little: 13.0075 42.2709 1102.35
Thumb: -66.6992 157.01 1086.45
Index: -42.6262 79.5479 1035.86
Middle: -14.1622 19.2146 1108.39
Ring: 9.03934 87.8741 1015.56
Little: 13.7639 45.1457 1102.27
Thumb: -64.8252 155.515 1085.49
Index: -39.6964 76.1372 1036.37
Middle: -9.93675 18.9917 1107.33
Ring: 12.5381 89.3021 1014.98
Little: 16.7334 45.3501 1101.09
Thumb: -60.9894 153.302 1083.5
Index: -34.4631 83.9857 1030.49
Middle: -6.1177 18.7911 1105.4
Ring: 17.5527 91.0356 1014.16
Little: 21.0343 45.4657 1098.92
Thumb: -53.8285 153.126 1081.87
Index: -28.0613 85.756 1030.73
Middle: -2.67818 17.8706 1098.79
Ring: 25.0081 90.8778 1014.88
Little: 25.3632 44.1851 1094.73
Thumb: -45.5673 154.303 1079.19
Index: -20.1113 94.3546 1026.73
Middle: 1.7156 23.0761 1098.98
Ring: 30.9536 97.6433 1013.91
Little: 32.6233 49.4389 1091.84
