Thumb: -23.3117 62.106 1057.88
Index: 84.8302 16.4514 1057.2
Middle: 117.351 45.214 1027.68
Ring: 137.448 66.8484 1034.94
Little: 160.45 111.23 1047.9
Thumb: -27.3969 64.2223 1096.22
Index: 83.1959 14.6791 1058.26
Middle: 123.74 29.5001 1052.46
Ring: 146.33 63.3199 1047.64
Little: 158.887 109.302 1046.68
Thumb: -17.1187 62.9531 1096.5
Index: 89.5732 16.9502 1057.96
Middle: 128.389 31.7838 1051.75
Ring: 147.842 62.145 1047.82
Little: 161.245 111.867 1044.98
Thumb: -7.15369 63.816 1095.98
Index: 92.9847 18.9498 1058.69
Middle: 129.913 32.8306 1049.51
Ring: 149.685 61.7012 1050.45
Little: 163.135 111.133 1047.3
Thumb: -1.1882 62.373 1098.17
Index: 99.7745 20.1552 1062.73
Middle: 132.631 32.4049 1049.51
Ring: 152.125 60.614 1054.57
Little: 163.78 107.749 1050.31
Thumb: 4.64441 61.9603 1095.28
Index: 102.568 22.3376 1060.74
Middle: 135.139 31.4951 1057.05
Ring: 151.245 56.5486 1055.65
Little: 164.241 101.587 1053.14
Thumb: 9.42718 62.7841 1095.69
Index: 106.933 24.8315 1063.66
Middle: 136.043 31.4937 1056.06
Ring: 151.146 54.3838 1059.78
Little: 164.773 99.3442 1056.98
Thumb: 12.9761 65.3829 1090.25
Index: 109.325 27.2196 1060.61
Middle: 138.494 33.1 1058.43
Ring: 150.883 54.1309 1061.57
Little: 162.402 95.5326 1060.09
Thumb: 17.8203 65.6011 1093.89
Index: 111.51 26.9782 1064.11
Middle: 140.312 34.1861 1058.69
Ring: 151.429 54.4971 1061.49
Little: 161.978 95.4096 1058.73
Thumb: 20.3978 64.5091 1089.82
Index: 115.634 29.3652 1062.41
Middle: 144.234 36.607 1061.64
Ring: 154.397 57.1092 1061.84
Little: 161.404 94.6838 1061.38
Thumb: 24.9089 62.7823 1090.12
Index: 118.999 29.3596 1065.07
Middle: 147.388 37.4679 1064.72
Ring: 156.947 58.2553 1065.11
Little: 162.702 95.8145 1064.36
Thumb: 27.6818 62.8673 1090.5
Index: 119.562 29.4073 1066.34
Middle: 148.032 37.6046 1066.41
Ring: 157.593 58.3851 1067.04
Little: 162.485 94.8719 1066.63
Thumb: 27.2297 62.8102 1090.21
Index: 119 29.0301 1067.17
Middle: 147.512 37.0695 1067.54
Ring: 156.602 58.4568 1065.76
Little: 161.674 93.5174 1067.78
Thumb: 25.9046 65.3197 1090.17
Index: 111.994 25.7893 1063.81
Middle: 141.343 31.6653 1066.36
Ring: 151.982 51.9213 1066.8
Little: 158.24 87.4882 1066.05
Thumb: 24.2893 66.5123 1088.87
Index: 104.666 28.8208 1057.69
Middle: 135.787 32.3845 1066.3
Ring: 146.491 52.2334 1067.41
Little: 152.987 88.1197 1065.75
Thumb: 18.86 67.9179 1089.36
Index: 99.8131 24.6172 1065.42
Middle: 129.766 29.7651 1067.83
Ring: 141.471 49.0785 1068.32
Little: 148.951 83.2905 1067.03
Thumb: 11.8333 68.7593 1088.82
Index: 91.3585 20.7257 1068.39
Middle: 121.414 24.1477 1069
Ring: 134.097 42.4221 1069.27
Little: 143.983 76.176 1067.59
Thumb: 7.79417 69.2633 1088.98
Index: 82.2769 16.9605 1067.62
Middle: 112.839 19.6188 1067.67
Ring: 126.215 37.4112 1068.09
Little: 137.31 70.7844 1066.38
Thumb: -2.9527 72.1769 1089.9
Index: 71.0689 15.359 1067.63
Middle: 101.234 15.5971 1067.36
Ring: 115.605 32.4625 1066.88
Little: 128.312 64.6976 1064.51
Thumb: -6.55138 78.5076 1087.27
Index: 60.9934 12.1265 1065.23
Middle: 91.2431 10.799 1065.38
Ring: 105.773 29.4667 1058.88
Little: 121.566 58.8484 1063.58
Thumb: -11.2246 82.5812 1087.53
Index: 52.9864 7.79873 1066.27
Middle: 83.4688 5.91397 1065.99
Ring: 95.996 27.7729 1052.5
Little: 113.638 52.3669 1064.21
Thumb: -28.1356 79.3052 1088.68
Index: 46.049 5.43962 1068.22
Middle: 76.6089 4.08846 1068.29
Ring: 80.239 49.0251 1039.1
Little: 105.917 54.5892 1057.67
Thumb: -32.6063 81.4023 1089.5
Index: 37.1766 5.26487 1066.96
Middle: 66.6991 4.24306 1063.51
Ring: 71.4078 50.5117 1037.27
Little: 97.1207 55.2917 1054.26
Thumb: -39.4259 76.4087 1093.05
Index: 34.6647 5.1592 1068.4
Middle: 64.5405 4.85439 1066.47
Ring: 69.0628 40.6547 1040.71
Little: 62.0282 112.463 1004.42
Thumb: -42.2592 73.5462 1093.72
Index: 21.3376 10.7864 1053.22
Middle: 56.2885 1.47749 1065.39
Ring: 55.3216 49.71 1036.81
Little: 55.1373 107.864 1008.11
Thumb: -54.0597 76.4997 1091.96
Index: 15.4014 4.49599 1057.42
Middle: 48.2856 -2.78265 1066.79
Ring: 49.8829 45.2946 1037.37
Little: 51.3358 105.698 1009.35
Thumb: -61.203 79.6835 1092.1
Index: 7.75305 1.45169 1065.07
Middle: 38.3223 -3.64252 1064.44
Ring: 43.687 36.0937 1036.99
Little: 61.3607 61.6273 1030.78
Thumb: -69.0247 75.4813 1094.72
Index: 4.16231 0.0429554 1068.96
Middle: 35.0326 -3.35092 1066.72
Ring: 36.8361 39.4817 1037.83
Little: 66.7934 40.7525 1062.64
Thumb: -74.0245 75.0803 1096.03
Index: -9.87665 -5.60663 1068.15
Middle: 26.2013 -7.16044 1065.05
Ring: 30.8312 36.5819 1037.58
Little: 60.7449 36.4385 1062.18
Thumb: -78.4995 77.3106 1091.68
Index: -17.1108 -8.04338 1064.72
Middle: 18.72 -10.904 1063.76
Ring: 26.0886 40.6535 1037.88
Little: 57.4838 33.2959 1064.66
Thumb: -84.782 81.2253 1091.64
Index: -29.3988 0.758238 1051.08
Middle: 14.6738 -8.27479 1061.95
Ring: 18.2829 39.5292 1035.76
Little: 49.8418 30.9088 1062
Thumb: -96.848 74.4691 1092.87
Index: -35.7576 -5.88638 1062.01
Middle: 5.974 -7.94639 1059.28
Ring: 29.5019 10.8649 1053.65
Little: 38.5411 47.2258 1043.26
Thumb: -109.799 76.888 1091.45
Index: -42.4329 -6.61334 1060.39
Middle: 0.313705 -8.39644 1058.36
Ring: 24.1755 8.32819 1056.74
Little: 29.5167 57.3107 1041.69
Thumb: -117.888 74.0295 1092.96
Index: -46.9278 -8.83982 1060.59
Middle: -3.31539 -8.43508 1056.57
Ring: 24.2413 13.1233 1054.69
Little: 21.0672 62.2214 1039.8
Thumb: -128.116 71.6902 1091.26
Index: -51.7819 -9.05408 1061.87
Middle: -8.8967 -7.40242 1054.92
Ring: 17.9856 12.0603 1059.63
Little: 24.2206 51.5323 1044.12
Thumb: -132.134 74.8635 1091.35
Index: -60.3239 -8.22268 1059.5
Middle: -15.7835 -7.45267 1054
Ring: 12.3442 11.8726 1057.29
Little: 27.7492 37.9964 1058.19
Thumb: -138.022 73.5683 1095.43
Index: -67.0013 -11.3897 1062.88
Middle: -21.7131 -9.95746 1051.28
Ring: 7.34721 8.13941 1060.07
Little: 25.5493 36.6615 1060.47
Thumb: -143.818 75.1582 1092.95
Index: -72.1641 -11.8347 1062.48
Middle: -26.106 -11.1017 1052.72
Ring: 4.24147 7.74671 1059.81
Little: 22.6933 36.333 1059.59
Thumb: -150.972 77.6115 1097.54
Index: -75.8663 -11.461 1063.68
Middle: -30.3185 -11.3232 1051.78
Ring: 1.3856 7.79782 1057.29
Little: 19.4397 35.674 1056.1
Thumb: -145.834 77.8356 1096.27
Index: -76.1042 -10.8483 1062.53
Middle: -31.3816 -11.2001 1053.48
Ring: 2.01514 10.4037 1056.27
Little: -14.9736 82.9287 1028.08
Thumb: -147.867 77.9754 1097.93
Index: -77.8466 -11.1093 1063.25
Middle: -32.8953 -11.2843 1053.35
Ring: 1.41478 11.0751 1055.4
Little: -16.2585 82.9793 1027.1
Thumb: -147.141 78.3052 1098.45
Index: -77.6836 -10.9064 1063.05
Middle: -32.5357 -10.7151 1052.74
Ring: 1.4828 11.7117 1054.48
Little: -16.8081 83.5773 1026.47
Thumb: -146.306 76.6964 1099.31
Index: -79.5381 -12.1039 1063.13
Middle: -31.1122 -10.0627 1052.66
Ring: 4.39847 14.8724 1052.78
Little: -16.6709 86.5656 1025.5
Thumb: -147.864 74.8124 1101.73
Index: -77.3844 -12.2201 1065.46
Middle: -26.8316 -6.93928 1052.91
Ring: 8.29745 20.111 1053.35
Little: -16.7836 90.3849 1025.76
Thumb: -140.504 75.1478 1100.03
Index: -73.3594 -11.1635 1064.65
Middle: -22.059 -3.81132 1052.04
Ring: 11.4692 23.4246 1053.7
Little: -14.9898 92.8843 1026.15
Thumb: -137.278 74.6004 1097.82
Index: -68.8378 -10.2784 1063.52
Middle: -17.0297 -1.25145 1052.53
Ring: 15.5993 27.1081 1054.07
Little: -12.5385 95.9206 1026.37
Thumb: -132.289 75.8648 1100.82
Index: -65.1014 -8.80172 1065.7
Middle: -13.5472 1.81463 1049.77
Ring: 18.111 29.1933 1052.98
Little: -11.9677 97.6247 1025.04
Thumb: -125.232 77.5018 1100.54
Index: -58.1541 -6.18991 1064.64
Middle: -7.87528 5.27528 1050.3
Ring: 22.2271 33.5711 1051.06
Little: -9.88451 100.809 1023.91
Thumb: -118.581 77.2958 1100.22
Index: -53.637 -5.06199 1063.54
Middle: -2.08188 8.93523 1049.66
Ring: 27.4467 38.7879 1051.07
Little: -8.25283 106.242 1024.17
Thumb: -114.206 75.0603 1101.27
Index: -46.0894 -5.92692 1064.46
Middle: 4.54354 9.04322 1049.01
Ring: 34.2821 40.3768 1050.12
Little: -3.60004 107.385 1025.27
Thumb: -108.058 74.7764 1102.22
Index: -40.068 -4.98513 1065.16
Middle: 11.3891 12.1066 1047.99
Ring: 39.0661 41.238 1051.27
Little: 46.0152 71.1204 1047.6
Thumb: -93.4893 79.8987 1102.32
Index: -33.0012 -4.30716 1066.97
Middle: 16.485 11.5341 1049.71
Ring: 41.5262 38.1564 1050.8
Little: 53.1924 72.6829 1047.65
Thumb: -81.8984 83.8885 1104.54
Index: -28.6628 -5.96403 1072.05
Middle: 22.4729 10.7994 1050.02
Ring: 47.091 35.5555 1053.46
Little: 61.1318 73.8026 1047.52
Thumb: -73.4309 85.6914 1105.71
Index: -20.0758 -3.97579 1075.14
Middle: 26.3922 11.223 1050.96
Ring: 52.2906 37.0114 1056.09
Little: 69.4261 81.3101 1049.08
Thumb: -66.9955 89.135 1106.46
Index: -13.2669 -1.16381 1078.1
Middle: 31.8882 14.5375 1054.57
Ring: 56.2468 40.3409 1059.33
Little: 72.3934 85.2001 1051.17
Thumb: -62.7215 86.3691 1109.21
Index: -5.83674 1.24324 1077.71
Middle: 40.277 17.7146 1059.25
Ring: 62.6251 43.973 1060.74
Little: 77.4939 87.0894 1055.28
Thumb: -57.7426 88.0501 1109.89
Index: 1.07484 1.63904 1078.89
Middle: 46.2393 16.9578 1064.25
Ring: 67.8625 43.0679 1064.22
Little: 80.8757 90.0873 1053.43
Thumb: -54.836 76.1319 1110.85
Index: 11.2815 3.00384 1074.44
Middle: 51.3078 14.5528 1068.03
Ring: 77.3957 47.4397 1064.8
Little: 90.3035 90.5954 1062.54
Thumb: -50.4432 75.6962 1115.46
Index: 14.2032 19.155 1059.05
Middle: 53.8405 11.5278 1069.42
Ring: 81.5196 44.5513 1064.54
Little: 94.7846 85.9491 1061.73
Thumb: -37.7842 82.9859 1131.81
Index: 24.3024 8.4808 1082.06
Middle: 51.3154 9.49185 1069.26
Ring: 79.4229 42.5107 1053.9
Little: 91.7931 82.8188 1043.94
Thumb: -0.481682 156.733 1098.94
Index: 23.6605 8.57062 1097.22
Middle: 38.9757 3.57356 1069.62
Ring: 54.7512 31.5657 1035.76
Little: 31.5909 91.1275 1025.03
Thumb: -1.84119 161.289 1096.84
Index: 33.9654 13.7238 1077.88
Middle: 44.2993 20.2302 1030.96
Ring: 46.4576 39.4413 1010.2
Little: 15.1885 132.6 1032.23
Thumb: 0.212645 163.926 1094.46
Index: 34.6464 14.9105 1085.76
Middle: 45.414 17.1453 1040.31
Ring: 40.0749 29.0945 1020.5
Little: 27.8255 123.607 1031.05
Thumb: 14.0613 168.594 1086.05
Index: 32.6447 13.6799 1092.72
Middle: 39.7201 6.5415 1061.13
Ring: 40.7802 18.9815 1041.46
Little: 27.8981 122.166 1020.65
Thumb: 17.4844 168.241 1092.97
Index: 38.2761 12.9492 1103.31
Middle: 45.9193 5.04882 1077.32
Ring: 43.1947 17.5691 1054.88
Little: 31.3393 133.883 1032.94
Thumb: 19.3113 168.155 1091.28
Index: 42.2083 12.9582 1108.12
Middle: 48.9653 4.71869 1082.83
Ring: 50.6702 18.0819 1055.84
Little: 27.7581 141.86 1036.78
Thumb: 25.1584 167.735 1084.37
Index: 59.4262 26.7781 1152.59
Middle: 42.6589 3.78151 1103.91
Ring: 33.5229 9.36663 1083.22
Little: 7.91786 120.599 1043.27
Thumb: 111.233 134.492 1172.71
Index: 72.8505 23.3597 1158.83
Middle: 39.8285 4.71562 1123.68
Ring: 23.2903 12.4088 1106.19
Little: -6.05132 110.29 1070.58
Thumb: 120.564 140.666 1165.73
Index: 78.5085 22.557 1154.23
Middle: 42.7342 3.79641 1123.71
Ring: 23.0497 11.3158 1107.17
Little: -8.98535 112.078 1075.48
Thumb: 123.266 141.834 1151.31
Index: 85.3241 26.8589 1152.9
Middle: 45.1565 6.6057 1126.64
Ring: 23.774 13.3897 1111.94
Little: -11.359 105.351 1079.08
Thumb: 127.529 146.347 1140.19
Index: 92.7219 30.7309 1149.33
Middle: 49.2652 8.76421 1126.92
Ring: 23.6997 14.6432 1112.81
Little: -12.1529 105.853 1082.66
Thumb: 133.002 149.107 1132.04
Index: 96.7706 32.8695 1146.82
Middle: 52.4153 10.6454 1129.02
Ring: 26.467 16.252 1117.09
Little: -12.7314 106.817 1086.38
Thumb: 133.556 151.861 1121.16
Index: 102.582 35.7231 1144.79
Middle: 54.1701 12.1998 1131.99
Ring: 25.0734 17.261 1122.16
Little: -13.6327 106.946 1093.78
Thumb: 137.805 154.85 1117.33
Index: 106.684 35.6365 1141.2
Middle: 59.5935 11.7604 1130.7
Ring: 28.0068 16.0433 1119.93
Little: -13.5127 77.7397 1122.91
Thumb: 139.387 156.508 1109.41
Index: 111.214 37.244 1137.89
Middle: 61.4368 11.9179 1129.76
Ring: 26.0357 15.9442 1121.38
Little: -12.7472 79.3037 1126.14
Thumb: 139.105 155.575 1104.02
Index: 115.53 38.5721 1135.05
Middle: 62.7406 12.1362 1128.86
Ring: 28.1637 16.1208 1122.64
Little: -10.5133 79.5056 1128.04
Thumb: 138.937 156.221 1097.8
Index: 118.536 40.0737 1133.36
Middle: 66.1262 12.9845 1130.74
Ring: 29.9801 16.3112 1125.63
Little: -8.4953 71.6337 1134.88
Thumb: 137.391 156.579 1091.35
Index: 120.077 42.2667 1131.42
Middle: 69.7233 15.2285 1132.57
Ring: 32.5054 17.6603 1128.71
Little: -4.67235 57.0941 1139.15
Thumb: 139.021 156.42 1085.11
Index: 120.78 42.928 1127.39
Middle: 69.2403 17.0602 1132.41
Ring: 33.8755 19.4832 1129.1
Little: -4.93525 65.2497 1141.41
Thumb: 139.337 158.656 1081.55
Index: 122.82 44.3193 1123.75
Middle: 72.4054 17.2009 1128.14
Ring: 36.2999 19.9421 1127.09
Little: -4.20769 38.6822 1125.47
Thumb: 145.077 160.322 1072.62
Index: 124.455 42.9427 1116.92
Middle: 74.2439 17.4077 1127.41
Ring: 37.5677 19.7611 1125.08
Little: -3.2393 38.5174 1124.49
Thumb: 144.99 162.272 1068.96
Index: 124.182 43.4606 1114.95
Middle: 75.7616 17.1315 1122.39
Ring: 36.9325 19.8548 1123.46
Little: -2.86871 38.2475 1122.58
Thumb: 143.569 162.82 1063.28
Index: 124.659 43.8448 1110.58
Middle: 78.3299 17.3647 1119.17
Ring: 37.5097 19.3969 1121.4
Little: -3.07511 37.5503 1121.42
Thumb: 143.191 166.29 1063.39
Index: 124.255 44.6174 1106.33
Middle: 75.5307 17.2655 1113.86
Ring: 38.1848 19.5325 1115.38
Little: -6.49673 38.1741 1116.12
Thumb: 141.751 166.58 1058.41
Index: 124.081 45.3414 1102.72
Middle: 76.0233 18.486 1112.49
Ring: 38.3734 20.4345 1114.72
Little: -6.54819 39.1794 1116.78
Thumb: 140.8 165.176 1056.46
Index: 123.915 45.387 1100.85
Middle: 75.6362 18.4138 1110.49
Ring: 36.8863 20.8754 1113.79
Little: -5.70414 39.5984 1115.86
Thumb: 136.502 163.25 1055.2
Index: 123.381 45.8505 1098.4
Middle: 74.8276 18.8458 1109.09
Ring: 35.2277 20.6592 1111.19
Little: -12.1282 52.0892 1124.75
Thumb: 138.583 163.081 1055.52
Index: 122.966 45.3221 1099.39
Middle: 74.9252 18.77 1109.23
Ring: 33.3198 20.8944 1111.41
Little: -11.4296 60.503 1127.48
Thumb: 139.096 164.901 1054.82
Index: 121.161 44.5748 1100.93
Middle: 73.8178 18.1471 1109.59
Ring: 31.6601 20.6464 1112.32
Little: -15.6635 41.4052 1113.12
Thumb: 136.991 163.524 1055.29
Index: 120.552 45.5437 1102.22
Middle: 71.6135 18.5807 1111.18
Ring: 30.4809 21.1803 1113.71
Little: -17.7651 42.0838 1114.13
Thumb: 140.252 163.087 1060.15
Index: 116.487 44.1029 1106.6
Middle: 68.596 18.5923 1112.98
Ring: 25.7737 21.7395 1113.31
Little: -20.5632 43.1859 1111.48
Thumb: 140.755 161.496 1061.91
Index: 111.555 43.2991 1110.67
Middle: 63.5758 19.6635 1116.86
Ring: 20.716 24.0943 1116.54
Little: -25.1096 46.9424 1113.62
Thumb: 141.313 157.833 1063.56
Index: 108.546 41.363 1113.37
Middle: 58.7609 19.9637 1122.52
Ring: 16.6876 24.6319 1118.69
Little: -30.2251 49.5297 1115.08
Thumb: 145.477 158.984 1068.57
Index: 104.11 40.0565 1118.99
Middle: 54.777 19.0769 1123.66
Ring: 12.5448 25.6609 1121.46
Little: -34.4165 51.8562 1116.06
Thumb: 141.656 154.711 1072.9
Index: 98.7015 39.1431 1121.65
Middle: 48.114 19.7299 1125.78
Ring: 6.74502 27.3706 1122.13
Little: -39.3387 54.9176 1115.83
Thumb: 141.801 152.433 1072.15
Index: 95.2928 36.511 1122.52
Middle: 42.387 18.0345 1127.43
Ring: 4.1765 26.1364 1123.84
Little: -41.6444 54.1723 1117.73
Thumb: 143.451 149.71 1078.32
Index: 89.5827 33.6215 1125.91
Middle: 34.8023 17.2556 1129.37
Ring: -5.63347 27.246 1123.21
Little: -46.9175 56.2272 1115.46
Thumb: 139.206 143.469 1079.57
Index: 81.9555 29.6407 1127.68
Middle: 31.1143 14.9344 1130.17
Ring: -8.07526 26.1185 1126.28
Little: -52.9858 58.0563 1118.89
Thumb: 131.629 143.156 1083.42
Index: 79.2236 26.1153 1128.47
Middle: 26.3903 9.5806 1131.05
Ring: -15.5924 20.5415 1127.92
Little: -57.0543 50.2388 1122.35
Thumb: 130.835 139.221 1091.27
Index: 71.7959 21.5763 1133.03
Middle: 17.6431 6.44066 1132.62
Ring: -25.1265 19.0901 1127.16
Little: -63.7596 49.449 1119.42
Thumb: 119.509 139.907 1087.02
Index: 67.5283 21.1569 1129.65
Middle: 13.0069 3.29766 1130.94
Ring: -29.0369 14.0939 1128.14
Little: -69.6592 42.2084 1121.13
Thumb: 112.354 134.601 1087.21
Index: 59.0136 21.2273 1130.2
Middle: 3.58528 5.38924 1132.07
Ring: -36.2653 16.8506 1128.73
Little: -77.4028 47.2529 1123.06
Thumb: 111.299 132.414 1088.07
Index: 52.0338 20.1237 1132.71
Middle: -5.27829 5.15775 1134.14
Ring: -43.7626 17.1718 1130.44
Little: -83.87 47.8561 1123.82
Thumb: 109.206 130.993 1090.6
Index: 41.9452 16.3021 1133.56
Middle: -14.6278 3.49684 1133.5
Ring: -50.2206 16.0642 1128.78
Little: -92.4328 49.3747 1120.77
Thumb: 99.3914 129.872 1089.7
Index: 35.8203 13.9984 1132.24
Middle: -19.8708 0.444874 1133.11
Ring: -56.5898 12.2686 1128.27
Little: -99.2904 44.9226 1120.99
Thumb: 99.498 126.36 1088.16
Index: 26.1852 11.4777 1130.5
Middle: -28.6579 1.13517 1131.51
Ring: -65.398 15.7149 1127.71
Little: -106.012 50.8947 1121.17
Thumb: 96.2979 120.997 1088.59
Index: 14.699 12.2062 1131.08
Middle: -38.0459 4.91116 1130.87
Ring: -76.7634 22.7057 1126.25
Little: -110.632 57.5284 1119.51
Thumb: 87.7458 121.088 1088.66
Index: 12.576 8.01314 1131.18
Middle: -43.684 -1.19949 1131.86
Ring: -85.5555 16.3323 1127.35
Little: -119.548 50.13 1120.89
Thumb: 85.7513 119.56 1088.55
Index: 3.40874 5.56536 1129.11
Middle: -51.7855 -1.60997 1130.12
Ring: -92.452 17.0277 1125.94
Little: -126.942 53.1762 1120.19
Thumb: 77.4926 120.347 1090.34
Index: -3.67211 5.67999 1129.39
Middle: -55.8567 -2.53752 1130.07
Ring: -98.2403 15.8167 1126.21
Little: -134.376 52.3629 1120.72
Thumb: 71.1707 121.206 1091.12
Index: -7.82014 7.45391 1129.91
Middle: -63.2784 -0.917082 1129.48
Ring: -102.18 16.1112 1124.81
Little: -138.965 52.1863 1118.18
Thumb: 60.2434 120.436 1088.93
Index: -11.4302 10.4189 1130.74
Middle: -69.0683 1.55249 1131.97
Ring: -106.314 17.5879 1128.39
Little: -143.597 52.8832 1122.59
Thumb: 53.5641 122.063 1092.07
Index: -13.7171 10.7493 1132.72
Middle: -72.0432 -0.209946 1132.78
Ring: -105.906 12.875 1127.29
Little: -147.21 47.3255 1119.33
Thumb: 55.3362 124.16 1099.09
Index: -14.9857 10.0073 1137.63
Middle: -71.6218 -1.82245 1134.69
Ring: -105.891 11.0941 1128.37
Little: -147.987 45.5377 1118.61
Thumb: 53.4804 127.985 1111.6
Index: -15.31 10.4892 1144.17
Middle: -70.0609 -3.79448 1136.59
Ring: -102.25 7.05246 1127.63
Little: -141.339 49.7436 1127.06
Thumb: 46.8667 131.107 1123.95
Index: -15.5986 18.515 1157.22
Middle: -64.0115 -2.19232 1138.38
Ring: -94.2802 5.38249 1126.94
Little: -130.481 81.3134 1121.49
Thumb: 38.4681 135.448 1133.61
Index: -14.124 23.0516 1164.18
Middle: -59.2163 -0.926188 1141.92
Ring: -82.5857 4.86156 1130.55
Little: -124.604 68.9683 1121.92
Thumb: 31.8619 144.896 1149.8
Index: -19.1225 26.6448 1173.08
Middle: -58.3426 0.333128 1143.54
Ring: -77.6866 5.18613 1130.45
Little: -123.927 66.2224 1117.33
Thumb: 31.9819 144.461 1152.8
Index: -25.2064 27.7502 1175.43
Middle: -53.88 3.39136 1148.63
Ring: -100.498 58.4828 1139.4
Little: -124.837 68.6396 1114.44
Thumb: 32.068 143.835 1157.12
Index: -35.073 34.7169 1183.11
Middle: -53.8284 9.62836 1153.13
Ring: -100.227 62.413 1143.89
Little: -122.221 75.6812 1117.34
Thumb: 36.5826 148.579 1172.89
Index: -49.1717 36.4679 1187.75
Middle: -60.0282 10.7535 1153.52
Ring: -105.132 68.9757 1138.72
Little: -124.116 79.3646 1113.55
Thumb: 31.8331 149.351 1181.02
Index: -60.5616 39.0229 1192.16
Middle: -61.2946 12.1847 1157.8
Ring: -106.431 70.213 1138.15
Little: -124.174 80.168 1111.69
Thumb: 29.5282 151.114 1188.18
Index: -75.4351 49.4136 1197.84
Middle: -63.6168 11.168 1146.96
Ring: -106.075 71.1584 1131.27
Little: -122.442 81.8879 1104.47
Thumb: 15.9936 149.416 1200.02
Index: -79.1563 45.4342 1198.92
Middle: -66.8235 13.5109 1160.35
Ring: -128.75 104.814 1132.1
Little: -124.541 90.4679 1100.34
Thumb: 10.2587 152.922 1206.6
Index: -139.937 118.198 1182.82
Middle: -66.9726 9.49886 1145.68
Ring: -132.073 106.387 1126.49
Little: -122.229 95.9786 1089.05
Thumb: 5.34326 154.436 1211.54
Index: -141.647 111.872 1180.9
Middle: -67.5329 10.3823 1141.2
Ring: -131.803 105.535 1123.16
Little: -117.013 103.126 1083.41
Thumb: -2.24409 152.498 1220.4
Index: -73.089 29.7617 1181.53
Middle: -68.4788 8.80373 1135.92
Ring: -132.226 107.39 1118.91
Little: -131.751 81.5777 1088.69
Thumb: -7.44493 148.432 1219.6
Index: -70.9426 29.5096 1180.56
Middle: -66.5724 9.04976 1132.26
Ring: -133.625 108.078 1116.3
Little: -132.16 83.4037 1081.3
Thumb: -8.1258 150.924 1222.27
Index: -73.6574 29.6501 1180.96
Middle: -64.2032 9.03511 1132.59
Ring: -166.73 112.34 1135.05
Little: -147.205 116.447 1099.57
Thumb: -10.7458 150.526 1224.04
Index: -79.4637 30.5988 1181.21
Middle: -64.1796 8.96269 1134.85
Ring: -166.927 126.562 1137.23
Little: -146.934 127.453 1103.62
Thumb: -12.2287 147.286 1223.97
Index: -80.2315 31.5214 1183.6
Middle: -62.8041 8.83597 1134.83
Ring: -139.058 147.062 1136.16
Little: -141.985 134.742 1104.56
Thumb: -10.1506 143.951 1221.15
Index: -83.068 34.3418 1176.21
Middle: -62.886 8.48858 1134.02
Ring: -142.595 155.337 1142.88
Little: -128.763 143.328 1100.85
Thumb: -4.7923 139.917 1221
Index: -80.9254 29.3224 1174.52
Middle: -61.1815 6.28955 1135.01
Ring: -139.311 154.377 1145.65
Little: -128.003 143.899 1105.16
Thumb: -0.524096 138.676 1220.91
Index: -79.5101 29.9253 1179.34
Middle: -59.1894 4.67899 1136.91
Ring: -137.085 153.378 1148.82
Little: -124.613 144.378 1107.54
Thumb: 2.50021 137.14 1217.91
Index: -78.0291 31.5964 1179.99
Middle: -55.145 4.11693 1140.54
Ring: -136.152 151.621 1150.68
Little: -123.733 142.957 1108.86
Thumb: 11.3998 147.348 1222.33
Index: -75.5691 31.3788 1180.87
Middle: -51.6625 2.60426 1143.56
Ring: -137.756 146.362 1156.21
Little: -126.943 140.827 1114.79
Thumb: 15.1639 142.769 1216.67
Index: -67.7671 25.3004 1184.66
Middle: -48.3364 2.73791 1144.07
Ring: -135.483 146.206 1158.86
Little: -126.178 143.229 1117.67
Thumb: 18.8992 138.729 1214.15
Index: -61.3783 25.4897 1192.86
Middle: -45.3791 2.60049 1148.71
Ring: -132.159 145.594 1161.38
Little: -124.904 141.928 1121.19
Thumb: 22.3271 131.715 1207.59
Index: -54.9023 25.5 1193.56
Middle: -43.412 3.03234 1150.16
Ring: -130.45 145.45 1163.34
Little: -123.359 142.245 1122.58
Thumb: 29.4318 131.49 1208.22
Index: -55.2513 25.6604 1199.37
Middle: -40.2217 -0.286812 1154.75
Ring: -131.4 137.82 1170.95
Little: -124.765 136.125 1130.17
Thumb: 31.375 126.93 1204.27
Index: -55.9597 26.7679 1202.84
Middle: -40.4275 -1.01816 1159.63
Ring: -133.532 133.868 1173.62
Little: -125.268 134.734 1131.91
Thumb: 37.7161 118.769 1195.04
Index: -111.2 104.311 1204.14
Middle: -38.348 -2.66178 1162.89
Ring: -130.975 129.429 1180.3
Little: -126.286 130.973 1139.54
Thumb: 41.4456 114.238 1188.22
Index: -106.387 109.206 1199.24
Middle: -36.3997 -3.67344 1162.44
Ring: -127.987 126.984 1181.06
Little: -126.714 126.887 1141.98
Thumb: 51.3422 105.544 1172.19
Index: -79.9852 93.8733 1185.83
Middle: -68.8418 44.7376 1150.97
Ring: -113.48 127.669 1182.62
Little: -124.599 118.816 1148.3
Thumb: 48.3601 99.2625 1159.91
Index: -71.0827 101.123 1165.72
Middle: -64.3895 42.898 1143.98
Ring: -111.897 121.887 1176.9
Little: -120.177 115.738 1141.01
Thumb: 50.4259 91.4755 1155.35
Index: -63.6436 100.335 1157.5
Middle: -63.5329 42.2911 1139.08
Ring: -106.459 122.83 1174.48
Little: -118.036 113.498 1140.22
Thumb: 49.392 86.5182 1153.19
Index: -61.1591 98.9779 1156.11
Middle: -59.765 40.4692 1138.43
Ring: -106.986 117.737 1173.51
Little: -115.377 111.696 1137.64
Thumb: 50.725 83.6091 1151.58
Index: -58.9037 94.3387 1157.07
Middle: -59.7056 41.3579 1136.56
Ring: -104.839 120.37 1171.89
Little: -110.041 119.547 1133.7
Thumb: 53.4367 85.0794 1153.62
Index: -56.8256 89.5203 1157.7
Middle: -55.8313 39.0226 1136.52
Ring: -101.612 121.048 1169.26
Little: -108.822 116.305 1132.48
Thumb: 52.876 83.2854 1151.15
Index: -39.1136 94.1498 1139.26
Middle: -53.485 40.6045 1138.41
Ring: -103.522 115.451 1170.17
Little: -105.489 116.838 1131.04
Thumb: 53.3254 81.394 1141.24
Index: -10.7266 89.8392 1120.65
Middle: -42.7383 41.8731 1138.73
Ring: -94.492 117.335 1170.05
Little: -99.4459 113.821 1132.13
Thumb: 61.9499 87.5338 1147.81
Index: -13.6116 91.9081 1124.7
Middle: -41.2995 43.1257 1143.85
Ring: -97.1162 110.616 1171.84
Little: -102.352 106.991 1135.58
Thumb: 50.438 82.617 1137.98
Index: -13.2032 93.4038 1122.69
Middle: -39.5025 47.4501 1144.61
Ring: -101.73 102.123 1170.18
Little: -102.561 106.003 1132.42
Thumb: 50.4381 87.3854 1134.6
Index: -6.28661 99.5047 1120.4
Middle: -29.1632 49.5325 1143.97
Ring: -98.0736 101.962 1165.8
Little: -98.5514 102.688 1127.05
Thumb: 48.3593 85.7669 1130.26
Index: -21.1997 101.675 1141.35
Middle: -25.8597 52.1379 1144.39
Ring: -95.5475 103.834 1165.55
Little: -95.4406 106.821 1125.92
Thumb: 51.4962 85.579 1129.81
Index: -20.6832 98.7619 1144.81
Middle: -23.1879 50.7537 1144.68
Ring: -92.9376 102.31 1166.93
Little: -95.0131 101.121 1129.32
Thumb: 54.1105 86.7035 1128.4
Index: -19.7327 83.0624 1162.59
Middle: -18.406 50.211 1143.52
Ring: -89.8573 99.1615 1165.51
Little: -91.482 98.4517 1127.68
Thumb: 54.5956 85.486 1129.96
Index: -19.7385 84.2575 1161.52
Middle: -18.3315 49.7716 1143.75
Ring: -89.7728 99.304 1164.29
Little: -90.5351 98.8804 1126.31
Thumb: 51.5199 80.6498 1124.3
Index: -15.2544 85.7986 1162.29
Middle: -12.227 89.0228 1102.98
Ring: -85.383 101.387 1166.6
Little: -85.5782 104.402 1126.53
Thumb: 56.1807 84.3027 1120.95
Index: -20.5099 101.067 1154.58
Middle: -8.33342 89.8449 1100.55
Ring: -82.2117 88.3759 1163.94
Little: -83.575 93.906 1127.43
Thumb: 54.0392 82.577 1118.7
Index: -19.0049 98.475 1160.27
Middle: -8.60837 91.2299 1101.2
Ring: -81.15 95.2684 1165.38
Little: -80.7339 100.672 1127.86
Thumb: 57.1584 81.4706 1118.56
Index: -15.5534 100.183 1153.04
Middle: -3.8308 90.6636 1100.45
Ring: -77.0532 96.4791 1164.28
Little: -77.9293 97.6487 1126.84
Thumb: 65.2006 85.5202 1125
Index: -14.6933 130.219 1113.96
Middle: -1.30387 89.3946 1101.98
Ring: -74.4868 97.0388 1165.93
Little: -75.3809 98.6981 1127.28
Thumb: 72.3536 92.5716 1133.51
Index: -6.87229 126.365 1110.11
Middle: -1.91239 93.2784 1100.98
Ring: -75.1806 97.4962 1162.84
Little: -75.0335 98.319 1124.31
Thumb: 73.8894 94.2276 1135.21
Index: -0.459898 125.849 1106.02
Middle: -3.85564 98.3433 1100.82
Ring: -75.403 97.0435 1163.59
Little: -75.2075 98.4686 1124.82
Thumb: 75.853 102.119 1143.43
Index: -10.0493 136.671 1106.01
Middle: -5.99367 96.6906 1096.25
Ring: -74.9005 103.192 1158.91
Little: -75.9942 102.303 1122.11
Thumb: 78.2055 106.048 1142.82
Index: 1.77474 120.295 1103.41
Middle: -8.93905 98.9021 1096.28
Ring: -79.9103 104.279 1156.91
Little: -78.8848 106.114 1117.93
Thumb: 81.9301 111.817 1143.03
Index: 1.23036 119.104 1102.2
Middle: -8.2973 100.085 1096.43
Ring: -77.9564 104.231 1158.59
Little: -78.1588 104.598 1119.99
Thumb: 83.0484 114.634 1145.51
Index: 2.21812 119.149 1102.62
Middle: -7.23748 100.12 1096.55
Ring: -77.9172 100.857 1157.98
Little: -78.2123 102.143 1120.18
Thumb: 83.1319 116.454 1146.28
Index: -0.14221 117.98 1100.64
Middle: -9.19121 97.6511 1095.04
Ring: -81.9823 99.237 1156.8
Little: -79.5644 103.436 1117.71
Thumb: 86.1994 120.342 1148.07
Index: 2.28287 125.364 1102.89
Middle: -14.7811 101.075 1104.04
Ring: -79.7184 101.576 1158.07
Little: -79.008 102.678 1118.96
Thumb: 87.2973 124.083 1149.37
Index: 1.35272 127.331 1102.41
Middle: -21.7843 97.9987 1109.92
Ring: -81.3832 103.905 1156.76
Little: -78.995 108.2 1116.45
Thumb: 88.2909 125.439 1150.3
Index: 8.29821 113.256 1106.43
Middle: -23.1075 101.487 1113.15
Ring: -82.2087 102.859 1161.02
Little: -83.2298 105.888 1123.83
Thumb: 89.9362 128.56 1149.2
Index: 13.6649 103.802 1114.59
Middle: -43.9381 92.9715 1149.04
Ring: -77.4785 106.533 1163.15
Little: -82.9248 99.2238 1129.78
Thumb: 91.5712 131.102 1141.45
Index: 13.9748 101.547 1114.14
Middle: -22.74 44.1819 1174.54
Ring: -37.9113 2.64704 1100.55
Little: -82.8052 101.171 1135.83
Thumb: 90.1391 132.143 1131.24
Index: 13.8642 103.809 1112.6
Middle: 4.08611 23.2202 1176.23
Ring: -36.888 3.4045 1105.24
Little: -80.0639 106.334 1140.44
Thumb: 92.3419 135.467 1120.85
Index: 12.8651 109.628 1109.98
Middle: 16.0277 28.1788 1178.75
Ring: -40.2257 23.3651 1130.89
Little: -62.5012 49.5107 1121.53
Thumb: 92.7756 139.211 1107.54
Index: 8.52586 114.657 1104.43
Middle: 25.8431 33.6892 1179.76
Ring: -39.2957 35.8923 1142.44
Little: -54.0068 89.2339 1092.14
Thumb: 92.1028 139.841 1098.95
Index: 15.4051 107.863 1109.66
Middle: 33.841 37.0168 1180.73
Ring: -36.7828 45.3821 1149.72
Little: -61.4747 108.784 1140.4
Thumb: 86.6841 137.91 1095.76
Index: 13.2499 109.515 1111.98
Middle: 40.6619 39.1514 1179.59
Ring: -7.67468 27.0527 1161.43
Little: -61.6734 96.1335 1173.58
Thumb: 86.1181 140.628 1098.56
Index: 15.6626 112.358 1115.28
Middle: 50.7485 32.0917 1167.94
Ring: -7.24181 26.0948 1161.88
Little: -58.6247 92.5692 1176.79
Thumb: 86.2461 140.528 1100.21
Index: 16.5545 112.508 1117.89
Middle: 50.9224 31.7011 1168.59
Ring: -0.725986 13.7884 1149.29
Little: -47.0383 67.582 1159.27
Thumb: 83.0737 137.018 1101.23
Index: 16.2902 110.935 1119.89
Middle: 55.5951 29.1734 1164.8
Ring: 4.55576 12.0635 1149.75
Little: -28.5739 22.5273 1144.48
Thumb: 83.5819 133.844 1102.26
Index: 16.3002 109.865 1119.78
Middle: 55.433 26.5672 1161.67
Ring: 0.936502 9.7773 1146.03
Little: -30.8594 21.2794 1141.36
Thumb: 85.8065 132.774 1107.64
Index: 17.0527 106.122 1121.13
Middle: 59.0118 21.09 1154.19
Ring: 2.73645 5.65153 1141.83
Little: -31.0641 16.9521 1135.9
Thumb: 87.3576 129.33 1113.03
Index: -0.523252 114.71 1151.3
Middle: 45.386 27.9991 1162.71
Ring: 3.47731 1.95301 1136.05
Little: -29.6013 13.7133 1129.36
Thumb: 84.33 121.286 1111.26
Index: -0.653717 109.468 1149.23
Middle: 39.046 29.3194 1159.17
Ring: 5.56236 -0.0392132 1129.74
Little: -31.4543 10.6895 1121.34
Thumb: 84.1858 113.524 1108.02
Index: 0.847572 106.258 1140.28
Middle: 38.7764 28.2649 1154.24
Ring: 9.85549 -4.06234 1119.87
Little: -28.094 8.19946 1114.77
Thumb: 21.6404 66.2795 1090.2
Index: -6.90843 104.526 1166.95
Middle: 31.2015 31.4701 1149.26
Ring: -7.124 23.2157 1141.58
Little: -23.9247 5.17759 1112.06
Thumb: 21.3602 68.9549 1086.11
Index: -2.28626 89.4217 1190.53
Middle: 31.9142 33.0097 1144.47
Ring: -4.79096 23.2337 1134.52
Little: -22.7153 3.76887 1103.16
Thumb: 20.9962 69.6568 1082.51
Index: 0.529106 88.1826 1185.42
Middle: 29.0253 36.5341 1136.83
Ring: -8.7884 33.4939 1128.78
Little: -19.6501 3.93757 1097.72
Thumb: 22.0836 69.8862 1079.69
Index: 1.38239 86.7777 1184.98
Middle: 25.1242 40.0583 1132.19
Ring: -7.2613 30.7132 1126.48
Little: -20.5138 3.82233 1094.82
Thumb: 22.2025 70.546 1077.4
Index: -1.4143 81.0064 1186.5
Middle: 24.4021 39.2653 1128.91
Ring: -6.98838 29.5916 1121.53
Little: -16.008 5.61751 1088.93
Thumb: 23.3449 70.8385 1075.5
Index: -2.92623 79.6189 1181.21
Middle: 18.5751 43.7034 1126.84
Ring: -8.647 33.3738 1116.96
Little: -16.0765 5.67988 1083.94
Thumb: 24.857 68.9726 1074.63
Index: -9.38764 88.0272 1174.12
Middle: 19.7054 40.6444 1126.02
Ring: -8.80809 32.4485 1116.12
Little: -15.1838 4.92762 1083.58
Thumb: 25.3235 70.379 1073.64
Index: -11.9749 93.9378 1168.81
Middle: 20.5235 41.1977 1124.9
Ring: -7.31133 33.9603 1115.06
Little: -11.8574 7.24853 1082.93
Thumb: 32.0645 70.8398 1071.93
Index: -9.4175 81.2748 1174.92
Middle: 19.4167 40.3384 1120.81
Ring: -7.80424 34.0505 1109.7
Little: -16.7019 10.7229 1084.43
Thumb: 29.3239 68.5849 1068.29
Index: 5.56791 76.7257 1182.96
Middle: 26.6576 38.1373 1119.79
Ring: -4.89687 36.7307 1112.92
Little: -35.1352 41.4919 1105.35
Thumb: 28.6493 69.0056 1066.07
Index: 1.04774 78.0787 1179.13
Middle: 22.5787 42.6253 1117.92
Ring: -5.63395 37.5822 1108.81
Little: -36.6859 47.0424 1097.43
Thumb: 29.9235 68.8475 1064.24
Index: 2.80166 74.6181 1177.77
Middle: 19.4389 46.0654 1115.44
Ring: -5.92257 37.8897 1106.39
Little: -33.4603 40.6569 1094.7
Thumb: 31.0812 68.8171 1063.89
Index: -6.82794 90.3577 1167.32
Middle: 16.9744 48.8853 1114.7
Ring: -4.04044 36.4123 1105.49
Little: -7.78806 8.20684 1074.2
Thumb: 32.5076 69.7301 1063.02
Index: -2.506 81.5101 1173
Middle: 5.81449 80.84 1080.76
Ring: -3.83437 37.39 1103.57
Little: -7.42106 9.58054 1071.34
Thumb: 32.4343 71.9464 1062.76
Index: -2.56057 77.4566 1173.87
Middle: 6.22405 81.842 1079.85
Ring: -4.12671 36.5941 1101.27
Little: -7.54062 9.77748 1068.59
Thumb: 29.8334 69.0179 1063.25
Index: 3.93773 84.5516 1175.51
Middle: 8.0355 80.1645 1081.05
Ring: -1.51214 37.5416 1107.2
Little: -6.56604 7.97787 1077.52
Thumb: 31.859 70.0249 1061.78
Index: 3.83634 84.5748 1173.81
Middle: -18.7159 100.652 1106.86
Ring: -4.08991 42.9221 1105.4
Little: -8.01709 9.48213 1076.69
Thumb: 38.9118 67.2535 1062.31
Index: 3.68448 83.7292 1173.54
Middle: -15.4217 95.1777 1107.21
Ring: -4.0444 41.1183 1105.38
Little: -8.40001 9.96064 1076.21
Thumb: 36.1232 67.5728 1061.74
Index: 3.72952 83.6983 1173.42
Middle: -17.293 96.3635 1109.1
Ring: -4.25919 42.0882 1105.31
Little: -7.90523 9.56966 1074.79
Thumb: 35.543 68.4723 1063.51
Index: 7.19442 85.745 1175.61
Middle: -21.8024 82.2748 1168.12
Ring: 0.20237 42.5173 1108.67
Little: -5.18865 11.2414 1083.43
Thumb: 36.138 66.3222 1068.41
Index: 6.1586 87.392 1179.45
Middle: -27.3386 89.5534 1168.68
Ring: -0.22138 43.9712 1113.63
Little: -1.1268 9.47358 1088.61
Thumb: 35.6711 70.8395 1075.01
Index: 4.51342 93.2122 1184.45
Middle: -6.6115 64.2197 1191.56
Ring: 5.00791 40.0708 1120.86
Little: 1.57491 10.5315 1093.29
Thumb: 37.325 73.1378 1086.53
Index: 34.2287 63.5098 1195.42
Middle: -23.87 82.414 1199.64
Ring: 3.88308 40.0524 1131.4
Little: 1.54558 8.5062 1105.05
Thumb: 30.3161 79.3245 1095.13
Index: 2.7943 96.107 1203.17
Middle: -24.9212 85.1443 1208.15
Ring: 5.00396 41.6279 1141.84
Little: 4.24052 8.74804 1116.31
Thumb: 35.5501 80.3841 1104.77
Index: 32.6039 65.439 1212.8
Middle: -31.3934 86.4875 1212.68
Ring: 10.8802 44.4347 1151.44
Little: 16.263 15.6422 1128.05
Thumb: 37.0574 84.2339 1113.39
Index: 24.2803 78.4648 1222.87
Middle: -35.2782 87.8167 1217.7
Ring: 25.1463 41.4274 1166.86
Little: 25.5925 21.4844 1138.03
Thumb: 80.316 107.281 1135.72
Index: 23.216 84.8191 1227.59
Middle: 43.8409 45.7094 1219.54
Ring: 17.3498 54.4295 1165.77
Little: 29.81 26.0253 1144.91
Thumb: 80.9815 114.591 1142.65
Index: 2.28437 108.348 1230.7
Middle: 20.9241 70.0018 1231.4
Ring: 16.3966 62.2392 1175.97
Little: 29.9906 32.5366 1157.56
Thumb: 78.2995 114.63 1138.02
Index: 5.52676 128.342 1231.61
Middle: 19.9315 90.4809 1236.47
Ring: 7.08213 76.7006 1180.66
Little: 23.9843 39.7344 1169.24
Thumb: 78.0722 121.409 1139.91
Index: 1.24913 129.469 1234.25
Middle: 10.7869 94.3233 1241.54
Ring: 0.0329037 80.7789 1180.9
Little: 16.2602 43.9386 1175.72
Thumb: 75.5926 125.676 1136.47
Index: -21.2241 155.288 1218.45
Middle: -21.9319 128.14 1230.68
Ring: -14.8111 91.6982 1147.29
Little: 15.8893 52.9359 1187.5
Thumb: 77.5902 127.96 1130.14
Index: -17.7767 142.311 1135.72
Middle: -29.7545 121.513 1185.63
Ring: -26.8941 95.5406 1146.14
Little: -2.20289 48.4253 1182.34
Thumb: 73.6078 130.133 1133.09
Index: -20.1133 140.386 1134.91
Middle: -35.6129 121.363 1183.03
Ring: -33.5269 96.7294 1152.84
Little: -7.80743 51.5137 1186.53
Thumb: 65.2732 127.685 1132.48
Index: -20.0891 137.913 1132.11
Middle: -41.5698 119.703 1184.03
Ring: -36.0737 95.0046 1147.71
Little: -13.6027 49.9677 1183.79
Thumb: 63.7848 129.685 1131.26
Index: -20.6712 135.959 1129.25
Middle: -45.073 119.174 1183.07
Ring: -38.7168 94.4798 1136.25
Little: -18.1655 48.8303 1178.15
Thumb: 62.5353 129.013 1130.2
Index: -24.4532 133.768 1127.52
Middle: -51.8307 117.663 1180.47
Ring: -44.1385 92.9447 1133.42
Little: -24.1869 44.948 1172.9
Thumb: 58.4091 124.763 1132.41
Index: -28.6375 132.86 1126.64
Middle: -56.5201 116.437 1179.16
Ring: -47.778 91.2274 1129.24
Little: -30.6605 42.1363 1167.96
Thumb: 59.7003 121.098 1135.43
Index: -30.8454 131.625 1122.92
Middle: -63.0405 116.979 1161.11
Ring: -51.925 90.6666 1121.32
Little: -39.5476 37.8972 1156.42
Thumb: 57.4241 117.279 1135.85
Index: -30.0467 122.605 1119.19
Middle: -72.7215 109.883 1173.53
Ring: -55.9129 86.2241 1115.07
Little: -43.5146 30.8663 1145.33
Thumb: 53.9674 109.468 1128.28
Index: -30.8506 120.153 1113.73
Middle: -78.2345 110.009 1158.9
Ring: -55.9195 83.6396 1106.33
Little: -49.115 28.6091 1139.66
Thumb: 48.3073 103.79 1125.31
Index: -33.5699 122.349 1112.29
Middle: -78.4337 107.687 1155.86
Ring: -55.055 83.0655 1103.78
Little: -46.9136 27.4728 1135.82
Thumb: 40.7204 99.3942 1123.57
Index: -34.5713 121.978 1111.52
Middle: -82.8586 109.753 1152.67
Ring: -53.5319 81.2601 1104.33
Little: -39.5349 26.6602 1135.83
Thumb: 37.5972 97.3602 1123.26
Index: -33.1846 121.119 1110.72
Middle: -82.2673 96.9084 1174.57
Ring: -48.3029 78.8425 1104.06
Little: -29.2362 26.38 1136.43
Thumb: 34.7973 96.3574 1121.8
Index: -34.6482 122.511 1109.93
Middle: -79.4334 92.3586 1173.5
Ring: -47.7252 77.7981 1107.79
Little: -25.2542 26.6179 1137.05
Thumb: 31.0825 91.5614 1119.27
Index: -34.9599 121.608 1109.42
Middle: -32.6479 51.7077 1208.17
Ring: -44.8074 76.4299 1103.7
Little: -15.9536 24.3116 1125.61
Thumb: 34.6464 90.5016 1120.33
Index: -37.0305 118.582 1107.14
Middle: -30.1546 42.6169 1203.78
Ring: -48.5897 72.3999 1103.88
Little: -100.67 56.9621 1147.93
Thumb: 33.4636 88.1303 1119.81
Index: -39.5334 119.756 1107.3
Middle: -24.436 40.7002 1203.31
Ring: -49.8741 72.3741 1104.82
Little: -101.926 59.2121 1150.15
Thumb: 32.6766 85.9149 1118.52
Index: -38.8571 119.706 1107.3
Middle: -26.101 42.4295 1204.28
Ring: -49.8447 72.4218 1105.67
Little: -105.299 63.1397 1149.08
Thumb: 33.9592 85.1003 1123.51
Index: -36.0687 118.747 1108.62
Middle: -28.7956 44.178 1206.52
Ring: -47.0547 71.6564 1107.7
Little: -102.049 59.594 1148.93
Thumb: 33.1636 85.1686 1128.5
Index: -36.1543 119.879 1108.76
Middle: -21.1815 41.3308 1205.56
Ring: -45.7607 71.9491 1107.86
Little: -106.644 65.6878 1145.02
Thumb: 33.9094 84.1977 1126.88
Index: -39.4794 122.113 1108.72
Middle: -20.5263 42.8939 1205.86
Ring: -46.4998 70.8627 1112.48
Little: -105.488 66.1703 1146.4
Thumb: 36.6228 81.1011 1128.38
Index: -37.5297 120.996 1111.28
Middle: -17.0909 42.8553 1208.12
Ring: -41.82 69.797 1110.42
Little: -101.04 65.969 1149.46
Thumb: 38.446 82.365 1127.59
Index: -35.5406 120.355 1110.48
Middle: -16.7289 41.2204 1206.44
Ring: -39.3558 69.4694 1108.89
Little: -99.2957 62.1559 1146.08
Thumb: 40.1308 82.1071 1126.9
Index: -33.8 120.146 1111.56
Middle: -5.87274 38.0207 1205.8
Ring: -37.8387 69.1524 1111.19
Little: -97.2923 62.3199 1148.33
Thumb: 41.541 81.4267 1128.18
Index: -32.6438 119.488 1111.71
Middle: -6.27552 34.1074 1203.2
Ring: -33.2385 66.0439 1112.99
Little: -93.9694 63.8947 1141.13
Thumb: 41.6111 81.2667 1129.81
Index: -29.3797 118.628 1109.95
Middle: -17.9034 39.2445 1206.06
Ring: -33.4607 66.5806 1112.09
Little: -93.9904 64.3895 1141.61
Thumb: 41.9262 81.7059 1131.58
Index: -28.1601 118.096 1109.7
Middle: -14.3048 37.5271 1205.56
Ring: -34.0787 65.3701 1115.5
Little: -93.4564 68.1773 1142.46
Thumb: 42.0604 81.7816 1131.63
Index: -34.8807 120.827 1111.5
Middle: -11.7082 36.4469 1205.05
Ring: -34.1254 65.3412 1115.64
Little: -93.5061 68.1768 1142.44
Thumb: 42.3836 82.2294 1131.34
Index: -34.7071 120.952 1111.26
Middle: -11.7074 37.0071 1205.03
Ring: -34.2868 66.8218 1112.98
Little: -93.41 67.4797 1142.26
Thumb: 41.7353 81.6009 1130.83
Index: -35.1536 121.096 1111.47
Middle: -11.6174 36.962 1205.08
Ring: -34.5603 66.3178 1114.4
Little: -93.4196 67.6537 1142.4
Thumb: 41.6886 81.5432 1130.77
Index: -23.0464 87.9942 1171.97
Middle: -5.13871 34.1291 1203.24
Ring: -34.5966 66.3192 1114.3
Little: -93.5779 66.8053 1142.11
Thumb: 36.4035 82.2194 1125.8
Index: -27.1534 92.4888 1168.47
Middle: -6.42184 35.6436 1202.62
Ring: -34.038 66.915 1114.3
Little: -91.3308 66.864 1143.22
Thumb: 43.7854 90.8125 1133.18
Index: -24.4801 90.3306 1172.24
Middle: -0.757332 35.0316 1199.47
Ring: -34.5042 69.0317 1113.6
Little: -91.8907 66.1944 1141.53
Thumb: 34.4558 88.7749 1130.55
Index: -30.3001 93.5149 1168.8
Middle: -7.29224 32.868 1200.75
Ring: -35.0358 68.824 1114.67
Little: -93.5887 66.708 1141.25
Thumb: 52.2882 100.053 1148
Index: -33.5228 92.6947 1170.72
Middle: -28.9845 39.7146 1203.54
Ring: -39.2948 69.944 1114.57
Little: -99.0108 70.7714 1139.65
Thumb: 49.983 103.674 1157.06
Index: -37.869 99.8618 1160.26
Middle: -40.2428 42.7 1203.26
Ring: -42.906 71.6097 1113.69
Little: -102.497 72.7233 1138.59
Thumb: 49.8819 108.213 1162.91
Index: -38.7953 100.664 1149.34
Middle: -56.8304 41.8473 1197.35
Ring: -43.0624 71.6112 1109.38
Little: -104.505 63.7781 1129.04
Thumb: 43.1032 107.983 1169.51
Index: -46.7605 97.0333 1156.69
Middle: -101.258 77.0419 1178.68
Ring: -41.5308 76.1335 1100.95
Little: -107.746 65.4251 1124.29
Thumb: 37.8839 113.097 1178.96
Index: -48.3939 99.7939 1146.46
Middle: -23.7767 20.7859 1174.64
Ring: -44.9627 77.8118 1096.98
Little: -113.641 68.686 1115.02
Thumb: 35.4814 121.113 1192.82
Index: -56.5942 98.3233 1148.32
Middle: -46.8425 49.7129 1150.69
Ring: -47.8799 78.011 1095.04
Little: -108.272 55.9526 1119.56
Thumb: 28.2272 122.525 1198.96
Index: -63.1061 89.4683 1159.87
Middle: -50.9226 52.1921 1150.31
Ring: -64.0783 51.4433 1130.64
Little: -49.3358 22.4179 1114.43
Thumb: 13.967 114.593 1203.62
Index: -61.9222 70.3584 1164.39
Middle: -50.3248 43.5797 1146
Ring: -29.159 3.23744 1143.47
Little: -52.4984 20.0066 1108.55
Thumb: 6.85191 109.865 1206.18
Index: -67.0967 67.3529 1163.2
Middle: -54.9818 41.2921 1144.44
Ring: -33.1985 1.44721 1140.87
Little: -55.2831 19.2429 1105.85
Thumb: -2.56146 108.488 1207.27
Index: -61.3567 84.9645 1142.05
Middle: -62.011 41.7346 1141.07
Ring: -39.8106 0.948706 1138.68
Little: -61.3658 19.7934 1102.85
Thumb: -9.1673 102.746 1206.43
Index: -35.4137 89.7485 1128.09
Middle: -77.0014 48.4137 1136.55
Ring: -37.9547 0.933153 1131.66
Little: -64.4686 21.8297 1098.12
Thumb: -14.6505 104.63 1203.18
Index: -36.7028 91.7186 1126.16
Middle: -46.2937 -1.59978 1158.25
Ring: -47.7589 6.5141 1130.67
Little: -60.7107 22.1313 1095.62
Thumb: -44.7693 172.533 1234.47
Index: -60.0054 78.0619 1138.4
Middle: -51.0191 -1.96314 1155.18
Ring: -55.9798 8.84682 1127.43
Little: -54.3371 21.0774 1091.62
Thumb: -54.4408 174.219 1232.97
Index: -46.2541 92.2078 1123.04
Middle: -56.1485 -2.49071 1149.64
Ring: -59.5773 6.1193 1123.61
Little: -70.0508 26.5344 1086.61
Thumb: -49.8361 170.617 1231.77
Index: -46.7426 90.7675 1122.39
Middle: -62.8594 -3.31497 1148.35
Ring: -57.0777 2.46844 1122.54
Little: -72.5467 26.0544 1085.2
Thumb: -55.6078 166.241 1232.3
Index: -48.2391 87.8041 1124
Middle: -66.1895 -5.95162 1149.96
Ring: -59.4715 -0.406816 1124.22
Little: -79.6995 28.2001 1084.75
Thumb: -52.5967 190.87 1230.85
Index: -75.6612 71.9823 1137.17
Middle: -69.9722 -5.56585 1149.84
Ring: -65.0923 0.0400982 1124.44
Little: -82.4367 25.2095 1086.41
Thumb: -40.0159 168.832 1230.36
Index: -50.0817 85.1874 1122.84
Middle: -75.9024 -6.5096 1149.21
Ring: -68.7113 -1.71607 1123.56
Little: -84.6161 23.0078 1086.12
Thumb: -46.1579 166.505 1230.74
Index: -50.2088 85.208 1122.89
Middle: -75.7273 -6.5347 1149.19
Ring: -68.4732 -1.73406 1123.54
Little: -84.5328 22.9844 1086.12
Thumb: -39.8239 179.338 1231.59
Index: -78.8576 53.0046 1147.83
Middle: -74.1184 -6.20411 1149.44
Ring: -66.3166 -1.63481 1123.44
Little: -80.6368 21.1358 1087.43
Thumb: -25.0179 171.898 1238.34
Index: -41.303 86.4379 1128.48
Middle: -64.4067 -6.40899 1153.47
Ring: -59.9504 -0.829601 1126.8
Little: -70.239 21.0565 1091
Thumb: -6.29458 65.576 1055.68
Index: -32.781 86.5452 1100.21
Middle: -10.5337 -5.85611 1120.18
Ring: -33.4387 3.76731 1130.56
Little: -66.8018 28.5304 1147.78
Thumb: -30.5363 54.5051 1083.54
Index: -24.0123 86.2981 1106.83
Middle: 1.65957 -1.00261 1128.71
Ring: -24.1968 2.29048 1127.17
Little: -60.7736 23.6705 1138.74
Thumb: -41.4192 55.3758 1088.61
Index: -23.9109 80.9648 1098.27
Middle: 8.41915 -10.0711 1117.47
Ring: -10.9377 6.11034 1145.77
Little: -52.8455 17.8012 1138.04
Thumb: -26.737 57.8657 1078.28
Index: -25.8805 87.6334 1090.6
Middle: 11.4965 9.27176 1125.36
Ring: -9.44302 8.56736 1131.01
Little: -54.6079 19.5972 1127.41
Thumb: -25.7021 58.2085 1073.85
Index: -19.1548 86.2589 1099.26
Middle: 9.48359 11.7872 1117.64
Ring: -7.79147 7.56323 1126.27
Little: -54.2453 17.4804 1123.64
Thumb: -25.0289 59.4582 1070.44
Index: 25.3501 45.1678 1125.15
Middle: 9.9099 13.9814 1116.58
Ring: -6.96535 8.50385 1124.52
Little: -54.495 17.2302 1121.14
Thumb: -28.7968 62.1966 1069.33
Index: 25.1281 43.9923 1122.75
Middle: -13.199 57.5754 1134.16
Ring: -7.54571 9.53031 1122.34
Little: -56.5241 17.0246 1116.22
Thumb: -35.1123 78.239 1071.46
Index: 28.6679 40.3215 1121.51
Middle: -22.5687 102.099 1195.61
Ring: -6.5455 9.2927 1117.93
Little: -60.4886 16.9806 1116.48
Thumb: -28.9748 72.8927 1069.37
Index: 29.6973 36.0598 1122.86
Middle: -27.427 100.012 1194.71
Ring: -6.5215 6.29711 1114.92
Little: -61.3143 15.1766 1112.68
Thumb: -30.7096 76.5809 1068.91
Index: 32.2281 30.9062 1116.13
Middle: -29.7075 104.773 1193.01
Ring: -7.71324 7.9753 1111.44
Little: -62.5094 19.2884 1114.14
Thumb: -26.6474 76.8816 1068.29
Index: 32.0146 29.0594 1117.44
Middle: -41.357 113.575 1188.7
Ring: -8.64345 6.66211 1106.2
Little: -60.885 20.2087 1110.07
Thumb: -22.1655 74.7857 1066.77
Index: 32.8906 28.4671 1117.42
Middle: -48.1563 115.483 1185.8
Ring: -7.54854 6.32503 1101.68
Little: -59.9368 20.5251 1108.83
Thumb: -21.7884 76.648 1064.77
Index: 32.8788 31.0877 1119.35
Middle: -38.9396 103.937 1188.32
Ring: -5.51502 5.78368 1098.7
Little: -58.5082 18.3453 1101.88
Thumb: -24.4583 87.3382 1061.93
Index: 23.7738 42.9873 1120.61
Middle: -45.507 108.857 1182.76
Ring: -6.83323 6.64227 1093.57
Little: -58.051 19.9642 1095.9
Thumb: -15.794 77.9268 1059.08
Index: 9.57636 67.1523 1112.89
Middle: -41.1485 108.756 1180.61
Ring: -4.31571 5.30035 1094.5
Little: -57.4751 17.9096 1096.58
Thumb: -15.8654 78.1262 1056.43
Index: 8.96186 67.9224 1106.98
Middle: -40.4589 107.407 1178.66
Ring: -4.01461 5.65332 1092.18
Little: -56.721 18.3092 1094.67
Thumb: -22.1992 87.6338 1055.44
Index: 13.4047 62.5853 1108.54
Middle: -41.2299 107.548 1177.01
Ring: -3.66085 6.18316 1086.96
Little: -56.7366 18.6917 1090.09
Thumb: -21.8758 87.3409 1052.98
Index: 11.4831 64.8361 1106.38
Middle: -39.6438 103.97 1175.68
Ring: -4.03159 6.08368 1083.69
Little: -55.7069 18.9181 1086.4
Thumb: -19.5532 86.8378 1052.26
Index: 14.7179 63.94 1104.48
Middle: -39.0427 108.647 1173.65
Ring: -1.75163 6.49874 1084.68
Little: -58.6124 18.352 1087.83
Thumb: -19.5266 86.7937 1052.23
Index: 14.3169 64.6493 1105.3
Middle: -39.3263 109.04 1173.44
Ring: -1.63741 6.20081 1083.88
Little: -58.6308 18.3463 1087.79
Thumb: 32.5684 70.4353 1046.21
Index: 14.2512 64.6676 1105.43
Middle: -39.6895 109.417 1173.36
Ring: -1.67859 6.20169 1084.02
Little: -58.6693 18.3727 1087.9
Thumb: 29.571 69.7975 1046.36
Index: 14.4759 64.5556 1104.69
Middle: -12.7397 60.9125 1115.61
Ring: -1.18778 6.31502 1082.79
Little: -58.958 18.2487 1086.29
Thumb: 32.6811 75.3543 1044.65
Index: 11.8044 71.5651 1104.47
Middle: -7.43825 55.3384 1107.86
Ring: -0.766499 9.78514 1082.74
Little: -58.4597 22.5267 1090.87
Thumb: 32.1397 75.1136 1044.72
Index: 11.9997 71.1936 1103.91
Middle: -7.27203 55.1016 1107.95
Ring: -0.772597 9.78433 1082.74
Little: -58.5119 22.7437 1091.21
Thumb: 32.554 75.2018 1045.52
Index: 13.2764 68.47 1101.68
Middle: -7.62049 54.9943 1108.8
Ring: -0.575343 10.1312 1087.74
Little: -57.639 22.3222 1091.14
Thumb: 32.0668 72.9392 1047.09
Index: 13.5723 68.1019 1103.55
Middle: -4.1411 51.1128 1114.7
Ring: -1.06355 9.26059 1089.96
Little: -57.9137 21.0223 1093.9
Thumb: 34.5139 71.2597 1048.5
Index: 12.0065 66.3712 1106.14
Middle: -0.387327 43.6343 1124.61
Ring: -2.74261 6.59895 1094.79
Little: -56.2003 20.1811 1102.46
Thumb: 35.7037 70.4789 1051.63
Index: 13.5655 62.2925 1109.04
Middle: -2.38047 43.8593 1125.41
Ring: -3.7644 6.03214 1098.21
Little: -55.8193 20.9729 1106.35
Thumb: 35.546 69.957 1052.88
Index: 14.0072 61.5137 1111.16
Middle: -0.436377 41.9758 1128.99
Ring: -3.31231 5.40409 1102.5
Little: -54.5743 19.43 1109.88
Thumb: 35.7774 67.45 1056.62
Index: 12.8111 59.7129 1115.12
Middle: -2.376 41.1325 1132.89
Ring: -5.35567 3.76267 1107.47
Little: -54.3505 18.6878 1113.14
Thumb: 35.8985 67.2533 1057.9
Index: 10.4009 61.4896 1117.08
Middle: -3.95288 42.1559 1135.83
Ring: -6.80601 4.01761 1112.43
Little: -55.0328 18.7358 1115.74
Thumb: 33.4862 65.8842 1061.4
Index: 11.5156 58.8704 1120.01
Middle: -15.5231 58.0437 1133.3
Ring: -8.06719 4.0476 1114.23
Little: -54.1654 20.6111 1120.05
Thumb: 32.7544 64.2757 1063.76
Index: 10.5913 58.0653 1123.75
Middle: -41.1487 81.5401 1096.09
Ring: -9.1519 3.35209 1120.8
Little: -54.0215 21.4515 1128.4
Thumb: 32.373 65.5307 1065.87
Index: 11.3126 58.8685 1125.88
Middle: -41.0083 81.4823 1098.88
Ring: -7.43905 3.3642 1121.58
Little: -51.7023 22.7697 1132.73
Thumb: 29.3902 66.5129 1069.5
Index: 12.9148 60.3448 1128.21
Middle: -45.0992 99.2808 1120.11
Ring: -7.03171 5.50689 1123.86
Little: -52.3463 26.4202 1139.44
Thumb: 27.6117 66.2422 1067.38
Index: 15.4729 60.0764 1129.77
Middle: -43.6737 96.5879 1124.04
Ring: -4.92527 3.75747 1124.57
Little: -46.0753 26.2124 1147.42
Thumb: 26.1412 65.1108 1071.41
Index: 14.8191 59.3663 1132.77
Middle: -45.7239 98.1596 1129.02
Ring: -4.54958 3.9974 1130.15
Little: -45.7788 27.3035 1154.45
Thumb: 27.8378 64.5601 1078.04
Index: 13.7599 59.5284 1138.56
Middle: -40.911 90.576 1130.57
Ring: -5.95965 3.82428 1133.22
Little: -50.3893 27.5361 1157.19
Thumb: 20.2616 66.8554 1090.42
Index: -15.5352 115.503 1201.61
Middle: -44.5425 93.3919 1136.36
Ring: -6.54499 5.64908 1134.81
Little: -54.0546 25.5492 1153.21
Thumb: 17.9186 66.8561 1091.87
Index: -9.63573 113.442 1204.72
Middle: 1.78872 41.2341 1162.84
Ring: -4.95785 5.30884 1134.28
Little: -46.484 29.7626 1157.06
Thumb: 14.7731 65.6651 1086.1
Index: 4.38255 118.687 1199.35
Middle: 1.81698 56.4941 1157.15
Ring: -1.49517 3.72856 1134.24
Little: -37.2721 30.3553 1164.94
Thumb: -6.88232 68.8802 1065.91
Index: 33.1353 23.6626 1085.56
Middle: 41.5482 21.7051 1124.52
Ring: 6.79278 12.7743 1122.64
Little: -15.9591 32.6258 1164.91
Thumb: -24.3247 61.9364 1067.02
Index: 33.7998 27.5675 1072.04
Middle: 46.8814 25.1842 1103.46
Ring: 13.2648 13.3423 1130.89
Little: -12.561 26.8736 1159.6
Thumb: -30.6188 59.7834 1069.16
Index: 23.6028 24.0241 1072.38
Middle: 38.6657 21.4748 1101.42
Ring: 16.7235 21.4959 1130.6
Little: -11.341 31.6047 1167.63
Thumb: -23.0332 63.2117 1069.85
Index: 18.6904 24.7541 1069.29
Middle: 35.0038 21.0819 1095.77
Ring: 19.8447 26.1669 1134.29
Little: -13.8281 45.229 1201.04
Thumb: -27.656 60.9049 1070.54
Index: 13.2977 21.2239 1069.55
Middle: 31.4807 18.2478 1095.72
Ring: 18.6834 27.1672 1138.79
Little: -8.48365 50.1057 1201.24
Thumb: -26.4465 58.9213 1075.73
Index: 22.2961 20.1196 1068.51
Middle: 33.3021 14.0489 1093.63
Ring: 18.5263 24.9991 1139.94
Little: -5.67694 46.1015 1190.97
Thumb: -26.4343 58.9677 1075.42
Index: 28.8799 24.3695 1070.31
Middle: 33.5274 14.2329 1093.53
Ring: 18.6247 24.3231 1138.16
Little: -1.67102 49.385 1191.27
Thumb: -33.8836 82.4441 1129.42
Index: 26.5707 31.0697 1070.99
Middle: 28.1052 18.7681 1093.21
Ring: 8.93504 22.6951 1115.09
Little: -6.84261 40.4901 1181.82
Thumb: -21.2973 75.5925 1130.11
Index: 34.5865 27.1961 1076.42
Middle: 44.5596 21.5916 1100.91
Ring: 24.2099 21.2646 1127.46
Little: 2.97842 38.7337 1185.7
Thumb: -27.5329 165.287 1096.78
Index: -128.727 159.316 1116.48
Middle: -133.725 169.013 1150.68
Ring: -48.2179 154.571 1143.6
Little: -33.7546 226.339 1153.09
Thumb: -37.7557 170.799 1084.7
Index: -108.71 146.681 1139.51
Middle: -115.453 160.279 1174.67
Ring: -25.2225 155.816 1134.88
Little: -38.6414 185.596 1151.96
Thumb: -41.2971 177.492 1085.35
Index: -98.9477 147.75 1157.79
Middle: -98.5855 161.123 1190.2
Ring: -32.4789 157.262 1157.33
Little: -25.951 187.545 1157.4
Thumb: -45.5093 181.395 1081.99
Index: -86.5109 149.929 1163.85
Middle: -83.0347 165.506 1195.63
Ring: -30.3334 163.114 1160.92
Little: -17.9447 191.964 1154.08
Thumb: -42.0715 183.468 1079.41
Index: -25.039 113.36 1131.98
Middle: -42.1722 136.186 1203.78
Ring: -6.43358 162.513 1135.03
Little: -3.47452 190.067 1149.05
Thumb: -38.8335 183.056 1080.95
Index: -63.302 138.204 1186.68
Middle: -39.5004 141.777 1206.06
Ring: -2.72249 170.146 1117.04
Little: 1.6769 189.054 1146.18
Thumb: -38.3946 181.822 1079.27
Index: -53.9291 139.906 1187.44
Middle: -37.5208 152.537 1209.15
Ring: 2.09332 170.26 1114.92
Little: 4.01104 194.798 1145.66
Thumb: -38.6442 179.688 1078.63
Index: -47.0651 137.909 1186.59
Middle: -34.3676 156.412 1208.83
Ring: 2.56377 170.421 1112.01
Little: 6.86928 194.471 1140
Thumb: -38.7639 179.229 1079.18
Index: -42.6369 136.821 1186.4
Middle: -30.6681 156.999 1208.94
Ring: 3.35879 170.674 1110.86
Little: 7.78133 195.81 1138.67
Thumb: -39.078 180.843 1077.49
Index: -44.8395 143.475 1187.75
Middle: -29.551 160.483 1208
Ring: 4.60584 171.627 1109.3
Little: 9.99922 196.46 1136.9
Thumb: -39.3481 180.819 1075.48
Index: -39.5357 136.952 1182.57
Middle: -30.6476 160.805 1206.81
Ring: 5.85987 171.742 1108.99
Little: 10.6817 196.669 1136.66
Thumb: -36.8612 167.665 1076.19
Index: -44.0771 134.834 1188.22
Middle: -28.6532 152.786 1206.34
Ring: 2.38995 162.236 1106.37
Little: -18.1668 213.217 1123.36
Thumb: -43.1256 180.457 1074.04
Index: -40.588 139.041 1186.27
Middle: -24.642 156.002 1205.82
Ring: 6.48951 167.14 1106.05
Little: -0.269354 208.601 1133.1
Thumb: -43.3163 182.032 1074.47
Index: -36.6335 144.79 1186.93
Middle: -20.1415 162.555 1204.98
Ring: 4.92992 171.669 1103.32
Little: 4.06919 208.519 1132.69
Thumb: -42.2154 181.966 1072.6
Index: -38.6578 147.428 1185.96
Middle: -20.4996 163.472 1203.34
Ring: 4.96828 172.098 1101.95
Little: 6.44025 204.939 1130.27
Thumb: -33.4362 184.59 1074.23
Index: -37.8622 145.22 1184.01
Middle: -21.8543 162.971 1203.37
Ring: 6.65498 172.866 1102.71
Little: 12.9867 198.699 1130.76
Thumb: -28.7662 180.556 1075.88
Index: -36.0394 143.427 1183.51
Middle: -20.9585 162.26 1203.57
Ring: 7.44342 172.348 1103.48
Little: 10.967 201.79 1131.82
Thumb: -18.0088 181.208 1076.52
Index: -35.003 154.301 1183.39
Middle: -18.4114 172.754 1201.5
Ring: 11.2261 176.172 1101.87
Little: 16.618 207.058 1130.83
Thumb: -17.0398 180.015 1076.69
Index: -33.6427 152.284 1182.31
Middle: -16.0199 168.94 1201.5
Ring: 11.2415 176.041 1101.77
Little: 13.5347 211.763 1131.29
Thumb: -17.1444 179.988 1076.5
Index: -33.7041 152.528 1182.28
Middle: -15.7365 168.711 1201.22
Ring: 13.8578 168.159 1125.91
Little: 13.9695 211.112 1131.18
Thumb: -17.0998 179.989 1076.45
Index: -33.8763 152.903 1182.4
Middle: -15.6697 168.76 1201.18
Ring: 13.8822 168.147 1125.85
Little: 16.379 207.441 1130.73
Thumb: -16.9552 179.72 1076.48
Index: -33.8403 152.997 1182.46
Middle: -15.443 168.626 1201.1
Ring: 13.8832 168.097 1125.93
Little: 14.2041 211.014 1130.21
Thumb: -11.8481 177.71 1078.3
Index: -34.0778 155.748 1183
Middle: -15.2762 170.934 1202.13
Ring: 13.9736 167.001 1127.53
Little: 23.4832 203.667 1128.21
Thumb: -11.8018 177.702 1078.29
Index: -34.4176 156.353 1183.34
Middle: -15.3671 171.157 1202.18
Ring: 14.1404 167.885 1127.35
Little: 23.5768 203.485 1128.44
Thumb: -12.5682 178.141 1078.09
Index: -34.3203 156.502 1183.42
Middle: -14.2083 169.616 1201.62
Ring: 14.1703 167.235 1126.61
Little: 23.5675 203.592 1128.24
Thumb: -14.0605 179.013 1077.59
Index: -34.3397 156.554 1183.4
Middle: -16.449 173.376 1202.77
Ring: 14.1354 167.918 1126.58
Little: 23.6322 203.456 1128.35
Thumb: -14.0652 178.856 1077.15
Index: -34.723 157.371 1183.73
Middle: -16.4464 173.673 1202.34
Ring: 14.144 167.94 1126.16
Little: 11.6612 224.872 1127.51
Thumb: -14.0234 178.99 1077.5
Index: -35.6086 157.48 1184.02
Middle: -17.1916 173.239 1202.63
Ring: 14.6969 167.799 1126.92
Little: 20.688 204.81 1127.93
Thumb: -16.1818 180.478 1078.09
Index: -36.9596 159.566 1184.57
Middle: -18.5995 175.722 1202.97
Ring: 12.0834 170.613 1130.65
Little: 17.5497 207.401 1127.59
Thumb: -18.4149 181.963 1077.21
Index: -38.5253 164.26 1185.04
Middle: -19.2044 179.774 1202.31
Ring: 11.4799 170.838 1131.23
Little: 16.0532 208.976 1125.42
Thumb: -18.8074 182.686 1077.44
Index: -44.2864 172.593 1187.12
Middle: -19.7523 179.29 1202.67
Ring: 11.331 170.772 1132.52
Little: 16.0461 208.99 1126.22
Thumb: -21.5175 185.069 1076.5
Index: -45.0871 173.816 1187.2
Middle: -19.8822 179.354 1202.65
Ring: 11.2594 170.746 1132.49
Little: 16.0622 208.931 1126.24
Thumb: -28.9308 185.07 1076.56
Index: -45.6892 170.917 1187.71
Middle: -17.3823 173.23 1201.65
Ring: 7.7888 169.777 1142.52
Little: 12.8779 210.226 1125.66
Thumb: -30.8697 189.785 1078.41
Index: -45.7309 160.449 1186.82
Middle: -26.3632 174.622 1205.18
Ring: 3.06216 170.848 1146.7
Little: 9.59666 207.949 1130.32
Thumb: -34.4224 187.049 1077.67
Index: -47.2628 161.707 1185.43
Middle: -27.9914 177.093 1203.57
Ring: 0.016819 173.688 1134.98
Little: 3.46203 210.867 1126.9
Thumb: -40.8835 192.937 1078.21
Index: -50.3966 164.122 1188.37
Middle: -28.7974 176.311 1204.68
Ring: -3.18198 174.131 1133.38
Little: 2.57858 209.947 1127.92
Thumb: -47.0392 193.246 1081.57
Index: -58.5806 165.326 1191.22
Middle: -36.9295 177.681 1206.91
Ring: -12.0571 179.334 1133.26
Little: -9.26163 215.188 1130.51
