Thumb: 18.6688 46.3597 1088.63
Index: 91.33 13.5163 1099.68
Middle: 131.493 24.3002 1087.29
Ring: 154.462 71.008 1054.17
Little: 173.354 108.922 1061.13
Thumb: -23.3073 70.8591 1130.03
Index: 78.1183 10.6981 1061.14
Middle: 119.94 27.6759 1053.33
Ring: 142.082 65.2045 1048.62
Little: 153.502 113.578 1044.36
Thumb: -9.39437 72.3281 1122.58
Index: 84.7026 14.6913 1062.58
Middle: 123.636 29.1904 1056.67
Ring: 144.555 64.1116 1052.85
Little: 157.517 111.534 1049.06
Thumb: -1.47974 71.9006 1122.11
Index: 89.1413 14.9926 1063.95
Middle: 126.306 28.7562 1058.23
Ring: 145.125 61.3425 1054.7
Little: 159.134 109.812 1050.31
Thumb: 3.46612 72.4942 1122.29
Index: 92.1397 17.7994 1062.56
Middle: 126.848 30.5534 1056.02
Ring: 144.447 62.2445 1052.15
Little: 156.413 106.222 1048.52
Thumb: 11.9794 72.6142 1119.21
Index: 97.8617 23.8985 1063.74
Middle: 128.404 33.823 1059.5
Ring: 144.456 63.7505 1058.54
Little: 156.025 106.927 1056.24
Thumb: 18.3722 78.2115 1118.53
Index: 101.781 26.702 1063.36
Middle: 129.55 31.7058 1057.76
Ring: 145.166 57.4757 1057.85
Little: 159.163 98.1472 1054.87
Thumb: 24.3968 80.7851 1114.68
Index: 104.168 28.0431 1065.07
Middle: 132.589 32.6092 1062.36
Ring: 145.783 56.7161 1061.09
Little: 159.764 96.9266 1058.01
Thumb: 25.9296 78.6046 1112.41
Index: 108.623 32.3195 1064
Middle: 137.138 38.4672 1062.03
Ring: 147.618 61.5067 1062.52
Little: 158.541 100.183 1061.5
Thumb: 29.48 76.8531 1111.43
Index: 112.25 33.5925 1063.22
Middle: 140.795 40.2674 1062.39
Ring: 149.383 61.9453 1062.58
Little: 158.61 99.2186 1062.24
Thumb: 34.1422 79.0161 1110.19
Index: 113.076 34.459 1063.07
Middle: 141.596 41.2394 1062.45
Ring: 149.096 61.8107 1062.71
Little: 158.309 98.968 1062.52
Thumb: 35.2942 79.8993 1109.7
Index: 113.087 34.5382 1063.13
Middle: 141.621 41.3461 1062.53
Ring: 149.079 61.8766 1062.81
Little: 156.811 97.058 1062.71
Thumb: 36.2022 78.3568 1110.44
Index: 111.942 32.9904 1063.48
Middle: 140.642 39.8331 1063.39
Ring: 148.218 60.3612 1063.95
Little: 156.167 95.6069 1064.1
Thumb: 34.2543 83.0559 1109.5
Index: 107.882 33.4371 1067.86
Middle: 136.894 39.3306 1069.02
Ring: 145.081 59.4852 1069.55
Little: 152.579 92.5227 1069.44
Thumb: 29.5023 85.2664 1107.93
Index: 101.18 32.0967 1068.39
Middle: 130.23 37.1171 1069.89
Ring: 138.883 56.8926 1070.67
Little: 146.986 89.2961 1070.63
Thumb: 27.5932 87.5188 1103.71
Index: 92.8629 29.3806 1064.17
Middle: 122.359 33.3066 1066.89
Ring: 131.816 52.874 1067.7
Little: 141.279 85.0664 1068.45
Thumb: 21.9913 88.6745 1100
Index: 83.7523 29.3955 1058.61
Middle: 113.221 31.5341 1062.51
Ring: 123.463 50.4147 1065.42
Little: 134.765 82.5173 1067.88
Thumb: 15.8232 87.0735 1101.84
Index: 77.5028 27.3801 1060.2
Middle: 107.314 28.83 1062.58
Ring: 118.056 47.0817 1064.44
Little: 129.588 77.7458 1066.3
Thumb: 5.25667 84.9607 1104.7
Index: 68.589 24.4271 1063.79
Middle: 98.1501 24.7356 1068.95
Ring: 109.693 42.7534 1070.96
Little: 122.886 73.5069 1072.24
Thumb: 1.13798 83.9365 1105.2
Index: 59.0262 19.4364 1061.67
Middle: 88.0544 19.0419 1065.11
Ring: 100.343 37.6175 1065.61
Little: 114.371 68.4155 1068.02
Thumb: -10.0822 82.8138 1107.98
Index: 48.479 19.0878 1065
Middle: 77.3082 18.8819 1067.21
Ring: 90.0182 37.5817 1068.5
Little: 104.444 68.8994 1069.31
Thumb: -17.329 78.5578 1104.89
Index: 36.5207 41.9616 1037.98
Middle: 72.5524 15.3924 1066.14
Ring: 84.7494 34.0825 1067.59
Little: 99.0089 65.6769 1070.05
Thumb: -23.4229 82.2033 1107.45
Index: 35.2497 18.408 1063.29
Middle: 64.7532 17.5876 1064.71
Ring: 77.3997 35.5662 1065.67
Little: 91.6661 65.8611 1066.3
Thumb: -30.8931 86.4476 1109
Index: 25.7371 19.5149 1065.35
Middle: 55.207 17.2069 1067.51
Ring: 68.435 34.5933 1067.96
Little: 83.99 64.3411 1067.84
Thumb: -35.9439 82.859 1104.53
Index: 19.4124 14.4675 1061.32
Middle: 48.8284 11.9489 1062.89
Ring: 62.2767 28.9747 1064.54
Little: 78.0614 58.2081 1066.28
Thumb: -16.2966 103.05 1089.55
Index: -13.8098 81.5931 1072.16
Middle: 14.2584 47.5122 1040.35
Ring: 56.0157 26.3967 1065.79
Little: 69.6949 59.6808 1063.24
Thumb: -40.2505 90.7281 1094.92
Index: -19.2613 79.0888 1073.79
Middle: 37.7562 2.68751 1069.83
Ring: 50.362 21.7048 1069.15
Little: 65.7148 54.183 1067.18
Thumb: -53.9309 82.5725 1100.47
Index: -25.1486 78.4067 1073.05
Middle: 28.1319 -0.190937 1065.79
Ring: 42.6234 19.1881 1065.22
Little: 58.3516 50.8681 1063.88
Thumb: -63.6043 77.9982 1105.11
Index: -29.4932 79.1423 1073.73
Middle: 20.1978 -1.25632 1065.78
Ring: 36.5064 18.4497 1067.44
Little: 52.9887 50.3042 1066.93
Thumb: -75.065 76.8036 1106.64
Index: -37.3335 80.1253 1073.19
Middle: 12.2148 -3.23111 1064.75
Ring: 30.6205 15.5495 1065.79
Little: 47.7975 45.3419 1065.27
Thumb: -89.0973 75.1637 1109.44
Index: -43.2089 78.5047 1073.12
Middle: 6.51289 -3.65855 1063.23
Ring: 25.4971 15.0258 1064.57
Little: 43.033 43.7768 1065.78
Thumb: -98.5493 73.0424 1112.75
Index: -51.0314 75.9557 1074.27
Middle: 0.882866 -4.8152 1064.28
Ring: 20.8973 13.905 1065.64
Little: 37.6829 41.5046 1066.73
Thumb: -106.263 76.213 1114.94
Index: -56.1854 41.3003 1046.03
Middle: -6.74111 -5.14383 1065.79
Ring: 15.4551 14.6773 1065.49
Little: 31.6778 42.2624 1064.63
Thumb: -114.206 75.6247 1115.26
Index: -52.7749 -3.87149 1063.96
Middle: -9.6944 -3.30725 1060.63
Ring: 13.2944 17.107 1059.91
Little: 28.5863 42.5129 1059.81
Thumb: -117.585 77.0266 1111.62
Index: -58.5973 -1.34765 1060.72
Middle: -17.7175 -0.88658 1055.72
Ring: 7.88973 20.6678 1057.78
Little: 24.1141 47.1966 1058.45
Thumb: -123.171 78.418 1109.3
Index: -64.7067 -0.783322 1056.82
Middle: -21.6744 -1.44133 1054.78
Ring: 2.96382 18.9478 1055.94
Little: 21.3848 45.7593 1057.94
Thumb: -131.07 81.6283 1113.97
Index: -71.5 -2.25678 1061.81
Middle: -28.9358 -4.10613 1056.24
Ring: -0.755314 16.8596 1058.99
Little: 19.3903 44.1188 1059.83
Thumb: -134 83.5887 1115.42
Index: -74.6998 -2.15052 1063.72
Middle: -32.6561 -4.38566 1056.92
Ring: -3.94724 16.165 1059.67
Little: 16.3497 43.1009 1059.85
Thumb: -141.669 87.2591 1118.69
Index: -78.3488 -1.08221 1062.44
Middle: -35.323 -3.98311 1057.39
Ring: -5.63653 18.158 1055.41
Little: 10.8478 42.1677 1055.09
Thumb: -145.451 84.7242 1114.5
Index: -79.2579 -2.75976 1061.24
Middle: -35.7837 -4.14275 1056.58
Ring: -4.91466 19.4408 1057.26
Little: -28.4025 104.449 1006.81
Thumb: -147.472 82.8849 1116.94
Index: -81.6043 -3.35164 1059.76
Middle: -36.4477 -3.99957 1055.34
Ring: -4.63906 21.3849 1054.86
Little: -22.7433 93.4304 1017.49
Thumb: -147.591 82.959 1116.92
Index: -81.5353 -2.8816 1060.88
Middle: -36.3669 -2.9485 1056.52
Ring: -3.35844 24.1854 1055.78
Little: -33.4141 112.516 1034.54
Thumb: -147.362 82.9658 1118.15
Index: -81.0006 -2.9317 1062.23
Middle: -34.6502 -1.99543 1057.4
Ring: -2.44059 25.2839 1056.19
Little: -33.3649 112.408 1034.12
Thumb: -146.754 81.802 1115.2
Index: -78.6771 -3.01762 1058.07
Middle: -31.2586 0.0223122 1052.79
Ring: 1.74341 29.8273 1052.19
Little: -22.9461 105.904 1071.09
Thumb: -142.161 85.8427 1114.24
Index: -76.2111 -3.61949 1064.58
Middle: -27.6244 -0.229972 1060.04
Ring: 5.70104 30.2417 1058.39
Little: -19.9763 106.847 1073.45
Thumb: -139.253 84.3251 1115.79
Index: -73.8057 -3.32628 1063.99
Middle: -23.3545 4.04292 1051.63
Ring: 8.98817 34.9202 1053.7
Little: -19.3636 110.466 1069.31
Thumb: -133.935 84.5875 1113.54
Index: -69.1906 -3.80975 1064.22
Middle: -17.9307 3.30833 1057.69
Ring: 14.0596 36.1252 1054.49
Little: -15.6989 111.243 1069.53
Thumb: -128.262 83.4563 1111.15
Index: -62.5046 -2.00237 1063.11
Middle: -12.6237 8.14552 1054.74
Ring: 19.1735 41.1527 1055.51
Little: -13.6839 114.811 1071.16
Thumb: -124.751 84.5278 1114.85
Index: -58.9488 -2.90644 1067.01
Middle: -5.94308 8.84637 1057.15
Ring: 23.1499 40.3497 1054.85
Little: -8.22787 113.033 1069.49
Thumb: -123.041 86.5521 1117.25
Index: -51.1939 0.111506 1069.52
Middle: -0.544418 11.9772 1059.88
Ring: 27.565 44.7402 1056.12
Little: -5.1855 116.562 1070.15
Thumb: -117.018 87.6718 1117.96
Index: -46.206 -0.232739 1068.09
Middle: 6.14845 12.9601 1055.51
Ring: 32.8379 43.0131 1053.2
Little: 1.63656 115.161 1067.65
Thumb: -104.581 88.4447 1117.66
Index: -38.2082 0.67762 1070.55
Middle: 9.40308 16.7738 1047.19
Ring: 37.2167 43.8846 1052.22
Little: 5.59754 116.682 1066.01
Thumb: -95.824 91.9183 1120.54
Index: -31.1176 2.39698 1072.92
Middle: 14.6181 15.6234 1051.61
Ring: 40.8032 42.1105 1051.54
Little: 11.5724 117.181 1064.41
Thumb: -86.2795 93.5051 1120.36
Index: -25.1716 3.11913 1078.3
Middle: 24.2895 13.919 1064.43
Ring: 46.3571 46.1748 1050.29
Little: 17.7939 117.764 1065.91
Thumb: -78.9963 93.3288 1116.69
Index: -16.5077 4.89728 1077.27
Middle: 23.6067 26.6902 1049.54
Ring: 54.9734 48.662 1058.27
Little: 21.3928 121.01 1070.51
Thumb: -77.53 92.6849 1122.34
Index: -9.3429 7.1289 1078.57
Middle: 38.1783 19.0593 1067.27
Ring: 60.5247 48.8642 1060.02
Little: 27.788 121.11 1072.96
Thumb: -71.9249 92.1773 1124.26
Index: -2.61328 10.7153 1079.8
Middle: 41.9845 20.5573 1070
Ring: 65.9551 50.8624 1064.98
Little: 32.5615 123.159 1077.4
Thumb: -67.7172 91.1851 1125.51
Index: 4.34336 10.1865 1078.48
Middle: 45.1901 19.2994 1065.43
Ring: 73.3067 51.6223 1063.79
Little: 40.0535 123.21 1077.8
Thumb: -59.3307 91.3279 1132.01
Index: 14.9457 12.6406 1084.44
Middle: 46.4095 15.5903 1073.5
Ring: 76.5344 49.6999 1069.08
Little: 45.0099 126.27 1080.51
Thumb: -43.8608 92.0512 1144.76
Index: 19.2465 16.4121 1083.97
Middle: 45.6074 16.3176 1071.85
Ring: 74.2 51.0893 1059.29
Little: 46.5276 129.285 1076.44
Thumb: -13.4033 116.947 1177.35
Index: 9.37538 9.90849 1130.89
Middle: 0.35172 41.3145 1078.95
Ring: 25.1286 15.2953 1085.93
Little: 39.3503 117.964 1047.67
Thumb: 5.59121 153.664 1067.27
Index: 28.043 7.17843 1108.79
Middle: 36.1158 -0.270189 1086.08
Ring: 41.6143 15.4846 1065.05
Little: 30.2493 113.466 1020.09
Thumb: 6.17616 158.085 1090.18
Index: 25.7704 11.9975 1109.31
Middle: 31.1777 2.72037 1086.78
Ring: 33.0814 15.8243 1059.27
Little: 25.5287 112.133 1013.81
Thumb: 9.78748 163.998 1091.03
Index: 29.0586 17.6473 1110.98
Middle: 34.0496 8.20312 1088.41
Ring: 34.9093 21.4673 1065.57
Little: 19.794 138.822 1025.53
Thumb: 12.8188 163.955 1097.56
Index: 33.7064 17.9912 1114.35
Middle: 38.6793 9.06966 1091.57
Ring: 39.0267 22.8811 1069.93
Little: 24.7638 138.846 1030.43
Thumb: 35.7391 99.6611 1045.83
Index: 36.501 20.4349 1110.56
Middle: 41.3019 11.6528 1087.69
Ring: 41.5589 25.6103 1066.14
Little: 20.5346 147.335 1030.59
Thumb: 37.3741 92.6833 1043.05
Index: 43.3723 16.1127 1107.46
Middle: 48.1609 7.445 1084.54
Ring: 47.9048 21.4081 1063
Little: 11.1587 146.255 1030.23
Thumb: 38.1805 84.766 1042.57
Index: 45.0811 16.339 1100.47
Middle: 50.3372 8.06579 1077.51
Ring: 40.1523 22.5151 1053.49
Little: 3.8223 139.491 1020.93
Thumb: 41.0246 82.4739 1048.44
Index: 50.22 13.2731 1109.19
Middle: 60.2626 6.45499 1087.37
Ring: 35.8385 27.2285 1052.34
Little: 28.2225 85.6965 1011.53
Thumb: 41.3507 79.6721 1068.79
Index: 46.4978 22.4477 1119.67
Middle: 58.8873 15.7468 1099.06
Ring: 14.4302 62.8192 1041.24
Little: 34.5035 95.3254 1020.19
Thumb: 45.1719 70.2511 1075.56
Index: 47.8922 21.322 1123.72
Middle: 43.8649 94.4468 1067.68
Ring: 63.6418 30.8234 1076.36
Little: 53.8481 127.484 1012.42
Thumb: 44.5704 71.4031 1078.09
Index: 42.4367 19.8738 1124.88
Middle: 39.089 90.6318 1066.81
Ring: 69.0113 29.1168 1089.29
Little: 54.4302 126.802 1015.19
Thumb: 42.9466 69.0569 1080.01
Index: 42.3773 19.8521 1125.01
Middle: 38.6069 89.936 1066.44
Ring: 70.5536 29.3997 1091.23
Little: 39.466 114.343 999.971
Thumb: 40.631 68.293 1096.59
Index: 39.7246 27.5698 1144.64
Middle: 48.6056 98.3438 1085.61
Ring: 74.4667 36.946 1117.62
Little: 62.1294 123.746 1014.82
Thumb: 37.9805 64.7399 1101.25
Index: 32.0789 109.966 1116.29
Middle: 54.3701 108.112 1103.49
Ring: 82.1375 38.189 1126.44
Little: 52.0384 134.799 1040.07
Thumb: 32.2115 69.9145 1110.44
Index: 24.9178 111.492 1112.41
Middle: 49.9634 113.347 1107.3
Ring: 83.7057 50.935 1091.81
Little: 122.356 72.6661 1099.49
Thumb: 28.4068 67.2072 1115.27
Index: 23.8909 103.321 1109.47
Middle: 59.7504 32.0361 1076.67
Ring: 89.6601 47.0543 1088.99
Little: 125.771 75.5286 1096.32
Thumb: 28.9718 84.3158 1126.95
Index: 26.8624 101.819 1091.8
Middle: 67.0149 19.7451 1076.18
Ring: 97.5512 39.3128 1090.15
Little: 131.065 81.5583 1089.76
Thumb: 29.2971 84.8995 1128.44
Index: 27.9871 96.1355 1080.55
Middle: 68.2092 18.9197 1078.51
Ring: 100.09 40.0548 1091.31
Little: 131.926 82.1698 1089.72
Thumb: 30.6194 85.3709 1127.31
Index: 28.3364 88.3423 1069.98
Middle: 70.5278 19.7425 1076.81
Ring: 99.8835 40.5027 1088.81
Little: 131.595 82.9927 1087.14
Thumb: 28.2401 80.6928 1128.07
Index: 26.6702 85.7508 1068.41
Middle: 69.1309 22.6788 1071.8
Ring: 100.434 41.3677 1083.82
Little: 132.134 84.6264 1077.83
Thumb: 27.1153 82.8339 1124.5
Index: 26.5648 80.9095 1061.44
Middle: 69.7837 22.6553 1072.41
Ring: 100.28 43.8821 1077.15
Little: 132.329 84.1044 1077.22
Thumb: 27.5463 82.7398 1123.18
Index: 25.4262 78.0401 1057.96
Middle: 68.4114 22.29 1068.17
Ring: 101.023 43.7548 1072.64
Little: 131.888 84.1679 1070.93
Thumb: 27.6123 83.0143 1119.12
Index: 24.1793 64.2862 1053.91
Middle: 67.2705 27.8009 1059.24
Ring: 99.135 43.2144 1071
Little: 131.427 85.1733 1069.58
Thumb: 25.859 83.0218 1117.54
Index: 23.7467 64.5505 1052.09
Middle: 67.7298 27.9027 1058.3
Ring: 98.9662 44.2706 1066.83
Little: 128.331 86.245 1063.12
Thumb: 25.2472 84.2868 1116.81
Index: 23.3398 65.0704 1051.44
Middle: 66.0227 31.3355 1054.85
Ring: 98.5822 44.9317 1065.4
Little: 127.839 86.0239 1061.87
Thumb: 24.8904 84.796 1115.13
Index: 23.0827 65.1038 1050.47
Middle: 66.3968 32.5434 1053.81
Ring: 98.8982 45.6738 1062.79
Little: 127.892 85.8007 1063.14
Thumb: 23.3989 85.4147 1112.86
Index: 21.2916 65.7592 1049.11
Middle: 65.3194 30.9947 1054.77
Ring: 96.9211 44.553 1064.26
Little: 125.851 86.2182 1059.76
Thumb: 23.9801 86.328 1111.02
Index: 20.6756 65.9199 1047.78
Middle: 63.3952 32.0453 1052.66
Ring: 97.3517 44.8254 1066.02
Little: 125.518 87.3789 1058.12
Thumb: 19.8359 86.2057 1112.79
Index: 19.1762 66.0458 1047.9
Middle: 61.1534 31.3449 1053.36
Ring: 95.354 43.9993 1067.04
Little: 124.93 85.5367 1061.33
Thumb: 18.5765 85.6686 1110.48
Index: 15.2334 66.9306 1048.06
Middle: 56.9807 32.7617 1050.81
Ring: 93.9664 44.7833 1068.16
Little: 121.851 83.7765 1061.28
Thumb: 15.1511 87.2041 1112.17
Index: 12.9585 67.6413 1049.89
Middle: 54.7823 33.421 1054.81
Ring: 90.0609 43.7286 1074.06
Little: 120.011 82.4136 1067.25
Thumb: 9.79321 89.8379 1116.05
Index: 9.3351 62.5678 1050.83
Middle: 51.9525 32.4488 1058.99
Ring: 88.6328 43.0259 1078.62
Little: 118.341 77.9199 1076.48
Thumb: 7.03779 91.2859 1117.86
Index: 4.88776 63.2994 1051.82
Middle: 47.8036 23.9087 1069.96
Ring: 83.8022 40.9821 1080.08
Little: 114.538 74.4895 1077.73
Thumb: 5.00286 88.1423 1116.33
Index: 1.64065 63.0888 1054.58
Middle: 43.0503 21.0833 1073.38
Ring: 81.4846 38.6899 1082.5
Little: 111.251 70.5786 1079.84
Thumb: 3.68768 89.2599 1116.17
Index: -0.834528 61.175 1054.89
Middle: 40.761 20.9176 1076.58
Ring: 75.75 37.8632 1084.1
Little: 108.729 69.3541 1084.97
Thumb: 0.0339508 89.5832 1117.3
Index: -6.1131 60.219 1055.32
Middle: 33.6708 17.9186 1078.28
Ring: 70.3604 34.4492 1083.78
Little: 103.384 63.147 1087.07
Thumb: -4.34139 86.0931 1120.66
Index: -11.4827 59.4142 1058.51
Middle: 28.2915 14.1446 1080.69
Ring: 65.5137 30.7269 1085.29
Little: 99.054 61.8456 1082.22
Thumb: -12.1027 87.024 1125.27
Index: -16.7604 53.4712 1058.24
Middle: 23.0677 13.44 1083.55
Ring: 60.3152 31.3727 1088.97
Little: 94.0578 63.5813 1088.49
Thumb: -13.689 83.856 1126.6
Index: -23.0363 54.8175 1061.36
Middle: 15.7585 9.5529 1081.17
Ring: 53.0967 27.1432 1087.48
Little: 87.3918 58.6274 1088.04
Thumb: -22.4848 82.3196 1125.33
Index: -29.1069 53.5515 1059.8
Middle: 7.20464 7.94944 1082.33
Ring: 46.4317 24.744 1089.95
Little: 80.7683 55.07 1091.07
Thumb: -28.6218 84.8251 1129.8
Index: -36.2868 53.5182 1062.26
Middle: 0.00240326 8.32544 1084.35
Ring: 38.7118 24.3741 1091.83
Little: 74.2739 54.9886 1091.02
Thumb: -35.0626 84.896 1127.9
Index: -41.4968 50.7445 1059.77
Middle: -4.85473 7.32146 1082.46
Ring: 29.6529 21.6383 1091.97
Little: 67.5763 52.2826 1092.55
Thumb: -39.1777 82.0557 1127.48
Index: -50.698 50.1649 1062.77
Middle: -11.6413 10.1104 1081.17
Ring: 23.5698 21.099 1092.86
Little: 59.8203 50.387 1092.03
Thumb: -46.0639 83.3792 1130.58
Index: -56.4198 51.2974 1062.07
Middle: -16.7804 12.4742 1076.67
Ring: 17.8361 19.1712 1095.43
Little: 52.2791 47.9065 1091.97
Thumb: -51.5101 84.494 1127.89
Index: -60.9015 52.9841 1060
Middle: -25.6722 12.3165 1075.88
Ring: 7.73142 17.7542 1095.17
Little: 46.6702 46.7835 1092.15
Thumb: -57.3463 83.5659 1126.96
Index: -66.4251 54.2483 1062.13
Middle: -34.7902 12.9026 1075.02
Ring: 3.79302 17.3876 1098.22
Little: 39.6895 45.3305 1093.5
Thumb: -63.4056 84.1367 1125.46
Index: -74.3237 54.8865 1059.84
Middle: -45.6125 8.73318 1077.76
Ring: -7.14919 16.6187 1094.35
Little: 33.0541 43.471 1095.52
Thumb: -72.9774 85.0981 1125.81
Index: -81.9544 56.9985 1059.84
Middle: -53.7901 7.02961 1082.24
Ring: -10.0219 18.9017 1089.9
Little: 24.7971 43.7816 1091.64
Thumb: -80.3479 84.9284 1127.05
Index: -88.4942 55.0981 1059.99
Middle: -59.628 7.6256 1080.75
Ring: -17.4701 18.2425 1092.48
Little: 19.0962 44.9726 1091.35
Thumb: -86.9829 86.4731 1127
Index: -94.5545 54.5053 1061.33
Middle: -63.7247 8.11288 1083.22
Ring: -22.2328 20.5826 1088.04
Little: 13.7793 45.2761 1093.35
Thumb: -88.819 81.3404 1127.73
Index: -97.8676 61.7425 1062.69
Middle: -67.1565 5.15858 1079.26
Ring: -29.7578 16.8851 1085.13
Little: 7.15274 42.6489 1088.25
Thumb: -90.4225 79.1211 1124.94
Index: -99.6668 60.525 1063.59
Middle: -66.906 5.35796 1079.45
Ring: -32.082 16.5519 1092.58
Little: 5.98463 44.1546 1093.03
Thumb: -92.8838 78.5938 1125.14
Index: -99.1097 59.0021 1063.58
Middle: -65.4652 5.57818 1079.5
Ring: -31.885 17.2044 1094.05
Little: 6.23939 45.7902 1096.23
Thumb: -90.5897 78.6308 1125.71
Index: -88.8698 75.8376 1065.37
Middle: -57.092 10.5205 1074.17
Ring: -30.6505 19.7685 1095.34
Little: 6.3159 50.1377 1100.45
Thumb: -93.0533 74.3545 1125.93
Index: -81.222 85.5837 1073.09
Middle: -44.4836 17.4815 1075.08
Ring: -24.189 22.0634 1102.36
Little: 7.05618 53.677 1110.23
Thumb: -92.3448 77.7275 1125.77
Index: -75.1154 94.4551 1074.31
Middle: -34.2337 26.9599 1082.17
Ring: -19.976 28.6389 1117.5
Little: 6.78171 63.3798 1119.01
Thumb: -78.7151 101.397 1127.81
Index: -63.6372 99.0631 1057.67
Middle: -23.5998 36.8085 1080.95
Ring: -18.5 34.113 1119.41
Little: 3.5039 67.7139 1132.78
Thumb: -87.5541 96.2381 1130.53
Index: -62.492 108.64 1060.2
Middle: -13.9893 46.6891 1085.24
Ring: -13.2563 41.263 1121.5
Little: -2.01177 71.3146 1140.69
Thumb: -74.9652 112.428 1128.85
Index: -59.1455 132.383 1049.46
Middle: -12.5014 52.9968 1085.99
Ring: -12.4652 46.6652 1126.22
Little: -7.50414 72.3341 1145.37
Thumb: -89.7449 94.1356 1126.17
Index: -55.0337 136.581 1047.78
Middle: -8.9581 54.1607 1090.57
Ring: -28.4589 106.66 1101.34
Little: -13.7184 72.7575 1148.95
Thumb: -88.6893 98.0244 1127.29
Index: -54.5197 136.971 1043.21
Middle: -9.71831 42.0491 1094.98
Ring: -5.69897 58.7615 1108.88
Little: -18.9176 68.7783 1150.39
Thumb: -74.8889 154.954 1126.21
Index: -37.8258 116.443 1046.22
Middle: -12.4741 46.2334 1110.69
Ring: -9.43209 59.438 1123.01
Little: -23.4527 72.0708 1156.12
Thumb: -75.1489 154.666 1126.71
Index: -41.8716 119.537 1047.39
Middle: -13.6437 44.9466 1112.34
Ring: -10.4523 57.97 1124.67
Little: -25.4802 70.1668 1158.56
Thumb: -75.3496 154.812 1127.01
Index: -91.5651 127.823 1076.4
Middle: -13.7641 44.9941 1113
Ring: -9.77509 58.5925 1124.37
Little: -25.1904 70.4082 1158.67
Thumb: -75.2677 154.767 1127.05
Index: -92.8358 131.22 1075.06
Middle: -13.4788 45.0487 1112.92
Ring: -7.9239 59.7368 1122.48
Little: -24.9905 70.388 1158.64
Thumb: -78.0936 153.42 1128.88
Index: -90.4618 127.992 1079.21
Middle: -4.91879 56.829 1115.32
Ring: -29.6781 55.8848 1149.97
Little: -17.0407 108.489 1138.81
Thumb: -97.114 175.324 1084.45
Index: -90.9234 128.047 1080.39
Middle: -4.26199 57.5791 1114.42
Ring: -30.2193 55.5848 1150.64
Little: -19.2575 113.71 1136.85
Thumb: -97.7679 175.258 1084.43
Index: -90.1405 126.306 1081.63
Middle: -2.94835 59.1279 1113.51
Ring: -29.3809 56.2161 1150.24
Little: -21.224 116.45 1136.73
Thumb: -98.1791 173.883 1081.35
Index: -88.591 124.399 1081.9
Middle: -0.0206718 60.3857 1113.86
Ring: -28.4883 57.201 1152.82
Little: -21.8199 117.999 1138.18
Thumb: -97.8547 174.151 1082.01
Index: -88.3607 123.959 1082.06
Middle: 0.7715 61.2179 1112.78
Ring: -28.4141 57.2446 1152.75
Little: -21.8149 117.994 1138.18
Thumb: -95.8867 175.502 1086.16
Index: -90.0836 127.694 1080.51
Middle: 2.16236 63.3959 1112.64
Ring: -28.4843 57.1945 1152.82
Little: -21.8157 117.988 1138.18
Thumb: -97.1499 175.481 1085.15
Index: -88.2311 126.859 1078.92
Middle: 2.78255 68.6924 1110.5
Ring: -28.7961 55.2121 1154.41
Little: -19.6981 119.869 1136.44
Thumb: -93.5808 172.155 1096.27
Index: -82.5052 116.843 1085.98
Middle: 6.46524 67.2737 1113.79
Ring: -29.9558 50.3634 1161.22
Little: -22.5739 121.546 1139.94
Thumb: -93.9098 172.097 1095.55
Index: -82.5041 116.838 1085.98
Middle: 7.18195 69.9196 1111.74
Ring: -26.7866 51.7747 1158.99
Little: -21.0146 120.171 1140.21
Thumb: -73.7517 144.999 1137.85
Index: -83.4101 113.279 1091.83
Middle: 8.94095 74.8121 1106.66
Ring: -19.2182 53.4668 1157.82
Little: -25.8025 121.417 1142.89
Thumb: -98.0683 161.101 1085.83
Index: -81.5821 110.841 1091.18
Middle: 11.2604 75.7589 1105.08
Ring: -15.2907 54.2605 1155.16
Little: -36.4402 124.951 1144.6
Thumb: -97.5633 161.252 1087.37
Index: -79.7529 110.83 1092.83
Middle: 13.3999 75.6619 1107.75
Ring: -11.8295 60.4663 1153.28
Little: -36.5762 126.594 1146.45
Thumb: -90.2825 163.148 1099.4
Index: -66.7667 118.259 1089.32
Middle: 2.32321 51.2833 1142.03
Ring: 3.41551 84.6191 1137.46
Little: -42.8447 125.298 1161.02
Thumb: -90.6798 162.57 1099.75
Index: -38.9513 119.506 1070.4
Middle: 4.68056 45.4239 1145.46
Ring: 13.5272 74.2692 1139.36
Little: -3.32327 74.3113 1182.56
Thumb: -91.7566 161.49 1096.31
Index: -35.9832 118.967 1065.75
Middle: 4.07735 42.5768 1143.83
Ring: 4.49637 52.0788 1160.02
Little: 2.0913 73.2956 1176.72
Thumb: -90.5027 160.25 1094.18
Index: -32.1712 114.31 1065.25
Middle: 7.45701 42.4882 1139.49
Ring: 12.0744 53.2064 1151.92
Little: 4.37773 71.7269 1174.6
Thumb: -84.7663 162.073 1095.55
Index: -30.0308 111.361 1063.58
Middle: 13.4384 44.5699 1128.72
Ring: 15.982 56.6291 1141.32
Little: 2.41805 67.9943 1173.68
Thumb: -79.6833 160.262 1093.09
Index: -29.4909 108.86 1061.21
Middle: 9.96354 61.0039 1113.96
Ring: 15.3555 59.8238 1136.11
Little: 0.184847 65.8062 1173.92
Thumb: -80.8784 155.399 1085.62
Index: -26.4946 106.653 1057.54
Middle: 11.628 56.956 1109.59
Ring: 19.7523 54.6604 1130.78
Little: 6.39788 61.6536 1168.48
Thumb: -75.2092 156.044 1088.04
Index: -22.7332 105.286 1059.05
Middle: 12.5299 55.2689 1109.25
Ring: 22.6856 52.2282 1128.78
Little: 7.80394 57.6871 1167.91
Thumb: -72.1717 157.267 1086.83
Index: -18.5884 102.63 1058.37
Middle: 14.7958 56.3331 1106.88
Ring: 23.623 51.0342 1128.95
Little: 7.65903 57.5724 1167.27
Thumb: -69.9195 155.739 1084.3
Index: -17.261 105.83 1054.88
Middle: 18.4518 49.6335 1110.2
Ring: 26.9892 50.9878 1127.46
Little: 11.5865 57.8031 1165.42
Thumb: -70.4635 154.447 1081.89
Index: -16.8063 106.812 1053.5
Middle: 22.6258 53.4489 1108.83
Ring: 30.1126 55.2447 1127.07
Little: 15.8639 61.7422 1165.48
Thumb: -70.927 153.014 1078.61
Index: -15.3855 104.716 1052.17
Middle: 25.192 56.9011 1104.17
Ring: 34.0421 58.5987 1121.92
Little: 18.5642 63.3461 1163.94
Thumb: -63.5958 158.815 1083.94
Index: -15.7901 107.359 1050.8
Middle: 27.2895 59.3947 1103.83
Ring: 32.9083 67.0621 1118.82
Little: 25.8982 71.1649 1157.02
Thumb: -61.4529 156.718 1078.65
Index: -12.9004 103.799 1047.7
Middle: 34.2173 60.9347 1106.66
Ring: 33.0242 76.8841 1117.81
Little: 30.6052 80.0571 1156.5
Thumb: -61.1452 154.442 1076.09
Index: -6.93423 99.2768 1049.4
Middle: 39.4295 65.7525 1104.66
Ring: 31.7838 89.707 1109.65
Little: 37.4731 85.1327 1154.81
Thumb: -54.2276 155.93 1077.67
Index: -4.70119 97.8211 1049.08
Middle: 39.0573 72.7153 1096.76
Ring: 30.8213 94.0719 1107.12
Little: 42.1693 99.038 1136.25
Thumb: -52.7817 154.24 1075.6
Index: 2.08979 95.4837 1050.48
Middle: 39.8657 77.7767 1095.72
Ring: 34.2429 94.2859 1109.71
Little: 45.3595 102.058 1134.87
Thumb: -50.7774 154.255 1075.7
Index: 4.35224 96.6688 1047.71
Middle: 41.0877 83.1165 1088.53
Ring: 37.7635 95.174 1107.08
Little: 48.3201 103.463 1132.03
Thumb: -49.429 154.535 1076.23
Index: 5.46429 99.2063 1046.39
Middle: 45.0763 84.7894 1089.44
Ring: 40.8075 97.832 1107.16
Little: 32.9227 134.66 1100.92
Thumb: -57.826 141.808 1068.88
Index: 4.24966 98.0971 1050.63
Middle: 46.4742 85.4738 1107.43
Ring: 43.1141 103.149 1116.22
Little: 41.9642 133.022 1109.37
Thumb: -18.7883 85.1489 1128.15
Index: 5.83129 98.1416 1049.56
Middle: 47.8655 85.9055 1105.7
Ring: 45.1507 102.963 1115.39
Little: 43.293 133.657 1107.23
Thumb: -13.7538 83.8534 1125.78
Index: 7.36269 97.2183 1051.29
Middle: 49.6076 85.2166 1105.37
Ring: 45.5493 102.468 1116.42
Little: 44.6571 132.453 1109.32
Thumb: -10.2028 81.8483 1125.32
Index: 11.7872 94.3763 1053
Middle: 50.893 85.3503 1104.32
Ring: 46.4466 104.74 1110.99
Little: 47.295 133.207 1105.34
Thumb: -8.52723 82.1135 1124.66
Index: 17.4434 92.2558 1057.35
Middle: 48.8567 88.3773 1104.24
Ring: 49.3087 104.745 1112.61
Little: 50.2343 133.072 1107.49
Thumb: -8.38451 80.4601 1127.98
Index: 18.9656 88.9976 1067.72
Middle: 51.6326 88.2102 1106.79
Ring: 51.932 103.708 1117.79
Little: 51.6747 132.931 1110.9
Thumb: -6.5818 76.3592 1125.29
Index: 45.0776 72.0959 1080.01
Middle: 48.1792 91.4502 1102.28
Ring: 52.0103 103.549 1117.7
Little: 45.3993 139.045 1102.51
Thumb: -8.51611 116.311 1115.56
Index: 48.5966 69.8107 1082.95
Middle: 48.6913 93.3551 1097.45
Ring: 60.84 96.6474 1123.83
Little: 22.8619 139.011 1132.42
Thumb: -13.4276 115.193 1112.96
Index: 44.1362 73.177 1071.84
Middle: 42.0221 96.5961 1088.23
Ring: 55.5956 95.085 1118.56
Little: 17.4119 147.62 1108.9
Thumb: -17.3445 113.818 1112.16
Index: 43.024 72.738 1070.65
Middle: 43.6492 94.1804 1087.23
Ring: 53.2114 92.3721 1118.52
Little: 25.7741 155.134 1084.16
Thumb: -19.0789 114.318 1110.63
Index: 47.4515 61.3399 1082.88
Middle: 43.6558 90.8516 1089.58
Ring: 53.0397 66.6635 1158.76
Little: 26.8947 153.26 1083.6
Thumb: -38.8212 145.827 1073.8
Index: 47.4258 54.5155 1094.55
Middle: 43.4962 89.619 1091.82
Ring: 52.9749 66.6803 1158.84
Little: 27.5143 153.285 1082.95
Thumb: -33.216 156.264 1075.28
Index: 53.1212 64.2005 1050.76
Middle: 31.0186 82.8083 1082.57
Ring: 49.7775 46.6827 1131.95
Little: 37.8087 66.591 1153.8
Thumb: -36.7786 155.918 1067.22
Index: 52.7052 57.4124 1056.96
Middle: 24.7382 85.4834 1083.24
Ring: 48.48 46.1485 1132.87
Little: 39.1232 66.9412 1152.51
Thumb: -37.7525 155.643 1063.65
Index: 48.7703 49.4945 1063.96
Middle: 25.6552 82.645 1082.79
Ring: 59.0128 50.6707 1118.93
Little: 37.7866 65.3032 1151.23
Thumb: -33.4464 156.812 1071.3
Index: 46.4886 45.4338 1067.94
Middle: 25.8942 81.7544 1083.15
Ring: 58.1863 49.3385 1120.08
Little: 38.8037 65.1514 1151.29
Thumb: -30.1443 155.818 1079.61
Index: 40.4001 40.6979 1066.51
Middle: 50.2216 60.7803 1079.26
Ring: 56.4221 44.3123 1114.66
Little: 38.3574 59.1461 1148.01
Thumb: -29.2202 160.628 1086.29
Index: 29.0273 37.8072 1076.88
Middle: 48.0004 50.4797 1089.11
Ring: 51.4743 55.6378 1108.53
Little: 41.4837 62.9763 1147.53
Thumb: -25.6138 161.408 1092.47
Index: 22.5423 36.7868 1071.99
Middle: 43.3522 39.2052 1090.48
Ring: 6.15695 111.204 1092.73
Little: 45.1285 59.8383 1138.22
Thumb: -37.3004 164.522 1082.05
Index: 18.4244 35.6822 1068.49
Middle: 39.3649 33.3457 1092.88
Ring: 36.273 88.1349 1070.58
Little: 49.7386 59.0262 1133.73
Thumb: -15.695 154.285 1103.69
Index: 16.2897 34.5589 1075.61
Middle: 38.9019 30.2476 1103.4
Ring: 34.9021 88.6187 1069.83
Little: 54.1542 61.8644 1132.53
Thumb: -20.3524 161.183 1098.27
Index: 12.5364 34.9585 1075.3
Middle: 37.3245 28.3172 1102.88
Ring: 27.3035 97.3851 1067.96
Little: 57.6901 60.2708 1125.99
Thumb: -14.5795 159.425 1106.33
Index: 11.7861 34.8014 1084.14
Middle: 38.2123 30.1087 1111.33
Ring: 24.0111 100.941 1074.49
Little: 59.7585 63.3329 1130.18
Thumb: -2.94503 143.608 1115.04
Index: 4.89311 36.6062 1081.7
Middle: 35.6417 32.836 1093.84
Ring: 5.79221 114.273 1107.21
Little: 62.283 64.2997 1111.36
Thumb: -6.18089 149.342 1114.29
Index: -3.33555 51.2837 1075.71
Middle: 36.5041 31.3905 1098.18
Ring: 6.32105 114.467 1108.46
Little: 62.5789 64.1594 1112.92
Thumb: -7.76767 151.202 1115.01
Index: -5.88812 57.0694 1077.94
Middle: 38.7103 30.9668 1101.89
Ring: 6.7042 114.345 1109.82
Little: 64.6343 63.5869 1118.76
Thumb: -12.8079 153.197 1113.51
Index: -7.37695 60.0861 1080.3
Middle: 35.7294 37.1271 1091.14
Ring: 7.26167 113.924 1110.14
Little: 65.3366 63.2166 1118.01
Thumb: -5.14159 140.242 1119.43
Index: -7.80533 58.4935 1078.66
Middle: 35.6513 34.7573 1086.5
Ring: 8.38968 110.457 1108.73
Little: 66.4408 59.2521 1113.16
Thumb: -3.2955 135.765 1119.52
Index: -8.38054 57.626 1074.46
Middle: 35.9801 32.1049 1079.65
Ring: 9.27254 106.092 1106.99
Little: 67.3125 54.6837 1107.24
Thumb: -0.484467 127.443 1117.34
Index: -9.73479 52.8233 1072.77
Middle: 30.6159 33.7481 1067.36
Ring: 9.81348 101.913 1103.92
Little: 67.0628 50.8599 1096.01
Thumb: -3.90376 133.513 1115.16
Index: -7.81639 48.5825 1058.31
Middle: 28.9549 36.4054 1065.05
Ring: 9.8221 101.896 1103.85
Little: 66.6788 51.3711 1092.88
Thumb: -2.87662 131.866 1111.85
Index: -5.44466 45.3394 1052.63
Middle: 28.7012 36.8606 1056.6
Ring: 12.1827 99.1327 1099.44
Little: 68.5765 48.5419 1085.19
Thumb: -7.00553 134.184 1110.29
Index: -24.0528 92.2409 1028.9
Middle: 27.644 42.1088 1049.87
Ring: 13.5379 97.1677 1097.77
Little: 70.6635 47.7832 1081.89
Thumb: -0.498878 129.293 1109.36
Index: -28.8736 99.336 1031.13
Middle: 25.7391 43.2435 1045.24
Ring: 14.4408 96.3386 1094.85
Little: 69.8756 47.9282 1073.85
Thumb: 1.77513 126.48 1108.95
Index: -30.5638 99.9891 1027.86
Middle: 25.6852 43.4511 1045.18
Ring: 14.4563 96.3394 1094.84
Little: 67.9173 51.0261 1067.71
Thumb: 5.31392 121.223 1108.25
Index: -29.4196 98.3409 1014.76
Middle: 23.0043 48.7556 1039.81
Ring: 14.6225 93.7294 1092.96
Little: 67.8648 50.3295 1062.78
Thumb: 2.30449 125.03 1107.34
Index: -26.845 93.8289 1010.04
Middle: 24.2084 50.5896 1038.16
Ring: 15.5907 93.9173 1092.18
Little: 67.9165 54.2231 1058
Thumb: 1.66813 126.019 1107.28
Index: -26.3378 94.2225 1007.79
Middle: 25.965 49.7684 1037.03
Ring: 15.6332 94.0573 1091.86
Little: 68.0179 55.2774 1057.11
Thumb: 3.00373 125.874 1106.37
Index: -25.5311 96.6643 1006
Middle: 26.9696 51.4052 1033.35
Ring: 17.5512 93.8481 1089.84
Little: 69.3063 56.0516 1053.12
Thumb: 6.26698 126.493 1101.35
Index: -32.2244 124.669 1032.5
Middle: 30.9985 48.336 1030.18
Ring: 19.0863 94.4758 1085.43
Little: 70.9759 57.7543 1048.98
Thumb: 11.8997 123.244 1099.68
Index: -31.5557 128.326 1034.46
Middle: 30.7858 49.7853 1026.62
Ring: 19.8914 94.3381 1082.79
Little: 68.1809 63.5987 1040.81
Thumb: 15.1972 120.226 1097.02
Index: -19.1075 129.012 1042.85
Middle: 29.8861 51.927 1026.27
Ring: 20.6533 93.8565 1081.2
Little: 63.2009 72.336 1040.6
Thumb: 17.2089 120.471 1096.4
Index: -14.3541 127.916 1036.32
Middle: 30.1895 52.3719 1027.13
Ring: 22.6721 92.6703 1081.43
Little: 60.24 78.1861 1039.89
Thumb: 18.4159 121.573 1093.42
Index: -13.2992 129.411 1036.85
Middle: 33.758 51.5713 1029.4
Ring: 22.966 96.0154 1081.84
Little: 64.6757 76.295 1037.12
Thumb: 20.9007 124.452 1092.01
Index: -11.549 128.897 1038.22
Middle: 33.165 53.8012 1028.13
Ring: 22.7292 96.8095 1080.4
Little: 65.8322 75.852 1036.58
Thumb: 21.0819 124.594 1092.11
Index: -15.5051 97.5667 1074.97
Middle: 33.2175 52.5106 1028.31
Ring: 22.721 96.6768 1080.37
Little: 65.52 75.257 1036.44
Thumb: 23.2748 124.697 1088.76
Index: -10.2716 112.713 1068.91
Middle: 33.1426 53.1058 1028.83
Ring: 24.2317 97.462 1079.39
Little: 65.7795 75.5409 1036.24
Thumb: 23.3283 124.597 1088.69
Index: -9.47262 115.584 1066.71
Middle: 35.1614 50.1032 1026.06
Ring: 24.2455 97.4909 1079.39
Little: 65.9362 75.375 1036.19
Thumb: 23.2579 124.678 1088.68
Index: -4.53363 126.638 1036.53
Middle: 35.3319 49.7768 1026.12
Ring: 24.2236 97.4642 1079.38
Little: 65.8676 75.4165 1036.06
Thumb: 23.3139 124.641 1088.74
Index: -4.52396 126.616 1036.32
Middle: 35.5229 49.5814 1026.1
Ring: 24.2391 97.4925 1079.35
Little: 65.9987 75.3094 1035.78
Thumb: 23.7581 125.476 1088.69
Index: -12.9616 101.516 1079.86
Middle: 35.2298 51.0118 1025.88
Ring: 24.8832 98.0724 1078.91
Little: 69.6664 71.0592 1035.72
Thumb: 24.3486 128.303 1091.66
Index: -11.0342 106.196 1080.5
Middle: 40.0824 47.9159 1030.41
Ring: 26.1152 99.6316 1081.11
Little: 70.5845 73.7599 1037.91
Thumb: 24.2381 128.862 1096.48
Index: -11.3732 104.971 1085.44
Middle: 40.8666 47.4823 1035.62
Ring: 26.0924 99.9502 1085.65
Little: 72.1246 72.5128 1052.83
Thumb: 24.6519 127.152 1104.06
Index: -4.48205 125.548 1070
Middle: 43.6208 43.7857 1045.52
Ring: 26.6152 98.5196 1093.97
Little: 72.8163 71.3954 1062.09
Thumb: 22.7641 81.0108 1119.32
Index: -4.94663 126.293 1076.17
Middle: 42.243 41.0708 1051.84
Ring: 26.1517 98.6819 1099.41
Little: 76.4566 62.2627 1071.83
Thumb: 26.4864 81.3032 1126.68
Index: -4.49876 125.907 1083.05
Middle: 60.7896 42.7481 1072.17
Ring: 58.8996 76.9811 1088.4
Little: 45.0792 122.286 1053.85
Thumb: 27.0395 82.5758 1133.69
Index: -4.61357 117.783 1087.47
Middle: 63.997 49.0716 1088.56
Ring: 75.8697 72.5319 1097.51
Little: 42.8351 129.142 1058.32
Thumb: 24.4853 92.1129 1141.09
Index: -6.90546 113.606 1098.25
Middle: 74.3196 45.4501 1107.58
Ring: 90.8577 60.8497 1137.75
Little: 40.14 134.067 1066.18
Thumb: 17.656 96.5015 1150.33
Index: -11.587 102.848 1114.65
Middle: 73.7308 41.5139 1133.48
Ring: 86.6619 66.9971 1149.37
Little: 39.4276 134.321 1070.58
Thumb: 12.6437 99.7504 1154.7
Index: -14.9693 107.364 1115.97
Middle: 68.6657 43.3003 1155.12
Ring: 82.5467 70.5711 1155.47
Little: 35.5749 138.79 1076.81
Thumb: 8.16104 105.828 1155.55
Index: -20.8715 111.533 1120.21
Middle: 60.5161 50.275 1141.93
Ring: 76.4873 73.6794 1159.34
Little: 28.175 142.047 1080.38
Thumb: 2.63034 113.233 1159.39
Index: -24.8323 118.305 1122.99
Middle: 57.1932 52.8707 1152.28
Ring: 73.5138 83.0367 1158.53
Little: 23.4409 146.93 1085.03
Thumb: -0.0254307 107.589 1161.05
Index: -27.8223 123.78 1121.9
Middle: 44.4585 40.812 1159.36
Ring: 70.515 84.4864 1164.54
Little: 22.6534 147.727 1086.1
Thumb: -6.20719 110.348 1161.75
Index: -30.975 129.182 1117.43
Middle: 38.1564 45.196 1156.53
Ring: 64.662 89.6168 1171.17
Little: 20.5126 150.583 1088.33
Thumb: -16.903 109.403 1155.21
Index: -35.3189 130.897 1115.35
Middle: 32.2387 45.3069 1155.93
Ring: 58.7034 89.6811 1173.07
Little: 15.6805 152.615 1088.3
Thumb: -21.8646 111.899 1155.46
Index: -39.0549 130.557 1114.1
Middle: 29.3572 44.4943 1154.41
Ring: 55.8826 89.1923 1170.63
Little: 11.5019 152.515 1086.01
Thumb: -26.6082 108.303 1152.09
Index: -42.3256 130.028 1110.04
Middle: 23.8705 38.145 1163.37
Ring: 51.2142 84.4933 1164.39
Little: 7.21862 152.887 1085.52
Thumb: -30.9478 109.118 1147.93
Index: -45.703 127.808 1107.58
Middle: 17.5639 33.364 1159.39
Ring: 45.0035 78.9193 1164.85
Little: 6.60055 150.927 1083.47
Thumb: -33.9342 100.846 1140.84
Index: -46.4111 128.015 1101.03
Middle: 4.62749 23.9479 1152.91
Ring: 34.1889 65.0949 1162.63
Little: 6.94143 146.493 1083.99
Thumb: -40.283 99.1492 1136.67
Index: -48.575 127.51 1095.76
Middle: 1.41148 25.7246 1135.05
Ring: 26.989 58.6417 1155.86
Little: 5.35141 145.063 1081.74
Thumb: -40.6722 96.6187 1133.02
Index: -48.8191 126.6 1094.24
Middle: 11.8096 37.0234 1136.56
Ring: 21.7333 54.1351 1158.24
Little: 4.9329 144.067 1082.56
Thumb: -39.5285 94.8637 1131.01
Index: -49.9414 122.837 1094.47
Middle: 11.0679 35.271 1135.03
Ring: 19.9021 50.156 1157.16
Little: 3.57241 141.522 1080.98
Thumb: -35.3393 88.0724 1130.16
Index: -46.364 123.606 1084.73
Middle: 13.1843 33.34 1114.79
Ring: 21.5034 46.3198 1147.03
Little: 3.40346 138.462 1076.98
Thumb: -36.6629 88.1009 1131.09
Index: -41.8532 124.221 1078.24
Middle: 20.953 42.176 1120.49
Ring: 21.9974 54.3928 1156
Little: 2.18374 143.893 1078.72
Thumb: -36.0594 87.1419 1130.15
Index: -33.8669 124.908 1068.46
Middle: 27.2012 50.5216 1120.28
Ring: 27.0732 61.078 1158.18
Little: 5.98654 141.543 1077.82
Thumb: -35.9715 84.6666 1130.17
Index: -29.7175 123.008 1061.32
Middle: 30.7627 55.2294 1125.01
Ring: 31.9197 63.6077 1156.7
Little: 3.68578 141.328 1074.98
Thumb: -38.937 86.5068 1128.01
Index: -73.7775 117.818 1061.77
Middle: 29.8439 59.201 1124.72
Ring: 32.8033 67.233 1155.33
Little: -16.218 150.939 1085.63
Thumb: -38.6096 86.361 1127.64
Index: -74.2076 117.959 1057.93
Middle: 27.2325 60.9239 1121.81
Ring: 33.5635 68.1534 1149.05
Little: -14.7529 149.933 1085.21
Thumb: -37.3808 79.7321 1133.5
Index: -54.5995 91.6797 1101.44
Middle: 33.7272 58.7892 1120.69
Ring: 31.4074 67.7747 1162.66
Little: -5.22311 146.03 1080.85
Thumb: -37.1414 80.2691 1132.4
Index: -54.174 92.1711 1101.09
Middle: 33.9387 58.5074 1121.73
Ring: 31.5004 68.9091 1162.59
Little: -10.932 148.606 1084.27
Thumb: -34.4422 84.0329 1134.63
Index: -53.5295 94.4099 1101.72
Middle: 37.665 60.1993 1129.06
Ring: 34.8122 73.4669 1165.52
Little: -9.49404 147.828 1083.08
Thumb: -34.455 80.0865 1132.11
Index: -50.4397 89.9657 1102.09
Middle: 37.9954 60.1648 1130.73
Ring: 37.5806 75.3353 1151.42
Little: -9.74057 148.529 1083.17
Thumb: -32.9395 78.7162 1130.22
Index: -48.3089 90.9975 1100.34
Middle: 39.7019 59.945 1128.36
Ring: 38.8479 76.4714 1144.5
Little: -8.34901 149.651 1085.39
Thumb: -31.9642 80.1818 1132.03
Index: 8.90534 84.5255 1034.64
Middle: 41.8959 60.3618 1129.12
Ring: 40.2245 77.2699 1142.67
Little: -7.24171 149.421 1087.43
Thumb: -30.1793 83.1815 1133.3
Index: 13.9766 82.8693 1037.69
Middle: 43.8092 62.635 1127.57
Ring: 41.0641 80.9974 1137.95
Little: -5.50414 150.056 1087.9
Thumb: -28.3914 84.0928 1132.06
Index: 14.5162 85.4065 1038.23
Middle: 44.2071 63.0878 1127.23
Ring: 40.2861 82.1519 1137.2
Little: -7.41315 150.851 1092.12
Thumb: -28.5092 85.1239 1130.89
Index: 18.4329 80.7175 1039.34
Middle: 45.4815 61.9269 1131.77
Ring: 41.5272 81.2904 1140.71
Little: -3.53314 135.967 1133.28
Thumb: -28.8323 82.1226 1131.26
Index: 16.012 82.1938 1036.34
Middle: 45.4977 61.9226 1131.93
Ring: 41.391 81.5549 1140.27
Little: -0.771243 133.825 1135.34
Thumb: -28.9296 81.5729 1131.33
Index: 16.3017 82.0715 1036.71
Middle: 45.4348 61.4746 1133.46
Ring: 41.3975 81.5411 1140.27
Little: -0.791899 133.838 1135.34
Thumb: -28.9562 81.4474 1131.33
Index: 16.5054 82.0171 1037
Middle: 45.4339 61.5687 1133.06
Ring: 41.5087 81.3227 1140.68
Little: -0.789122 133.81 1135.35
Thumb: -28.9227 81.4633 1131.28
Index: 16.5617 81.8482 1037.06
Middle: 45.4133 61.539 1133.05
Ring: 41.5313 81.2673 1140.72
Little: -0.732719 133.803 1135.29
Thumb: -28.4684 84.8739 1130.89
Index: 16.5742 81.8358 1037.08
Middle: 45.4113 61.5311 1133.08
Ring: 41.6443 81.094 1141.08
Little: -0.733274 133.803 1135.29
Thumb: -27.2046 83.6486 1130.05
Index: 18.675 84.485 1038.33
Middle: 46.8953 64.8762 1132.62
Ring: 43.0439 83.2823 1142.57
Little: -1.70081 135.554 1136.17
Thumb: -27.1982 81.6864 1129.66
Index: 21.2797 83.7875 1040.63
Middle: 46.6434 66.0619 1133.58
Ring: 43.2852 82.9464 1146.92
Little: -2.19249 136.6 1136.37
Thumb: -27.2065 86.4236 1131.24
Index: 20.5527 94.1303 1042.56
Middle: 46.732 64.3072 1134.64
Ring: 42.8767 84.3251 1144.95
Little: -2.22676 135.98 1138.74
Thumb: -31.8146 89.9363 1131.99
Index: 22.2157 88.3691 1046.52
Middle: 42.5547 62.4006 1135.86
Ring: 38.7652 81.6081 1145.28
Little: 0.103265 153.089 1092.55
Thumb: -35.7343 88.5386 1133.62
Index: 17.1218 89.4401 1051.7
Middle: 39.6658 57.1895 1139.18
Ring: 36.4336 76.1788 1149.16
Little: 7.63646 150.489 1089.67
Thumb: -40.1891 89.5929 1131.78
Index: 14.0544 94.9955 1054.69
Middle: 35.1972 55.6043 1132.89
Ring: 31.0085 72.9548 1153.96
Little: 8.11479 150.76 1091.18
Thumb: -40.5616 88.1323 1130.79
Index: -1.27443 105.52 1063.55
Middle: 33.3324 49.9972 1131.33
Ring: 27.7284 65.4913 1150.68
Little: 15.7839 147.594 1089.85
Thumb: -43.8271 86.4615 1124.88
Index: -39.7221 105.256 1082.35
Middle: 30.215 49.6417 1124.43
Ring: 23.4159 60.2509 1149.44
Little: 18.0249 80.8209 1174.81
Thumb: -68.6689 148.162 1079.6
Index: -36.4564 100.596 1085.5
Middle: 27.0118 45.4729 1122.45
Ring: 20.1034 55.5888 1148.11
Little: 22.1352 90.9646 1155.26
Thumb: -60.0122 107.129 1131.05
Index: -44.1139 84.0278 1083.44
Middle: 21.867 41.4306 1138.49
Ring: 17.0032 55.3591 1158.85
Little: 18.4123 89.6147 1156.69
Thumb: -63.1083 150.433 1081.3
Index: -46.9252 82.6493 1081.87
Middle: 17.9117 38.333 1138.11
Ring: 15.3241 53.6807 1151.68
Little: 14.0512 88.3395 1151.37
Thumb: -70.7184 143.704 1066.65
Index: -48.9161 82.3959 1080.9
Middle: 13.2577 36.1212 1142.88
Ring: 13.1215 53.6249 1150.4
Little: 12.6608 82.6882 1155.35
Thumb: -73.9939 143.894 1062.25
Index: -53.1204 84.5242 1078.41
Middle: 8.88612 36.4669 1138.03
Ring: 6.01174 51.5885 1149.84
Little: 8.15055 82.7309 1152.69
Thumb: -74.5312 147.933 1063.57
Index: -53.4129 87.4507 1076.42
Middle: 6.98475 34.6327 1133.26
Ring: 14.5198 90.2391 1113.33
Little: 4.90277 84.6382 1152.56
Thumb: -76.6079 147.662 1059.38
Index: -55.8409 88.0466 1073.15
Middle: 8.46947 40.5923 1126.94
Ring: 14.9127 84.2072 1113.96
Little: -1.70105 72.8119 1159.32
Thumb: -77.664 146.591 1061.53
Index: -54.5725 89.3286 1076
Middle: 18.6563 57.0567 1120.84
Ring: 18.5276 81.53 1122.43
Little: 3.03701 81.5472 1158.19
Thumb: -77.7942 147.954 1052.81
Index: -23.1799 126.518 1064.82
Middle: 19.6702 71.5622 1101.03
Ring: -23.3859 43.5825 1154.72
Little: -5.20401 79.3319 1153.18
Thumb: -77.5003 147.754 1051.81
Index: -20.37 123.224 1063.06
Middle: 27.64 58.393 1107.67
Ring: -24.1934 42.3103 1153.35
Little: -24.8476 66.0069 1165.14
Thumb: -75.0966 146.353 1051.09
Index: -20.1541 121.349 1063.32
Middle: 27.3643 54.3868 1107.87
Ring: -26.3652 38.3063 1152.35
Little: -26.5699 61.4367 1164.08
Thumb: -71.7813 144.977 1050.74
Index: -18.7254 117.107 1063.09
Middle: 27.9122 51.8043 1104.17
Ring: -30.1733 35.219 1152.62
Little: -24.1545 60.8363 1161.19
Thumb: -71.6963 144.412 1050.32
Index: -18.7079 114.441 1062.24
Middle: 25.9371 50.5165 1103.3
Ring: -32.9979 34.8093 1152.61
Little: -26.1198 60.4579 1160.88
Thumb: -71.3694 142.084 1051.67
Index: -43.5665 99.1177 1065.88
Middle: 27.2701 51.3064 1101.83
Ring: -32.4439 32.324 1152.95
Little: -24.1228 59.1012 1160.2
Thumb: -51.0491 75.1181 1110.49
Index: -44.0293 101.18 1074.14
Middle: 30.0863 49.7597 1106.31
Ring: -29.6531 31.4837 1156.95
Little: -21.8033 58.0962 1165.01
Thumb: -48.1053 85.1807 1117.09
Index: -50.2869 124.426 1083.73
Middle: 31.3731 56.0785 1101.63
Ring: -18.3308 52.9606 1142.13
Little: -30.9856 56.6407 1172.62
Thumb: -23.2253 77.5497 1056.15
Index: -40.8999 110.377 1093.09
Middle: -25.3907 33.4606 1168.2
Ring: -51.7753 51.8613 1159.48
Little: -75.2921 118.682 1150.47
Thumb: -7.33802 80.0452 1056.49
Index: -33.7751 110.355 1091.65
Middle: -18.535 56.7944 1172.36
Ring: -54.7785 40.4555 1152.4
Little: -74.6012 115.998 1146.17
Thumb: -3.66648 81.5298 1057.16
Index: -31.8353 112.637 1091.67
Middle: -19.3341 72.7622 1171.13
Ring: -58.9342 33.2283 1149.43
Little: -71.0041 122.071 1149.83
Thumb: -3.85899 81.6602 1056.59
Index: -31.7711 112.567 1091.63
Middle: -19.4242 67.8064 1172.54
Ring: -59.0261 33.9319 1149.18
Little: -70.9209 122.469 1149.81
Thumb: -1.82572 78.1925 1055.82
Index: -29.6874 101.875 1088.88
Middle: -10.5932 27.2669 1132.19
Ring: -63.8502 28.221 1143.39
Little: -71.5691 118.638 1147.13
Thumb: -2.39239 78.6036 1055.02
Index: -30.0871 101.098 1087.98
Middle: -8.62903 18.0831 1126.43
Ring: -61.3885 34.9574 1144.52
Little: -72.5203 119.038 1145.88
Thumb: -1.18344 78.6834 1054.01
Index: -29.1061 101.925 1085.84
Middle: -11.372 23.0957 1124.91
Ring: -62.5467 33.9045 1139.42
Little: -73.3469 116.43 1143.13
Thumb: 6.8331 78.2136 1060.05
Index: 14.103 50.3887 1118.59
Middle: -13.2503 23.8473 1127.48
Ring: -65.6354 29.29 1136.62
Little: -76.5112 122.219 1135.25
Thumb: 6.73029 78.2921 1057.79
Index: 14.2264 47.4106 1116.64
Middle: -13.4917 17.912 1122.04
Ring: -66.4029 28.7846 1132.87
Little: -76.146 121.921 1133.96
Thumb: 10.0672 77.9101 1059.05
Index: 14.23 48.0292 1118.39
Middle: -13.4487 13.3573 1117.84
Ring: -65.2402 35.2866 1132.94
Little: -76.0752 121.118 1133.1
Thumb: 10.5973 79.5641 1058.4
Index: 15.2419 39.7406 1112.6
Middle: -16.3902 13.0854 1113.31
Ring: -69.2244 45.6931 1131.79
Little: -77.506 125.413 1128.35
Thumb: 12.6117 78.8087 1057.77
Index: 17.0638 37.7001 1108.01
Middle: -14.3084 12.1436 1108.03
Ring: -68.5642 51.488 1126.98
Little: -77.4847 125.176 1124.02
Thumb: 15.2249 78.823 1058.85
Index: 17.8039 37.9424 1106.04
Middle: -13.0947 11.6135 1105.94
Ring: -66.5945 52.3911 1126.36
Little: -77.0791 124.703 1122.36
Thumb: 16.5392 78.5579 1056.6
Index: 20.2807 38.0634 1103.06
Middle: -9.68001 10.8315 1103.88
Ring: -64.8018 35.9521 1122.63
Little: -75.991 122.838 1121.34
Thumb: 16.2337 81.4583 1049.04
Index: 21.7163 35.7974 1098.13
Middle: -10.6137 10.3216 1098.84
Ring: -63.9578 37.9206 1118.58
Little: -73.4667 94.8458 1149.19
Thumb: 17.3169 80.7436 1052.02
Index: 20.1947 34.6424 1095.24
Middle: -11.2094 10.7261 1092.86
Ring: -65.5898 40.0334 1113.94
Little: -72.5279 124.873 1139.71
Thumb: 19.5134 78.5051 1049.97
Index: 22.9512 31.3423 1090.58
Middle: -9.56174 9.37503 1091.4
Ring: -64.8309 37.7158 1111.03
Little: -72.498 110.477 1145.15
Thumb: 20.0411 78.932 1049.77
Index: 23.3223 31.803 1090.35
Middle: -9.65347 9.06148 1089.9
Ring: -65.1514 33.5589 1108.68
Little: -72.9169 110.785 1144.5
Thumb: 20.0777 78.6397 1047.91
Index: 24.0114 32.2083 1089.79
Middle: -6.80127 10.3784 1090.38
Ring: -65.1268 31.4509 1106.22
Little: -72.4104 112.233 1142.49
Thumb: 20.2604 77.9957 1046.18
Index: 25.2356 32.8377 1091.42
Middle: -7.84264 8.42543 1087.83
Ring: -66.1722 31.2606 1105.95
Little: -73.1168 114.476 1140.26
Thumb: 20.1633 78.17 1045.96
Index: 25.9182 30.3985 1087.19
Middle: -8.32654 8.26193 1087.61
Ring: -66.4792 28.4047 1104.27
Little: -73.427 114.992 1140.31
Thumb: 19.8503 78.2417 1045.21
Index: 25.638 31.3475 1088.97
Middle: -8.2432 8.132 1087.29
Ring: -66.4126 28.3951 1104.27
Little: -73.5096 114.545 1140.57
Thumb: 20.9282 78.9689 1045.37
Index: 23.6216 33.9996 1087.09
Middle: -8.49677 8.20064 1087.37
Ring: -66.5389 29.2911 1105
Little: -73.6136 114.833 1140.7
Thumb: 20.541 79.2454 1044.42
Index: 23.0762 35.1704 1088.21
Middle: -9.35597 8.85634 1089.89
Ring: -65.9999 26.0436 1103.39
Little: -73.1775 116.406 1140.34
Thumb: 20.1382 78.4521 1043.8
Index: 23.6391 35.5103 1090.44
Middle: -7.53589 9.80691 1095.14
Ring: -64.7383 26.3487 1108.13
Little: -71.3459 116.848 1142.72
Thumb: 20.2768 79.1008 1044.15
Index: 23.6577 34.6529 1089.81
Middle: -8.33546 11.0266 1097.38
Ring: -63.5898 32.3259 1111.77
Little: -72.1298 114.602 1144.61
Thumb: 19.8336 78.9478 1045.25
Index: 21.1731 35.5181 1095.27
Middle: -9.409 11.2792 1101.48
Ring: -63.4222 32.072 1117.75
Little: -71.9142 113.059 1148.41
Thumb: 19.4055 76.4005 1049.81
Index: 20.5713 35.8881 1097.64
Middle: -9.68069 10.7851 1104.61
Ring: -62.1999 30.0932 1120.62
Little: -68.0197 114.639 1152.34
Thumb: 19.2489 74.5605 1050.8
Index: 19.2426 30.6701 1100.17
Middle: -10.1597 8.47638 1107.4
Ring: -62.2956 33.7872 1123.62
Little: -70.0461 113.901 1154.04
Thumb: 21.149 71.9795 1054.74
Index: 18.5435 29.5293 1103.45
Middle: -10.9585 6.14918 1111.76
Ring: -62.5194 32.0685 1126.9
Little: -70.5473 112.484 1155.87
Thumb: 20.8287 73.3659 1057.13
Index: 17.6596 29.1935 1108.12
Middle: -12.6871 6.27266 1115.41
Ring: -63.5308 30.7235 1128.24
Little: -75.6717 112.161 1157.85
Thumb: 19.5841 70.5844 1060.09
Index: 17.9938 30.2287 1115.74
Middle: -13.1977 9.33301 1122.72
Ring: -61.4601 24.3489 1132.18
Little: -75.0312 112.454 1161.8
Thumb: 18.5374 71.2861 1065.71
Index: 17.3488 31.6096 1117.63
Middle: -13.5724 11.9546 1125.74
Ring: -63.4125 30.6955 1140.2
Little: -74.6437 115.61 1164.94
Thumb: 16.9726 73.7065 1065.25
Index: 16.6157 30.7097 1117.83
Middle: -14.6296 10.1495 1124.17
Ring: -61.8739 35.0804 1143.15
Little: -76.2191 113.359 1168.58
Thumb: 14.0816 73.1319 1065.05
Index: 21.9906 23.9321 1117.18
Middle: -13.1381 9.98602 1132.63
Ring: -58.6371 36.8792 1152.91
Little: -73.3444 114.569 1174.65
Thumb: 13.046 71.7803 1062.9
Index: 22.9505 26.8535 1124.07
Middle: -11.3376 7.85946 1134.37
Ring: -57.5609 43.5575 1175.46
Little: -70.6443 119.389 1160.35
Thumb: 9.95081 70.4181 1068.31
Index: 17.3052 30.7396 1129.76
Middle: -11.305 6.98389 1134.38
Ring: -58.2046 40.5997 1176.57
Little: -69.4362 108.244 1184.35
Thumb: 10.4324 72.6435 1072.94
Index: 14.8002 29.1258 1133.21
Middle: -13.2549 12.3279 1144.22
Ring: -57.5317 36.6443 1173.66
Little: -71.5064 114.575 1186.31
Thumb: 14.2647 70.4229 1087.07
Index: 8.20731 24.6173 1136.51
Middle: -13.1709 6.35317 1138.32
Ring: -64.2538 36.2041 1171.16
Little: -77.3264 120.684 1185.91
Thumb: 14.2581 70.7931 1087.17
Index: 8.28883 25.0923 1138.46
Middle: -10.3724 4.83613 1138.36
Ring: -54.1428 29.1025 1166.93
Little: -77.9062 115.7 1191.28
Thumb: 4.63741 75.5328 1074.32
Index: 12.6506 25.9675 1136.1
Middle: -11.4935 6.04443 1133.65
Ring: -45.6695 41.6826 1174
Little: -72.8152 115.062 1195.62
Thumb: -26.4351 67.8942 1066.04
Index: 27.7815 39.3015 1134.07
Middle: 2.64063 7.80312 1130.87
Ring: -16.5933 43.7034 1184.73
Little: -32.1536 129.609 1201.53
Thumb: -52.6129 79.6352 1105.86
Index: 33.1341 41.8989 1108.39
Middle: 9.03819 10.2536 1124.61
Ring: 2.64112 30.9088 1147.82
Little: -7.3121 131.556 1186.89
Thumb: -47.7088 67.8681 1104.58
Index: 29.4811 39.7116 1078.7
Middle: 31.6264 22.9247 1100.19
Ring: 12.3118 29.6934 1132.98
Little: 12.0073 118.374 1182.07
Thumb: -66.1277 119.306 1121.72
Index: 19.4741 35.6762 1069.54
Middle: 31.0634 33.9112 1100.18
Ring: 9.27289 29.0908 1130.91
Little: -43.7762 139.4 1157.16
Thumb: -62.7799 114.331 1121.31
Index: 19.5798 33.8459 1069.12
Middle: 29.3003 29.0304 1093.63
Ring: 10.9926 28.4667 1114.45
Little: -41.0585 140.045 1157.44
Thumb: -61.2386 64.9864 1089.48
Index: 19.5256 34.5735 1069.65
Middle: 26.4774 26.5599 1092.79
Ring: 11.2743 29.4079 1113.15
Little: -39.5673 144.056 1156.6
Thumb: -60.6646 64.485 1087.71
Index: 24.2852 36.0134 1069.95
Middle: 23.7968 23.1643 1091.55
Ring: 22.3841 61.5992 1125.81
Little: -36.8078 146.796 1155.8
Thumb: -61.0295 64.5541 1088.66
Index: 28.198 38.963 1071.09
Middle: 22.5554 22.1763 1091.38
Ring: -25.6203 100.377 1145.16
Little: -33.0572 149.301 1155.74
Thumb: -61.9253 63.3348 1093.32
Index: 14.6273 29.9195 1068.41
Middle: 21.6244 20.9123 1090.75
Ring: -22.8669 99.8058 1145.99
Little: -28.0544 151.082 1156.09
Thumb: -65.4015 62.0453 1095.79
Index: 12.1467 27.8169 1067.98
Middle: 20.3056 19.3067 1090.23
Ring: -22.5313 107.318 1148.33
Little: -20.5006 153.211 1155.22
Thumb: -66.163 59.471 1097.26
Index: 12.0209 26.6187 1069.47
Middle: 18.7246 16.8986 1091.48
Ring: -7.84913 117.871 1150.96
Little: -8.99734 153.163 1157.62
Thumb: -73.578 64.5417 1102.69
Index: 6.18257 24.7255 1069.28
Middle: 12.1886 14.6146 1091.32
Ring: -2.84269 119.947 1151.83
Little: -2.79987 153.764 1156.82
Thumb: -75.5313 66.1075 1109.27
Index: 4.03909 24.5814 1069.94
Middle: 8.76837 13.7441 1091.89
Ring: 4.90869 123.836 1152.93
Little: -1.32991 153.681 1156.84
Thumb: -0.293341 78.618 1126.94
Index: 35.116 51.3897 1049.97
Middle: 23.531 86.509 1173.97
Ring: -9.11484 74.0434 1134.92
Little: -18.9697 46.5903 1128.98
Thumb: 4.02563 77.2191 1121.15
Index: 40.5154 49.8463 1041.34
Middle: 32.87 74.5834 1164.19
Ring: -6.21663 74.4152 1134.21
Little: -14.6389 45.2263 1124.58
Thumb: 61.3665 125.058 1102.84
Index: 44.7497 27.6353 1149.4
Middle: -51.5823 118.371 1201.84
Ring: 1.75478 22.1271 1137.27
Little: -72.8784 109.88 1128.31
Thumb: 61.8661 125.138 1095.65
Index: 49.9639 28.9492 1144.04
Middle: -45.3655 116.29 1203.55
Ring: 6.49501 22.249 1134.52
Little: -66.406 112.867 1133.88
Thumb: 64.499 126.391 1093.12
Index: 52.3977 29.3997 1141.51
Middle: -19.0023 73.8859 1205.93
Ring: 5.16816 20.5133 1131.49
Little: -65.5482 108.948 1132.76
Thumb: 66.1149 127.462 1092.59
Index: 54.5742 31.0806 1142.27
Middle: -17.6386 73.5145 1205.06
Ring: -34.9072 17.0483 1122.05
Little: -64.9658 101.234 1132.69
Thumb: 68.2814 129.102 1090.87
Index: 55.5992 33.3192 1141.58
Middle: -10.1318 65.0881 1201.93
Ring: -33.2532 16.9647 1122.05
Little: -65.5881 104.468 1131.76
Thumb: 66.2471 129.397 1085.68
Index: 57.1633 33.6858 1141.7
Middle: 1.37362 8.42026 1131.48
Ring: -32.2566 16.3303 1121.82
Little: -68.9191 84.5919 1151.51
Thumb: 67.6626 128.806 1083.64
Index: 57.9708 32.083 1138.1
Middle: 2.21595 7.62329 1127.84
Ring: -32.7302 16.2313 1118.36
Little: -67.7573 91.7459 1151.28
Thumb: 64.2721 128.876 1081.91
Index: 59.4258 33.3971 1136.79
Middle: 3.43014 8.44585 1127.71
Ring: -32.7172 16.9505 1118.63
Little: -65.9616 90.6947 1149.09
Thumb: 63.1308 130.052 1080.96
Index: 60.5143 33.9045 1135.37
Middle: 5.82012 9.01783 1127.4
Ring: -32.8847 17.6866 1118.87
Little: -65.0693 86.89 1150.86
Thumb: 60.1416 128.733 1077.62
Index: 61.1189 34.8645 1132.8
Middle: 7.11375 10.7439 1126.86
Ring: -32.6827 19.7062 1118.92
Little: -63.278 69.2512 1154.09
Thumb: 56.5323 130.941 1077.88
Index: 61.1941 36.1295 1133.18
Middle: 8.17432 11.0891 1126.93
Ring: -33.2423 19.5749 1118.74
Little: -54.9281 102.893 1095.88
Thumb: 62.8995 131.228 1077.12
Index: 61.4412 36.0501 1133.24
Middle: 7.97777 11.1628 1127.4
Ring: -33.3181 19.7068 1119.13
Little: -54.7286 102.974 1096.04
Thumb: 62.7921 131.251 1077.13
Index: 61.4439 36.032 1133.18
Middle: 6.71241 11.0726 1127.16
Ring: -33.2071 19.6867 1119.1
Little: -54.718 102.996 1096.02
Thumb: 61.739 130.5 1077.24
Index: 61.1868 35.8746 1133.74
Middle: 6.35426 11.3893 1127.98
Ring: -33.016 20.1842 1120.86
Little: -54.5632 103.522 1096.6
Thumb: 63.9254 131.53 1078.63
Index: 57.5938 32.3774 1132.47
Middle: 5.65444 9.90989 1128.41
Ring: -31.2054 18.2595 1119.32
Little: -54.3394 102.399 1096.59
Thumb: 65.1255 132.117 1078.66
Index: 56.2244 31.8657 1132.69
Middle: 5.44687 10.0287 1129.24
Ring: -31.1229 18.2275 1119.64
Little: -54.2463 102.576 1096.53
Thumb: 64.1034 131.51 1079.87
Index: 53.87 31.758 1135.4
Middle: 4.20142 11.239 1134.48
Ring: -32.8972 19.1877 1122.75
Little: -54.4489 102.992 1097.95
Thumb: 64.1267 131.56 1080
Index: 53.4487 31.6263 1135.44
Middle: 3.63794 10.8766 1133.25
Ring: -33.7836 19.2725 1122.44
Little: -54.5748 102.977 1097.7
Thumb: 66.507 128.891 1079.8
Index: 52.9567 31.6018 1136.78
Middle: 3.48528 10.4694 1132.4
Ring: -36.855 20.0559 1123.4
Little: -55.3103 103.502 1098.04
Thumb: 66.1505 127.333 1080.17
Index: 52.8932 31.3952 1138.01
Middle: 2.90692 10.3893 1133.62
Ring: -36.8001 20.0377 1124.73
Little: -55.5745 103.56 1098.32
Thumb: 65.549 127.335 1080.3
Index: 52.9226 31.4381 1138.08
Middle: 0.719614 10.4744 1134.01
Ring: -36.7503 19.9162 1124.53
Little: -55.5919 103.551 1098.3
Thumb: 65.4544 129.069 1080.63
Index: 52.8306 31.3824 1137.93
Middle: 0.503422 10.1691 1132.82
Ring: -36.8375 19.9132 1124.56
Little: -55.6893 103.557 1098.38
Thumb: 63.4106 131.773 1081.9
Index: 51.8539 32.2825 1137.59
Middle: -0.105602 10.7843 1132.34
Ring: -34.9267 19.8379 1124.63
Little: -57.0233 104.037 1098.81
Thumb: 62.4654 133.514 1081.29
Index: 51.1397 33.4254 1137.57
Middle: -1.16904 12.2878 1133.26
Ring: -36.344 21.6392 1125.96
Little: -57.9881 105.884 1099.88
Thumb: 57.7993 131.76 1082.6
Index: 51.5235 34.4521 1138.85
Middle: -1.2062 13.1832 1134.89
Ring: -37.2207 22.5688 1127.29
Little: -58.2572 106.532 1100.45
Thumb: 56.5366 132.671 1083.08
Index: 49.5825 34.6807 1137.06
Middle: -3.26427 14.2458 1132.51
Ring: -36.2753 23.8571 1125.56
Little: -69.1596 86.8357 1127.36
Thumb: 55.0946 134.723 1079.24
Index: 45.3771 40.0963 1135.67
Middle: -4.2022 17.419 1132.75
Ring: -38.3 25.3118 1128.14
Little: -67.8938 84.1401 1131.6
Thumb: 52.5411 133.553 1079.59
Index: 43.1112 39.0773 1134.1
Middle: -8.51222 17.6733 1133.78
Ring: -41.2389 25.9239 1129.12
Little: -70.5183 85.2237 1132.07
Thumb: 46.9067 133.376 1075.74
Index: 38.0983 37.0268 1127.84
Middle: -11.7526 15.7048 1126.6
Ring: -44.4912 23.8892 1122.52
Little: -67.3494 106.051 1101.16
Thumb: 35.6529 133.557 1073.81
Index: 32.3381 37.7704 1124.77
Middle: -17.3237 18.3703 1125.84
Ring: -50.7842 27.4214 1120.98
Little: -72.5752 111.402 1102.5
Thumb: 26.1083 139.089 1073.96
Index: 25.6208 39.2687 1121.75
Middle: -20.0564 18.5505 1121.97
Ring: -53.8438 26.7223 1119.58
Little: -80.1555 110.514 1103.19
