Thumb: -23.3117 62.106 1057.88
Index: 84.8302 16.4514 1057.2
Middle: 117.351 45.214 1027.68
Ring: 137.448 66.8484 1034.94
Little: 160.45 111.23 1047.9
Thumb: -22.9596 65.949 1096.37
Index: 83.733 12.5661 1058.19
Middle: 124.626 27.8497 1051.83
Ring: 147.387 60.552 1048.51
Little: 160.488 109.902 1045.09
Thumb: -14.9147 63.6349 1099.24
Index: 90.7145 15.1022 1060.6
Middle: 129.056 29.9298 1053.63
Ring: 149.826 61.7949 1049.78
Little: 161.593 110.806 1045.28
Thumb: -10.3034 63.0702 1095.55
Index: 95.043 16.1281 1059.05
Middle: 132.868 30.3849 1053.82
Ring: 150.983 58.4455 1052.02
Little: 164.761 108.634 1049.01
Thumb: -1.98851 63.4792 1094.07
Index: 99.482 17.5508 1058.67
Middle: 135.264 29.8712 1054.74
Ring: 153.885 58.409 1053.37
Little: 166.16 104.92 1051.72
Thumb: 8.86911 66.9685 1095.51
Index: 105.53 21.1033 1061.9
Middle: 135.111 28.4528 1053.08
Ring: 153.977 55.3704 1056.36
Little: 166.68 100.996 1053.23
Thumb: 13.0982 68.0856 1091.95
Index: 108.696 23.3792 1061.83
Middle: 138.262 29.5036 1057.27
Ring: 154.238 53.4622 1059.25
Little: 167.211 97.2594 1057.55
Thumb: 17.4177 66.4799 1092.68
Index: 113.738 25.6037 1062.79
Middle: 142.827 32.2678 1059.7
Ring: 155.042 55.0091 1058.44
Little: 167.203 98.0385 1058.74
Thumb: 17.9869 66.4753 1090.09
Index: 115.599 27.9836 1061.97
Middle: 144.939 35.015 1060.64
Ring: 155.732 55.6698 1060.64
Little: 164.956 94.9463 1061.18
Thumb: 21.2936 67.1247 1089
Index: 118.566 29.9061 1063.14
Middle: 147.745 37.3379 1062.82
Ring: 157.74 57.2865 1063.53
Little: 164.845 94.9985 1063.69
Thumb: 26.7513 66.9429 1089.96
Index: 120.187 31.9559 1065.93
Middle: 149.229 40.077 1065.91
Ring: 158.698 60.1328 1066.44
Little: 163.653 96.1927 1065.89
Thumb: 27.99 64.6347 1089.4
Index: 119.976 31.9378 1065.52
Middle: 149.04 40.1473 1067.05
Ring: 157.832 61.5708 1064.98
Little: 162.893 96.6049 1067.83
Thumb: 28.654 65.2466 1089.4
Index: 118.939 31.9416 1063.62
Middle: 148.38 39.6631 1065.55
Ring: 155.941 62.0689 1059.64
Little: 162.009 94.7475 1066.34
Thumb: 25.9562 66.1862 1088.89
Index: 114.944 29.1385 1067.73
Middle: 144.331 36.5839 1068.95
Ring: 154.413 56.4181 1070.06
Little: 159.491 91.0618 1070.02
Thumb: 24.0636 68.1999 1088.35
Index: 108.613 25.3725 1067.17
Middle: 138.115 31.4755 1067.82
Ring: 149.009 51.0165 1068.87
Little: 155.557 85.5298 1068.27
Thumb: 21.0684 68.1067 1090.77
Index: 100.115 23.6012 1067.24
Middle: 129.615 28.7398 1067.08
Ring: 141.104 48.1645 1066.6
Little: 149.101 83.1565 1064.2
Thumb: 14.5692 68.2315 1090.95
Index: 91.9939 19.0549 1069.19
Middle: 121.335 23.181 1066.85
Ring: 133.718 42.0499 1067.43
Little: 143.207 76.1125 1065.86
Thumb: 5.11411 66.105 1089.67
Index: 76.5667 23.6713 1050.48
Middle: 111.857 16.5038 1068.86
Ring: 125.718 34.7157 1068.83
Little: 137.381 68.4067 1067
Thumb: -3.86716 72.1431 1088.33
Index: 68.2691 17.162 1063.29
Middle: 98.551 16.7243 1062.92
Ring: 108.283 45.1075 1043.99
Little: 105.091 115.045 1026.75
Thumb: -6.43872 81.5797 1086.74
Index: 58.8278 18.7131 1063.54
Middle: 89.8774 16.3199 1063.5
Ring: 100.416 41.3398 1045.48
Little: 119.765 60.9743 1062.13
Thumb: -11.3314 78.7353 1089.54
Index: 48.5373 17.4839 1066.72
Middle: 79.3619 14.6247 1066.45
Ring: 95.0546 29.2884 1066.14
Little: 107.759 64.5439 1053.12
Thumb: -20.56 72.3335 1089.3
Index: 44.9418 13.9083 1064.92
Middle: 75.8938 9.70228 1064.86
Ring: 92.0101 23.4365 1064.92
Little: 107.114 53.3232 1060.18
Thumb: -23.0963 89.2166 1088.26
Index: 38.612 17.7288 1067.51
Middle: 70.5206 14.2913 1067.77
Ring: 86.0226 27.692 1068.54
Little: 96.2197 61.7998 1055.22
Thumb: -28.0597 86.2835 1090.74
Index: 33.1246 15.373 1066.65
Middle: 65.0127 11.6445 1065.26
Ring: 80.1758 25.3084 1062.95
Little: 71.6083 90.841 1042.9
Thumb: -36.7992 76.5748 1092.24
Index: 25.7075 14.3647 1065.99
Middle: 57.7915 10.2326 1065.14
Ring: 73.6663 23.2243 1065.15
Little: 65.9068 87.1221 1044.94
Thumb: -43.3666 69.8992 1093.92
Index: 19.3713 7.99828 1067.33
Middle: 51.2508 3.67239 1066.21
Ring: 67.6745 17.0261 1065.89
Little: 61.3108 81.4449 1045.32
Thumb: -51.764 82.2312 1091.63
Index: 10.8107 5.20128 1067.83
Middle: 42.3982 -0.786991 1067.47
Ring: 58.6968 11.1747 1067.53
Little: 53.6479 82.4149 1047.13
Thumb: -62.5932 73.6502 1094.51
Index: 3.50135 5.02624 1066.61
Middle: 35.8849 0.520663 1064.14
Ring: 51.9295 12.8487 1063.73
Little: 45.2586 81.4796 1042.74
Thumb: -72.0182 76.5009 1094.84
Index: -8.05824 3.21971 1064.76
Middle: 26.6461 -0.753817 1062.31
Ring: 47.1124 14.1315 1061.62
Little: 45.0646 69.7723 1039.46
Thumb: -82.3298 73.9331 1093.02
Index: -18.2927 -1.55246 1063.74
Middle: 19.6182 -4.0224 1061.6
Ring: 34.2798 25.4624 1042.76
Little: 41.6349 67.8168 1040.09
Thumb: -91.2009 77.4218 1092.23
Index: -27.3802 -3.7031 1062.03
Middle: 11.9255 -7.22865 1059.8
Ring: 24.1455 28.6463 1036.9
Little: 36.6455 63.843 1037.52
Thumb: -109.94 77.3687 1089.35
Index: -36.4916 -5.16127 1062.89
Middle: 4.68767 -9.55108 1062.54
Ring: 16.1944 32.5715 1037.69
Little: 32.5297 59.2429 1040.89
Thumb: -108.145 77.4743 1095.33
Index: -44.7954 -10.257 1063.15
Middle: -0.107262 -11.0426 1057.35
Ring: 7.4704 36.4837 1031.65
Little: 18.9095 71.206 1035.46
Thumb: -111.291 79.5138 1091.82
Index: -46.4692 -6.32137 1060.14
Middle: -4.70129 -7.63847 1056.88
Ring: 21.1989 12.959 1052.07
Little: 21.6504 57.4377 1037.84
Thumb: -115.693 78.2974 1092.66
Index: -52.8977 -6.77464 1058.31
Middle: -10.6185 -7.25769 1054.53
Ring: 16.7835 12.33 1054.07
Little: 18.2144 58.5368 1036.8
Thumb: -120.356 79.0596 1092.87
Index: -58.5886 -6.54329 1058.24
Middle: -15.0409 -6.26248 1053.86
Ring: 12.1242 13.1846 1053.26
Little: 25.2446 37.0339 1053.91
Thumb: -129.311 80.032 1092.67
Index: -66.3268 -8.06284 1060.07
Middle: -22.9205 -9.90482 1053.54
Ring: 6.92486 8.62531 1055.92
Little: 21.2167 31.795 1056.44
Thumb: -135.43 80.6158 1093.66
Index: -70.4973 -8.27383 1062.4
Middle: -26.8841 -9.83608 1053.05
Ring: 3.2245 8.08218 1057.57
Little: 20.29 33.7252 1057.24
Thumb: -141.217 79.4773 1098.62
Index: -75.1036 -8.85727 1063.3
Middle: -30.6492 -9.31622 1052.29
Ring: 0.681791 9.78484 1056.01
Little: 15.8378 38.0354 1051.34
Thumb: -146.334 77.8787 1098.67
Index: -78.2133 -10.2278 1065.32
Middle: -31.9233 -8.52654 1051.9
Ring: -1.2078 10.8922 1057.38
Little: 17.3423 40.0918 1055.92
Thumb: -147.725 76.1794 1099.15
Index: -77.4521 -9.81148 1064.27
Middle: -32.3222 -7.37311 1050.8
Ring: -0.111828 13.9482 1056.74
Little: 15.4298 42.88 1053.29
Thumb: -147.63 75.4003 1099.94
Index: -79.111 -10.3439 1064.61
Middle: -33.4263 -7.94528 1051.88
Ring: 1.57446 16.2653 1055.56
Little: -3.18937 68.4255 1036.95
Thumb: -152.335 73.5728 1102.39
Index: -79.9428 -11.3235 1065.85
Middle: -31.7542 -6.69144 1051.04
Ring: 4.01023 19.119 1054.97
Little: -1.01077 69.1102 1036.37
Thumb: -151.123 71.8777 1101.46
Index: -76.7285 -10.7652 1064.27
Middle: -27.2759 -4.09282 1050.42
Ring: 7.54129 23.0295 1054.15
Little: -8.22196 84.0648 1038.46
Thumb: -146.713 71.3599 1100.59
Index: -72.8478 -10.3639 1065.12
Middle: -22.053 -2.04429 1052.26
Ring: 11.3928 25.932 1055
Little: -6.33938 86.495 1038.16
Thumb: -141.313 72.2969 1097.97
Index: -68.1274 -8.25866 1063.16
Middle: -17.5695 0.624741 1053.26
Ring: 14.3802 28.7047 1055.35
Little: -3.18856 90.0338 1041.41
Thumb: -133.473 71.8501 1097.81
Index: -64.2917 -8.30177 1063.08
Middle: -13.0346 2.15871 1051.91
Ring: 18.8454 30.7925 1055.52
Little: 0.591436 92.7236 1041.83
Thumb: -128.296 70.9835 1100.43
Index: -59.408 -6.9659 1063.54
Middle: -8.41078 5.53127 1050.33
Ring: 21.8029 34.3093 1053.63
Little: 33.439 65.6842 1052.86
Thumb: -116.533 74.4354 1100.26
Index: -54.461 -6.3116 1064.24
Middle: -3.00957 8.89158 1049.12
Ring: 24.8038 37.2117 1051.99
Little: 37.929 74.1018 1049.43
Thumb: -108.881 78.2708 1099.17
Index: -47.4867 -4.77063 1063.09
Middle: 3.87807 12.1307 1049.42
Ring: 30.3854 40.9353 1052.35
Little: 43.1665 79.0887 1050.69
Thumb: -101.547 80.5301 1102.56
Index: -41.0634 -2.12078 1065.34
Middle: 8.64014 16.0684 1047.93
Ring: 33.2932 42.99 1051.75
Little: 46.5783 82.4874 1049.48
Thumb: -86.2112 83.0371 1097.14
Index: -32.8826 -7.76792 1065.87
Middle: 18.1893 10.8612 1050.3
Ring: 43.0553 39.5304 1052.9
Little: 57.899 81.4261 1054.35
Thumb: -77.7297 88.6298 1104.82
Index: -29.1031 -7.43259 1073.81
Middle: 20.9164 9.99158 1048.63
Ring: 46.6334 35.6173 1053.23
Little: 62.1944 78.3811 1046.01
Thumb: -70.5411 91.1072 1103.72
Index: -19.4645 -2.39184 1072.09
Middle: 26.6778 12.6485 1051.95
Ring: 52.0015 39.5884 1055.64
Little: 68.0644 84.8711 1050.5
Thumb: -66.7659 90.7397 1106.43
Index: -13.96 -2.57029 1075.75
Middle: 33.8558 14.3966 1054.58
Ring: 57.1411 40.2329 1057.35
Little: 73.4097 85.0253 1050.98
Thumb: -57.6696 93.1721 1103.88
Index: -3.48035 -2.09391 1076.58
Middle: 43.0907 15.4373 1060.6
Ring: 65.7625 42.5927 1065.4
Little: 81.0055 88.4737 1061.02
Thumb: -55.6659 89.8312 1112.98
Index: 0.17399 -0.37502 1085.25
Middle: 45.1775 15.9701 1061.93
Ring: 68.0574 41.3919 1066.83
Little: 84.7121 88.1836 1058.53
Thumb: -56.4842 85.8404 1113.15
Index: 7.98991 3.43358 1082.42
Middle: 48.7312 16.4709 1062.71
Ring: 75.1483 43.54 1068.24
Little: 89.482 84.8365 1063.29
Thumb: -54.1382 79.0215 1120.24
Index: 14.7401 4.24096 1082.35
Middle: 50.3825 11.6076 1065.9
Ring: 79.9806 42.2065 1065.72
Little: 93.2185 81.5211 1058.87
Thumb: -42.9554 79.2115 1133.92
Index: 22.7963 9.46654 1085.39
Middle: 47.1784 9.00085 1068.7
Ring: 78.2766 39.8189 1054.92
Little: 92.2552 80.1906 1041.58
Thumb: 30.4507 94.8532 1100.24
Index: 31.2678 27.2824 1071.04
Middle: 51.9934 42.3747 1031.81
Ring: 50.988 74.6855 1010.13
Little: -14.9112 126.41 1006.28
Thumb: 31.0338 104.313 1088.49
Index: 20.3696 28.096 1079.12
Middle: 34.3961 36.2907 1034.73
Ring: 38.6819 57.9071 1011.95
Little: -9.76666 167.24 1057.62
Thumb: 24.9997 135.671 1095.57
Index: 23.5216 25.2919 1086.78
Middle: 33.3691 32.4405 1037.45
Ring: 27.182 42.718 1021.47
Little: -15.3458 108.924 1030.39
Thumb: 26.5553 137.659 1103.32
Index: 28.2468 26.7123 1088.39
Middle: 37.4693 31.1591 1043.19
Ring: 29.9418 41.9307 1025.88
Little: -11.999 112.908 1038.96
Thumb: 21.6337 170.445 1108.05
Index: 30.3856 33.6757 1092.83
Middle: 40.8968 35.3601 1052.26
Ring: 4.18394 54.4985 1037.56
Little: 8.83156 147.233 1064.2
Thumb: 28.8905 164.678 1102.53
Index: 35.8376 32.2141 1095.64
Middle: 42.8325 35.6277 1051.3
Ring: 8.73927 51.3442 1037.44
Little: 7.24295 146.86 1065.11
Thumb: 28.0097 118.256 1167.41
Index: 46.5881 37.5664 1143.57
Middle: 27.2472 18.5681 1107.14
Ring: -10.9623 43.5139 1109.61
Little: 7.46298 118.032 1071.8
Thumb: 11.5048 201.842 1248.3
Index: 53.5543 34.2346 1148.69
Middle: 33.1339 15.8191 1112.57
Ring: 18.3337 19.5877 1093.65
Little: 6.59314 108.198 1079.04
Thumb: 30.3034 215.743 1239.63
Index: 67.7683 32.2945 1147.99
Middle: 39.3449 11.7962 1117.88
Ring: 17.5501 15.5862 1095.03
Little: 1.38065 105.131 1077.26
Thumb: 44.4778 201.928 1240.56
Index: 74.4246 33.327 1146.85
Middle: 41.0723 12.0194 1119.15
Ring: 17.9 15.641 1100.1
Little: 0.216909 104.923 1081.14
Thumb: 62.9367 206.868 1234.78
Index: 81.7613 34.9657 1147.35
Middle: 41.0611 12.9394 1121.68
Ring: 15.7404 16.5818 1105.01
Little: -0.672482 105.241 1084.94
Thumb: 66.746 223.567 1229.91
Index: 90.615 34.1303 1146.3
Middle: 46.8611 10.9048 1125.01
Ring: 15.3855 14.9716 1105.77
Little: 0.0389404 102.836 1087.59
Thumb: 79.7153 226.939 1222.39
Index: 95.9622 35.4295 1142.16
Middle: 50.3299 11.6588 1127.02
Ring: 18.3008 14.941 1110.62
Little: -0.375634 102.388 1090.77
Thumb: 85.865 233.086 1216.44
Index: 98.6371 36.7268 1141.13
Middle: 53.1266 12.383 1126.45
Ring: 17.9064 15.8709 1113.66
Little: -0.129032 102.659 1093.3
Thumb: 140.515 168.901 1111.94
Index: 104.149 40.0725 1140.24
Middle: 54.9639 13.9788 1132.48
Ring: 20.341 16.1224 1124.17
Little: -1.00997 98.6851 1099.45
Thumb: 138.354 169.643 1102.89
Index: 109.592 41.2438 1136.08
Middle: 60.6122 13.1827 1131.61
Ring: 22.2063 14.4411 1124.77
Little: -2.15904 98.0637 1100.36
Thumb: 140.546 161.795 1097.1
Index: 114.988 40.0723 1135
Middle: 61.2682 12.4795 1132
Ring: 25.5879 14.4057 1126.24
Little: -4.75375 73.5482 1134.44
Thumb: 141.67 162.462 1092.99
Index: 118.765 42.5604 1134.1
Middle: 65.2953 14.0997 1134.18
Ring: 29.3988 15.9691 1130.11
Little: -6.99416 74.3984 1140.56
Thumb: 141.027 159.853 1086.62
Index: 122.174 42.2627 1130.02
Middle: 68.9744 14.0433 1133.21
Ring: 31.1683 16.241 1131
Little: -5.55712 69.2411 1141.53
Thumb: 142.217 161.985 1080.84
Index: 121.051 42.7444 1124.16
Middle: 69.4798 15.8224 1129.49
Ring: 34.0411 18.1266 1128.16
Little: -5.16494 70.1194 1141.01
Thumb: 141.97 161.886 1073.19
Index: 124.855 43.7777 1120.5
Middle: 74.1984 15.9731 1128.31
Ring: 36.5928 17.9223 1129.09
Little: -3.51722 62.7272 1142.62
Thumb: 135.586 160.334 1067.49
Index: 125.009 42.9565 1114.56
Middle: 74.8621 14.9098 1124.22
Ring: 38.5147 16.6112 1126.32
Little: -2.31056 55.8967 1141.1
Thumb: 138.583 162.208 1061.78
Index: 125.934 42.8107 1110.25
Middle: 77.0153 14.8892 1120.88
Ring: 37.5592 16.5499 1124.08
Little: -1.48789 62.8921 1139.72
Thumb: 139.492 166.283 1059.02
Index: 125.216 43.9662 1105.91
Middle: 75.0649 15.6871 1116.9
Ring: 37.7981 17.4635 1120.34
Little: -2.1311 58.8192 1137.22
Thumb: 141.217 168.069 1058.32
Index: 124.683 44.1681 1104.37
Middle: 75.0655 15.6289 1114.08
Ring: 38.3853 17.1537 1116.81
Little: -7.1535 35.1505 1118.45
Thumb: 141.984 168.511 1056.19
Index: 123.016 44.3464 1101.96
Middle: 73.9647 16.6807 1111.54
Ring: 35.4809 18.5953 1114.55
Little: -7.36849 38.6471 1118.68
Thumb: 143.312 168.103 1056.15
Index: 121.915 44.1805 1100.4
Middle: 74.2863 17.5113 1109.51
Ring: 33.7099 19.4791 1111.7
Little: -10.1866 39.739 1114.65
Thumb: 139.74 165.037 1052.92
Index: 123.212 46.0452 1098.11
Middle: 73.2748 18.4782 1108.63
Ring: 33.9364 20.9006 1112.09
Little: -11.1139 40.5137 1114.59
Thumb: 68.2944 95.1239 1066.49
Index: 120.909 46.9206 1099.49
Middle: 72.0241 19.9145 1109.07
Ring: 31.7054 21.2011 1106.79
Little: -10.9083 39.7972 1106.77
Thumb: 143.201 169.768 1058.88
Index: 117.443 46.4985 1101.87
Middle: 70.2808 21.3256 1111.48
Ring: 27.9952 23.0237 1108.56
Little: -16.0144 43.0118 1107.73
Thumb: 142.222 167.29 1056.83
Index: 114.858 45.2071 1102.88
Middle: 68.0016 21.3062 1114.17
Ring: 26.1455 23.4114 1111.33
Little: -18.6684 44.225 1110.81
Thumb: 143.553 163.539 1060.38
Index: 110.397 42.5855 1107.95
Middle: 63.4717 20.6832 1118.28
Ring: 21.2394 24.051 1114.38
Little: -23.887 46.7291 1112.47
Thumb: 144.29 161.038 1063.11
Index: 107.171 41.9198 1112.23
Middle: 59.0618 20.6819 1120.2
Ring: 17.4203 25.7833 1117.64
Little: -28.7546 50.1652 1114.39
Thumb: 144.871 158.089 1067.94
Index: 102.649 40.2735 1117.64
Middle: 53.279 20.0141 1122.71
Ring: 12.3312 26.8229 1120.32
Little: -34.2401 53.1936 1115.41
Thumb: 149.784 161.525 1069.19
Index: 97.7351 38.2834 1120.26
Middle: 47.9105 20.6538 1127.86
Ring: 6.79018 27.6842 1122
Little: -36.4112 54.3576 1116.6
Thumb: 145.159 152.702 1073.16
Index: 94.4526 36.3139 1123.72
Middle: 42.2627 18.6269 1128.03
Ring: 2.86533 27.2266 1123.56
Little: -41.5744 55.3947 1116.44
Thumb: 141.555 151.3 1076.79
Index: 90.1441 34.9302 1126.39
Middle: 36.7498 17.3026 1129.6
Ring: -3.92539 26.7559 1125.17
Little: -46.11 54.5617 1117.3
Thumb: 135.053 147.918 1079.62
Index: 81.5608 31.9136 1126.96
Middle: 30.9902 15.0627 1129.29
Ring: -6.98036 24.2933 1125.62
Little: -50.6438 52.7117 1118.61
Thumb: 130.723 147.551 1084.21
Index: 78.1704 28.6556 1129.07
Middle: 26.6331 10.9866 1130.6
Ring: -14.5792 20.5518 1126.47
Little: -56.438 48.6513 1119.69
Thumb: 128.087 143.417 1087.95
Index: 69.7446 26.1603 1128.66
Middle: 18.7255 10.6607 1129.2
Ring: -22.6017 22.0501 1124.93
Little: -62.8625 51.6924 1118.63
Thumb: 123.611 136.461 1091.72
Index: 61.1181 22.6175 1131.52
Middle: 8.99707 9.03133 1131.14
Ring: -31.1309 21.729 1125.65
Little: -69.2766 52.1584 1118.24
Thumb: 116.142 131.332 1090.75
Index: 56.1261 16.8476 1130.84
Middle: 2.9112 2.90733 1130.56
Ring: -39.5425 16.2948 1125.53
Little: -77.734 47.459 1118.63
Thumb: 103.391 125.363 1088.57
Index: 49.3318 17.501 1131.54
Middle: -4.95464 4.11291 1133.02
Ring: -43.7357 16.8709 1129.2
Little: -85.643 49.8017 1122.81
Thumb: 105.727 122.442 1091.66
Index: 37.9857 13.2441 1130.68
Middle: -16.367 3.90878 1133.43
Ring: -50.742 17.1307 1125.59
Little: -91.465 51.5739 1117.99
Thumb: 95.4804 123.242 1088.7
Index: 36.1584 12.604 1132.06
Middle: -20.5038 -0.0917683 1133.2
Ring: -58.3348 13.1975 1129.22
Little: -98.4881 46.0325 1122.6
Thumb: 93.5315 120.881 1088.78
Index: 27.1552 10.7072 1131.37
Middle: -29.3473 0.0519829 1132.28
Ring: -66.7821 14.7305 1128.29
Little: -106.111 49.2108 1121.59
Thumb: 89.0981 120.04 1086.5
Index: 18.9779 10.9076 1130.67
Middle: -36.1718 1.25372 1132.12
Ring: -77.1942 17.8504 1127.97
Little: -112.492 51.4931 1121.48
Thumb: 90.8717 121.118 1089.02
Index: 10.3968 9.59475 1131.07
Middle: -47.2432 2.52717 1131.09
Ring: -85.9607 20.552 1126.21
Little: -119.533 55.6067 1119.18
Thumb: 82.9219 120.208 1089.03
Index: 4.07698 7.11916 1129.95
Middle: -50.977 -0.891937 1131.01
Ring: -91.1333 16.8879 1127.3
Little: -126.967 52.9076 1121.67
Thumb: 76.032 119.54 1090.83
Index: -1.72455 6.80628 1131.15
Middle: -56.4757 -1.87228 1131
Ring: -99.0034 16.3633 1126.13
Little: -133.037 51.0464 1119.58
Thumb: 70.1972 121.219 1092.46
Index: -7.92617 9.41816 1129.7
Middle: -64.1346 1.83797 1129.99
Ring: -102.303 18.1946 1122.77
Little: -138.785 54.2083 1115.33
Thumb: 67.7796 124.446 1092.01
Index: -13.4674 9.56912 1130.96
Middle: -70.7471 1.84265 1130.16
Ring: -106.081 17.9437 1125.27
Little: -144.307 54.8374 1118.07
Thumb: 64.7835 125.919 1094.15
Index: -15.2469 9.34257 1133.45
Middle: -72.8485 0.442375 1132.09
Ring: -107.953 15.593 1126.64
Little: -146.912 51.5328 1118.56
Thumb: 58.5028 126.207 1099.83
Index: -14.9341 9.23113 1137.76
Middle: -71.7439 -2.11779 1135.18
Ring: -106.941 11.2886 1128.52
Little: -147.821 45.7042 1119.09
Thumb: 49.0116 125.021 1102.4
Index: -14.3552 13.9874 1143.42
Middle: -68.7652 -1.271 1136.66
Ring: -98.6008 7.87339 1125.94
Little: -141.08 39.6803 1119.16
Thumb: 46.9335 129.163 1117.62
Index: -14.0111 18.0075 1153.61
Middle: -63.4077 -2.07959 1136.32
Ring: -91.2789 6.01471 1127.37
Little: -132.311 32.7367 1115.65
Thumb: 45.0298 140.489 1142.42
Index: -15.8172 21.7531 1161.67
Middle: -60.095 0.735287 1143.93
Ring: -85.063 6.69797 1130.38
Little: -128.384 50.6088 1133.38
Thumb: 39.4595 147.028 1152.91
Index: -19.8395 27.5536 1169.65
Middle: -61.5349 4.84264 1148.43
Ring: -81.184 10.5303 1135.47
Little: -135.241 91.1196 1126.16
Thumb: 23.0337 149.287 1168.15
Index: -22.9815 29.1728 1173.35
Middle: -54.1232 6.46964 1150.3
Ring: -74.1893 10.61 1132.36
Little: -137.462 94.1187 1111.71
Thumb: 19.8945 151.206 1176.76
Index: -32.1059 30.8385 1178.81
Middle: -56.671 11.6526 1160.19
Ring: -75.3925 16.2745 1140.93
Little: -137.82 87.0758 1117.34
Thumb: 4.51046 150.638 1182.91
Index: -42.4971 32.8042 1182.05
Middle: -60.706 13.1371 1156.92
Ring: -75.9983 18.5691 1136.91
Little: -136.601 90.4626 1106.24
Thumb: 1.91094 150.526 1190.09
Index: -50.4524 32.1389 1184.7
Middle: -66.5678 12.808 1158.23
Ring: -156.881 77.2897 1160.61
Little: -141.796 100.938 1098.31
Thumb: -3.49234 150.972 1197.49
Index: -59.9054 32.477 1186.95
Middle: -68.2377 16.4152 1167.43
Ring: -162.24 82.8802 1157.5
Little: -143.732 101.608 1094.89
Thumb: -7.22776 150.113 1201.69
Index: -69.5754 33.8746 1190.93
Middle: -71.3546 16.8158 1169.26
Ring: -162.997 81.7084 1157.17
Little: -143.848 103.091 1094.11
Thumb: 4.71788 148.829 1205.8
Index: -75.6743 32.237 1188.02
Middle: -67.9181 12.2675 1160.84
Ring: -164.524 87.161 1154.78
Little: -143.629 102.952 1094.45
Thumb: -2.33505 152.421 1214.76
Index: -74.5607 29.5223 1184
Middle: -66.0018 11.7475 1157.57
Ring: -167.642 93.8639 1140.66
Little: -141.132 113.06 1093
Thumb: -8.0184 149.86 1216.33
Index: -65.9934 29.8814 1183.71
Middle: -59.0841 13.8246 1158.78
Ring: -70.1039 20.9999 1136.3
Little: -136.917 115.145 1092.32
Thumb: -8.25694 156.456 1222.13
Index: -62.2934 27.7592 1181.48
Middle: -60.6222 12.7554 1158.6
Ring: -67.2315 19.9956 1134.45
Little: -135.332 112.068 1090.35
Thumb: -9.15578 156.77 1223.69
Index: -77.6731 33.4509 1184.3
Middle: -57.3588 13.2693 1157.45
Ring: -64.9684 19.8071 1134.16
Little: -119.389 99.6121 1081.62
Thumb: -9.42023 154.122 1224.42
Index: -80.5902 33.6601 1186.33
Middle: -60.3556 13.4664 1159.64
Ring: -64.3851 20.1464 1135
Little: -82.087 40.3694 1102.26
Thumb: -10.0574 151.245 1229.7
Index: -78.9013 30.9432 1184.59
Middle: -60.4446 11.5601 1158.56
Ring: -62.766 18.7408 1133.82
Little: -79.8685 39.9959 1101.41
Thumb: -10.0989 151.097 1229.66
Index: -83.0025 34.1726 1184.26
Middle: -57.1725 10.9681 1157.68
Ring: -62.8062 18.7439 1133.78
Little: -79.8831 40.0096 1101.37
Thumb: -10.3099 142.261 1224.58
Index: -82.7184 36.0508 1183.67
Middle: -55.4062 12.5619 1157.31
Ring: -59.7234 19.3826 1133.51
Little: -76.9897 40.5326 1101.12
Thumb: -3.05894 137.444 1222.85
Index: -79.2779 32.7015 1188.57
Middle: -52.9097 9.34436 1160.27
Ring: -59.1972 15.9595 1136.95
Little: -77.8763 36.9812 1105.27
Thumb: 4.94478 140.447 1221.66
Index: -78.0175 34.5014 1187.92
Middle: -46.7778 7.98345 1157.78
Ring: -52.7564 15.2674 1133.88
Little: -73.754 36.1151 1103.56
Thumb: 9.70902 143.298 1219.17
Index: -75.0091 34.6696 1188.05
Middle: -45.0214 8.32946 1156.66
Ring: -51.8239 15.4491 1132.92
Little: -73.9724 36.129 1103.33
Thumb: 15.4293 140.3 1213.13
Index: -71.505 40.7652 1196.63
Middle: -43.1544 11.3377 1166.41
Ring: -48.7883 16.5708 1141.59
Little: -72.7072 35.3051 1112.1
Thumb: 24.3903 136.702 1207.19
Index: -71.9375 38.312 1190.49
Middle: -37.7429 7.97972 1152.69
Ring: -59.4478 20.0526 1135.15
Little: -71.7579 36.2054 1103.11
Thumb: 27.5018 135.39 1203.51
Index: -62.9707 32.0961 1192.68
Middle: -33.5586 8.06945 1153.64
Ring: -54.1188 18.5416 1135.9
Little: -69.4296 35.1705 1104.59
Thumb: 36.222 132.865 1195.36
Index: -107.188 95.5968 1200.04
Middle: -81.6756 83.5143 1153.44
Ring: -34.9476 15.3885 1148.08
Little: -56.4363 29.277 1117.4
Thumb: 37.7155 129.834 1194.24
Index: -106.402 97.0715 1200.86
Middle: -83.4069 75.3588 1162.8
Ring: -35.6994 13.7914 1149.99
Little: -58.3577 27.7069 1119.97
Thumb: 41.1657 119.554 1181.21
Index: -99.9694 100.473 1203.21
Middle: -87.1167 93.7495 1155.18
Ring: -37.3837 13.8036 1153.76
Little: -57.8067 26.9774 1121.34
Thumb: 46.9907 117.111 1173.97
Index: -91.7802 101.773 1206.29
Middle: -81.015 95.1337 1155.03
Ring: -30.261 13.1465 1155.9
Little: -53.6106 25.2461 1124.9
Thumb: 45.3898 107.444 1163.38
Index: -83.4174 98.6112 1206.44
Middle: -92.0794 90.5222 1176.64
Ring: -40.8745 21.1348 1179.6
Little: -38.202 23.5656 1127.96
Thumb: 47.2243 101.254 1157.1
Index: -79.1135 97.2231 1204.92
Middle: -89.7502 91.1802 1174.9
Ring: -40.0365 20.1634 1175.51
Little: -37.6884 23.5202 1123.36
Thumb: 47.8498 94.541 1151.16
Index: -78.5224 94.5517 1196.68
Middle: -77.182 95.9225 1146.28
Ring: -34.4428 16.5624 1165.76
Little: -33.8662 19.497 1117.91
Thumb: 48.0963 90.7067 1146.94
Index: -75.0717 89.2897 1196.13
Middle: -78.243 98.4776 1143.85
Ring: -34.375 17.5533 1158.78
Little: -34.3288 20.0692 1114.37
Thumb: 46.7758 87.467 1141.58
Index: -72.9838 89.976 1194.34
Middle: -65.9256 95.3521 1135.31
Ring: -32.2426 18.1105 1158.06
Little: -33.2142 19.7845 1114.76
Thumb: 47.7934 86.9874 1138.86
Index: -71.5912 91.5744 1189.62
Middle: -64.9594 90.4796 1139.18
Ring: -28.8416 19.4124 1157.21
Little: -25.694 18.9547 1112.78
Thumb: 48.5714 86.6086 1134.92
Index: -67.7325 95.7075 1188.04
Middle: -60.3682 89.1197 1140.77
Ring: -41.6427 43.0278 1148.81
Little: -19.5645 18.7695 1115
Thumb: 45.3215 87.4211 1132.97
Index: -63.0311 97.4647 1196.28
Middle: -59.5616 87.5742 1153.68
Ring: -31.4283 50.7297 1141.71
Little: -16.5539 21.8948 1121.15
Thumb: 44.6775 87.8739 1131.09
Index: -59.958 103.08 1196.5
Middle: -48.0195 82.9407 1159.54
Ring: -10.7171 29.2833 1168.89
Little: -12.5527 24.4416 1125.06
Thumb: 40.7915 88.3087 1127.2
Index: -58.2558 105.772 1195.87
Middle: -44.9042 83.8039 1162.52
Ring: 2.93206 30.8607 1174.63
Little: -2.35353 26.1517 1130.06
Thumb: 37.0533 91.6291 1124.8
Index: -46.2221 104.532 1204.1
Middle: -30.1954 81.5157 1168.29
Ring: 5.77912 39.8367 1177.4
Little: 0.411007 31.4547 1135.02
Thumb: 35.1861 90.1068 1121.96
Index: -52.2241 109.027 1198.19
Middle: -24.4438 77.3755 1171.71
Ring: 7.64712 39.6443 1175.2
Little: 1.73843 31.5617 1133.79
Thumb: -20.9797 205.124 1216.46
Index: -48.7135 101.093 1201.88
Middle: -17.6301 65.4805 1189.51
Ring: 13.5587 39.9616 1171.76
Little: 4.57841 33.0354 1134.48
Thumb: -16.8732 200.801 1218.73
Index: -40.6499 99.8772 1203.8
Middle: -42.1591 90.5073 1158.32
Ring: 13.3506 44.9407 1170.06
Little: 12.1378 33.8662 1133.86
Thumb: -14.3213 198.669 1217.44
Index: -38.4831 103.416 1206.27
Middle: -41.0418 93.0934 1160.4
Ring: 15.6289 48.0307 1174.44
Little: 14.135 35.9599 1138.24
Thumb: -14.8549 199.039 1217.57
Index: -35.4096 99.8894 1204.85
Middle: -46.8303 74.9937 1205.26
Ring: 18.7027 47.3691 1168.91
Little: 15.8839 35.2031 1136.15
Thumb: -13.0145 191.537 1217.01
Index: -31.6168 97.6757 1206.44
Middle: -47.0338 74.8692 1204.71
Ring: 8.76845 52.1699 1164.9
Little: 16.9412 35.3604 1135.23
Thumb: -10.0715 196.893 1214.72
Index: -35.9511 101.76 1201.81
Middle: -50.0166 78.2632 1201.23
Ring: 20.1552 44.6002 1167.32
Little: 13.5639 34.9184 1132.87
Thumb: -1.09542 181.477 1209.97
Index: -33.6905 103.26 1201.39
Middle: -40.522 77.5941 1199.59
Ring: 2.21062 56.4299 1157.11
Little: 14.7782 34.6481 1132.45
Thumb: -3.31778 177.109 1213.19
Index: -26.4706 94.304 1205.24
Middle: -39.3425 72.566 1199.29
Ring: 2.44696 53.7077 1157.19
Little: 13.8133 33.5078 1132.17
Thumb: -5.19888 198.303 1221.92
Index: -34.4317 94.4929 1201.91
Middle: -55.203 82.7808 1183.95
Ring: 3.1686 46.1943 1159.6
Little: 11.9001 30.1774 1128.92
Thumb: -10.241 179.838 1228.57
Index: -47.491 88.8286 1196.12
Middle: -25.078 49.7649 1185.9
Ring: -16.8559 53.3732 1140.33
Little: 0.392209 25.4106 1122.46
Thumb: -14.5515 192.327 1228.4
Index: -54.4232 90.3242 1190.47
Middle: -23.7552 40.3554 1184.08
Ring: -27.8703 56.3793 1135.36
Little: -5.57725 24.471 1116.75
Thumb: -15.3424 184.202 1226.77
Index: -54.0868 86.0919 1190.76
Middle: -29.0389 41.7785 1181.56
Ring: -32.7175 65.887 1124.66
Little: -6.51134 23.9423 1115.23
Thumb: -12.4715 184.811 1222.64
Index: -54.8291 86.1248 1191.1
Middle: -40.343 50.2809 1177.95
Ring: -30.4766 52.945 1134.7
Little: -11.3799 22.3135 1115.12
Thumb: -9.90901 187.38 1225.1
Index: -59.5015 91.6816 1187.49
Middle: -43.0623 49.9666 1175.84
Ring: -33.0197 53.521 1132.33
Little: -16.7839 23.4935 1111.68
Thumb: -7.18615 183.259 1226.64
Index: -62.1147 94.3136 1186.41
Middle: -40.9877 46.3661 1174.86
Ring: -35.2012 52.6626 1132.32
Little: -20.4325 22.3781 1111.54
Thumb: -5.23899 173.96 1226.6
Index: -64.5627 97.1825 1183.74
Middle: -41.7439 46.4079 1172.39
Ring: -36.6432 53.3314 1130.49
Little: -22.3953 23.1204 1109.55
Thumb: -8.7745 189.214 1225.45
Index: -64.8324 94.9751 1185
Middle: -47.6018 54.2042 1167.82
Ring: -38.9609 54.1356 1129.97
Little: -25.2639 23.6932 1109.19
Thumb: -0.910973 153.167 1196.57
Index: -65.1609 95.5077 1184.75
Middle: -46.036 52.996 1167.52
Ring: -39.3832 54.3613 1130.03
Little: -25.4882 23.7028 1109.23
Thumb: -8.63633 201.875 1225.58
Index: -66.6533 99.3344 1182.41
Middle: 8.21616 7.04244 1164.69
Ring: -40.8095 59.2742 1126.2
Little: -25.0001 23.852 1108.33
Thumb: -18.812 185.464 1231.71
Index: -73.5282 100.721 1177.59
Middle: 15.8291 8.55313 1154.08
Ring: -9.9966 14.9216 1139.04
Little: -25.6743 27.1307 1103.48
Thumb: -13.9862 200.125 1228.08
Index: -7.14875 40.9901 1190.09
Middle: 16.964 11.3956 1155.36
Ring: -8.50678 16.8388 1141.25
Little: -27.9876 28.3529 1107.19
Thumb: 3.96782 195.279 1227.36
Index: -0.955778 42.3565 1194.5
Middle: 18.4107 10.4525 1158.68
Ring: -26.0807 27.5298 1155.75
Little: -30.9375 27.7141 1114.9
Thumb: 23.795 204.26 1219.44
Index: 24.7932 29.7707 1178.81
Middle: -30.8716 41.8074 1198.96
Ring: -17.6553 23.4521 1153.61
Little: -35.1791 27.3181 1120.07
Thumb: 40.1004 204.21 1215.23
Index: 28.0351 32.078 1173.27
Middle: -29.8941 51.607 1205.02
Ring: -3.38884 13.392 1142.75
Little: -37.5416 29.9461 1123.93
Thumb: 43.5158 206.487 1217.19
Index: 24.1009 42.6222 1179.63
Middle: -29.374 57.3674 1210.13
Ring: -0.375982 14.2804 1147.57
Little: -34.745 30.5602 1128.91
Thumb: 54.7069 199.425 1215.78
Index: 30.3317 44.547 1177.77
Middle: -28.9217 70.7758 1216.4
Ring: 3.13087 16.6314 1146.97
Little: -32.8709 33.1157 1131.91
Thumb: 62.3688 176.35 1208.16
Index: 33.9486 44.7679 1176.27
Middle: -52.604 120.401 1214.95
Ring: 4.0066 17.1099 1148.96
Little: -32.63 34.0309 1136.08
Thumb: 73.428 170.038 1199.22
Index: 49.1411 25.1008 1159.08
Middle: -50.6774 117.088 1215.79
Ring: 4.74059 14.8548 1148.95
Little: -32.2831 31.8115 1136.88
Thumb: 66.9627 166.459 1199.17
Index: 56.0369 25.6489 1157.88
Middle: -43.06 112.951 1222.25
Ring: 6.97282 11.6774 1151.28
Little: -31.0539 27.0769 1141.33
Thumb: 68.458 169.119 1205.4
Index: 57.2613 20.143 1151.57
Middle: -44.0871 108.329 1219.92
Ring: 9.18209 6.87108 1144.83
Little: -28.7385 22.6915 1136.03
Thumb: 68.5405 158.939 1199.11
Index: 59.0747 18.2748 1142.98
Middle: -38.4685 98.9817 1219.34
Ring: 11.0286 4.78566 1137.59
Little: -27.1345 20.5785 1130.96
Thumb: 72.9884 155.235 1203.2
Index: 57.4575 12.8384 1138.6
Middle: -40.6565 96.2705 1216.99
Ring: -0.787025 17.5506 1151.34
Little: -26.0365 18.6864 1126.23
Thumb: 72.3084 143.049 1196.83
Index: 59.0781 10.0349 1129.76
Middle: -14.1427 53.8284 1212.77
Ring: -1.17409 16.3989 1145.8
Little: -24.8525 15.2693 1119.92
Thumb: 69.6314 128.571 1187.41
Index: 32.3699 41.6784 1147.38
Middle: -15.1847 51.0173 1208.92
Ring: -0.160088 12.6273 1139.13
Little: -24.7298 13.8859 1113.89
Thumb: 67.8163 120.696 1180.27
Index: 31.1512 43.4121 1142.61
Middle: -19.3798 52.7889 1205.41
Ring: -3.86982 18.2991 1134.19
Little: -22.1474 12.1322 1105.42
Thumb: 46.3925 123.212 1153.84
Index: 31.0318 42.7606 1135.96
Middle: -19.7214 49.262 1200.46
Ring: -4.16276 17.9945 1127.18
Little: -22.3158 13.4006 1098.04
Thumb: 38.4026 120.837 1140.52
Index: 27.5126 47.522 1134.38
Middle: -12.3269 38.5618 1194.99
Ring: -2.42997 14.9183 1124.16
Little: -22.6448 13.4114 1096.06
Thumb: 38.7936 120.915 1138.69
Index: 26.0295 53.0341 1130.68
Middle: -12.3971 40.8433 1194.76
Ring: -4.7623 20.6999 1123.78
Little: -20.968 13.2422 1093.92
Thumb: 51.4775 124.56 1168.35
Index: 14.4928 85.6351 1101.2
Middle: -6.01134 21.4815 1180.89
Ring: -4.51662 20.2391 1117.41
Little: -18.2187 14.7622 1085.84
Thumb: 50.5987 125.65 1168.8
Index: 15.5583 86.8163 1100.13
Middle: -7.01505 23.1613 1180.81
Ring: -3.05281 21.2186 1116.45
Little: -15.7184 15.249 1084.26
Thumb: 46.1496 121.502 1152.08
Index: 18.0803 84.6416 1097.69
Middle: -44.1407 81.474 1179.76
Ring: -8.48014 33.2216 1115.87
Little: -11.1675 11.5146 1085.6
Thumb: 46.8565 120.698 1148.04
Index: 19.6528 83.6872 1095.22
Middle: -40.1279 97.5477 1140.51
Ring: -7.29843 33.1268 1114.75
Little: -9.69654 10.3098 1085.14
Thumb: 48.7637 123.549 1151.19
Index: 21.5618 84.4572 1098.15
Middle: -36.3117 97.7098 1137.55
Ring: -7.2496 33.437 1116.29
Little: -10.5472 9.23519 1086.92
Thumb: 48.42 121.549 1139.72
Index: 23.7176 84.8102 1092.11
Middle: -33.5358 99.0361 1131.65
Ring: -5.64555 35.5202 1111.73
Little: -9.80158 10.3628 1080.75
Thumb: 46.8764 121.995 1135.38
Index: 24.699 84.3022 1091.74
Middle: -33.1392 99.7049 1129.92
Ring: -4.29789 34.1201 1112.06
Little: -8.50944 10.0799 1082.35
Thumb: 47.5933 122.229 1135.79
Index: 25.4035 84.7645 1089.59
Middle: -38.2251 101.272 1136.75
Ring: -4.19346 35.3362 1108.84
Little: -7.80813 11.1262 1079.07
Thumb: 29.7201 64.5805 1065.57
Index: 26.4638 84.6149 1088.77
Middle: -38.6858 101.01 1137.83
Ring: -3.09779 35.3316 1107.93
Little: -4.36557 11.8145 1078.9
Thumb: 30.4465 65.4901 1062.85
Index: 26.3033 85.675 1086.09
Middle: -38.2447 81.8595 1170.61
Ring: -2.74614 36.0985 1105.27
Little: -4.28319 12.7872 1076.09
Thumb: 30.3534 66.6214 1062.05
Index: 27.3591 86.4536 1086.48
Middle: -36.6217 90.5037 1164.5
Ring: -0.0863705 37.0943 1106.11
Little: -4.1769 13.5429 1082.17
Thumb: 29.9005 64.5034 1061.7
Index: 23.669 88.3962 1090.64
Middle: -35.36 101.47 1152.23
Ring: -0.498476 37.8047 1107.9
Little: -5.82361 13.3929 1084.91
Thumb: 28.7221 64.9029 1060.56
Index: 26.9257 85.6818 1083.91
Middle: -34.1182 102.913 1148.08
Ring: -1.70169 37.9557 1106.64
Little: -5.84556 12.918 1078.89
Thumb: 28.5884 64.8515 1060.99
Index: 27.0439 85.5669 1083.99
Middle: -23.6407 84.4737 1156.25
Ring: -1.72928 38.113 1107.23
Little: -5.82141 12.8896 1079.5
Thumb: 31.4758 66.4881 1063.95
Index: 25.5645 89.645 1094.54
Middle: -26.6982 101.982 1131.8
Ring: 2.87742 39.2374 1110.7
Little: -0.05583 13.5529 1083.7
Thumb: 33.5878 66.2053 1067.96
Index: 23.6166 73.4796 1155.59
Middle: -30.6662 97.1247 1167.67
Ring: 3.75756 39.5893 1115.14
Little: 0.946182 13.3473 1088.68
Thumb: 37.2327 64.9651 1075.06
Index: 22.5203 76.4089 1167.04
Middle: -32.3705 100.942 1172.68
Ring: 5.69172 39.6112 1122.77
Little: 3.56148 12.425 1097.2
Thumb: 34.3773 69.2674 1083.88
Index: 23.2511 71.8271 1174.93
Middle: -34.3057 94.9125 1187.06
Ring: 5.0355 40.3688 1129.86
Little: 3.80451 14.1137 1104.9
Thumb: 32.3821 71.8053 1095.16
Index: 34.5914 62.6179 1204.16
Middle: -31.1754 93.7034 1200.87
Ring: 6.84828 44.9298 1143.77
Little: 11.49 13.5135 1119.39
Thumb: 38.2371 71.8541 1105.08
Index: 32.6361 67.8907 1212.94
Middle: -31.494 90.5875 1212.39
Ring: 20.359 33.5011 1162.88
Little: 15.5228 15.7925 1129.42
Thumb: 36.6959 80.9447 1112.82
Index: 29.2258 72.9263 1221.47
Middle: -36.4673 87.3783 1216.87
Ring: 13.9612 49.2654 1159.15
Little: 23.6061 21.1139 1136.54
Thumb: 35.5365 84.0688 1118.36
Index: 18.7864 90.0279 1225.84
Middle: 46.2602 44.8841 1218.62
Ring: 15.0348 55.1505 1167.41
Little: 26.1578 25.8059 1147.11
Thumb: -16.4548 119.596 1106.15
Index: -7.154 115.4 1223.01
Middle: 34.8202 62.2395 1219.34
Ring: 7.95212 63.4127 1177.6
Little: 25.1895 30.0726 1155.81
Thumb: -20.0449 123.903 1109.87
Index: -7.87755 126.133 1227.29
Middle: 27.1664 75.0655 1229.21
Ring: 8.14124 69.0155 1183.35
Little: 20.4317 35.8501 1165.95
Thumb: -25.0553 133.237 1112.96
Index: -16.2842 139.688 1229.18
Middle: 10.8908 92.1634 1241.49
Ring: 1.84164 76.5032 1190.58
Little: 14.8123 40.7618 1174.72
Thumb: -27.3281 134.599 1116.38
Index: -23.2026 140.451 1233.85
Middle: 3.46027 95.83 1245.18
Ring: -2.98532 80.7001 1195.75
Little: 13.541 45.4773 1180.15
Thumb: -32.1307 139.504 1115.19
Index: -31.9789 142.785 1232.12
Middle: 29.6332 71.3809 1240.45
Ring: 9.61909 63.4526 1221.55
Little: 0.723541 44.0589 1179.58
Thumb: -29.0086 160.017 1114.61
Index: -34.5765 144.166 1232.17
Middle: 25.3222 70.7317 1239.66
Ring: 3.57454 64.3919 1221.49
Little: -8.41333 46.7573 1183.28
Thumb: -31.7145 161.915 1113.95
Index: -42.612 142.403 1231.08
Middle: 3.77679 79.0854 1231.64
Ring: 6.79366 55.6397 1218.6
Little: -12.2974 44.7899 1178.94
Thumb: -37.0968 163.984 1112.19
Index: -44.936 143.113 1229.32
Middle: 4.69346 76.7907 1226.32
Ring: 1.55449 57.2813 1214.71
Little: -16.9739 45.8798 1175.15
Thumb: -38.3418 162.105 1109.23
Index: -52.0795 140.327 1225.66
Middle: -2.36107 72.4691 1226.23
Ring: -4.59706 53.155 1211.02
Little: -23.3054 43.5477 1171.97
Thumb: -40.0717 161.432 1107.47
Index: -46.9711 124.299 1227.06
Middle: -13.472 67.1647 1216.37
Ring: -12.6771 45.4754 1202.72
Little: -27.9074 37.2587 1159.63
Thumb: -38.0773 159.832 1105.84
Index: -56.542 117.703 1222.16
Middle: -29.0265 58.8125 1209.94
Ring: -17.8105 29.6444 1186.42
Little: -42.8212 33.1568 1151.88
Thumb: -39.0299 159.103 1103.57
Index: -61.6924 105.418 1217.61
Middle: -39.1776 52.5238 1200.35
Ring: -27.7259 23.5966 1178.21
Little: -48.0797 28.7232 1139.25
Thumb: -40.3061 157.391 1100.78
Index: -75.1305 115.267 1208.3
Middle: -34.5636 37.6245 1202.29
Ring: -26.8913 19.1081 1169.85
Little: -51.3337 27.3774 1136
Thumb: 42.1956 104.377 1147.01
Index: -75.4064 116.756 1206.61
Middle: -38.6266 43.3912 1201.34
Ring: -26.3379 19.0894 1170.32
Little: -50.152 26.5829 1135.47
Thumb: 42.6181 98.788 1141.84
Index: -74.1413 113.229 1204.45
Middle: -45.1969 46.5094 1193.54
Ring: -21.3283 11.7595 1154.28
Little: -53.9915 24.0503 1130.69
Thumb: 37.3462 95.0882 1139.17
Index: -78.6608 105.891 1198.87
Middle: -53.8335 52.3248 1180.87
Ring: -18.1942 8.43752 1146.46
Little: -116.946 70.0653 1151.2
Thumb: 20.3939 95.2536 1128.01
Index: -61.2932 82.7965 1207.29
Middle: -41.4345 48.6607 1170.95
Ring: -14.5194 8.06108 1151.59
Little: -112.203 63.3353 1150.31
Thumb: -22.1277 105.982 1100.92
Index: -60.0939 88.8257 1206.02
Middle: -39.074 57.6321 1164.42
Ring: -8.28564 11.5597 1154.99
Little: -106.222 60.0235 1153.02
Thumb: -21.5479 107.59 1100.7
Index: -58.6535 89.9935 1206.18
Middle: -37.0391 59.2008 1164.62
Ring: -4.54932 13.5754 1155.11
Little: -103.755 59.3869 1153.46
Thumb: 38.8559 90.5325 1131.7
Index: -57.2116 92.8246 1200.67
Middle: -36.8311 61.3102 1164.89
Ring: -3.33875 16.0708 1158.06
Little: -101.703 57.9887 1153.44
Thumb: 34.3652 86.7726 1129.35
Index: -55.4969 91.1252 1202.52
Middle: -51.8295 72.1016 1166.04
Ring: -3.06744 16.6941 1158.83
Little: -103.337 59.8806 1152.5
Thumb: 34.406 86.8015 1130.27
Index: -55.8528 91.5862 1201.73
Middle: -11.2125 29.1878 1197.1
Ring: -5.85017 17.2211 1161.71
Little: -103.201 59.6269 1152.63
Thumb: 32.6807 86.3024 1132.73
Index: -59.4768 93.3902 1201.1
Middle: -6.18997 28.5999 1196.82
Ring: -5.11013 18.4981 1165.2
Little: -100.601 56.6059 1152.06
Thumb: 32.1894 85.1918 1130.55
Index: -59.0466 98.2963 1195.56
Middle: -5.86683 30.0953 1197.42
Ring: -4.9991 19.7518 1166.27
Little: -96.6253 56.3947 1152.73
Thumb: 34.9467 84.8125 1132.99
Index: -58.5799 99.4481 1190.44
Middle: -3.91038 28.121 1197.44
Ring: -0.854031 17.9209 1164.52
Little: -92.8125 53.7012 1152.06
Thumb: 32.7392 82.6211 1125.35
Index: -48.3897 90.6768 1206.81
Middle: -17.0441 43.9764 1195.61
Ring: 2.90958 19.888 1167.44
Little: -84.2299 49.8394 1157.05
Thumb: 31.5569 81.4426 1123.83
Index: -53.2362 93.8577 1201.91
Middle: -11.9535 41.4749 1198.87
Ring: 0.634045 22.3576 1174.2
Little: -96.3286 59.559 1147.53
Thumb: 34.7459 82.9918 1125.85
Index: -51.9187 92.123 1204.35
Middle: -6.72478 39.494 1197.07
Ring: 0.938662 22.3522 1174.19
Little: -88.1662 52.5663 1151.99
Thumb: 34.1532 81.9869 1127.71
Index: -44.2956 89.6765 1202.92
Middle: -14.3176 44.4225 1196.1
Ring: -0.365879 22.178 1175.86
Little: -84.9895 50.8588 1154.65
Thumb: 34.229 82.0314 1127.64
Index: -44.1614 89.7613 1202.99
Middle: -14.214 44.6685 1195.92
Ring: -0.427377 22.3331 1176.08
Little: -87.5837 52.9882 1153.52
Thumb: 34.2192 82.0127 1127.6
Index: -49.3185 94.9495 1197.71
Middle: -14.2669 44.7326 1195.89
Ring: -0.344732 22.3222 1176.02
Little: -87.5984 53.0248 1153.51
Thumb: 34.5288 82.0574 1127.78
Index: -41.6117 85.8102 1209.03
Middle: -7.30509 39.7894 1198.18
Ring: 2.62523 21.5027 1173.89
Little: -87.9245 53.2739 1153.39
Thumb: 35.4708 83.4417 1129.02
Index: -50.5121 95.6789 1198.7
Middle: -17.5328 48.4538 1193.99
Ring: 4.88072 21.96 1173.38
Little: -86.8768 53.149 1153.27
Thumb: 35.5423 83.5582 1128.95
Index: -49.4844 94.7266 1199.25
Middle: -6.72651 40.5217 1198.6
Ring: 5.09106 22.0046 1173.28
Little: -86.2108 52.5017 1153.58
Thumb: 41.3947 87.3804 1133.14
Index: -46.4254 90.8392 1203.65
Middle: -18.4773 49.2189 1193.13
Ring: 4.37577 22.2585 1173.8
Little: -85.6546 51.9456 1153.47
Thumb: 47.8899 95.0705 1134.98
Index: -41.3215 82.6915 1200.62
Middle: -20.0839 50.0569 1183.76
Ring: 3.67347 22.5717 1170.36
Little: -84.5 50.5444 1144.58
Thumb: 52.0724 97.7234 1138.15
Index: -37.6474 76.7808 1202.35
Middle: -28.023 62.2517 1163.47
Ring: 3.00775 20.2487 1167.24
Little: -6.36623 22.0558 1121.64
Thumb: 58.6067 106.346 1148.19
Index: -45.7587 82.631 1194.13
Middle: -27.9016 59.8222 1162.79
Ring: 2.5366 17.6729 1165.62
Little: -53.2098 42.0169 1126.02
Thumb: 56.7107 111.092 1161.95
Index: -38.4667 88.9818 1171.08
Middle: -31.9006 45.7234 1175.74
Ring: -6.85939 12.8854 1161.83
Little: -62.9582 39.3572 1131.41
Thumb: 53.2945 112.471 1167.75
Index: -44.0131 88.5103 1170.82
Middle: -35.335 49.6739 1166.17
Ring: -7.00984 10.6749 1156.94
Little: -75.2731 48.7799 1125.13
Thumb: 50.7833 117.613 1176.73
Index: -52.0366 85.4315 1170.51
Middle: -41.4117 46.1616 1163.76
Ring: -12.705 7.98745 1153.42
Little: -83.3075 56.7108 1113.72
Thumb: 44.2473 120.683 1184.1
Index: -43.5653 37.9035 1200.26
Middle: -43.1832 47.0292 1152.96
Ring: -15.307 6.95809 1144.8
Little: -59.9603 31.7047 1114.56
Thumb: 32.783 114.123 1189.93
Index: -57.6361 43.788 1197.08
Middle: -45.9167 45.9617 1151.31
Ring: -16.8942 5.88572 1143.21
Little: -39.4811 19.2591 1110.2
Thumb: 23.8005 111.071 1194.95
Index: -50.2584 34.1224 1197.74
Middle: -49.7052 45.7412 1151.36
Ring: -20.7145 5.10701 1144.74
Little: -41.4397 18.7679 1110.65
Thumb: 12.1166 107.3 1199.8
Index: -64.0819 41.122 1192.3
Middle: -50.1818 44.7577 1147.72
Ring: -25.2366 3.44925 1144.65
Little: -40.9132 17.4443 1108.1
Thumb: 4.75496 104.394 1203.69
Index: -70.0083 38.99 1189.68
Middle: -14.3252 -1.41023 1161.67
Ring: -30.4755 2.80365 1140.97
Little: -45.3876 18.5297 1104.83
Thumb: -4.45674 101.139 1206.03
Index: -60.2785 25.4687 1184.99
Middle: -22.904 -3.1356 1157
Ring: -35.5377 2.34208 1134.73
Little: -51.6567 19.8783 1099.76
Thumb: -12.9692 99.2554 1200.54
Index: -48.5015 19.2111 1181.17
Middle: -36.9162 -1.114 1159.36
Ring: -35.4667 3.64718 1132.54
Little: -52.7893 21.0282 1097.72
Thumb: -16.0084 98.3724 1201.02
Index: -49.2726 16.5457 1180.11
Middle: -42.4695 -1.56732 1158.84
Ring: -37.2687 2.93818 1131.51
Little: -52.3931 20.3673 1095.98
Thumb: -46.5051 175.145 1234.7
Index: -43.8127 13.4786 1175.41
Middle: -47.9106 -1.7871 1155.51
Ring: -48.4035 3.76001 1129.99
Little: -61.6609 22.978 1093.23
Thumb: -61.9322 183.206 1230.86
Index: -67.9862 24.0259 1168.32
Middle: -56.4058 -0.890379 1151.09
Ring: -56.5367 5.00709 1125.82
Little: -70.7648 28.0266 1087.66
Thumb: -44.7425 181.362 1228.78
Index: -72.3351 27.9859 1164.18
Middle: -62.8036 -1.4215 1150.15
Ring: -56.2519 3.30024 1124.73
Little: -73.5232 27.1584 1085.87
Thumb: -50.9342 162.946 1224.54
Index: -76.4587 71.2449 1140.16
Middle: -67.8916 -2.94935 1150.54
Ring: -64.5592 2.86162 1125.26
Little: -79.9315 27.1016 1087.55
Thumb: -46.6061 169.279 1227.49
Index: -76.3862 70.9246 1139.94
Middle: -67.7714 -3.29737 1150.26
Ring: -63.862 2.44555 1124.96
Little: -79.7773 26.4137 1087.52
Thumb: -41.6168 172.365 1228.79
Index: -79.3696 54.387 1149.85
Middle: -68.1969 -5.26861 1151.15
Ring: -68.2814 1.06223 1126.04
Little: -81.8969 24.6208 1088.79
Thumb: -48.2952 170.136 1228.96
Index: -80.9353 54.5778 1149.21
Middle: -73.6575 -4.91857 1150.91
Ring: -69.227 1.03149 1125.17
Little: -81.5423 23.5656 1088.45
Thumb: -34.4538 179.497 1229.66
Index: -78.3785 52.702 1147.12
Middle: -73.3969 -6.80265 1147.4
Ring: -66.6458 -1.54414 1121.49
Little: -81.7641 23.1866 1085.7
Thumb: -34.8533 174.935 1229.65
Index: -76.9401 57.5352 1141.06
Middle: -67.5568 -5.46009 1139.16
Ring: -62.5794 0.910849 1113.88
Little: -80.4144 28.5231 1079.36
Thumb: 83.3929 137.062 1135.88
Index: -2.55437 120.257 1176.03
Middle: -12.9901 101.303 1202.69
Ring: -19.2232 -3.73365 1129.04
Little: -63.6917 31.8532 1154.63
Thumb: -36.7389 71.8997 1087.15
Index: -20.9593 135.861 1162.2
Middle: -16.8015 114.545 1200.67
Ring: 0.677554 2.02738 1122.68
Little: -54.6869 13.5562 1145.02
Thumb: -35.8461 79.6458 1083.68
Index: -24.1326 137.337 1162.06
Middle: -23.8843 117.641 1199.73
Ring: 2.52952 11.2325 1119.43
Little: -57.1992 15.0621 1135.18
Thumb: -33.428 78.7742 1080.07
Index: -22.4082 134.421 1163.59
Middle: -30.2949 118.656 1193.24
Ring: 1.70896 10.4986 1114.68
Little: -58.6453 15.7452 1135.11
Thumb: -35.5664 79.5444 1078.42
Index: -14.4711 129.489 1167.86
Middle: -28.7094 118.332 1191.9
Ring: -1.86677 11.7831 1115.38
Little: -60.5398 16.5927 1133.05
Thumb: -35.2181 79.5451 1075.77
Index: -18.7442 129.752 1164.03
Middle: -29.099 114.648 1190.77
Ring: -2.13931 10.1041 1112.02
Little: -57.3875 15.5979 1128.34
Thumb: -31.5171 78.7492 1072.99
Index: -17.8858 126.854 1167.5
Middle: -30.2977 111.331 1191.58
Ring: -2.1629 7.71277 1109.89
Little: -59.4372 13.1463 1120.23
Thumb: -31.5079 78.7472 1072.98
Index: -16.0693 125.306 1168.96
Middle: -30.3395 111.329 1191.56
Ring: -2.17996 7.65085 1109.71
Little: -59.4405 13.1389 1120.2
Thumb: -29.1088 79.4675 1070.68
Index: -20.5507 124.999 1167.38
Middle: -35.0828 109.402 1190.36
Ring: -5.17664 5.89409 1107.57
Little: -61.0463 14.0062 1113.43
Thumb: -28.9406 86.7727 1070.47
Index: -20.2441 118.578 1172.23
Middle: -41.4916 108.242 1189.08
Ring: -6.46706 5.45245 1107.6
Little: -62.5836 13.9167 1109.57
Thumb: -26.9711 83.161 1068.75
Index: -15.6605 118.919 1171.79
Middle: -38.8184 112.078 1188.19
Ring: -7.31374 7.71715 1106.89
Little: -61.7668 17.9399 1109.6
Thumb: -26.3892 84.2196 1067.03
Index: -15.1924 114.353 1172.79
Middle: -40.6287 108.926 1186.62
Ring: -5.4781 7.4384 1103.15
Little: -59.6144 17.0959 1104.34
Thumb: -21.6989 85.6384 1063.42
Index: -13.6273 114.133 1169.13
Middle: -41.4291 110.795 1179.59
Ring: -2.71546 3.31102 1098.51
Little: -61.3879 13.6789 1104.96
Thumb: -25.9514 92.4798 1061.69
Index: -11.8763 115.097 1167.82
Middle: 25.8607 27.8699 1122.23
Ring: -2.66416 4.5768 1093.96
Little: -57.8539 16.1033 1102.26
Thumb: -25.9218 93.7468 1059.28
Index: -15.2195 115.514 1164.85
Middle: 23.6913 29.821 1120.11
Ring: -3.27983 4.40487 1088.94
Little: -58.1552 16.4436 1097.2
Thumb: -23.9215 95.094 1056.72
Index: -13.6078 113.377 1163.21
Middle: 30.3983 25.5371 1112.72
Ring: -3.44463 3.25953 1085.6
Little: -58.8555 13.8468 1091.94
Thumb: 22.9972 76.0691 1050.01
Index: -12.9059 115.791 1161.83
Middle: 38.3081 17.2226 1102.32
Ring: -4.76644 5.62958 1089.98
Little: -59.5642 14.1549 1090.2
Thumb: 22.7637 77.3452 1048.27
Index: -18.9575 122.111 1156.23
Middle: 37.7205 18.6633 1100.78
Ring: -1.6123 6.63018 1084.88
Little: -58.5212 15.0494 1087.31
Thumb: 22.2586 77.2842 1049.26
Index: -21.3821 121.851 1156.13
Middle: 38.2646 16.8016 1098.36
Ring: -2.00291 6.54394 1084.72
Little: -58.919 14.9755 1085.72
Thumb: 20.941 78.2736 1048.52
Index: -16.1764 117.679 1158.97
Middle: 37.8468 18.106 1095.47
Ring: -4.32741 7.55515 1084.27
Little: -59.1522 17.0088 1084.18
Thumb: 20.818 78.1279 1046.28
Index: -16.42 119.495 1153.22
Middle: 37.4731 19.5295 1096.49
Ring: -4.96278 7.23745 1084.24
Little: -63.0459 17.7218 1087.14
Thumb: 21.2678 78.3426 1046.44
Index: -16.7356 119.873 1153.14
Middle: 36.2326 21.0453 1098.7
Ring: -5.04888 7.89058 1085.65
Little: -63.0086 17.9452 1087.54
Thumb: 22.0033 78.3497 1046.26
Index: -19.0093 122.366 1152.89
Middle: 35.8068 21.7115 1099.86
Ring: -5.11333 8.44641 1086.99
Little: -63.1315 18.1978 1088.4
Thumb: 22.9708 78.4842 1046.21
Index: -19.1033 122.626 1152.27
Middle: 35.8726 21.5988 1100.04
Ring: -5.00735 8.27106 1086.54
Little: -61.2679 18.3873 1089.26
Thumb: 24.6849 77.5477 1046.71
Index: -17.4924 123.941 1153.2
Middle: 34.4156 21.9169 1102.48
Ring: -5.76246 7.98578 1089.02
Little: -59.6341 18.8136 1092.52
Thumb: 27.4416 74.8687 1045.99
Index: -9.03331 118.153 1157.85
Middle: 35.7336 21.6866 1106.06
Ring: -3.54908 4.93825 1090.45
Little: -59.6956 16.0795 1097
Thumb: 29.6501 73.6394 1047.62
Index: -6.51289 117.299 1160.31
Middle: 33.9114 20.4741 1108.37
Ring: -3.98502 4.37005 1093.86
Little: -59.5838 16.4615 1101.79
Thumb: 29.3475 74.5863 1051.48
Index: -11.3919 117.358 1163
Middle: 34.1537 17.694 1108.87
Ring: -7.19513 3.64698 1098.22
Little: -59.1579 17.216 1105.95
Thumb: 27.3727 75.8525 1053.37
Index: -13.9103 120.404 1163.61
Middle: 30.6372 15.1187 1111.65
Ring: -5.75478 2.59107 1103.81
Little: -58.4077 13.7528 1110.54
Thumb: 25.635 73.2819 1057.81
Index: -8.61808 116.727 1168.74
Middle: 29.7041 13.1032 1115.05
Ring: -8.4623 1.23913 1107.19
Little: -60.0559 14.8441 1114.45
Thumb: 26.3878 73.4767 1060.89
Index: -11.6422 118.464 1170.71
Middle: 29.148 11.5924 1115.69
Ring: -9.23185 1.36199 1111.93
Little: -57.5476 15.7489 1119.14
Thumb: 23.998 70.8521 1063.55
Index: -9.54179 116.369 1174.15
Middle: 29.3454 9.8499 1116.81
Ring: -9.43526 0.799826 1113.13
Little: -58.8042 17.9262 1124.59
Thumb: 23.0668 69.1252 1067.29
Index: -12.7404 117.925 1175.43
Middle: 31.9841 8.22957 1119.04
Ring: -9.5236 -0.927013 1115.98
Little: -59.7783 17.3391 1128.76
Thumb: 22.0227 68.6568 1070.15
Index: -5.296 112.779 1181.73
Middle: 30.2918 12.6595 1127.79
Ring: -9.91658 -0.795811 1120.4
Little: -59.4049 22.3255 1138.4
Thumb: 21.9247 69.5201 1072.32
Index: -15.0345 125.846 1170.99
Middle: 34.4099 6.47769 1119.37
Ring: -8.03396 0.130741 1123.32
Little: -54.1195 21.4111 1143.8
Thumb: 15.5035 71.4796 1071.16
Index: -18.2826 129.445 1157.47
Middle: 33.7279 9.68793 1120.45
Ring: -8.30133 2.17923 1125.52
Little: -50.7453 26.8789 1153.72
Thumb: 17.9881 70.9592 1072.97
Index: -18.6988 127.699 1159.58
Middle: 32.1687 7.62251 1123.95
Ring: -7.54604 1.75472 1126.88
Little: -50.5625 26.6776 1157.5
Thumb: 13.6616 72.8611 1076.42
Index: -19.9637 128.712 1163.73
Middle: 26.7099 8.03057 1131.13
Ring: -8.92797 4.51592 1132.13
Little: -49.8515 26.9578 1159.92
Thumb: 10.692 75.5697 1088.57
Index: 16.2113 80.0364 1150.1
Middle: 14.5821 6.24941 1141.36
Ring: -13.6775 4.57885 1133.41
Little: -58.7496 24.9692 1155.81
Thumb: 8.40738 74.7446 1090.41
Index: 18.7889 82.1405 1152.41
Middle: 16.1043 6.13836 1144.29
Ring: -8.29844 3.9047 1135.6
Little: -50.085 23.8182 1160.65
Thumb: 5.00372 73.959 1084.68
Index: 22.4857 84.4681 1145.43
Middle: 23.5404 12.6465 1146.91
Ring: -4.69252 5.66007 1137.72
Little: -37.9552 26.7854 1165.92
Thumb: -19.0061 74.1418 1074.92
Index: 18.6401 101.209 1118
Middle: 40.5567 26.2634 1125.83
Ring: 7.24959 13.8663 1132.26
Little: -9.21301 110.79 1198.48
Thumb: -38.5266 77.6868 1084.96
Index: 8.69168 110.149 1104.45
Middle: 36.7532 33.7156 1115.53
Ring: 5.21142 24.7542 1137.96
Little: 2.31807 137.355 1181.33
Thumb: -45.1689 73.6811 1085.4
Index: 7.33004 105.97 1101.89
Middle: 33.5999 30.1955 1103.35
Ring: 14.0146 30.1635 1141.04
Little: -48.8941 141.788 1168.21
Thumb: -38.9925 72.1767 1081.36
Index: -38.6219 103.656 1093.84
Middle: 32.4992 31.7818 1102.48
Ring: 12.9423 29.2388 1136.84
Little: -54.9347 138.892 1165.19
Thumb: -39.1724 70.3941 1082.2
Index: -38.3335 101.849 1094.46
Middle: 27.6042 25.3911 1100.7
Ring: 10.0438 25.5296 1140.11
Little: -51.4866 140.435 1171.47
Thumb: -43.6681 90.9958 1123.16
Index: -36.7913 97.6083 1095.11
Middle: 28.539 21.2964 1096.02
Ring: 12.3476 23.4697 1143.48
Little: -46.0422 141.3 1170.82
Thumb: -38.0376 87.6824 1124.97
Index: -37.4791 99.9651 1097.94
Middle: 25.0614 21.5316 1099.76
Ring: 34.9328 46.4574 1133.08
Little: -45.1942 144.813 1173.26
Thumb: -38.2406 89.1338 1127.35
Index: -37.7243 99.486 1098.33
Middle: 24.3795 20.9315 1098.14
Ring: 36.2292 48.0585 1133.25
Little: -47.0236 141.95 1177.8
Thumb: -28.3973 86.1479 1130.75
Index: -36.5141 95.9443 1100.92
Middle: 26.5148 19.3202 1095.98
Ring: 40.6342 46.9808 1128.68
Little: -41.7337 140.61 1180.37
Thumb: -20.0522 86.178 1131.05
Index: -30.4307 96.5307 1100.92
Middle: 25.1804 17.9893 1095.75
Ring: 44.9508 57.2972 1138.41
Little: -47.1054 135.649 1181.5
Thumb: -14.2912 89.7701 1135.43
Index: -37.071 95.9428 1101.41
Middle: 20.6604 15.4528 1095.19
Ring: 46.7501 62.4969 1139.31
Little: -46.4205 140.069 1172.43
Thumb: -7.38195 88.1622 1131.71
Index: -48.4545 118.118 1114
Middle: 16.7088 12.7384 1094.02
Ring: 48.5508 68.3033 1142.88
Little: -46.8678 139.97 1171.57
Thumb: -2.61624 86.4686 1130.59
Index: -46.6881 125.843 1119.61
Middle: 9.86368 12.553 1094.59
Ring: 31.4393 40.5308 1130.86
Little: -42.861 143.908 1173.43
Thumb: -2.19489 87.8315 1121.03
Index: -45.6745 120.951 1116.98
Middle: 7.94101 10.8206 1096.7
Ring: 32.7563 41.0046 1133.57
Little: -40.8528 144.768 1175.49
Thumb: 8.79664 87.5029 1119.3
Index: -31.0557 97.0146 1105.76
Middle: 8.14303 4.50327 1100.34
Ring: 38.4266 37.168 1138.87
Little: 18.8814 135.977 1182.01
Thumb: -0.460048 91.7211 1115.46
Index: -31.5628 98.5961 1105.75
Middle: 7.1001 5.68188 1100.59
Ring: 35.5126 36.0499 1135.92
Little: 22.7146 127.593 1184.62
Thumb: 2.86073 92.1349 1112.29
Index: -31.0306 98.4489 1105.46
Middle: 8.74773 5.86396 1101.47
Ring: 37.458 37.9933 1137.19
Little: 21.1791 127.065 1188.31
Thumb: 3.7074 92.4709 1111.35
Index: -30.8089 97.8748 1106.05
Middle: 10.9612 6.07333 1103.53
Ring: 39.5697 39.4245 1138.38
Little: 22.1762 128.623 1188.08
Thumb: 5.74473 93.085 1110.54
Index: -29.6588 97.7383 1105.77
Middle: 14.0037 6.80712 1103.9
Ring: 42.1268 41.1942 1138.11
Little: 22.8683 130.266 1187.42
Thumb: 5.35298 94.0234 1108.48
Index: -30.263 99.7389 1106.72
Middle: 13.928 6.83418 1104.48
Ring: 41.9419 41.0317 1138.93
Little: 23.0737 131.716 1185.93
Thumb: 5.30868 94.081 1108.41
Index: -30.2535 99.8045 1106.75
Middle: 13.9731 6.82948 1104.68
Ring: 41.9597 41.0249 1138.71
Little: 23.092 131.486 1186.27
Thumb: 8.20479 92.6755 1105.53
Index: -27.8456 97.4584 1103.72
Middle: 14.8858 5.06289 1104.72
Ring: 43.2141 40.1759 1139.61
Little: 22.8669 128.176 1186.53
Thumb: 6.40889 95.0751 1101.56
Index: -28.8799 99.9722 1104.58
Middle: 14.7008 5.38673 1104.68
Ring: 41.9384 39.0902 1139.57
Little: 22.466 123.538 1190.9
Thumb: 2.32669 99.1815 1093.46
Index: -28.1648 100.337 1096.61
Middle: -13.0861 96.6447 1127.02
Ring: 9.28523 11.0707 1112.79
Little: 15.976 117.74 1187.04
Thumb: 9.15063 95.476 1095.83
Index: -23.9937 98.2166 1095.02
Middle: -16.3456 94.0809 1124.48
Ring: 11.4068 10.644 1109.15
Little: 10.9997 123.262 1187.19
Thumb: 22.7287 98.2675 1086.58
Index: -24.3575 97.8835 1094.88
Middle: -16.0022 94.3736 1124.62
Ring: 11.0168 10.1959 1110.68
Little: 9.26707 129.458 1181.93
Thumb: 20.4852 98.5203 1087.92
Index: -21.1637 99.0518 1094.83
Middle: -20.128 93.4883 1122.73
Ring: 7.81867 10.2356 1113.09
Little: -1.22716 139.393 1175.09
Thumb: 16.9558 89.6699 1089.15
Index: -2.28707 88.5296 1103.79
Middle: 23.574 -3.00275 1131.92
Ring: -16.4941 -0.839632 1130.36
Little: -64.4148 115.795 1175.85
Thumb: 53.368 130.578 1087.32
Index: 8.43163 93.133 1105.39
Middle: 14.9672 -2.68826 1129.89
Ring: -29.6773 5.91542 1126.02
Little: -61.6316 123.981 1170.19
Thumb: 63.6331 130.803 1090.16
Index: 63.103 19.6799 1134.42
Middle: 6.21513 -1.40028 1133.6
Ring: -33.8879 6.75893 1128.26
Little: -59.4503 117.864 1169.31
Thumb: 67.6949 126.751 1091.58
Index: 61.9071 22.0548 1136.39
Middle: 5.6867 1.11621 1136.04
Ring: -33.157 8.93985 1130.81
Little: -58.6492 122.1 1170.3
Thumb: 67.4795 126.705 1092.24
Index: 61.5075 21.7311 1136.51
Middle: 6.27585 0.553648 1135.8
Ring: -32.4437 8.04127 1130.41
Little: -59.7014 121.066 1170.18
Thumb: 72.8144 126.687 1092.56
Index: 59.9472 21.4689 1137.2
Middle: 4.04544 0.68512 1135.51
Ring: -32.5797 8.39914 1130.28
Little: -69.5856 84.7575 1170.44
Thumb: 68.428 126.268 1092.16
Index: 59.5363 21.3106 1137.2
Middle: 3.60444 0.652065 1135.54
Ring: -34.1748 8.64688 1130.28
Little: -70.9077 79.9204 1169.02
Thumb: 68.3639 126.105 1092.35
Index: 58.576 21.1343 1136.99
Middle: 2.93826 0.610178 1135.36
Ring: -35.5576 8.74183 1129.98
Little: -72.8815 75.3552 1166.96
Thumb: 68.344 125.923 1091.74
Index: 58.433 21.2753 1137.51
Middle: 1.77891 0.620323 1135.57
Ring: -35.4393 8.74484 1130.53
Little: -68.3025 92.4478 1170.86
Thumb: 62.7324 123.319 1094.58
Index: 55.2788 19.5037 1138.17
Middle: 2.20666 0.230743 1135.08
Ring: -37.3635 9.32502 1130.02
Little: -69.9965 93.0734 1169.41
Thumb: 93.8732 137.974 1100.51
Index: 51.6896 14.895 1146.05
Middle: 11.324 -4.72234 1140.4
Ring: -35.5946 4.64302 1133.96
Little: -69.6989 48.2923 1157.52
Thumb: 62.5385 133.159 1092.2
Index: 53.515 26.1335 1138.03
Middle: 0.168764 5.88545 1135.5
Ring: -34.3891 13.6651 1130.63
Little: -71.8297 72.4387 1165.38
Thumb: 59.4511 134.762 1092.02
Index: 54.0937 25.7635 1136.47
Middle: -1.14843 6.20784 1135.92
Ring: -34.3369 13.9291 1131.16
Little: -71.8249 71.9493 1165.59
Thumb: 58.2087 134.976 1092.35
Index: 52.9232 25.5608 1136.73
Middle: -3.45478 6.36572 1135.85
Ring: -36.213 14.3766 1131
Little: -73.1084 72.5458 1165.34
Thumb: 53.9869 135.691 1091.61
Index: 52.1786 26.2134 1134.79
Middle: -4.26482 6.45175 1134.31
Ring: -37.7542 14.3218 1130.01
Little: -74.3225 74.9036 1166.99
Thumb: 46.2679 135.477 1090.14
Index: 48.7607 24.7512 1133.43
Middle: -7.69741 5.7499 1133.45
Ring: -40.1588 13.9383 1129.69
Little: -78.2055 80.378 1169.2
Thumb: 37.8381 138.598 1090.29
Index: 43.7021 22.4616 1132.51
Middle: -12.5526 5.34922 1132.17
Ring: -45.3994 14.4278 1127.74
Little: -82.848 86.6795 1168.99
Thumb: 28.8997 144.853 1092.42
Index: 39.0684 22.9578 1130.07
Middle: -16.0207 4.69328 1128.24
Ring: -51.8779 13.8669 1123.96
Little: -87.9301 88.357 1169.86
Thumb: 23.2995 142.007 1088.36
Index: 35.7775 29.5091 1121.46
Middle: -19.3715 8.24982 1122.48
Ring: -53.7911 15.4464 1120.74
Little: -90.5937 91.1308 1172.77
