Thumb: -23.3117 62.106 1057.88
Index: 84.8302 16.4514 1057.2
Middle: 117.351 45.214 1027.68
Ring: 137.448 66.8484 1034.94
Little: 160.45 111.23 1047.9
Thumb: -24.9718 67.7991 1096.72
Index: 83.7791 12.3039 1057.21
Middle: 125.178 26.7893 1050.66
Ring: 148.879 59.4725 1047.35
Little: 160.367 104.164 1044
Thumb: -13.1222 66.023 1097.84
Index: 90.53 14.8307 1058.74
Middle: 130.181 30.422 1051.23
Ring: 150.935 61.7699 1048.32
Little: 162.132 108.442 1044.83
Thumb: -8.19738 64.1367 1094.81
Index: 94.9284 15.3873 1057.61
Middle: 132.404 29.715 1052.44
Ring: 152.234 60.3888 1050.33
Little: 165.28 111.524 1047.66
Thumb: -2.05482 64.8949 1095.11
Index: 100.419 18.3868 1059.5
Middle: 132.77 29.6456 1050.33
Ring: 152.511 58.7989 1053.4
Little: 166.447 111.384 1050.4
Thumb: 7.54631 69.8818 1094.84
Index: 105.478 21.0271 1061.95
Middle: 134.462 28.0184 1052.22
Ring: 153.961 55.1039 1056.83
Little: 169.532 106.782 1053.32
Thumb: 11.9775 68.3901 1093.21
Index: 108.549 24.2848 1059.11
Middle: 139.047 30.8306 1056.07
Ring: 154.809 55.14 1055.33
Little: 166.456 97.4744 1054.06
Thumb: 16.6132 69.098 1091.7
Index: 112.203 26.1712 1061.81
Middle: 141.69 31.9597 1060.45
Ring: 154.264 52.9421 1060.58
Little: 166.958 96.0902 1059.5
Thumb: 19.7194 70.8023 1090.22
Index: 114.43 28.7017 1061.82
Middle: 144.136 34.9818 1060.23
Ring: 155.658 54.9705 1060.31
Little: 165.507 94.1326 1059.14
Thumb: 21.1119 67.8709 1087.88
Index: 117.145 31.7459 1062.71
Middle: 147.404 39.3785 1062.88
Ring: 157.676 58.6919 1063.94
Little: 165.08 95.7763 1064.28
Thumb: 25.2179 69.0591 1088.09
Index: 118.526 32.3125 1063.58
Middle: 148.264 39.6869 1064.16
Ring: 158.486 59.2788 1065.3
Little: 164.498 94.8558 1065.68
Thumb: 26.7136 70.162 1088.05
Index: 118.888 32.4002 1065.28
Middle: 148.455 39.7183 1066.01
Ring: 158.684 59.4472 1067.12
Little: 165.002 95.6402 1067.27
Thumb: 28.817 70.2595 1089.67
Index: 118.152 32.7695 1063.87
Middle: 147.857 39.948 1063.93
Ring: 158.014 59.1517 1064.82
Little: 163.084 93.7455 1063.9
Thumb: 26.5882 68.5801 1086.7
Index: 109.645 26.3725 1060.89
Middle: 142.921 37.0324 1063.54
Ring: 156.04 59.4984 1065.01
Little: 161.164 94.7937 1061.18
Thumb: -13.664 164.783 1055.51
Index: 12.9715 165.127 1166.64
Middle: 27.7468 183.126 1180.81
Ring: 51.5973 186.488 1166.89
Little: 76.5524 192.897 1118.28
Thumb: -14.7305 162.677 1053.51
Index: 6.48545 163.657 1164.77
Middle: 24.076 180.278 1179.73
Ring: 49.7937 182.422 1167.19
Little: 71.838 185.913 1117.76
Thumb: -17.0542 163.85 1052.62
Index: 7.21816 163.985 1163.22
Middle: 24.6403 180.106 1175.9
Ring: 46.0578 182.047 1162.88
Little: 72.2914 181.435 1114.75
Thumb: -19.4782 167.068 1052.68
Index: 7.58494 172.156 1164.29
Middle: 28.8977 182.141 1175.92
Ring: 51.7963 170.284 1153.89
Little: 72.3889 187.372 1144.13
Thumb: -5.8666 157.535 1054.2
Index: 0.626881 176.036 1163.05
Middle: 23.641 186.342 1175.05
Ring: 42.4277 182.561 1167.34
Little: 67.6437 187.577 1145.35
Thumb: -18.0118 152.747 1054.92
Index: -11.0476 169.965 1162.6
Middle: 4.59369 189.665 1176.57
Ring: 32.1975 174.244 1168.84
Little: 53.7814 187.662 1145.28
Thumb: -17.0901 159.496 1053.65
Index: -9.68614 173.137 1161.54
Middle: 10.8655 184.675 1175.98
Ring: 30.337 178.464 1168.04
Little: 55.7382 184.358 1145.37
Thumb: -28.3266 162.301 1054.74
Index: -11.7302 175.709 1163.61
Middle: 11.182 181.735 1177.18
Ring: 29.6402 179.034 1168.69
Little: 54.8299 178.636 1145.08
Thumb: -31.3623 156.585 1056.79
Index: -14.8342 171.21 1164.38
Middle: 10.1964 174.949 1177.29
Ring: 25.0924 172.55 1168.94
Little: 46.305 171.001 1145
Thumb: -36.2314 157.298 1058.57
Index: -22.7814 174.581 1167.06
Middle: 4.26897 180.51 1178.97
Ring: 19.595 180.869 1170.42
Little: 40.0658 178.398 1146.58
Thumb: -50.6024 158.17 1058.72
Index: -31.1458 170.561 1168.57
Middle: -4.30475 176.903 1180.93
Ring: 10.2094 175.541 1172.34
Little: 32.1557 178.245 1149.63
Thumb: -58.1851 148.883 1059.97
Index: -38.6361 163.71 1167.75
Middle: -12.7712 171.894 1180.85
Ring: 0.573326 177.479 1173.01
Little: 24.3483 172.944 1148.42
Thumb: -66.0905 155.523 1060.24
Index: -48.2564 169.451 1168.54
Middle: -17.862 169.333 1182.61
Ring: -2.97341 180.195 1174.64
Little: 20.4111 169.604 1151.38
Thumb: -68.0438 144.846 1062.64
Index: -55.8812 169.222 1170.55
Middle: -26.09 171.197 1183.97
Ring: -5.412 173.658 1175.47
Little: 14.482 166.994 1152.33
Thumb: -78.126 137.931 1061.99
Index: -66.4274 167.84 1171.6
Middle: -31.6174 166.084 1184.84
Ring: -16.0331 175.288 1176.21
Little: 7.77372 162.39 1152.79
Thumb: -81.8196 136.518 1062.68
Index: -64.768 166.256 1172.55
Middle: -32.9709 166.035 1185.89
Ring: -15.1813 173.352 1176.56
Little: 13.7169 166.466 1153.08
Thumb: -88.2883 135.053 1064.31
Index: -68.453 165.757 1173.61
Middle: -37.65 166.793 1185.97
Ring: -18.3053 171.79 1176.87
Little: 6.58121 174.046 1153.46
Thumb: -92.6422 139.624 1063.47
Index: -77.8349 171.049 1173.63
Middle: -45.1199 166.853 1188.06
Ring: -23.7952 169.043 1178.49
Little: 1.37746 171.371 1156.57
Thumb: -107.723 138.531 1065.59
Index: -80.6637 166.642 1174.37
Middle: -48.3577 163.76 1187.51
Ring: -30.8743 171.183 1177.74
Little: -2.93499 171.545 1154.35
Thumb: -67.6502 166.324 1062.99
Index: -86.5678 176.206 1171.6
Middle: -52.5234 162.753 1186.68
Ring: -33.536 167.028 1178.09
Little: -4.73224 163.02 1155.17
Thumb: -81.9683 166.452 1063.46
Index: -99.2366 172.873 1172.68
Middle: -70.7501 175.34 1185.71
Ring: -44.1128 168.847 1177.25
Little: -16.6529 169.871 1154.29
Thumb: -85.0163 170.15 1062.94
Index: -102.47 173.044 1171.86
Middle: -73.8712 175.109 1185.93
Ring: -45.6478 166.878 1177.9
Little: -20.3656 172.127 1155.02
Thumb: -82.6207 172.518 1063.31
Index: -96.0618 170.459 1173.96
Middle: -65.3774 167.215 1186.76
Ring: -41.8854 162.649 1177.25
Little: -17.2253 164.911 1152.92
Thumb: -83.6288 172.385 1064.54
Index: -101.541 176.249 1173.81
Middle: -61.6641 157.23 1187.49
Ring: -44.1368 163.51 1178.24
Little: -19.0181 165.722 1153.83
Thumb: -85.1286 172.209 1065.58
Index: -92.3239 157.806 1176.93
Middle: -64.03 159.556 1187.48
Ring: -46.7232 166.283 1178.11
Little: -20.8882 160.289 1153.8
Thumb: -88.4096 173.603 1065.88
Index: -95.7576 159.083 1177.11
Middle: -67.6765 160.577 1188.92
Ring: -51.8848 170.447 1179.54
Little: -21.0089 159.446 1155.02
Thumb: -90.9809 176.171 1066.86
Index: -100.139 175.232 1177.68
Middle: -65.284 161.445 1189.37
Ring: -48.1703 168.008 1179.18
Little: -20.3968 157.504 1153.43
Thumb: -90.9193 176.184 1066.85
Index: -94.8277 164.043 1178.39
Middle: -64.4988 159.775 1189.25
Ring: -48.5662 168.869 1179.17
Little: -20.78 160.708 1153.85
Thumb: -90.8733 172.736 1065.65
Index: -94.588 168.083 1177.33
Middle: -62.7496 161.165 1187.9
Ring: -45.6974 167.345 1177.56
Little: -20.1401 161.556 1152.2
Thumb: -91.0727 171.77 1065.69
Index: -94.6454 168.201 1177.31
Middle: -62.7133 161.064 1187.88
Ring: -45.7522 167.442 1177.56
Little: -20.131 164.204 1152.06
Thumb: -94.5821 170.626 1065.21
Index: -99.4267 168.42 1176.79
Middle: -67.1559 163.975 1187.74
Ring: -50.2055 170.767 1177.43
Little: -24.5819 170.168 1152.14
Thumb: -93.5728 170.639 1065.38
Index: -101.464 171.434 1176.68
Middle: -67.2947 164.471 1188.19
Ring: -47.8165 167.234 1177.98
Little: -24.1241 170.329 1153.04
Thumb: -93.9942 170.797 1065.43
Index: -101.432 173.522 1176.61
Middle: -66.2153 165.283 1187.99
Ring: -46.0495 166.719 1177.45
Little: -22.5875 169.669 1152.08
Thumb: -22.2583 61.3177 1064.83
Index: 22.8482 17.3649 1096.92
Middle: -7.69292 15.2977 1121.18
Ring: -40.7974 -6.54101 1099.77
Little: -112.652 82.8227 1155.94
Thumb: -5.84072 73.7813 1059.84
Index: 27.3808 44.1405 1127.05
Middle: 7.20231 12.984 1107.74
Ring: -32.4662 -3.54844 1099.92
Little: -88.328 5.18132 1107.93
Thumb: -3.58123 79.8598 1059.69
Index: 33.5526 50.199 1122.91
Middle: 8.03841 16.0905 1105.29
Ring: -30.0152 0.438902 1095.85
Little: -79.9919 9.15604 1104.92
Thumb: 0.750692 82.6053 1059.3
Index: 41.0055 55.0328 1121.36
Middle: 11.8386 17.2657 1105.27
Ring: -22.1155 2.69393 1095.75
Little: -73.0561 11.6229 1108.99
Thumb: 3.44522 82.1105 1063.67
Index: 39.8683 59.143 1126.87
Middle: 15.6779 18.6776 1105.72
Ring: -20.4944 6.25356 1101.96
Little: -69.8829 19.1715 1113.12
Thumb: 5.83439 85.8951 1059.17
Index: 49.7018 60.8135 1123.02
Middle: 22.0504 19.8123 1104.59
Ring: -11.5324 6.45532 1095.66
Little: -60.5349 15.9622 1113.41
Thumb: 14.0401 89.4463 1058.99
Index: 60.3985 65.9239 1121.15
Middle: 32.9442 22.0509 1106.77
Ring: -0.868056 5.40371 1100.42
Little: -49.5768 12.7699 1120.04
Thumb: 11.1189 91.8512 1063.39
Index: 60.8758 68.8002 1126
Middle: 34.765 22.7242 1109.24
Ring: 2.27907 9.59788 1100.98
Little: -43.9607 19.402 1121.24
Thumb: 13.2858 92.2948 1069.23
Index: 70.1704 66.5422 1125.31
Middle: 43.3386 26.3426 1116.34
Ring: 10.5061 11.5811 1110.73
Little: -37.4851 15.648 1123.07
Thumb: 21.5354 96.7668 1070
Index: 72.2971 70.3199 1129.22
Middle: 45.7486 26.0463 1118.74
Ring: 17.3405 13.1067 1110.91
Little: -28.6728 18.7216 1127.58
Thumb: 30.9431 96.1144 1073.96
Index: 67.6595 74.5396 1140.08
Middle: 53.8588 25.3542 1121.15
Ring: 17.6111 9.81617 1113.23
Little: -26.4426 25.5493 1135.41
Thumb: 31.3559 98.5078 1072.92
Index: 87.5554 65.7168 1120.51
Middle: 60.8545 27.6508 1117.2
Ring: 23.1535 12.2577 1119.06
Little: -16.1603 33.4855 1146.63
Thumb: 26.4864 101.127 1070.46
Index: 89.1702 64.9471 1104.01
Middle: 64.7306 31.2716 1114.38
Ring: 26.5095 15.3522 1115.77
Little: -0.0356808 39.2506 1154.1
Thumb: 10.0179 94.4334 1069.44
Index: 76.7245 72.3251 1073.92
Middle: 66.7169 34.7697 1091.6
Ring: 37.0034 21.6312 1122.45
Little: 19.8993 44.9089 1161.47
Thumb: -8.97658 84.9182 1104.01
Index: 68.1309 28.6381 1054.56
Middle: 78.0811 27.1053 1086.22
Ring: 49.8023 15.8707 1121.25
Little: 14.1774 39.8363 1180.74
Thumb: 2.68077 73.1232 1073.01
Index: 62.9499 25.5304 1027.88
Middle: 71.4746 19.6856 1054.63
Ring: 69.9638 24.4551 1079.37
Little: 47.9888 37.5727 1134.08
Thumb: 4.39237 72.0118 1079.54
Index: 62.5312 24.2383 1033.08
Middle: 71.4576 18.4808 1059.04
Ring: 76.0053 26.9585 1085.42
Little: 51.5492 36.9469 1131
Thumb: 9.15961 68.1655 1084.39
Index: 67.5779 25.2372 1032.89
Middle: 75.6203 17.0456 1057.37
Ring: 83.0102 27.9238 1091.24
Little: 58.7587 38.8983 1133.46
Thumb: 11.5861 80.2621 1107.73
Index: 71.2508 25.973 1034.56
Middle: 83.9534 25.1071 1063.64
Ring: 85.0345 26.2633 1093.89
Little: 60.5081 37.1372 1133.6
Thumb: 13.9561 94.2862 1121.65
Index: 64.3573 33.316 1042.98
Middle: 82.85 61.0434 1091.27
Ring: 77.4708 32.3701 1094.8
Little: 79.1617 98.5078 1169.59
Thumb: 16.6354 96.6973 1124.1
Index: 68.7391 38.5223 1048.75
Middle: 21.1297 98.4894 1115.91
Ring: 77.3315 33.0642 1096.9
Little: 79.8315 98.8837 1167.57
Thumb: 32.2119 97.0426 1127.31
Index: 70.2868 35.3434 1052.1
Middle: 79.8193 92.5184 1114.4
Ring: 74.465 29.5491 1099.46
Little: 79.4791 99.0683 1166.6
Thumb: 39.3271 93.4127 1125.1
Index: 75.3262 39.6761 1056.89
Middle: 16.9972 95.1572 1117.43
Ring: 72.2443 28.2725 1100.82
Little: 77.8705 105.279 1170.43
Thumb: 47.396 88.8613 1120.44
Index: 82.2355 55.8466 1065.63
Middle: 14.7699 93.2479 1117.52
Ring: 68.0462 24.4162 1097.8
Little: 78.7186 83.6222 1161.09
Thumb: 62.9577 91.3198 1122.65
Index: 84.4686 30.8829 1067.32
Middle: 31.1189 113.516 1137.78
Ring: 63.4801 19.3086 1107.4
Little: 59.0836 89.5829 1185.69
Thumb: 60.0184 92.6126 1120.8
Index: 84.8826 29.7832 1066.37
Middle: 47.7296 118.189 1145.41
Ring: 63.6684 18.9639 1106.58
Little: 49.7094 104.85 1190.88
Thumb: 63.1971 92.2924 1120.09
Index: 118.57 81.4205 1116.06
Middle: 47.928 118.255 1145.17
Ring: 63.8214 18.9112 1106.83
Little: 50.0901 105.092 1190.68
Thumb: 78.1812 93.0647 1115.91
Index: 53.4722 156.961 1142.22
Middle: 114.719 87.1309 1153.85
Ring: 63.7995 17.9905 1110.51
Little: 62.7265 88.7127 1186.32
Thumb: 71.7668 101.321 1099.08
Index: 23.2032 148.937 1123.85
Middle: 120.741 82.9572 1147.83
Ring: 69.4345 19.6674 1109.85
Little: 44.2068 35.1491 1140.16
Thumb: 68.638 104.742 1095.68
Index: 22.8766 112.507 1099.2
Middle: 121.098 91.0114 1151.5
Ring: 68.2653 21.3037 1110.94
Little: 43.9306 37.4217 1141.64
Thumb: 74.2812 100.156 1102.24
Index: 38.1947 103.14 1105.03
Middle: 100.371 31.0636 1140.91
Ring: 61.6217 19.6643 1131.52
Little: 38.722 49.177 1165.02
Thumb: 99.9868 71.6265 1092.59
Index: 47.3728 119.451 1134.73
Middle: 74.7146 7.83519 1133.6
Ring: 50.0938 15.5218 1130.12
Little: 8.09091 47.6319 1140.65
Thumb: 97.3817 73.3455 1089.21
Index: 48.4336 130.216 1187.37
Middle: 79.3283 9.63342 1131.29
Ring: 42.287 14.2675 1129.8
Little: 5.1264 35.2637 1126.24
Thumb: 90.3436 76.3828 1084.98
Index: 51.346 131.163 1183.57
Middle: 79.8632 13.2938 1125.38
Ring: 40.2121 18.2151 1123.67
Little: -0.0638418 40.0901 1120.24
Thumb: 144.363 150.592 1073.37
Index: 56.3483 137.09 1177.84
Middle: 79.4606 17.4408 1124.28
Ring: 39.3916 22.5346 1124.03
Little: 1.04312 44.3536 1121.56
Thumb: 142.194 156.861 1068.48
Index: 57.6715 138.354 1181.1
Middle: 78.0405 17.683 1121.79
Ring: 38.1912 21.8166 1122.11
Little: -2.20392 42.3566 1120.16
Thumb: 144.23 159.663 1065.76
Index: 60.9933 131.952 1181.05
Middle: 78.7949 16.8108 1116.98
Ring: 39.1165 20.4727 1117.8
Little: -3.19991 40.6829 1116.86
Thumb: 143.513 160.196 1061.62
Index: 60.3742 137.024 1177.83
Middle: 78.1115 17.3442 1115.59
Ring: 39.0836 21.1208 1117.52
Little: -4.01309 41.3894 1117.83
Thumb: 142.246 160.097 1058.99
Index: 60.941 135.323 1177.46
Middle: 78.682 16.4756 1112.58
Ring: 39.2117 19.6871 1114.94
Little: -6.10065 39.7681 1116.02
Thumb: 141.843 158.854 1057.59
Index: 63.2117 132.696 1178.01
Middle: 77.9514 16.38 1111.86
Ring: 38.4031 19.866 1114.33
Little: -6.80124 40.2772 1115.4
Thumb: 144.756 160.237 1061.24
Index: 113.841 39.4796 1110.27
Middle: 75.9306 17.4908 1112.46
Ring: 33.1836 21.0482 1112.74
Little: -7.10382 41.3894 1110.81
Thumb: 146.35 162.185 1058.38
Index: 114.656 38.6395 1104.14
Middle: 73.7087 16.8134 1109.87
Ring: 32.1508 20.5601 1110.59
Little: -12.1756 41.694 1109.51
Thumb: 138.735 163.371 1060.17
Index: 117.514 44.6232 1105.36
Middle: 69.9861 18.8366 1111.28
Ring: 29.7025 21.6241 1111.3
Little: -15.6271 41.6787 1109.44
Thumb: 140.074 162.556 1061.99
Index: 115.133 43.0267 1107.21
Middle: 68.2246 18.3168 1112.55
Ring: 25.1145 21.7403 1112.21
Little: -19.2569 42.9359 1109.76
Thumb: 138.435 160.263 1060.65
Index: 111.483 42.678 1108.64
Middle: 63.9097 19.9965 1117.92
Ring: 21.2381 23.8243 1115.9
Little: -23.7322 46.454 1113.98
Thumb: 140.388 157.816 1067.06
Index: 105.966 41.1189 1113.5
Middle: 57.8351 20.5581 1120.53
Ring: 16.4473 25.6574 1115.62
Little: -29.794 50.5261 1111.18
Thumb: 142.923 157.286 1069.19
Index: 102.518 39.6492 1117.54
Middle: 53.1446 20.1535 1124.65
Ring: 10.5675 26.1058 1118.99
Little: -33.2355 51.5835 1113.79
Thumb: 140.381 153.958 1069.95
Index: 98.037 39.3246 1120.28
Middle: 48.4606 20.8602 1127.85
Ring: 6.56499 27.3204 1121.09
Little: -36.2976 53.4506 1115.94
Thumb: 139.723 152.473 1073.26
Index: 95.5077 37.4605 1124.89
Middle: 43.7792 18.117 1128.54
Ring: 3.07463 26.2586 1125.36
Little: -40.9612 53.1705 1118.7
Thumb: 139.073 149.216 1076.01
Index: 88.7455 34.851 1126.12
Middle: 37.1463 17.5868 1129.34
Ring: -2.7278 27.0628 1125.84
Little: -46.4026 55.6646 1118.89
Thumb: 137.15 146.679 1082.72
Index: 83.678 29.7531 1128.14
Middle: 31.7081 12.7581 1128.99
Ring: -8.0463 22.61 1124.11
Little: -52.9331 52.6896 1115.92
Thumb: 133.486 145.04 1088.74
Index: 76.4508 28.1061 1129.76
Middle: 23.5805 11.9891 1129.17
Ring: -15.8291 22.475 1122.83
Little: -57.6997 52.237 1114.35
Thumb: 128.337 143.866 1087.19
Index: 71.6177 24.046 1130
Middle: 20.3496 7.02544 1129.46
Ring: -21.8805 18.3138 1126.99
Little: -63.4825 47.1361 1118.26
Thumb: 115.318 134.848 1089.16
Index: 65.9439 21.0214 1128.96
Middle: 11.7648 4.87373 1129.24
Ring: -30.6196 16.7351 1125.19
Little: -70.359 46.6287 1118.93
Thumb: 110.456 131.6 1088.43
Index: 58.4099 19.7494 1130.9
Middle: 1.41072 4.85277 1131.81
Ring: -37.6792 17.0141 1127.76
Little: -77.4609 47.7848 1121.36
Thumb: 101.382 128.272 1088.55
Index: 50.2226 19.0134 1132.1
Middle: -4.02559 4.22394 1133.38
Ring: -42.9541 15.8322 1127.91
Little: -85.0834 47.7649 1121.52
Thumb: 103.184 126.881 1090.58
Index: 42.3585 14.5632 1130.8
Middle: -14.5052 2.31827 1133.12
Ring: -49.6692 13.9027 1125.47
Little: -92.1388 47.4099 1118.95
Thumb: 97.8195 124.108 1088.74
Index: 32.954 13.7723 1132.19
Middle: -20.942 2.12123 1133.82
Ring: -56.1044 14.7552 1128.99
Little: -100.847 50.1165 1121.8
Thumb: 94.3694 119.897 1087.28
Index: 25.6075 12.6591 1130.82
Middle: -27.4094 2.8014 1133.63
Ring: -65.8989 17.1173 1128.19
Little: -106.934 52.808 1121.4
Thumb: 93.7773 120.168 1086.9
Index: 18.9438 10.516 1131.33
Middle: -36.8935 1.20559 1132.51
Ring: -77.0744 17.7962 1128.08
Little: -113.275 52.3665 1121.13
Thumb: 92.7075 120.727 1088.4
Index: 9.00558 8.46669 1130.32
Middle: -43.7277 0.592709 1130.82
Ring: -85.662 19.1373 1126.36
Little: -121.31 55.6628 1119.8
Thumb: 84.1444 119.61 1090.15
Index: 1.29705 6.90253 1130.3
Middle: -50.3176 -0.784544 1130.7
Ring: -91.0254 17.2378 1126.28
Little: -128.743 55.0288 1119.76
Thumb: 76.3933 117.474 1091.39
Index: -3.82574 6.32219 1129.05
Middle: -57.5287 -0.448885 1130.96
Ring: -98.2791 17.6306 1124.59
Little: -133.816 54.5964 1118.73
Thumb: 77.097 118.99 1090.54
Index: -10.2736 6.89615 1129.8
Middle: -64.7764 1.30907 1129.93
Ring: -102.907 20.2763 1125.69
Little: -138.827 58.9014 1119.43
Thumb: 62.2369 119.987 1089.93
Index: -13.3328 10.5366 1129.42
Middle: -69.7767 2.84227 1130.05
Ring: -104.795 18.8936 1126.48
Little: -144.241 56.6142 1120.92
Thumb: 59.5354 125.135 1094.57
Index: -14.0442 8.26293 1131.76
Middle: -71.5431 -2.25291 1130.52
Ring: -107.257 11.7468 1124.61
Little: -146.759 46.9998 1118.23
Thumb: 56.4503 124.801 1099.49
Index: -13.4952 9.22061 1138.2
Middle: -72.3411 -2.98706 1134.36
Ring: -107.113 10.1111 1127.95
Little: -146.812 43.2984 1118.5
Thumb: 59.2715 130.444 1116.05
Index: -15.8098 10.9468 1144.14
Middle: -73.1545 -2.29605 1133.93
Ring: -102.493 8.86571 1124.9
Little: -146.785 42.8243 1110.05
Thumb: 45.939 133.059 1122.6
Index: -11.9876 16.0435 1153.54
Middle: -63.7218 -4.95784 1136.44
Ring: -91.539 2.20452 1125.3
Little: -141.154 31.3905 1108.67
Thumb: 36.8981 139.908 1142.54
Index: -13.0034 22.0663 1161.61
Middle: -59.4972 -1.7403 1139.27
Ring: -82.2157 3.65563 1126.7
Little: -115.81 23.8701 1110.53
Thumb: 33.7544 145.83 1153.24
Index: -18.9304 27.2202 1169.17
Middle: -61.5123 2.66883 1141.69
Ring: -80.6572 8.0625 1128.63
Little: -151.711 104.483 1145.76
Thumb: 22.7049 154.797 1172.29
Index: -23.2857 31.4679 1175.96
Middle: -58.1865 6.60788 1148.11
Ring: -76.7563 10.8191 1130.75
Little: -107.997 31.9143 1113.54
Thumb: 23.9034 158.399 1182.35
Index: -32.3892 30.9199 1178.49
Middle: -58.1101 11.063 1157.35
Ring: -109.156 61 1143.6
Little: -160.7 109.248 1130.05
Thumb: 26.4385 145.853 1178.28
Index: -49.1734 32.7719 1185.67
Middle: -57.3474 14.088 1163.7
Ring: -106.33 69.2683 1138.81
Little: -161.012 117.624 1130.94
Thumb: 26.1605 143.059 1178.11
Index: -59.1947 36.6367 1189.91
Middle: -60.1951 13.0301 1160.13
Ring: -106.993 70.1314 1138.52
Little: -163.741 119.694 1129.07
Thumb: 22.0795 144.168 1185.94
Index: -85.0521 63.7359 1190.19
Middle: -62.5402 12.9833 1163.01
Ring: -108.771 67.4373 1140.38
Little: -165.455 120.978 1125.06
Thumb: 16.1375 151.07 1200.37
Index: -97.5825 63.2401 1194.38
Middle: -62.3082 12.8701 1162.92
Ring: -77.2221 20.2208 1142.81
Little: -166.008 115.006 1116.39
Thumb: 8.27275 152.93 1207.5
Index: -93.664 53.0763 1194.81
Middle: -61.1538 14.7657 1163.42
Ring: -74.6055 21.7005 1142.22
Little: -149.092 138.825 1116.08
Thumb: 2.47371 155.67 1215.88
Index: -76.5925 35.1613 1187.36
Middle: -58.9332 14.0228 1158.21
Ring: -68.5889 20.857 1135.58
Little: -147.156 136.218 1111.62
Thumb: -3.39119 154.883 1222
Index: -83.2071 36.7032 1186.07
Middle: -61.5346 15.6017 1156.91
Ring: -68.2805 22.2629 1133.63
Little: -140.946 144.017 1107.87
Thumb: -3.76625 153.053 1221.74
Index: -80.1619 34.5123 1185.63
Middle: -62.0664 15.9609 1156.88
Ring: -67.7187 22.2191 1133.38
Little: -141.067 143.914 1107.91
Thumb: -6.44784 151.944 1225.39
Index: -78.124 32.5489 1185.1
Middle: -60.5068 14.9994 1157.01
Ring: -65.5564 21.1123 1132.66
Little: -135.741 145.51 1106.89
Thumb: -6.49892 151.68 1225.26
Index: -81.2243 34.2613 1185.44
Middle: -60.8993 15.1722 1157.08
Ring: -65.5002 21.1194 1132.65
Little: -135.53 145.504 1106.75
Thumb: -7.55761 149.673 1227.57
Index: -81.4434 32.7349 1186.24
Middle: -59.9205 13.1186 1157.66
Ring: -64.4069 19.3303 1134.02
Little: -145.273 138.173 1111.98
Thumb: -7.70481 146.536 1227.58
Index: -83.1598 34.4632 1184.04
Middle: -59.1856 10.0689 1154.1
Ring: -62.0475 17.3182 1129.22
Little: -146.211 131.487 1109.21
Thumb: -2.69315 151.599 1228.93
Index: -82.7772 34.5721 1187.62
Middle: -55.8982 9.4719 1157.4
Ring: -63.3908 17.7261 1133.78
Little: -132.648 146.241 1110.65
Thumb: -0.311108 151.904 1227.03
Index: -79.1739 34.4254 1188.03
Middle: -52.0337 9.6953 1158.82
Ring: -60.4489 17.5643 1135.11
Little: -131.446 145.34 1111.13
Thumb: 4.33037 148.687 1220.96
Index: -86.3774 56.1802 1178.43
Middle: -45.347 9.62051 1153.46
Ring: -58.1793 17.564 1132.24
Little: -131.913 143.728 1111.4
Thumb: 12.0099 147.152 1219.74
Index: -75.9087 34.8689 1188.72
Middle: -41.8363 6.97356 1154.04
Ring: -55.7005 15.0538 1133.53
Little: -122.904 79.1621 1104.72
Thumb: 16.0493 144.25 1214.62
Index: -77.9749 44.6069 1186.1
Middle: -38.8289 7.24073 1151.85
Ring: -53.72 15.2631 1132.04
Little: -123.008 79.5674 1106.11
Thumb: 21.4178 139.167 1210.46
Index: -72.0084 42.0468 1189.58
Middle: -34.4458 7.3108 1152.94
Ring: -53.8431 16.0992 1135.45
Little: -120.949 80.0218 1109.48
Thumb: 28.4438 133.098 1203.44
Index: -65.7406 35.6794 1195.91
Middle: -30.6486 6.4425 1153.95
Ring: -51.0663 15.1083 1137.48
Little: -119.03 79.0809 1114.11
Thumb: 31.7598 132.515 1198.13
Index: -64.7442 40.2194 1197.83
Middle: -25.7062 7.83221 1153.82
Ring: -50.0776 17.2704 1139.56
Little: -116.222 78.6122 1115.69
Thumb: 33.5206 126.152 1195.94
Index: -70.7586 48.691 1211.76
Middle: -29.0347 9.31431 1166.5
Ring: -50.7593 17.5806 1150.68
Little: -116.713 81.1678 1124.14
Thumb: 35.2203 125.367 1196.51
Index: -64.3273 42.9986 1210.2
Middle: -30.4448 8.18351 1166.67
Ring: -52.1674 16.959 1151.04
Little: -116.816 81.9993 1124.86
Thumb: 31.1709 113.822 1187.66
Index: -61.5018 41.5742 1208.21
Middle: -29.2101 8.02059 1164.87
Ring: -52.0545 17.5511 1149.85
Little: -115.763 82.2019 1123.54
Thumb: 26.0754 110.056 1190.6
Index: -53.9366 37.9117 1209.24
Middle: -53.5812 19.391 1184.55
Ring: -50.428 17.1142 1155.24
Little: -113.322 90.3319 1117.92
Thumb: 29.6923 109.781 1187.68
Index: -69.3086 55.6473 1207.73
Middle: -50.1287 19.496 1179.85
Ring: -45.9261 17.5484 1149.66
Little: -111.362 85.4856 1120.46
Thumb: 35.3324 101.834 1178.98
Index: -92.8872 88.7267 1200.41
Middle: -69.4802 28.631 1198.86
Ring: -25.1425 8.51617 1155.13
Little: -46.1764 21.2027 1123.08
Thumb: 32.389 95.5099 1165.06
Index: -86.3615 86.571 1197.94
Middle: -57.3203 20.5434 1195.54
Ring: -32.8691 14.7051 1153.42
Little: -41.7715 21.3166 1118.46
Thumb: 34.5022 95.1567 1162.69
Index: -87.3294 94.9037 1189.27
Middle: -56.3395 20.813 1193.58
Ring: -32.6347 15.7965 1151.57
Little: -38.5075 19.9609 1116.35
Thumb: 40.5478 87.6804 1151.22
Index: -76.1795 93.9336 1192.85
Middle: -52.431 33.0739 1199.65
Ring: -11.6198 12.9 1154.19
Little: -29.6751 18.8583 1121.07
Thumb: 42.8245 86.1105 1143.36
Index: -73.3303 92.3345 1194.41
Middle: -47.0569 33.1158 1199.96
Ring: -26.167 26.4497 1155.73
Little: -21.757 18.7663 1118.7
Thumb: 40.8647 84.2042 1127.88
Index: -62.2171 95.0553 1195.52
Middle: -40.4024 42.2734 1203.34
Ring: -34.6489 48.7903 1144.94
Little: -13.8807 18.975 1120.16
Thumb: 39.2456 88.2208 1128.51
Index: -62.3377 100.435 1194.41
Middle: -25.2696 44.3645 1206.83
Ring: -31.6367 53.9603 1149.5
Little: -4.66486 22.8723 1127.71
Thumb: 34.8816 88.9399 1122.81
Index: -59.9018 105.926 1193.55
Middle: -23.5644 52.024 1207.78
Ring: -28.7373 58.3959 1150.53
Little: -0.876418 26.7984 1129.93
Thumb: 32.2766 90.816 1120.1
Index: -56.7252 111.173 1195.02
Middle: 1.50148 49.8747 1208.89
Ring: 0.373604 41.6216 1176.33
Little: 2.61132 30.3689 1133.75
Thumb: 35.621 90.565 1121.49
Index: -44.7548 103.336 1202.24
Middle: 4.36074 51.0468 1207.29
Ring: 4.10357 42.3838 1175.02
Little: 3.73245 31.9364 1133.68
Thumb: -14.2804 187.696 1220.61
Index: -34.7927 96.1799 1209.73
Middle: -45.838 72.9138 1206.08
Ring: 18.17 42.694 1171.15
Little: 6.09572 33.908 1137.91
Thumb: -15.8011 194.907 1220.15
Index: -34.5701 97.7802 1208.68
Middle: -38.3566 70.1182 1209.65
Ring: -0.39926 55.3928 1163.48
Little: 12.4483 35.6626 1136.94
Thumb: -14.7801 194.337 1219.92
Index: -32.4546 97.6338 1209.49
Middle: -44.1529 74.6008 1205.52
Ring: 12.4502 49.5958 1169.41
Little: 13.0261 36.0595 1137.18
Thumb: -7.74984 190.18 1217.84
Index: -29.347 100.168 1209.55
Middle: -36.0547 74.0898 1209.56
Ring: 20.7764 47.5555 1171.41
Little: 13.474 36.4618 1138.11
Thumb: -6.52855 185.676 1218.23
Index: -29.3265 100.135 1209.55
Middle: -41.4577 77.2669 1206.09
Ring: 20.8637 47.5275 1171.4
Little: 13.5184 36.4544 1138.1
Thumb: -0.268259 189.188 1211.53
Index: -29.3897 99.3988 1208.12
Middle: -43.4208 77.7501 1202.92
Ring: 17.2386 47.8759 1172.48
Little: 14.4775 36.3299 1137.52
Thumb: 21.781 198.299 1208.24
Index: -14.7968 95.0026 1210.85
Middle: -24.3309 70.573 1208.41
Ring: 9.31612 48.3688 1169.57
Little: 14.3123 30.4236 1135.62
Thumb: 4.87486 178.565 1215.16
Index: -37.1729 99.4807 1198.6
Middle: -51.5122 80.4058 1188.16
Ring: 10.4631 47.9522 1159.55
Little: 17.5741 32.4793 1129.38
Thumb: 3.09216 196.829 1218.37
Index: -33.7837 96.3647 1201.38
Middle: -53.732 81.8657 1187.2
Ring: 5.57818 48.2419 1158.15
Little: 14.449 30.9172 1129.37
Thumb: -6.68986 180.788 1226.77
Index: -46.4528 90.3041 1192.42
Middle: -18.4322 45.5817 1187.19
Ring: -12.8001 53.6456 1137.17
Little: 4.98016 26.8569 1118.11
Thumb: 10.8697 178.469 1224.56
Index: -55.0768 92.246 1188.78
Middle: -25.6632 42.8254 1182.73
Ring: -33.2845 64.9008 1128.79
Little: -4.27624 24.3814 1115.6
Thumb: 79.0815 110.59 1155.15
Index: -49.5601 92.7573 1189.06
Middle: -31.5369 46.7671 1181.42
Ring: -34.8475 70.9919 1119.5
Little: -8.97785 22.0125 1111.62
Thumb: 80.6635 112.73 1155.61
Index: -49.6444 94.4137 1187.57
Middle: -33.4646 48.0157 1181.32
Ring: -25.9212 52.682 1133
Little: -9.7508 22.0498 1110.96
Thumb: 84.1527 117.723 1156.31
Index: -48.7778 96.9649 1186.54
Middle: -31.2009 47.6928 1183.94
Ring: -30.7041 57.2841 1135.16
Little: -6.93392 22.1644 1111.75
Thumb: 83.7552 119.135 1156
Index: -48.8063 96.9639 1186.56
Middle: -20.4032 37.6784 1186.02
Ring: -33.0692 58.82 1135.23
Little: -7.45034 21.8021 1111.54
Thumb: 83.7915 118.62 1149.86
Index: -46.1628 95.8108 1185.53
Middle: -7.0222 29.5318 1182.47
Ring: -41.3266 66.8072 1132.56
Little: -6.18814 21.5123 1108.52
Thumb: 86.4692 122.822 1152.92
Index: -47.1747 97.9993 1186.37
Middle: -12.1095 31.6631 1182.77
Ring: -44.5113 70.5646 1131.51
Little: -11.4657 22.2984 1110.55
Thumb: 88.1868 125.718 1152.28
Index: -45.9741 97.0785 1186.21
Middle: 0.193575 21.819 1181.31
Ring: -42.5203 68.7483 1131.33
Little: -10.6078 22.1101 1109.19
Thumb: 90.1281 127.746 1149.5
Index: -44.6106 98.8065 1187.25
Middle: -4.32812 24.802 1182.14
Ring: -44.6795 70.508 1133.14
Little: -13.4054 22.7224 1108.53
Thumb: 92.4658 129.19 1145.7
Index: -43.4875 105.132 1188.54
Middle: 2.01501 23.143 1181.4
Ring: -45.0554 73.2679 1135.97
Little: -16.5212 23.9863 1111.28
Thumb: 93.2175 132.15 1132.46
Index: -39.5183 112.219 1188.21
Middle: 9.92226 25.3976 1177.36
Ring: -49.0773 76.3166 1147.58
Little: -17.6175 26.3719 1111.04
Thumb: 96.0793 135.541 1121
Index: -29.7202 118.896 1192.95
Middle: 18.9191 28.783 1179.85
Ring: -38.3771 66.3358 1176.47
Little: -18.9228 28.0001 1118.82
Thumb: 96.1621 138.622 1110.86
Index: -22.8567 124.281 1195.15
Middle: 28.5111 29.562 1176.85
Ring: -29.1599 66.0647 1184.32
Little: -18.8896 29.695 1125.27
Thumb: 91.5948 141.114 1106.71
Index: -9.16566 119.716 1202.42
Middle: 38.4866 35.6699 1180.02
Ring: -28.7206 77.6572 1191.64
Little: -13.4047 33.9805 1134.33
Thumb: 87.0568 139.608 1104.67
Index: -4.18414 121.064 1207.32
Middle: 42.1971 34.6952 1178.1
Ring: -18.225 71.8714 1199.57
Little: -13.4268 34.2099 1137.95
Thumb: 88.5371 142.99 1090.69
Index: -5.56208 134.383 1196.98
Middle: 44.7988 41.7292 1182.3
Ring: -12.9112 77.6454 1196.19
Little: -10.0716 33.5584 1137.84
Thumb: 89.268 146.511 1108.64
Index: -11.6759 129.339 1207.59
Middle: 54.4723 29.0306 1166.03
Ring: -46.9339 102.454 1209.23
Little: -25.1651 26.2328 1141
Thumb: 90.1266 143.361 1107.48
Index: -7.65805 129.984 1209.58
Middle: 57.0223 27.831 1162.76
Ring: -49.1836 113.064 1209.95
Little: -27.8787 24.6825 1141.87
Thumb: 89.307 140.838 1112.11
Index: -10.1837 124.248 1211.55
Middle: 56.5126 21.8729 1156.09
Ring: -52.6904 105.231 1210.21
Little: -28.6569 21.9924 1139.24
Thumb: 85.8165 135.534 1109.45
Index: -5.81392 120.819 1212.44
Middle: 61.4813 19.3612 1152.64
Ring: -49.7177 102.585 1211.88
Little: -24.9869 18.7713 1141.93
Thumb: 85.4902 130.815 1109.31
Index: -5.98033 112.184 1211.39
Middle: 60.2817 13.7643 1145.64
Ring: -50.0573 94.4357 1209.82
Little: -22.3874 16.1432 1135.94
Thumb: 83.0813 122.2 1104.07
Index: -2.88631 108.015 1209.01
Middle: 61.0345 10.891 1139.14
Ring: -46.9986 90.289 1208.62
Little: -22.8113 12.8541 1131.81
Thumb: 80.6646 113.548 1098.03
Index: 1.54494 103.045 1206.23
Middle: 63.5405 7.64287 1132.34
Ring: -42.2657 84.7817 1207.15
Little: -23.3379 8.32852 1129.13
Thumb: 78.977 106.791 1099.2
Index: -4.93315 96.596 1200
Middle: 31.4706 32.0328 1150.78
Ring: -48.495 78.8261 1198.88
Little: -18.5403 5.44465 1114.89
Thumb: 18.8521 79.537 1087.63
Index: 0.74675 86.4251 1198.81
Middle: 28.7347 34.4867 1142.82
Ring: -58.2707 85.7211 1184.4
Little: -0.576118 11.2626 1108.52
Thumb: 16.7027 79.0496 1083.92
Index: 4.93618 84.7644 1196.08
Middle: 26.958 38.3538 1136.94
Ring: -54.1968 84.22 1183.87
Little: 0.461976 11.7899 1104.11
Thumb: 16.7018 78.699 1082.45
Index: 3.2695 83.2856 1194.48
Middle: 21.9981 45.2236 1136.68
Ring: -54.2615 79.8337 1180.92
Little: 5.09207 11.8719 1100.8
Thumb: 24.2932 69.7268 1078.99
Index: 2.95945 79.8431 1193.03
Middle: 23.4792 41.9297 1135.28
Ring: -56.1479 78.985 1177.33
Little: 4.9757 11.823 1097.17
Thumb: 25.0214 69.7663 1078.3
Index: 1.43451 79.6708 1191.47
Middle: 20.4043 46.7002 1131.11
Ring: -55.6858 76.203 1175.67
Little: 7.70844 11.4265 1095.72
Thumb: 24.5183 70.7841 1075.3
Index: -0.121775 74.7093 1189.09
Middle: 15.8868 49.2233 1126.23
Ring: -62.674 82.1086 1163.69
Little: 6.69547 12.8381 1089.38
Thumb: 25.9354 71.4798 1075.15
Index: 3.13674 77.0474 1188.4
Middle: 15.2217 54.5315 1124.42
Ring: -62.0839 87.2299 1155.43
Little: 11.3302 11.7385 1091.08
Thumb: 29.5958 71.054 1071.61
Index: -4.41779 84.633 1178.88
Middle: 16.2267 50.6691 1124.44
Ring: -58.9435 81.6231 1160.27
Little: 9.12429 12.0592 1086.09
Thumb: 27.6433 71.98 1071.2
Index: 1.62531 81.3451 1182.7
Middle: 4.98666 78.5007 1089.76
Ring: -57.4465 83.3994 1159.47
Little: 12.1715 12.9233 1087.04
Thumb: 23.3161 62.5718 1069.16
Index: 5.10891 80.1751 1182.7
Middle: -1.90408 76.6515 1089.09
Ring: -56.8665 96.8666 1159.47
Little: -5.80114 9.49125 1089.42
Thumb: 25.5279 62.1669 1068.72
Index: -9.56888 104.24 1164.6
Middle: -13.4726 85.6218 1110.98
Ring: -53.1392 87.3914 1165.16
Little: -3.59175 8.64084 1088.26
Thumb: 26.517 64.473 1066.41
Index: 2.64891 79.1597 1178.61
Middle: -11.9311 85.4757 1106.76
Ring: -47.1532 73.5142 1167.83
Little: -25.7196 35.0383 1102.2
Thumb: 29.9847 65.6005 1066.99
Index: -3.34945 79.3259 1177.34
Middle: -13.2696 86.9179 1104.28
Ring: -50.7446 70.8317 1164.19
Little: -23.5136 32.8698 1099.25
Thumb: 29.1531 67.0984 1066.11
Index: -1.40952 82.0655 1176.59
Middle: -14.1677 89.4231 1106.03
Ring: -48.291 72.7466 1163.58
Little: -21.3023 32.6614 1099.92
Thumb: 28.516 66.5984 1062.2
Index: 2.88504 84.5579 1173.89
Middle: -13.9745 92.1459 1106.33
Ring: -49.2826 85.8157 1153.2
Little: -19.9392 32.7933 1099.55
Thumb: 31.8002 66.1696 1062.43
Index: -5.20583 97.1123 1164.6
Middle: -15.9641 93.4299 1108.93
Ring: -46.8292 77.4355 1162.35
Little: -20.3633 33.3559 1097.8
Thumb: 31.8917 66.1798 1062.44
Index: -3.90822 96.6632 1164.67
Middle: -15.7713 93.8662 1109.2
Ring: -46.4528 78.1739 1162.76
Little: -22.8204 37.0342 1097.92
Thumb: 35.8694 72.1848 1065.19
Index: -3.62745 95.2186 1168.97
Middle: -14.166 94.7693 1108.57
Ring: -41.8292 70.4968 1165.8
Little: -29.8334 51.3159 1098.79
Thumb: 31.0128 70.9577 1065.07
Index: 0.12673 94.6044 1170.67
Middle: -12.0727 93.7149 1108.07
Ring: -38.7506 71.1038 1167.86
Little: 9.50452 14.1849 1083.99
Thumb: 31.3793 71.4631 1068.92
Index: 3.95076 92.9041 1177.71
Middle: -12.0746 94.0171 1113.65
Ring: -37.4872 73.2187 1172.14
Little: 10.8168 14.3029 1089.68
Thumb: 30.2651 68.8103 1074.82
Index: 8.95347 93.1498 1185.27
Middle: -10.2552 91.5807 1126.18
Ring: -35.5742 77.3535 1179.06
Little: 10.5046 13.0472 1099.76
Thumb: 29.3738 79.7773 1085.95
Index: -1.16461 99.1207 1189.76
Middle: -21.6616 82.0624 1193.02
Ring: -40.0107 75.8158 1185.76
Little: 12.0601 12.6778 1108.86
Thumb: 29.203 73.746 1096.65
Index: 4.83468 102.668 1202.41
Middle: -16.4337 86.5402 1208.31
Ring: -36.992 82.3791 1197.55
Little: 15.4408 13.2159 1126.49
Thumb: 32.8273 75.3437 1105.53
Index: -3.79744 107.463 1204.61
Middle: -24.4961 89.1712 1213.87
Ring: 25.7511 26.4696 1191.28
Little: 17.9681 15.6217 1134.03
Thumb: 31.8665 79.6899 1109.84
Index: 6.74202 108.704 1216.43
Middle: 51.0063 41.6391 1210.87
Ring: 61.2568 17.5336 1153.63
Little: 20.6696 21.5182 1142.34
Thumb: 31.3206 77.1414 1126.52
Index: -2.88465 116.211 1218.2
Middle: 41.2072 47.6459 1206.96
Ring: 54.1338 17.3938 1160.94
Little: -51.2774 72.545 1188.74
Thumb: 29.1349 71.7247 1138.77
Index: -9.77684 116.746 1221.89
Middle: 29.2281 41.4907 1212.58
Ring: 38.6006 12.5033 1166.87
Little: -65.0927 82.4613 1188.91
Thumb: 29.4567 70.7742 1153.84
Index: 36.8354 57.831 1222.7
Middle: 28.2424 30.7643 1210.99
Ring: 24.1744 13.9414 1172.08
Little: -71.2511 86.8706 1192.47
Thumb: 28.1993 75.2738 1158.17
Index: 16.4302 75.6187 1223.43
Middle: 17.9103 36.3191 1216.16
Ring: 16.3821 18.6491 1178.39
Little: -80.3214 91.5977 1193.41
Thumb: 25.9064 76.9909 1169.06
Index: 14.083 75.7174 1224.61
Middle: 13.8192 37.33 1220.33
Ring: 11.3974 20.6547 1185.42
Little: -84.2082 95.0215 1194.41
Thumb: 17.3773 80.9007 1170.4
Index: 14.8547 73.5391 1218.25
Middle: 10.3904 37.923 1221.91
Ring: 3.66323 25.4753 1189.38
Little: -84.2057 90.9292 1198.4
Thumb: 16.5029 81.9894 1174.42
Index: 3.45917 80.0486 1221.15
Middle: 4.34457 38.845 1221.74
Ring: -2.00452 26.4324 1190.06
Little: -93.4469 97.1767 1193.67
Thumb: 15.6105 82.0722 1173.15
Index: -6.9926 83.196 1218.44
Middle: -2.7494 33.2421 1216.57
Ring: -10.0471 24.1404 1184.41
Little: -100.285 119.503 1183.28
Thumb: 11.3983 80.0074 1167.17
Index: 2.56312 67.2807 1213.77
Middle: -7.10681 32.8497 1215.6
Ring: -15.2143 24.7209 1184.53
Little: -103.109 119.965 1182.11
Thumb: 3.06905 80.4102 1162.37
Index: -3.22853 66.0762 1207.6
Middle: -10.152 28.8721 1206.42
Ring: -21.3948 24.6465 1177.96
Little: -109.54 125.246 1179.01
Thumb: -3.12224 73.6738 1157.56
Index: -13.5851 57.4049 1203.23
Middle: -36.5405 42.6333 1204.19
Ring: -28.528 18.6971 1169.04
Little: -114.294 126.356 1169.62
Thumb: -13.8602 65.8494 1146.28
Index: -22.9833 49.7497 1191.42
Middle: -45.8122 33.6568 1193.4
Ring: -40.0976 11.7557 1157.06
Little: -118.448 123.56 1166.05
Thumb: -21.0595 63.1157 1142.09
Index: -32.4667 44.1912 1185.28
Middle: -57.6506 32.634 1184.58
Ring: -51.2973 10.2741 1150.97
Little: -124.205 125.795 1158.23
Thumb: -23.8162 61.8953 1131.45
Index: -41.5937 50.7944 1186.28
Middle: -57.5963 29.359 1178.32
Ring: -52.0668 7.96216 1146.61
Little: -129.6 122.198 1151.41
Thumb: -21.5141 61.9467 1132.8
Index: -43.1153 64.2609 1177.3
Middle: -55.3646 32.7652 1174.65
Ring: -46.2423 6.64006 1144.41
Little: -126.061 119.329 1150.74
Thumb: -19.6584 61.966 1132.65
Index: -38.0316 40.4349 1192.68
Middle: -52.1947 32.6374 1169.31
Ring: -42.6636 5.721 1143.27
Little: -124.268 119.837 1145.86
Thumb: -15.6788 62.4483 1135.35
Index: -26.819 31.6237 1197.53
Middle: -51.1244 44.1853 1163.89
Ring: -33.6128 5.31892 1145.62
Little: -122.166 114.681 1140.97
Thumb: -8.90874 64.8387 1144.81
Index: -32.1465 44.8087 1208.55
Middle: -42.9516 46.7519 1164.94
Ring: -18.398 6.1503 1151.05
Little: -121.691 99.8511 1139.88
Thumb: -27.0312 72.6598 1123.86
Index: -34.4478 50.8881 1211.97
Middle: -40.0346 48.2952 1166.79
Ring: -13.2919 8.57119 1154.7
Little: -120.016 99.6325 1137.05
Thumb: -25.8796 73.3505 1120.94
Index: -33.0672 54.0372 1211.5
Middle: -35.5518 50.2166 1162.6
Ring: -6.40779 8.60681 1152.06
Little: -116.161 95.7504 1140.11
Thumb: -25.9144 73.3822 1120.35
Index: -32.0338 53.5496 1211.32
Middle: -34.8879 49.8796 1162.63
Ring: -5.93583 8.66079 1151.84
Little: -115.962 94.9588 1140.74
Thumb: 32.8651 86.3664 1143.87
Index: -41.3582 69.5367 1216.73
Middle: -34.1909 55.1107 1168.51
Ring: -4.27172 13.0438 1160.5
Little: -116.251 92.1017 1145.11
Thumb: 33.8519 85.9743 1142.63
Index: -33.8583 66.2686 1216.38
Middle: -29.4149 48.6729 1177.81
Ring: -2.00025 13.4911 1160.52
Little: -114.858 90.0963 1145.3
Thumb: 33.3952 84.3772 1138.33
Index: -30.3936 67.7104 1215.27
Middle: -30.8678 56.9012 1167.51
Ring: 0.2904 14.3796 1159.16
Little: -112.735 91.4971 1145.6
Thumb: 31.5349 81.8349 1134.69
Index: -29.6168 68.08 1214.29
Middle: -22.5642 42.741 1187.11
Ring: 2.53394 14.2474 1158.44
Little: -112.171 86.9556 1144.52
Thumb: 31.7398 83.8916 1134.21
Index: -47.4961 86.48 1212.41
Middle: -19.1044 47.1162 1189.25
Ring: 5.89087 18.9365 1164.09
Little: -107.66 89.8243 1143.48
Thumb: 32.5571 84.0945 1133.78
Index: -45.7784 85.7033 1212.58
Middle: -18.1809 46.2805 1190.56
Ring: 6.08038 18.898 1164.43
Little: -107.345 87.4156 1145.59
Thumb: 36.1895 82.2743 1132.72
Index: -42.382 80.524 1211.57
Middle: -21.0545 48.9703 1183.61
Ring: 4.14152 17.4768 1168.32
Little: -102.503 81.9333 1145.32
Thumb: 36.3731 82.7227 1133.31
Index: -41.7513 80.9322 1212.09
Middle: -13.4033 42.6589 1190.59
Ring: 3.01138 18.6932 1171.3
Little: -101.929 82.7391 1144.82
Thumb: 35.6104 82.2991 1132.75
Index: -35.6733 76.6219 1213.59
Middle: -11.834 41.8354 1190.25
Ring: 3.37614 18.5434 1171.02
Little: -101.669 84.3545 1144.01
Thumb: 36.4501 82.841 1131.71
Index: -45.1208 84.138 1210.34
Middle: -11.2515 43.0313 1189.23
Ring: 6.16763 18.6404 1170.23
Little: -100.604 81.5106 1145.51
Thumb: 35.5257 82.3811 1131.06
Index: -45.3053 84.253 1210.26
Middle: -10.7314 42.5932 1189.5
Ring: 6.15356 18.6381 1170.23
Little: -100.586 81.557 1145.47
Thumb: 35.5318 82.384 1131.06
Index: -45.3033 84.2523 1210.26
Middle: -10.7305 42.5934 1189.5
Ring: 6.15388 18.6385 1170.23
Little: -100.585 81.5571 1145.47
Thumb: 35.5281 82.3832 1131.03
Index: -45.2541 84.2285 1210.26
Middle: -9.98935 41.9764 1189.94
Ring: 6.11016 18.6577 1170.27
Little: -100.611 81.2262 1145.61
Thumb: 32.2925 82.8721 1128.4
Index: -51.6312 97.258 1190.91
Middle: -10.0842 42.5201 1191.15
Ring: 7.21954 19.4317 1169.99
Little: -99.975 81.451 1145.15
Thumb: 37.7724 85.0742 1132.12
Index: -51.2563 95.9675 1193.33
Middle: -14.6817 46.0877 1189.03
Ring: 7.12454 19.4521 1170.06
Little: -99.9267 81.4402 1145.18
Thumb: 44.3514 92.3078 1133.64
Index: -49.1005 95.6534 1191.65
Middle: -17.176 51.4613 1186.11
Ring: 9.31057 22.4333 1170.78
Little: -97.3323 78.94 1143.94
Thumb: 49.4054 95.8904 1138.38
Index: -46.2044 94.1607 1192.06
Middle: -19.9489 52.5459 1185.24
Ring: 10.5291 20.871 1169.81
Little: -99.5041 70.8293 1142.84
Thumb: 58.5428 106.411 1148.83
Index: -48.9139 87.9004 1189.8
Middle: -26.6103 47.611 1180.04
Ring: -5.68018 17.6155 1168.96
Little: -101.864 74.0305 1137.4
Thumb: 56.8985 110.627 1156.42
Index: -49.3163 96.7333 1166.93
Middle: -33.9021 52.9966 1166.82
Ring: -8.45434 15.1197 1162.95
Little: -105.627 79.5125 1129.62
Thumb: 54.1176 113.493 1170.14
Index: -41.5478 99.8444 1156.59
Middle: -34.3328 55.4022 1160.91
Ring: -11.2263 12.5106 1161.07
Little: -102.507 92.7746 1135.13
Thumb: 47.4926 116.063 1176.53
Index: -45.1378 101.593 1151.16
Middle: -38.6788 54.9996 1158.24
Ring: -11.2999 10.6164 1155.85
Little: -109.068 86.8543 1131.09
Thumb: 41.8602 117.407 1185.46
Index: -57.0544 97.2844 1160.13
Middle: -41.4734 52.0204 1156.32
Ring: -17.9185 8.65846 1152.99
Little: -109.337 96.4732 1122.16
Thumb: 28.4446 113.617 1192.97
Index: -63.4528 99.6722 1151.41
Middle: -38.3742 21.2831 1169.6
Ring: -19.5508 4.38684 1143.61
Little: -121.678 92.7724 1110.45
Thumb: 21.5656 110.982 1196.93
Index: -63.7887 99.0153 1151.41
Middle: -50.4232 47.103 1152.47
Ring: -23.3385 4.97373 1145.95
Little: -116.347 103.011 1113.66
Thumb: 11.2854 105.558 1199.1
Index: -65.3158 84.5932 1154.19
Middle: -56.6111 44.0885 1146.67
Ring: -27.3567 2.46403 1138.66
Little: -114.544 111.213 1104.03
Thumb: 5.23659 106.221 1204.78
Index: -66.1202 81.2489 1153.24
Middle: -61.6582 44.2451 1144.44
Ring: -33.3124 1.96231 1136.64
Little: -111.565 120.415 1099.6
Thumb: -3.36212 104.692 1206.03
Index: -34.0496 90.1675 1128.73
Middle: -25.8307 -4.00626 1157.15
Ring: -36.117 1.41596 1133.85
Little: -53.1267 18.7707 1099.11
Thumb: -11.9751 102.717 1200.82
Index: -35.4905 89.7046 1127.67
Middle: -40.2316 -4.45349 1157.74
Ring: -38.5362 0.912878 1130.92
Little: -54.0849 19.1005 1095.94
Thumb: -14.2352 103.425 1200.61
Index: -36.4022 90.8947 1126.19
Middle: -42.2199 -3.74887 1154.6
Ring: -38.1205 2.01059 1127.56
Little: -54.8552 20.938 1092.91
Thumb: -48.2449 186.107 1235.05
Index: -46.1469 94.0403 1128.54
Middle: -51.7574 0.454836 1158.41
Ring: -48.0295 5.47331 1131.97
Little: -66.1436 24.7771 1095.91
Thumb: -47.1401 180.536 1234.34
Index: -48.4515 90.8736 1125.65
Middle: -53.5348 -4.03745 1150.76
Ring: -53.7266 2.50273 1125.51
Little: -74.395 28.6935 1087.03
Thumb: -55.1065 195.002 1231.83
Index: -50.7305 89.9629 1125.36
Middle: -60.8325 -4.24117 1149.96
Ring: -55.5849 1.88558 1124.43
Little: -73.6132 27.5385 1085.7
Thumb: -60.6112 197.076 1229.1
Index: -48.8362 88.5241 1127.5
Middle: -65.6932 -3.33904 1157.16
Ring: -60.3631 0.454206 1131.83
Little: -79.4505 26.1191 1091.41
Thumb: -39.1845 180.519 1231.18
Index: -46.7426 85.3441 1126.1
Middle: -67.6117 -5.89571 1155.75
Ring: -66.9635 -1.13488 1130.58
Little: -86.4308 24.496 1092.26
Thumb: -40.8617 167.456 1231.42
Index: -93.9941 36.4801 1166.64
Middle: -71.8508 -4.89636 1155.89
Ring: -67.2203 -1.27124 1130.43
Little: -81.9093 20.5241 1093.23
Thumb: -49.1999 163.709 1231.44
Index: -79.9097 19.3318 1173.34
Middle: -74.9556 -4.12642 1156.07
Ring: -67.2341 -1.32545 1130.36
Little: -82.154 20.7505 1093.07
Thumb: -40.4197 160.017 1229.14
Index: -87.1283 27.0818 1167.92
Middle: -71.5182 -5.0891 1153.82
Ring: -65.0932 -1.46014 1128.24
Little: -79.5441 20.2844 1090.8
Thumb: -39.1494 178.218 1227.84
Index: -92.6138 75.4301 1143.21
Middle: -64.7609 -3.74572 1154.24
Ring: -62.5843 0.78698 1128.3
Little: -79.7307 22.72 1090.96
Thumb: -19.0538 192.571 1247.36
Index: -79.3234 34.0721 1183.04
Middle: -90.5638 34.9415 1157.1
Ring: -68.0031 8.35214 1134.32
Little: -89.2414 37.0463 1102.13
Thumb: -37.7533 75.7914 1083.61
Index: 10.5729 84.3324 1138
Middle: -6.79314 69.7986 1149.4
Ring: -3.14792 7.9704 1126.74
Little: -58.2842 19.105 1145.14
Thumb: -35.2692 78.9523 1081.64
Index: 7.59686 88.9088 1135.87
Middle: -5.44064 69.4104 1147.19
Ring: 1.29144 10.1158 1121.88
Little: -56.8743 14.9418 1135.06
Thumb: -28.3362 65.5509 1078.12
Index: -13.4544 97.5906 1108.78
Middle: 9.67201 56.5402 1151.52
Ring: 0.996495 10.1482 1120.5
Little: -55.7335 13.3662 1130.9
Thumb: -26.6774 68.7623 1074
Index: -16.5957 95.725 1087.96
Middle: 18.6199 51.6431 1146.47
Ring: -2.54764 9.22349 1120.56
Little: -56.5008 13.737 1130.46
Thumb: -32.3448 71.2679 1072.95
Index: -17.3168 97.3418 1085.65
Middle: 30.4037 37.0819 1136.63
Ring: -3.45055 8.51339 1116.96
Little: -60.4307 13.3428 1127.77
Thumb: -28.8114 70.8013 1069.65
Index: -4.74948 117.718 1169.35
Middle: 22.9125 43.5527 1136.58
Ring: -4.09343 7.58205 1115.72
Little: -60.5022 12.6609 1123.77
Thumb: -27.087 70.5905 1070.81
Index: -6.87025 117.143 1172.51
Middle: 25.7751 38.8017 1135.93
Ring: -5.36857 6.06435 1116.42
Little: -60.7208 11.9081 1122.01
Thumb: -27.7622 75.0186 1069.31
Index: -14.0472 120.129 1171.26
Middle: 31.9522 24.6678 1122.05
Ring: -8.71395 6.93273 1106.5
Little: -65.2891 15.3334 1114.9
Thumb: -23.8759 73.7314 1068.97
Index: -15.4502 117.995 1173.13
Middle: 31.6966 22.7427 1122.41
Ring: -10.3555 5.85378 1108.78
Little: -65.0881 12.9965 1108.59
Thumb: 18.8548 75.2514 1060.39
Index: -14.9547 120.801 1170.6
Middle: 28.2241 29.5873 1127.52
Ring: -7.36839 4.37778 1103.79
Little: -63.7004 13.0659 1110.13
Thumb: 20.0291 77.3916 1061.01
Index: -16.6296 118.789 1172.25
Middle: 35.6791 19.9692 1115.57
Ring: -5.89884 4.6943 1100.63
Little: -59.667 12.9768 1106.18
Thumb: 21.3336 79.2486 1058.54
Index: -18.6078 117.137 1170.92
Middle: 31.9104 19.3512 1112.21
Ring: -7.70471 7.64771 1097.45
Little: -62.781 16.415 1099.74
Thumb: 24.2374 79.0306 1055.62
Index: -15.2249 114.095 1169.17
Middle: 34.7431 20.6571 1110.89
Ring: -5.42834 4.99005 1091.62
Little: -61.7503 14.1097 1096.62
Thumb: 28.1939 75.3638 1059.25
Index: -17.2737 114.239 1169.1
Middle: 31.4937 19.6566 1110.46
Ring: -4.48142 4.22387 1094.92
Little: -62.1133 15.0185 1096.3
Thumb: 27.3923 77.1552 1056.17
Index: -18.8172 115.801 1165.56
Middle: 32.5782 21.295 1106.54
Ring: -5.70663 4.75583 1090.6
Little: -60.6266 15.7099 1091.61
Thumb: 27.0169 77.8645 1053.58
Index: -17.3156 115.923 1163.85
Middle: 32.8006 20.4365 1102.65
Ring: -5.14894 5.27015 1088.09
Little: -60.4054 16.4453 1090.58
Thumb: 25.9531 78.2809 1050.47
Index: -21.1093 121.839 1157.78
Middle: 31.653 20.7332 1100.09
Ring: -5.1435 5.92085 1084.22
Little: -60.1589 17.1559 1087.43
Thumb: 28.1003 76.4318 1050.36
Index: -15.9945 114.393 1160.15
Middle: 33.4711 18.3219 1099.93
Ring: -4.71607 3.70395 1083.04
Little: -60.341 16.5154 1087.23
Thumb: 28.3566 76.5812 1049.92
Index: -15.2749 113.39 1160.27
Middle: 35.7371 19.3746 1099.61
Ring: -4.81891 3.72607 1082.46
Little: -62.8604 16.2291 1086.05
Thumb: 29.0348 76.8006 1049.9
Index: -16.6373 115.077 1159.45
Middle: 35.9417 19.198 1099.51
Ring: -4.77993 3.77482 1082.54
Little: -62.8571 16.0244 1085.69
Thumb: 26.2403 77.4047 1047.1
Index: -16.7192 117.365 1156.44
Middle: 34.8935 21.4391 1100.93
Ring: -6.34482 5.8955 1087.07
Little: -62.6087 17.0188 1084.47
Thumb: 26.2454 77.3712 1047.14
Index: -17.561 118.55 1155.92
Middle: 34.9166 21.5013 1100.83
Ring: -6.2743 5.70054 1086.06
Little: -62.5821 17.1178 1085.28
Thumb: 27.6915 77.5881 1047.26
Index: -14.5098 117.74 1157.49
Middle: 32.6901 21.2261 1103.1
Ring: -6.10688 6.06397 1088.76
Little: -62.6076 17.6437 1088.72
Thumb: 27.0141 77.4977 1045.63
Index: -11.2949 118.341 1157.01
Middle: 34.1062 20.914 1101.82
Ring: -4.7176 6.12703 1088.66
Little: -61.032 17.8829 1092.47
Thumb: 28.6504 76.2576 1044.69
Index: -15.3128 124.024 1153.03
Middle: 33.6983 20.0979 1103.47
Ring: -3.16996 5.90034 1092.25
Little: -58.6744 16.9115 1097.1
Thumb: 26.4141 75.0895 1046.3
Index: -7.38295 116.982 1159.77
Middle: 34.4903 19.5757 1104.15
Ring: -4.93558 6.88575 1098.34
Little: -58.1281 18.1215 1100.95
Thumb: 26.5266 77.6475 1047.77
Index: -14.4558 121.271 1159.34
Middle: 31.4322 19.5317 1108.44
Ring: -7.77391 6.50094 1100.65
Little: -59.5877 19.1216 1106.08
Thumb: 26.1615 75.6487 1050.02
Index: -16.3315 122.438 1159.57
Middle: 30.3984 16.1191 1110.19
Ring: -6.6431 5.03885 1104.93
Little: -55.7427 16.4569 1110.32
Thumb: 27.2807 74.5291 1054.25
Index: -11.221 114.508 1167.92
Middle: 27.8897 13.8227 1113.13
Ring: -9.56285 3.79818 1108.23
Little: -59.8632 24.8305 1117.71
Thumb: 25.5283 73.582 1057.66
Index: -9.6828 113.236 1169.06
Middle: 29.0236 11.5166 1113.44
Ring: -9.21848 4.0462 1110.88
Little: -60.8693 25.1321 1123.19
Thumb: 24.8291 71.9594 1059.76
Index: -8.33721 113.69 1172.38
Middle: 32.1845 9.77079 1114.07
Ring: -8.82383 2.24449 1114.52
Little: -59.4886 24.3987 1128.24
Thumb: 25.63 73.1645 1064.4
Index: -11.6709 114.91 1176.82
Middle: 32.6912 8.00914 1114.14
Ring: -10.9058 2.09044 1118.09
Little: -59.7408 22.395 1130.96
Thumb: 20.607 73.8148 1064.7
Index: -3.85424 118.175 1179.41
Middle: 33.5227 11.1634 1117.35
Ring: -9.22755 3.74618 1120.67
Little: -56.0316 22.4272 1138.18
Thumb: 20.0995 73.05 1065.79
Index: 0.971203 114.221 1181.97
Middle: 32.4097 10.5334 1120.75
Ring: -9.54597 3.67651 1123.82
Little: -53.5103 27.1705 1145.49
Thumb: 18.3519 71.2435 1068.74
Index: 6.71566 109.501 1185.4
Middle: 23.8933 30.4227 1142.49
Ring: -8.23445 0.6516 1127.4
Little: -50.9489 27.2298 1153.94
Thumb: 17.9325 71.3379 1073.14
Index: 3.50922 116.639 1187.41
Middle: 20.9524 31.2415 1142.91
Ring: -6.01595 2.89408 1130.14
Little: -48.9871 23.648 1158.45
Thumb: 16.7768 69.6948 1079.45
Index: -19.7553 128.234 1168.47
Middle: 17.7563 29.8115 1147.61
Ring: -7.05806 2.47874 1131.8
Little: -51.3701 22.2976 1158.45
Thumb: 19.312 71.5927 1089.35
Index: -20.4841 120.513 1192.75
Middle: 4.46175 32.1457 1162.28
Ring: -8.85177 2.99169 1131.8
Little: -59.6971 24.4184 1155.31
Thumb: 18.3676 70.794 1090.76
Index: -13.6247 120.19 1197.62
Middle: 4.39973 37.2809 1164.12
Ring: -5.73671 2.49511 1132.97
Little: -49.8834 24.0802 1159.12
Thumb: 11.9223 71.0464 1087.48
Index: -1.15166 122.121 1196.29
Middle: 9.72014 41.8137 1160.94
Ring: -5.39555 3.54258 1134.28
Little: -39.2768 28.716 1165.45
Thumb: -5.99726 62.9801 1070.74
Index: 48.2892 29.0054 1082.84
Middle: 32.6196 61.0725 1145.55
Ring: 9.00039 4.06647 1127.31
Little: -10.0216 32.4184 1173.91
Thumb: -37.9279 67.7132 1105.2
Index: 40.1974 32.5504 1079.51
Middle: 48.6318 18.9092 1102.74
Ring: 16.4727 7.76096 1124.62
Little: -8.26853 26.85 1173.21
Thumb: -39.7911 65.9334 1104.91
Index: 32.0866 35.9672 1076.59
Middle: 41.8958 17.2952 1096.17
Ring: 21.6403 18.3989 1133.12
Little: -7.69962 27.8998 1173.76
Thumb: -22.7374 65.3832 1073.93
Index: 25.4441 33.4566 1069.69
Middle: 37.0575 17.1281 1090.11
Ring: 22.3059 25.871 1130.92
Little: -1.46407 32.8613 1159.42
Thumb: -24.42 64.0077 1076.75
Index: 23.4127 30.7699 1069.3
Middle: 34.0878 14.4306 1089.64
Ring: 22.9113 26.6308 1131.5
Little: -0.483931 32.0634 1158.32
Thumb: -24.6567 64.6172 1079.65
Index: 24.461 41.7847 1075.62
Middle: 34.2528 14.0548 1090.53
Ring: 22.5273 25.4874 1131.55
Little: -1.0598 31.0748 1158.51
Thumb: -23.9093 63.8507 1077.54
Index: 23.919 34.8782 1072.53
Middle: 34.4956 14.4082 1090.73
Ring: 22.7085 27.5277 1132.14
Little: 1.41702 34.3997 1166.92
Thumb: -25.9933 64.0702 1077.42
Index: 20.0337 29.8198 1072.05
Middle: 29.854 10.9966 1091.3
Ring: 44.3215 44.638 1133.46
Little: -2.31504 32.6439 1164.61
Thumb: -34.6225 84.34 1132.66
Index: 7.41996 68.2263 1090.86
Middle: 27.3258 13.3548 1093.72
Ring: 41.8957 44.9538 1129.36
Little: -6.29188 34.4612 1149.28
Thumb: -21.4496 90.5391 1138.99
Index: 3.03509 73.182 1095.26
Middle: 22.1887 17.1998 1097.63
Ring: 40.942 58.7128 1140.79
Little: -9.49905 42.1027 1153.93
Thumb: -17.6531 88.1559 1128.22
Index: 2.26101 72.7585 1095.27
Middle: 19.2379 15.6369 1095.62
Ring: -10.1015 114.531 1165.7
Little: -11.4632 40.4702 1154.82
Thumb: -17.8888 87.6765 1126.31
Index: 0.74094 72.2912 1095.39
Middle: 17.9645 14.5416 1096.08
Ring: 4.0725 113.214 1165.56
Little: -11.7828 39.9601 1153.5
Thumb: -15.3591 89.38 1120.61
Index: -8.90796 86.6247 1102.87
Middle: 13.5878 13.2196 1096.55
Ring: 19.0117 101.462 1161.11
Little: -17.8856 35.5041 1152.11
Thumb: -13.7343 88.9236 1115.57
Index: 2.99001 23.3629 1073.48
Middle: 7.60845 8.91288 1095.19
Ring: 33.7257 88.0346 1158.92
Little: 8.74558 118.942 1197.77
Thumb: -7.89888 90.0404 1112.52
Index: 2.08329 16.6787 1070.8
Middle: 7.41386 5.94344 1094.06
Ring: 42.3408 91.692 1159
Little: 16.4677 127.311 1190.97
Thumb: 9.67842 90.1612 1097.39
Index: -10.7393 27.287 1146.52
Middle: -45.2266 0.962212 1117.05
Ring: -53.4086 143.661 1146.99
Little: -85.956 141.251 1160.9
Thumb: 42.7017 54.112 1104.38
Index: -4.84222 0.793842 1128.22
Middle: -39.5348 -3.53054 1123.03
Ring: -57.8929 134.68 1194.03
Little: -73.3452 145.735 1161.07
Thumb: 47.1838 55.1008 1102.57
Index: -4.02266 0.88924 1129.73
Middle: -38.8479 -3.4575 1125.07
Ring: -55.2179 137.86 1192.42
Little: -76.2655 142.369 1164.05
Thumb: 49.0837 55.2507 1102.5
Index: -1.18767 0.980572 1130.06
Middle: -36.7828 -3.55961 1125.53
Ring: -50.6765 141.38 1188.41
Little: -75.4853 141.509 1163.63
Thumb: 49.2289 55.4056 1099.75
Index: -0.621548 0.793882 1127.92
Middle: -33.7284 -4.15962 1124.42
Ring: -49.35 141.159 1187.11
Little: -74.7767 141.037 1163.02
Thumb: 48.0065 55.0894 1099.07
Index: 1.32795 0.917875 1127.78
Middle: -34.2628 -4.09195 1123.77
Ring: -51.3879 138.16 1189.44
Little: -71.2635 143.982 1159.85
Thumb: 52.4221 55.132 1097.67
Index: 3.33345 -0.122429 1126.59
Middle: -34.1736 -4.95724 1122.74
Ring: -49.0587 137.138 1188.61
Little: -69.011 143.084 1159.09
Thumb: 51.3959 55.0163 1096.11
Index: 4.34555 1.0969 1127.05
Middle: -33.8045 -3.49912 1124.67
Ring: -50.3546 131.788 1191.74
Little: -68.6635 141.645 1163.7
Thumb: 52.1451 54.8364 1094.8
Index: 4.64889 1.3408 1126.92
Middle: -37.5162 -2.21181 1124.6
Ring: -46.935 134.596 1191.02
Little: -68.664 140.442 1165.09
Thumb: 50.7861 54.8751 1094.04
Index: 6.20429 1.67943 1126.75
Middle: -37.925 -1.90196 1124.26
Ring: -43.1957 139.092 1190.08
Little: -70.644 137.296 1166.38
Thumb: 50.7467 54.861 1093.88
Index: 6.20227 1.60371 1126.45
Middle: -38.0237 -1.92155 1124
Ring: -59.2929 131.161 1191.26
Little: -70.6159 137.224 1166.33
Thumb: 50.6952 55.1038 1093.16
Index: 6.9571 1.82531 1126.26
Middle: -37.8443 -1.71902 1124.22
Ring: -57.1068 132.291 1191.5
Little: -69.9964 137.076 1166.9
Thumb: 52.3827 56.5046 1092.33
Index: 8.49241 2.67793 1127.11
Middle: -37.3644 -1.1163 1126.19
Ring: -48.3156 133.676 1194.85
Little: -69.9404 136.103 1168.81
Thumb: 50.2967 55.658 1092.95
Index: 8.29128 2.81561 1128.18
Middle: -37.4353 -0.944748 1127.25
Ring: -47.9206 134.546 1194.91
Little: -69.9772 136.666 1168.81
Thumb: 46.012 54.565 1092.74
Index: 8.28819 2.81746 1128.19
Middle: -37.4414 -0.941433 1127.26
Ring: -47.9855 134.531 1194.91
Little: -69.9775 136.671 1168.81
Thumb: 46.1479 54.5382 1093.89
Index: 7.14938 3.12007 1129.49
Middle: -37.3976 -0.645962 1128.47
Ring: -45.5085 136.424 1195.08
Little: -70.5162 137.741 1168.7
Thumb: 41.1763 53.3677 1095.59
Index: 5.45249 2.44932 1131.7
Middle: -37.4987 -1.2408 1130.17
Ring: -46.8601 137.15 1194.5
Little: -71.4172 138.305 1167.69
Thumb: 42.128 52.4282 1095.87
Index: 5.46408 2.49947 1132.12
Middle: -37.4214 -1.16564 1130.71
Ring: -46.6224 137.522 1194.57
Little: -71.2472 138.633 1167.83
Thumb: 42.2682 52.4491 1095.88
Index: 1.1214 2.7453 1131.73
Middle: -37.4249 -1.17226 1130.67
Ring: -46.6516 137.502 1194.56
Little: -71.2675 138.618 1167.8
Thumb: 42.1777 52.433 1095.87
Index: 1.10367 2.74459 1131.73
Middle: -37.4417 -1.16948 1130.67
Ring: -46.6501 137.505 1194.56
Little: -71.266 138.622 1167.8
Thumb: 41.6663 51.7463 1095.34
Index: 1.26962 2.32314 1131.69
Middle: -40.0271 -0.725954 1130.74
Ring: -47.2459 137.795 1194.57
Little: -69.7562 140.828 1167
Thumb: 41.7176 51.7351 1095.93
Index: 1.28848 2.29832 1131.56
Middle: -40.0182 -0.717897 1130.75
Ring: -47.0836 137.795 1194.55
Little: -70.8717 139.38 1168.12
Thumb: 44.5658 56.4029 1097.08
Index: 1.40374 6.39347 1133.88
Middle: -38.557 2.88974 1133.71
Ring: -53.713 141.694 1195.85
Little: -71.1796 145.048 1169.71
Thumb: 43.2722 56.8078 1097.4
Index: 0.693331 6.53768 1134.05
Middle: -37.7942 2.54623 1133.67
Ring: -50.1776 143.809 1195.92
Little: -72.3808 145.297 1169.35
Thumb: 42.6958 56.6856 1097.68
Index: -0.379147 6.73251 1134.42
Middle: -37.6627 2.68726 1134.15
Ring: -50.5767 145.424 1194.45
Little: -71.8828 146.199 1168.89
Thumb: 42.3287 56.9433 1096.73
Index: -1.97183 6.6096 1133.33
Middle: -37.444 2.28056 1133.33
Ring: -51.1413 143.753 1195.22
Little: -74.3001 143.753 1170.55
Thumb: 43.61 55.462 1095.08
Index: -4.21915 4.16337 1131.56
Middle: -39.7535 0.24847 1132.01
Ring: -52.7676 139.28 1196.92
Little: -73.8452 142.556 1171.02
Thumb: 36.9028 58.6358 1095.91
Index: -8.88207 8.2784 1129.79
Middle: -46.7085 5.27379 1128.44
Ring: -60.5886 143.177 1194.86
Little: -80.3195 146.378 1168.79
Thumb: 33.9852 56.6329 1093.96
Index: -13.5965 6.86318 1127.13
Middle: -50.3906 4.59561 1125.83
Ring: -62.4268 141.311 1194.62
Little: -96.4931 124.532 1140.62
Thumb: 25.4751 60.1112 1089.36
Index: -16.749 9.03303 1124.56
Middle: -51.6359 5.71901 1125.88
Ring: -64.0439 141.666 1197.87
Little: -76.9581 154.163 1139.91
Thumb: 20.1284 66.4659 1086.65
Index: -20.0364 12.9311 1120.79
Middle: -57.2413 8.88251 1122.59
Ring: -76.649 144.168 1197.01
Little: -91.382 151.308 1172.91
