Thumb: -23.3117 62.106 1057.88
Index: 84.8302 16.4514 1057.2
Middle: 117.351 45.214 1027.68
Ring: 137.448 66.8484 1034.94
Little: 160.45 111.23 1047.9
Thumb: -21.8354 66.5955 1094.98
Index: 83.5544 18.7579 1057.18
Middle: 122.478 32.1615 1051.7
Ring: 144.382 63.2865 1049.09
Little: 156.938 109.594 1046.51
Thumb: -15.0157 63.7295 1096.65
Index: 90.0303 18.3606 1057.96
Middle: 128.678 33.238 1051.67
Ring: 148.007 62.8895 1048.87
Little: 160.47 111.566 1045.42
Thumb: -11.7668 61.907 1096.59
Index: 93.2904 18.6787 1056.5
Middle: 129.761 31.7796 1050.57
Ring: 149.128 61.3492 1047.96
Little: 162.514 111.674 1044.61
Thumb: -6.64388 59.332 1096.62
Index: 100.488 19.3541 1059.13
Middle: 134.875 30.6278 1054.5
Ring: 152.914 58.6688 1052.62
Little: 165.906 107.812 1049.8
Thumb: 7.52151 64.1487 1095.26
Index: 104.644 22.9067 1059.74
Middle: 135.454 30.4999 1055.9
Ring: 153.404 58.0921 1054
Little: 165.371 103.46 1051.42
Thumb: 14.2334 66.7504 1093.94
Index: 106.752 24.3613 1060.25
Middle: 137.5 31.4241 1056.86
Ring: 152.729 55.1836 1055.58
Little: 164.911 97.9311 1053.12
Thumb: 19.4417 67.4053 1090.98
Index: 109.345 27.3385 1061.92
Middle: 139.264 33.9163 1060.36
Ring: 151.841 55.1607 1060.32
Little: 165.072 99.5672 1058.86
Thumb: 19.4072 65.1055 1088.89
Index: 113.782 29.2568 1061.9
Middle: 143.158 35.8209 1061.24
Ring: 154.158 55.8746 1061.8
Little: 163.378 95.3886 1060.53
Thumb: 21.9304 62.3051 1088.44
Index: 115.968 30.2118 1063.47
Middle: 144.618 37.6572 1063.56
Ring: 154.727 58.1899 1064.5
Little: 162.201 96.9562 1064.21
Thumb: 26.9073 62.3666 1088.33
Index: 117.434 31.1537 1063.12
Middle: 146.213 39.225 1063.34
Ring: 155.787 60.4242 1062.9
Little: 161.62 96.6855 1064.71
Thumb: 29.5649 62.4941 1088.49
Index: 117.424 31.2845 1063.06
Middle: 146.112 39.2226 1063.3
Ring: 155.618 60.4913 1062.58
Little: 161.66 96.7765 1064.75
Thumb: 31.1427 63.9185 1088.53
Index: 115.945 29.8882 1063.75
Middle: 145.134 37.996 1064.22
Ring: 154.734 58.8057 1063.89
Little: 161.014 95.076 1065.7
Thumb: 28.6852 64.0833 1088.3
Index: 111.359 28.2603 1063.79
Middle: 140.261 35.1074 1063.78
Ring: 150.453 55.6396 1063.3
Little: 157.052 90.8258 1064.67
Thumb: 15.2549 52.1433 1084.89
Index: 104.965 29.3197 1056.18
Middle: 136.09 31.8989 1070.64
Ring: 146.284 52.7295 1071.76
Little: 152.741 89.4112 1071.9
Thumb: 64.4976 70.9228 1092.25
Index: 94.0846 34.0857 1046.14
Middle: 129.127 26.2522 1069.51
Ring: 140.367 46.7123 1070.51
Little: 148.696 83.4144 1070.29
Thumb: 56.9249 69.9292 1092.68
Index: 80.4295 42.6638 1041.14
Middle: 121.167 23.5809 1070.85
Ring: 133.914 44.0206 1071.75
Little: 142.859 79.5068 1070.19
Thumb: 53.5445 68.2769 1090.75
Index: 69.1206 45.7582 1037.22
Middle: 113.453 16.754 1069.29
Ring: 125.856 36.5871 1070.5
Little: 135.756 72.3391 1070.21
Thumb: 42.9146 69.5221 1090.24
Index: 56.6132 52.5949 1037.37
Middle: 100.987 11.3399 1068.38
Ring: 115.118 30.1956 1069.4
Little: 128.227 64.9708 1068.96
Thumb: 39.7712 70.9684 1090.22
Index: 42.5655 55.5321 1038.19
Middle: 91.0551 14.5137 1059.9
Ring: 106.265 34.1121 1064.52
Little: 117.147 70.3228 1062.48
Thumb: 28.8482 68.6722 1089.37
Index: 34.5095 54.6298 1037.19
Middle: 80.4081 7.54002 1063.84
Ring: 94.9965 27.1275 1062.02
Little: 109.77 61.5847 1063.92
Thumb: 21.6624 65.3954 1092.37
Index: 27.7249 53.1451 1040.11
Middle: 74.1557 5.44624 1067.46
Ring: 89.3597 23.1565 1066.5
Little: 105.728 57.2299 1065.44
Thumb: 16.3919 66.8679 1093.68
Index: 21.454 51.2401 1041.67
Middle: 63.45 0.838881 1069.88
Ring: 79.6118 17.9767 1070.92
Little: 96.5696 51.4618 1070.03
Thumb: 9.18366 70.7106 1092.42
Index: 11.6859 52.3656 1040.75
Middle: 54.0479 3.89453 1066.12
Ring: 69.5308 22.4235 1066.26
Little: 86.1051 57.6652 1065.41
Thumb: 2.9399 71.7031 1095.65
Index: 10.0183 32.8178 1043.7
Middle: 44.7409 3.97502 1061.9
Ring: 61.4108 20.2046 1070.63
Little: 78.7205 54.6775 1068.44
Thumb: -5.87215 66.4906 1093.64
Index: 1.47137 35.3396 1039.5
Middle: 37.4625 0.0429707 1064.5
Ring: 54.4404 17.2171 1066.46
Little: 72.6095 51.0739 1064.58
Thumb: -12.6722 61.5627 1093.66
Index: -2.40564 28.5592 1039.43
Middle: 33.4902 -2.30004 1065.98
Ring: 49.8286 15.8501 1065.04
Little: 68.1753 49.7931 1066.02
Thumb: -15.4674 56.2273 1095.05
Index: -8.18624 21.0814 1041.78
Middle: 32.7346 -8.88805 1067.92
Ring: 48.9732 8.16677 1068
Little: 65.504 41.4774 1064.1
Thumb: -23.3688 54.2108 1094.8
Index: -15.6894 19.8823 1041.03
Middle: 23.5586 -11.8433 1068.91
Ring: 41.0386 4.39858 1069.82
Little: 59.2233 36.3809 1069.81
Thumb: -30.7754 56.3512 1094.54
Index: -24.7508 14.079 1042.04
Middle: 16.8558 -8.41125 1065.17
Ring: 33.4242 9.75169 1062.52
Little: 50.9582 42.104 1063.71
Thumb: -38.2433 51.0499 1094.92
Index: -32.4744 11.7495 1041.5
Middle: 7.55877 -11.9747 1063.35
Ring: 27.7686 5.18072 1065.16
Little: 45.6882 37.3773 1063.59
Thumb: -46.207 49.033 1093.69
Index: -43.8647 9.33171 1040.56
Middle: 0.568859 -13.226 1061.39
Ring: 18.6757 3.89148 1058.66
Little: 38.1457 35.3853 1060.16
Thumb: -52.8757 51.3782 1094.05
Index: -43.6294 -10.1004 1063.5
Middle: -3.2152 -8.68434 1060.18
Ring: 17.9256 8.83083 1062.75
Little: 34.9842 40.0759 1063.11
Thumb: -60.6915 50.9621 1092.52
Index: -53.9854 -10.1032 1061
Middle: -9.94007 -9.69668 1058.42
Ring: 11.1764 6.35294 1059.3
Little: 29.5205 36.4151 1059.56
Thumb: -62.6075 50.1197 1092.69
Index: -56.265 -14.2462 1062.07
Middle: -12.8727 -11.221 1056.87
Ring: 8.57292 6.50164 1060.61
Little: 25.0193 37.7253 1060.71
Thumb: -69.0937 47.6866 1092.24
Index: -63.4714 -14.2315 1061.69
Middle: -20.6907 -12.6287 1053.19
Ring: 6.80182 6.63822 1059.34
Little: 23.337 36.7801 1059.37
Thumb: -74.2547 45.6245 1093.2
Index: -69.8653 -16.2188 1063.52
Middle: -25.996 -14.5948 1054.02
Ring: 2.11386 4.60001 1061.51
Little: 19.8532 35.3194 1061.31
Thumb: -78.1148 44.4862 1094.66
Index: -74.073 -16.5523 1065.26
Middle: -30.4814 -15.7598 1053.54
Ring: -1.715 2.73057 1061.05
Little: 18.0027 33.9594 1059.77
Thumb: -75.3738 52.5597 1092.77
Index: -75.8506 -15.4414 1060.99
Middle: -31.3194 -15.1853 1055.44
Ring: -1.0708 5.20766 1058.69
Little: 22.1145 39.8029 1057.67
Thumb: -76.806 50.0152 1095.13
Index: -79.2806 -17.7789 1066.06
Middle: -32.433 -14.9525 1054.2
Ring: -0.0860214 7.11791 1059.36
Little: 20.4019 40.6321 1057.67
Thumb: -81.4952 45.1361 1095.96
Index: -79.3781 -17.8079 1066.27
Middle: -32.4228 -14.8511 1053.77
Ring: -0.176456 7.00985 1059.55
Little: 20.4324 40.5832 1057.81
Thumb: -82.0625 44.1298 1096.55
Index: -82.8615 -18.6518 1067.37
Middle: -33.0084 -14.9015 1053.44
Ring: 2.07069 8.81587 1059.71
Little: -2.57964 78.6307 1041.9
Thumb: -82.062 43.0135 1095.72
Index: -80.5722 -18.1827 1065.58
Middle: -31.6436 -14.1941 1053.54
Ring: 4.0387 10.8879 1058.87
Little: -1.90682 80.4562 1042.11
Thumb: -147.069 69.7173 1098
Index: -77.4386 -12.6363 1063.38
Middle: -28.9315 -7.09389 1053.6
Ring: 6.06054 20.3118 1056.04
Little: 9.75879 69.0956 1038.03
Thumb: -148.107 69.3261 1100.01
Index: -75.2828 -11.9014 1065.09
Middle: -24.5771 -3.86973 1052
Ring: 8.4799 22.6566 1056.49
Little: 12.6746 71.8585 1038.63
Thumb: -143.826 68.1561 1098.96
Index: -69.6738 -11.2837 1065.46
Middle: -19.1113 -1.70538 1052.74
Ring: 13.3533 26.562 1056.36
Little: 17.3186 73.1145 1039.6
Thumb: -129.678 71.6676 1100.46
Index: -65.4714 -9.61475 1066.08
Middle: -14.9102 1.94 1050.51
Ring: 16.7732 30.4246 1054.34
Little: 19.6084 75.0827 1038.18
Thumb: -127.054 69.8417 1099.23
Index: -60.0956 -10.5122 1064.79
Middle: -7.85431 2.7757 1050.48
Ring: 23.0985 32.0752 1054.84
Little: 26.2839 74.7245 1040.5
Thumb: -116.609 73.7921 1098.59
Index: -54.547 -8.03303 1063.48
Middle: -1.7651 6.79092 1050.11
Ring: 26.9231 35.6041 1053.07
Little: 40.5359 72.528 1051.26
Thumb: -111.843 72.7368 1100.44
Index: -48.3052 -6.37444 1064.52
Middle: 3.11453 9.72675 1050.53
Ring: 30.9105 39.4007 1052.74
Little: 44.3819 77.9694 1050.9
Thumb: -101.355 81.5532 1098.88
Index: -40.7443 -3.34741 1064.17
Middle: 10.1348 12.8419 1051.73
Ring: 35.1862 41.2985 1050.77
Little: 48.287 79.8349 1047.88
Thumb: -92.0428 88.5658 1103.87
Index: -35.1726 -1.61529 1070.87
Middle: 12.7184 14.6673 1048.05
Ring: 37.6156 40.1341 1052.22
Little: 52.1111 80.5288 1046.25
Thumb: -84.1314 76.0616 1105.68
Index: -28.8754 -3.6216 1071.22
Middle: 20.1451 13.6881 1048.98
Ring: 43.6174 38.2518 1053.96
Little: 60.7206 83.0598 1047.89
Thumb: -72.5059 80.9194 1103.1
Index: -19.0539 -2.01735 1072.96
Middle: 27.831 15.7133 1052.44
Ring: 51.092 41.8694 1057.13
Little: 67.0015 87.6398 1051.7
Thumb: -79.5914 69.0295 1113.08
Index: -14.7376 -2.99932 1077.98
Middle: 32.4323 14.9638 1053.96
Ring: 56.3807 41.4036 1059.07
Little: 71.106 85.5574 1051.93
Thumb: -67.6934 72.7438 1115.14
Index: -6.33191 -1.99169 1083.62
Middle: 39.9301 16.2367 1058.09
Ring: 62.4536 42.1464 1062.93
Little: 78.1099 89.1049 1054.18
Thumb: -65.7262 76.8295 1114.17
Index: 1.14807 3.41589 1084.59
Middle: 44.6793 18.809 1062.42
Ring: 66.3671 44.3498 1066.11
Little: 82.7356 87.694 1062.63
Thumb: -57.6824 78.9755 1108.72
Index: 10.1542 5.6267 1076.25
Middle: 50.4119 17.3278 1067.94
Ring: 75.1628 47.5901 1067.74
Little: 88.378 88.141 1066.02
Thumb: -54.9535 76.4153 1119.73
Index: 17.9746 9.50935 1078.92
Middle: 49.8389 15.5304 1067.15
Ring: 78.2634 47.7001 1064.39
Little: 90.7689 86.6397 1061.86
Thumb: -38.5096 76.9717 1125.95
Index: -2.14577 53.5774 1061.3
Middle: 51.2399 9.16627 1068.3
Ring: 80.178 42.4268 1055.73
Little: 92.9408 82.0278 1048.48
Thumb: 7.67885 96.8925 1124.64
Index: 17.3796 8.1456 1107.31
Middle: 33.4958 1.13877 1077.89
Ring: 54.8148 23.1293 1039.02
Little: 50.7263 62.1466 1001.9
Thumb: 39.2752 92.7392 1067.6
Index: 24.0391 7.15956 1111.94
Middle: 32.1639 -4.13592 1087.89
Ring: 43.1243 9.92963 1038.31
Little: 37.5561 36.1602 1011.8
Thumb: 6.71663 159.939 1072.48
Index: 31.5953 9.85023 1116.4
Middle: 38.2179 -2.50068 1090.41
Ring: 45.5831 8.7392 1046.82
Little: -0.985115 45.4166 1000.34
Thumb: 40.5917 95.6208 1051.29
Index: 31.1105 12.2281 1096.96
Middle: 44.3376 1.54338 1063.93
Ring: 47.2524 11.4998 1042.49
Little: -2.05365 47.5546 994.342
Thumb: 45.6424 95.1323 1056.64
Index: 37.867 14.1463 1099.6
Middle: 48.4517 2.67063 1071.16
Ring: 50.5818 12.0107 1048.98
Little: 1.84645 53.735 984.059
Thumb: 43.3519 87.9407 1056.46
Index: 42.9433 14.055 1106.13
Middle: 45.7411 2.27609 1080.52
Ring: 53.0756 10.945 1058.9
Little: 40.2343 41.9423 982.843
Thumb: 42.1555 82.251 1056.26
Index: 41.3304 15.1515 1101.44
Middle: 49.3509 1.46121 1066.16
Ring: 53.9846 22.766 996.867
Little: 43.8704 41.4816 978.401
Thumb: 44.331 79.7393 1060.07
Index: 47.336 15.5731 1115.79
Middle: 55.289 0.773754 1087.78
Ring: 66.8894 18.8636 1006.83
Little: 52.8719 36.7068 986.871
Thumb: 40.6832 79.4012 1066.03
Index: 21.1766 54.5284 1102.33
Middle: 53.8093 6.57318 1096.4
Ring: 74.2282 22.9929 1014.36
Little: 66.2392 40.8338 994.696
Thumb: 38.1968 77.9335 1066.17
Index: 23.3123 37.1369 1112.19
Middle: 57.4215 7.20509 1097.84
Ring: 68.3726 21.9117 1012.54
Little: 61.3097 40.3219 993.156
Thumb: 38.7357 77.111 1072.89
Index: 24.9457 41.3573 1115.7
Middle: 63.0525 12.2332 1110.47
Ring: 27.8747 14.0656 1071.19
Little: 73.7886 41.394 1000.05
Thumb: 36.5593 87.7843 1081.79
Index: 26.5997 24.8175 1120.67
Middle: 67.2994 10.4417 1110.6
Ring: 31.0477 12.072 1071.33
Little: -18.0514 97.7127 1010.77
Thumb: 36.12 86.0832 1084.91
Index: 28.0134 23.7366 1120.65
Middle: 66.7612 9.34252 1109.69
Ring: 30.8458 12.18 1073.26
Little: 19.9637 137.903 1014.62
Thumb: 33.4411 88.2608 1088.02
Index: 30.2161 23.8525 1123.69
Middle: 63.973 12.9078 1102.78
Ring: 29.0958 17.0476 1067.96
Little: 23.0598 144.146 1017.11
Thumb: 33.6287 88.4201 1087.98
Index: 31.4587 24.0024 1124.08
Middle: 67.7603 13.1992 1103.68
Ring: 29.0838 17.238 1067.86
Little: 22.2408 144.789 1021.84
Thumb: 32.8856 87.7569 1093.04
Index: 32.045 24.5547 1123.34
Middle: 71.489 13.9535 1102.28
Ring: 29.9469 17.732 1066.14
Little: 22.8565 144.987 1021.33
Thumb: 36.918 89.7759 1096.55
Index: 32.7523 24.4624 1123.39
Middle: 72.2862 14.7291 1109.7
Ring: 29.8589 18.0163 1071.44
Little: 26.8585 143.537 1020.48
Thumb: 32.2539 87.6425 1099.71
Index: 33.0954 24.0965 1123.2
Middle: 74.636 15.0795 1111.67
Ring: 31.5229 17.5488 1073.14
Little: 26.5011 142.366 1020.5
Thumb: 34.3793 92.9189 1101.69
Index: 34.2248 23.3833 1120.95
Middle: 74.9785 14.4185 1109.45
Ring: 34.1129 17.0436 1071.32
Little: 26.5611 142.43 1020.05
Thumb: 36.7449 97.7663 1101.86
Index: 32.6648 25.1769 1118.83
Middle: 76.1056 15.4795 1108.09
Ring: 33.3787 18.7177 1071.08
Little: 27.9929 143.938 1017.95
Thumb: 38.1411 98.1165 1100.92
Index: 36.86 26.3609 1121.21
Middle: 79.3089 17.6488 1110.59
Ring: 33.8737 19.6582 1071.77
Little: 29.2622 143.395 1017.72
Thumb: 36.936 96.1415 1096.96
Index: 33.1565 23.7362 1112.31
Middle: 78.3707 13.092 1102.56
Ring: 34.1338 17.3924 1064.49
Little: 33.3613 142.253 1011.99
Thumb: 35.3373 97.6425 1098.88
Index: 33.8815 22.9002 1110.59
Middle: 77.5459 12.2089 1100.06
Ring: 33.5563 17.0859 1062.31
Little: 33.1018 142.505 1010.67
Thumb: 33.0839 96.9559 1097.53
Index: 32.3621 22.3416 1106.87
Middle: 78.3074 11.5899 1096.28
Ring: 34.2884 16.5845 1059.68
Little: 31.7556 142.674 1009.21
Thumb: 33.0782 97.7389 1096.3
Index: 34.1972 22.9711 1106.97
Middle: 77.5598 12.0234 1095.97
Ring: 32.9586 17.4827 1058.54
Little: 33.9221 142.3 1000.93
Thumb: 33.3777 99.3753 1092.81
Index: 32.2565 24.5798 1107.34
Middle: 75.8178 13.1733 1097.18
Ring: 29.9515 19.1437 1058.16
Little: 36.0164 141.446 994.716
Thumb: 33.5659 99.56 1091.97
Index: 31.8921 25.633 1108
Middle: 76.7783 14.4476 1098.77
Ring: 29.3777 20.0479 1058.44
Little: 30.0351 143.461 1007.36
Thumb: 33.4513 99.4607 1092.17
Index: 28.857 26.2072 1106.69
Middle: 77.0178 14.5892 1098.8
Ring: 29.5191 20.1418 1058.4
Little: 32.7215 143.921 1007.36
Thumb: 34.1178 102.211 1087.06
Index: 26.5558 27.7607 1106.54
Middle: 72.9542 15.5185 1098.43
Ring: 26.5829 21.5282 1057.93
Little: 33.5301 145.233 1005.89
Thumb: 32.2276 106.579 1085.94
Index: -12.0739 83.3913 1059.15
Middle: 70.3387 17.1336 1087.53
Ring: 18.7482 29.5539 1043.71
Little: 34.364 148.223 992.782
Thumb: 29.1529 106.728 1088.51
Index: -13.8794 83.554 1059.33
Middle: 67.3084 16.3156 1088.54
Ring: 16.8914 29.0592 1044.53
Little: 30.2646 145.152 988.059
Thumb: 25.0527 106.938 1092.88
Index: -16.6572 84.7867 1057.8
Middle: 62.8367 10.9654 1084.14
Ring: 12.3635 26.7646 1040.38
Little: 14.5402 134.769 985.758
Thumb: 28.7312 109.792 1088.84
Index: -17.5276 85.7739 1057.98
Middle: 59.7559 11.7803 1087.69
Ring: 12.6015 26.3386 1042.63
Little: 10.8619 131.996 989.48
Thumb: 20.3768 108.64 1095.62
Index: -23.8565 85.4324 1060.13
Middle: 54.2948 11.0856 1086.75
Ring: 14.7214 155.545 1001.83
Little: 14.8992 137.511 999.767
Thumb: 18.9048 105.75 1090.45
Index: -26.2234 88.0546 1059.88
Middle: 49.7727 13.2652 1090.24
Ring: 30.5668 159.059 1006.92
Little: 15.7322 139.089 999.667
Thumb: 15.7064 107.668 1094.01
Index: -30.1486 85.7066 1062.44
Middle: 43.5695 13.5792 1093.74
Ring: 32.7127 159.796 1009.98
Little: 14.3892 129.257 994.575
Thumb: 15.0352 102.729 1090.93
Index: -34.175 83.2012 1064.01
Middle: 38.3625 9.9523 1093.95
Ring: 31.292 152.237 1002.79
Little: 9.8732 122.159 993.45
Thumb: 11.8586 103.565 1094.2
Index: -41.5172 81.6854 1065.86
Middle: 30.9006 8.60218 1093.47
Ring: 33.6069 154.715 1011.34
Little: 7.68609 121.041 993.482
Thumb: -4.72313 101.49 1103.74
Index: -47.8923 80.4759 1067.79
Middle: 24.0605 5.38587 1091
Ring: 29.2956 155.079 1017.68
Little: 4.08276 120.333 997.483
Thumb: -5.04292 101.361 1102.14
Index: -52.248 81.8067 1068.22
Middle: 16.8864 4.28038 1088.02
Ring: 26.9649 154.697 1019.5
Little: 5.27945 120.684 999.185
Thumb: -14.3546 95.6464 1102.78
Index: -63.9819 73.8523 1071.86
Middle: 13.2508 0.588301 1087.59
Ring: 16.0303 151.478 1020.54
Little: -0.727912 114.899 997.471
Thumb: -19.2769 95.0421 1103.42
Index: -68.9239 73.5264 1069.2
Middle: 6.93058 0.716516 1086.55
Ring: 10.1498 153.302 1032.09
Little: -9.34833 105.808 1004.53
Thumb: -28.6442 94.2903 1106
Index: -72.8739 76.556 1068.37
Middle: 1.08761 1.27538 1091.85
Ring: 8.89544 150.817 1028.56
Little: -6.10072 116.874 1008.81
Thumb: -33.6725 95.9246 1107.35
Index: -82.8254 67.8257 1068.43
Middle: -7.67915 -0.808376 1087.55
Ring: -18.1283 147.531 1020.8
Little: -13.1364 113.707 1005.58
Thumb: -37.1469 90.1731 1107.65
Index: -85.193 55.4022 1065.76
Middle: -12.2712 -3.03653 1086.54
Ring: -30.2388 144.901 1021.57
Little: -21.5331 110.377 1004.42
Thumb: -43.4717 91.1268 1107.87
Index: -91.7777 54.1185 1067.18
Middle: -14.3669 -7.88105 1091.82
Ring: -42.1297 146.362 1034.61
Little: -35.0833 106.458 1006.63
Thumb: -52.0735 92.7226 1107.84
Index: -97.8668 57.1847 1065.55
Middle: -24.03 -6.31238 1082.5
Ring: -16.6385 147.571 1056.17
Little: -39.0112 112.95 1005.87
Thumb: -58.9263 95.3004 1107.52
Index: -104.837 61.5371 1065.54
Middle: -30.5345 -6.28823 1083.31
Ring: -24.7907 149.602 1054.92
Little: 11.5618 27.2806 1017.14
Thumb: -82.0371 130.714 1058.23
Index: -93.4567 33.5062 1074.1
Middle: -52.7151 10.8325 1079.23
Ring: -12.8633 9.74249 1093.49
Little: 11.218 25.1347 1090.06
Thumb: -91.2898 126.257 1059.06
Index: -104.582 28.1768 1077.77
Middle: -56.0132 7.84433 1078.8
Ring: -17.3402 7.35011 1095.1
Little: 7.49764 36.3562 1079.21
Thumb: -97.9076 125.86 1056.94
Index: -109.717 29.5257 1075.63
Middle: -62.0441 8.26772 1079.03
Ring: -22.0175 9.35341 1090.75
Little: 2.54053 63.6612 1078.15
Thumb: -99.7313 128.296 1058.12
Index: -110.106 32.7621 1069.4
Middle: -64.0109 9.19308 1077.9
Ring: -29.1586 6.90259 1088.81
Little: -2.91538 60.1995 1080.57
Thumb: -117.523 131.83 1029.78
Index: -109.519 34.3542 1065.12
Middle: -66.3112 5.48153 1082
Ring: -33.631 4.56659 1089.58
Little: -4.04795 63.6525 1081.52
Thumb: -118.084 121.345 1031.48
Index: -108.441 29.6062 1061.68
Middle: -61.31 5.84679 1078.02
Ring: -30.6103 4.20715 1092.41
Little: -4.66396 66.6685 1087.74
Thumb: -117.647 125.721 1023.59
Index: -96.0519 35.1575 1055.14
Middle: -53.7526 9.3737 1078.72
Ring: -27.5255 8.13284 1098.89
Little: -2.35216 70.5035 1093.63
Thumb: -141.155 130.908 977.385
Index: -62.5831 89.5893 1041.71
Middle: -35.8625 25.1811 1064.95
Ring: -16.3167 11.6169 1104.13
Little: 14.8017 49.994 1114.29
Thumb: -129.837 122.473 975.211
Index: -56.3032 98.5629 1042.1
Middle: -25.3913 49.1697 1067.25
Ring: -11.8558 17.0415 1111.45
Little: 14.3462 55.5912 1134.04
Thumb: -124.082 134.497 967.439
Index: -58.3727 114.069 1042.86
Middle: -17.2416 46.5109 1071.34
Ring: -8.16596 23.7616 1118.38
Little: 11.7422 60.8137 1142.56
Thumb: -107.523 141.953 959.654
Index: -55.9904 126.733 1043.55
Middle: -12.6584 68.5059 1072.81
Ring: -4.43816 29.9968 1125.47
Little: 8.215 65.2838 1150.48
Thumb: -101.307 140.907 958.549
Index: -14.3194 61.8871 1041.36
Middle: -20.0111 83.8686 1077.21
Ring: -1.46739 34.1839 1130.04
Little: 3.53284 62.8984 1152.66
Thumb: -90.4939 147.754 952.352
Index: -18.4892 119.357 1018.07
Middle: -18.9026 88.1051 1078.07
Ring: -2.05769 38.6427 1133.03
Little: -3.64646 62.2585 1154
Thumb: -82.3915 155.873 951.554
Index: -15.9787 122.373 1020.85
Middle: -19.8593 90.5817 1080.36
Ring: -4.18847 40.0353 1130.89
Little: -10.2748 61.8881 1157.01
Thumb: -78.3102 158.084 951.255
Index: -13.1396 122.68 1022.47
Middle: -20.9485 93.4147 1081.08
Ring: -7.87141 37.3484 1131.22
Little: -11.9945 61.3869 1157.91
Thumb: -73.8257 147.937 955.235
Index: -9.02142 121.326 1027.29
Middle: -21.1119 95.1673 1082.4
Ring: -13.5311 35.0069 1137.8
Little: -13.2763 59.9301 1158.26
Thumb: -73.7519 156.273 952.331
Index: -7.62424 125.412 1026.82
Middle: -18.2931 91.3618 1085.34
Ring: -10.7204 38.949 1138.25
Little: -10.418 64.1438 1157.49
Thumb: -70.3436 156.578 952.253
Index: -8.19669 129.655 1023.62
Middle: -16.3755 89.4273 1086.54
Ring: -10.9116 38.6111 1138.06
Little: -10.3186 64.1084 1157.26
Thumb: -70.4048 154.793 952.923
Index: -4.04771 64.179 1056.2
Middle: -16.6128 89.0379 1087
Ring: -10.8719 38.7001 1137.95
Little: -10.2895 64.2253 1157.27
Thumb: -69.1622 142.203 946.379
Index: 7.28771 76.6659 1052.75
Middle: -12.649 98.5128 1082.04
Ring: -17.7031 39.2826 1141.85
Little: -12.0955 74.8037 1162.46
Thumb: -77.6892 146.127 944.183
Index: 6.68098 73.9899 1054.95
Middle: -12.9258 98.9937 1082.2
Ring: -18.2139 39.7832 1141.88
Little: -14.0666 72.899 1161.1
Thumb: -83.7646 149.189 943.046
Index: 3.83963 71.1709 1049.48
Middle: -13.9521 93.7666 1085.59
Ring: -18.5718 39.1193 1141.32
Little: -14.9073 71.1832 1160.06
Thumb: -80.5806 137.692 950.937
Index: 3.04577 67.7797 1047.9
Middle: -14.0081 90.4314 1089.37
Ring: -16.5918 40.2108 1143.39
Little: -12.3203 69.2004 1156.28
Thumb: -81.6019 138.345 950.432
Index: 3.73599 62.1799 1055.36
Middle: -14.2893 90.0118 1090.18
Ring: -17.7812 39.9261 1144.45
Little: -14.2258 68.0475 1157.66
Thumb: -79.7288 142.275 947.996
Index: 3.43155 58.7249 1048.82
Middle: -10.5254 88.1155 1092.4
Ring: -16.9801 40.4595 1144.96
Little: -13.1607 68.795 1157.67
Thumb: -78.0843 135.313 950.553
Index: 4.25136 59.2438 1050.14
Middle: -10.1206 88.2725 1092.45
Ring: -16.653 40.53 1144.77
Little: -11.2797 70.5168 1156.26
Thumb: -81.5508 133.372 945.6
Index: 6.3603 52.8589 1035.65
Middle: -10.5714 89.2899 1093.94
Ring: -12.2896 40.9469 1148.7
Little: -7.83363 72.04 1157.11
Thumb: -89.3223 137.944 941.537
Index: 9.53583 57.3961 1031.61
Middle: -8.10122 91.1351 1091.94
Ring: -5.999 43.0766 1146.44
Little: -3.2092 74.3376 1155.1
Thumb: -91.4993 143.353 938.574
Index: 12.1937 64.8296 1031.67
Middle: -10.7242 92.8262 1090.09
Ring: -4.53749 43.3248 1144.65
Little: -0.0902843 78.0718 1150.97
Thumb: -90.3297 141.764 940.264
Index: 14.1519 64.5899 1038.99
Middle: -10.8336 94.265 1089.65
Ring: -3.78932 42.9631 1144.2
Little: -1.52339 74.8046 1153.04
Thumb: -94.0507 141.447 940.568
Index: 14.8871 64.5113 1038.57
Middle: -7.33985 94.1017 1090.46
Ring: -0.560684 46.26 1146.32
Little: -2.83431 74.8428 1160.43
Thumb: -82.4899 134.055 954.57
Index: 15.1034 59.0424 1049.92
Middle: -1.79066 90.3316 1103.16
Ring: 4.32897 45.9112 1161.01
Little: 1.78464 74.6089 1177.17
Thumb: -85.3333 136.34 954.006
Index: 13.276 57.6636 1044.13
Middle: -1.81383 87.8504 1104.74
Ring: 4.21925 45.3012 1162.51
Little: 3.47604 74.2729 1176.31
Thumb: -91.3092 133.923 958.15
Index: 13.8368 56.88 1044.9
Middle: -2.4942 90.5477 1105.02
Ring: 6.14822 44.7246 1164.49
Little: 6.10035 74.2452 1178.55
Thumb: -86.6372 138.635 955.944
Index: 7.38947 49.9589 1044.5
Middle: -4.14008 83.5165 1106.61
Ring: -0.347996 41.3997 1165.28
Little: 1.08113 67.6868 1176.48
Thumb: -78.3638 139.926 959.261
Index: 10.8942 64.3306 1039.87
Middle: 23.1909 57.097 1104.99
Ring: 26.3123 50.1189 1137.79
Little: 9.33171 62.6274 1173.3
Thumb: -73.4758 143.659 959.803
Index: 13.5252 69.9511 1038.88
Middle: 23.9535 44.9598 1105.77
Ring: 30.1037 49.6027 1134.72
Little: 12.0793 60.3037 1172.46
Thumb: -48.6561 142.765 956.846
Index: 16.2103 64.3257 1035.11
Middle: 26.3691 39.0017 1102.49
Ring: 32.0047 50.0771 1129.92
Little: 16.5636 57.7789 1169.47
Thumb: -46.439 140.41 956.626
Index: 20.1788 71.2031 1031.44
Middle: 27.4286 33.0843 1101.76
Ring: 34.2758 48.7678 1127.37
Little: 19.421 55.8244 1165.89
Thumb: -46.3949 141.038 954.525
Index: 16.8014 64.0039 1028.99
Middle: 27.5529 35.5277 1102.52
Ring: 32.0867 50.784 1128.02
Little: 20.5216 59.4001 1164.01
Thumb: -45.44 147.068 950.509
Index: 18.8787 63.0655 1028.62
Middle: 29.5022 35.5959 1102.93
Ring: 35.6681 53.8085 1124.97
Little: 21.715 60.7905 1163.48
Thumb: -42.5964 141.157 949.777
Index: 22.313 63.2904 1028.72
Middle: 34.9459 42.0979 1102.09
Ring: 39.6553 56.9826 1124.16
Little: 24.6226 63.3954 1164.12
Thumb: -47.9732 137.905 947.487
Index: 26.7609 73.129 1029.14
Middle: 40.964 43.4673 1107.22
Ring: 44.547 59.1309 1124.39
Little: 31.1493 66.9345 1164.98
Thumb: -61.691 138.419 941.307
Index: 28.5916 95.0675 1032.45
Middle: 40.0477 62.8831 1107.69
Ring: 42.7372 77.9595 1127.07
Little: 35.9286 81.5183 1171.8
Thumb: -75.0958 123.312 949.929
Index: 29.6211 88.0482 1029.75
Middle: 51.9258 56.9735 1108.05
Ring: 24.5319 100.863 1106.49
Little: 46.6773 98.5425 1136.53
Thumb: -71.5549 120.699 947.011
Index: 31.7246 88.1825 1031.26
Middle: 58.6389 59.6542 1109.99
Ring: 22.1062 107.075 1106.1
Little: 49.7988 105.373 1133.51
Thumb: -69.1028 122.038 946.499
Index: 24.398 103.096 1031.24
Middle: 62.3179 62.5573 1108.97
Ring: 24.8025 107.991 1107.23
Little: 50.257 109.49 1132.42
Thumb: -68.6746 124.607 945.836
Index: 19.7368 110.137 1035.4
Middle: 54.058 81.8294 1091.36
Ring: 27.4913 111.112 1105.58
Little: 48.8294 127.096 1109.43
Thumb: -66.2825 119.81 945.828
Index: 30.747 105.208 1032.64
Middle: 19.6674 102.886 1091.76
Ring: 29.2803 114.011 1105.97
Little: 49.5809 131.682 1108.25
Thumb: -63.7594 117.51 944.426
Index: 29.4487 105.472 1027.78
Middle: 18.4119 104.42 1092.63
Ring: 29.2236 115.452 1106.3
Little: 48.6592 133.879 1108.45
Thumb: -59.9971 117.895 944.779
Index: 33.1824 99.1684 1028.6
Middle: 18.6028 104.914 1092.77
Ring: 31.0794 115.442 1105.93
Little: 49.8938 134.124 1107.49
Thumb: -59.4425 111.599 943.233
Index: 23.5549 103.517 1026.13
Middle: 20.7765 104.034 1090.66
Ring: 31.7776 115.346 1104.3
Little: 50.8101 133.617 1106.53
Thumb: -54.9932 114.845 941.326
Index: 20.6181 104.748 1025.32
Middle: 19.8652 105.101 1090.63
Ring: 32.3934 115.433 1104.67
Little: 51.941 133.37 1106.89
Thumb: -47.8201 112.598 940.692
Index: 25.4273 105.296 1025.93
Middle: 22.9913 104.117 1092.54
Ring: 32.6768 116.523 1105.56
Little: 51.8453 136.848 1104.09
Thumb: -50.7271 111.714 941.508
Index: 24.5496 106.277 1025.31
Middle: 22.9368 104.13 1092.5
Ring: 35.2803 115.043 1105.68
Little: 52.445 136.246 1104.78
Thumb: -53.5482 124.821 945.893
Index: 43.3129 101.11 1035.64
Middle: 22.4025 103.392 1094.45
Ring: 40.4182 113.565 1103.4
Little: 25.2309 129.675 1137.2
Thumb: -52.673 129.542 942.425
Index: 50.213 90.2052 1032.1
Middle: 17.7955 102.863 1088.64
Ring: 45.9695 106.917 1096.65
Little: 20.0172 139.804 1115.02
Thumb: -52.3539 126.78 943.442
Index: 50.7284 89.5896 1031.88
Middle: 14.2578 104.388 1089.59
Ring: 46.0276 107.121 1095.88
Little: 20.192 147.579 1104.6
Thumb: -47.63 123.42 942.482
Index: 37.8715 93.5904 1030.77
Middle: 5.57704 104.69 1088.99
Ring: 29.224 110.527 1096.54
Little: 39.476 153.03 1076.09
Thumb: -42.9967 119.149 940.817
Index: 45.0088 90.0102 1027.91
Middle: 60.7722 74.9359 1075.75
Ring: 5.07446 110.942 1106.43
Little: 60.7084 69.6606 1151.75
Thumb: -34.0121 114.762 944.559
Index: 42.0072 94.3033 1026.37
Middle: 61.0983 73.6113 1073.56
Ring: 5.36676 109.101 1105.37
Little: 61.2745 65.623 1147.01
Thumb: -41.0948 132.218 934.286
Index: 56.3055 64.9758 1042.96
Middle: 59.4772 70.7298 1075.24
Ring: 4.5855 108.602 1104.8
Little: 54.9507 62.8094 1153.67
Thumb: -12.9957 129.094 941.901
Index: 53.4759 58.7176 1035.11
Middle: 51.7492 71.4037 1062.64
Ring: 44.8933 75.9688 1090.33
Little: 46.6214 48.9978 1143.16
Thumb: -12.953 130.507 940.774
Index: 53.2886 56.7267 1036.83
Middle: 48.7939 69.4578 1066.18
Ring: 44.8588 76.0343 1090.36
Little: 46.5742 49.0002 1143.24
Thumb: -13.1977 129.906 940.912
Index: 52.2282 53.1955 1040.26
Middle: 46.1157 72.599 1065.59
Ring: 49.9111 72.3203 1089.9
Little: 46.7226 49.2643 1143.23
Thumb: -21.1807 129.711 944.42
Index: 44.6579 43.0998 1048.1
Middle: 47.8169 62.8975 1067.57
Ring: 52.0238 62.7428 1092.04
Little: 45.4966 50.8885 1140.76
Thumb: -29.5857 132.929 939.736
Index: 40.1363 46.044 1040.92
Middle: 46.1407 52.9171 1068.94
Ring: 50.2492 52.2019 1094.3
Little: 43.8379 49.8442 1136.93
Thumb: -46.7048 126.177 955.629
Index: 26.9951 42.8323 1041.1
Middle: 39.8532 42.0644 1069.82
Ring: 44.8272 43.8285 1094.3
Little: 51.3056 52.7262 1119.61
Thumb: -61.3722 140.483 959.838
Index: 18.6868 48.6848 1031.42
Middle: 33.66 29.7651 1073.46
Ring: 39.7119 39.6069 1093.6
Little: 54.4306 52.8908 1107.08
Thumb: -73.5533 140.157 962.727
Index: -6.47163 120.213 998.72
Middle: 27.2999 38.6258 1067.31
Ring: 36.5576 36.0002 1096.02
Little: 51.9002 79.0171 1081.88
Thumb: -83.1603 132.397 973.871
Index: -13.6011 117.879 1000.59
Middle: 25.7673 29.743 1072.01
Ring: 35.3456 35.8481 1094.92
Little: 24.7663 132.704 1081.58
Thumb: -94.9425 138.316 979.576
Index: -14.8598 114.081 1005.38
Middle: 15.5989 37.0255 1062.98
Ring: 34.0052 39.6149 1092.71
Little: 37.9726 120.259 1052.07
Thumb: -104.556 142.323 986.299
Index: -17.6682 118.171 1008.73
Middle: 12.2668 25.7981 1070.48
Ring: 34.5368 34.5765 1094.51
Little: 42.2716 117.329 1046.59
Thumb: -105.695 125.692 996.959
Index: -14.4839 106.342 1009.11
Middle: 9.44726 24.0527 1072.94
Ring: 33.2276 35.6637 1089.2
Little: 67.2239 57.1924 1119.25
Thumb: -100.666 109.267 1007.6
Index: -9.69377 99.3493 1013.96
Middle: 4.5261 14.1068 1078.38
Ring: 34.3385 31.0712 1100.84
Little: 70.4668 60.1808 1125.21
Thumb: -96.1895 100.982 1018.97
Index: -12.128 106.696 1016.18
Middle: 3.37368 12.0182 1078.54
Ring: 34.1609 30.2211 1093.31
Little: 70.6317 58.2192 1114.49
Thumb: -65.4046 108.539 1064.36
Index: -7.75911 97.2838 1014.28
Middle: 3.51426 9.18929 1071.67
Ring: 36.4607 25.8599 1089.33
Little: 71.4308 55.4169 1109.64
Thumb: -63.4194 119.122 1071.52
Index: -10.922 97.9067 1012.68
Middle: 4.25341 13.724 1065.08
Ring: 35.4358 22.2407 1082.57
Little: 71.2437 55.8915 1101.66
Thumb: -62.6111 120.669 1073.5
Index: -12.4728 96.6608 1010.15
Middle: 3.34464 28.2101 1056.07
Ring: 35.0523 26.2174 1073.49
Little: 69.6625 55.7409 1093.29
Thumb: -60.4118 110.633 1074.15
Index: -15.3435 92.1916 1007.94
Middle: 5.39573 28.6089 1041.32
Ring: 34.2698 31.5548 1063.23
Little: 72.0466 53.3655 1089.01
Thumb: -61.4693 110.081 1074.03
Index: -18.5538 93.1019 1005.17
Middle: 4.79601 30.3312 1034.38
Ring: 34.3678 34.3016 1055.76
Little: 72.2458 52.0197 1083.51
Thumb: -63.1868 112.259 1073.79
Index: -20.699 78.4105 999.728
Middle: 7.80193 23.1078 1026.03
Ring: 34.8752 37.8737 1048.71
Little: 73.2707 53.6065 1075.62
Thumb: -58.8801 109.755 1072.25
Index: -21.231 93.0726 999.156
Middle: 6.15589 31.0626 1015.78
Ring: 33.5989 43.6894 1042.53
Little: 70.2081 49.2989 1067.03
Thumb: -50.5055 140.843 1091.33
Index: -20.1821 92.8551 998.003
Middle: 6.82582 36.4256 1011.55
Ring: 34.0028 44.9184 1039.31
Little: 68.871 49.9909 1061.93
Thumb: -50.6721 140.031 1089.9
Index: -17.3985 92.1282 995.677
Middle: 8.96516 35.042 1008.56
Ring: 35.4204 50.0192 1037.62
Little: 69.9169 53.5822 1059.22
Thumb: -49.0335 139.249 1089.14
Index: -15.2814 90.9201 994.085
Middle: 11.4289 42.5936 1003.67
Ring: 34.4163 55.6488 1042.35
Little: 67.6035 61.2458 1054.84
Thumb: -82.0131 77.3272 1005.46
Index: -12.9837 91.0501 991.609
Middle: 11.0803 80.0544 1012.65
Ring: 34.0242 59.9573 1041.01
Little: 69.9016 59.4634 1048.35
Thumb: -94.0838 92.7524 993.135
Index: -8.50168 91.3341 990.223
Middle: 12.7755 84.8865 1017.35
Ring: 35.1402 61.7698 1040.28
Little: 70.9091 60.327 1043.13
Thumb: -87.2055 87.3893 990.823
Index: -5.08697 93.0195 990.042
Middle: 15.5586 81.5236 1013.62
Ring: 37.2722 59.4708 1039.02
Little: 71.7976 66.5206 1040.12
Thumb: -80.8474 82.4836 993.673
Index: -2.91605 97.8219 987.92
Middle: 9.98722 82.4818 1050.63
Ring: 37.2268 60.5258 1037.95
Little: 72.3531 71.4299 1036.49
Thumb: -23.6554 72.6174 1061.22
Index: -0.315836 106.26 993.926
Middle: 11.5025 81.521 1049.62
Ring: 38.7203 59.8794 1037.47
Little: 62.365 86.7775 1039.9
Thumb: -22.4702 72.3351 1056.86
Index: 3.15995 103.544 989.146
Middle: 9.88976 78.051 1066.91
Ring: 40.4672 60.4221 1035.74
Little: 62.9062 89.8205 1037.89
Thumb: -19.7865 76.6268 1058.18
Index: 8.72868 92.7852 982.32
Middle: 18.2246 80.2917 1044.42
Ring: 43.9375 61.4834 1036.24
Little: 66.16 90.714 1040.99
Thumb: -17.9948 75.9704 1057.68
Index: 10.2553 92.2951 981.604
Middle: 20.3625 79.0013 1040.75
Ring: 45.2209 61.8264 1035.98
Little: 72.3719 78.2898 1030.88
Thumb: -15.6138 75.7436 1056.78
Index: 11.5418 93.8375 981.566
Middle: 19.581 78.6924 1046.88
Ring: 45.7535 61.6627 1036.58
Little: 72.6515 76.5213 1032.09
Thumb: -15.4303 77.5984 1057.16
Index: 7.56429 117.322 996.242
Middle: 18.9824 77.9756 1045.19
Ring: 44.2358 60.5427 1031.69
Little: 71.7488 75.1585 1025.99
Thumb: -16.3576 77.6478 1058.27
Index: 4.8395 86.3857 976.714
Middle: 17.902 78.0697 1050.99
Ring: 43.0359 60.3464 1030.38
Little: 69.7914 77.39 1025.31
Thumb: -15.5176 79.6382 1059.61
Index: 5.20056 90.6259 977.216
Middle: 18.0493 77.4343 1050.52
Ring: 43.1542 60.7455 1029.91
Little: 71.3508 72.8488 1023.47
Thumb: -14.5272 78.9282 1060.21
Index: 7.06326 89.4012 978.396
Middle: 19.0193 77.5799 1051.78
Ring: 44.2376 60.3945 1031.93
Little: 71.7475 72.3254 1026.27
Thumb: -14.1048 78.0671 1060.35
Index: 8.89675 89.0731 979.062
Middle: 20.3012 79.3794 1054.93
Ring: 45.9782 59.8042 1034.61
Little: 74.398 73.2619 1028.5
Thumb: -14.4971 81.915 1064.32
Index: 14.3192 91.9061 983.667
Middle: 22.9989 80.0638 1055.93
Ring: 48.8389 58.15 1039.63
Little: 77.0907 74.4696 1034.93
Thumb: -15.4888 81.8576 1069.9
Index: 14.5591 88.6357 988.1
Middle: 19.7696 81.5895 1080.92
Ring: 50.3879 54.5192 1042.9
Little: 79.0875 73.8152 1040.5
Thumb: -18.8914 91.2073 1082.49
Index: 15.7194 93.7285 999.567
Middle: 20.1438 81.9042 1088.62
Ring: 51.4892 53.4571 1054.04
Little: 79.9476 67.9101 1051.36
Thumb: -15.1254 86.5556 1090.24
Index: 16.2758 88.1973 1006.42
Middle: 21.4002 81.1195 1098.81
Ring: 54.4163 55.9809 1065.5
Little: 78.4581 68.9257 1064.06
Thumb: -12.2766 85.3147 1097.41
Index: 15.6697 94.5204 1016.38
Middle: 26.8386 83.2329 1092.17
Ring: 61.9608 48.6983 1072.65
Little: 81.4754 59.0606 1091.37
Thumb: 27.0999 82.6068 1137.23
Index: 14.7443 98.6275 1030.54
Middle: 24.3598 88.1944 1116.26
Ring: 66.0384 28.6151 1086.72
Little: 82.3967 54.449 1107.32
Thumb: 20.9485 88.3879 1143.74
Index: 15.3368 106.778 1040.22
Middle: 19.8954 94.2877 1121.96
Ring: 62.6794 26.3462 1102.78
Little: 79.799 53.5392 1130.27
Thumb: 15.4698 94.5893 1151.72
Index: 13.8807 115.156 1051.37
Middle: 22.0784 127.095 1095.49
Ring: 63.199 28.4539 1122.51
Little: 74.6224 61.4951 1143.65
Thumb: 14.0421 98.9449 1159.04
Index: -11.1762 123.424 1115.27
Middle: 28.5466 123.256 1083.07
Ring: 57.4513 30.8235 1130.3
Little: 66.4101 62.3948 1151.78
Thumb: 2.8809 92.5818 1168.54
Index: -16.014 127.94 1120.93
Middle: 19.9545 131.434 1100.16
Ring: 49.6787 31.0326 1143.36
Little: 63.0884 67.6812 1163.01
Thumb: 2.35244 97.6019 1170.88
Index: -19.5149 129.095 1125.37
Middle: 16.8967 136.788 1098.75
Ring: 48.3297 31.8985 1157.76
Little: 64.3923 75.4587 1159.47
Thumb: -3.52479 97.9437 1171.49
Index: -24.341 131.449 1125.46
Middle: 8.99741 136.889 1110.52
Ring: 41.3845 33.4527 1158.76
Little: 60.0652 79.1734 1162.8
Thumb: -13.7335 102.331 1168.37
Index: -30.1651 131.128 1126.77
Middle: 5.93071 139.748 1110.67
Ring: 33.461 34.9013 1155.82
Little: 57.3664 83.4323 1166.94
Thumb: -17.91 102.237 1167.27
Index: -34.4454 132.255 1124.37
Middle: 2.6276 140.461 1107.25
Ring: 32.4624 37.1714 1156.54
Little: 52.5584 83.6398 1166.56
Thumb: -21.8503 101.05 1167.25
Index: -37.9205 129.141 1126.31
Middle: 18.1727 147.987 1073.84
Ring: 28.1641 34.4567 1161.63
Little: 50.914 82.6324 1167.78
Thumb: -26.2459 98.2581 1162.54
Index: -41.3449 130.388 1120.99
Middle: 20.4667 139.164 1062.86
Ring: 23.82 33.7155 1154.34
Little: 46.5309 80.8875 1158.38
Thumb: -28.4772 106.24 1156.4
Index: -42.495 133.966 1113.75
Middle: 20.7976 132.025 1055.24
Ring: 17.7774 30.5958 1145.8
Little: 36.6473 68.6482 1154.24
Thumb: -35.4885 95.1873 1150.14
Index: -43.7183 131.761 1111.04
Middle: 15.9508 132.666 1054.32
Ring: 6.29759 22.8272 1133.56
Little: 29.2696 56.586 1150.68
Thumb: -45.7385 88.7691 1144
Index: -46.1793 129.729 1106.21
Middle: 14.7361 132.514 1053.33
Ring: -1.40805 15.0148 1132.05
Little: 21.2221 50.4782 1144.46
Thumb: -44.1646 86.4852 1141.85
Index: -45.9239 130.733 1101
Middle: 10.4754 51.1368 1050.15
Ring: -4.22451 14.021 1122.99
Little: 13.7803 42.8606 1143.16
Thumb: -44.0226 86.4189 1141.68
Index: -45.2968 131.185 1099.9
Middle: 18.8533 85.2089 1046.11
Ring: 5.55251 22.1821 1114.03
Little: 13.8957 42.6672 1143.49
Thumb: -44.7845 86.3947 1141.29
Index: -44.2216 130.655 1097.11
Middle: 23.7803 67.5398 1044.61
Ring: 11.0407 31.2004 1111.36
Little: 14.1442 44.1068 1147.47
Thumb: -46.2291 87.0578 1139.66
Index: -55.5536 112.433 1105.78
Middle: 26.3569 52.4713 1048.92
Ring: 17.7475 46.1042 1106.66
Little: 14.7437 47.3648 1150.97
Thumb: -40.701 88.6912 1141.1
Index: -51.6482 110.367 1104.26
Middle: 35.3616 51.2182 1053.8
Ring: 26.4318 56.3323 1104.86
Little: 21.4852 50.8896 1156.73
Thumb: -38.0789 84.9187 1138.85
Index: -40.7333 112.734 1090.96
Middle: 38.7717 64.0368 1051.57
Ring: 24.7255 65.4501 1109.75
Little: 29.5907 58.4777 1151.63
Thumb: -35.4634 86.877 1136.84
Index: -40.6581 114.214 1088.02
Middle: 38.4901 72.9187 1047.04
Ring: 26.572 69.167 1105.68
Little: 29.4535 58.6878 1155.26
Thumb: -35.1765 86.3793 1136.46
Index: -37.139 115.101 1082.08
Middle: 37.5932 68.8678 1046.98
Ring: 27.6519 66.0706 1106.64
Little: 30.6609 59.3863 1155.48
Thumb: -28.9153 95.9224 1137.8
Index: -37.1454 105.765 1088.76
Middle: 32.4053 78.8616 1057.09
Ring: 29.0811 66.2822 1107.77
Little: 61.8903 107.078 1143.33
Thumb: -25.4016 90.3587 1148.58
Index: -27.1345 111.37 1083.26
Middle: 21.1548 82.8842 1109.52
Ring: 41.2689 65.531 1143.31
Little: 51.7374 107.263 1141.75
Thumb: -24.6619 91.0639 1148.2
Index: -24.1724 111.363 1079.55
Middle: 21.7609 85.3093 1109.73
Ring: 43.2579 68.6295 1143.33
Little: 49.0298 106.094 1144.61
Thumb: -24.2309 90.0252 1149.34
Index: -17.1596 109.283 1072.16
Middle: 12.1439 91.9925 1112.15
Ring: 43.0477 67.9697 1145.21
Little: 50.272 106.367 1141.21
Thumb: -21.3353 93.0117 1148.83
Index: -14.3191 110.715 1073.73
Middle: 14.4098 93.4707 1112.73
Ring: 45.6594 70.651 1142.47
Little: 51.1514 102.822 1144.57
Thumb: -21.5707 87.8175 1148.92
Index: -14.0616 111.395 1073.61
Middle: 13.9755 95.2703 1112.45
Ring: 46.1701 71.8435 1142.64
Little: 52.0859 104.641 1142.49
Thumb: -19.6226 88.5879 1147.52
Index: -10.5095 111.122 1071.4
Middle: 17.4065 93.7243 1111.7
Ring: 48.2636 71.6019 1141.84
Little: 53.6302 104.747 1142.56
Thumb: -18.1957 87.7321 1148.09
Index: 39.0965 92.5448 1046.25
Middle: 19.0646 94.4239 1112.67
Ring: 49.9778 71.0095 1144.06
Little: 54.7116 106.564 1141.38
Thumb: -18.0999 89.2591 1147.97
Index: 39.36 92.2166 1046.39
Middle: 19.0513 94.4336 1112.67
Ring: 50.0001 70.5998 1144.54
Little: 54.689 106.522 1141.41
Thumb: -20.5767 102.76 1146.52
Index: 38.2453 91.9291 1047.87
Middle: 36.1081 80.8642 1111.95
Ring: 46.548 73.0478 1145.95
Little: 53.2971 108.23 1141.19
Thumb: -28.5298 100.592 1137.59
Index: 37.344 92.6762 1047.55
Middle: 36.695 79.4187 1113.33
Ring: 46.4987 73.3985 1146.1
Little: 54.4463 111.328 1136.89
Thumb: -28.7173 101.139 1137.06
Index: 37.9986 92.667 1047.99
Middle: 37.3253 79.3512 1113.72
Ring: 47.4723 73.4781 1145.77
Little: 53.7786 110.453 1139.28
Thumb: -28.5853 99.6689 1137.58
Index: 32.2587 96.0637 1047.14
Middle: 35.2915 80.611 1111.21
Ring: 49.0784 70.3197 1145.38
Little: 54.5179 107.074 1143.14
Thumb: -28.2807 99.8047 1137.88
Index: 32.4283 96.0807 1047.14
Middle: 35.426 80.513 1111.25
Ring: 49.1618 70.4721 1145.12
Little: 54.8056 107.307 1141.96
Thumb: -28.2963 101.664 1136.71
Index: 34.7421 98.9629 1046.98
Middle: 31.586 87.6774 1111.32
Ring: 50.3974 71.9405 1145.5
Little: 55.9149 112.976 1139.12
Thumb: -29.9053 109.776 1132.12
Index: 41.2029 96.9426 1048.48
Middle: 20.9453 98.7789 1114.76
Ring: 53.6627 73.6407 1147.55
Little: 59.0515 120.858 1146.08
Thumb: -29.3296 109.469 1136.39
Index: 41.8422 98.5129 1051.63
Middle: 18.5835 100.226 1117.16
Ring: 50.1273 75.7245 1149.65
Little: 58.6966 126.141 1150.55
Thumb: -46.3367 119.972 1117.7
Index: 44.5555 90.1021 1057.49
Middle: 15.3798 98.562 1116.99
Ring: 43.9559 72.8988 1147.39
Little: 58.2988 133.56 1160.19
Thumb: -46.2968 119.168 1118.93
Index: 46.2867 89.6393 1060.65
Middle: 15.633 97.256 1119.34
Ring: 43.5333 71.6732 1148.55
Little: 58.8621 136.278 1163.74
Thumb: -49.9747 119.898 1118.72
Index: 39.4939 101.642 1057.79
Middle: 42.6263 47.9471 1132.57
Ring: 37.2452 69.3352 1147.78
Little: 53.8486 141.865 1171.12
Thumb: -52.0924 119.573 1118.5
Index: 39.6148 103.304 1060.67
Middle: 38.2716 46.6119 1136.88
Ring: 32.8317 69.8889 1150.3
Little: 44.1048 141.512 1183.12
Thumb: -53.5264 119.394 1112.97
Index: 34.837 54.3815 1094.92
Middle: 36.9387 47.258 1133.58
Ring: 28.709 64.4094 1152.67
Little: 32.562 144.384 1187.8
Thumb: -44.6441 108.945 1119.14
Index: 26.4724 47.7592 1127.72
Middle: 38.3519 58.5512 1148.04
Ring: 31.1256 96.6455 1153.6
Little: 26.9979 148.514 1183.84
Thumb: -45.5797 108.625 1117.68
Index: 24.2956 42.7673 1134.54
Middle: 35.572 57.1871 1152.07
Ring: 25.4009 95.1519 1159.56
Little: 22.2739 146.306 1187.64
Thumb: -47.5092 111.393 1114.73
Index: 20.2862 35.3444 1139.89
Middle: 31.6562 53.4077 1154.75
Ring: 23.6853 90.1705 1164.07
Little: 11.7765 141.962 1201.16
Thumb: -50.7513 115.261 1110.91
Index: 17.8655 33.1562 1135.72
Middle: 28.0297 47.8161 1153.88
Ring: 24.9829 88.3411 1161.84
Little: 6.09253 146.533 1205.2
Thumb: -52.776 112.533 1110.57
Index: 14.7393 28.4589 1136.51
Middle: 25.5178 44.7645 1153.95
Ring: 22.1882 81.8403 1164.2
Little: 1.80244 127.139 1203.74
Thumb: -63.4433 128.597 1096.12
Index: 14.8207 30.8717 1139.87
Middle: 21.6996 97.8883 1121.81
Ring: 18.9371 84.9938 1165.21
Little: -0.488846 119.369 1196.53
Thumb: -46.2743 61.5115 1133.54
Index: 17.8406 30.5548 1128.14
Middle: 18.7884 90.0044 1121.94
Ring: 18.028 81.5992 1161.32
Little: 0.751627 120.831 1198.96
Thumb: -41.9869 59.7872 1128.5
Index: -9.84056 89.0625 1098.22
Middle: 1.97468 23.2311 1159.51
Ring: 16.5971 87.3723 1159.19
Little: -6.28187 128.963 1204.23
Thumb: -44.092 61.6347 1124.67
Index: -8.68667 94.0799 1096.19
Middle: -8.48677 18.355 1162.71
Ring: 13.1855 95.1222 1155.37
Little: -21.4912 129.654 1205.72
Thumb: -46.1849 63.0147 1123.69
Index: 34.5304 64.3868 1103.31
Middle: -10.9182 18.6029 1160.35
Ring: 6.77827 93.5791 1157.46
Little: -16.6745 104.466 1190.9
Thumb: -48.8415 67.7516 1124.39
Index: 32.4047 58.8768 1108.05
Middle: -13.3864 19.5076 1159.1
Ring: 2.40402 91.9234 1157.69
Little: -31.4957 105.66 1198.45
Thumb: -54.0283 71.2325 1124.43
Index: 32.5522 60.412 1104.06
Middle: -15.9061 16.5971 1157.29
Ring: -14.074 51.0818 1180.78
Little: -30.1244 99.3282 1196.51
Thumb: -53.0338 77.7663 1119.12
Index: 29.3957 55.2138 1100.65
Middle: -17.4755 16.2737 1154.54
Ring: -13.1244 49.1825 1176.53
Little: -28.1823 102.298 1196.21
Thumb: -54.7169 69.6644 1117.25
Index: 29.7247 55.9496 1111.76
Middle: -20.1138 10.133 1156.97
Ring: -11.9445 51.9074 1178.92
Little: -46.1142 114.837 1205.51
Thumb: -50.9503 65.9146 1113.71
Index: 32.5788 53.3634 1112.72
Middle: -17.2961 7.3732 1152.26
Ring: -10.1277 50.9311 1178
Little: -45.8104 108.588 1205.51
Thumb: -75.5755 59.0991 1101.74
Index: 16.6949 52.2131 1150.16
Middle: -19.2838 10.7311 1144.82
Ring: -30.3656 50.2343 1183.3
Little: -84.411 113.163 1154
Thumb: -66.978 75.7426 1097.51
Index: 18.5546 48.3446 1143.55
Middle: -12.2696 20.9596 1137.92
Ring: -45.1674 33.9922 1165.31
Little: -64.273 131.591 1156.95
Thumb: -54.8149 66.7588 1093.71
Index: 24.0729 46.084 1147.59
Middle: 0.0529103 4.11825 1133.85
Ring: -50.1035 22.1584 1161.28
Little: -68.4221 124.384 1159.07
Thumb: -34.8059 63.0306 1082.69
Index: 25.9948 40.8969 1141.87
Middle: 5.28321 4.42602 1126.07
Ring: -53.8682 13.4644 1149.2
Little: -68.0883 123.418 1168.6
Thumb: -34.0572 65.2366 1080.79
Index: 16.0406 59.9518 1143.83
Middle: 1.04601 1.71682 1123.95
Ring: -56.4685 11.5738 1145.59
Little: -63.0743 124.604 1172.24
Thumb: -31.0894 63.9177 1076.92
Index: 22.5256 49.244 1137.62
Middle: -0.855217 0.962646 1124.34
Ring: -57.0703 10.3294 1143.84
Little: -64.4867 123.492 1168.71
Thumb: -30.3843 66.5544 1074.91
Index: 28.7248 35.5876 1126.67
Middle: -0.629513 1.11947 1122.09
Ring: -57.2653 9.4355 1140.99
Little: -66.6573 121.755 1165.57
Thumb: -34.2362 68.8139 1072.26
Index: 28.8511 33.7766 1122.97
Middle: -3.63829 1.32285 1119.86
Ring: -57.8785 11.5451 1137.06
Little: -66.3921 121.708 1163.59
Thumb: -29.5855 67.9004 1071.02
Index: 27.023 26.9218 1123.06
Middle: -8.3828 -0.433296 1120.12
Ring: -64.3544 14.7194 1138.64
Little: -72.8952 120.939 1160.53
Thumb: -30.6561 73.8531 1070.67
Index: 26.0652 29.4523 1122.87
Middle: -7.91511 -3.0963 1113.66
Ring: -67.4171 4.9098 1128.76
Little: -76.061 113.6 1161.96
Thumb: -28.581 75.4166 1068.68
Index: 16.7491 41.0389 1129.32
Middle: -10.0823 -2.16622 1111.45
Ring: -65.8462 6.70545 1122.52
Little: -79.9826 120.581 1148.55
Thumb: -29.0162 80.4182 1067.31
Index: 22.4478 26.7089 1118.29
Middle: -10.1089 -1.14579 1109.63
Ring: -65.2361 7.93463 1119.97
Little: -77.9438 115.747 1163.89
Thumb: -25.4628 82.1419 1064.35
Index: 23.2783 25.8122 1115.5
Middle: -9.71525 -1.39338 1105.95
Ring: -66.0162 8.56241 1116.75
Little: -79.7555 122.843 1153.32
Thumb: -28.1941 85.2556 1064.79
Index: 22.2482 26.1816 1113.54
Middle: -8.56141 -1.1319 1105.11
Ring: -66.6224 5.71095 1112.42
Little: -82.9261 111.071 1160.26
Thumb: -25.7407 82.0428 1059.41
Index: 24.8957 29.658 1111.32
Middle: -3.97748 -0.0132771 1099.05
Ring: -65.3871 5.71445 1109.22
Little: -79.8884 108.597 1158.19
Thumb: -23.3357 81.3357 1056.39
Index: 24.3247 28.7073 1106.63
Middle: -7.18793 0.662399 1097.47
Ring: -64.4517 6.64297 1105.41
Little: -79.6358 109.549 1153.57
Thumb: -23.3321 82.4636 1053.25
Index: 24.8001 26.6518 1103.72
Middle: -5.7618 0.400185 1095.56
Ring: -63.3821 6.93361 1101.74
Little: -79.9511 111.446 1149.53
Thumb: -23.5609 83.6508 1052.76
Index: 24.9817 24.8584 1100
Middle: -5.28033 -0.750517 1092.39
Ring: -64.0128 6.26844 1098.91
Little: -81.4075 111.026 1148.56
Thumb: -24.0103 86.198 1051.84
Index: 26.1452 24.2876 1096.91
Middle: -4.82752 -0.84794 1089.75
Ring: -63.4418 6.54037 1096.54
Little: -81.9294 114.139 1143.01
Thumb: -22.5586 86.2619 1051.18
Index: 27.1913 25.1088 1096.19
Middle: -3.23726 -0.0182724 1089.55
Ring: -63.1401 2.01759 1093.09
Little: -80.9884 123.223 1132.18
Thumb: 24.9082 81.86 1040.38
Index: 29.4391 26.1895 1095.68
Middle: -3.03081 -0.497284 1086.27
Ring: -65.4771 2.22806 1092.58
Little: -79.5186 122.882 1131.71
Thumb: 25.5306 81.5064 1041.38
Index: 28.8588 25.7289 1095.46
Middle: -3.74332 0.0222721 1089.97
Ring: -65.1901 2.49611 1094.18
Little: -79.6572 121.076 1135.74
Thumb: 25.6487 81.6173 1041.37
Index: 28.3107 26.8509 1096.95
Middle: -3.75846 -0.0811005 1089.7
Ring: -65.2324 2.47474 1094.06
Little: -79.6688 120.058 1136.93
Thumb: 24.8037 79.8824 1043.77
Index: 28.3667 25.6163 1097.38
Middle: -4.23086 0.0115986 1091.61
Ring: -67.1866 3.74878 1096.97
Little: -79.5164 122.312 1136.09
Thumb: 22.4772 81.047 1042.89
Index: 26.7493 25.6984 1097.83
Middle: -4.86579 0.287914 1090.24
Ring: -63.115 4.54817 1099.81
Little: -78.7929 119.202 1139.24
Thumb: 22.2411 80.8802 1041.44
Index: 26.2045 26.8081 1097.42
Middle: -3.99037 2.12068 1093.99
Ring: -61.8455 7.24939 1104.94
Little: -76.8055 119.805 1140.2
Thumb: 23.1432 79.7519 1042.11
Index: 25.0602 25.4401 1099.62
Middle: -5.9277 1.61335 1096.96
Ring: -64.595 10.469 1110.54
Little: -76.9076 125.189 1133.54
Thumb: 25.5515 77.0601 1044.72
Index: 27.4537 23.1796 1099.94
Middle: -5.91164 0.115019 1101.21
Ring: -60.8771 9.79941 1115
Little: -75.3331 124.118 1137.66
Thumb: 25.7875 75.6381 1047.29
Index: 26.0288 21.7963 1105.05
Middle: -6.2173 -0.819288 1105.76
Ring: -63.2129 12.3004 1122.17
Little: -75.4799 123.688 1141.99
Thumb: 24.2083 74.6163 1050.4
Index: 21.7206 21.3245 1108.25
Middle: -9.32691 -1.70939 1107.06
Ring: -63.528 14.3538 1125.69
Little: -77.6691 116.786 1152.32
Thumb: 24.1045 74.3209 1052.87
Index: 19.8804 20.6191 1110.07
Middle: -12.5127 -0.310337 1111.69
Ring: -62.6392 14.455 1128.59
Little: -78.7391 117.625 1154.65
Thumb: 22.2336 73.6333 1055.16
Index: 20.6202 19.7587 1112.04
Middle: -10.82 1.85581 1118.7
Ring: -61.5742 13.171 1132.62
Little: -79.0101 120.13 1154.71
Thumb: 20.5963 72.9761 1058.71
Index: 19.1675 19.3546 1113.89
Middle: -12.1043 0.127213 1117.43
Ring: -60.9087 14.5986 1135.93
Little: -80.1444 120.157 1157.84
Thumb: 27.572 69.6978 1061.81
Index: 20.732 14.6241 1115.71
Middle: -12.6222 -0.176857 1123.58
Ring: -63.4814 14.84 1142.99
Little: -79.1279 116.748 1165.11
Thumb: 27.0012 68.8018 1066.97
Index: 21.5514 17.361 1118.61
Middle: -12.0144 -1.0848 1126.66
Ring: -60.3537 20.1769 1150.2
Little: -79.0643 114.178 1171.99
Thumb: 27.4364 67.7791 1067.47
Index: 22.6143 14.8969 1122.4
Middle: -9.53546 -2.22323 1129.3
Ring: -56.5052 20.7457 1158.47
Little: -75.3022 113.353 1178.44
Thumb: 21.6465 70.133 1063.53
Index: 18.878 34.3808 1135.95
Middle: -9.29317 -2.08204 1131.53
Ring: -47.2217 23.5093 1166.27
Little: -66.0552 112.682 1188.32
Thumb: 23.3132 67.6782 1068.65
Index: 22.2248 10.3586 1121.05
Middle: -9.18218 -1.57116 1137.08
Ring: -50.008 28.6942 1172.62
Little: -65.8638 111.391 1189.85
Thumb: 22.2651 68.0254 1075.85
Index: 20.6464 15.0558 1131.15
Middle: -12.4311 -3.18003 1138.46
Ring: -53.3682 25.2611 1172.43
Little: -71.2527 111.528 1192.4
Thumb: 25.9541 67.3466 1084.58
Index: 9.0501 10.978 1141.83
Middle: -13.8618 -4.59986 1139.45
Ring: -63.6283 20.0579 1169.71
Little: -82.9483 113.084 1190.86
Thumb: 22.9763 67.9716 1088.48
Index: 6.49279 29.6552 1155.11
Middle: -10.3049 -4.75632 1137.83
Ring: -52.1576 22.5325 1174.98
Little: -85.4366 115.945 1193.15
Thumb: 16.6446 67.4279 1080.77
Index: 18.5194 20.5096 1145.55
Middle: -5.26602 -2.95454 1141.13
Ring: -33.8674 25.8668 1180.2
Little: -71.1741 119.098 1203.21
Thumb: -9.00628 63.9811 1067.51
Index: 33.0974 34.2267 1126.24
Middle: 6.67367 7.74244 1134.3
Ring: -14.2091 28.6055 1180.76
Little: -27.736 132.019 1209.3
Thumb: -43.9895 71.1137 1101.3
Index: 42.2005 36.3273 1120.08
Middle: 17.1575 4.17255 1128.9
Ring: 31.1042 115.07 1190.92
Little: 1.20484 120.358 1204.27
Thumb: -47.3135 73.2493 1101.61
Index: 33.5618 26.4467 1099.8
Middle: 22.6297 9.04692 1119.17
Ring: 17.4489 27.2255 1143.94
Little: 9.39184 121.864 1195.54
Thumb: -25.2859 54.8141 1067.97
Index: 32.4353 25.9293 1098.37
Middle: 27.1657 19.6983 1122.36
Ring: 15.3726 23.8358 1141.46
Little: -9.43962 142.632 1193.93
Thumb: -26.5099 57.2793 1064.14
Index: 28.4528 25.1681 1095.31
Middle: 26.9412 22.8192 1121.14
Ring: 14.1032 24.1505 1139.53
Little: -19.9148 143.692 1198.19
Thumb: -23.3801 56.6719 1065.57
Index: 27.7991 22.5989 1098.32
Middle: 26.5973 19.7526 1124.01
Ring: 12.9007 21.0662 1141.99
Little: -41.7139 138.629 1194.87
Thumb: -22.193 57.0612 1070.55
Index: 29.4171 23.4819 1099.03
Middle: 29.6023 23.3979 1125.72
Ring: 14.8501 21.258 1142.81
Little: -39.33 138.652 1197.36
Thumb: -21.4597 58.1245 1070.48
Index: 23.6085 21.3499 1094.76
Middle: 39.0192 31.9611 1126.17
Ring: 34.9039 39.8029 1147.85
Little: -37.052 140.067 1195.66
Thumb: -29.3157 83.588 1139.27
Index: 19.1244 22.0581 1093.92
Middle: 42.7665 28.0463 1123.54
Ring: 41.828 47.5758 1149.39
Little: -33.4703 140.111 1200.36
Thumb: -31.5212 82.5868 1137.51
Index: 15.7069 18.7486 1099.24
Middle: 36.9373 23.7098 1129.54
Ring: 47.0748 64.0979 1163.44
Little: -39.2206 137.618 1198.11
Thumb: -16.7274 87.3589 1145.1
Index: 15.1166 17.8442 1098.02
Middle: 37.9141 23.7869 1127.71
Ring: 51.6468 75.1072 1165.56
Little: -41.8864 135.286 1190.68
Thumb: -11.714 82.6644 1142.53
Index: 9.92044 13.8645 1096.5
Middle: 35.1599 20.6839 1126.74
Ring: 51.1495 71.9638 1163.67
Little: -16.1937 148.281 1195.48
Thumb: -1.24517 84.929 1143.55
Index: 7.13259 12.0461 1095.99
Middle: 34.9574 20.539 1126.93
Ring: 51.8891 75.1428 1164.96
Little: -23.7957 147.271 1193.57
Thumb: 5.29321 77.6545 1134.79
Index: 2.67229 10.1793 1097.48
Middle: 34.5696 20.6254 1131.65
Ring: 51.4488 79.7371 1172.03
Little: -6.35321 81.2772 1189.49
Thumb: 21.3181 74.2524 1134.01
Index: -0.363965 4.9679 1102.34
Middle: 37.5769 22.5777 1143.71
Ring: 43.6614 118.913 1191.61
Little: -5.31349 108.56 1201.3
Thumb: 21.3585 74.2174 1133.76
Index: -0.356266 5.01572 1102.22
Middle: 37.4777 22.4573 1143.49
Ring: 43.7753 118.749 1191.49
Little: -6.40413 109.565 1201.18
Thumb: 27.0803 73.6476 1129.29
Index: 1.75967 5.29939 1104.13
Middle: 37.2326 21.6161 1144.62
Ring: 42.4092 124.473 1193.63
Little: -8.45404 112.035 1201.97
Thumb: 14.6508 76.3869 1115.23
Index: -7.65523 9.96139 1086.96
Middle: -0.970589 3.19511 1119.11
Ring: 6.49784 142.987 1198.77
Little: -40.2292 107.146 1186.32
Thumb: 14.0861 75.9561 1112.71
Index: -7.61707 9.944 1086.9
Middle: -0.961744 3.15618 1119.03
Ring: 10.0695 140.271 1199.89
Little: -42.0513 108.093 1185.62
Thumb: 16.4243 77.2083 1110.64
Index: -5.33744 10.5896 1085.82
Middle: 1.41811 3.92674 1118.06
Ring: 7.39568 142.068 1198.7
Little: -44.0121 107.904 1183.71
Thumb: 17.5254 77.5108 1110.65
Index: -3.26139 10.5952 1085.99
Middle: 2.23999 3.93991 1117.61
Ring: 3.50608 139.758 1194.44
Little: -38.1982 107.198 1185.59
Thumb: 20.4251 79.1228 1105.64
Index: -2.88684 10.646 1086
Middle: 4.00299 4.47663 1118.35
Ring: -18.5902 142.175 1181.83
Little: -24.3118 97.7046 1189.54
Thumb: 21.5319 78.4463 1103.62
Index: 55.9918 92.7005 1148.5
Middle: 3.31204 3.84346 1116.64
Ring: -18.8669 146.886 1181.72
Little: -24.7539 63.1243 1174.44
Thumb: 21.8527 78.7314 1103.82
Index: 55.3327 95.6731 1146.23
Middle: 1.42198 5.18817 1117.05
Ring: -23.3722 146.72 1175.19
Little: -36.0079 41.6073 1159.75
Thumb: 21.8389 78.7296 1103.81
Index: 55.3578 95.5883 1146.21
Middle: 1.42562 5.19276 1117.06
Ring: -23.1894 146.765 1175.29
Little: -35.8431 41.6831 1159.86
Thumb: 19.2322 81.0513 1103
Index: 58.8074 91.3329 1144.25
Middle: 2.01458 5.31643 1115.3
Ring: -25.1906 145.205 1172.97
Little: -38.8652 40.489 1158.07
Thumb: 19.1954 81.042 1102.96
Index: 58.8056 91.333 1144.25
Middle: 2.01203 5.31608 1115.3
Ring: -25.1666 145.214 1172.99
Little: -38.8572 40.4949 1158.08
Thumb: 4.9011 96.4869 1096.89
Index: 61.5985 89.1108 1147.3
Middle: -0.248548 2.06934 1115.77
Ring: -16.7409 147.292 1178.32
Little: -33.9616 40.2715 1164.06
Thumb: 4.83403 96.554 1097.14
Index: 61.8079 88.9622 1147.32
Middle: -0.255169 2.15496 1115.88
Ring: -17.2278 147.891 1178.24
Little: -38.6897 40.8816 1173.64
Thumb: 6.80199 96.5254 1096.84
Index: 61.7797 87.7406 1149.26
Middle: 1.0151 2.55089 1117.83
Ring: -6.91061 137.606 1180.53
Little: -39.381 41.8166 1174.57
Thumb: 11.2122 92.3229 1098.3
Index: -9.53893 126.483 1125.71
Middle: -0.373697 0.0749073 1120.52
Ring: -8.05191 133.445 1181.96
Little: -41.7465 40.4651 1175.74
Thumb: 11.2255 92.3276 1098.31
Index: -9.51595 126.435 1125.71
Middle: -0.327078 0.0887871 1120.56
Ring: -8.05396 133.446 1181.96
Little: -41.7449 40.4624 1175.73
Thumb: 11.1127 92.1483 1098.42
Index: -20.7647 105.905 1112.33
Middle: -0.251886 0.0814953 1120.7
Ring: -14.671 134.233 1178.28
Little: -42.8331 40.6285 1177.07
Thumb: 11.1178 92.1524 1098.41
Index: -21.1154 96.5059 1109.04
Middle: -0.22765 0.0893326 1120.67
Ring: 31.7488 58.5996 1182.23
Little: -43.285 40.4751 1176.76
Thumb: 11.1202 92.1507 1098.44
Index: -21.1067 96.5069 1109.05
Middle: -2.17336 -0.431473 1119.35
Ring: 31.7933 58.1674 1182.08
Little: -43.4545 40.5401 1177.06
Thumb: 10.7343 92.0602 1097.93
Index: -21.5791 96.7689 1109.11
Middle: -2.54399 0.001297 1120.98
Ring: 29.0925 54.836 1180.78
Little: -45.9363 41.5295 1177.9
Thumb: 10.9253 97.6026 1098.58
Index: -21.552 101.586 1110.32
Middle: -6.32897 4.89349 1129.07
Ring: 25.2881 63.6349 1188.15
Little: -45.3575 46.7338 1175.78
Thumb: 10.6727 97.5982 1099.84
Index: -21.6499 101.693 1110.98
Middle: -4.88193 5.16516 1128.07
Ring: 23.7172 66.681 1192.01
Little: -44.9611 46.4373 1173.44
Thumb: 10.2814 97.0265 1099.19
Index: -21.2372 100.94 1109.53
Middle: -5.94056 4.35575 1130.12
Ring: 23.9231 65.3724 1191.12
Little: -50.1854 68.8397 1212.36
Thumb: 10.4441 97.2379 1099.4
Index: -21.2303 101.021 1109.53
Middle: -5.91585 4.40399 1130.09
Ring: 24.0517 65.3388 1190.96
Little: -49.7699 69.3795 1212.73
Thumb: 6.97414 100.164 1100.12
Index: -23.6743 105.6 1110.75
Middle: -7.27393 9.09467 1130.14
Ring: 22.293 68.3957 1191.67
Little: -53.2945 71.33 1211.62
Thumb: 6.95595 100.456 1100.38
Index: -24.0222 106.06 1110.69
Middle: -9.77762 8.84189 1130.08
Ring: 20.4037 67.2057 1191.67
Little: -56.5114 71.6622 1211.44
Thumb: 3.41503 100.394 1099.39
Index: -24.6099 108.237 1107.47
Middle: -16.5738 9.48374 1126.91
Ring: 12.5914 64.0336 1188.68
Little: -58.6311 74.1261 1207.06
Thumb: 0.165257 98.8029 1099.64
Index: -27.8991 106.985 1107.81
Middle: -20.9182 8.21714 1128.73
Ring: 5.20501 59.9527 1188.71
Little: -63.4532 75.9673 1208.23
Thumb: -8.50712 105.489 1087.26
Index: -19.2013 21.4641 1121.95
Middle: -53.5755 18.7438 1124.14
Ring: -83.1173 97.2247 1142.59
Little: -79.2686 162.257 1172.67
Thumb: 10.8129 70.0226 1086.54
Index: -28.817 19.712 1116.58
Middle: -58.532 17.3528 1117.48
Ring: -92.1478 99.1537 1138.62
Little: -86.6488 158.429 1173.59
