Thumb: 32.9554 91.7207 1121.92
Index: -64.5745 28.1944 1098.23
Middle: -101.42 40.8207 1097.63
Ring: -124.543 62.0639 1082.41
Little: -141.773 103.039 1080.87
Thumb: 26.0744 95.3055 1117.02
Index: -67.1377 42.4385 1100.13
Middle: -106.744 38.9913 1083.47
Ring: -122.107 54.8664 1071.04
Little: -124.848 105.512 1105.54
Thumb: 29.1684 94.8288 1113.67
Index: -72.9171 39.9681 1101.65
Middle: -108.668 43.6908 1093.89
Ring: -126.424 59.4244 1079.13
Little: -126.699 107.985 1107.34
Thumb: 21.964 92.5353 1120.41
Index: -74.4883 44.1856 1110.03
Middle: -112.622 43.6715 1094.82
Ring: -129.094 57.5979 1077.59
Little: -131.458 106.085 1102.04
Thumb: 18.0529 93.8357 1115.44
Index: -76.0707 41.0604 1108.69
Middle: -113.76 39.1835 1090.19
Ring: -129.133 55.064 1083.65
Little: -134.263 100.194 1104.09
Thumb: 11.0875 94.3858 1113.15
Index: -78.925 36.7491 1105.19
Middle: -115.535 37.7011 1090.82
Ring: -129.333 56.3873 1091.21
Little: -130.341 106.999 1108.05
Thumb: 5.87622 94.3642 1113.12
Index: -82.9882 35.5998 1101.26
Middle: -116.851 40.209 1095.1
Ring: -131.396 57.6669 1093.48
Little: -145.353 89.6042 1094.42
Thumb: 0.928849 93.4247 1114.52
Index: -89.6916 31.3508 1090.12
Middle: -114.944 40.7697 1100.02
Ring: -131.267 55.8076 1096.43
Little: -133.998 103.31 1112.05
Thumb: 1.36342 92.9024 1114.38
Index: -95.8734 36.045 1093.2
Middle: -116.528 42.0517 1102.21
Ring: -131.402 58.0974 1106.33
Little: -133.362 106.947 1113.01
Thumb: -4.28419 90.6959 1111.34
Index: -96.6634 38.6296 1097.3
Middle: -118.433 40.9082 1099.67
Ring: -130.054 58.6861 1108.02
Little: -132.151 108.947 1113.26
Thumb: -8.91744 88.2606 1106.34
Index: -98.6941 37.5438 1097.12
Middle: -123.63 38.9756 1093.69
Ring: -132.698 58.6316 1108.47
Little: -131.426 109.859 1115.93
Thumb: -7.49693 87.9211 1108.6
Index: -101.21 38.5718 1090.22
Middle: -123.15 41.4762 1096.27
Ring: -129.755 65.0821 1114.52
Little: -146.111 91.9441 1099.29
Thumb: -9.47872 89.413 1110.53
Index: -99.3752 38.9496 1092.67
Middle: -120.283 40.6124 1097.06
Ring: -126.306 62.0554 1115.67
Little: -144.599 89.9765 1100.27
Thumb: -9.29701 87.8466 1108.55
Index: -95.278 39.1359 1091.22
Middle: -116.308 39.5294 1093.89
Ring: -120.853 61.4061 1114.9
Little: -140.239 90.2483 1101.1
Thumb: -5.7607 87.3071 1105.6
Index: -88.5942 37.3635 1087.89
Middle: -109.299 38.6457 1096.57
Ring: -114.901 57.1344 1113.96
Little: -133.402 86.6754 1100.15
Thumb: -3.73876 90.2542 1105.46
Index: -74.9846 38.8173 1098.14
Middle: -103.004 35.93 1093.59
Ring: -109.083 53.9086 1112.01
Little: -126.578 82.5331 1101.23
Thumb: 1.19889 90.5552 1101.05
Index: -65.3551 37.3457 1099.58
Middle: -92.0869 35.4649 1098.7
Ring: -103.541 50.5195 1109.8
Little: -120.526 79.1347 1103.93
Thumb: 10.6025 91.056 1102.67
Index: -59.7677 37.2581 1100.21
Middle: -84.1225 33.2409 1100.44
Ring: -92.9856 48.8084 1113.11
Little: -111.724 73.3035 1100.08
Thumb: 18.6659 91.4228 1103.65
Index: -51.216 34.4832 1098.69
Middle: -76.867 31.8262 1101.09
Ring: -86.8466 46.2425 1111.51
Little: -100.859 71.9013 1102.72
Thumb: 25.4371 92.7742 1101.4
Index: -39.2713 37.4182 1099.25
Middle: -64.3679 27.2313 1101.85
Ring: -78.1445 41.2418 1107.96
Little: -92.5237 69.4256 1104.9
Thumb: 35.2196 94.9534 1100.96
Index: -28.0521 35.5679 1097.46
Middle: -54.9557 28.6284 1103.23
Ring: -71.3226 41.1651 1108.66
Little: -85.3967 67.8251 1103.79
Thumb: 42.5122 92.211 1106.68
Index: -24.939 36.4907 1101.21
Middle: -50.3249 28.781 1102.15
Ring: -65.0062 40.0855 1107.45
Little: -77.266 68.112 1101.32
Thumb: 50.8495 93.3744 1108.26
Index: -16.6463 34.7047 1106.41
Middle: -42.9308 25.3739 1103.25
Ring: -58.706 36.5551 1110.52
Little: -70.3832 63.9875 1104.02
Thumb: 56.686 92.9321 1112.01
Index: -11.9711 32.4571 1104.66
Middle: -39.3747 24.1929 1098.54
Ring: -49.8986 37.9679 1111.94
Little: -65.1449 62.2492 1097.29
Thumb: 62.9303 89.8638 1114.04
Index: -5.72915 29.905 1106.23
Middle: -31.8165 26.4097 1104.43
Ring: -43.3162 33.0799 1108.32
Little: -59.9392 60.8657 1101.92
Thumb: 67.9739 88.3383 1108.6
Index: 2.5869 29.4264 1106.4
Middle: -21.4689 21.7572 1104.77
Ring: -37.962 33.2969 1105.98
Little: -50.0804 56.914 1102.92
Thumb: 75.0817 85.5059 1108.12
Index: 9.8152 26.5328 1104.61
Middle: -13.6532 19.2213 1102.6
Ring: -33.3281 29.1726 1106.67
Little: -43.8243 56.5884 1102.74
Thumb: 100.711 86.6718 1105.11
Index: 21.3113 29.2599 1111.51
Middle: -6.02833 18.3254 1104.02
Ring: -24.5265 27.7558 1105.88
Little: -39.514 55.234 1100.28
Thumb: 110.785 86.5823 1100.15
Index: 31.4929 23.1019 1109.49
Middle: -0.364053 17.4018 1105.36
Ring: -19.6892 25.7801 1105.2
Little: -35.3297 53.9057 1103.66
Thumb: 120.51 94.589 1109.33
Index: 41.4094 20.714 1111.38
Middle: 6.79935 11.6965 1104.46
Ring: -13.4691 16.4618 1097.86
Little: -34.7378 47.0323 1103.03
Thumb: 110.293 95.1435 1115.57
Index: 46.901 11.5027 1104.53
Middle: 19.7999 17.8741 1103.93
Ring: -2.07534 19.2917 1111.58
Little: -26.9746 44.7157 1108.75
Thumb: 117.797 93.8707 1112.07
Index: 50.0869 7.99848 1097.5
Middle: 17.6306 1.0266 1093.62
Ring: 4.99363 18.1658 1110.59
Little: -17.6581 43.1382 1108
Thumb: 123.906 92.2669 1111.88
Index: 56.7496 8.06497 1095.41
Middle: 20.871 -1.06367 1082.07
Ring: 7.80686 19.4031 1107.59
Little: -10.8931 44.9701 1106.94
Thumb: 134.058 93.6537 1111.06
Index: 62.5021 8.23544 1095.99
Middle: 27.126 -0.847601 1083.5
Ring: 18.5519 32.138 1113.49
Little: -5.39298 45.9819 1107.43
Thumb: 140.987 99.9564 1110.49
Index: 72.1834 10.6583 1102.27
Middle: 35.058 -0.892611 1085.37
Ring: 27.9359 40.6074 1111.35
Little: 0.915182 46.1978 1108.46
Thumb: 143.751 97.653 1113.49
Index: 76.7746 7.769 1101.58
Middle: 40.4986 -3.10977 1086.06
Ring: 49.0907 90.8157 1134.74
Little: 5.67505 51.9398 1110.29
Thumb: 148.837 99.038 1115.49
Index: 80.1171 6.77813 1101.34
Middle: 45.6808 -2.90084 1088.83
Ring: 51.2198 88.6131 1136.94
Little: 10.8224 52.7157 1109.34
Thumb: 152.895 98.6805 1116.26
Index: 83.8785 9.69319 1103.1
Middle: 48.7724 -2.97237 1086.26
Ring: 52.7066 87.0821 1135.38
Little: 16.2607 72.1757 1098.39
Thumb: 152.631 98.6855 1116.7
Index: 86.2047 10.8166 1104.38
Middle: 50.1674 -3.22924 1080.79
Ring: 54.3836 83.5346 1136.51
Little: 25.9271 101.409 1100.64
Thumb: 162.429 101.599 1110.16
Index: 89.058 10.2567 1105.62
Middle: 53.0933 -5.143 1079.04
Ring: 55.8878 83.0186 1137.48
Little: 21.9062 81.7926 1105.07
Thumb: 164.466 101.293 1114.42
Index: 91.0019 11.1991 1105.32
Middle: 54.5548 -4.0932 1080.49
Ring: 59.9237 88.1582 1139.45
Little: 24.6501 83.592 1106.27
Thumb: 164.723 101.728 1115.54
Index: 90.7275 11.8921 1106.54
Middle: 54.9897 -3.72158 1080.57
Ring: 59.3718 89.3051 1140.62
Little: 24.5575 83.8794 1105.19
Thumb: 162.357 101.728 1116.56
Index: 89.7251 14.3786 1106.79
Middle: 53.8516 -0.92358 1080.65
Ring: 58.2756 90.0535 1139.55
Little: 24.3003 87.0221 1106.56
Thumb: 164.769 99.3283 1119.13
Index: 84.6626 14.7415 1104.46
Middle: 49.1779 3.51168 1078.35
Ring: 58.525 96.4273 1139.65
Little: 22.652 87.5347 1115.25
Thumb: 163.778 96.5282 1119.43
Index: 86.4995 32.3286 1119.16
Middle: 43.8071 6.17721 1080.1
Ring: 57.8626 100.909 1138.39
Little: 20.8524 91.7642 1115.51
Thumb: 159.924 95.8039 1124.51
Index: 80.4806 31.9504 1113.43
Middle: 40.3358 11.4164 1077.47
Ring: 59.3124 105.364 1112.36
Little: 20.4502 94.7557 1110.87
Thumb: 156.776 97.0852 1121.47
Index: 78.9774 36.593 1123.68
Middle: 35.247 12.1281 1083.02
Ring: 54.9753 104.116 1115.22
Little: 19.0359 101.312 1110.73
Thumb: 150.141 93.5775 1120.03
Index: 73.3433 33.7108 1119.02
Middle: 30.0668 10.113 1083.59
Ring: 53.7895 109.62 1115.55
Little: 11.5591 92.8407 1107.44
Thumb: 146.321 94.0774 1119.64
Index: 69.5321 37.4245 1117.27
Middle: 23.212 15.6996 1079.57
Ring: 53.3591 117.874 1111.43
Little: 8.20574 94.0603 1112.72
Thumb: 139.414 91.7168 1123.14
Index: 64.2052 39.5264 1113.07
Middle: 16.7544 18.0484 1077.83
Ring: 44.9779 107.244 1114.35
Little: 6.62675 98.7485 1111.9
Thumb: 134.175 93.4453 1123.06
Index: 56.9918 41.9202 1120.9
Middle: 10.8519 17.2712 1077.56
Ring: 36.5332 109.129 1112.82
Little: -2.17981 98.1482 1109.52
Thumb: 126.688 92.7153 1122.77
Index: 50.9291 40.6353 1119.38
Middle: 4.82615 16.845 1076.79
Ring: 29.5383 108.844 1113.69
Little: -2.60286 88.247 1104.29
Thumb: 115.215 93.9027 1126.54
Index: 42.9037 37.7288 1116.52
Middle: -1.93013 16.4146 1080.24
Ring: 23.33 109.928 1113.67
Little: -8.44188 80.6265 1105.77
Thumb: 107.266 95.7108 1127.95
Index: 37.7904 40.8083 1120.07
Middle: -8.49448 19.0493 1082.77
Ring: 15.7137 110.225 1114.46
Little: -13.3292 82.2157 1106.65
Thumb: 99.883 94.0949 1128.55
Index: 27.312 41.1152 1132.45
Middle: -16.9096 18.4508 1089.08
Ring: 9.99986 110.237 1120.35
Little: -19.8852 59.838 1099.16
Thumb: 96.8403 95.9507 1125.49
Index: 20.2273 38.9318 1132.56
Middle: -23.3197 18.6793 1090.31
Ring: -0.105302 114.052 1128.87
Little: -26.841 60.6771 1099.37
Thumb: 91.174 95.3927 1129.84
Index: 21.9917 50.0015 1133.35
Middle: -28.4866 21.4714 1093.45
Ring: -1.03252 112.655 1134.09
Little: -31.5645 63.2003 1102.06
Thumb: 85.7593 96.662 1127.42
Index: 15.8153 52.7176 1134.89
Middle: -31.8549 18.4749 1095.02
Ring: -7.603 112.462 1126.38
Little: -39.4105 61.4125 1103.63
Thumb: 80.2664 93.7817 1136.07
Index: 3.96275 47.9542 1138.92
Middle: -36.8201 20.0082 1107.96
Ring: -15.9365 118.374 1126.59
Little: -47.1982 62.508 1100.82
Thumb: 63.232 97.5358 1154.51
Index: -9.71888 47.7399 1147.62
Middle: -38.9045 14.2763 1102.9
Ring: -29.9615 119.034 1125.19
Little: -52.2041 59.9938 1098.04
Thumb: 33.0396 113.112 1218.05
Index: -36.565 58.1465 1147.37
Middle: -39.4624 17.0116 1099.91
Ring: -30.7784 120.241 1110.41
Little: -45.5995 64.5548 1085.85
Thumb: 14.8222 144.999 1230.96
Index: -63.5576 46.8118 1146.02
Middle: -45.7125 13.7633 1105.02
Ring: -69.5533 100.676 1116.51
Little: -43.3741 55.0893 1084.84
Thumb: 33.9313 154.235 1222.69
Index: -52.3189 36.5264 1138.16
Middle: -51.1496 23.5558 1117.43
Ring: -67.1171 79.1159 1117.66
Little: -45.0468 70.0677 1083.24
Thumb: 20.2752 158.586 1225.8
Index: -62.0839 41.2885 1138.14
Middle: -55.7119 27.0412 1112.87
Ring: -49.6741 56.2065 1115.25
Little: -42.2331 61.6856 1081.24
Thumb: 25.8081 158.152 1228.17
Index: -63.3475 42.988 1145.04
Middle: -58.9655 30.6851 1115.54
Ring: -57.7859 62.2045 1113.46
Little: -38.1804 60.7126 1083.13
Thumb: 32.132 140.403 1219.88
Index: -75.5875 50.2331 1149.08
Middle: -61.1072 25.8915 1110.17
Ring: -58.1673 37.8093 1116.89
Little: -46.2585 59.7492 1081.78
Thumb: 28.8822 149.212 1224.76
Index: -78.5487 54.3659 1148.41
Middle: -62.8365 29.6141 1108.95
Ring: -59.6907 41.7848 1116.1
Little: -45.8522 63.5644 1080.02
Thumb: 38.9242 147.26 1219.53
Index: -83.3837 63.1227 1149.52
Middle: -66.2047 29.3263 1115.58
Ring: -58.6382 37.9503 1111.86
Little: -52.5479 63.422 1084.11
Thumb: 85.3145 116.996 1078.39
Index: -49.0246 35.6791 1114.61
Middle: -63.1604 28.9407 1121.27
Ring: -54.2319 38.7443 1117.6
Little: -73.6273 73.1957 1137.16
Thumb: 73.4793 111.801 1109.43
Index: -54.2287 36.8289 1110.05
Middle: -61.0658 27.7254 1118.81
Ring: -66.0442 40.2735 1120.65
Little: -70.0415 72.9937 1140.86
Thumb: 82.6453 116.642 1097.28
Index: -59.2448 37.0546 1116.43
Middle: -73.385 30.1285 1128.19
Ring: -68.8032 37.2973 1120
Little: -82.9199 70.9097 1132.93
Thumb: 82.9877 118.975 1104.51
Index: -54.1277 33.1491 1109.13
Middle: -76.948 34.3284 1128.05
Ring: -68.8112 39.4446 1117.44
Little: -83.2513 79.3924 1140.65
Thumb: 78.2161 119.529 1107.62
Index: -53.0852 33.7806 1108.72
Middle: -79.9042 34.8424 1121.47
Ring: -70.785 40.1085 1117.42
Little: -83.7343 87.8554 1142.85
Thumb: 56.2534 125.337 1150.78
Index: -48.5552 37.9599 1121.42
Middle: -80.5413 34.5648 1119.23
Ring: -72.8555 40.412 1117.06
Little: -87.4957 87.1323 1138.84
Thumb: 79.3576 126.577 1127.17
Index: -49.5521 35.7512 1122.08
Middle: -80.274 32.0254 1116.33
Ring: -77.9334 41.1697 1115.58
Little: -92.559 89.3138 1135.05
Thumb: 88.3685 126.404 1112.97
Index: -50.0792 35.5868 1122.96
Middle: -84.1815 33.7943 1116.28
Ring: -78.6883 41.3936 1115.14
Little: -92.6818 90.306 1133.85
Thumb: 79.9776 119.509 1113.45
Index: -50.9625 35.1671 1123.18
Middle: -85.9281 33.6349 1118.16
Ring: -77.8262 39.8154 1114.14
Little: -95.0895 88.748 1131.79
Thumb: 83.3386 126.629 1120.99
Index: -63.5552 48.0453 1128.83
Middle: -86.9634 34.172 1117.12
Ring: -78.0165 40.0829 1116.21
Little: -98.6866 89.4622 1129.78
Thumb: -11.9681 72.3505 1102.93
Index: -62.2814 48.3978 1130.42
Middle: -88.9338 33.5427 1116.01
Ring: -79.3698 38.9847 1114.76
Little: -99.1093 87.5579 1130.94
Thumb: -11.1224 77.6438 1105.52
Index: -62.8155 51.43 1125.73
Middle: -88.7177 37.8484 1110.85
Ring: -80.1885 43.8157 1109.99
Little: -100.917 92.5021 1124.81
Thumb: -10.4589 75.3593 1104.14
Index: -63.2166 48.3855 1122.29
Middle: -86.9487 34.8812 1107.55
Ring: -82.7535 42.5345 1106.78
Little: -101.973 91.2553 1119.79
Thumb: -8.28676 78.1219 1104.68
Index: -61.3946 52.7581 1121.94
Middle: -91.9766 39.7568 1103.88
Ring: -82.8681 43.6242 1103.54
Little: -102.029 91.7857 1115.13
Thumb: -9.20899 78.6855 1104.05
Index: -59.8882 53.0115 1119.98
Middle: -91.0441 39.6156 1100.9
Ring: -82.1292 43.712 1100.85
Little: -102.058 89.356 1112.67
Thumb: -7.4189 76.315 1104.53
Index: -58.208 50.0718 1117.98
Middle: -92.0838 38.0367 1097.06
Ring: -82.8391 42.061 1097.27
Little: -103.22 86.2243 1107.16
Thumb: -7.94814 75.9819 1101.14
Index: -58.3438 49.9253 1116.19
Middle: -92.7206 39.1924 1096.79
Ring: -83.1433 43.132 1097.07
Little: -103.523 87.8596 1105.84
Thumb: -4.6709 75.9954 1096.99
Index: -58.1181 51.0579 1114.74
Middle: -91.9237 39.0872 1095.92
Ring: -81.6407 42.9747 1095.66
Little: -103.3 87.199 1104.42
Thumb: -3.86903 76.1831 1091.51
Index: -59.0706 46.5263 1111.93
Middle: -91.8862 40.6006 1093.19
Ring: -80.8284 44.2279 1093.29
Little: -102.755 89.3372 1103.15
Thumb: -3.15573 74.0989 1087.93
Index: -59.2789 42.4705 1103.77
Middle: -44.5906 117.079 1175.3
Ring: -81.7971 44.7496 1089.7
Little: -100.921 89.2427 1099.06
Thumb: -2.62136 77.0844 1085.28
Index: -53.3721 41.62 1102.39
Middle: -40.8496 117.886 1175.44
Ring: -81.5956 45.5704 1090.29
Little: -100.551 91.4867 1101.12
Thumb: -0.570164 76.9605 1085.06
Index: -51.436 40.6732 1102.95
Middle: -37.2399 119.05 1175.21
Ring: -80.086 44.3635 1091.95
Little: -98.3169 90.1672 1103.03
Thumb: 2.24903 80.5429 1088.1
Index: -49.0246 42.8112 1106.85
Middle: -36.9173 123.581 1176.51
Ring: -74.2512 45.2345 1096.24
Little: -95.5022 92.2003 1106.44
Thumb: 5.82762 80.6445 1087.23
Index: -44.8478 44.5342 1110.83
Middle: -36.688 123.866 1177.16
Ring: -69.7373 45.1917 1096.76
Little: -91.621 92.674 1106.95
Thumb: 8.52101 81.0128 1087.04
Index: -42.7354 43.8248 1112.98
Middle: -33.1967 124.256 1179.3
Ring: -67.0649 44.5702 1100.22
Little: -89.6948 92.5902 1109.95
Thumb: 12.4393 82.754 1090.27
Index: -38.5263 41.8838 1113.17
Middle: -28.577 125.868 1180.3
Ring: -63.7076 43.5005 1102.05
Little: -86.6965 91.2397 1115.31
Thumb: 14.2802 82.9054 1093.79
Index: -33.7091 39.4967 1116.13
Middle: -26.8369 128.28 1181.66
Ring: -60.3032 41.8939 1107.74
Little: -83.8152 87.356 1115.55
Thumb: 16.7212 83.2392 1094.78
Index: -28.5555 38.2019 1115.57
Middle: -27.6735 116.122 1183.39
Ring: -55.2001 40.9857 1107.72
Little: -80.1526 87.4902 1116.8
Thumb: 22.5061 84.0807 1093.7
Index: -21.7074 36.9689 1117.08
Middle: -22.0373 119.973 1184.59
Ring: -49.8366 38.1201 1108.72
Little: -75.2506 78.3382 1125.55
Thumb: 25.4293 84.289 1094.53
Index: -17.1941 35.0482 1116.11
Middle: -19.2557 115.955 1186.71
Ring: -44.1777 36.8064 1109.94
Little: -71.1988 80.0906 1128.55
Thumb: 31.0166 77.9211 1093.43
Index: -13.0059 32.5664 1123.18
Middle: -13.1235 100.335 1191.47
Ring: -39.7851 33.4213 1119.44
Little: -65.9583 76.8068 1132.04
Thumb: 37.8146 80.1105 1096.99
Index: -5.33521 32.0835 1117.62
Middle: -6.44279 92.5877 1190.8
Ring: -33.1851 32.8482 1112.98
Little: -59.1017 75.8194 1132.37
Thumb: 43.2123 79.1848 1098.11
Index: 1.29931 30.2311 1116.83
Middle: 1.31074 106.807 1192.5
Ring: -26.5924 31.3172 1112.37
Little: -52.9317 64.2139 1121.24
Thumb: 50.7326 78.8966 1101.38
Index: 7.52625 28.0215 1120
Middle: 6.94528 111.945 1193.51
Ring: -18.8075 27.7688 1115.08
Little: -49.0596 71.762 1134.48
Thumb: 57.0423 75.7137 1100.51
Index: 15.3287 25.5233 1119.95
Middle: 14.2053 109.959 1194
Ring: -11.6688 25.9378 1115.32
Little: -41.5685 69.9279 1134.36
Thumb: 66.5171 77.7411 1112.27
Index: 22.1222 23.4716 1115.31
Middle: 22.7067 107.607 1192.7
Ring: -3.63593 23.8551 1113.01
Little: -34.2721 66.257 1133.72
Thumb: 72.4109 76.0227 1101.38
Index: 31.0083 25.1297 1118.71
Middle: 30.8354 107.521 1192.33
Ring: 3.16672 23.6839 1113.31
Little: -26.8596 62.5557 1133.32
Thumb: 75.3476 78.0085 1097.17
Index: 38.0313 25.8362 1117.48
Middle: 31.2822 111.002 1191.57
Ring: 9.99228 22.9342 1112.6
Little: -21.5596 63.1606 1134.63
Thumb: 83.5806 85.7024 1101.41
Index: 52.0744 30.4576 1117.64
Middle: 39.6414 113.836 1190.07
Ring: 22.1443 24.7516 1111.84
Little: -12.1721 63.7997 1136.66
Thumb: 88.6138 83.6781 1098.14
Index: 57.1138 28.7406 1118.85
Middle: 41.8082 113.987 1191.63
Ring: 27.2424 24.3909 1112.48
Little: -4.50668 58.8005 1129.28
Thumb: 94.7335 82.3128 1100.96
Index: 63.5382 27.5708 1120.32
Middle: 46.8393 115.718 1191.15
Ring: 33.565 22.8082 1113.05
Little: -0.190418 56.7941 1129.57
Thumb: 101.308 83.2626 1100.49
Index: 69.408 28.2934 1119.2
Middle: 53.4933 114.344 1192.49
Ring: 40.4738 23.2957 1111.49
Little: 5.49229 59.8799 1130.89
Thumb: 109.533 84.5351 1098.17
Index: 74.0719 25.7182 1110.99
Middle: 60.3429 115.868 1191.89
Ring: 44.1535 23.2558 1111.98
Little: 11.306 58.9219 1131
Thumb: 113.375 83.7821 1097.36
Index: 75.3897 26.7357 1111.77
Middle: 70.7525 112.536 1192.29
Ring: 50.8836 22.8897 1113.05
Little: 18.292 61.6491 1136.14
Thumb: 115.991 78.2356 1098.05
Index: 73.0261 25.834 1112.95
Middle: 76.042 115.43 1190.42
Ring: 53.8801 23.3002 1114.46
Little: 21.8068 55.2127 1126.22
Thumb: 115.961 75.8509 1097.92
Index: 76.1675 22.922 1113.54
Middle: 76.8102 110.229 1192.41
Ring: 54.431 22.221 1115.07
Little: 21.8745 54.5181 1126.99
Thumb: 115.488 76.056 1091.54
Index: 75.4195 22.6326 1114.14
Middle: 86.5792 109.204 1191.36
Ring: 50.7125 24.2245 1117.93
Little: 21.5197 60.9125 1137.84
Thumb: 110.219 70.7044 1086.69
Index: 116.023 78.7283 1177.68
Middle: 89.7455 70.3377 1189.91
Ring: 47.4777 26.4664 1126
Little: 24.747 64.7038 1147.12
Thumb: 104.448 69.4504 1097.93
Index: 114.907 86.0558 1180.82
Middle: 60.4873 23.1397 1145.98
Ring: 45.3177 28.3126 1130.17
Little: 24.7376 69.3945 1154.18
Thumb: 91.2193 77.2867 1112.16
Index: 135.866 109.447 1145.14
Middle: 58.5464 26.0749 1136.13
Ring: 40.4844 34.6772 1131.73
Little: 36.1814 72.5577 1158
Thumb: 85.7681 78.7848 1104.83
Index: 137.969 112.146 1138.19
Middle: 58.1008 28.9108 1137.63
Ring: 38.833 38.1359 1134.82
Little: 38.965 79.2115 1167.33
Thumb: 88.8622 83.7737 1087.96
Index: 136.621 120.37 1132.32
Middle: 60.4547 30.9342 1133.56
Ring: 41.4724 41.5212 1134.23
Little: 41.8872 81.8263 1170.08
Thumb: 157.595 105.193 1068.89
Index: 134.626 117.833 1135.66
Middle: 64.2644 49.8659 1140.56
Ring: 35.651 44.7904 1137.5
Little: 58.5652 103.924 1178.46
Thumb: 159.418 109.501 1064.56
Index: 131.303 122.961 1129.37
Middle: 63.4266 50.8205 1141.19
Ring: 37.6543 46.1857 1140.97
Little: 59.3095 108.976 1180.61
Thumb: 167.792 124.98 1059.39
Index: 124.907 127.9 1116.97
Middle: 67.723 50.549 1136.65
Ring: 40.4678 45.4451 1135.38
Little: 65.4024 105.839 1179.56
Thumb: 155.563 116.749 1071.82
Index: 123.92 128.313 1109.57
Middle: 61.4034 37.1095 1132.89
Ring: 43.6741 44.9935 1134.25
Little: 79.7282 123.988 1185.58
Thumb: 176.677 125.019 1077.65
Index: 128.41 129.059 1106.64
Middle: 42.2365 37.447 1130.9
Ring: 43.1821 46.9897 1132.48
Little: 81.1848 122.976 1184.47
Thumb: 178.799 130.013 1086.71
Index: 127.847 126.779 1103.81
Middle: 43.9131 34.5639 1126.09
Ring: 40.3686 46.6746 1134.24
Little: 82.6529 125.29 1183.81
Thumb: 134.505 128.394 1107.51
Index: 124.395 127.395 1105.03
Middle: 42.7574 34.7319 1128.7
Ring: 42.1554 46.3068 1135.77
Little: 86.2643 122.096 1186.17
Thumb: 141.157 131.334 1102.07
Index: 123.784 129.19 1101.51
Middle: 42.2948 36.1644 1128.15
Ring: 43.2191 46.8507 1134.8
Little: 88.0399 120.977 1185.26
Thumb: 138.116 130.176 1107.98
Index: 125.284 129.396 1103.04
Middle: 41.5094 35.9247 1135.13
Ring: 44.1151 45.8003 1137.12
Little: 88.6277 119.028 1186.91
Thumb: 135.745 134.621 1108.95
Index: 119.943 129.331 1096.34
Middle: 41.3965 39.1746 1139.45
Ring: 47.6228 45.4619 1133.89
Little: 96.87 120.823 1189.19
Thumb: 134.978 139.773 1108.06
Index: 134.631 131.323 1096.65
Middle: 46.4742 40.8362 1140.2
Ring: 48.6269 46.071 1138.66
Little: 101.066 130.742 1188.6
Thumb: 135.111 139.074 1109.89
Index: 134.336 130.771 1099.25
Middle: 45.0869 41.5181 1143.27
Ring: 47.138 46.6505 1141.32
Little: 103.837 126.703 1191.19
Thumb: 135.402 139.809 1107.01
Index: 132.248 131.405 1097.28
Middle: 45.561 42.3064 1144.75
Ring: 48.1982 47.175 1141.06
Little: 106.649 126.603 1190.82
Thumb: 134.384 139.724 1106.77
Index: 128.863 132.224 1095.81
Middle: 45.2602 42.2752 1145.13
Ring: 47.8777 47.121 1141.33
Little: 107.627 126.256 1190.69
Thumb: 133.472 136.236 1110.23
Index: 136.649 130.603 1100.94
Middle: 42.85 40.2074 1146.67
Ring: 47.3396 44.7965 1139.42
Little: 103.586 121.756 1193.43
Thumb: 133.443 135.596 1115.32
Index: 136.569 129.407 1105.39
Middle: 39.6093 40.2136 1145.63
Ring: 42.0569 45.4087 1143.48
Little: 98.0878 120.785 1195.54
Thumb: 160.325 120.929 1107.68
Index: 136.538 128.393 1106.64
Middle: 38.0853 40.5672 1146.07
Ring: 40.6001 45.7333 1143.97
Little: 96.4764 121.235 1196.18
Thumb: 164.141 118.813 1125.67
Index: 136.146 122.156 1114.92
Middle: 32.5772 37.1102 1138.84
Ring: 34.6676 44.9721 1145.08
Little: 87.25 118.386 1198.9
Thumb: 159.05 117.019 1129.48
Index: 134.261 122.626 1116.95
Middle: 29.1242 40.2014 1146.11
Ring: 34.4575 45.7683 1145.74
Little: 86.3763 119.898 1199.68
Thumb: 155.305 118.355 1134.16
Index: 134.961 123.614 1119.66
Middle: 27.6955 41.0828 1149.86
Ring: 33.3666 45.8394 1150.04
Little: 84.1527 120.092 1201.22
Thumb: 133.655 121.27 1141.02
Index: 127.975 124.612 1114.81
Middle: 26.64 40.7995 1152.82
Ring: 31.378 45.1258 1153.39
Little: 83.1048 119.341 1201.4
Thumb: 144.317 119.947 1126.01
Index: 128.931 124.195 1121.6
Middle: 26.8373 38.0095 1153.14
Ring: 31.2528 42.4776 1153.88
Little: 77.372 119.128 1202.78
Thumb: 140.96 114.76 1125.01
Index: 125.699 121.499 1121.5
Middle: 22.0058 37.0518 1152.09
Ring: 27.3849 40.9767 1151.26
Little: 72.8545 117.552 1202.42
Thumb: 136.746 114.525 1127.61
Index: 122.708 119.35 1128.52
Middle: 27.165 29.8521 1142.2
Ring: 27.2643 39.3915 1139.78
Little: 60.8824 120.666 1203.59
Thumb: 141.969 114.12 1119.07
Index: 112.786 118.737 1121.72
Middle: 37.4727 52.949 1155.24
Ring: 27.7797 42.0681 1137.07
Little: 51.0538 125.761 1201.52
Thumb: 96.815 119.064 1135.1
Index: 110.159 117.709 1120.71
Middle: 34.3274 51.241 1150.93
Ring: 25.9447 41.1676 1124.17
Little: 47.1213 123.957 1198.65
Thumb: 113.612 113.662 1130.1
Index: 109.11 117.605 1117.91
Middle: 33.1735 51.4718 1149.26
Ring: 25.7944 40.7186 1121.85
Little: 45.5485 124.134 1195.64
Thumb: 121.615 110.824 1115.49
Index: 105.465 117.797 1113.5
Middle: 4.3235 39.1758 1144.85
Ring: 24.7832 39.4923 1118.13
Little: 44.0508 120.928 1192.31
Thumb: 119.501 107.908 1113.03
Index: 104.935 113.57 1111.96
Middle: -3.26497 42.6566 1143.27
Ring: 21.7788 39.759 1117.91
Little: 42.9298 122.557 1190.13
Thumb: 117.916 106.503 1106.17
Index: 109.555 107.878 1125.29
Middle: -7.95054 43.2721 1142.32
Ring: 17.1489 39.8409 1117.45
Little: 39.5864 124.881 1189.38
Thumb: 89.4642 111.836 1123.63
Index: 104.771 107.117 1121.8
Middle: -13.654 47.1262 1145.2
Ring: 12.9905 41.6684 1123.75
Little: 36.603 126.465 1188.23
Thumb: 97.0488 98.8226 1116.42
Index: 99.1997 98.0626 1125.9
Middle: 4.24149 59.7792 1155.61
Ring: 3.36389 39.7103 1127.53
Little: 34.8406 128.534 1186.43
Thumb: 101.356 92.1787 1108.78
Index: 97.1917 92.9805 1125.5
Middle: -3.42187 65.5614 1157.5
Ring: 15.327 55.2401 1141.56
Little: 31.5457 129.255 1184.14
Thumb: 85.9643 92.5806 1116.19
Index: 8.22045 57.1158 1138.73
Middle: -13.7355 74.2355 1156.7
Ring: 3.59218 61.6104 1140.5
Little: 18.9533 143.247 1168.23
Thumb: 88.8048 86.6455 1110.53
Index: -20.9022 50.9737 1133.51
Middle: -13.61 74.5918 1159.73
Ring: 3.19922 61.6406 1143.78
Little: 13.3331 120.918 1169.3
Thumb: 87.1655 96.0838 1104.24
Index: -19.3651 53.7928 1124.16
Middle: -12.6434 75.4391 1151.99
Ring: 1.91582 64.0897 1135.22
Little: 10.6236 116.585 1163.84
Thumb: 89.1492 95.4922 1103.33
Index: -20.3352 55.9703 1122.98
Middle: -13.4722 76.1887 1150.76
Ring: 1.38085 67.3907 1135.85
Little: 9.8239 117.651 1164.1
Thumb: 84.9851 94.8744 1104.64
Index: -22.8162 56.8474 1122.75
Middle: -15.4138 77.4495 1150.32
Ring: -0.622578 68.5112 1136.34
Little: 8.81484 118.228 1162.75
Thumb: 88.3728 93.8851 1096.12
Index: -23.9439 57.8072 1121.55
Middle: -16.8382 79.2261 1149.21
Ring: -2.53228 67.8818 1133.03
Little: 8.20414 119.812 1161.37
Thumb: 100.39 85.8395 1094.36
Index: -25.351 56.7405 1124.32
Middle: -18.5014 79.042 1151.41
Ring: -14.7243 53.4756 1131.47
Little: 6.60568 121.477 1162.68
Thumb: 99.9115 84.5999 1080.3
Index: -25.7742 58.0835 1122.11
Middle: -18.2312 76.5944 1147.16
Ring: -21.3568 52.7044 1124.61
Little: 5.60845 122.007 1160.4
Thumb: 101.65 87.9613 1026.76
Index: -25.3484 61.0363 1119.63
Middle: -16.4811 76.9768 1143.64
Ring: -16.3812 56.0989 1126.93
Little: 6.2181 125.022 1157.15
Thumb: 87.2386 79.3926 1031.24
Index: -29.1066 59.6544 1117.96
Middle: -19.2281 72.775 1141.08
Ring: -24.8725 53.6956 1120.84
Little: 1.82798 109.953 1160.72
Thumb: 87.2734 75.5215 1043.78
Index: -27.9928 56.062 1117.97
Middle: -21.4291 68.4482 1142.11
Ring: -19.9015 53.1779 1124.88
Little: 5.76063 119.265 1161.47
Thumb: 100.974 86.1211 1047.45
Index: -25.346 51.4883 1112.54
Middle: -18.1422 65.8029 1136.77
Ring: -18.4496 48.5658 1115.05
Little: 6.64151 116.339 1163.21
Thumb: 111.193 89.5454 1038.17
Index: -5.22973 48.1687 1117.9
Middle: -16.0723 54.6931 1133.27
Ring: -19.1634 44.2618 1112.91
Little: 6.4936 116.183 1164.52
Thumb: 117.44 100.132 1024.43
Index: -3.82724 47.2723 1114.76
Middle: -19.6933 45.4398 1128.86
Ring: -20.9498 42.8245 1106.62
Little: 6.81188 115.737 1163.35
Thumb: 99.603 107.968 1031.12
Index: -4.91535 45.0243 1113.96
Middle: -26.9891 39.0637 1124.55
Ring: -20.8403 42.402 1104.69
Little: 7.353 115.936 1163.42
Thumb: 95.4732 112.269 1026.57
Index: -19.2203 40.1175 1106.87
Middle: -27.3921 35.1483 1120.59
Ring: -13.3683 42.8358 1112.94
Little: 7.92097 116.178 1162.65
Thumb: 100.758 113.96 1027.28
Index: -19.487 37.39 1102.17
Middle: -25.7781 33.9333 1120.04
Ring: -10.2861 43.39 1114.28
Little: 6.82916 112.351 1163.3
Thumb: 99.7948 116.662 1026.28
Index: -17.1518 35.9591 1099.19
Middle: -23.4952 31.8511 1117.13
Ring: -8.02313 41.4708 1110.96
Little: 7.32953 110.447 1162.06
Thumb: 100.202 121.991 1025.21
Index: -14.2287 34.2277 1096.29
Middle: -20.2261 29.1785 1113.35
Ring: -5.64736 40.1188 1108.54
Little: 8.82069 111.064 1161.94
Thumb: 99.5901 121.258 1024.44
Index: -13.4137 32.8088 1096.61
Middle: -19.0491 27.6877 1113.89
Ring: -4.68712 38.9079 1109.06
Little: 9.36261 108.947 1161.69
Thumb: 98.6085 125.024 1025.25
Index: -10.0372 30.3649 1098.27
Middle: -8.5414 18.2698 1099.04
Ring: -2.52768 35.4181 1109.1
Little: 9.9854 115.775 1164.23
Thumb: 104.558 130.132 1042.62
Index: -5.86993 36.4172 1107.32
Middle: -30.4653 38.4989 1132.26
Ring: 5.62477 34.3866 1111.42
Little: 12.9239 114.79 1167.5
Thumb: 103.445 129.713 1040.8
Index: 0.990548 34.3847 1110.18
Middle: -5.0814 20.5282 1116.57
Ring: 16.0341 36.9998 1121.13
Little: 14.8197 118.173 1169.93
Thumb: 115.133 131.472 1078.37
Index: 6.26752 31.672 1110.44
Middle: 5.58272 15.6997 1112.55
Ring: 11.7612 27.7851 1105.8
Little: 12.9207 116.045 1170.61
Thumb: 113.724 127.37 1100.39
Index: 5.84121 28.6862 1115.65
Middle: 5.69464 12.0357 1113.56
Ring: 4.65463 24.3765 1118.39
Little: 8.61928 113.246 1173.98
Thumb: 114.273 128.28 1113.68
Index: 5.47844 30.0921 1121.35
Middle: 11.2518 12.9587 1115.72
Ring: 2.10276 27.1608 1124.83
Little: -0.285353 114.863 1175.05
Thumb: 110.041 131.495 1131.25
Index: 2.47324 32.9563 1122.77
Middle: 11.4818 14.8204 1121.59
Ring: 0.181412 28.9135 1127.08
Little: -8.3709 120.597 1173.19
Thumb: 93.5641 110.06 1125.8
Index: 1.49438 35.0519 1126.78
Middle: 15.5713 16.1481 1123.34
Ring: -2.1226 30.9769 1130.29
Little: -12.3502 121.197 1175.58
Thumb: 89.7654 108.298 1127.11
Index: 13.7083 41.3871 1146.97
Middle: 19.7909 15.6861 1124.12
Ring: -0.760635 29.7927 1128.94
Little: -15.1782 116.289 1177.91
Thumb: 91.9946 110.753 1133.55
Index: 20.0866 50.0241 1157.13
Middle: 19.5971 15.5174 1129.04
Ring: -1.29171 29.5058 1131.5
Little: -18.9641 116.313 1178.88
Thumb: 95.8614 108.66 1121.25
Index: 19.9146 49.5542 1155.77
Middle: 20.0332 15.5218 1125.14
Ring: 1.88532 42.0302 1144.71
Little: -24.4206 118.791 1170.59
Thumb: 92.7128 106.555 1129.98
Index: 20.0936 43.0139 1155.31
Middle: 19.5889 11.5889 1125.54
Ring: 0.763808 36.4532 1143.78
Little: -25.7319 117.053 1172.69
Thumb: 94.2655 99.2936 1129.4
Index: 15.2249 35.7024 1149.68
Middle: 17.053 6.78217 1125.34
Ring: -1.85744 30.2548 1138.96
Little: -26.3009 108.564 1173.53
Thumb: 91.4911 99.5639 1127.58
Index: 13.7109 33.6012 1142.79
Middle: 19.474 8.10165 1129.65
Ring: -1.33048 37.4347 1134.8
Little: -27.3896 102.067 1171.51
Thumb: 107.822 87.2803 1123.59
Index: 13.1723 30.3484 1139.06
Middle: 15.7552 3.23164 1116.17
Ring: -4.14759 33.2174 1126.88
Little: -31.4084 106.375 1167.66
Thumb: 105.456 79.6647 1118.09
Index: 24.558 43.6716 1140.6
Middle: 25.3611 89.6317 1192.54
Ring: -8.86432 29.0589 1125.36
Little: -30.4046 96.4214 1171.59
Thumb: 114.145 85.0246 1110.72
Index: 25.5327 43.709 1133.34
Middle: 25.0015 90.621 1187.69
Ring: -9.67123 27.6237 1117.53
Little: -30.9327 92.1806 1168.57
Thumb: 109.609 82.063 1127.46
Index: 19.6329 36.5282 1129.73
Middle: 26.2866 88.377 1184.31
Ring: -10.6726 27.8016 1111.75
Little: -32.1322 92.9483 1164.24
Thumb: 104.158 88.503 1127.11
Index: 18.8472 34.9764 1128.19
Middle: 22.0421 79.1878 1184.78
Ring: -11.1279 11.245 1096.86
Little: -35.1729 89.8692 1161.59
Thumb: 103.676 93.6589 1134.75
Index: 20.9868 38.1535 1127.95
Middle: 22.0416 72.8205 1185.54
Ring: -12.9195 10.4406 1094.41
Little: -35.6411 90.1603 1161.77
Thumb: 100.015 93.2015 1131.61
Index: 19.3283 36.4531 1124.32
Middle: 20.5173 70.0433 1182.96
Ring: -14.057 12.1117 1095.2
Little: -35.7894 85.2689 1159.11
Thumb: 95.5657 92.9758 1131.44
Index: 20.7673 38.9835 1119.53
Middle: 22.8533 68.2185 1179.44
Ring: -14.9021 13.6778 1089.05
Little: -33.7188 83.2997 1158.48
Thumb: 96.8532 93.9801 1125.14
Index: 21.4624 40.183 1116.14
Middle: 23.2054 66.5163 1176.63
Ring: -14.2331 14.0378 1084.36
Little: -33.5434 80.7622 1155.76
Thumb: 94.2526 89.5093 1124.47
Index: 22.0144 40.5988 1113.23
Middle: 25.4416 68.4175 1173.8
Ring: -14.475 13.8167 1083.71
Little: -34.1015 100.887 1155.27
Thumb: 98.5498 91.4962 1121.43
Index: 21.1938 40.2617 1112
Middle: 24.4992 74.5898 1171.35
Ring: -14.5348 13.7981 1081.9
Little: -35.7052 103.434 1152.28
Thumb: 98.6976 96.5024 1114.67
Index: 18.7142 40.4936 1110.42
Middle: 21.8386 73.518 1169.71
Ring: -14.0221 13.3605 1081.01
Little: -36.7801 88.3431 1155.68
Thumb: 94.2433 93.9162 1109.94
Index: 6.44452 25.7878 1101
Middle: 24.3456 73.7786 1165.8
Ring: -17.3697 13.0837 1070.21
Little: -34.4539 89.3466 1155.18
Thumb: 102.257 102.463 1106.35
Index: 6.23823 27.0408 1095.96
Middle: 25.3695 89.33 1158.11
Ring: -21.2379 14.9955 1065.42
Little: -32.0033 85.0534 1153.77
Thumb: 102.317 107.94 1101.22
Index: 4.17105 27.0636 1095.34
Middle: 25.6115 90.8807 1156.28
Ring: -22.9459 15.052 1065.46
Little: -37.0765 100.822 1149.11
Thumb: 98.6383 103.514 1098.82
Index: -0.554148 24.5461 1093.02
Middle: 24.4644 85.4007 1158.28
Ring: -23.8023 16.2247 1061.01
Little: -39.2785 103.271 1145.71
Thumb: 95.2013 103.999 1105.45
Index: -1.64273 24.367 1091.88
Middle: 21.6791 87.4734 1158.54
Ring: -20.754 15.6273 1065.34
Little: -41.3816 103.772 1143.75
Thumb: 92.0047 103.917 1104.95
Index: -0.894207 25.3039 1093.19
Middle: 21.3684 73.9693 1160.89
Ring: -20.438 15.5352 1065.04
Little: -41.51 101.209 1141.69
Thumb: 96.2829 109.14 1108.43
Index: -0.111067 27.0179 1095.66
Middle: 20.1418 70.5805 1160.41
Ring: -20.9634 15.3016 1065.25
Little: -41.4715 99.3499 1143.83
Thumb: 89.6455 101.206 1105.91
Index: -1.56203 25.9772 1094.75
Middle: 13.4876 94.2784 1142.52
Ring: -20.7263 15.1987 1064.65
Little: -42.7439 100.02 1142.22
Thumb: 89.1041 103.581 1107.81
Index: -22.7332 18.2515 1071.73
Middle: 15.2743 92.254 1142.95
Ring: -19.0319 14.5758 1069.23
Little: -42.1471 101.17 1146.66
Thumb: 94.6638 106.538 1112.43
Index: -26.2481 19.0431 1076.05
Middle: 12.0503 92.7824 1149.13
Ring: -20.3913 15.0531 1075.22
Little: -41.771 93.2071 1156.66
Thumb: 94.4697 102.993 1118.42
Index: -28.5701 20.6919 1080.35
Middle: 12.0874 93.1019 1154.35
Ring: -23.3182 16.7702 1078.69
Little: -41.5058 94.671 1161.37
Thumb: 85.4139 91.4839 1124.56
Index: -32.686 22.903 1087.08
Middle: 14.7579 89.5441 1162.68
Ring: -26.0894 18.5549 1084.89
Little: -40.5361 99.3027 1169.72
Thumb: 88.2471 93.55 1131.6
Index: -24.8439 24.9487 1115.02
Middle: 15.9767 91.373 1172.34
Ring: -28.0998 18.1854 1098.09
Little: -39.0252 100.647 1179.2
Thumb: 94.2754 96.9781 1134.3
Index: -28.1097 28.0977 1133.06
Middle: 12.5897 88.935 1181.34
Ring: -35.4395 19.3517 1118.75
Little: -38.6956 110.439 1187.32
Thumb: 95.525 87.0186 1161.06
Index: -50.3855 44.5123 1145.43
Middle: -10.6347 89.5388 1200.96
Ring: -55.7522 39.3881 1145.24
Little: -47.2721 136.524 1181.71
Thumb: 111.296 81.8522 1100.86
Index: -56.2294 44.3255 1144.91
Middle: -4.86164 94.8568 1204.26
Ring: -46.2717 63.2236 1170.34
Little: -43.9362 137.805 1188.54
Thumb: 112.196 82.4632 1093.95
Index: -46.0814 50.1135 1161.18
Middle: -49.4965 48.1737 1170.48
Ring: -28.9083 105.938 1158.6
Little: -37.8944 148.133 1189.12
Thumb: 81.651 74.1828 1126.18
Index: -44.5894 45.5705 1166.85
Middle: -45.9438 60.0654 1191.11
Ring: -24.3632 113.468 1165.83
Little: -30.6846 158.106 1193.16
Thumb: 86.9889 84.3693 1131.75
Index: -33.784 45.0491 1167.53
Middle: -37.7115 46.4977 1189.06
Ring: -15.2474 116.268 1170.97
Little: -21.8696 162.371 1199.67
Thumb: 116.478 86.107 1108.97
Index: -28.0359 48.5838 1172.37
Middle: -34.8082 56.5498 1197.23
Ring: -11.8254 120.52 1175
Little: -14.4389 166.087 1202.16
Thumb: 130.767 95.6903 1091.28
Index: -22.9123 48.8373 1175.32
Middle: -29.1122 55.5447 1200.11
Ring: -11.4786 117.755 1175.4
Little: -11.7739 163.661 1206.1
Thumb: 135.073 100.33 1087.57
Index: -16.3058 48.3722 1176.05
Middle: -21.6772 55.2425 1201.32
Ring: -6.10281 117.217 1175.76
Little: -6.39853 166.136 1204.91
Thumb: 139.991 108.148 1080.63
Index: -8.94909 48.6985 1174.44
Middle: -16.3978 56.2258 1199.45
Ring: 0.626089 119.992 1176.4
Little: 0.718026 167.071 1206.28
Thumb: 148.583 104.524 1105.12
Index: -5.04956 48.5178 1171.5
Middle: -12.5857 59.224 1199.91
Ring: 4.55634 120.775 1174.25
Little: 5.5357 169.244 1202.96
Thumb: 141.371 95.7426 1095.52
Index: -3.30806 43.882 1162.98
Middle: -8.95016 54.5627 1195.75
Ring: 8.75215 116.372 1171.98
Little: 8.59352 160.147 1204.05
Thumb: 150.863 108.374 1093.1
Index: 5.58632 40.0537 1158.23
Middle: -0.379627 48.6014 1189.93
Ring: -3.15811 80.9179 1186.56
Little: 10.9536 146.817 1205.24
Thumb: 143.006 112.956 1063.5
Index: 21.3652 40.5842 1147.62
Middle: 12.4484 39.9093 1168.32
Ring: 11.0625 75.4534 1175.37
Little: 20.9412 136.907 1198.58
Thumb: 148.312 113.741 1058.13
Index: 25.6367 33.7455 1143.74
Middle: 20.7332 33.9838 1166.6
Ring: 15.5807 66.4077 1171.61
Little: 15.432 157.401 1171.41
Thumb: 149.165 118.585 1049.81
Index: 29.703 32.2704 1140.46
Middle: 24.8986 30.2237 1159.77
Ring: 20.7497 63.562 1167.9
Little: 19.3887 154.089 1174.78
Thumb: 147.459 99.3464 1056.69
Index: 14.3741 33.7673 1137.12
Middle: 7.88357 35.032 1159.11
Ring: 32.2137 90.1605 1180.61
Little: 18.3043 156.469 1173.09
Thumb: 141.459 102.063 1039.93
Index: 14.1989 29.4363 1132.77
Middle: 4.8431 35.3694 1158.64
Ring: 33.5985 83.815 1177.38
Little: 22.942 152.818 1176.76
Thumb: 135.648 92.3414 1035.81
Index: 6.99958 32.4859 1131.69
Middle: 3.44465 41.8998 1165.13
Ring: 41.1617 94.8969 1178.39
Little: 27.9024 153.559 1176.86
Thumb: 104.232 73.4639 1081.23
Index: -0.184147 44.2646 1140.31
Middle: -6.20658 49.9799 1165.73
Ring: 43.755 99.0194 1178.99
Little: 34.8107 156.839 1174.82
Thumb: 103.347 72.9433 1080.91
Index: -0.341002 47.4267 1140.08
Middle: -12.2001 50.715 1159.46
Ring: 44.1567 99.9148 1176.13
Little: 26.6272 157.155 1155.37
Thumb: 104.767 80.9248 1080.08
Index: -1.90684 50.3991 1138.09
Middle: -12.08 52.9035 1159.18
Ring: 45.6029 102.154 1174.81
Little: 26.3261 149.463 1159.26
Thumb: 112.165 78.7094 1079.1
Index: -0.30822 52.6359 1139.86
Middle: -11.4451 61.1815 1164.49
Ring: 50.0796 109.095 1171.53
Little: 31.5254 151.852 1160.1
Thumb: 112.041 79.4412 1075.33
Index: -0.473475 54.2523 1141.99
Middle: -10.5869 61.2531 1166.69
Ring: 50.6303 106.956 1171.46
Little: 34.2564 141.903 1171.83
Thumb: 112.561 77.4975 1073.32
Index: -0.506908 56.7325 1144.2
Middle: -10.8898 63.0002 1166.92
Ring: 44.0124 108.766 1174.72
Little: 35.5029 144.486 1170.73
Thumb: 113.661 77.7803 1072.29
Index: 0.262121 57.5551 1143.34
Middle: -8.81333 63.2947 1166.73
Ring: 37.5756 106.322 1177.99
Little: 35.212 145.513 1168.7
Thumb: 99.7459 90.0902 1091.81
Index: -0.334497 59.8285 1146.11
Middle: -10.1898 66.3441 1168.09
Ring: 38.0752 108.98 1178.17
Little: 29.7856 139.413 1168.8
Thumb: 94.9147 89.8559 1095.71
Index: -2.22336 61.5032 1146.15
Middle: -11.7914 68.884 1168.07
Ring: 38.3815 110.608 1176.89
Little: 32.3252 145.656 1166.66
Thumb: 94.5296 89.2651 1094.64
Index: -1.3379 60.1755 1145.6
Middle: -12.0781 65.6288 1165.48
Ring: 39.3464 108.47 1175.17
Little: -4.59139 123.096 1157.56
Thumb: 92.4061 86.7298 1094.79
Index: -1.91716 61.6465 1147.67
Middle: -16.4562 66.0225 1163.77
Ring: 37.827 108.645 1174.5
Little: -10.3591 121.976 1157.23
Thumb: 99.165 75.7866 1083.41
Index: -1.16841 61.6575 1147.68
Middle: -16.812 65.8559 1163.1
Ring: 36.612 108.689 1174.21
Little: -8.14889 119.278 1155.55
Thumb: 107.615 64.903 1071.54
Index: -3.72697 61.7345 1147.13
Middle: -18.458 65.8675 1162.99
Ring: 36.8421 108.957 1174.09
Little: -10.7199 118.289 1155.3
Thumb: 109.298 62.7735 1065.81
Index: -3.44046 61.8214 1148.93
Middle: -17.3605 66.1291 1165.48
Ring: 36.8706 109.737 1175.27
Little: -10.6858 118.461 1156.42
Thumb: 110.735 73.8034 1106.59
Index: -3.51466 62.2488 1148.1
Middle: -16.8696 67.1233 1165.6
Ring: 36.8376 109.22 1174.7
Little: -26.5126 108.78 1149.49
Thumb: 106.164 59.9219 1081.5
Index: -7.49525 62.577 1145.13
Middle: -16.8491 69.2948 1167.26
Ring: 39.8059 106.775 1175.79
Little: -27.6359 110.154 1147.9
Thumb: 113.477 60.4499 1079.25
Index: -6.87058 62.4574 1146.91
Middle: -17.387 69.5251 1167.89
Ring: 28.8456 95.6805 1185.5
Little: -26.7921 108.741 1147.74
Thumb: 104.598 69.0679 1084.78
Index: -6.94171 63.7705 1147.52
Middle: -17.435 71.1437 1168.64
Ring: 29.5452 95.1764 1186.89
Little: -27.1962 109.904 1147.95
Thumb: 101.891 74.088 1085.94
Index: -8.25696 64.1926 1147.54
Middle: -20.7983 71.2945 1166.84
Ring: 22.6265 102.769 1190.74
Little: -27.8384 110.542 1148.61
Thumb: 101.818 66.5495 1067.2
Index: -11.7644 66.9202 1148.75
Middle: -21.8935 74.194 1169.73
Ring: 19.9546 102.89 1192.01
Little: -29.9625 116.011 1152.13
Thumb: 112.04 58.121 1058.07
Index: -11.1253 66.2196 1151.34
Middle: -19.9111 73.975 1173.78
Ring: 29.7327 103.637 1193.33
Little: -32.0547 119.095 1157.4
Thumb: 119.173 92.3872 1148.2
Index: -11.6627 66.8055 1151.19
Middle: -13.9907 78.4965 1179.04
Ring: 25.5441 109.069 1195.56
Little: -30.1137 124.035 1157.4
Thumb: 110.455 88.9658 1133.53
Index: -7.96136 66.7763 1150.28
Middle: -7.37747 77.5063 1180.63
Ring: 28.4512 106.208 1196.59
Little: -27.5705 128.767 1162.5
Thumb: 92.0335 100.015 1117.23
Index: -2.26684 58.7162 1148.27
Middle: -6.86957 76.3992 1177.89
Ring: 33.0764 104.425 1196
Little: -23.5693 131.196 1169.21
Thumb: 108.357 83.5034 1106.64
Index: 3.03204 58.7164 1148.7
Middle: 7.43286 78.2407 1182.28
Ring: 38.7565 104.096 1195.6
Little: -17.5247 133.412 1173.9
Thumb: 107.988 79.2635 1100.61
Index: 7.06595 57.9063 1153.08
Middle: 12.3339 77.7615 1184.85
Ring: 44.6703 102.307 1196.18
Little: -13.4997 133.806 1178.37
Thumb: 95.722 92.8285 1109.24
Index: 9.64825 55.708 1154.2
Middle: 14.4629 75.1998 1184.76
Ring: 49.0577 99.7908 1195.05
Little: -8.63719 131.349 1181.59
Thumb: 92.8642 93.0848 1104.69
Index: 14.1246 54.2036 1154.5
Middle: 15.3521 72.8086 1183.85
Ring: 53.3913 97.8193 1193.34
Little: -3.71553 128.739 1184.4
Thumb: 95.2754 93.8043 1096.44
Index: 15.0757 47.5074 1142.66
Middle: 15.828 64.0345 1173.88
Ring: 64.594 91.7215 1183.5
Little: 12.9185 118.419 1183.54
Thumb: 96.6088 103.532 1095.48
Index: 29.2819 49.7616 1146.4
Middle: 20.6008 64.5357 1174.5
Ring: 40.1384 84.0687 1187.9
Little: 15.5527 116.268 1189.14
Thumb: 106.239 104.352 1086.89
Index: 33.7175 45.8099 1133.06
Middle: 26.9323 56.5619 1162.95
Ring: 20.3883 71.6257 1173.54
Little: 25.3866 105.001 1184.79
Thumb: 99.9916 108.721 1095.05
Index: 34.1367 43.9254 1126.84
Middle: 26.8564 52.3524 1156.71
Ring: 20.2286 66.3813 1167.51
Little: 29.5457 95.6191 1176.83
Thumb: 111.326 97.9029 1084.55
Index: 34.6488 40.2683 1121.99
Middle: 24.3126 46.5056 1150.25
Ring: 20.1475 61.53 1164.64
Little: 30.5126 85.0144 1167.72
Thumb: 108.066 93.6986 1088.46
Index: 34.4753 39.7364 1116.74
Middle: 12.3049 43.6568 1142.17
Ring: 13.2123 50.4829 1152.88
Little: 25.1564 71.7394 1156.75
Thumb: 103.704 123.222 1106.24
Index: 51.1031 44.5188 1103.85
Middle: 58.5762 41.6188 1139.26
Ring: 39.576 43.2625 1138.12
Little: 50.9919 72.8385 1145.28
Thumb: 137.308 120.597 1078.71
Index: 43.924 40.6585 1099.45
Middle: 56.1428 35.6507 1135.88
Ring: 43.8214 36.9805 1131.8
Little: 40.2302 65.0972 1137.18
Thumb: 134.127 123.605 1073.8
Index: 44.927 38.4719 1100.32
Middle: 52.5287 34.4321 1136.42
Ring: 42.789 35.7001 1132.14
Little: 40.042 64.0762 1137.05
Thumb: 137.326 124.741 1067.06
Index: 46.7909 35.3011 1098.95
Middle: 53.2476 30.5208 1134.1
Ring: 43.9475 32.2979 1131.51
Little: 40.6975 60.4712 1138.71
Thumb: 135.621 118.863 1069.41
Index: 52.821 29.7461 1098.98
Middle: 54.1606 23.8755 1132.72
Ring: 44.223 25.9514 1131.04
Little: 38.7964 54.4966 1153.44
Thumb: 97.5637 82.4346 1101.97
Index: 45.4179 20.9869 1100.94
Middle: 53.3811 15.1652 1136.38
Ring: 43.8086 16.5068 1133.35
Little: 41.7735 52.1245 1157.89
Thumb: 78.7335 130.654 1132.31
Index: 44.7202 21.4449 1093.01
Middle: 56.1457 15.4966 1128.77
Ring: 44.0729 16.2988 1127.13
Little: 40.4546 51.3824 1149.37
Thumb: 71.1569 136.792 1125.3
Index: 43.567 29.6903 1086.92
Middle: 43.0137 20.8286 1120.83
Ring: 36.4933 22.9841 1120.27
Little: 34.621 57.8042 1142.3
Thumb: 62.2399 134.209 1130.94
Index: 40.0534 36.6337 1082.13
Middle: 77.3995 72.207 1116.78
Ring: 25.2662 28.905 1109.54
Little: 27.8458 66.5984 1121.95
Thumb: 21.766 144.884 1105.71
Index: -43.3023 136.108 1126.48
Middle: -18.3884 150.039 1138.15
Ring: -10.4001 166.142 1159.39
Little: -21.5557 204.116 1092.42
Thumb: -6.56219 112.956 1106.73
Index: 5.41591 89.1228 1137.37
Middle: 13.5377 120.107 1145.65
Ring: -6.98702 165.811 1165
Little: -9.67268 219.982 1091.84
Thumb: 0.512731 138.479 1094.8
Index: 8.46955 85.6909 1126.78
Middle: 11.3036 112.986 1155.74
Ring: -3.51838 157.007 1164.9
Little: -8.96154 218.895 1090.63
Thumb: -9.7643 105.972 1088.52
Index: 11.4622 86.7262 1112.22
Middle: 9.34753 112.12 1156.24
Ring: -2.69997 154.158 1163.38
Little: -8.72987 216.886 1087.47
Thumb: -10.1682 107.153 1088.19
Index: 9.42125 92.5996 1106.98
Middle: 8.83114 114.635 1159.13
Ring: -1.57508 153.725 1163.67
Little: -9.79474 220.752 1088.88
Thumb: -13.3477 106.39 1085.16
Index: 10.2262 92.6495 1105.98
Middle: 9.90817 115.73 1158.53
Ring: 1.50967 152.928 1163.02
Little: -10.652 224.232 1085.26
Thumb: -13.6497 106.136 1086.76
Index: 11.5177 92.9897 1104.64
Middle: 9.42621 116.371 1160.51
Ring: 3.67442 151.054 1164.31
Little: -13.9442 225.337 1089.04
Thumb: -14.7599 106.867 1087.42
Index: 12.7199 90.924 1106.34
Middle: 9.99577 117.13 1160.13
Ring: 2.78321 150.895 1162.45
Little: -20.8867 222.356 1083.36
Thumb: -17.1228 106.506 1088.26
Index: 11.5217 94.6363 1105.27
Middle: 13.797 118.242 1160.43
Ring: 10.3535 149.761 1163.23
Little: -21.6884 219.612 1095.22
Thumb: -20.2207 106.437 1087.03
Index: 11.7882 93.9406 1106.77
Middle: -4.04836 135.396 1169.63
Ring: 11.938 150.219 1163.01
Little: -20.4261 220.769 1100.92
Thumb: -20.2537 107.49 1085.87
Index: 13.0578 92.8461 1108.66
Middle: -1.79518 135.821 1169.95
Ring: 11.6534 152.875 1162.31
Little: -25.1591 217.668 1098.31
Thumb: -22.5121 107.543 1083.38
Index: 12.1409 92.7197 1106.69
Middle: -1.87764 136.682 1168.17
Ring: 6.18409 159.446 1161.96
Little: -30.5976 214.976 1088.7
Thumb: -24.3007 108.279 1079.79
Index: 9.69242 93.2087 1100.44
Middle: -5.89091 136.348 1166.58
Ring: 0.747803 159.471 1161
Little: -32.754 213.373 1087.79
Thumb: -21.7836 105.595 1086.81
Index: 9.29844 92.3248 1098.38
Middle: -7.53938 136.411 1164.3
Ring: -0.232745 159.009 1158.94
Little: -30.9053 218.5 1088.39
Thumb: -12.2742 106.696 1077.86
Index: 3.67959 97.5648 1089.57
Middle: -11.5896 133.226 1161.37
Ring: -1.48095 153.082 1156.82
Little: -38.3571 215.131 1090.94
Thumb: -20.446 105.541 1079.84
Index: 2.28595 101.328 1088.26
Middle: -11.2628 136.728 1159.56
Ring: -0.344136 156.401 1154.87
Little: -35.0572 219.063 1088.91
Thumb: -22.6776 106.399 1077.75
Index: 0.112241 101.863 1089.62
Middle: -11.8874 138.55 1159.25
Ring: 1.05964 156.854 1154.04
Little: -26.8442 217.295 1098.55
Thumb: -22.9551 104.73 1074.03
Index: 1.5533 99.3683 1090.75
Middle: -10.6431 137.357 1158.6
Ring: 2.59003 155.738 1153.02
Little: -25.7684 217.275 1097.21
Thumb: -24.4476 106.047 1070.19
Index: 0.846931 100.146 1089.33
Middle: -11.5051 139.08 1156.25
Ring: 0.224841 157.354 1150.75
Little: -20.7975 220.006 1093.88
Thumb: -25.2698 105.754 1068.49
Index: 1.43546 101.133 1089.73
Middle: -10.1822 140.737 1156.34
Ring: 0.476613 159.866 1150.61
Little: -23.4708 219.588 1091.25
Thumb: -24.8651 105.184 1068.25
Index: 2.05 100.66 1090.71
Middle: -10.5785 140.977 1156.3
Ring: -0.200189 160.195 1150.4
Little: -18.2671 223.444 1093.6
Thumb: -28.2828 102.86 1067.64
Index: 0.41063 102.194 1088.74
Middle: -11.397 141.847 1155.85
Ring: -0.395158 160.691 1150.06
Little: -14.673 225.422 1093.91
Thumb: -27.7833 104.728 1067.38
Index: 0.269246 102.759 1087.67
Middle: -11.5836 140.66 1156.45
Ring: 1.72725 157.465 1150.85
Little: -16.7604 228.483 1095.11
Thumb: -28.0637 103.186 1067.93
Index: -0.165721 101.589 1088.55
Middle: -11.8412 140.519 1156.76
Ring: -1.74385 160.407 1151.17
Little: -12.0356 219.969 1096.88
Thumb: -26.4847 102.183 1074.19
Index: 0.0339394 101.142 1089.28
Middle: -12.0493 139.611 1157.44
Ring: -1.15962 158.769 1151.97
Little: -14.4849 221.682 1098.28
Thumb: -22.0105 103.637 1077.71
Index: -0.2875 101.249 1089.53
Middle: -12.4866 138.725 1158.6
Ring: -0.489275 156.966 1153.26
Little: -9.6474 217.042 1098.76
Thumb: -11.5335 106.099 1081.12
Index: 0.293004 99.3926 1093.07
Middle: -11.9976 139.123 1161.15
Ring: 0.237932 157.001 1155.26
Little: -6.40659 212.188 1099.65
Thumb: -12.077 105.538 1083
Index: -1.01292 99.0107 1094.36
Middle: -12.4488 137.792 1163.43
Ring: -0.111508 155.702 1157.78
Little: -10.033 215.74 1100.14
Thumb: -10.6673 103.169 1086.55
Index: -0.242307 97.5576 1096.62
Middle: -12.04 135.612 1165.87
Ring: -0.564756 154.241 1160.16
Little: -11.0442 216.03 1102.78
Thumb: -9.90694 100.522 1091.04
Index: 0.48375 96.465 1101.08
Middle: -12.4856 136.602 1168.11
Ring: -2.90531 157.194 1162.46
Little: -10.3398 218.785 1101.34
Thumb: -9.63117 99.2462 1093.73
Index: 0.47347 95.6649 1102.97
Middle: -9.19126 133.476 1170.25
Ring: -1.87294 156.385 1164.45
Little: -8.15882 216.11 1104.08
Thumb: -9.04142 102.295 1097.45
Index: 2.77472 95.0156 1109.11
Middle: -9.73694 138.935 1173.27
Ring: 0.604208 158.68 1166.78
Little: -6.72173 217.869 1106.12
Thumb: -16.0382 104.943 1097.14
Index: 1.39524 96.8097 1110.81
Middle: -12.1057 138.21 1175.62
Ring: 3.11312 153.225 1169.45
Little: 6.43437 203.183 1110.07
Thumb: -11.5256 104.212 1099.52
Index: 3.57291 94.4128 1112.95
Middle: -10.2673 133.957 1179.81
Ring: 1.44695 152.494 1173.81
Little: 4.14168 203.411 1115.15
Thumb: -9.79982 100.405 1104.14
Index: 3.24905 94.6885 1114.62
Middle: -15.5905 133.329 1181.45
Ring: -2.98135 151.275 1176.39
Little: 4.53648 200.312 1120.16
Thumb: -7.1261 102.376 1109.38
Index: 3.87243 95.5475 1121.23
Middle: -7.5326 129.131 1182.86
Ring: -3.60857 155.18 1177.96
Little: -6.62359 215.053 1117.46
Thumb: -4.94033 104.235 1115.11
Index: 7.8045 94.3255 1126.56
Middle: -5.72747 130.795 1188.33
Ring: 0.199811 154.946 1183.24
Little: -7.91729 219.223 1123.43
Thumb: -5.72038 98.0253 1122.54
Index: 9.80217 91.4435 1139.38
Middle: -3.18742 133.658 1199.24
Ring: 7.032 153.247 1192.96
Little: -6.67554 216.747 1137.72
Thumb: -0.333591 74.6372 1132.22
Index: 4.23317 96.6972 1138.65
Middle: -6.15765 134.426 1201.03
Ring: 4.82937 153.905 1195.87
Little: -1.02177 213.305 1151.15
Thumb: -0.462198 74.8481 1125.65
Index: 3.03235 96.4193 1134.26
Middle: -15.2637 134.227 1194.39
Ring: -2.37982 151.937 1189.47
Little: -6.14715 209.446 1140.06
Thumb: 46.6284 103.361 1165.94
Index: 48.9316 102.377 1170.73
Middle: -39.1358 92.142 1170.53
Ring: -27.9851 122.795 1163.69
Little: -29.7689 92.6929 1086.3
Thumb: 18.9734 106.369 1156.17
Index: 31.357 95.2928 1166.9
Middle: -36.5501 35.0911 1084.58
Ring: -53.7861 106.826 1127.59
Little: -26.8533 94.7249 1069.67
Thumb: 63.7456 114.496 1159.44
Index: 74.4973 104.862 1167.27
Middle: -12.2281 50.7373 1126.39
Ring: 23.6262 132.053 1156.35
Little: 7.53605 103.13 1084.24
Thumb: 68.7112 129.08 1162.4
Index: 70.8557 123.938 1172
Middle: -7.31108 56.2049 1121.24
Ring: 22.101 148.787 1154.23
Little: -2.7933 93.1728 1076.41
Thumb: 75.0815 141.172 1176.71
Index: 37.5594 149.226 1189.12
Middle: -2.15963 48.9319 1105.45
Ring: 20.4887 150.212 1135.87
Little: 1.72145 88.9053 1067.71
Thumb: 74.6205 134.652 1158.69
Index: 9.92498 138.902 1191.49
Middle: -1.70085 49.5118 1107.39
Ring: 27.0594 155.621 1133.79
Little: 1.40424 87.0535 1066.75
Thumb: 66.6094 133.29 1118.12
Index: 4.85638 131.925 1189.06
Middle: -1.30519 53.2987 1113.98
Ring: 23.6914 163.793 1136.35
Little: 1.62694 75.4057 1062.29
Thumb: 64.6545 130.967 1111.5
Index: 7.16388 123.467 1189.28
Middle: -6.17415 47.4429 1113.12
Ring: 24.7156 154.39 1136.05
Little: -0.320027 68.3605 1058.31
Thumb: 66.6601 125.305 1113.44
Index: 7.57209 125.142 1188.31
Middle: -5.68891 44.7315 1110.75
Ring: 13.9295 148.956 1138.26
Little: -0.480721 70.5449 1060.71
Thumb: 59.4741 106.72 1095.15
Index: 33.8729 106.063 1189.71
Middle: -8.91671 27.745 1115.28
Ring: 4.82113 119.79 1147.16
Little: 1.08415 56.8608 1097.5
Thumb: 90.9508 130.43 1072.39
Index: 103.668 100.959 1132.5
Middle: 26.4888 38.3572 1162.99
Ring: 52.3095 101.804 1166.94
Little: 3.01006 62.3922 1147.59
Thumb: 89.5242 120.755 1121.84
Index: 98.6767 98.2369 1141.04
Middle: -8.67197 20.2073 1134.27
Ring: 43.2746 91.8359 1169.07
Little: -2.37606 57.8399 1145.19
Thumb: 88.3061 117.285 1119.99
Index: 95.659 102.266 1145.6
Middle: 19.3838 36.2484 1157.5
Ring: 41.2004 101.927 1168.98
Little: -19.4467 60.9663 1156.18
Thumb: 87.2317 120.372 1124.54
Index: 90.7776 109.229 1149.7
Middle: 16.9077 37.6314 1158.13
Ring: 33.1419 104.08 1168.5
Little: -31.0928 62.1034 1152.45
Thumb: 80.2984 117.999 1130.28
Index: 76.378 91.2356 1168.09
Middle: 14.0038 44.8231 1160.94
Ring: 24.1537 104.179 1170.65
Little: -36.4568 62.4012 1150.9
Thumb: 79.9474 115.348 1120.75
Index: 64.0891 84.6952 1173.89
Middle: -17.4708 21.5434 1131.45
Ring: 17.5804 107.618 1170.12
Little: -41.7066 61.8646 1143.62
Thumb: 74.3951 116.204 1122.8
Index: 58.9353 82.9664 1177.78
Middle: -19.4857 23.4036 1131.08
Ring: 13.268 106.678 1170.86
Little: -45.6844 63.6805 1140.85
Thumb: 101.841 117.096 1108.64
Index: 60.6271 87.3959 1178.42
Middle: -22.3235 24.9303 1138.02
Ring: 11.3638 106.209 1169.33
Little: -48.4029 65.146 1142.66
Thumb: 99.6463 114.461 1110.66
Index: 57.0298 84.0445 1178.26
Middle: -24.1548 23.4408 1130.83
Ring: 3.3636 104.431 1138.99
Little: -49.3651 66.4873 1137.41
Thumb: 100.143 118.009 1107.32
Index: 54.9207 80.7893 1176.71
Middle: -22.479 26.0918 1133.09
Ring: 2.32666 104.654 1138.79
Little: -50.6732 66.543 1138.45
Thumb: 99.8439 118.068 1107.88
Index: 53.9554 83.6021 1177.67
Middle: -23.4526 26.725 1133.2
Ring: 1.80031 105.897 1138.36
Little: -51.9278 68.1601 1137.75
Thumb: 101.562 116.049 1107.73
Index: 53.7758 82.9833 1176.76
Middle: -26.4826 26.5023 1131.58
Ring: 1.45069 105.6 1137.75
Little: -60.9677 56.1173 1128.75
Thumb: 98.8987 113.528 1110.39
Index: 49.696 83.846 1178.94
Middle: -27.6707 27.1739 1131.81
Ring: 1.45166 106.929 1146.52
Little: -63.6606 56.3641 1122.61
Thumb: 97.0342 111.498 1109.24
Index: 48.343 86.1986 1178.81
Middle: -28.7333 28.9591 1129.59
Ring: 0.509953 107.618 1146.77
Little: -63.6222 56.3568 1118.19
Thumb: 95.9232 113.917 1117.42
Index: 46.4116 85.6827 1179.33
Middle: -31.0327 25.3999 1126.95
Ring: -1.19655 107.313 1148
Little: -65.4511 56.0201 1119.66
Thumb: 93.8107 117.36 1111.73
Index: 44.5251 84.01 1178.94
Middle: -31.2982 25.9015 1126.2
Ring: -3.63701 106.529 1136.13
Little: -65.5974 54.9042 1119.38
Thumb: 91.0238 116.928 1118.82
Index: 46.0595 86.3728 1179.47
Middle: -31.1651 25.521 1126.01
Ring: -4.37599 104.819 1135.7
Little: -65.2151 53.9695 1118.35
Thumb: 86.6524 113.48 1122.95
Index: 46.9434 87.9834 1179.81
Middle: -30.3018 25.7291 1127.58
Ring: -4.29425 105.121 1136.07
Little: -65.2505 54.231 1119.3
Thumb: 112.873 116.276 1117.3
Index: 47.7593 88.6697 1179.58
Middle: -29.4754 25.2707 1126.57
Ring: -4.25625 104.322 1135.97
Little: -64.5793 53.6765 1118.62
Thumb: 121.501 120.912 1116.32
Index: 47.6771 90.2672 1181.22
Middle: -29.8045 26.5552 1128.83
Ring: -3.84864 104.921 1136.54
Little: -64.0716 54.653 1119.34
Thumb: 122.434 122.212 1112.02
Index: 48.6843 89.8315 1181.01
Middle: -29.5662 25.3359 1127.56
Ring: -3.52148 104.219 1137.04
Little: -63.3724 53.5994 1119.92
Thumb: 104.395 114.574 1120.69
Index: 49.0131 90.3973 1181.78
Middle: -28.2322 25.5221 1129.63
Ring: -3.77444 102.691 1137.59
Little: -62.3595 53.1535 1121
Thumb: 122.529 122.421 1113.09
Index: 47.5586 89.98 1182.89
Middle: -28.0827 24.2893 1130.77
Ring: -5.3509 100.461 1138.65
Little: -62.6231 51.4665 1121.79
Thumb: 122.617 123.475 1111
Index: 48.0873 90.5552 1182.82
Middle: -26.7703 24.6046 1130.45
Ring: -2.49302 104.992 1137.69
Little: -61.8095 51.47 1121.09
Thumb: 123.836 126.367 1109.42
Index: 48.1537 91.3228 1181.73
Middle: -26.2312 25.1373 1128.87
Ring: -2.84541 104.62 1136.42
Little: -61.4748 51.8536 1119.53
Thumb: 123.453 127.388 1107.53
Index: 50.6237 90.9535 1180.88
Middle: -23.555 25.4631 1131.06
Ring: -3.25209 101.405 1137.62
Little: -60.1862 50.5891 1121.36
Thumb: 125.258 126.174 1109.06
Index: 50.1927 89.8818 1181.78
Middle: -23.7412 25.4138 1130.85
Ring: -2.63226 101.151 1137.74
Little: -59.8797 50.8444 1120.07
Thumb: 123.644 125.712 1113.46
Index: 49.8091 91.6406 1183.14
Middle: -23.7595 27.1374 1131.04
Ring: -0.428077 106.996 1137.91
Little: -58.6735 52.3283 1120.22
Thumb: 127.996 128.674 1113.09
Index: 50.7 94.6009 1183.78
Middle: -23.8224 27.8197 1130.34
Ring: 1.58815 109.662 1136.5
Little: -57.9577 53.2422 1118.26
Thumb: 124.042 129.425 1126.07
Index: 51.9447 96.5785 1183.55
Middle: -23.0144 29.5765 1130.89
Ring: 1.99786 111.08 1136.79
Little: -57.556 54.8973 1119.13
Thumb: 128.956 131.368 1111.46
Index: 54.1009 98.4538 1183.29
Middle: -21.8221 30.751 1132.27
Ring: 3.16206 112.49 1137.29
Little: -56.4718 55.9262 1120.87
Thumb: 130.363 131.815 1112.34
Index: 53.398 95.2285 1183.32
Middle: -19.3035 31.6295 1131.2
Ring: 4.79984 112.546 1136.58
Little: -54.6189 56.546 1119.01
Thumb: 134.562 132.875 1113.38
Index: 56.522 94.3271 1183.23
Middle: -15.2931 31.523 1130.58
Ring: 8.41603 112.14 1136.26
Little: -51.1036 56.2674 1117.94
Thumb: 137.028 132.263 1110.4
Index: 61.5076 93.5901 1181.39
Middle: -10.6137 32.7711 1132.86
Ring: 10.884 109.607 1136.51
Little: -48.0043 55.8567 1117.82
Thumb: 142.353 138.734 1115.61
Index: 68.4089 102.06 1181.76
Middle: -5.26536 31.009 1129.53
Ring: 15.7346 111.446 1134.94
Little: -43.8109 54.7687 1114.73
Thumb: 122.592 127.608 1120.67
Index: 78.4046 114.68 1180.16
Middle: 4.53911 41.1436 1126.21
Ring: 26.2199 125.195 1136.05
Little: -36.0202 62.0222 1109.48
