Thumb: 32.9554 91.7207 1121.92
Index: -64.5745 28.1944 1098.23
Middle: -101.42 40.8207 1097.63
Ring: -124.543 62.0639 1082.41
Little: -141.773 103.039 1080.87
Thumb: 34.94 93.5355 1108.52
Index: -72.0001 33.8163 1094.06
Middle: -101.127 43.435 1102.99
Ring: -124.865 61.5382 1075.28
Little: -132.15 98.2259 1101.96
Thumb: 29.2164 88.2785 1109.23
Index: -81.01 29.4519 1085.08
Middle: -106.837 43.9259 1107.08
Ring: -128.833 57.9807 1077.19
Little: -117.888 116.562 1130.73
Thumb: 30.5738 91.1685 1112.76
Index: -79.3692 34.7488 1096.27
Middle: -110.457 38.4569 1088.55
Ring: -125.779 52.8628 1078.22
Little: -119.444 118.124 1129.77
Thumb: 21.6296 90.9944 1115.39
Index: -82.1705 30.0554 1090.76
Middle: -112.55 39.3917 1088.21
Ring: -128.163 54.0663 1083.03
Little: -123.229 113.269 1129.6
Thumb: 14.8425 88.7663 1111.58
Index: -83.7277 31.3973 1093.81
Middle: -114.83 40.0651 1095.8
Ring: -130.228 55.6449 1088.62
Little: -124.466 115.641 1131.07
Thumb: 10.8717 95.4998 1117.36
Index: -87.9574 32.1708 1092.23
Middle: -114.802 40.7601 1098.02
Ring: -130.235 56.1528 1093.32
Little: -121.083 122.206 1133.84
Thumb: 6.9678 93.7618 1112.15
Index: -93.9464 30.9395 1091.62
Middle: -117.74 41.4942 1109.1
Ring: -132.998 52.3361 1097.19
Little: -133.1 105.532 1117.33
Thumb: -0.168966 90.0888 1107.59
Index: -99.2252 35.1037 1092.97
Middle: -119.969 46.3202 1111.15
Ring: -133.779 56.8058 1103
Little: -141.252 98.3766 1102.25
Thumb: -1.32146 91.9055 1107.85
Index: -99.0223 34.6928 1093.09
Middle: -117.891 43.7577 1109.66
Ring: -132.493 57.3585 1106.71
Little: -141.444 97.6393 1104.21
Thumb: -7.90674 91.3298 1111.59
Index: -101.536 38.0696 1093.6
Middle: -122.149 40.9751 1099.72
Ring: -129.816 60.1177 1111.07
Little: -140.311 99.1606 1106.99
Thumb: -8.79796 92.0988 1113.24
Index: -100.987 38.0085 1093.74
Middle: -122.072 40.572 1099.31
Ring: -128.709 60.1382 1112.38
Little: -139.474 99.151 1108.37
Thumb: -9.36201 91.7328 1111.95
Index: -99.561 37.7197 1097.76
Middle: -122.738 39.566 1099.23
Ring: -127.337 59.7004 1115.02
Little: -138.192 98.7887 1110.62
Thumb: -4.39404 93.4711 1109.92
Index: -92.708 37.3174 1100.57
Middle: -116.501 37.7724 1100.84
Ring: -121.961 58.6689 1117.65
Little: -134.562 95.9145 1109.75
Thumb: -7.6452 95.332 1110.01
Index: -88.6939 36.4723 1090.34
Middle: -108.384 38.8084 1101.81
Ring: -115.343 57.7411 1116.43
Little: -125.567 94.4827 1106.62
Thumb: 1.61188 94.3328 1105.65
Index: -78.8596 36.9941 1100.03
Middle: -106.641 32.9411 1091.73
Ring: -108.547 55.6949 1116.12
Little: -119.318 89.8736 1103.52
Thumb: -0.308921 100.364 1106.97
Index: -68.973 33.1699 1096.34
Middle: -100.17 33.7206 1092.81
Ring: -101.432 50.5861 1109.87
Little: -111.349 89.9887 1105.05
Thumb: 3.7792 101.477 1104.49
Index: -60.5156 35.0294 1100.45
Middle: -87.4273 29.9942 1095.86
Ring: -93.7666 49.0762 1110.82
Little: -104.253 89.4375 1106.47
Thumb: 10.5492 102.779 1106.67
Index: -51.7255 33.2927 1100.15
Middle: -78.1278 26.0666 1093.74
Ring: -86.1396 45.157 1109.95
Little: -102.025 73.9524 1104.12
Thumb: 21.2594 100.524 1104.76
Index: -42.4376 35.2345 1101.57
Middle: -64.8644 33.6498 1103.41
Ring: -77.2971 44.5762 1109.62
Little: -93.4698 74.7934 1104.77
Thumb: 30.253 99.2671 1101.09
Index: -33.7767 29.6394 1098.15
Middle: -47.2899 43.8298 1109.84
Ring: -68.5065 41.524 1109.15
Little: -82.3183 67.6928 1104.15
Thumb: 38.1436 98.5611 1104.71
Index: -24.2641 35.0241 1107.98
Middle: -49.4768 25.4552 1106.43
Ring: -64.0467 42.5813 1111.71
Little: -71.6685 73.1317 1106.03
Thumb: 47.3047 95.3315 1109.76
Index: -17.1499 30.8719 1106.69
Middle: -45.7415 23.7675 1107.37
Ring: -58.8401 41.0494 1111.32
Little: -65.3231 69.039 1108.73
Thumb: 79.5849 99.4755 1108.84
Index: -9.00318 33.8021 1111.47
Middle: -39.4833 23.5686 1111.59
Ring: -48.8128 38.5765 1114.48
Little: -63.7991 65.0218 1104.62
Thumb: 64.2003 94.7784 1109.74
Index: -0.113619 33.0154 1108.8
Middle: -30.4353 21.861 1109
Ring: -43.9134 37.4143 1109.37
Little: -57.7117 62.0888 1102.25
Thumb: 72.0678 92.7507 1107.11
Index: 1.65932 31.8889 1105.73
Middle: -22.0624 18.7537 1103.6
Ring: -35.8887 30.9697 1106.19
Little: -51.4745 58.0353 1097.68
Thumb: 73.5972 93.0946 1110.63
Index: 10.0144 24.9665 1100.17
Middle: -14.2923 14.4634 1099.32
Ring: -30.737 29.4695 1104.55
Little: -48.6928 53.7676 1095.69
Thumb: 87.5583 88.2305 1106.49
Index: 20.2676 21.5561 1100.46
Middle: -7.62945 12.2627 1097.15
Ring: -16.9468 34.387 1108.84
Little: -41.5398 55.3505 1105.08
Thumb: 93.2232 88.2962 1108.27
Index: 26.946 20.46 1102.26
Middle: -2.43045 10.3234 1096.72
Ring: -12.1279 35.6725 1111.82
Little: -38.0588 53.4843 1108
Thumb: 103.578 91.2693 1111.21
Index: 37.6788 16.3996 1099.52
Middle: 3.42859 7.77285 1095.38
Ring: -7.36867 33.0486 1111.88
Little: -33.0755 49.6509 1106.3
Thumb: 116.508 96.3628 1111.53
Index: 45.1449 16.0762 1098.6
Middle: 11.1248 5.6448 1089.85
Ring: -3.17821 27.2305 1104.7
Little: -26.7511 45.7976 1102.78
Thumb: 122.551 100.953 1109.54
Index: 54.0408 11.2286 1097.16
Middle: 19.595 1.91578 1095.16
Ring: 5.29065 22.5789 1104.87
Little: -20.5705 41.7728 1110.82
Thumb: 129.819 99.5318 1114.51
Index: 63.8052 25.814 1103.5
Middle: 23.041 1.89745 1087.7
Ring: 5.39726 15.6399 1092.91
Little: -14.955 42.6779 1107.65
Thumb: 139.177 98.369 1109.52
Index: 70.4324 25.5373 1099.82
Middle: 28.8091 0.85549 1089.07
Ring: 15.9267 27.5475 1098.95
Little: -8.88112 41.9596 1102.95
Thumb: 144.824 97.9343 1106.91
Index: 72.6503 24.5055 1099.63
Middle: 32.0221 2.71783 1091.39
Ring: 20.7513 31.9115 1100.87
Little: -6.42955 46.0283 1104.34
Thumb: 145.535 97.619 1106.13
Index: 82.0974 37.1168 1106.61
Middle: 38.3392 0.0752926 1088.32
Ring: 25.7467 30.4646 1099.26
Little: -2.46463 45.3306 1101.44
Thumb: 148.814 98.9975 1103.02
Index: 88.8353 37.4693 1100.12
Middle: 45.4407 -0.406422 1092.83
Ring: 31.275 27.3564 1096.22
Little: 4.14898 44.0841 1103.32
Thumb: 151.88 98.432 1106.19
Index: 91.2458 40.3863 1104.14
Middle: 45.755 -1.98742 1086.62
Ring: 33.0483 28.4156 1099.66
Little: 11.0991 62.6132 1103.52
Thumb: 157.687 101.177 1105.19
Index: 94.2409 39.1932 1103.77
Middle: 49.9923 -2.15945 1087.08
Ring: 37.5573 29.4531 1104.29
Little: 16.7044 70.2083 1100.96
Thumb: 163.675 99.8283 1110
Index: 93.1138 28.5831 1107.15
Middle: 52.2462 0.917803 1095.15
Ring: 39.3168 30.5708 1100.67
Little: 19.9465 72.0275 1099.54
Thumb: 165.416 102.1 1109.12
Index: 96.4916 35.0403 1106.39
Middle: 53.6257 0.847443 1093.45
Ring: 41.1094 30.6683 1101.87
Little: 26.2039 89.5407 1107.98
Thumb: 165.885 102.355 1114.37
Index: 98.8015 47.2872 1108.58
Middle: 52.1846 1.55504 1087.78
Ring: 40.0077 34.5894 1100.39
Little: 24.3502 87.2614 1104.89
Thumb: 165.718 101.786 1114.3
Index: 99.2964 47.7808 1107.46
Middle: 52.2971 1.49658 1084.24
Ring: 59.8727 94.5282 1141.71
Little: 24.6446 86.9941 1105.47
Thumb: 165.657 100.161 1114.36
Index: 96.6244 47.5219 1106.86
Middle: 48.026 3.38946 1087.05
Ring: 58.8879 95.658 1141.92
Little: 25.6705 86.6786 1105.36
Thumb: 165.804 99.4168 1111.14
Index: 95.2634 49.1168 1110.07
Middle: 44.3803 4.21111 1086.67
Ring: 57.5388 95.5259 1142.17
Little: 26.0612 79.4094 1102.14
Thumb: 165.442 98.6164 1106.53
Index: 89.8676 48.4969 1110.12
Middle: 38.2725 5.60631 1088.84
Ring: 53.405 94.772 1141.42
Little: 25.8527 62.1194 1102.21
Thumb: 156.162 97.8407 1111.16
Index: 76.362 29.1929 1113.67
Middle: 35.0667 6.25015 1089.49
Ring: 48.9202 96.2731 1137.37
Little: 22.1204 64.8652 1101.38
Thumb: 153.41 95.83 1112.67
Index: 70.7263 31.1437 1112.53
Middle: 28.8214 8.19778 1085.11
Ring: 43.0628 96.0778 1136.3
Little: 20.0101 53.7927 1090.85
Thumb: 148.456 93.4483 1111.87
Index: 64.7479 33.0871 1111.64
Middle: 22.3313 10.0125 1082.28
Ring: 38.0559 96.305 1136.65
Little: 14.5349 52.4411 1087.93
Thumb: 142.616 93.5759 1115.17
Index: 59.3658 34.5964 1115.39
Middle: 17.372 12.1507 1085.17
Ring: 37.0375 106.402 1136.44
Little: 9.60946 55.3832 1090.87
Thumb: 134.447 90.246 1118.4
Index: 51.8529 32.0199 1106.07
Middle: 10.8273 13.031 1081.22
Ring: 33.034 108.337 1136.96
Little: 2.68286 56.1794 1090.68
Thumb: 126.275 93.8444 1119.72
Index: 43.9552 29.4209 1107.19
Middle: 4.49143 15.4218 1082.5
Ring: 26.4008 110.553 1137.41
Little: -2.32869 57.2463 1090.72
Thumb: 120.274 95.4177 1122.23
Index: 38.9168 31.8769 1111.5
Middle: -0.962532 15.338 1083.63
Ring: 18.813 110.146 1136.41
Little: -7.99104 56.6563 1090.82
Thumb: 106.573 99.137 1123.83
Index: 32.165 35.7094 1113.86
Middle: -8.35739 16.9379 1079.84
Ring: 19.8877 128.211 1145.13
Little: -15.2188 60.5501 1093.44
Thumb: 98.224 96.4426 1126.43
Index: 28.8925 43.1986 1121.9
Middle: -15.5012 18.1165 1084.88
Ring: -0.302754 117.882 1147.48
Little: -20.6394 57.762 1090.35
Thumb: 92.982 94.8425 1130.99
Index: 18.948 37.905 1123.93
Middle: -22.1657 19.7781 1089.64
Ring: -5.91426 122.141 1151.55
Little: -26.1619 59.5407 1093.55
Thumb: 88.766 96.1943 1131.49
Index: 18.5788 46.2297 1132.55
Middle: -27.5262 19.431 1092
Ring: -10.6361 122.538 1157.05
Little: -32.57 59.2788 1097.44
Thumb: 85.6284 95.412 1134.71
Index: 14.0401 47.5476 1133.78
Middle: -30.7688 21.3084 1097.85
Ring: -13.1195 130.251 1160.92
Little: -38.4039 63.2075 1096.83
Thumb: 82.9372 97.3593 1140.79
Index: 9.97572 52.1506 1132.18
Middle: -33.8581 18.7182 1097.71
Ring: -25.1206 133.579 1155.31
Little: -42.3393 60.0261 1092.03
Thumb: 69.698 103.637 1163.61
Index: -3.59899 58.2807 1137.7
Middle: -37.2516 16.7592 1099.6
Ring: -44.6868 137.144 1147.86
Little: -47.9375 60.327 1095.78
Thumb: 27.0925 112.123 1194.79
Index: -28.1354 71.8344 1147.36
Middle: -39.949 17.253 1101.42
Ring: -63.0622 137.045 1122.97
Little: -43.3145 58.4119 1082.95
Thumb: -10.4115 115.266 1188.98
Index: -22.0187 103.237 1154.57
Middle: -44.8167 22.3515 1104.65
Ring: -61.8327 142.518 1106.99
Little: -33.5504 58.2013 1079.89
Thumb: -21.415 130.769 1143.73
Index: -79.0466 92.4544 1140.27
Middle: -50.2251 23.1641 1104.77
Ring: -79.8229 85.8598 1105.42
Little: -36.377 57.5148 1067.83
Thumb: -26.2511 137.169 1142.84
Index: -86.4594 96.7768 1139.61
Middle: -55.2491 24.1919 1113.37
Ring: -84.2776 95.7924 1106.99
Little: -40.4544 57.3139 1075.65
Thumb: -20.8584 146.774 1108.48
Index: -87.8239 104.6 1143.28
Middle: -61.5777 26.8966 1107.99
Ring: -59.8879 50.5771 1096.64
Little: -45.9904 62.6457 1073.25
Thumb: -17.6074 185.031 1088.82
Index: -93.2063 142.248 1065.87
Middle: -48.5297 62.6749 1082.62
Ring: -43.5684 92.7969 1067.39
Little: -17.5067 94.8012 1065.62
Thumb: -22.155 198.224 1068.54
Index: -97.6725 133.64 1070.52
Middle: -46.7673 73.4876 1110.47
Ring: -52.2953 101.56 1090.45
Little: -19.566 96.7554 1074.61
Thumb: -40.9242 209.076 1079.67
Index: -106.739 144.199 1081.35
Middle: -62.3461 85.9613 1134.96
Ring: -60.0209 102.093 1101.34
Little: -34.2548 98.2746 1093
Thumb: -25.4631 189.652 1069.88
Index: -108.862 153.26 1063.61
Middle: -71.7934 84.5711 1138.64
Ring: -60.8604 95.2305 1096.52
Little: -36.5614 93.5644 1099.33
Thumb: -26.9531 182.725 1069.93
Index: -74.1589 88.9284 1130.29
Middle: -74.5875 76.9419 1135.77
Ring: -60.9667 87.0462 1097.16
Little: -37.9518 86.548 1098.72
Thumb: -50.9949 168.022 1090.07
Index: -97.5777 65.7684 1129.25
Middle: -110.85 58.8267 1124.38
Ring: -93.8671 52.8087 1104.81
Little: -62.6689 51.218 1101.41
Thumb: -62.0423 168.993 1092.66
Index: -98.9863 63.4728 1127.47
Middle: -113.576 58.38 1129.82
Ring: -94.8649 63.4 1087.72
Little: -65.3562 52.6002 1102.89
Thumb: -67.7735 171.566 1091.9
Index: -103.641 64.1206 1121.29
Middle: -117.734 58.5723 1123.21
Ring: -76.5764 83.2232 1072.01
Little: -65.8784 52.9496 1102.99
Thumb: -69.4463 175.189 1089.03
Index: -107.824 67.6433 1120.13
Middle: -120.701 60.8459 1117.52
Ring: -75.4909 85.8361 1068.73
Little: -68.1034 56.5345 1101.33
Thumb: -70.1442 174.512 1085.62
Index: -112.688 69.6765 1113.94
Middle: -124.155 62.1214 1115.75
Ring: -79.1122 83.6027 1067.65
Little: -71.824 57.9623 1102.41
Thumb: -84.8028 170.216 1080.55
Index: -99.9344 80.4776 1039.13
Middle: -83.1591 26.8638 1109.43
Ring: -54.9043 67.8881 1062.78
Little: -38.2747 47.9302 1095.08
Thumb: -82.9897 160.945 1081.35
Index: -97.7495 87.0448 1033.08
Middle: -85.3464 29.949 1108.37
Ring: -53.7518 73.4846 1061.94
Little: -42.2552 50.175 1095.01
Thumb: -134.065 175.698 1090.19
Index: -99.8249 82.3625 1033.49
Middle: -87.4109 28.1545 1109.22
Ring: -56.4178 71.9235 1062.91
Little: -43.7379 49.4955 1101.3
Thumb: -134.755 178.66 1088.37
Index: -98.2262 88.396 1030.25
Middle: -85.6351 28.8567 1109.59
Ring: -55.3305 73.1166 1062.86
Little: -44.5361 50.7558 1096.44
Thumb: -135.181 179.61 1082.87
Index: -93.882 91.8381 1024.43
Middle: -87.2501 29.4233 1102.84
Ring: -53.7193 73.7638 1060.54
Little: -44.3177 51.3702 1093.49
Thumb: -133.127 181.58 1074.05
Index: -95.362 99.7154 1020.03
Middle: -89.1448 30.084 1096.85
Ring: -50.13 83.4884 1070.74
Little: -47.3922 50.6267 1092.36
Thumb: -134.194 181.625 1069.65
Index: -94.0764 101.222 1016.68
Middle: -89.4184 29.607 1093.98
Ring: -49.467 82.5968 1068.58
Little: -48.6987 51.3487 1090.74
Thumb: -134.912 182.305 1064.27
Index: -91.292 99.709 1011.99
Middle: -89.4358 29.1212 1092.3
Ring: -48.7171 82.3333 1066.48
Little: -48.654 50.762 1090.93
Thumb: -135.62 186.57 1057.86
Index: -88.6365 101.686 1007.5
Middle: -89.544 29.6263 1088.81
Ring: -46.8808 82.5359 1065
Little: -47.8589 50.3629 1087.06
Thumb: -134.257 186.932 1060.71
Index: -89.5819 108.556 1008.69
Middle: -88.6082 31.3723 1091.07
Ring: -36.2809 106.181 1052.98
Little: -47.1233 52.0682 1084.45
Thumb: -134.815 186.17 1060.04
Index: -89.6419 109.242 1006.91
Middle: -88.5827 31.7863 1081.95
Ring: -34.7021 105.408 1034.48
Little: -46.9799 52.701 1083.81
Thumb: -134.372 186.193 1057.37
Index: -88.5493 109.254 1005.24
Middle: -88.8539 32.0186 1081.41
Ring: -33.7448 104.935 1033.04
Little: -47.226 52.9037 1083.75
Thumb: -134.759 184.038 1054.12
Index: -88.1836 106.414 1003.42
Middle: -87.8075 31.9553 1085.67
Ring: -33.2837 104.475 1030.49
Little: -45.8134 52.8628 1081.82
Thumb: -132.949 186.282 1054.91
Index: -87.2285 106.778 1003.52
Middle: -86.9992 32.0449 1083.24
Ring: -32.0961 105.296 1030.63
Little: -44.5182 52.9192 1079.43
Thumb: -132.418 183.667 1056.17
Index: -86.2537 98.9259 1004.27
Middle: -86.0466 33.8231 1084.26
Ring: -29.1402 108.95 1044.19
Little: -40.1022 54.3663 1079.39
Thumb: -133.428 183.663 1058.64
Index: -87.915 99.2486 1005.09
Middle: -81.579 35.6677 1076.35
Ring: -28.3147 110.184 1038.3
Little: -38.8048 55.0949 1083.17
Thumb: -134.908 183.186 1061.49
Index: -87.5558 94.3917 1007.93
Middle: -76.7463 39.8042 1071.91
Ring: -28.6973 108.618 1039.21
Little: -35.0885 54.9464 1085.07
Thumb: -135.895 182.541 1062.4
Index: -86.4474 92.241 1009.94
Middle: -76.0505 31.5005 1089.31
Ring: -27.6281 103.646 1041.23
Little: -29.3201 54.7131 1085.72
Thumb: -135.908 179.271 1066.24
Index: -85.4144 84.7059 1014.04
Middle: -71.5729 30.8728 1097.73
Ring: -24.603 106.12 1042.61
Little: -26.4563 55.3472 1093.03
Thumb: -134.889 176.992 1072.53
Index: -82.8501 86.5027 1014.23
Middle: -67.8883 30.0338 1100.94
Ring: -23.4549 107.121 1043.89
Little: -24.5505 55.3639 1094.65
Thumb: -134.832 174.123 1073.64
Index: -80.8559 84.6976 1016.03
Middle: -60.7333 27.933 1100.95
Ring: -19.9492 107.76 1048.41
Little: -21.5892 54.9309 1094.12
Thumb: -133.056 171.167 1074.26
Index: -76.8762 83.6037 1017.4
Middle: -55.7495 27.4823 1098.43
Ring: -15.7517 109.236 1051.95
Little: -16.7343 55.3786 1095.67
Thumb: -127.58 169.526 1077.18
Index: -72.3104 80.5335 1020.22
Middle: -51.2828 24.6554 1106.7
Ring: -11.2115 105.288 1053.89
Little: -10.3225 52.2708 1090.18
Thumb: -122.455 168.401 1086.95
Index: -69.5057 71.873 1028.11
Middle: -45.7845 21.1249 1102.71
Ring: -5.5695 110.314 1057.71
Little: -5.44835 50.2975 1083.25
Thumb: -114.647 164.194 1090
Index: -58.4954 71.4942 1030.74
Middle: -39.3211 18.9098 1099.87
Ring: -4.24405 102.149 1054.45
Little: -1.46756 46.433 1095.27
Thumb: -108.166 159.218 1087.74
Index: -52.4142 79.7825 1024.9
Middle: -31.6775 16.2457 1099.4
Ring: 2.23578 99.3008 1056.51
Little: 4.71444 44.3864 1097.27
Thumb: -104.287 153.212 1086.13
Index: -47.339 79.9433 1025.31
Middle: -23.1302 14.4655 1104.71
Ring: 7.10524 98.1377 1057.93
Little: 12.9697 43.3331 1098.33
Thumb: -104.83 146.998 1086.75
Index: -43.1162 80.007 1028.51
Middle: -14.0152 16.1898 1095.88
Ring: 13.2554 96.5169 1058.97
Little: 20.799 44.633 1102.48
Thumb: -99.3661 145.957 1090.01
Index: -38.0587 74.404 1033.17
Middle: -5.56463 16.9434 1093.69
Ring: 18.5292 97.386 1055.94
Little: 28.771 45.1653 1102.4
Thumb: -94.822 145.936 1087.99
Index: -31.8975 71.3092 1032.58
Middle: 0.693549 12.8254 1096.91
Ring: 26.8667 97.3295 1064.63
Little: 37.6364 43.0808 1100.15
Thumb: -90.053 144.292 1082.36
Index: -23.2159 73.9806 1029.69
Middle: 5.42828 8.97436 1105.68
Ring: 35.6658 101.079 1065.62
Little: 42.1756 41.2269 1100.51
Thumb: -82.1548 140.254 1075.12
Index: -17.795 80.2337 1029.82
Middle: 16.6992 9.38861 1108.83
Ring: 42.9446 102.482 1063.24
Little: 49.0452 42.08 1100.68
Thumb: -77.069 141.378 1079.73
Index: -15.5495 80.8899 1033.16
Middle: 23.3223 7.98506 1100.44
Ring: 38.3232 91.6124 1024.43
Little: 54.5173 41.4292 1098.81
Thumb: -73.7168 142.579 1077.73
Index: -8.5121 81.9285 1031.84
Middle: 30.7816 8.47079 1097.78
Ring: 42.3263 82.7735 1022.26
Little: 62.0232 43.5178 1098.99
Thumb: -66.0423 144.01 1085.04
Index: 2.83365 76.1463 1033.41
Middle: 36.7038 8.86925 1105.57
Ring: 54.3542 73.3465 1049.47
Little: 69.6254 43.8584 1101.94
Thumb: -60.7115 143.504 1090.91
Index: 6.02993 71.1232 1035.03
Middle: 41.5922 8.65821 1101.15
Ring: 56.2019 75.0315 1048.53
Little: 74.1739 43.522 1099.04
Thumb: -52.6392 144.597 1084.34
Index: 11.426 77.2579 1038.2
Middle: 47.2436 9.30751 1102.01
Ring: 61.9272 73.2079 1049.27
Little: 79.472 43.5843 1100.6
Thumb: -48.9461 148.377 1094.39
Index: 14.1413 78.6102 1036.69
Middle: 49.8905 8.69469 1101.61
Ring: 66.6118 80.971 1048.74
Little: 83.499 42.6824 1098.26
Thumb: -50.088 150.184 1101.85
Index: 15.623 82.2912 1036.62
Middle: 51.1481 5.39994 1110.91
Ring: 64.278 64.1178 1049.79
Little: 82.14 38.087 1101.93
Thumb: -45.934 152.873 1109.36
Index: 11.9426 83.578 1044.12
Middle: 46.6255 8.86407 1104.44
Ring: 59.7106 60.0614 1051.68
Little: 82.4659 38.7243 1099.52
Thumb: -36.57 156.284 1121.87
Index: 12.0334 82.0633 1047.99
Middle: 37.3 14.692 1101.24
Ring: 59.0561 44.3998 1066.36
Little: 97.4019 86.3493 1029.9
Thumb: -33.087 158.164 1127.69
Index: 5.62413 65.0398 1052.3
Middle: 31.1167 17.7926 1102.07
Ring: 48.5478 28.7893 1078.98
Little: 88.1298 83.896 1028.03
Thumb: -27.6983 162.864 1138.65
Index: 1.90915 56.1816 1066.73
Middle: 28.7456 22.2265 1108.15
Ring: 45.202 25.1671 1093.51
Little: 80.7086 87.8552 1028.59
Thumb: -8.02363 170.904 1147.41
Index: 1.95793 57.5957 1087.13
Middle: 25.3699 31.5176 1117.46
Ring: 34.9871 33.2424 1095.79
Little: 71.9956 90.2218 1026.83
Thumb: -8.28467 167.358 1156.93
Index: 11.2157 58.8109 1084.91
Middle: 29.2067 34.0294 1116.07
Ring: 31.058 40.2409 1096.64
Little: 62.1595 102.425 1025.56
Thumb: -1.5028 166.861 1163.38
Index: 38.5859 43.0949 1111.87
Middle: 29.3511 37.6148 1118.23
Ring: 33.0428 40.3305 1102.46
Little: 57.3532 107.861 1025.66
Thumb: 1.82979 166.863 1164.17
Index: 40.0623 43.509 1111.39
Middle: 33.1237 34.4655 1121.15
Ring: 31.2407 52.5562 1091.47
Little: 55.9802 107.277 1025.33
Thumb: 8.13082 168.937 1169.74
Index: 37.5868 48.006 1112.53
Middle: 34.5326 36.3281 1120.7
Ring: 27.9789 53.1022 1095.78
Little: 47.7019 108.946 1027.74
Thumb: 19.1741 172.009 1179.77
Index: 39.5306 50.4601 1114.89
Middle: 35.7939 37.1427 1122.19
Ring: 32.7557 50.6638 1103.99
Little: 40.291 110.298 1031.07
Thumb: 26.169 174.318 1184.54
Index: 36.9727 51.2153 1112.9
Middle: 35.505 36.4637 1123.2
Ring: 32.3877 61.292 1097.74
Little: 39.2126 111.627 1030.63
Thumb: 36.4668 178.026 1182.4
Index: 36.3973 55.2207 1109.44
Middle: 37.8532 41.0834 1124.93
Ring: 27.3863 60.0552 1098.44
Little: 52.7883 121.75 1028.3
Thumb: 40.2937 174.959 1176.88
Index: 32.174 60.0617 1103.19
Middle: 38.0952 42.8538 1127.56
Ring: 26.325 62.2143 1099.51
Little: 54.4762 123.404 1024.12
Thumb: 45.2206 173.91 1178.75
Index: 31.6591 58.7575 1107.73
Middle: 37.7261 42.1381 1132.35
Ring: 23.2609 64.2755 1100.97
Little: 48.5566 118.538 1026.14
Thumb: 49.7626 171.156 1181.07
Index: 30.1475 60.4742 1107.51
Middle: 37.9644 41.5274 1131.49
Ring: 21.9757 66.0495 1099.98
Little: 71.091 119.05 1033.53
Thumb: 51.4916 173.281 1184.08
Index: 29.1306 60.642 1109.6
Middle: 38.2005 40.5436 1133.84
Ring: 18.694 65.8843 1100.77
Little: 67.6177 109.338 1040.9
Thumb: 49.8054 171.244 1186.52
Index: 27.679 59.6564 1115.5
Middle: 38.0328 39.4253 1135.46
Ring: 18.4178 64.6387 1104.54
Little: 66.7802 110.468 1043.23
Thumb: 49.5795 173.153 1184.08
Index: 26.4104 63.2009 1114.02
Middle: 37.8506 40.0308 1135.02
Ring: 23.1995 55.8249 1112.61
Little: 65.7803 111.536 1042.65
Thumb: 49.0555 168.71 1177.94
Index: 26.2297 66.1951 1113.12
Middle: 39.0151 41.9932 1135.99
Ring: 21.878 59.7889 1112.11
Little: 66.7892 115.444 1042.79
Thumb: 47.6092 166.937 1177.17
Index: 26.6398 64.7242 1112.89
Middle: 36.4816 41.8844 1135.39
Ring: 21.0955 58.9429 1111.3
Little: 65.6439 112.751 1043.48
Thumb: 43.6623 165.094 1185.71
Index: 21.6653 63.5617 1113.04
Middle: 31.9723 38.8041 1135.96
Ring: 18.6113 56.171 1113.04
Little: 66.1052 112.419 1047.41
Thumb: 39.6876 165.93 1181.59
Index: 16.382 63.297 1111.06
Middle: 27.0663 37.9366 1131.21
Ring: 13.4663 56.8614 1109.91
Little: 67.0762 108.602 1044.51
Thumb: 37.2898 160.561 1176.47
Index: 15.5795 64.7438 1112.93
Middle: 26.7646 38.2943 1132.87
Ring: 12.1162 58.7126 1110.7
Little: 66.6391 109.089 1045.47
Thumb: 33.1376 159.978 1173.52
Index: 15.1309 65.7803 1111.54
Middle: 24.6213 39.203 1132.16
Ring: 10.9911 59.1911 1110.13
Little: 64.2746 106.695 1046.6
Thumb: 30.0944 159.398 1171.97
Index: 14.0332 64.6823 1111.72
Middle: 23.1281 38.3609 1133.56
Ring: 8.71709 59.4617 1109.12
Little: 65.2163 106.342 1046.15
Thumb: 25.2784 154.554 1168.09
Index: 10.6697 65.9093 1112.07
Middle: 19.6654 40.4348 1139.35
Ring: 6.14797 59.3852 1109.33
Little: 61.3961 107.663 1044.77
Thumb: 19.6967 152.258 1170.31
Index: 10.9193 64.5134 1113.83
Middle: 18.086 39.7386 1140.42
Ring: 6.41197 58.7633 1108.77
Little: 62.3843 103.335 1051.76
Thumb: 11.0655 144.273 1164.63
Index: 9.46751 61.7981 1116.19
Middle: 15.0747 37.41 1142.95
Ring: 6.19843 57.8859 1107.02
Little: 64.9301 103.861 1057.22
Thumb: 9.6999 143.323 1160.67
Index: 10.5388 54.5715 1115.92
Middle: 14.0354 36.8923 1142.59
Ring: 13.9419 51.2927 1113.32
Little: 64.5262 103.558 1054.06
Thumb: 8.64055 143.959 1155.5
Index: 11.2739 52.0755 1115.5
Middle: 3.55484 42.1575 1138.66
Ring: 15.0151 47.2566 1117.44
Little: 65.809 100.681 1055.29
Thumb: 6.45274 141.195 1151.56
Index: 12.7816 46.7479 1112.85
Middle: 1.17927 44.0701 1133.22
Ring: 16.2454 44.405 1112.92
Little: 65.0183 101.79 1051.71
Thumb: 5.49713 139.16 1150.18
Index: 9.41355 48.1625 1108.44
Middle: -1.22311 44.1809 1129.47
Ring: 14.4976 43.4077 1110.8
Little: 62.9613 102.614 1049.22
Thumb: 4.01997 136.834 1148.19
Index: 18.3051 39.4423 1110.85
Middle: -4.20081 44.22 1126.17
Ring: 11.7553 42.0809 1108.91
Little: 59.9082 101.243 1047.49
Thumb: 4.05862 136.692 1143.64
Index: 17.5692 39.3303 1107.3
Middle: -6.34655 46.2493 1120.88
Ring: 10.1484 42.197 1105.91
Little: 58.23 99.8466 1043.91
Thumb: 1.13389 135.238 1138.66
Index: 10.3698 40.9512 1111.31
Middle: -9.33687 48.2634 1126.61
Ring: 4.39411 43.5955 1109.4
Little: 52.0762 97.2941 1044.57
Thumb: -3.11356 132.158 1137.2
Index: 1.96427 41.0332 1113.44
Middle: -16.0746 49.6994 1126.53
Ring: -2.69723 42.7795 1110.57
Little: 46.8899 94.1236 1046.48
Thumb: -4.67541 136.051 1133.27
Index: 0.123152 43.3469 1116.53
Middle: -21.5096 55.7146 1126.22
Ring: -6.27406 46.0662 1113.96
Little: 51.5413 93.928 1048.09
Thumb: -4.28511 133.632 1130.56
Index: -6.75339 41.6333 1120.91
Middle: -24.6276 62.8037 1123.68
Ring: -14.8908 46.7227 1115.03
Little: 43.9388 89.4681 1048.52
Thumb: -2.87025 134.855 1128.43
Index: -9.69733 45.1101 1135.84
Middle: -26.5969 75.7292 1115.6
Ring: -17.938 52.0935 1118.16
Little: 43.4248 87.7476 1049.47
Thumb: -7.53847 135.097 1128.87
Index: -15.6546 46.0283 1140.26
Middle: -30.1347 76.742 1117.39
Ring: -25.4601 52.9536 1117.79
Little: 38.7957 87.7198 1048.65
Thumb: -11.1867 133.346 1127.88
Index: -31.7059 48.2307 1130.29
Middle: -25.7116 83.337 1110.41
Ring: -28.768 52.5105 1116.57
Little: 36.0019 86.5424 1049.11
Thumb: -13.7857 132.464 1128.8
Index: -31.1091 45.2954 1127.07
Middle: -26.7047 82.3722 1108.66
Ring: -33.1231 56.0218 1107.62
Little: 32.8797 85.2778 1048.29
Thumb: -15.4008 134.34 1124.37
Index: -53.0487 63.702 1123.05
Middle: -44.0645 84.07 1110.78
Ring: -43.1793 62.007 1107.7
Little: 27.7469 81.76 1050.42
Thumb: -17.619 133.403 1122.67
Index: -56.1159 61.8023 1121.69
Middle: -46.4561 83.7367 1110.67
Ring: -44.5856 61.9161 1108.35
Little: 25.901 82.9353 1048.24
Thumb: -19.9664 133.461 1125.29
Index: -60.8088 65.0446 1125.57
Middle: -47.1423 82.5333 1111.88
Ring: -44.79 61.8522 1108.87
Little: 25.785 84.4876 1050.64
Thumb: -23.1644 134.461 1126.16
Index: -62.5839 64.3557 1119.04
Middle: -48.8844 81.1656 1113.74
Ring: -46.2828 61.2344 1108.17
Little: 24.8017 83.1637 1050.79
Thumb: -25.0897 133.247 1124.63
Index: -69.3188 66.7097 1120.57
Middle: -49.3917 79.7082 1109.86
Ring: -46.3748 59.8885 1105.02
Little: 24.6205 82.7674 1050.28
Thumb: -26.2589 131.552 1125.08
Index: -67.3208 59.7685 1128.7
Middle: -51.612 78.5457 1111.78
Ring: -47.2869 59.9565 1103.88
Little: 22.6626 83.1043 1049.82
Thumb: -27.7085 132.03 1123.21
Index: -69.4578 62.6226 1122.83
Middle: -53.9039 76.212 1108.21
Ring: -47.5859 57.1616 1104.66
Little: 21.1211 83.405 1047.75
Thumb: -30.3773 131.424 1132.56
Index: -68.4917 58.0209 1122.02
Middle: -50.2868 73.4294 1110.43
Ring: -45.41 56.5796 1100.1
Little: 19.275 84.2659 1045.85
Thumb: -33.6821 135.443 1139.8
Index: -46.824 45.2132 1108.73
Middle: -43.8601 69.9725 1108.78
Ring: -38.7369 58.1655 1092.49
Little: 21.2709 89.9621 1043.29
Thumb: -33.968 137.212 1133.99
Index: -40.1623 53.7171 1100.66
Middle: -38.8927 74.4459 1101.16
Ring: -35.8606 58.1168 1088
Little: 3.6934 100.221 1016.28
Thumb: -10.132 110.631 1126.13
Index: -25.0731 39.0526 1108.69
Middle: -37.8614 74.8693 1090.47
Ring: -34.7987 58.4014 1083.76
Little: 1.04758 97.2492 1020.11
Thumb: -34.6955 142.102 1135.54
Index: -25.1514 38.4452 1109.12
Middle: -33.0491 66.371 1094.67
Ring: -34.744 56.2927 1085.37
Little: 7.31289 100.177 1017.48
Thumb: -35.0856 146.382 1136.81
Index: -13.752 32.1555 1113.22
Middle: -32.9825 62.9277 1092.35
Ring: -34.9423 54.7732 1086.53
Little: 6.45022 99.3756 1014.82
Thumb: -35.7284 149.455 1139.79
Index: -13.8772 29.1785 1116.31
Middle: -30.4599 59.4914 1090.43
Ring: -35.1907 51.9836 1083.69
Little: 3.27922 96.9157 1011.57
Thumb: -37.1176 153.383 1141.91
Index: -13.6389 28.41 1102.77
Middle: -33.056 57.2218 1084.03
Ring: -34.6522 49.7356 1079.32
Little: -2.91428 96.4826 1006.75
Thumb: -39.1549 156.109 1141.67
Index: -28.5635 36.5782 1093.48
Middle: -30.7438 43.9552 1088.15
Ring: -31.7477 47.5391 1079.28
Little: -0.917556 94.9861 1006.4
Thumb: -39.2687 157.539 1142.73
Index: -32.2559 43.0474 1089.37
Middle: -28.6583 53.1498 1083.04
Ring: -30.1121 47.9464 1077.88
Little: -4.60177 95.3681 1005.68
Thumb: -41.3296 159.207 1141.57
Index: -28.4091 41.5048 1090.35
Middle: -26.026 51.5662 1084.21
Ring: -23.8985 42.3889 1073.68
Little: -2.23105 94.2978 1006.74
Thumb: -51.3472 157.183 1143.29
Index: -21.364 42.1757 1090.61
Middle: -17.7168 54.7072 1080.96
Ring: -12.9794 35.9441 1075.27
Little: 1.00092 96.8409 1011.48
Thumb: -58.3429 157.05 1140.71
Index: -16.6963 39.4192 1089.34
Middle: -19.7897 56.1224 1084.55
Ring: -8.4997 31.3889 1081.08
Little: 8.27735 97.0193 1012.06
Thumb: -65.1243 159.445 1136.52
Index: 7.3314 30.5075 1104.23
Middle: -13.8606 35.3322 1083.74
Ring: -0.341019 29.5933 1086.51
Little: 17.7492 90.0447 1015.32
Thumb: -69.6473 163.1 1116.78
Index: 4.91597 30.396 1109.75
Middle: -11.6745 29.26 1085.91
Ring: 3.97705 26.2196 1091.27
Little: 34.6663 81.4256 1021.9
Thumb: -79.8018 166.637 1116.71
Index: 9.31005 28.4417 1111.97
Middle: -10.3727 23.9874 1092.67
Ring: 6.21705 25.1399 1092.49
Little: 43.3194 81.5717 1027.32
Thumb: -84.6623 167.259 1107.17
Index: -1.10631 29.4547 1102.45
Middle: -14.0633 21.044 1096.8
Ring: 8.87404 21.8672 1093.45
Little: 40.4455 82.2997 1030.35
Thumb: -89.9969 167.589 1101.8
Index: -2.17365 29.2051 1105.83
Middle: -12.0666 19.7076 1097.74
Ring: 11.1677 20.8751 1097.29
Little: 44.0622 82.6101 1036.45
Thumb: -88.2933 167.513 1095.42
Index: -0.436754 28.8103 1110.88
Middle: -9.92897 19.3844 1099.16
Ring: 13.1735 20.9897 1099.59
Little: 50.0614 82.2223 1040.97
Thumb: -86.4319 160.39 1095.71
Index: 1.71167 30.4541 1110.09
Middle: -5.74603 18.9616 1101.59
Ring: 16.4432 22.7271 1100.88
Little: 52.0761 85.9893 1041.94
Thumb: -88.0209 157.216 1088.65
Index: -8.42194 38.1218 1100.35
Middle: -9.59172 15.7973 1098.73
Ring: 13.7022 18.7021 1102.02
Little: 49.901 83.5977 1043.81
Thumb: -80.3367 152.453 1084.8
Index: -8.33258 32.7798 1099.63
Middle: -13.2405 14.4202 1102.05
Ring: 10.1475 17.8607 1102.36
Little: 52.5473 80.5898 1044.54
Thumb: -78.39 146.624 1080.1
Index: -9.76417 30.3661 1099.57
Middle: -16.0103 13.3246 1095.05
Ring: 7.74284 15.7298 1099.47
Little: 52.9841 78.9405 1044.7
Thumb: -79.6016 141.133 1084.65
Index: -13.3506 28.3823 1096.17
Middle: -19.7698 9.46408 1093.03
Ring: 10.6202 47.9915 1067.78
Little: 49.2509 76.4861 1041.45
Thumb: -68.7309 133.799 1064.2
Index: -12.7345 23.2458 1092.81
Middle: -19.7857 8.59984 1083.36
Ring: 10.8891 44.6567 1063.47
Little: 52.8232 77.6698 1038.9
Thumb: -70.9328 124.448 1057.1
Index: -13.7645 15.4297 1090.65
Middle: -18.7727 15.548 1061.13
Ring: 16.053 58.2809 1075.89
Little: 50.8771 71.1525 1037.74
Thumb: -63.2922 120.246 1042.18
Index: -13.3926 10.6648 1088.13
Middle: -18.7923 13.6641 1054.65
Ring: 15.7355 57.3032 1072.04
Little: 51.0698 72.0138 1033.71
Thumb: -41.6706 119.485 1022.91
Index: -37.1669 68.4123 1045.01
Middle: -19.7355 17.3098 1047.62
Ring: 14.0073 65.2266 1062.6
Little: 49.8014 73.289 1033.51
Thumb: -40.6472 120.473 1022.36
Index: -38.0631 66.7684 1041.78
Middle: -18.682 19.08 1049.27
Ring: 19.556 81.6957 1059.61
Little: 49.1085 73.3839 1033.44
Thumb: -39.4126 119.081 1020.77
Index: -41.1756 66.3372 1041.59
Middle: -22.5504 22.2548 1044.46
Ring: 15.7595 78.3378 1058.04
Little: 43.7184 70.1207 1030.35
Thumb: -38.4319 115.785 1018.65
Index: -43.7556 68.302 1039.23
Middle: -22.6183 21.4543 1040.78
Ring: 10.9823 76.1781 1055.07
Little: 37.9497 67.9379 1026.23
Thumb: -38.6287 112.083 1020.93
Index: -45.3573 71.5412 1040.39
Middle: -17.2924 52.5225 1051.94
Ring: 9.39972 76.2795 1055.76
Little: 37.727 70.9899 1025.18
Thumb: -36.9662 113.303 1019.29
Index: -49.5882 64.5964 1035.26
Middle: -19.1668 54.2776 1045.12
Ring: 7.54758 80.817 1047.9
Little: 33.2749 72.0208 1022.08
Thumb: -38.3995 111.171 1016.01
Index: -51.8798 73.0435 1028.88
Middle: -22.5197 50.989 1039.39
Ring: 5.21061 79.3111 1044.32
Little: 33.3898 75.3553 1017.14
Thumb: -39.3034 107.9 1015.27
Index: -49.8096 75.6471 1027.83
Middle: -18.6599 55.9993 1049.14
Ring: 5.0678 76.1 1053.2
Little: 34.8314 74.7428 1020.04
Thumb: -37.7224 106.156 1012.41
Index: -49.6278 77.5823 1024.35
Middle: -19.5561 56.1761 1047.19
Ring: 4.33119 68.994 1053.39
Little: 34.9715 74.1666 1018.37
Thumb: -40.347 106.316 1012.72
Index: -53.3642 77.8748 1023.69
Middle: -21.7202 56.9084 1046.32
Ring: 2.34727 61.1127 1055.34
Little: 31.2097 76.5236 1014.23
Thumb: -42.1364 106.092 1011.21
Index: -54.9977 76.9269 1021.37
Middle: -22.8716 57.6648 1044.93
Ring: 1.34279 61.625 1053.76
Little: 30.0552 77.2202 1012.49
Thumb: -43.0697 108.134 1010.01
Index: -57.5367 77.199 1020.23
Middle: -25.6571 57.5938 1042.75
Ring: -1.17014 63.2237 1051.79
Little: 27.4796 77.8564 1009.79
Thumb: -41.2403 106.594 1011.23
Index: -57.8407 79.3707 1019.15
Middle: -25.6368 58.2434 1041.44
Ring: -1.36958 62.5435 1050.48
Little: 25.0808 75.3935 1007.8
Thumb: -40.3887 105.555 1010.68
Index: -57.6266 79.5111 1017.86
Middle: -25.5734 59.0559 1039.93
Ring: -1.48738 62.475 1050.11
Little: 25.5439 75.7488 1007.71
Thumb: -41.0136 106.177 1008.22
Index: -56.9422 78.3915 1016.21
Middle: -23.9231 59.3963 1039.63
Ring: 0.0124388 63.1831 1048.15
Little: 26.8166 78.8378 1006.21
Thumb: -41.3311 105.908 1006.42
Index: -56.0486 78.2324 1015.31
Middle: -23.9809 58.4726 1039.98
Ring: -0.786748 63.4614 1048.25
Little: 28.3565 78.7927 1006.3
Thumb: -47.4684 101.729 1004.27
Index: -55.0483 75.9863 1015.56
Middle: -23.7753 58.4984 1043.09
Ring: -1.21327 62.4683 1050.96
Little: 30.0834 75.8717 1009.62
Thumb: -51.5055 103.167 1007.17
Index: -55.6987 74.5427 1015.16
Middle: -24.7126 57.4405 1042.5
Ring: -1.98227 62.3672 1052.82
Little: 29.9483 76.8079 1011.06
Thumb: -52.5662 103.908 1009.15
Index: -57.8987 75.5021 1016.5
Middle: -27.0664 57.4868 1045.43
Ring: -3.36949 61.4473 1056.6
Little: 28.1272 74.9817 1014.74
Thumb: -62.4759 107.642 1018.13
Index: -60.6683 72.045 1023.18
Middle: -28.1578 58.3314 1048.97
Ring: -5.5326 59.1582 1054.47
Little: 24.1866 72.1414 1018.67
Thumb: -72.1108 112.607 1029.7
Index: -63.9447 72.182 1034.48
Middle: -30.8484 55.5147 1058.43
Ring: -9.31044 53.8059 1057.98
Little: 21.3216 72.8424 1025.51
Thumb: -75.2394 116.679 1036.8
Index: -68.4689 50.9382 1052.57
Middle: -32.178 55.5684 1077.82
Ring: -13.0557 51.7088 1067.21
Little: 18.9502 69.9624 1036.09
Thumb: -69.9513 114.726 1049.14
Index: -61.0787 60.7863 1056.55
Middle: -42.2734 44.3103 1085.59
Ring: -19.0585 54.2615 1076.43
Little: 15.8372 68.5213 1044.39
Thumb: -63.1522 128.024 1047.43
Index: -64.8706 53.4558 1073.66
Middle: -51.6326 42.3196 1094.03
Ring: -28.5889 49.0166 1086.39
Little: 11.3863 71.7776 1046.94
Thumb: -73.3713 126.871 1068.72
Index: -70.457 66.6158 1094.58
Middle: -57.3171 41.3383 1122.48
Ring: -37.0535 44.7459 1103.35
Little: 0.418497 68.2083 1054.84
Thumb: -73.8936 129.139 1086.09
Index: -46.44 42.0156 1153.71
Middle: -53.0174 43.1603 1142.46
Ring: -42.2724 43.3139 1119.75
Little: -9.1529 71.9116 1063.09
Thumb: -73.0458 139.371 1092.85
Index: -43.3728 46.4642 1155.27
Middle: -47.4651 45.2276 1146.03
Ring: -38.1484 37.1239 1136.08
Little: 16.2577 81.4289 1072.07
Thumb: -69.0343 144.519 1090.24
Index: -33.8076 52.4802 1164.41
Middle: -38.4259 50.9389 1154.4
Ring: -31.1579 41.2707 1146.59
Little: 23.0984 87.0714 1079.02
Thumb: -66.7521 149.679 1097.1
Index: -25.7808 55.2386 1170.54
Middle: -36.7744 54.6979 1161.27
Ring: -24.401 43.553 1160.82
Little: 25.5529 87.9652 1079.09
Thumb: -66.6308 152.499 1109
Index: -20.626 54.9734 1169.74
Middle: -31.305 54.7839 1157.77
Ring: -18.229 44.3745 1164.55
Little: 28.3782 90.3943 1079.25
Thumb: -63.371 154.463 1121.39
Index: -15.6314 57.072 1169.39
Middle: -26.3618 57.4216 1158.04
Ring: -14.183 46.4596 1165.12
Little: 19.1641 85.1213 1075.61
Thumb: -58.291 157.196 1117.32
Index: -10.4504 56.5756 1166.92
Middle: -22.4287 57.944 1154.41
Ring: -6.3385 46.7791 1166.77
Little: 25.6052 87.0836 1071.25
Thumb: -56.2855 159.494 1133.79
Index: -11.7993 57.1866 1164.28
Middle: -19.1157 55.875 1153.28
Ring: -1.93564 45.0318 1162.83
Little: 35.043 91.1225 1070.45
Thumb: -53.5923 156.389 1132.22
Index: -12.647 59.9265 1154.71
Middle: -14.6611 53.2336 1153.99
Ring: 0.463592 43.8322 1156.99
Little: 40.5807 93.0899 1067.42
Thumb: -53.5319 151.162 1129.22
Index: 1.41431 51.5469 1145.9
Middle: -6.05329 50.7238 1144.88
Ring: 9.41494 38.4905 1150.4
Little: 46.543 94.9919 1062.53
Thumb: -47.3715 142.353 1130
Index: 8.12921 47.4029 1139.84
Middle: -0.177199 43.466 1141.04
Ring: 19.5116 31.6012 1138.4
Little: 45.4608 95.2242 1054.71
Thumb: -41.5654 141.849 1143.37
Index: 15.5595 41.1985 1139.44
Middle: 8.8692 41.7086 1130.97
Ring: 26.926 30.1997 1134.47
Little: 49.0664 98.4306 1050.11
Thumb: -39.2718 132.176 1138.02
Index: -1.33812 42.8226 1132.34
Middle: 12.4143 38.9527 1126.68
Ring: 32.0887 26.176 1132.81
Little: 51.3175 92.9508 1050.29
Thumb: -33.9968 129.621 1138.27
Index: 12.345 33.6514 1143.55
Middle: 12.4661 37.7668 1128.42
Ring: 22.8163 25.2956 1126.26
Little: 53.2836 92.1656 1046.95
Thumb: -29.8522 126.242 1139.14
Index: 8.23444 32.0491 1139.7
Middle: 7.34409 37.8297 1126.52
Ring: 14.1871 25.3199 1117.94
Little: 51.4284 90.5486 1043.92
Thumb: -23.5286 124.623 1134.26
Index: 10.5646 36.5544 1154.42
Middle: 0.433311 44.5165 1136.46
Ring: 3.34261 31.0237 1121.14
Little: 40.4395 84.4174 1042.47
Thumb: -19.2265 124.756 1136.93
Index: 3.25697 44.8213 1161.55
Middle: -7.00716 52.43 1141.76
Ring: -2.41722 36.0736 1130.42
Little: 36.1177 82.6832 1045.61
Thumb: -19.5602 123.622 1133.95
Index: -1.98044 45.5553 1160.51
Middle: -9.32664 51.9634 1138.06
Ring: -4.17645 42.6213 1139.6
Little: 38.3437 81.4303 1043.62
Thumb: -16.8467 119.608 1128.07
Index: -11.5208 55.5331 1146.56
Middle: -18.2287 63.7428 1139.98
Ring: -7.65482 46.4051 1135.29
Little: 37.3561 82.6469 1043.42
Thumb: -15.7451 119.478 1129.67
Index: -9.94541 54.2133 1146.19
Middle: -15.3977 62.2286 1144.14
Ring: -8.5146 46.0291 1133.75
Little: 48.7078 83.5329 1046.84
Thumb: -13.222 120.549 1131.52
Index: -8.11498 54.6038 1147.62
Middle: -14.7112 63.9325 1146.16
Ring: -10.1158 48.3438 1132.38
Little: 56.0327 82.0367 1056.22
Thumb: -12.6819 121.179 1131.37
Index: -1.47561 53.0817 1138.67
Middle: -17.523 64.2579 1148.64
Ring: -11.2421 50.1647 1134.88
Little: 52.7498 81.2135 1052.48
Thumb: -12.5037 120.29 1131.48
Index: -3.59753 54.8346 1140.84
Middle: -19.7634 66.5086 1151.68
Ring: -13.0227 52.1208 1137.75
Little: 49.8075 80.9981 1053.91
Thumb: -12.4047 119.604 1130.22
Index: -5.84872 56.7188 1142.17
Middle: -22.113 68.0677 1151.22
Ring: -10.9969 53.1353 1142.28
Little: 50.7803 80.4007 1054.97
Thumb: -15.5794 119.772 1130.55
Index: -9.56263 56.7097 1140.73
Middle: -26.1579 68.8143 1150.77
Ring: -13.8013 53.7943 1142.85
Little: 46.8531 80.3656 1054.19
Thumb: -16.487 119.014 1131.76
Index: -11.2755 57.0251 1141.4
Middle: -28.2323 69.3733 1151.87
Ring: -16.095 53.9983 1144.54
Little: 45.3102 80.7481 1055.85
Thumb: -18.5748 119.327 1129.39
Index: -48.6285 118.875 1090.33
Middle: -31.83 73.3557 1140.03
Ring: -17.6741 54.0667 1143.37
Little: 42.0394 82.4255 1051.8
Thumb: -18.8266 119.89 1131.85
Index: -49.7761 117.486 1090.95
Middle: -30.5483 75.7284 1135.47
Ring: -17.8147 54.6353 1141.72
Little: 40.8006 82.5631 1051.17
Thumb: -19.2646 118.28 1131.52
Index: -50.7091 116.739 1092.13
Middle: -28.655 74.9175 1134.58
Ring: -17.9097 53.3823 1141.77
Little: 40.2459 82.0291 1051.1
Thumb: -19.2098 118.686 1133.41
Index: -51.4047 117.357 1093.67
Middle: -28.7952 74.9232 1135.58
Ring: -18.343 53.4895 1143.69
Little: 41.3993 81.1593 1055.01
Thumb: -18.8177 118.846 1133.29
Index: -51.2406 114.992 1093.44
Middle: -28.8019 74.7854 1135.91
Ring: -18.1635 54.1215 1143.75
Little: 43.034 79.7023 1057.97
Thumb: -18.2315 119.348 1134.34
Index: -58.8202 106.882 1097.09
Middle: -29.0915 74.5017 1137.28
Ring: -18.0552 54.6085 1143.64
Little: 42.5041 79.4568 1058
Thumb: -18.9336 118.114 1134.6
Index: -60.8427 104.247 1098.16
Middle: -30.444 74.0362 1137.4
Ring: -19.6053 53.4998 1141.84
Little: 42.6096 79.2702 1058.4
Thumb: -18.9589 120.464 1135.49
Index: -61.1712 104.93 1098.83
Middle: -29.7591 75.6271 1136.24
Ring: -21.1809 53.7664 1140.68
Little: 41.4829 78.7057 1056.71
Thumb: -20.6045 123.442 1136.31
Index: -58.7656 114.518 1093.89
Middle: -30.566 77.4871 1135.82
Ring: -22.5801 55.6133 1141.25
Little: 40.2411 80.728 1057.02
Thumb: -21.8336 125.712 1136.76
Index: -60.8292 115.306 1094.51
Middle: -32.5929 80.0939 1137.35
Ring: -23.7578 57.9551 1145.29
Little: 37.8619 81.2613 1056.63
Thumb: -20.6954 131.147 1145.52
Index: -42.2104 128.735 1093.68
Middle: -33.7103 78.4031 1135.26
Ring: -23.1731 55.688 1143.68
Little: 37.4993 82.8111 1054.93
Thumb: -20.7194 135.172 1150.69
Index: -39.8822 134.301 1088.81
Middle: -30.501 74.9079 1137.29
Ring: -18.8858 52.9672 1143.4
Little: 38.8262 84.5433 1054.38
Thumb: -18.3924 136.833 1155.28
Index: -42.3884 132.103 1086
Middle: -27.5957 74.2928 1134.5
Ring: -14.3407 48.8903 1146.73
Little: 28.4861 88.4317 1038.18
Thumb: -13.4251 139.227 1156.91
Index: -46.3801 130.541 1084.19
Middle: -24.8903 77.372 1130.08
Ring: -11.3141 49.919 1144.62
Little: 26.7826 91.611 1034.51
Thumb: -5.4277 144.616 1165.73
Index: -41.2256 131.946 1088.3
Middle: -17.7424 59.4633 1133.28
Ring: -2.70801 42.1217 1138.22
Little: 20.1794 92.0457 1028.55
Thumb: -0.0974102 144.458 1168.24
Index: -13.4095 50.2055 1157.73
Middle: -14.7411 56.3561 1131.02
Ring: 2.78264 39.3479 1136.13
Little: 21.6627 93.095 1026.04
Thumb: 8.2687 146.935 1169.13
Index: -4.03999 46.1064 1156.19
Middle: -9.39031 52.0826 1125.69
Ring: 6.84694 38.2157 1131.64
Little: 19.7448 93.371 1021.61
Thumb: 12.5483 145.531 1172.64
Index: 1.39818 44.1288 1158.52
Middle: -6.2618 52.0999 1131.02
Ring: 11.8879 36.7607 1134.54
Little: 17.6193 93.5494 1024.34
Thumb: 18.4681 146.636 1174.46
Index: 7.90799 38.5476 1139.98
Middle: -5.78487 45.8215 1142.47
Ring: 14.1971 36.5453 1129.86
Little: 21.5981 98.8863 1021.77
Thumb: 23.3805 138.167 1174.41
Index: 13.2386 36.999 1133.23
Middle: -0.0278072 42.0562 1145.4
Ring: 23.177 36.1309 1132.96
Little: 23.935 101.694 1022.41
Thumb: 32.1644 138.057 1177.33
Index: 16.8862 33.5968 1131.07
Middle: 4.96536 37.0343 1147.3
Ring: 24.4545 32.3601 1130.94
Little: 22.3364 100.844 1022.2
Thumb: 35.2417 137.291 1168.23
Index: 18.1497 34.5349 1127.88
Middle: 12.0168 28.044 1132.76
Ring: 23.8354 33.6866 1126.08
Little: 20.4207 96.5794 1016.82
Thumb: 47.0843 212.346 1164.47
Index: 25.9585 36.5537 1117.3
Middle: 15.4109 30.2946 1120.29
Ring: 25.6574 37.1464 1115.25
Little: 28.5483 104.656 1008.35
Thumb: 54.616 220.914 1154.15
Index: 13.3677 47.8745 1110.99
Middle: 2.72511 41.1459 1109.25
Ring: 16.1875 47.1966 1109.25
Little: 33.8361 108.274 1002.41
Thumb: 61.418 231.73 1142.02
Index: 6.8007 45.4515 1100.65
Middle: -9.84587 41.7201 1105.21
Ring: -1.61924 50.0389 1102.68
Little: 29.4622 103.005 1000.35
Thumb: 62.6061 228.851 1136.28
Index: 0.795351 49.6951 1093.27
Middle: -13.4934 42.5027 1100.79
Ring: -0.580776 47.4855 1099.63
Little: 28.4762 100.002 995.484
Thumb: 75.1947 226.927 1135.36
Index: 8.13249 49.545 1098.43
Middle: -7.42642 43.3102 1106.22
Ring: 4.78879 49.2216 1103.54
Little: 31.8217 101.601 997.043
Thumb: 81.9093 234.873 1128.26
Index: 13.6165 48.5954 1100.21
Middle: -3.97612 43.309 1106.92
Ring: 5.10349 51.4402 1101.59
Little: 31.8105 101.224 996.995
Thumb: 82.6022 232.837 1133.26
Index: 14.0357 50.3456 1097.56
Middle: -1.79865 42.7404 1104.49
Ring: 6.85302 51.3251 1099.83
Little: 36.1422 105.028 997.373
Thumb: 147.304 146.587 1169.01
Index: 40.964 35.0929 1123.26
Middle: 40.432 13.1969 1122.83
Ring: 14.3179 45.3878 1113.47
Little: 3.55838 124.488 1061.82
Thumb: 149.055 136.572 1191.12
Index: 32.4856 45.6244 1145.4
Middle: 36.9612 8.44131 1130.71
Ring: 20.9239 55.5676 1135.17
Little: 22.8244 81.0238 1084.8
Thumb: 97.2358 155.426 1217.16
Index: 27.8004 42.4798 1138.34
Middle: 27.5113 9.28078 1121.71
Ring: 13.8056 58.9966 1134.63
Little: 9.4024 55.329 1098.79
Thumb: 119.364 137.839 1207.74
Index: 36.4743 76.1306 1156.9
Middle: 9.45038 15.0046 1114.82
Ring: 9.06647 66.414 1133.78
Little: 1.77056 55.6042 1094.58
Thumb: 126.507 116.119 1194.04
Index: 61.1784 96.471 1162.26
Middle: -0.27476 20.4224 1106.92
Ring: 11.2962 70.7285 1132.22
Little: -3.48424 58.963 1096.17
Thumb: 133.751 113.372 1189.9
Index: 59.0741 96.4582 1166.29
Middle: -5.32309 21.9102 1103.07
Ring: 8.00649 70.2275 1130.3
Little: -8.54276 62.0091 1096
Thumb: 141.572 113.556 1183.23
Index: 45.4217 88.9934 1177.05
Middle: -6.1404 21.3294 1100.49
Ring: 8.89643 75.8084 1130.33
Little: -7.36576 58.6633 1095.03
Thumb: 134.564 106.821 1180.1
Index: 56.7885 96.3313 1173.86
Middle: -3.02579 18.8019 1095.04
Ring: 9.40971 76.3504 1129.14
Little: -7.83613 59.1815 1095.42
Thumb: 134.984 101.535 1171.93
Index: 59.5611 93.7439 1169.94
Middle: -2.79421 18.7336 1095.65
Ring: 7.84943 110.081 1135.12
Little: -9.14847 60.5487 1097.92
Thumb: 137.039 101.179 1168.48
Index: 59.9256 92.4085 1169.59
Middle: -3.41771 18.4049 1090.84
Ring: 11.8793 72.9899 1126.11
Little: -7.16058 59.01 1091.67
Thumb: 142.308 102.737 1158.09
Index: 62.6413 90.0818 1166.91
Middle: -1.46897 19.2266 1089.47
Ring: 18.5049 82.1059 1111.63
Little: -7.45654 61.1996 1093.19
Thumb: 149.34 106.362 1147.5
Index: 59.7621 90.2346 1165.29
Middle: -1.22191 16.4997 1088.06
Ring: 12.0941 74.7068 1121.27
Little: -10.1581 60.5932 1091.28
Thumb: 134.354 100.915 1128.14
Index: 64.3118 92.2567 1163.17
Middle: -3.24208 18.1351 1084.05
Ring: 7.4138 80.8902 1127.45
Little: -11.4404 61.4268 1091.56
Thumb: 129.73 104.027 1122.38
Index: 65.4238 89.0126 1159.45
Middle: -5.47975 16.8494 1084.06
Ring: 4.34685 68.2703 1130.08
Little: -10.7639 56.2438 1093.56
Thumb: 132.989 100.668 1117.86
Index: 59.3757 87.9921 1164.66
Middle: -2.1076 18.0444 1079.66
Ring: 15.1618 113.599 1126.34
Little: -13.2487 61.8872 1088.98
Thumb: 129.055 98.5929 1110.21
Index: 64.8841 89.3747 1156.2
Middle: -2.12437 19.8351 1080.65
Ring: 15.8355 112.593 1122.95
Little: -14.3994 63.8708 1085.47
Thumb: 129.778 97.8427 1105.71
Index: 64.6007 89.7878 1150.46
Middle: -4.04596 20.0574 1075.17
Ring: 12.9998 111.026 1119.33
Little: -16.4076 63.6335 1079.66
Thumb: 128.806 97.8879 1104.4
Index: 65.0381 90.7438 1148.59
Middle: -5.16323 18.9951 1073.11
Ring: 14.9412 114.752 1115.39
Little: -15.8802 60.8637 1076.55
Thumb: 130.453 100.325 1099.95
Index: 64.2541 93.6982 1147.2
Middle: -6.64693 19.5472 1072.51
Ring: 10.022 115.011 1119.13
Little: -16.3471 60.5494 1074.55
Thumb: 129.224 99.3001 1095.96
Index: 64.6416 92.163 1144.65
Middle: -7.39522 19.1659 1068.09
Ring: 9.86652 113.602 1112.32
Little: -15.5626 58.52 1068.3
Thumb: 128.209 99.177 1096.07
Index: 64.8376 92.454 1143.15
Middle: -8.18325 19.9327 1064.95
Ring: 9.48163 111.619 1106.15
Little: -16.1668 59.4196 1065.04
Thumb: 126.89 99.4373 1094.29
Index: 64.605 93.4372 1144.24
Middle: -8.36273 19.4022 1066.68
Ring: 9.65473 109.774 1102.59
Little: -16.1461 57.9061 1071.13
Thumb: 127.675 101.367 1095.91
Index: 64.9232 94.4962 1142.89
Middle: -8.81414 19.5743 1066.9
Ring: 9.64694 110.322 1100.85
Little: -16.5733 58.4211 1068.36
Thumb: 127.957 102.221 1092.82
Index: 65.7541 93.8551 1140.97
Middle: -9.04259 19.6764 1062.01
Ring: 9.66768 110.085 1099.54
Little: -16.1331 57.5664 1068.91
Thumb: 131.053 102.223 1095.05
Index: 62.1839 91.8878 1143.51
Middle: -8.22263 19.6982 1063.32
Ring: 9.79228 110.742 1099.04
Little: -15.9096 58.9375 1073.64
Thumb: 129.465 100.547 1096.67
Index: 61.0967 92.9834 1142.93
Middle: -8.43585 19.4322 1067.28
Ring: 8.18666 110.917 1101.26
Little: -16.6945 59.7891 1072.51
Thumb: 130.036 102.65 1101.47
Index: 59.0354 94.2565 1147.17
Middle: -7.50614 18.886 1073.04
Ring: 7.81839 112.454 1103.29
Little: -16.2704 59.8644 1075.94
Thumb: 129.024 99.622 1099.61
Index: 58.2807 91.1401 1147.83
Middle: -7.45163 19.7298 1071.56
Ring: 8.71845 99.8491 1104.17
Little: -16.2809 60.7239 1071.53
Thumb: 128.535 98.9472 1102.88
Index: 56.814 88.7539 1149.36
Middle: -7.29297 18.3734 1070.97
Ring: 8.01941 98.6433 1104.29
Little: -16.7336 59.6283 1071.73
Thumb: 128.039 98.7563 1106.18
Index: 60.4188 95.6678 1147.67
Middle: -7.1593 17.3392 1077.62
Ring: 6.58041 98.0708 1112.46
Little: -16.4708 57.7177 1072.05
Thumb: 128.156 99.1722 1108.54
Index: 61.4185 95.6544 1152.97
Middle: -3.148 17.1381 1082.27
Ring: 8.34535 110.1 1114.37
Little: -12.836 56.2692 1074.42
Thumb: 132.374 100.975 1113.42
Index: 59.9779 90.2022 1156.07
Middle: -2.69813 17.4353 1085.19
Ring: 10.6128 106.607 1114.53
Little: -12.1347 56.5218 1077.55
Thumb: 131.604 98.8035 1116.34
Index: 54.105 79.9958 1161.79
Middle: -3.58936 15.7407 1087
Ring: 10.6927 109.03 1117.46
Little: -11.3696 55.5433 1085.2
Thumb: 131.557 100.95 1116.59
Index: 61.4461 91.5161 1163.58
Middle: -2.46857 16.0034 1095.46
Ring: 10.8425 106.689 1113.54
Little: -9.994 51.7668 1083.03
Thumb: 133.072 102.519 1118.65
Index: 61.6703 90.8284 1167.86
Middle: -1.15705 16.766 1098.14
Ring: 11.4727 105.612 1119.83
Little: -8.34317 51.7343 1082.22
Thumb: 135.562 106.162 1122.25
Index: 62.532 91.9373 1171.14
Middle: -1.23643 15.7234 1100.99
Ring: 12.1951 105.934 1120.91
Little: -8.0477 51.4369 1086.49
Thumb: 133.133 102.485 1126.61
Index: 58.9892 90.8815 1176.54
Middle: -2.58012 13.785 1101.2
Ring: 10.5707 106.535 1122.12
Little: -8.12579 49.9689 1087.56
Thumb: 128.494 102.889 1138.56
Index: 54.6286 88.8372 1182.27
Middle: -1.88383 14.0629 1107.19
Ring: 11.1752 105.449 1122.89
Little: -9.69667 50.5632 1092.52
Thumb: 125.197 101.137 1158.61
Index: 41.6484 85.9473 1187.85
Middle: -1.72651 12.962 1101.22
Ring: 8.53335 107.835 1122.54
Little: -8.61133 52.5514 1088.08
Thumb: 123.339 100.242 1161.74
Index: 31.273 78.1268 1188.53
Middle: -0.746625 12.9842 1110.7
Ring: 9.12681 109.446 1125.37
Little: -8.92765 53.0824 1092.88
Thumb: 123.372 101.892 1160.48
Index: 47.3765 85.145 1194.8
Middle: -0.629581 12.321 1112.27
Ring: 11.8989 107.813 1132.14
Little: -10.8987 53.4488 1102.23
Thumb: 137.048 112.665 1143.96
Index: 59.3842 86.1321 1195.45
Middle: -0.375585 17.662 1119.03
Ring: 16.3088 108.156 1138.37
Little: -6.15159 54.8521 1108.46
Thumb: 131.659 110.301 1146.15
Index: 62.6118 91.3179 1197.72
Middle: -2.26567 15.8543 1111.96
Ring: 8.68337 103.596 1177.26
Little: -7.38798 52.1332 1115.62
Thumb: 115.749 105.588 1168.19
Index: 14.2505 30.5363 1138.33
Middle: -0.865295 18.622 1110.8
Ring: -4.35111 110.741 1171.01
Little: -8.10952 54.8071 1112.06
Thumb: 49.0346 92.3268 1201.94
Index: -14.7875 44.3521 1104.83
Middle: -25.6176 41.2971 1080.48
Ring: -36.2444 100.958 1130.19
Little: -24.1806 82.8562 1085.36
Thumb: 24.4453 118.327 1165.52
Index: -6.72604 49.5668 1116.7
Middle: -18.8966 43.4189 1073.59
Ring: -35.8718 101.095 1112.02
Little: -9.0382 93.0912 1082.14
Thumb: 33.4806 123.713 1168.02
Index: 0.268202 38.9015 1104.94
Middle: -13.8004 43.6998 1072.51
Ring: -30.7876 106.608 1108.9
Little: -5.44012 91.7489 1070.08
Thumb: 27.8905 120.253 1194.33
Index: 0.254083 41.9981 1108.88
Middle: -8.35716 44.1845 1074.66
Ring: -34.0969 105.636 1110.21
Little: -5.20914 93.0092 1068.96
Thumb: 11.3623 129.325 1189.83
Index: 0.717414 43.8375 1112.75
Middle: -3.77269 43.1015 1077.42
Ring: -28.0114 139.352 1113.3
Little: -0.854246 90.8893 1069.98
Thumb: 17.5918 163.985 1196.72
Index: -0.416583 44.4726 1111.83
Middle: -1.70119 41.0526 1075.84
Ring: -21.3648 147.865 1121.06
Little: -3.17892 93.3748 1065.11
Thumb: 28.9284 145.766 1094.97
Index: -0.458977 44.0519 1113.95
Middle: -2.46127 38.9682 1079.79
Ring: -22.385 146.71 1120.88
Little: -3.42791 91.0592 1066.43
Thumb: 31.8802 145.79 1093.94
Index: -8.67614 51.5009 1121.33
Middle: 3.69993 38.7389 1078.36
Ring: -16.5648 146.52 1125.26
Little: -1.20176 90.2672 1067.62
Thumb: 34.9657 168.106 1217.37
Index: 102.304 206.868 1150.41
Middle: 146.972 207.501 1096.8
Ring: 99.0269 145.552 1167.36
Little: 139.143 157.573 1081.6
Thumb: -16.6793 174.989 1229.51
Index: 76.2311 213.527 1151.79
Middle: 107.377 220.408 1104.24
Ring: 98.0546 157.231 1160.35
Little: 120.225 171.118 1095.2
Thumb: 8.33061 135.552 1235.2
Index: 44.6067 199.313 1162.39
Middle: 81.3195 228.23 1112.62
Ring: 89.9445 160.562 1163.37
Little: 107.998 174.457 1112.73
Thumb: 6.48512 131.423 1230.52
Index: 37.3351 201.678 1158.89
Middle: 76.3251 231.021 1114.11
Ring: 83.6751 163.048 1165.67
Little: 105.377 176.988 1117.42
Thumb: -16.8911 116.006 1221.01
Index: 24.0472 200.995 1157.68
Middle: 65.5116 234.716 1116.58
Ring: 74.6907 169.445 1169.78
Little: 101.782 189.621 1122.01
Thumb: -22.7968 110.497 1216.71
Index: 3.88511 189.029 1148.94
Middle: 45.5 208.944 1132.42
Ring: 66.1679 171.093 1172.94
Little: 91.0807 187.409 1122.83
Thumb: -33.1292 114 1211.16
Index: 0.608331 193.575 1143.84
Middle: 40.6818 209.568 1128.65
Ring: 60.76 175.879 1172.94
Little: 95.0043 199.635 1124.72
Thumb: -3.26798 118.225 1209.55
Index: -4.12007 196.366 1137.31
Middle: 38.1915 212.571 1128.21
Ring: 51.3932 178.279 1175.11
Little: 91.9672 201.362 1131.31
Thumb: -34.3509 145.409 1206.76
Index: -4.58854 201.543 1132.54
Middle: 37.2765 213.922 1128.93
Ring: 52.3041 186.783 1178.09
Little: 77.6456 178.307 1149.6
Thumb: -37.1264 147.999 1207.13
Index: -2.86833 203.903 1131.75
Middle: 40.2564 215.451 1128.6
Ring: 51.6671 184.493 1178.9
Little: 76.7933 174.666 1150.3
Thumb: -37.7946 142.189 1208.56
Index: -4.26431 199.479 1133.47
Middle: 38.9395 210.885 1124.26
Ring: 53.1768 184.504 1175.77
Little: 78.4466 176.291 1147.24
Thumb: -48.5125 119.747 1209.94
Index: -5.85906 198.305 1133.28
Middle: 36.1181 210.07 1125.9
Ring: 53.0033 185.172 1175.05
Little: 77.2642 177.584 1146.17
Thumb: -41.992 117.788 1212.24
Index: -5.54297 204.232 1128.76
Middle: 33.6223 211.083 1125.55
Ring: 49.0724 185.554 1176.91
Little: 74.0306 171.126 1149.22
Thumb: -33.0052 93.1842 1212.36
Index: -5.45954 202.806 1128.17
Middle: 34.7726 209.963 1124.48
Ring: 48.0861 184.041 1176.19
Little: 74.972 180.484 1147.6
Thumb: -35.959 101.612 1209.37
Index: -5.91166 208.06 1119.66
Middle: 31.74 211.995 1122.08
Ring: 42.191 187.814 1175.81
Little: 69.4255 173.501 1150.15
Thumb: -44.5609 151.164 1199.24
Index: -6.72302 203.221 1124.52
Middle: 29.7399 205.678 1117.96
Ring: 46.8285 186.158 1173.09
Little: 72.9653 175.699 1146.08
Thumb: -38.342 108.846 1210.89
Index: -7.31276 202.821 1124.55
Middle: 28.1052 204.958 1118.35
Ring: 46.0665 186.219 1173.55
Little: 72.4196 175.77 1146.72
Thumb: -46.8231 152.197 1195.96
Index: -5.6698 206.644 1119.3
Middle: 50.8509 239.003 1112.89
Ring: 43.459 186.709 1173.43
Little: 71.5856 181.053 1147.03
Thumb: -46.4073 114.28 1205.37
Index: -4.01895 208.863 1120.97
Middle: 56.7081 245.671 1107.1
Ring: 43.5248 184.967 1175.19
Little: 72.3629 179.018 1148.84
Thumb: -41.6641 161.359 1192.64
Index: -5.7287 208.529 1115.91
Middle: 54.7339 242.207 1109.37
Ring: 40.4467 187.423 1174.12
Little: 70.1091 180.368 1148.9
Thumb: -41.8352 125.206 1206.81
Index: -2.06391 208.259 1116.46
Middle: 57.0029 234.477 1112.96
Ring: 29.3103 168.434 1166.72
Little: 71.8336 175.833 1149.71
Thumb: -39.308 163.067 1192.93
Index: -5.59318 209.887 1116.87
Middle: 51.1086 239.123 1112.03
Ring: 39.7412 187.098 1174.7
Little: 72.2204 187.838 1147.11
Thumb: -41.6209 130.05 1205.08
Index: -7.2628 208.163 1117.55
Middle: 43.0827 230.404 1123.1
Ring: 38.4533 187.391 1175.19
Little: 70.0981 185.161 1149.24
Thumb: -42.9676 135.805 1201.28
Index: -11.8458 205.976 1121.4
Middle: 38.522 235.015 1126.03
Ring: 35.2957 186.479 1177.97
Little: 66.7345 186.449 1152.31
Thumb: -39.0695 115.95 1210.65
Index: -7.3963 206.132 1118.82
Middle: 45.5687 233.021 1116.43
Ring: 37.2134 186.368 1178.01
Little: 67.8402 178.328 1154.1
Thumb: -41.4894 124.622 1206.55
Index: -2.26731 209.995 1115.76
Middle: 53.5339 233.646 1113.74
Ring: 40.4839 186.612 1174.93
Little: 70.0935 175.615 1151.21
Thumb: -45.0185 126.352 1203.23
Index: -6.85589 207.488 1116.75
Middle: 34.4796 216.399 1121.14
Ring: 38.0749 186.799 1173.98
Little: 62.9084 164.058 1148.13
Thumb: -47.3415 136.69 1201.25
Index: -8.36484 205.834 1116.76
Middle: 42.9133 231.234 1114.87
Ring: 36.1526 186.362 1174.28
Little: 66.521 178.406 1150.11
Thumb: -34.9422 132.212 1209.51
Index: -9.89584 206.432 1117.49
Middle: 43.2366 240.638 1111.38
Ring: 41.6457 194.279 1173.02
Little: 67.8535 179.819 1147.71
Thumb: -37.0067 135.255 1201.55
Index: -11.2985 205.531 1117.03
Middle: 40.4008 240.862 1114
Ring: 36.2826 193.204 1175.24
Little: 65.4583 181.584 1151.44
Thumb: -38.6008 161.841 1194.92
Index: -6.85959 207.794 1119.86
Middle: 46.4442 236.686 1116.57
Ring: 43.5852 194.62 1175.35
Little: 70.0882 181.458 1150.91
Thumb: -36.6045 133.331 1206.83
Index: -5.07167 207.925 1119.63
Middle: 47.183 236.39 1116.05
Ring: 44.4254 195.077 1175.38
Little: 72.7729 184.951 1150.6
Thumb: -40.1593 136.295 1207.23
Index: -6.50186 211.033 1118.69
Middle: 46.3531 237.915 1114.41
Ring: 41.5374 197.877 1174.93
Little: 70.292 187.057 1150.75
Thumb: -36.0726 142.446 1204.08
Index: -2.65406 211.253 1119.87
Middle: 51.5221 238.964 1115.62
Ring: 44.6869 195.432 1175.68
Little: 72.7886 183.301 1151.03
Thumb: -37.3571 128.492 1206.25
Index: 4.83185 219.434 1120.87
Middle: 52.9957 239.476 1116.35
Ring: 48.2358 199.858 1172.15
Little: 76.3193 186.9 1147.34
Thumb: -28.9216 131.419 1205.43
Index: -0.564212 211.368 1122.06
Middle: 48.4832 242.889 1115.94
Ring: 47.572 197.178 1175.52
Little: 77.1069 190.483 1148.85
Thumb: -26.7738 164.496 1193.6
Index: 9.00788 212.702 1127.63
Middle: 65.168 244.303 1126.4
Ring: 56.7732 196.598 1177.87
Little: 85.5473 187.226 1151.42
Thumb: -20.1596 164.345 1195.04
Index: 13.9803 214.899 1133.4
Middle: 69.2245 248.305 1132.17
Ring: 61.1662 198.445 1180.91
Little: 91.5024 192.055 1154.02
