Thumb: 32.9554 91.7207 1121.92
Index: -64.5745 28.1944 1098.23
Middle: -101.42 40.8207 1097.63
Ring: -124.543 62.0639 1082.41
Little: -141.773 103.039 1080.87
Thumb: 33.1365 91.8353 1109.11
Index: -70.1599 31.2192 1110.11
Middle: -102.792 34.5123 1089.85
Ring: -116.047 57.8679 1110.72
Little: -111.192 130.815 1130.59
Thumb: 28.8522 88.3438 1106.42
Index: -73.4707 32.0642 1111.5
Middle: -105.883 35.4272 1089.96
Ring: -109.125 73.685 1122.78
Little: -101.348 147.327 1131.44
Thumb: 22.8451 86.8729 1111.78
Index: -78.2313 29.2254 1098.01
Middle: -108.364 36.8178 1087.43
Ring: -115.503 70.8591 1112.89
Little: -107.781 144.305 1130.72
Thumb: 21.3433 84.9516 1109.64
Index: -80.0443 29.0719 1094.6
Middle: -110.038 38.6757 1090.22
Ring: -117.155 69.3318 1111.11
Little: -108.63 141.715 1134.37
Thumb: 16.6764 83.1663 1107.62
Index: -84.9575 28.348 1097.36
Middle: -112.963 38.6298 1095
Ring: -123.46 63.8571 1109.22
Little: -110.768 141.016 1137.43
Thumb: 7.52008 84.3066 1102.31
Index: -87.543 27.9518 1095.97
Middle: -113.67 38.74 1100.62
Ring: -128.967 55.1906 1101.24
Little: -112.253 135.847 1142.75
Thumb: 0.37191 88.1124 1107.12
Index: -87.445 29.0285 1094.07
Middle: -112.942 41.4271 1099.6
Ring: -128.251 57.8766 1101.11
Little: -113.809 135.355 1141.64
Thumb: -2.6119 86.1773 1106.88
Index: -97.6572 34.4579 1092.12
Middle: -115.478 41.0122 1098.59
Ring: -129.08 57.7628 1102.56
Little: -113.81 135.282 1142.22
Thumb: -4.86789 84.736 1111.04
Index: -100.616 32.6155 1088.1
Middle: -119.072 42.5165 1101.52
Ring: -130.187 59.25 1107.47
Little: -113.525 138.113 1143.01
Thumb: -5.96927 84.7541 1111.3
Index: -103.749 35.2148 1089.09
Middle: -120.13 43.7252 1102.32
Ring: -130.712 60.3396 1108.12
Little: -113.769 138.594 1143.11
Thumb: -11.2882 82.7992 1110.33
Index: -103.493 34.8111 1094.3
Middle: -121.452 44.0951 1103.29
Ring: -127.928 60.509 1109.97
Little: -112.242 135.14 1144.78
Thumb: -10.8545 82.1513 1108.35
Index: -101.58 33.0417 1094.69
Middle: -120.366 42.9612 1104.02
Ring: -126.562 59.956 1113.52
Little: -109.863 134.072 1146.55
Thumb: -9.4729 82.8923 1105.69
Index: -92.6352 36.2088 1104.37
Middle: -116.101 40.8037 1104.03
Ring: -121.943 58.2561 1114.1
Little: -105.537 133.132 1146.6
Thumb: -7.9881 87.6237 1108.06
Index: -80.4413 41.8861 1105.64
Middle: -112.115 37.2015 1100.94
Ring: -112.13 55.6344 1113.03
Little: -101.139 129.374 1142.51
Thumb: -1.93191 88.2209 1106.68
Index: -74.9174 39.6256 1102.57
Middle: -104.755 34.3294 1099.02
Ring: -107.453 54.1679 1111.91
Little: -94.4677 134.986 1140.56
Thumb: 4.32457 90.1395 1107.52
Index: -65.3167 39.9013 1107.64
Middle: -93.0727 38.2559 1104.28
Ring: -101.188 53.4386 1112.95
Little: -93.035 134.144 1139.36
Thumb: 8.11855 95.0138 1109.65
Index: -57.8609 37.3605 1104.59
Middle: -82.7823 36.7551 1099.06
Ring: -91.4229 48.0002 1108.24
Little: -87.6215 135.173 1137.77
Thumb: 16.1245 98.315 1111.09
Index: -48.7932 37.0335 1105.54
Middle: -74.0747 35.4331 1103.99
Ring: -87.4333 50.478 1111.89
Little: -95.6044 93.9374 1128.1
Thumb: 22.6349 98.532 1113.29
Index: -40.63 32.4962 1100.81
Middle: -64.5932 32.3989 1102.9
Ring: -79.7181 46.5041 1110.3
Little: -93.3386 74.2906 1109.03
Thumb: 34.357 105.309 1114.13
Index: -32.8915 33.4041 1102.09
Middle: -54.1391 25.9316 1104.56
Ring: -70.5171 42.7131 1110.19
Little: -86.5515 67.5064 1106.57
Thumb: 43.8935 99.5305 1111.91
Index: -32.8997 34.3949 1098.84
Middle: -47.7322 25.7662 1105.1
Ring: -59.6145 39.8535 1109.88
Little: -78.9258 70.1762 1107.08
Thumb: 51.5159 96.0678 1107.8
Index: -29.16 28.9365 1098.33
Middle: -42.8207 23.3695 1103.03
Ring: -55.2607 35.9365 1110.93
Little: -71.7775 64.5838 1105.58
Thumb: 59.4293 97.5965 1112.4
Index: -12.5317 30.0802 1108.86
Middle: -37.8857 23.6067 1105.44
Ring: -48.9829 32.3975 1107.44
Little: -66.604 64.0877 1104.42
Thumb: 129.835 137.693 1073.49
Index: -5.31462 25.396 1106.35
Middle: -32.2085 11.2339 1094.91
Ring: -40.8651 32.1352 1112.26
Little: -60.8549 59.6597 1103.53
Thumb: 70.3746 94.1057 1112.3
Index: 2.17004 26.8848 1101.95
Middle: -26.7826 12.3948 1090.84
Ring: -32.0727 31.2435 1106.64
Little: -50.4031 60.7276 1104.48
Thumb: 96.0935 92.3333 1108.97
Index: 11.486 23.1784 1103.32
Middle: -15.1405 15.4269 1100.48
Ring: -32.5067 28.1439 1105.44
Little: -47.7819 53.3799 1099.85
Thumb: 93.4836 86.5184 1110.48
Index: 21.4206 16.4689 1102.19
Middle: -9.98194 11.6386 1100.45
Ring: -24.6856 28.9495 1109.95
Little: -43.7263 52.1359 1100.32
Thumb: 94.2166 83.4115 1112.6
Index: 31.2525 19.4683 1107.46
Middle: -1.93016 12.5256 1103.25
Ring: -17.9356 28.3504 1107.64
Little: -38.3179 51.306 1097.28
Thumb: 106.973 87.9491 1108.61
Index: 41.159 20.665 1107.28
Middle: 7.41638 14.1767 1104.84
Ring: -12.2962 25.2768 1102.19
Little: -30.096 49.1981 1096.78
Thumb: 113.067 90.1168 1109.71
Index: 47.9116 19.8314 1103.9
Middle: 13.8733 11.7837 1095.35
Ring: -5.02111 23.0264 1098.88
Little: -25.6534 46.6868 1093.17
Thumb: 132.238 89.1239 1104.26
Index: 54.2886 16.2056 1106.46
Middle: 19.5472 7.05036 1098.85
Ring: 0.887666 19.7291 1101.71
Little: -19.0307 46.2432 1100.86
Thumb: 142.386 94.7893 1108.32
Index: 60.2165 14.2328 1097.29
Middle: 25.8613 4.94555 1088.91
Ring: 13.7158 37.0269 1112.31
Little: -11.8102 53.0442 1099.53
Thumb: 151.54 97.5194 1107.05
Index: 65.5538 12.6163 1100.69
Middle: 30.1154 3.34999 1087.34
Ring: 20.4146 38.1082 1112.34
Little: -7.42527 52.0866 1098.41
Thumb: 159.854 100.613 1102.42
Index: 71.2861 14.3809 1099.69
Middle: 36.933 5.58351 1088.2
Ring: 26.4811 39.3984 1112.48
Little: -2.48339 55.373 1097.16
Thumb: 144.735 90.6951 1107.13
Index: 75.8903 14.1184 1096.12
Middle: 40.8058 5.41476 1082.59
Ring: 29.2302 36.6382 1108.39
Little: 1.81305 52.7455 1095.1
Thumb: 144.11 94.9685 1112.43
Index: 81.5611 14.757 1095.27
Middle: 46.4368 3.86424 1079.65
Ring: 32.0306 30.816 1101.41
Little: 5.78466 49.8504 1093
Thumb: 151.818 96.895 1111.26
Index: 86.0518 16.541 1102.05
Middle: 50.8768 2.55419 1079.87
Ring: 33.8137 22.194 1099.19
Little: 8.73443 47.0585 1094
Thumb: 157.079 98.6224 1111.77
Index: 88.7019 15.0875 1101.6
Middle: 54.11 2.13678 1081.86
Ring: 36.9787 21.7742 1100.85
Little: 11.4892 47.3359 1096.43
Thumb: 162.443 97.9455 1114.87
Index: 90.7774 18.352 1106.88
Middle: 55.8035 4.04998 1081.99
Ring: 40.1541 31.6187 1102.32
Little: 17.8948 69.2546 1107.89
Thumb: 164.652 97.8115 1114.64
Index: 90.2421 17.956 1105.27
Middle: 54.9712 4.27613 1080.25
Ring: 40.1444 33.216 1105.08
Little: 18.593 71.9403 1104.99
Thumb: 165.153 97.4366 1115.29
Index: 92.0579 23.9608 1106.98
Middle: 55.3936 4.47196 1079.08
Ring: 40.5921 33.4723 1103.14
Little: 19.9718 76.5612 1107.13
Thumb: 164.858 96.7701 1112.09
Index: 94.0824 28.6955 1108.65
Middle: 55.6331 5.28217 1082.41
Ring: 41.537 33.7002 1099.83
Little: 22.1219 82.146 1103.4
Thumb: 168.63 98.6408 1118.02
Index: 87.7324 28.2787 1110.85
Middle: 48.1311 6.75688 1081.16
Ring: 36.1967 38.6396 1100.03
Little: 19.7407 87.3016 1099.81
Thumb: 163.221 97.1123 1115.7
Index: 86.2914 28.6593 1109.18
Middle: 46.2109 8.19208 1082.54
Ring: 34.7877 38.7178 1098.49
Little: 18.4171 87.4246 1099.82
Thumb: 160.172 97.7571 1118.09
Index: 81.4835 29.0598 1108.38
Middle: 42.2574 8.34752 1082.8
Ring: 54.3973 99.5688 1147.63
Little: 15.7514 88.7999 1100.16
Thumb: 157.24 98.1473 1119.38
Index: 76.2503 27.2297 1110.8
Middle: 36.1929 10.4926 1086.71
Ring: 52.6002 105.699 1147.33
Little: 7.21948 79.1865 1111.17
Thumb: 152.757 95.5178 1121.45
Index: 70.8788 26.0539 1110
Middle: 31.1278 10.1138 1081.94
Ring: 46.0745 99.5796 1158.29
Little: 3.42908 79.2409 1109.85
Thumb: 145.665 95.4545 1119.86
Index: 65.4945 26.2655 1107.17
Middle: 25.7018 11.7758 1075.62
Ring: 44.4653 105.366 1158.51
Little: 0.205784 83.0176 1112.96
Thumb: 139.983 91.4867 1120.33
Index: 58.2871 29.7998 1113.44
Middle: 16.7421 12.9302 1082.82
Ring: 39.5126 109.53 1160.03
Little: -4.85196 87.9144 1115.36
Thumb: 134.808 91.7786 1119.04
Index: 61.5686 47.8421 1117.42
Middle: 10.2232 13.6459 1083.98
Ring: 32.368 107.206 1159.2
Little: -12.24 86.5321 1113.74
Thumb: 124.306 93.0159 1121.71
Index: 54.7618 51.1606 1117.52
Middle: 5.08184 17.9524 1080.36
Ring: 21.5916 98.9272 1163.35
Little: -16.7707 88.7593 1110.51
Thumb: 112.012 93.1936 1125.06
Index: 56.3036 70.2065 1116.2
Middle: -1.68124 17.1926 1082.67
Ring: 11.958 100.934 1164.4
Little: -25.2922 91.039 1110.5
Thumb: 105.132 96.8569 1127.16
Index: 48.9461 68.6265 1112.48
Middle: -7.29797 17.7495 1081.03
Ring: 2.61511 100.577 1164.94
Little: -32.5019 90.2808 1109.03
Thumb: 96.8299 95.4924 1129.51
Index: 43.5599 66.7013 1111.39
Middle: -14.9352 20.8052 1083.55
Ring: -10.023 90.6037 1162.89
Little: -36.6896 95.4282 1109.93
Thumb: 91.3807 96.0868 1129.51
Index: 37.7567 66.8294 1114.52
Middle: -21.5606 20.4915 1091.29
Ring: -11.5134 94.625 1168.89
Little: -42.5862 95.1635 1115.3
Thumb: 86.83 97.1988 1131.37
Index: 32.3104 68.0082 1117.41
Middle: -26.4255 21.3867 1092.8
Ring: -17.7894 91.6122 1171.48
Little: -47.2401 96.413 1119.81
Thumb: 83.0153 95.1111 1134.43
Index: 27.6315 68.307 1119.98
Middle: -31.5833 21.8713 1096.11
Ring: -16.844 104.039 1175.46
Little: -51.4557 98.7856 1121.77
Thumb: 80.0704 95.0224 1137.5
Index: 12.6633 54.6974 1133.71
Middle: -32.5093 19.9782 1095.7
Ring: -30.9786 95.2408 1171.81
Little: -56.9192 97.3657 1119.44
Thumb: 66.0711 97.4382 1160.93
Index: -4.11749 64.4889 1143.71
Middle: -35.3548 17.9148 1101.41
Ring: -51.8129 98.4331 1167.08
Little: -64.2621 90.614 1108.23
Thumb: 20.4564 102.96 1190.09
Index: -31.3525 67.848 1140.47
Middle: -40.3664 21.9165 1100.59
Ring: -57.664 41.5548 1094.99
Little: -59.7653 98.3547 1085.29
Thumb: -6.06357 117.785 1197.65
Index: -42.0555 66.8468 1134.17
Middle: -43.5968 24.4178 1102.79
Ring: -46.4978 36.8264 1088.74
Little: -50.7618 96.5846 1074.36
Thumb: 4.44321 128.099 1205.03
Index: -39.827 75.0644 1144.55
Middle: -48.5418 26.6061 1113.79
Ring: -44.8869 34.1557 1099.06
Little: -41.7612 61.8751 1071.76
Thumb: -47.3993 140.702 1195.82
Index: -47.9818 80.5843 1141.62
Middle: -55.6179 21.4466 1114.34
Ring: -56.2396 31.5423 1104.82
Little: -42.5346 52.3555 1075.63
Thumb: -54.2065 149.059 1192.42
Index: -41.9136 91.4726 1143.78
Middle: -58.9905 26.3461 1114.22
Ring: -56.9103 34.3199 1107.02
Little: -48.5613 58.2115 1076.73
Thumb: -69.4108 156.221 1190.19
Index: -46.5462 93.3674 1149.72
Middle: -62.4058 27.2038 1115.66
Ring: -54.7961 32.2264 1114.08
Little: -50.4649 57.538 1083.05
Thumb: -75.1851 162.413 1182.9
Index: -48.5175 98.6862 1152.07
Middle: -62.38 29.192 1115.44
Ring: -60.5467 37.5119 1115.36
Little: -55.5011 61.3642 1081.64
Thumb: -82.4495 168.098 1176.79
Index: -53.4749 105.746 1153.07
Middle: -65.1609 33.0197 1117.38
Ring: -63.0138 40.9842 1113.56
Little: -56.5308 69.0146 1091.67
Thumb: -110.575 204.865 1068.4
Index: -81.7336 95.3978 1098.31
Middle: -66.3992 38.8808 1108.48
Ring: -57.3593 42.2408 1107.04
Little: -42.0887 63.4885 1082.82
Thumb: -100.195 160.688 1095.45
Index: -92.587 69.6027 1093.64
Middle: -72.3581 25.7531 1107.39
Ring: -70.9942 32.3513 1105.03
Little: -51.0173 51.474 1078.82
Thumb: -110.763 170.652 1114.73
Index: -94.3835 67.9158 1089.92
Middle: -73.6003 24.2267 1104.86
Ring: -74.498 32.5737 1104.67
Little: -50.9063 48.7088 1081.28
Thumb: -111.337 173.501 1106.61
Index: -101.781 71.2676 1089.61
Middle: -77.1232 25.4322 1104.91
Ring: -80.415 34.6384 1104.65
Little: -55.7481 50.8586 1086.17
Thumb: -115.457 178.021 1101.37
Index: -107.921 74.0531 1084.48
Middle: -77.9565 25.684 1107.49
Ring: -79.7941 33.4612 1105.75
Little: -49.1392 41.9126 1090.57
Thumb: -118.521 176.481 1094.94
Index: -109.916 72.6316 1080.61
Middle: -78.6857 28.0151 1105.35
Ring: -79.1917 34.9625 1102.59
Little: -46.9064 43.423 1089.1
Thumb: -121.379 182.367 1092.98
Index: -110.473 67.4164 1088.26
Middle: -79.7175 29.6694 1110.69
Ring: -79.3349 36.3842 1109.31
Little: -47.7796 43.5846 1092.97
Thumb: -121.441 186.978 1097.18
Index: -110.204 75.4842 1080.15
Middle: -82.4598 29.1638 1112.7
Ring: -83.329 36.9519 1111.02
Little: -49.8286 41.7959 1088.26
Thumb: -121.022 183.979 1089.83
Index: -108.296 70.8682 1067.96
Middle: -85.8673 26.2964 1102.13
Ring: -85.837 34.0454 1104.7
Little: -54.7998 44.4075 1095.13
Thumb: -123.502 185.975 1086.84
Index: -107.28 76.1778 1064.85
Middle: -84.5964 27.9431 1108.95
Ring: -85.9835 36.1574 1108.1
Little: -54.1362 45.1971 1093.92
Thumb: -122.509 187.3 1084.98
Index: -108.03 77.4454 1064.75
Middle: -85.4106 30.964 1107.88
Ring: -86.6057 38.9303 1105.36
Little: -53.6156 47.7947 1098.98
Thumb: -126.884 185.597 1075.58
Index: -104.995 75.2208 1060.38
Middle: -85.2829 28.89 1105.36
Ring: -88.4748 38.3335 1104.15
Little: -54.6019 47.8346 1098.88
Thumb: -128.784 184.386 1067.8
Index: -105.92 71.7168 1057.42
Middle: -85.1834 29.8198 1096.96
Ring: -89.3718 40.0592 1100.49
Little: -55.0001 49.469 1095.29
Thumb: -128.643 186.206 1063.34
Index: -105.435 74.1223 1054.32
Middle: -85.5438 31.124 1094.7
Ring: -89.7384 41.5793 1098.43
Little: -55.5901 51.2422 1093.41
Thumb: -129.478 186.173 1060.91
Index: -103.973 78.5613 1044.64
Middle: -86.7556 30.6753 1094.01
Ring: -89.8867 40.1554 1091.1
Little: -57.4072 51.8447 1092.68
Thumb: -126.832 190.699 1060.73
Index: -103.279 75.0167 1046.69
Middle: -84.8163 32.5273 1081.93
Ring: -88.6865 42.678 1085
Little: -54.6514 53.5243 1087.86
Thumb: -127.129 189.464 1064.85
Index: -102.302 82.627 1045.27
Middle: -85.9601 31.8636 1080.6
Ring: -89.3843 42.2263 1084.88
Little: -54.0332 51.6026 1085.77
Thumb: -126.22 189.097 1060.47
Index: -101.434 79.9474 1042.96
Middle: -85.0838 31.7879 1078.76
Ring: -88.8818 42.3182 1080.01
Little: -53.5276 51.4343 1083.85
Thumb: -127.472 189.477 1060.32
Index: -101.263 80.3002 1043.2
Middle: -84.7304 31.735 1075.44
Ring: -89.2187 42.6782 1081.08
Little: -52.5139 51.0113 1084.45
Thumb: -126.965 185.535 1059.95
Index: -100.646 80.5591 1039.54
Middle: -82.2701 32.627 1067.83
Ring: -87.966 42.6022 1079.37
Little: -51.0145 51.8207 1078.25
Thumb: -125 189.32 1060.18
Index: -101.067 81.693 1040.02
Middle: -83.4822 34.3417 1071.97
Ring: -87.3318 44.4103 1084.6
Little: -48.7228 51.6921 1073.21
Thumb: -124.491 189.209 1061.29
Index: -99.7689 82.9706 1040.41
Middle: -82.1149 33.1101 1079.98
Ring: -85.9333 43.9607 1085.63
Little: -49.2793 52.7117 1074.37
Thumb: -123.756 189.031 1061.51
Index: -99.308 78.0983 1049.62
Middle: -80.3482 33.1692 1081.93
Ring: -83.6999 43.9939 1087.79
Little: -47.5186 52.0449 1084.03
Thumb: -125.032 184.224 1062.68
Index: -95.3361 77.9641 1049.99
Middle: -75.3345 34.3446 1081.99
Ring: -79.6022 45.797 1089.94
Little: -40.9715 52.8566 1085.38
Thumb: -126.029 183.053 1066.57
Index: -95.0885 72.7701 1053.39
Middle: -72.0327 32.6912 1080.83
Ring: -74.8642 42.4889 1091.84
Little: -39.2249 52.4501 1087.88
Thumb: -126.855 181.729 1069.78
Index: -93.133 73.3304 1058.07
Middle: -68.5394 34.8788 1096.48
Ring: -71.9306 44.6764 1097.14
Little: -34.0856 53.7169 1092.17
Thumb: -128.771 178.074 1069.66
Index: -89.7862 69.461 1059.1
Middle: -64.5893 32.1997 1098.03
Ring: -67.0587 41.2292 1098.01
Little: -29.2635 51.8492 1094.67
Thumb: -127.577 178.233 1073.86
Index: -84.2409 75.0951 1045.21
Middle: -59.4554 28.9249 1101.62
Ring: -64.292 39.5335 1101.97
Little: -26.6495 50.6754 1096.1
Thumb: -126.865 175.36 1075.9
Index: -82.5597 68.7854 1056.25
Middle: -53.5922 28.3316 1104.27
Ring: -58.8809 37.9987 1102.79
Little: -20.6359 49.6077 1097.56
Thumb: -120.291 173.032 1081.71
Index: -77.9707 66.4443 1066.82
Middle: -48.1594 28.2521 1108.36
Ring: -52.8557 36.1327 1098.85
Little: -22.373 53.2334 1096.99
Thumb: -119.181 168.316 1086.69
Index: -74.1384 65.3369 1068.11
Middle: -42.585 25.7909 1103.04
Ring: -46.3594 34.7641 1104.71
Little: -11.3276 48.6863 1097.42
Thumb: -109.063 168.984 1081.99
Index: -65.25 64.7725 1064.94
Middle: -37.2833 20.3198 1103.17
Ring: -41.3197 31.3191 1108.11
Little: -3.65539 43.8215 1100.32
Thumb: -105.808 162.754 1084.41
Index: -59.2379 56.6271 1066.47
Middle: -30.129 19.2123 1099.05
Ring: -34.3319 29.6182 1108.62
Little: 3.66237 42.8101 1099.87
Thumb: -104.377 157.417 1088.98
Index: -51.6898 57.3503 1064.55
Middle: -21.1989 15.8231 1100.19
Ring: -27.8199 27.1395 1100.09
Little: 9.21528 44.1796 1100.76
Thumb: -98.0695 153.667 1087.19
Index: -44.6254 50.4598 1064.88
Middle: -14.1923 11.8533 1101.88
Ring: -21.3217 24.7843 1105.97
Little: 15.2477 41.7111 1099.64
Thumb: -92.2047 152.08 1089.86
Index: -38.1847 51.4872 1068.54
Middle: -5.89309 13.8237 1107.63
Ring: -11.6646 26.2086 1112.48
Little: 22.9412 44.0662 1104.33
Thumb: -85.9535 147.966 1088.32
Index: -31.2309 47.5708 1067.41
Middle: -0.94993 11.0471 1103.61
Ring: -2.96243 22.1574 1110.07
Little: 29.5074 41.4651 1103.97
Thumb: -83.6631 145.888 1088.54
Index: -24.91 47.8452 1066.91
Middle: 7.98751 9.62992 1103.98
Ring: 2.93605 21.1077 1107.19
Little: 36.0299 41.3747 1103.39
Thumb: -73.817 143.788 1088.38
Index: -17.1433 43.8206 1067.98
Middle: 15.7614 11.6844 1107.81
Ring: 11.5177 22.9267 1101.02
Little: 46.8727 43.4276 1098.03
Thumb: -76.035 142.473 1087.2
Index: -10.0605 38.3449 1070.68
Middle: 23.2353 10.7961 1108.7
Ring: 19.0374 22.31 1103.85
Little: 54.1295 43.7057 1096.26
Thumb: -67.816 141.892 1087.96
Index: -3.05214 45.6028 1065.08
Middle: 30.049 10.9993 1107.69
Ring: 24.0339 23.5163 1104.94
Little: 61.0357 44.3899 1098.95
Thumb: -66.607 142.478 1086.84
Index: 4.86824 42.8337 1064.8
Middle: 38.8511 8.11649 1109.98
Ring: 28.1462 21.7339 1107.76
Little: 67.951 42.4274 1101.9
Thumb: -59.7706 141.67 1086.96
Index: 9.73539 43.4665 1064.3
Middle: 42.1839 7.22749 1104.73
Ring: 34.3912 20.5917 1098.81
Little: 74.1912 41.9222 1099.13
Thumb: -52.706 143.315 1090.38
Index: 13.8139 43.9062 1066.38
Middle: 45.9444 7.01822 1106.59
Ring: 38.416 20.6917 1101.89
Little: 78.9244 40.8366 1100.86
Thumb: -48.5552 145.585 1097.01
Index: 16.7941 44.8048 1070.22
Middle: 50.3519 7.52472 1106.45
Ring: 42.9277 21.0903 1102.47
Little: 83.4756 41.4732 1101.84
Thumb: -46.0065 151.091 1102.54
Index: 14.6806 50.2501 1073.94
Middle: 47.1577 7.04971 1108.27
Ring: 40.2258 21.3456 1102.4
Little: 81.5934 39.6543 1101.97
Thumb: -43.2469 151.396 1109.65
Index: 13.8674 49.7154 1077.83
Middle: 46.1321 7.05657 1109.51
Ring: 40.0611 21.3321 1106.71
Little: 80.563 38.371 1096.4
Thumb: -31.246 155.28 1125.49
Index: 7.21533 76.7964 1066.21
Middle: 43.73 10.4777 1115.87
Ring: 38.4681 25.2329 1115.1
Little: 89.5123 83.1835 1033.34
Thumb: -27.3748 160.489 1127.84
Index: 2.07258 57.924 1084.25
Middle: 36.5371 13.3919 1118.14
Ring: 35.599 25.9595 1114.42
Little: 79.2505 78.4933 1032.83
Thumb: -22.2663 162.821 1135.92
Index: 1.94585 54.7187 1096.35
Middle: 30.5154 15.1908 1120.87
Ring: 34.6197 26.3335 1118.04
Little: 63.2273 56.315 1050.23
Thumb: -13.5389 167.252 1153.19
Index: -3.25288 62.4448 1101.38
Middle: 29.0681 18.632 1128.35
Ring: 27.9328 30.1062 1116.63
Little: 56.3791 69.6329 1043.51
Thumb: -13.6942 167.992 1153.13
Index: -2.29667 66.6059 1105.83
Middle: 25.3453 25.81 1130.86
Ring: 27.9371 34.4219 1109.09
Little: 50.102 77.0541 1042.98
Thumb: -8.38235 169.284 1157.79
Index: 17.2285 66.5059 1106.5
Middle: 31.6889 31.5348 1127.13
Ring: 34.3394 38.961 1110.4
Little: 60.0947 106.802 1028.74
Thumb: -2.89944 170.943 1169.56
Index: 22.4867 69.3109 1106.99
Middle: 33.8925 33.8602 1126.62
Ring: 36.0559 40.6039 1112.1
Little: 53.2272 105.492 1030.07
Thumb: 3.3393 171.319 1176.6
Index: 32.8688 55.1846 1109.8
Middle: 36.8285 33.9104 1126.64
Ring: 34.0749 43.869 1107.53
Little: 48.0755 108.961 1029.32
Thumb: 11.2843 172.269 1184.57
Index: 35.2196 54.7306 1111.38
Middle: 36.0492 36.6451 1128.4
Ring: 29.7392 48.4093 1103.6
Little: 45.2572 112.421 1030.01
Thumb: 23.0882 174.436 1188.9
Index: 33.6211 56.9398 1108.31
Middle: 39.1954 36.4391 1131.17
Ring: 36.5704 48.6396 1110.38
Little: 42.5157 115.424 1027.92
Thumb: 32.7854 172.759 1188.3
Index: 32.8427 58.6752 1104.19
Middle: 38.2207 38.5554 1127.43
Ring: 33.5042 51.1185 1105.42
Little: 40.3621 114.405 1024.83
Thumb: 39.9721 175.501 1192.67
Index: 29.9316 59.8939 1106.24
Middle: 39.0211 40.1402 1126.26
Ring: 37.0417 51.8032 1110.95
Little: 38.6644 115.012 1027.83
Thumb: 42.2707 173.788 1191.67
Index: 34.8573 55.3771 1110.46
Middle: 38.7346 42.1223 1127.8
Ring: 28.601 60.4889 1106.2
Little: 53.6733 128.955 1025.14
Thumb: 46.3633 171.037 1192.01
Index: 32.1908 56.3392 1109.76
Middle: 39.4471 42.1487 1128.06
Ring: 25.1603 61.6301 1105.13
Little: 53.3005 129.409 1025.28
Thumb: 47.5284 168.782 1190.36
Index: 31.0855 56.6331 1110.87
Middle: 38.2584 42.6494 1128.81
Ring: 23.6463 62.3633 1105.08
Little: 54.7892 128.826 1025.58
Thumb: 46.1876 167.014 1191.83
Index: 28.5429 56.7345 1113.55
Middle: 38.0506 41.4673 1133.25
Ring: 21.9797 62.2763 1107.45
Little: 56.8157 128.875 1028.52
Thumb: 47.7536 166.194 1193.46
Index: 28.7501 56.6613 1114.32
Middle: 38.0158 41.4874 1134.17
Ring: 23.2667 60.8213 1109.93
Little: 57.0059 129.481 1029.9
Thumb: 45.4062 164.258 1193.46
Index: 26.3221 56.8116 1112.73
Middle: 35.6146 41.1623 1131.47
Ring: 21.7121 60.3855 1109.36
Little: 54.8723 130.487 1029.42
Thumb: 41.4482 164.256 1193.72
Index: 24.3758 57.4855 1113.59
Middle: 34.0496 41.3202 1132.9
Ring: 20.5992 60.3058 1110.44
Little: 54.7978 130.481 1031.03
Thumb: 37.1401 160.505 1189.83
Index: 42.4279 45.1117 1122.67
Middle: 31.9293 39.2581 1140.8
Ring: 14.2708 58.7882 1109.36
Little: 53.3021 122.989 1031.26
Thumb: 33.8948 162.099 1187.53
Index: 37.8396 44.45 1124.08
Middle: 26.6981 37.9004 1138.13
Ring: 9.79019 59.9963 1109.5
Little: 51.8348 120.257 1030.44
Thumb: 29.9914 157.691 1185.12
Index: 30.1639 47.3305 1124.03
Middle: 25.5094 38.7776 1137.12
Ring: 9.4688 61.1221 1107.43
Little: 50.9896 120.87 1030.41
Thumb: 26.9471 155.265 1182.49
Index: 26.6327 46.7159 1123.36
Middle: 21.0048 39.4145 1136.08
Ring: 7.31625 60.115 1105.69
Little: 45.9395 116.861 1028.23
Thumb: 23.5506 150.488 1177.04
Index: 33.082 44.8998 1127.17
Middle: 20.3103 41.7297 1138.12
Ring: 7.56277 60.5186 1106.2
Little: 44.6952 117.623 1027.49
Thumb: 16.6831 149.848 1170.74
Index: 15.1424 61.9095 1115.3
Middle: 20.7843 43.5394 1138.28
Ring: 6.33708 63.4673 1105.12
Little: 42.966 119.308 1027.82
Thumb: 14.1538 145.585 1167.34
Index: 10.5255 60.2391 1116.38
Middle: 17.592 41.3085 1142.94
Ring: 1.80181 61.48 1106.87
Little: 39.7645 112.691 1029.18
Thumb: 5.27557 140.327 1161.28
Index: 10.0091 56.1166 1116.97
Middle: 15.4346 38.4835 1144.71
Ring: 1.16474 57.7692 1106.96
Little: 38.0896 105.504 1030.99
Thumb: -1.02888 134.852 1157.01
Index: 13.4131 51.157 1116.33
Middle: 14.4682 36.8514 1141.87
Ring: 5.53912 49.4682 1110.45
Little: 38.6827 103.837 1031.04
Thumb: -7.11887 133.311 1158.13
Index: 11.7008 47.2407 1110.52
Middle: 6.89627 39.1038 1138.6
Ring: 12.1272 38.3641 1113.05
Little: 44.8707 99.5924 1028.92
Thumb: -9.08599 129.511 1151.89
Index: 11.7867 44.488 1103.21
Middle: -0.197098 40.059 1126
Ring: 10.7576 37.0324 1105.53
Little: 40.6852 99.4795 1023.01
Thumb: -14.8828 123.763 1153.52
Index: 4.3847 44.102 1107.77
Middle: -7.88445 39.4546 1128.58
Ring: 7.8289 33.9216 1112.07
Little: 20.9373 103.696 1025.34
Thumb: -16.6703 120.028 1147.2
Index: 0.756479 45.4901 1110.39
Middle: -9.04453 43.871 1128
Ring: 11.5342 32.8286 1117.85
Little: 22.28 103.136 1024.73
Thumb: -20.1351 115.148 1149.02
Index: -2.20762 38.2085 1107.14
Middle: -10.3595 34.4234 1127.01
Ring: 3.37345 29.022 1110.01
Little: 17.455 97.3445 1023.58
Thumb: -22.1278 115.553 1146.47
Index: -6.52622 42.3051 1104.29
Middle: -15.9952 48.3775 1112.76
Ring: -0.535797 32.269 1104.88
Little: 15.4681 96.3296 1022.33
Thumb: -23.5363 114.971 1143.36
Index: -10.9023 47.209 1106.29
Middle: -19.9846 52.9512 1113.44
Ring: -3.01333 38.9975 1104.59
Little: 12.6571 97.6213 1022.72
Thumb: -25.5893 112.136 1134.79
Index: -17.1683 58.4806 1105.75
Middle: -25.1341 55.7559 1111.3
Ring: -8.29711 40.4989 1104.08
Little: 14.7025 99.0227 1021.7
Thumb: -23.2574 120.182 1132.86
Index: -29.3122 75.2433 1133.88
Middle: -27.4732 65.2126 1114.93
Ring: -12.1679 44.6946 1113.9
Little: 5.57947 88.465 1025.61
Thumb: -20.6937 115.752 1130.04
Index: -34.5461 82.7438 1136.69
Middle: -30.779 68.503 1121.84
Ring: -16.1345 49.8245 1120.3
Little: 8.4355 89.2476 1024.88
Thumb: -23.2705 117.949 1126.14
Index: -37.0991 90.1798 1137.19
Middle: -29.8876 79.1577 1117.92
Ring: -22.715 54.2848 1121.01
Little: 16.8413 91.7061 1025.05
Thumb: -25.0232 120.455 1128.39
Index: -37.9942 86.7755 1133.05
Middle: -32.7274 75.9116 1118.69
Ring: -25.4322 53.9992 1117.11
Little: 24.4046 90.132 1025.26
Thumb: -26.8659 119.781 1122.29
Index: -39.572 92.8282 1134.06
Middle: -34.3862 81.039 1119.38
Ring: -30.5845 58.4251 1118.81
Little: 24.5306 88.0731 1028.4
Thumb: -31.8312 118.486 1129.36
Index: -45.045 91.8066 1129.96
Middle: -43.2873 81.6314 1110.12
Ring: -37.0996 57.6649 1112.1
Little: 26.7753 88.05 1034.28
Thumb: -34.4979 115.639 1128.71
Index: -45.2807 92.364 1129.24
Middle: -44.2224 80.3898 1111.33
Ring: -39.0494 56.854 1111.42
Little: 26.4037 82.1897 1047.47
Thumb: -38.7026 116.474 1126.27
Index: -48.2889 94.4628 1128.26
Middle: -46.5974 80.8333 1112.15
Ring: -42.5127 60.2295 1107.61
Little: 24.5968 81.3168 1048.85
Thumb: -39.127 114.45 1125.56
Index: -52.553 93.9523 1126.56
Middle: -49.0741 79.8602 1112.16
Ring: -42.7908 63.7353 1101.42
Little: 23.1529 81.337 1048.45
Thumb: -40.1367 114.938 1126.18
Index: -53.615 93.8977 1124.26
Middle: -51.758 79.3064 1109.66
Ring: -44.563 63.8513 1098.35
Little: 23.1909 81.5653 1047.59
Thumb: -43.764 114.397 1126.21
Index: -55.8784 92.7451 1123.51
Middle: -52.4003 77.5082 1108.35
Ring: -47.0645 63.1514 1097.77
Little: 20.6246 81.5548 1047.68
Thumb: -43.1866 120.351 1135.59
Index: -51.9373 88.4166 1120.84
Middle: -59.1252 59.309 1125.95
Ring: -47.2313 61.2434 1096.87
Little: 19.4998 81.7434 1045.37
Thumb: -46.3503 122.773 1138.92
Index: -52.0369 83.4016 1121.39
Middle: -58.3235 51.7594 1135.22
Ring: -47.1361 57.9826 1095.63
Little: 18.0347 81.7763 1044.5
Thumb: -49.5297 129.309 1144.3
Index: -49.8775 79.3077 1115
Middle: -51.671 54.9928 1118.31
Ring: -47.665 53.9725 1089.87
Little: 17.6556 84.9866 1038.75
Thumb: -52.0507 128.308 1140.09
Index: -46.1624 75.9788 1108.75
Middle: -42.1106 60.8714 1110.74
Ring: -40.6077 54.5939 1088.51
Little: 20.2633 91.6927 1035.74
Thumb: -49.9011 136.746 1147.97
Index: -44.4864 74.5521 1109.77
Middle: -37.9597 57.7066 1112.25
Ring: -36.7925 57.5533 1084.83
Little: 22.8077 91.4155 1036.24
Thumb: -52.0247 138.195 1143.84
Index: -42.7818 63.7328 1098.79
Middle: -38.8946 62.5826 1104.16
Ring: -35.8273 54.142 1085.62
Little: 22.6393 92.6394 1032.93
Thumb: -49.9273 144.713 1146.68
Index: -22.4395 37.3301 1110.14
Middle: -39.5195 59.502 1109.39
Ring: -36.3785 55.524 1083.99
Little: 15.1899 96.746 1023.16
Thumb: -46.5849 151.876 1147.15
Index: -21.0798 37.0451 1105.55
Middle: -32.7345 50.1473 1097
Ring: -33.8162 54.5133 1082.08
Little: 15.3522 97.4691 1017.38
Thumb: -44.4103 154.093 1145.49
Index: -23.1935 38.9702 1112
Middle: -28.4695 49.1647 1082.93
Ring: -32.6493 51.2295 1083.17
Little: 8.08082 98.1107 1009.62
Thumb: -45.7206 153.911 1145.4
Index: -20.132 40.2022 1099.67
Middle: -25.984 45.8656 1083.65
Ring: -32.5048 46.4099 1080.72
Little: 6.7075 97.8861 1008.99
Thumb: -52.1487 153.275 1147.98
Index: -21.7131 41.042 1099.28
Middle: -24.9946 42.3795 1082.06
Ring: -31.6742 45.7556 1082.03
Little: 9.4668 99.2384 1012.99
Thumb: -55.0655 151.667 1144.33
Index: -20.0805 40.9329 1098.92
Middle: -26.3637 54.7219 1076.1
Ring: -30.4578 43.4976 1083.96
Little: 9.44103 98.4099 1012.74
Thumb: -58.9392 155.441 1146.28
Index: -20.8515 44.67 1101.12
Middle: -20.7406 60.3882 1072.06
Ring: -12.5754 26.9809 1078.77
Little: 7.5924 99.2438 1016.86
Thumb: -68.3706 155.624 1138.92
Index: -22.0949 46.167 1101.34
Middle: -16.2616 60.0839 1074.07
Ring: -5.15435 28.6089 1074.28
Little: 13.0704 97.3266 1019.8
Thumb: -75.4328 159.703 1132.41
Index: -13.715 37.2785 1109.46
Middle: -11.3141 56.2813 1076.57
Ring: 1.37694 24.9083 1080.36
Little: 22.1215 95.8875 1026.27
Thumb: -78.1438 162.306 1126.45
Index: -11.1766 38.803 1109.5
Middle: -9.48573 51.7718 1075.57
Ring: 7.75349 23.6862 1085.85
Little: 26.2803 100.513 1028.04
Thumb: -84.7545 164.429 1113.02
Index: -37.8899 54.0351 1074.79
Middle: -10.1735 52.1461 1076.69
Ring: 9.74304 23.759 1091.52
Little: 33.0717 95.9917 1035.32
Thumb: -89.4138 167.192 1112.11
Index: -39.2839 58.9774 1066.26
Middle: -6.42934 54.5495 1078.91
Ring: 15.8686 24.5134 1095.32
Little: 37.7471 88.4669 1044.1
Thumb: -88.1225 168.616 1112.71
Index: -42.6687 63.0688 1063.34
Middle: -5.3508 32.4321 1092.91
Ring: 17.23 24.1635 1095.36
Little: 38.3769 92.9918 1043.19
Thumb: -84.3831 165.35 1114.49
Index: -43.4769 68.106 1061.65
Middle: -9.88133 35.7099 1091.02
Ring: 12.377 25.3817 1095.16
Little: 37.0569 88.3911 1043.44
Thumb: -85.64 161.467 1106.28
Index: -39.2558 67.0674 1061.49
Middle: -8.0303 30.8456 1098.66
Ring: 11.7674 24.139 1101.42
Little: 39.5447 84.0779 1050.5
Thumb: -85.1565 159.243 1109.64
Index: -41.6567 73.1329 1058.41
Middle: -9.70202 28.7958 1099.92
Ring: 13.5048 19.0222 1114.59
Little: 38.6946 82.3534 1052.03
Thumb: -84.5776 154.723 1112.7
Index: -42.626 73.0436 1054.81
Middle: -10.2982 26.7406 1093.44
Ring: 13.4252 16.1592 1106.79
Little: 36.6585 80.4826 1048.22
Thumb: -84.1113 150.293 1107.92
Index: -39.3753 74.7013 1049.12
Middle: -9.24065 22.4674 1089.2
Ring: 14.019 13.0886 1104.32
Little: 41.3401 83.4321 1048.6
Thumb: -86.2983 143.751 1109.63
Index: -41.1186 66.3504 1049.59
Middle: -10.569 24.0394 1080.47
Ring: 12.1762 14.266 1090.92
Little: 37.2038 75.1587 1044.56
Thumb: -85.7145 134.379 1099.7
Index: -40.3218 61.4809 1045.11
Middle: -12.5645 23.3831 1069.44
Ring: 10.3265 10.9707 1086.04
Little: 38.5195 74.8707 1043.32
Thumb: -85.6722 129.37 1103.34
Index: -43.555 59.94 1041.56
Middle: -16.2885 16.804 1065.74
Ring: 7.06521 14.6684 1078.17
Little: 35.3041 70.8363 1039.05
Thumb: -83.2758 124.931 1107.61
Index: -44.1582 61.7051 1037.59
Middle: -16.6623 21.3005 1054.07
Ring: 6.68847 24.5784 1065.53
Little: 34.1092 68.9036 1034.52
Thumb: -82.7563 128.903 1107.44
Index: -42.9269 60.4887 1033.55
Middle: -14.3077 19.5232 1051.82
Ring: 7.63922 55.3854 1050.94
Little: 36.7538 71.1646 1034.68
Thumb: -63.1002 216.119 1082.64
Index: -42.287 65.4684 1030.26
Middle: -17.8676 21.7822 1050.89
Ring: 5.83822 62.758 1038.98
Little: 40.5177 80.5685 1035.6
Thumb: -74.5008 204.858 1079.07
Index: -43.5625 60.2554 1030.34
Middle: -18.4273 22.224 1043.65
Ring: 4.45506 69.172 1030.89
Little: 38.8267 77.5691 1032.3
Thumb: -2.53185 146.39 995.436
Index: -44.3978 58.4374 1032.16
Middle: -18.4792 25.878 1040.97
Ring: 5.34121 78.2739 1043.33
Little: 37.4627 78.2451 1033.09
Thumb: -8.2506 148.685 991.798
Index: -46.8306 61.1056 1028.45
Middle: -21.2497 21.9453 1038.21
Ring: 3.15975 80.4807 1038.65
Little: 35.1805 82.0621 1028.23
Thumb: -25.4241 225.407 1018.27
Index: -49.8684 60.5635 1029.3
Middle: -18.442 20.0821 1039.62
Ring: 0.734431 81.2184 1038.73
Little: 33.8062 84.1756 1032.57
Thumb: -44.3729 216.083 1021.16
Index: -53.3124 59.9815 1030.53
Middle: -24.8011 21.9607 1036.44
Ring: -2.88734 81.7107 1036.4
Little: 28.7224 84.464 1024.73
Thumb: -79.4881 186.51 1037.32
Index: -55.1635 60.5031 1027.96
Middle: -23.4238 21.1715 1035.7
Ring: -4.36845 78.9336 1034.21
Little: 27.0862 85.4212 1021.92
Thumb: -42.6376 210.259 1005.03
Index: -54.8329 63.7102 1021.87
Middle: -22.6461 19.5013 1036.47
Ring: -4.22067 78.4651 1031.96
Little: 28.5435 85.8709 1023.1
Thumb: -35.9547 118.714 1026.38
Index: -58.2183 63.7275 1025.69
Middle: -27.0185 25.8663 1028.7
Ring: -7.37664 75.1283 1029.26
Little: 23.0066 88.2638 1016.51
Thumb: -38.741 115.179 1026.62
Index: -61.4782 61.4904 1026.9
Middle: -28.5359 22.9123 1030.98
Ring: -9.55849 65.4197 1032.12
Little: 18.6738 87.5438 1015.89
Thumb: -39.9168 115.747 1027.28
Index: -62.4613 57.1924 1031.98
Middle: -32.0771 24.5146 1032.51
Ring: -9.85063 54.8974 1037.92
Little: 26.3742 93.7387 1044.68
Thumb: -39.4268 114.876 1027.01
Index: -63.2326 57.2411 1031.4
Middle: -31.8966 23.668 1031.53
Ring: -10.2818 57.8872 1036.74
Little: 24.4236 96.3195 1045.42
Thumb: -38.8391 112.79 1022.7
Index: -61.9133 55.8063 1026.39
Middle: -29.4565 24.7558 1027.17
Ring: -8.03849 59.2075 1037.6
Little: 22.2698 96.5081 1044.61
Thumb: -38.56 113.336 1021.48
Index: -61.4578 52.3506 1025.94
Middle: -28.3128 20.605 1029.58
Ring: -8.1996 53.804 1035.44
Little: 22.3153 94.7586 1044.53
Thumb: -38.7922 113.431 1021.04
Index: -61.9885 61.5126 1023.11
Middle: -27.1181 21.8024 1028.84
Ring: -7.0858 56.1264 1037.11
Little: 20.5231 102.017 1039.94
Thumb: -40.8499 113.288 1022.56
Index: -61.5764 56.0368 1024.55
Middle: -28.5018 22.8523 1028.9
Ring: -7.66009 54.1093 1037.84
Little: 18.6302 102.599 1035.89
Thumb: -42.228 113.387 1023.98
Index: -63.3797 54.7333 1028.35
Middle: -32.0481 25.2946 1029.42
Ring: -9.64356 53.5805 1040.1
Little: 17.4358 101.79 1034.97
Thumb: -45.4465 115.151 1028.96
Index: -64.7315 69.8679 1037.43
Middle: -32.9163 21.8898 1036.07
Ring: -12.0312 57.3846 1040.91
Little: 15.3828 101.102 1035.92
Thumb: -50.098 115.884 1034.39
Index: -65.3625 68.7746 1042.92
Middle: -34.4412 20.6247 1043.63
Ring: -12.2753 52.5568 1050.73
Little: 13.9667 100.141 1039.84
Thumb: -51.6053 121.762 1030.8
Index: -66.5143 56.4906 1047.41
Middle: -33.5161 19.2904 1057.66
Ring: -15.409 37.573 1048.11
Little: 15.5544 102.998 1051.47
Thumb: -55.4392 123.227 1047.31
Index: -68.4701 50.37 1064.5
Middle: -39.2191 25.3625 1066.5
Ring: -18.4871 43.9635 1062.53
Little: 13.644 102.072 1059.46
Thumb: -57.3597 122.717 1062.97
Index: -70.1653 64.3999 1091
Middle: -42.667 15.6535 1094.72
Ring: -25.0543 46.0531 1076.75
Little: 9.22733 101.937 1064.65
Thumb: -59.0574 127.6 1073.6
Index: -69.7724 59.4432 1117.02
Middle: -54.5495 25.7008 1102.13
Ring: -33.7037 44.0292 1086.73
Little: 7.77978 100.256 1069.11
Thumb: -67.3254 133.542 1088.17
Index: -68.854 65.0716 1137.22
Middle: -55.909 30.9566 1123.8
Ring: -39.3622 46.8957 1098.74
Little: 4.89517 97.4405 1077.62
Thumb: -66.7545 135.709 1095.46
Index: -63.2317 69.2986 1151.21
Middle: -53.0673 43.5677 1131.34
Ring: -42.7281 38.1079 1112
Little: 2.07868 94.8974 1079.1
Thumb: -63.1298 142.866 1104.3
Index: -58.8976 73.0022 1157.8
Middle: -49.852 45.206 1139.35
Ring: -36.4522 38.9603 1125.01
Little: 10.8446 96.7757 1092.32
Thumb: -57.5184 147.225 1109.72
Index: -51.4244 76.8743 1161.3
Middle: -41.0066 49.7619 1142.57
Ring: -26.4784 41.7443 1130.95
Little: 19.3154 103.592 1096.48
Thumb: -55.1152 156.011 1117.05
Index: -49.1156 84.4872 1168.68
Middle: -37.9672 54.5544 1155.3
Ring: -24.5666 46.7467 1141.66
Little: 24.6096 102.647 1102.99
Thumb: -54.684 155.822 1117.7
Index: -44.8694 83.295 1170.91
Middle: -31.947 55.1843 1156.89
Ring: -17.851 42.6601 1148.23
Little: 27.831 107.394 1104.15
Thumb: -53.3048 155.914 1117.9
Index: -39.1651 84.5461 1172.67
Middle: -25.0159 54.3003 1164.88
Ring: -12.9182 43.9101 1154.66
Little: 31.4415 107.042 1103.83
Thumb: -49.5699 158.696 1119.15
Index: -33.4139 84.1772 1172.19
Middle: -17.7159 53.7837 1164.06
Ring: -6.85257 43.2469 1157.17
Little: 36.4531 106.835 1102.48
Thumb: -46.6345 158.724 1116.84
Index: -30.1896 85.451 1163.3
Middle: -11.1482 53.007 1160.49
Ring: -2.48471 44.5846 1147.53
Little: 35.2343 106.554 1091.05
Thumb: -43.5546 157.577 1116.42
Index: -25.6359 79.811 1160.57
Middle: -9.74492 57.6101 1144.5
Ring: 1.84266 41.7145 1142.79
Little: 43.7678 108.522 1092.91
Thumb: -42.2043 152.415 1123.02
Index: -18.8851 73.4636 1157.12
Middle: -3.05032 52.9201 1138.67
Ring: 10.2894 36.4507 1140.11
Little: 47.1517 109.751 1089.71
Thumb: -33.0171 148.465 1130.37
Index: -8.02513 64.405 1155.95
Middle: -2.72784 71.1316 1118.4
Ring: 16.1141 29.7294 1130.93
Little: 51.188 101.618 1082.87
Thumb: -35.7945 141.895 1131.2
Index: -1.47253 55.0441 1152.96
Middle: 3.73271 44.0779 1127.16
Ring: 23.3346 24.233 1123.52
Little: 50.2589 103.133 1078.07
Thumb: -35.9441 135.657 1131.26
Index: 1.72322 48.3512 1151.35
Middle: 9.7003 36.5394 1128.2
Ring: 23.8885 21.0006 1117.73
Little: 58.4993 93.7331 1076.45
Thumb: -35.7151 130.233 1131.69
Index: 5.14995 44.003 1145.54
Middle: 12.6472 33.6367 1122.31
Ring: 19.8972 22.2538 1117.42
Little: 56.9244 99.3317 1070.35
Thumb: -31.0261 126.42 1134.11
Index: 2.10102 42.4939 1144.5
Middle: 12.1732 33.6926 1122.22
Ring: 14.6447 20.5929 1120.13
Little: 57.1667 94.6487 1069.86
Thumb: -23.7724 124.212 1130.08
Index: 1.49456 49.0405 1144.42
Middle: 1.3616 38.2237 1132.86
Ring: 5.12231 30.1602 1113.67
Little: 29.0505 86.9184 1048.78
Thumb: -18.8605 122.719 1127.08
Index: -1.42063 57.5209 1151.04
Middle: -6.63627 47.135 1143.89
Ring: -0.371557 39.2664 1123.54
Little: 32.0047 90.5979 1051.29
Thumb: -17.8102 120.837 1130.69
Index: -7.25482 61.4573 1147.09
Middle: -10.7413 49.0251 1137.74
Ring: -3.96824 41.3208 1123.33
Little: 41.1485 92.9055 1052.78
Thumb: -17.9892 121.285 1127.36
Index: -41.1229 132.013 1085.59
Middle: -14.528 51.0689 1135.05
Ring: -8.11144 43.4349 1125.57
Little: 41.2763 93.5948 1052.83
Thumb: -16.2548 119.954 1126.06
Index: -40.9354 128.459 1080.35
Middle: -10.1707 47.8562 1136.2
Ring: -5.28508 43.5843 1128.09
Little: 33.1655 85.9265 1043.67
Thumb: -14.5403 119.368 1129.59
Index: -41.354 129.042 1082.54
Middle: -15.035 59.382 1142.97
Ring: -5.78747 45.6768 1134.7
Little: 31.4404 83.571 1046.8
Thumb: -12.868 117.376 1131.18
Index: -44.8552 115.027 1090.11
Middle: -18.0755 57.612 1148.43
Ring: -7.57889 45.8856 1135.43
Little: 35.3816 79.6551 1045.03
Thumb: -12.8409 119.186 1130.61
Index: -44.6241 107.202 1094.46
Middle: -18.485 61.963 1149.22
Ring: -8.70948 49.0082 1137.97
Little: 48.4415 81.3457 1051.82
Thumb: -12.6123 119.103 1129.89
Index: -45.0939 107.353 1093.86
Middle: -19.4472 63.9218 1149.29
Ring: -10.6 50.7421 1137.18
Little: 50.009 81.6795 1054.44
Thumb: -13.7761 122.144 1132.38
Index: -47.132 100.852 1098.68
Middle: -20.9336 64.5694 1149.46
Ring: -12.6013 50.8992 1138.5
Little: 43.1718 78.9243 1050.98
Thumb: -15.0502 119.282 1133.01
Index: -50.2523 103.177 1098.39
Middle: -27.5374 68.3313 1139.36
Ring: -17.7088 50.8944 1137.36
Little: 42.9008 80.4003 1052.36
Thumb: -17.1834 119.709 1132.04
Index: -52.6223 104.285 1100.63
Middle: -28.0883 71.082 1136.05
Ring: -17.2099 50.2825 1139.72
Little: 39.1196 81.5409 1050.51
Thumb: -18.9658 119.238 1131.87
Index: -53.8022 100.036 1102.61
Middle: -29.6199 72.4658 1134.82
Ring: -19.1896 50.9383 1137.78
Little: 38.3644 82.3595 1050.55
Thumb: -18.7219 119.054 1135.48
Index: -55.3228 93.2017 1107.97
Middle: -26.4508 77.2658 1133.03
Ring: -20.7659 50.8813 1138.69
Little: 40.4512 79.0094 1071.17
Thumb: -18.2556 119.052 1135.8
Index: -55.0074 93.0391 1107.93
Middle: -27.0849 76.3823 1133.27
Ring: -20.0272 50.5564 1140.03
Little: 40.7914 78.9854 1071.11
Thumb: -18.5374 119.886 1138.33
Index: -53.0289 85.1447 1116.91
Middle: -29.1838 74.4662 1136.04
Ring: -20.2831 50.1093 1140.26
Little: 39.8462 79.5665 1070.95
Thumb: -19.7489 117.531 1136.8
Index: -55.0259 86.8401 1112.32
Middle: -30.1157 74.9287 1136.32
Ring: -22.1134 50.5099 1139.43
Little: 40.7801 77.9688 1071.81
Thumb: -18.2232 118.209 1137.7
Index: -55.3941 104.035 1102.46
Middle: -29.0299 75.4566 1136.98
Ring: -21.0299 50.9535 1140.83
Little: 40.9662 79.0529 1072.71
Thumb: -18.4152 119.891 1136.34
Index: -54.815 108.139 1102.09
Middle: -27.1672 77.7849 1134.23
Ring: -21.668 52.4935 1139.83
Little: 40.5524 80.0678 1074.88
Thumb: -19.3151 120.376 1136.92
Index: -61.6322 104.544 1114.93
Middle: -26.961 78.3866 1130.46
Ring: -21.7607 50.5651 1146.03
Little: 39.4644 79.0648 1072.15
Thumb: -18.9854 129.782 1141.77
Index: -61.8836 114.541 1115.14
Middle: -30.2715 80.3134 1135.34
Ring: -23.3603 51.8745 1145.4
Little: 36.0015 80.2784 1070.35
Thumb: -17.1923 133.097 1146.32
Index: -61.7405 116.592 1117.41
Middle: -29.8994 80.8437 1135.92
Ring: -21.6113 49.6213 1145.89
Little: 36.2843 81.7544 1066.29
Thumb: -19.7976 134.274 1146.55
Index: -59.7688 124.8 1099.57
Middle: -30.8596 77.8848 1132.11
Ring: -15.6337 45.4629 1150.75
Little: 38.5296 83.3591 1065.52
Thumb: -16.1191 136.642 1152.38
Index: -61.5891 121.289 1107.25
Middle: -25.8429 78.5234 1132.25
Ring: -13.154 45.51 1144.67
Little: 37.6555 88.1611 1064.59
Thumb: -11.5825 142.15 1160.07
Index: -61.196 121.721 1106.44
Middle: -26.4566 76.7194 1131.46
Ring: -10.2327 42.7036 1145.49
Little: 38.3067 87.9478 1063.2
Thumb: -5.48286 138.87 1164.07
Index: -34.2554 144.987 1094.76
Middle: -23.6634 64.0339 1131.75
Ring: -4.5608 37.2431 1138.52
Little: 41.731 89.288 1059.63
Thumb: 4.31241 143.722 1167.24
Index: -28.4449 154.457 1095.27
Middle: -8.31738 45.7641 1157.72
Ring: 1.57639 39.5259 1139
Little: 43.6483 88.8649 1061.5
Thumb: 7.91662 145.555 1170.49
Index: -28.6215 151.068 1099.56
Middle: 4.77309 39.3449 1156.23
Ring: 4.45724 38.1307 1131.84
Little: 45.3512 89.4985 1060.56
Thumb: 11.3776 143.425 1170.92
Index: -29.618 148.967 1100.4
Middle: 3.76983 37.0281 1151.52
Ring: 8.75827 34.6213 1128.8
Little: 45.2477 89.7745 1058.54
Thumb: 20.9761 144.062 1171.13
Index: -7.43582 77.8449 1149.02
Middle: -0.798038 42.3923 1142.81
Ring: 13.3478 34.2537 1128.83
Little: 40.79 91.2972 1052.89
Thumb: 28.5192 144.865 1172.42
Index: -5.06759 76.9278 1151.58
Middle: 3.32747 39.4762 1145.48
Ring: 15.1695 33.4186 1131.06
Little: 41.6601 89.3546 1056.73
Thumb: 34.8239 139.92 1170.57
Index: -0.838625 69.6878 1152.42
Middle: 7.43697 36.5841 1144.95
Ring: 16.4538 29.933 1125.93
Little: 41.8323 86.7251 1054.26
Thumb: 36.9214 145.085 1169.65
Index: 1.62404 69.4039 1151.28
Middle: 12.3857 35.1346 1139.62
Ring: 20.0602 31.4661 1121.74
Little: 40.9989 100.082 1039.2
Thumb: 36.67 142.729 1163.35
Index: 4.02257 68.2344 1145.91
Middle: 16.5761 33.6012 1131.91
Ring: 20.3331 33.9663 1115.89
Little: 41.9175 100.44 1031.97
Thumb: 43.1021 227.467 1150.43
Index: 9.65685 70.2488 1136.55
Middle: 13.0077 53.7112 1113.53
Ring: 6.59922 61.6333 1087.36
Little: 44.0902 99.048 1019.7
Thumb: 38.1199 216.805 1127.1
Index: 4.55411 65.4455 1130.49
Middle: 4.83156 52.5574 1104.49
Ring: 1.53371 69.8636 1080.71
Little: 39.2562 94.1643 1010.89
Thumb: 37.0893 211.877 1128.82
Index: 5.21963 64.4701 1131.15
Middle: -2.31786 70.2358 1092.31
Ring: -0.371342 53.7699 1103.79
Little: 36.4317 93.149 1010.71
Thumb: 49.1977 207.15 1134.57
Index: 6.60208 56.8538 1117.37
Middle: -8.19762 42.333 1101.57
Ring: -0.963289 53.6674 1100.3
Little: 40.9902 96.5961 1006.87
Thumb: 43.2929 202.15 1130.29
Index: 16.0625 53.1785 1107.09
Middle: -4.43193 43.1687 1101.36
Ring: 4.79994 52.4197 1099.47
Little: 38.9073 101.555 1006.15
Thumb: 36.2227 199.892 1130.86
Index: 18.3895 48.6829 1104.78
Middle: -3.35288 42.1632 1103.23
Ring: 6.05223 51.3068 1099.07
Little: 40.778 100.953 1005.48
Thumb: 14.6992 244.388 1048.57
Index: 26.2073 48.3366 1088.11
Middle: 7.61381 41.8989 1083.75
Ring: 19.6895 49.8171 1102.8
Little: 124.923 91.9338 1049.75
Thumb: -2.12413 220.579 1062.53
Index: 31.6632 48.7586 1081.35
Middle: 5.82363 43.1145 1091.53
Ring: 26.0879 45.5024 1089.17
Little: 124.786 90.2952 1050.5
Thumb: -13.0798 215.516 1062.45
Index: 33.5936 56.554 1079.43
Middle: 5.53139 46.7231 1095.17
Ring: 30.6283 46.4719 1100.55
Little: 125.67 104.747 1063.64
Thumb: 43.1265 98.6354 991.853
Index: 51.8431 23.9639 1065.43
Middle: 13.3356 4.47994 1090.53
Ring: 35.7745 14.2148 1100.2
Little: 109.204 111.681 1098.04
Thumb: 47.5714 122.764 994.82
Index: 9.07087 25.7612 1075.78
Middle: -1.82152 10.7056 1092.3
Ring: 4.58188 19.5723 1089.48
Little: 61.0442 40.1214 1075.11
Thumb: 41.3949 120.611 996.82
Index: 8.17272 31.4771 1074.04
Middle: -4.09339 15.0471 1090.83
Ring: -1.07294 26.2822 1090.38
Little: 61.5798 40.6437 1076.81
Thumb: 26.8624 163.792 980.855
Index: 11.8598 34.8826 1065.38
Middle: -2.79466 14.7458 1090.96
Ring: -0.132504 25.9799 1089.94
Little: 58.4784 38.8336 1078.81
Thumb: 26.3118 157.308 978.513
Index: 15.8834 61.3579 1043.71
Middle: -2.01665 13.5033 1088.57
Ring: 0.208323 24.7206 1086.92
Little: 61.7197 42.9173 1068.82
Thumb: 22.2922 161.849 978.791
Index: 14.7567 61.4799 1041.45
Middle: -2.1012 13.6947 1086.24
Ring: 0.23081 24.8939 1084.77
Little: 61.9458 43.9559 1063.97
Thumb: 63.5528 198.169 979.12
Index: 12.6093 61.1658 1038.67
Middle: -2.92688 12.4758 1083.49
Ring: -0.331787 23.551 1082.24
Little: 58.7219 41.6732 1064.02
Thumb: 10.8107 183.892 982.001
Index: 9.43498 78.2792 1039.92
Middle: -0.424054 14.7196 1081.46
Ring: 2.40758 25.1661 1080.62
Little: 55.6062 42.1045 1063.09
Thumb: 4.22401 186.637 983.306
Index: 6.47637 57.4557 1041.52
Middle: -1.1878 16.1052 1081.18
Ring: 3.25061 25.2529 1081.39
Little: 53.5081 40.2841 1061.27
Thumb: -0.0743227 189.669 984.152
Index: 5.54287 56.3243 1042.42
Middle: -0.126344 17.6617 1080.73
Ring: 2.98608 27.4674 1080.55
Little: 51.795 42.9217 1059.58
Thumb: -3.32246 193.126 985.738
Index: 3.97542 58.9963 1040.91
Middle: -0.745958 19.2785 1079.08
Ring: 5.53331 27.3619 1077.03
Little: 52.3625 44.0714 1057.83
Thumb: 29.2201 225.415 981.576
Index: 2.1255 59.3539 1037.22
Middle: -0.747871 19.2101 1074.02
Ring: 2.74023 28.6975 1072.29
Little: 52.0285 45.1061 1049.92
Thumb: -5.93032 195.81 981.881
Index: 0.266996 57.7213 1036.29
Middle: -1.39775 20.3693 1073.83
Ring: 0.915512 29.8486 1073.19
Little: 45.7264 40.1453 1065.25
Thumb: -6.64526 195.455 980.763
Index: -0.053503 59.7225 1034.36
Middle: -3.19691 19.9931 1072.19
Ring: -0.0882177 29.2273 1064.73
Little: 45.1988 39.7688 1058.74
Thumb: -26.8705 211.58 998.221
Index: -4.00648 51.1705 1039.31
Middle: -1.87531 20.6993 1067.04
Ring: -0.456369 30.3352 1068.08
Little: 42.0229 39.5522 1068.33
Thumb: 0.537251 219.693 984.823
Index: -7.35057 61.8198 1030.48
Middle: -1.37444 22.4275 1063.05
Ring: -0.932627 31.9451 1065.26
Little: 41.0413 40.0865 1060.1
Thumb: -12.8827 203.941 983.465
Index: -4.19306 61.6018 1027.18
Middle: -2.04549 21.3761 1063.6
Ring: -1.65721 30.9747 1058.67
Little: 41.1053 40.6059 1057.15
Thumb: 9.06922 187.671 969.203
Index: -5.96796 61.2953 1028.51
Middle: -2.64408 21.5854 1065.55
Ring: -2.76764 31.2353 1059.91
Little: 40.2295 40.1733 1058.51
Thumb: 6.06007 189.002 968.395
Index: -6.83923 68.2368 1024.85
Middle: -4.63304 21.7862 1061.89
Ring: -2.77293 30.9016 1056.59
Little: 39.6079 40.7988 1054.13
Thumb: -30.9536 215.175 995.715
Index: -6.72301 66.8459 1022.38
Middle: -4.2893 21.4576 1058.88
Ring: -2.36706 30.3037 1058.98
Little: 39.9895 40.4764 1051.63
Thumb: -17.5617 204.33 980.537
Index: -6.98789 59.4275 1025.31
Middle: -3.9467 20.5463 1059.08
Ring: -3.4504 29.8753 1058.65
Little: 39.4572 39.723 1050.97
Thumb: -14.6483 203.71 978.618
Index: -7.94071 62.5856 1022.58
Middle: -1.4714 20.1961 1058.63
Ring: -4.19119 29.9328 1060.46
Little: 38.5555 39.9966 1050.66
Thumb: -16.5123 205.053 981.291
Index: -7.61373 64.5518 1021.56
Middle: -2.45408 22.3222 1059.14
Ring: -3.70837 31.496 1058.79
Little: 40.8829 42.4711 1046.22
Thumb: 11.4699 183.083 962.847
Index: -8.18782 63.6235 1023.07
Middle: 2.12243 21.1848 1058.6
Ring: -0.746284 30.3763 1060.18
Little: 43.575 44.5424 1047.04
Thumb: -10.3011 199.089 973.97
Index: -7.05528 55.041 1025.7
Middle: -2.44435 20.0222 1062.76
Ring: -3.64804 28.9547 1060.74
Little: 41.8144 41.5455 1049.05
Thumb: -8.96842 195.749 970.852
Index: -4.51672 48.8223 1029.01
Middle: -3.50818 19.1086 1064.05
Ring: -2.00772 27.4737 1063.27
Little: 41.5383 38.28 1058.99
Thumb: 29.5779 172.943 961.93
Index: -1.93658 48.4931 1031.46
Middle: -3.37927 18.5666 1067.55
Ring: -0.845644 26.7585 1066.92
Little: 42.7578 38.3424 1064.62
Thumb: -5.62163 190.474 971.981
Index: 0.872398 46.7566 1032.82
Middle: -0.645448 16.8251 1070.36
Ring: 1.78083 24.9524 1069.66
Little: 45.1565 37.2647 1067.97
Thumb: -8.19254 191.239 975.391
Index: 0.48805 44.1186 1040.63
Middle: -1.03338 17.6096 1072.42
Ring: 3.29378 25.344 1072.24
Little: 46.2941 38.0941 1069.38
Thumb: 16.6749 176.223 967.216
Index: 0.290416 44.8757 1040.34
Middle: -1.28231 17.4523 1072.32
Ring: 3.30584 25.0788 1074.4
Little: 43.6284 35.7372 1075.74
Thumb: -8.10732 187.694 977.251
Index: 2.1882 43.9494 1044.71
Middle: -0.0109596 17.1823 1077.84
Ring: 5.78515 24.4442 1078.58
Little: 45.5437 36.0951 1081.45
Thumb: 53.1197 154.584 973.136
Index: 0.665269 41.5903 1048.73
Middle: -2.65365 15.7833 1081.73
Ring: 4.64571 22.3062 1080.53
Little: 44.0005 33.6753 1085.02
Thumb: 15.0404 206.768 978.684
Index: 2.1483 41.1229 1050.85
Middle: -0.901872 14.625 1081.01
Ring: 5.54986 22.0033 1084.05
Little: 45.7946 33.8902 1085.79
Thumb: 1.89272 176.72 979.769
Index: 3.03267 39.1719 1055.72
Middle: -0.737977 14.8147 1086.24
Ring: 6.57266 22.0852 1088.33
Little: 47.169 34.4592 1089.46
Thumb: 25.9086 212.423 984.496
Index: 3.06603 35.2885 1064.94
Middle: -0.722744 14.268 1089.83
Ring: 6.44065 21.7197 1091.58
Little: 45.1754 34.6226 1095.92
Thumb: 8.23398 178.332 988.031
Index: 8.01877 44.6546 1061.55
Middle: -0.771988 15.5428 1093.57
Ring: 4.63307 23.7373 1094.12
Little: 39.9902 37.1385 1105.83
Thumb: 9.50907 181.686 992.195
Index: 9.48477 44.575 1065.17
Middle: 0.153869 15.5124 1099.39
Ring: 4.66189 23.9902 1097.38
Little: 41.0436 36.9436 1111.32
Thumb: 4.55018 184.77 998.508
Index: 3.20443 35.3278 1084.55
Middle: 1.56234 15.1825 1102.29
Ring: 6.27631 22.8836 1101.75
Little: 41.4263 36.108 1110.22
Thumb: -4.72574 188.237 1009.15
Index: -0.41089 36.8319 1091.41
Middle: 0.332518 16.0187 1109.04
Ring: 5.38194 23.2677 1108.83
Little: 43.5316 34.3017 1114.89
Thumb: 1.56413 191.621 1008.16
Index: -1.40245 41.3961 1090.97
Middle: -0.862563 19.9974 1107.07
Ring: 5.01995 26.6289 1105.25
Little: 41.4618 37.6612 1116.46
Thumb: 10.9545 162.641 995.805
Index: -0.38017 39.478 1089.95
Middle: -0.561073 18.2354 1106.47
Ring: 4.8809 24.9962 1106.67
Little: 32.4984 42.0014 1117.46
Thumb: 56.8866 138.407 982.379
Index: 1.81756 30.5597 1089.54
Middle: -2.15861 11.9299 1101.48
Ring: 1.2463 20.3699 1101.7
Little: 19.442 42.5885 1122.63
Thumb: 83.9407 131.907 977.997
Index: 9.94672 34.1443 1082.91
Middle: 1.07876 18.5562 1099.63
Ring: 3.02499 27.099 1105.07
Little: 20.3798 50.408 1117.87
Thumb: 81.6886 97.1055 1021.34
Index: 6.80304 29.0284 1074.42
Middle: -4.46601 20.5997 1102.96
Ring: 4.14666 27.2642 1106.04
Little: 16.7663 53.1544 1117.19
Thumb: 76.8334 100.648 1028.38
Index: 6.97729 31.4721 1071.95
Middle: -5.88319 20.0309 1097.42
Ring: -0.505825 28.1092 1103.01
Little: 13.4355 53.9802 1111.4
Thumb: 92.5191 117.977 1010.09
Index: 10.0214 31.0495 1056.05
Middle: -7.14678 18.9056 1078.41
Ring: -2.32028 26.9856 1085.07
Little: 10.216 52.866 1095.08
Thumb: 74.1594 105.233 995.265
Index: 2.64836 30.3636 1058.14
Middle: -8.44504 18.4374 1069.67
Ring: -0.405317 27.0883 1086.88
Little: 9.82022 52.2864 1089.34
Thumb: 83.4453 125.754 976.305
Index: 4.1773 30.2813 1057.82
Middle: -8.00106 17.9951 1070.59
Ring: -1.93085 27.4522 1088.33
Little: 10.3215 51.5302 1089.04
Thumb: 102.514 115.404 1085.5
Index: 6.28295 38.6272 1110.64
Middle: -4.42824 26.043 1120.1
Ring: -14.5144 37.8077 1133.07
Little: -1.76652 61.6789 1140.37
Thumb: 99.569 115.18 1090.79
Index: 6.39952 38.0294 1110.66
Middle: -6.4146 26.0754 1118.64
Ring: -15.326 37.4661 1133.03
Little: -6.06836 62.0553 1136.94
Thumb: 106.411 115.579 1085.6
Index: 8.23666 38.0097 1105.78
Middle: -4.52456 25.5325 1113.29
Ring: -8.5972 34.0216 1121
Little: -10.932 59.6396 1135.47
Thumb: 105.646 100.165 1088.42
Index: 5.50586 29.4041 1107.18
Middle: -3.44019 15.4555 1111.57
Ring: -7.15715 24.6181 1119.85
Little: -24.4552 51.5981 1143.24
Thumb: 127.291 104.656 1081.9
Index: 4.20202 29.8958 1111.91
Middle: -5.09026 16.3349 1116.12
Ring: -8.98912 26.182 1122.22
Little: -27.6344 55.2179 1142.14
Thumb: 106.558 101.539 1124.87
Index: 7.31109 29.3213 1113.62
Middle: -6.93032 17.8731 1116.47
Ring: -9.38176 27.1407 1119.91
Little: -30.6413 56.7501 1137.88
Thumb: 101.549 112.753 1129.46
Index: 5.75299 30.7981 1112.59
Middle: -10.3105 19.4611 1117.54
Ring: -9.51102 27.012 1117.89
Little: -33.8839 55.7717 1133.11
Thumb: 82.8561 116.682 1136.77
Index: 4.20653 29.9357 1113.62
Middle: -10.9733 18.1366 1118.86
Ring: -11.5215 25.9183 1119.11
Little: -37.2537 54.7384 1130.12
Thumb: 78.7298 132.504 1154.8
Index: 7.0883 29.3796 1112.37
Middle: -7.05548 16.6335 1116.73
Ring: -14.008 25.2812 1118.58
Little: -29.1415 68.4707 1150.03
Thumb: 77.5335 129.522 1158.91
Index: 11.3992 31.5784 1125.01
Middle: 34.4686 78.9685 1193.7
Ring: -15.2867 23.4018 1118.26
Little: -33.427 71.0143 1144.12
Thumb: 91.4527 128.731 1146.71
Index: 12.0812 33.1133 1126.56
Middle: 33.3856 79.7489 1193.64
Ring: -15.4855 23.1868 1119.69
Little: -31.8925 93.434 1140.05
Thumb: 92.209 127.211 1140.97
Index: 10.518 32.5369 1124.76
Middle: 33.1378 78.272 1191.51
Ring: -17.2516 22.6489 1116.51
Little: -33.5002 93.7144 1135.84
Thumb: 90.3927 127.55 1139.25
Index: 9.11414 32.8105 1124.57
Middle: 34.848 84.003 1191.7
Ring: -19.2743 23.0002 1116.56
Little: -34.4949 94.0268 1136.39
Thumb: 89.5811 127.243 1139.31
Index: 8.5713 33.157 1122.99
Middle: 33.7197 87.9352 1190.85
Ring: -20.3163 22.8888 1114.28
Little: -35.628 93.8574 1133.93
Thumb: 101.114 124.918 1147.01
Index: 7.50716 34.1479 1125.14
Middle: 30.2002 91.8931 1192.2
Ring: -21.4637 22.9556 1114.45
Little: -37.232 94.647 1131.64
Thumb: 95.6348 118.09 1144.25
Index: 6.16036 35.5033 1123.17
Middle: 26.785 97.3636 1191.22
Ring: -22.2225 24.4278 1111.9
Little: -38.8354 95.9999 1128.34
Thumb: 90.3499 115.799 1136.54
Index: 6.83418 35.6381 1124.81
Middle: 28.0656 101.162 1191.47
Ring: -23.2915 24.7147 1115.11
Little: -38.4884 95.936 1129.37
Thumb: 96.7343 114.154 1123.45
Index: 10.528 30.3413 1124.08
Middle: 26.3353 98.5143 1191.97
Ring: -24.1502 22.3557 1113.32
Little: -40.0485 93.6651 1129.66
Thumb: 104.363 118.316 1119.06
Index: 9.322 30.9363 1123.81
Middle: 24.6727 98.9058 1191.73
Ring: -24.7785 22.6797 1112.52
Little: -40.9981 94.1291 1128.22
Thumb: 98.3955 111.095 1119.73
Index: 9.82044 31.6965 1124.81
Middle: 25.8532 100.813 1192.17
Ring: -24.2107 23.7753 1114.11
Little: -40.3535 95.4323 1128.85
Thumb: 101.05 114.407 1120.65
Index: 9.92345 31.7316 1124.83
Middle: 25.7368 100.733 1191.98
Ring: -24.6307 23.7725 1113.92
Little: -40.3778 95.3814 1128.55
Thumb: 99.4226 115.258 1125.54
Index: 7.82995 32.2108 1126.12
Middle: 21.622 99.4995 1193.15
Ring: -23.563 23.6757 1114.39
Little: -41.1245 95.694 1126.97
Thumb: 97.3544 115.178 1125.24
Index: 7.39786 30.6275 1125.78
Middle: 21.5424 100.636 1193.49
Ring: -22.6525 23.4927 1115.87
Little: -41.3418 95.3686 1127.56
Thumb: 97.1856 115.307 1125.35
Index: 8.09622 32.0565 1127.18
Middle: 21.6124 100.917 1193.74
Ring: -22.4466 23.4555 1116.34
Little: -41.2844 95.314 1127.85
Thumb: 100.582 119.414 1125.7
Index: 8.48729 32.2595 1128.04
Middle: 21.8793 104.346 1193.9
Ring: -21.2801 23.1673 1116.8
Little: -41.3001 94.9007 1128.22
Thumb: 102.172 121.684 1126.07
Index: 6.86595 29.4943 1125.77
Middle: 21.8457 105.694 1193.76
Ring: -20.8068 23.0015 1116.69
Little: -41.3243 94.582 1128.21
Thumb: 101.468 120.537 1125.77
Index: 8.55305 29.8118 1126.9
Middle: 21.3604 101.169 1194.33
Ring: -20.0759 22.3735 1116.88
Little: -40.9629 93.8334 1128.41
Thumb: 100.323 118.659 1125.98
Index: 8.04854 30.1995 1126.94
Middle: 20.9096 101.298 1194.43
Ring: -19.8828 22.3488 1116.49
Little: -40.8531 94.2507 1127.46
Thumb: 99.9625 118.981 1124.64
Index: 8.94115 31.2316 1126.84
Middle: 21.8552 101.79 1194.25
Ring: -18.8609 23.0919 1116.47
Little: -40.2729 95.59 1128.37
Thumb: 97.4983 120.012 1126.15
Index: 9.44531 30.6305 1128.18
Middle: 21.9506 102.276 1194.85
Ring: -18.4108 22.402 1117.89
Little: -39.4852 94.5189 1128.07
Thumb: 97.1317 122.989 1127.93
Index: 10.6029 32.2391 1129.28
Middle: 22.8434 104.182 1195.95
Ring: -17.7093 24.5012 1118.77
Little: -38.4323 95.4552 1129.98
Thumb: 111.126 133.655 1131.7
Index: 6.59446 34.5377 1129.69
Middle: 23.4341 103.988 1196.01
Ring: -17.9554 24.5319 1119.08
Little: -38.0513 95.6759 1130.3
Thumb: 123.176 131.514 1126.27
Index: 8.45571 34.5706 1128.23
Middle: 24.7404 103.302 1195.46
Ring: -16.0174 24.4639 1117.8
Little: -36.8666 94.9652 1129.93
Thumb: 129.798 137.387 1124.75
Index: 11.6949 36.3115 1127.25
Middle: 26.3569 104.824 1195.17
Ring: -15.1399 26.5045 1117.04
Little: -34.4985 96.0844 1130.43
Thumb: 116.839 121.579 1134.63
Index: 11.4296 36.7466 1126.26
Middle: 31.1259 106.856 1194.29
Ring: -12.5106 27.1873 1116.4
Little: -32.83 97.3917 1131.63
Thumb: 127.879 124.912 1116.04
Index: 15.7236 37.1667 1126.78
Middle: 33.1104 107.752 1194.43
Ring: -9.21288 27.255 1115.47
Little: -30.0487 97.5861 1129.85
Thumb: 132.406 126.569 1083.54
Index: 18.1067 36.6111 1124.72
Middle: 36.6989 111.083 1193.45
Ring: -5.90195 26.94 1114.28
Little: -27.3374 96.8137 1130.78
Thumb: 137.339 132.766 1091.18
Index: 24.6325 40.4782 1122.83
Middle: 36.278 107.164 1193.85
Ring: 0.0369945 29.0099 1109.2
Little: -23.2376 100.329 1126.89
Thumb: 143.984 131.616 1088.64
Index: 29.5881 41.4923 1119.63
Middle: 44.5164 104.826 1193.65
Ring: 4.51643 31.8997 1106.5
Little: -15.7351 102.057 1124.73
