Thumb: 32.9554 91.7207 1121.92
Index: -64.5745 28.1944 1098.23
Middle: -101.42 40.8207 1097.63
Ring: -124.543 62.0639 1082.41
Little: -141.773 103.039 1080.87
Thumb: 44.8531 98.192 1100.06
Index: -45.2068 72.7462 1153.74
Middle: -98.7355 31.7162 1093.53
Ring: -112.849 54.3918 1103.67
Little: -108.852 131.422 1134.36
Thumb: 47.5332 98.3199 1089.94
Index: -57.4599 66.4812 1147.62
Middle: -106.224 33.679 1087.22
Ring: -120.062 53.5619 1086.66
Little: -110.654 139.673 1136.46
Thumb: 30.3567 87.9808 1105.25
Index: -60.7436 65.4006 1152.89
Middle: -108.034 38.9901 1097.92
Ring: -124.323 54.1349 1092.77
Little: -113.653 143.634 1134.28
Thumb: 28.8847 85.9218 1102.45
Index: -62.4194 62.5543 1151.47
Middle: -110.101 37.1869 1095.73
Ring: -126.938 49.9761 1078.66
Little: -116.953 135.324 1135.59
Thumb: 13.7376 77.1912 1090.57
Index: -67.0586 55.2639 1147.78
Middle: -111.774 36.9107 1096.61
Ring: -128.384 49.5659 1081.05
Little: -116.03 139.936 1137.09
Thumb: 8.15143 75.1406 1090.45
Index: -63.0205 64.9181 1150.69
Middle: -113.919 36.0203 1094.9
Ring: -129.162 53.0594 1089.34
Little: -116.461 135.095 1138.2
Thumb: 2.66071 75.1229 1097.17
Index: -62.3874 73.5178 1147.71
Middle: -115.364 38.14 1097.25
Ring: -127.744 58.6894 1100.58
Little: -115.792 135.144 1141.16
Thumb: -0.296952 74.1317 1095.37
Index: -93.697 49.1173 1107.28
Middle: -115.295 38.8904 1099.49
Ring: -127.789 59.2052 1101.79
Little: -113.877 138.608 1142.24
Thumb: -2.24672 72.5809 1095.78
Index: -96.6521 48.4158 1105.82
Middle: -118.214 39.2838 1100.5
Ring: -130.687 58.9717 1101.81
Little: -113.671 139.684 1143.26
Thumb: -10.4658 72.7932 1090.98
Index: -92.1588 45.0107 1104.66
Middle: -122.153 43.0928 1099.54
Ring: -131.646 61.5071 1101.82
Little: -109.824 142.642 1145.01
Thumb: -11.8615 69.911 1082.16
Index: -91.5228 46.7048 1105.89
Middle: -123.801 46.363 1102.66
Ring: -126.8 58.7465 1104.34
Little: -105.938 137.297 1147.55
Thumb: -9.09286 70.7412 1081.9
Index: -97.3956 42.5467 1098.04
Middle: -119.641 42.5278 1098.45
Ring: -121.077 61.1309 1105.97
Little: -105.518 133.948 1148.08
Thumb: -9.76109 73.8731 1092.08
Index: -91.3202 40.7435 1100.1
Middle: -115.494 38.661 1097.86
Ring: -115.891 58.644 1107.4
Little: -104.599 131.059 1145.55
Thumb: -5.11028 77.8081 1087.13
Index: -82.8501 41.7655 1101.15
Middle: -107.296 39.8602 1099.91
Ring: -109.909 56.756 1105.35
Little: -102.918 131.362 1145.19
Thumb: -2.82958 78.5318 1083.04
Index: -72.0165 40.379 1111.04
Middle: -103.216 33.2476 1097.96
Ring: -104.821 56.8665 1114.13
Little: -95.9414 130.471 1148.71
Thumb: 0.805322 79.6058 1083.01
Index: -64.0843 41.6635 1114.11
Middle: -95.1267 33.3358 1096.84
Ring: -99.5314 57.8468 1110.74
Little: -91.1059 130.142 1146.87
Thumb: 7.13127 79.8302 1077.92
Index: -55.918 43.3954 1116.29
Middle: -88.9679 32.8305 1095.49
Ring: -92.5211 57.8055 1110.17
Little: -84.8836 130.834 1144.68
Thumb: 14.7202 83.0677 1076.92
Index: -47.8918 37.1415 1110.3
Middle: -73.402 29.0341 1102.17
Ring: -82.4428 47.0402 1104.94
Little: -101.321 69.0131 1097.9
Thumb: 20.3232 84.9597 1081.2
Index: -36.7256 38.1627 1114
Middle: -63.9044 33.6337 1110.09
Ring: -75.8905 48.9038 1103.93
Little: -92.7531 70.461 1097.91
Thumb: 32.9395 90.1942 1072.27
Index: -29.5656 35.8996 1109.47
Middle: -55.5209 25.8228 1096.07
Ring: -67.9927 46.2134 1105.84
Little: -84.9752 63.9512 1098.25
Thumb: 41.1804 93.1437 1074.06
Index: -25.1292 32.2589 1105.81
Middle: -50.3022 21.99 1096.3
Ring: -57.6129 25.301 1090.41
Little: -71.7998 53.8607 1101.51
Thumb: 47.5147 92.9831 1081.96
Index: -23.2412 34.5226 1110.82
Middle: -45.4623 20.9228 1100.8
Ring: -56.5455 29.2044 1098.87
Little: -70.2133 65.8505 1118.3
Thumb: 49.2886 88.9531 1080.41
Index: -18.3896 25.3269 1101.16
Middle: -38.0134 17.5162 1094.63
Ring: -56.1049 30.1275 1090.36
Little: -67.8376 59.9155 1103.46
Thumb: 55.2111 88.0026 1082.19
Index: -11.0156 27.5797 1103.47
Middle: -31.1292 18.4152 1100.43
Ring: -49.0837 30.1648 1093.38
Little: -60.7882 58.8007 1097.19
Thumb: 63.0383 87.5998 1083.91
Index: -5.23442 23.5751 1101.82
Middle: -24.0006 14.5464 1104.27
Ring: -33.7227 36.6824 1132.98
Little: -50.3537 51.8376 1098.66
Thumb: 72.4604 83.0061 1092.21
Index: 3.63997 22.3183 1103.98
Middle: -20.0429 10.1678 1099.34
Ring: -38.2987 22.8559 1101.76
Little: -45.6129 49.466 1098.76
Thumb: 79.3538 82.1725 1095.48
Index: 19.1764 22.3956 1109.4
Middle: -12.5015 8.78975 1102.84
Ring: -31.2215 19.915 1103.1
Little: -40.1144 47.9326 1105
Thumb: 93.789 91.106 1102.53
Index: 30.0643 19.1591 1112.68
Middle: -4.52835 2.36333 1104.36
Ring: -23.5665 11.7642 1104.77
Little: -34.5036 57.0539 1119.52
Thumb: 101.465 92.2157 1104.53
Index: 34.5086 16.3819 1105.15
Middle: 2.36594 8.55834 1099.78
Ring: -17.5163 15.9298 1089.92
Little: -25.1145 84.1746 1131.79
Thumb: 129.016 100.873 1088.81
Index: 43.871 16.5887 1097.9
Middle: 10.6894 4.16812 1092.34
Ring: -5.46347 20.6623 1107.4
Little: -18.9852 99.8468 1126.89
Thumb: 120.797 93.5585 1085.25
Index: 56.0048 16.948 1099.3
Middle: 21.5433 2.1721 1096.03
Ring: 10.3239 19.952 1115.5
Little: -8.74365 98.7425 1130.58
Thumb: 132.01 91.0355 1092.84
Index: 59.9693 11.7241 1098.21
Middle: 25.3428 1.15001 1095.42
Ring: 8.00215 20.4138 1111.99
Little: -6.8538 95.7281 1130.73
Thumb: 133.28 90.9735 1097.23
Index: 72.8038 32.5776 1106.57
Middle: 34.1863 2.94315 1089.84
Ring: 29.8629 7.12611 1087.58
Little: -1.87356 99.0843 1125.62
Thumb: 138.994 93.7767 1093.05
Index: 72.1753 11.7528 1098.14
Middle: 39.2042 3.87421 1085.86
Ring: 37.1475 11.5289 1094.2
Little: 11.9842 65.408 1119.93
Thumb: 142.745 99.5918 1095.58
Index: 80.5029 11.539 1098.43
Middle: 46.9068 3.77661 1089.07
Ring: 37.1304 10.547 1095.77
Little: 16.7949 68.2978 1123.59
Thumb: 148.483 95.1655 1096.21
Index: 81.4885 9.41607 1096.88
Middle: 47.7995 0.661093 1083.4
Ring: 37.2912 16.1317 1101.32
Little: 14.4019 90.3 1127.35
Thumb: 153.431 96.6191 1100.75
Index: 90.7083 32.3294 1104.31
Middle: 49.3739 -3.75871 1085.86
Ring: 44.8693 37.3127 1118.16
Little: 16.6869 87.4698 1128.27
Thumb: 157.06 99.148 1105.07
Index: 96.6984 51.9004 1104.59
Middle: 51.2968 -3.39237 1083.77
Ring: 45.3191 39.5064 1116.46
Little: 16.6137 88.8949 1122.77
Thumb: 160.202 99.3755 1104.42
Index: 97.7382 44.9061 1110.58
Middle: 55.0339 2.12695 1094.7
Ring: 52.8379 79.8554 1136.27
Little: 21.0284 92.6616 1123.65
Thumb: 161.346 99.1428 1105.78
Index: 98.2774 44.7216 1109.81
Middle: 56.1586 4.9878 1095.05
Ring: 51.9447 74.2193 1139.72
Little: 21.5613 70.5448 1134.26
Thumb: 163.362 103.333 1107.57
Index: 99.4182 48.1554 1110.79
Middle: 57.3264 2.76713 1091.91
Ring: 50.6655 74.242 1161.76
Little: 21.0996 76.9755 1133.89
Thumb: 162.141 102.639 1108.79
Index: 98.3117 49.0589 1111.07
Middle: 55.9513 1.76107 1090.96
Ring: 50.3632 82.6348 1162.63
Little: 18.5479 76.5767 1134.23
Thumb: 163.465 97.8148 1108.54
Index: 97.0329 48.7275 1110.36
Middle: 50.5127 3.08358 1092.79
Ring: 52.5709 89.3169 1158.21
Little: 20.3471 83.2224 1134.03
Thumb: 160.853 92.7623 1108.39
Index: 94.4512 51.3251 1108.03
Middle: 44.3256 4.78769 1093.89
Ring: 51.7281 96.8797 1156.08
Little: 17.4499 83.7423 1134.72
Thumb: 158.011 94.4581 1110.88
Index: 92.9678 57.284 1107.31
Middle: 37.1032 5.23161 1084.88
Ring: 49.4253 98.3881 1158.49
Little: 16.7633 87.9799 1133.29
Thumb: 159.45 97.1964 1109.54
Index: 89.8637 58.6669 1107.81
Middle: 35.0566 7.7593 1092.07
Ring: 45.1833 98.9389 1158.8
Little: 13.1509 91.0741 1133.32
Thumb: 168.756 102.505 1108.68
Index: 85.1759 58.9372 1105.19
Middle: 28.5728 9.39539 1093.69
Ring: 43.1104 100.114 1158.68
Little: 10.6091 95.8119 1129.83
Thumb: 167.911 100.575 1108.06
Index: 79.7709 58.3189 1105.52
Middle: 22.5355 10.3979 1090.87
Ring: 39.9255 102.708 1156.97
Little: 6.06058 93.4553 1132.69
Thumb: 165.101 100.965 1106.51
Index: 74.3716 57.6056 1106.85
Middle: 16.1409 13.5165 1095.5
Ring: 30.9975 99.8797 1160.93
Little: -0.601403 91.8216 1132.2
Thumb: 133.932 89.8099 1114.22
Index: 69.5697 59.5776 1110.23
Middle: 11.1434 18.0225 1098.02
Ring: 21.7867 87.6722 1164.12
Little: -4.60232 96.9786 1132.81
Thumb: 124.924 91.9021 1113.69
Index: 63.3538 59.9943 1110.31
Middle: 3.57441 18.7405 1098.78
Ring: 18.4801 93.1866 1165.07
Little: -6.7317 115.556 1136.56
Thumb: 111.934 93.402 1122.98
Index: 46.271 47.1717 1118.69
Middle: -4.94361 18.6935 1101.92
Ring: 12.1198 95.7465 1166.56
Little: -10.0729 124.376 1135.67
Thumb: 105.449 98.4161 1126.92
Index: 42.0602 52.1035 1120.27
Middle: -8.00745 23.2308 1100.66
Ring: 6.26309 99.7696 1167.14
Little: -19.2062 115.197 1138.73
Thumb: 100.528 98.7175 1131.81
Index: 31.148 48.679 1130.14
Middle: -15.3925 27.4833 1106.45
Ring: 1.11216 107.258 1168.16
Little: -23.5905 121.449 1138.39
Thumb: 91.0099 94.9961 1127.63
Index: 26.0421 56.6805 1134.71
Middle: -21.5647 27.3785 1105.12
Ring: -10.8751 96.0042 1166.47
Little: -29.596 122.652 1138.27
Thumb: 94.5857 90.5451 1121.64
Index: 14.4805 45.4733 1136.53
Middle: -22.9257 29.674 1112
Ring: -12.5803 93.8058 1172.25
Little: -34.0418 120.896 1146.03
Thumb: 86.7905 96.7342 1128.52
Index: 12.2204 50.0636 1142.47
Middle: -25.5401 35.8684 1116.42
Ring: -12.3395 106.28 1177.2
Little: -35.9421 126.959 1152.95
Thumb: 82.2585 100.074 1131.38
Index: 7.96854 52.5265 1143.52
Middle: -29.3369 36.1164 1111.95
Ring: -23.3909 101.702 1176.04
Little: -44.9636 124.962 1152.47
Thumb: 68.5802 99.7098 1142.99
Index: 3.24959 57.8383 1135.3
Middle: -33.3368 30.6614 1121.21
Ring: -33.9434 113.382 1154.9
Little: -64.0558 122.492 1139.06
Thumb: 94.8067 132.105 1205.35
Index: -43.4725 51.5223 1121.25
Middle: -69.012 76.989 1130.71
Ring: -57.1211 136.378 1121.62
Little: -77.3182 128.889 1095.31
Thumb: 76.242 170.724 1201.18
Index: -51.508 50.2372 1124.13
Middle: -85.8147 101.058 1130.02
Ring: -66.6617 131.636 1102.92
Little: -77.1747 119.222 1073.87
Thumb: 65.9216 169.614 1210.26
Index: -54.4317 48.7774 1120.46
Middle: -73.0227 41.0077 1100.56
Ring: -67.0449 130.58 1098.82
Little: -75.6273 112.319 1070.54
Thumb: 62.3664 185.258 1210.37
Index: -59.442 51.4147 1135.5
Middle: -70.3412 30.3093 1116.43
Ring: -70.812 133.933 1099.83
Little: -73.0552 116.092 1072.65
Thumb: 39.8114 170.735 1233.87
Index: -65.4385 53.0358 1141.62
Middle: -76.5242 33.0156 1119.77
Ring: -79.1382 133.399 1106.57
Little: -79.4332 115.356 1078.76
Thumb: 37.6642 196.727 1232.82
Index: -68.7884 55.8668 1145.39
Middle: -75.9508 46.8906 1124.52
Ring: -81.5959 134.087 1108.54
Little: -79.6328 115.062 1080.77
Thumb: 29.9924 193.399 1245.38
Index: -53.7213 102.94 1162.51
Middle: -74.9015 68.2854 1129.53
Ring: -77.7269 157.449 1112.59
Little: -79.0862 135.331 1086.84
Thumb: 28.0815 191.301 1246.71
Index: -54.7688 102.187 1162.75
Middle: -74.8907 71.03 1120.38
Ring: -76.7557 158.083 1112.46
Little: -77.6622 138.385 1086.21
Thumb: 76.6546 148.664 1226.62
Index: -52.2216 93.29 1169.18
Middle: -60.1626 104.263 1145.57
Ring: -49.0964 159.749 1126.1
Little: -83.5872 156.258 1109.81
Thumb: 78.6054 134.952 1215.65
Index: -50.4744 95.2028 1157.43
Middle: -62.2689 109.149 1137.01
Ring: -45.5567 160.957 1118.72
Little: -56.8404 164.185 1086.29
Thumb: 110.319 91.1143 1188.39
Index: -39.4038 102.296 1157.83
Middle: -64.9971 117.929 1138.73
Ring: -36.7553 176.412 1149.92
Little: -34.3588 184.992 1102.82
Thumb: 92.9698 139.733 1047.04
Index: -25.4779 62.0018 1118.96
Middle: -69.4355 57.5603 1129.81
Ring: -25.9992 118.298 1166.88
Little: -68.4223 150.11 1146.4
Thumb: 82.5221 153.871 1044.42
Index: -11.0971 80.8777 1113.28
Middle: -64.2529 53.2724 1137.18
Ring: -19.7393 126.663 1172.25
Little: -65.617 144.703 1166.57
Thumb: 87.5819 149.449 1057.26
Index: -12.329 81.3189 1124.99
Middle: -84.3719 35.6279 1122.32
Ring: -29.5484 133.327 1177.82
Little: -65.6444 123.751 1180.43
Thumb: 86.4979 136.251 1095.35
Index: -15.0008 82.0026 1122.79
Middle: -86.3036 35.0292 1121.43
Ring: -33.1034 114.952 1189.89
Little: -70.0331 123.318 1178.82
Thumb: 82.9474 134.633 1105.92
Index: -40.4911 50.6816 1130.27
Middle: -86.1753 34.963 1121.87
Ring: -37.9205 116.946 1190.82
Little: -74.7843 125.746 1176.84
Thumb: 52.934 124.752 1126.65
Index: -40.775 50.6284 1130.6
Middle: -89.3666 37.1393 1121.66
Ring: -40.1439 117.613 1190.43
Little: -76.2836 124.243 1175.62
Thumb: 50.1724 128.693 1125.36
Index: -42.8169 51.1357 1129.11
Middle: -90.9647 37.9135 1121.5
Ring: -42.7426 116.276 1190.21
Little: -78.0176 123.381 1175.17
Thumb: 50.4256 128.55 1133.07
Index: -52.7684 42.4623 1122.86
Middle: -92.7096 38.7529 1116.2
Ring: -47.5516 121.329 1187.27
Little: -82.5679 124.613 1170.16
Thumb: 54.5552 126.99 1131.19
Index: -50.4013 46.9033 1123.92
Middle: -94.5126 39.1109 1112.57
Ring: -51.719 116.652 1185.93
Little: -85.0642 124.644 1167.17
Thumb: 30.911 123.757 1144.9
Index: -57.3943 40.4461 1115.08
Middle: -94.7983 39.2702 1109.34
Ring: -55.0725 120.613 1182.22
Little: -87.5722 126.894 1162.1
Thumb: 27.8762 121.967 1145.92
Index: -59.4779 38.926 1112.51
Middle: -95.5993 39.2063 1109.24
Ring: -58.3308 97.8031 1179.42
Little: -89.2009 128.509 1159.36
Thumb: 47.8146 127.967 1139.84
Index: -59.6361 39.1102 1109.88
Middle: -95.5232 39.5774 1106.56
Ring: -60.4083 114.024 1178.12
Little: -90.3308 129.516 1156.27
Thumb: 49.5284 117.1 1112.63
Index: -58.4909 41.1777 1104.64
Middle: -94.3033 41.048 1100.62
Ring: -62.2958 98.5185 1172.76
Little: -91.5453 130.329 1152.4
Thumb: 56.1183 120.377 1106.74
Index: -58.3854 41.3542 1104.65
Middle: -94.0995 41.2344 1100.58
Ring: -69.1179 102.334 1172.13
Little: -91.3381 129.631 1152.57
Thumb: 67.3754 125.963 1100.42
Index: -58.9741 40.8353 1101.92
Middle: -94.8298 41.1464 1098.92
Ring: -64.5528 107.635 1170.75
Little: -89.7813 127.903 1150.76
Thumb: 65.2422 123.667 1096.64
Index: -57.7179 42.1956 1100.54
Middle: -93.6134 41.81 1096.39
Ring: -67.4713 100.307 1167.2
Little: -88.9815 120.33 1148.7
Thumb: 66.5591 124.407 1098.86
Index: -49.4983 53.0796 1111.35
Middle: -93.7343 42.194 1093.98
Ring: -67.166 102.259 1165.57
Little: -89.3659 121.317 1146.4
Thumb: 67.6164 126.655 1098.71
Index: -46.9276 52.9509 1110.04
Middle: -91.2852 41.2076 1092.41
Ring: -65.6849 101.226 1164.5
Little: -88.1523 126.624 1145.7
Thumb: 66.4849 127.891 1095.82
Index: -47.7145 50.8081 1106.63
Middle: -88.7569 42.7392 1091.68
Ring: -62.2826 105.793 1164.08
Little: -87.2192 126.165 1144.79
Thumb: 57.0163 127.131 1115.45
Index: -43.9625 52.3636 1110.87
Middle: -86.0238 41.4168 1097.25
Ring: -60.6575 107.259 1165.48
Little: -86.1203 126.966 1145.64
Thumb: 64.7954 128.257 1111.79
Index: -43.1503 51.8364 1113.61
Middle: -83.8505 43.3025 1099.94
Ring: -51.9006 130.477 1168.18
Little: -82.7331 131.093 1146.25
Thumb: 57.5673 119.907 1109.22
Index: -42.2836 51.4449 1115.06
Middle: -82.6867 42.5988 1100.6
Ring: -51.5837 131.014 1169.55
Little: -82.3886 130.204 1147.83
Thumb: 60.2538 125.258 1121.07
Index: -38.9509 51.6569 1116.93
Middle: -78.0425 41.9187 1103.67
Ring: -49.4544 123.996 1171.71
Little: -80.5599 129.903 1149.5
Thumb: 67.6517 132.01 1111.12
Index: -32.1931 49.8767 1119.82
Middle: -70.9984 37.9807 1106.52
Ring: -45.2249 123.168 1173.72
Little: -76.7351 125.685 1152.41
Thumb: 67.6648 136.626 1111.75
Index: -30.5555 50.7141 1119.98
Middle: -67.9356 37.833 1106.84
Ring: -42.8862 98.0544 1172
Little: -76.9939 124.856 1152.11
Thumb: 92.2659 159.702 1092.85
Index: -17.0009 59.8924 1123.82
Middle: -60.0286 33.0935 1111.06
Ring: -37.6249 110.942 1177.81
Little: -69.8046 117.411 1157.82
Thumb: 99.0518 171.007 1086.38
Index: -15.0834 46.9208 1121.59
Middle: -53.5515 33.1586 1112.42
Ring: -28.6056 105.684 1179.74
Little: -62.4755 118.635 1160.49
Thumb: 99.1013 170.701 1100.85
Index: -12.6619 45.5713 1124.14
Middle: -51.3493 30.5908 1114.06
Ring: -27.0525 101.005 1182.55
Little: -62.5183 116.719 1163.55
Thumb: 101.506 150.712 1118.93
Index: -4.39804 41.9276 1128.19
Middle: -45.3425 26.2648 1119.07
Ring: -13.242 91.4691 1184.97
Little: -49.1604 109.317 1169.44
Thumb: 113.419 143.125 1109.71
Index: 7.47463 49.2762 1128.82
Middle: -37.5435 26.8969 1116.84
Ring: -6.11193 81.7118 1182.75
Little: -42.7324 112.926 1168.86
Thumb: 110.346 155.973 1107.44
Index: 8.83327 38.7168 1126.09
Middle: -29.4045 22.7935 1118.34
Ring: 1.0562 78.768 1183.41
Little: -37.6498 111.271 1171.48
Thumb: 114.045 144.688 1110.03
Index: 17.3426 39.7197 1124.85
Middle: -20.976 25.5066 1118.22
Ring: 3.06687 111.129 1183.88
Little: -31.4704 113.056 1168.27
Thumb: 118.083 161.171 1109.81
Index: 24.595 38.6243 1126.65
Middle: -13.0731 22.5596 1121.71
Ring: 2.28247 28.2066 1129.1
Little: -28.9574 110.948 1159.72
Thumb: 129.401 163.212 1103.71
Index: 31.4953 38.0289 1126.49
Middle: -5.98899 21.692 1116.63
Ring: 4.83241 29.1139 1127.54
Little: -23.7281 105.281 1155.35
Thumb: 128.94 167.68 1108.36
Index: 41.4719 53.1982 1131.61
Middle: -0.130914 20.8288 1118.94
Ring: 14.7544 29.0081 1128.73
Little: -21.9508 104.321 1155.95
Thumb: 138.617 150.961 1102.94
Index: 45.6623 47.6068 1129
Middle: 8.71086 20.3384 1117.05
Ring: 19.5379 30.3813 1129.09
Little: -16.4914 111.812 1150.79
Thumb: 143.255 139.246 1114.18
Index: 52.4538 43.5946 1129.77
Middle: 17.7065 15.8079 1114.44
Ring: 25.1412 29.5384 1128.63
Little: -13.3743 108.082 1147.5
Thumb: 147.4 161.135 1120.54
Index: 59.7887 47.7479 1129.9
Middle: 24.4108 16.8065 1114.39
Ring: 34.716 31.2637 1129.86
Little: -9.1724 106.989 1149.38
Thumb: 136.116 145.109 1122.1
Index: 65.3298 36.1161 1122.25
Middle: 32.015 17.6457 1114.74
Ring: 44.1996 33.1513 1133.4
Little: 3.85747 102.843 1153.53
Thumb: 137.73 149.691 1133.01
Index: 71.0286 38.0467 1124.9
Middle: 37.6169 18.4476 1113.23
Ring: 47.8496 33.4165 1133.43
Little: 9.37541 103.614 1150.05
Thumb: 141.62 153.698 1133.08
Index: 77.7133 42.0024 1126.57
Middle: 43.0529 20.0985 1114.46
Ring: 51.2944 30.1048 1129.94
Little: 17.7845 101.387 1163.07
Thumb: 146.764 197.925 1143.51
Index: 78.0509 41.1399 1127.48
Middle: 42.4497 20.9819 1115.51
Ring: 48.4614 32.0746 1130.82
Little: 19.5069 105.426 1161.29
Thumb: 176.944 178.269 1104.93
Index: 78.2493 35.5904 1122.55
Middle: 43.2787 19.6358 1115.99
Ring: 54.6177 30.2137 1130.22
Little: 27.623 96.1152 1164.14
Thumb: 174.417 150.021 1118.39
Index: 78.6112 35.2232 1123.7
Middle: 43.6996 20.2315 1116.25
Ring: 52.8265 28.7208 1130.09
Little: 25.809 104.893 1165.31
Thumb: 183.323 165.129 1114.2
Index: 75.9482 34.1952 1125.67
Middle: 38.5099 22.0724 1122.28
Ring: 51.8606 33.4919 1138.46
Little: 32.8515 111.601 1172.07
Thumb: 183.976 163.628 1094.37
Index: 82.7275 50.1362 1130.98
Middle: 34.788 26.6975 1132.46
Ring: 49.7431 32.9093 1140.61
Little: 44.615 114.342 1182.53
Thumb: 172.317 139.769 1108.89
Index: 89.9207 54.6024 1133.18
Middle: 41.6783 30.4178 1137.97
Ring: 54.7948 33.9877 1142.1
Little: 53.265 121.443 1183.01
Thumb: 164.108 130.089 1119.92
Index: 103.324 75.6455 1137.85
Middle: 33.1854 33.7488 1137.35
Ring: 49.7168 42.3289 1146.71
Little: 46.6909 86.8424 1177.96
Thumb: 163.578 129.582 1109.2
Index: 103.764 74.9458 1138.84
Middle: 34.3185 37.2303 1144.36
Ring: 49.9967 43.7647 1149.89
Little: 59.2243 103.526 1181.93
Thumb: 166.425 132.647 1081.44
Index: 105.825 76.4312 1135.77
Middle: 36.4139 41.5933 1146.1
Ring: 51.0753 46.0453 1149.02
Little: 67.2708 105.282 1181.16
Thumb: 161.069 124.486 1072.78
Index: 100.934 75.2298 1136.13
Middle: 30.2211 45.8692 1150.9
Ring: 38.0487 61.1233 1170.75
Little: 69.0516 105.849 1182.16
Thumb: 142.049 112.931 1075.09
Index: 141.909 132.848 1102.24
Middle: 37.2368 45.9589 1154.96
Ring: 48.2328 53.645 1164.53
Little: 74.2429 127.153 1183.29
Thumb: 149.866 160.099 1005.94
Index: 139.374 135.148 1095.03
Middle: 45 46.8523 1158.24
Ring: 54.7326 53.9493 1165.34
Little: 83.6972 121.734 1185.62
Thumb: 149.986 158.305 1015.65
Index: 158.827 123.339 1122.82
Middle: 44.9549 45.345 1150.04
Ring: 51.2469 50.78 1153.38
Little: 83.2365 117.121 1184.17
Thumb: 137.944 168.575 1010.01
Index: 158.694 124.448 1115.16
Middle: 43.4498 42.9341 1140.82
Ring: 46.5096 43.9398 1135.68
Little: 86.5912 131.501 1184.38
Thumb: 128.224 162.893 1021.83
Index: 159.953 122.67 1107.62
Middle: 44.7618 43.9752 1140.79
Ring: 46.5295 45.3317 1136.34
Little: 97.3123 124.769 1183.52
Thumb: 129.066 159.115 1021.05
Index: 158.007 123.953 1103.93
Middle: 43.9271 44.129 1142.41
Ring: 45.9586 45.3251 1136.89
Little: 100.551 125.175 1185.52
Thumb: 124.67 162.008 1020.67
Index: 159.069 125.72 1102.82
Middle: 47.563 44.4525 1145.96
Ring: 49.6172 45.8419 1141.47
Little: 104.184 130.009 1186.73
Thumb: 162.506 137.595 1100.9
Index: 156.742 128.91 1099.16
Middle: 47.9312 42.57 1142.93
Ring: 50.4301 44.8537 1139.34
Little: 104.856 128.354 1186.5
Thumb: 162.674 138.22 1109.13
Index: 152.004 132.136 1100.39
Middle: 44.3401 42.1595 1141.81
Ring: 46.777 45.4193 1138.36
Little: 102.57 127.157 1189.81
Thumb: 163.995 138.197 1109.41
Index: 153.227 130.722 1101.92
Middle: 44.5706 42.8289 1144.3
Ring: 47.2854 46.0048 1140.34
Little: 102.902 128.808 1190.67
Thumb: 144.792 129.457 1123.35
Index: 153.04 130.151 1100.17
Middle: 44.2943 43.0659 1144.45
Ring: 46.8151 46.2698 1140.5
Little: 103.472 128.726 1190.25
Thumb: 141.475 128.148 1125.71
Index: 152.509 130.133 1099.89
Middle: 43.688 43.1284 1144.51
Ring: 46.5334 46.2602 1140.71
Little: 103.132 129.277 1190.46
Thumb: 144.194 129.834 1129.14
Index: 152.831 132.863 1103.09
Middle: 44.0657 43.5337 1143.61
Ring: 47.7849 46.5449 1140.2
Little: 100.904 129.285 1192.42
Thumb: 150.541 130.711 1125.83
Index: 157.174 122.796 1110.48
Middle: 42.5054 43.4862 1144.56
Ring: 45.0258 46.6465 1141.83
Little: 99.86 130.758 1192.89
Thumb: 152.635 129.624 1116.83
Index: 156.215 121.95 1110.79
Middle: 41.3598 44.2349 1148.57
Ring: 43.8765 46.4988 1144.15
Little: 98.5689 132.97 1193.65
Thumb: 144.58 120.161 1126.25
Index: 152.044 112.072 1117.98
Middle: 32.5218 38.0747 1146.93
Ring: 34.7322 40.5676 1143.73
Little: 89.7193 125.898 1197.93
Thumb: 154.249 132.064 1124.86
Index: 151.029 112.549 1122.7
Middle: 31.4073 41.2583 1152.41
Ring: 36.7486 42.2809 1147.24
Little: 86.6904 129.613 1199.54
Thumb: 147.685 118.847 1129.59
Index: 151.545 110.198 1122.51
Middle: 29.4608 42.9273 1151.31
Ring: 33.0779 44.1056 1149.5
Little: 85.4297 128.534 1195.71
Thumb: 140.244 124.321 1107.53
Index: 149.998 112.16 1122.89
Middle: 29.0713 43.6995 1153.97
Ring: 30.9759 45.2082 1150.6
Little: 83.8294 129.873 1196.08
Thumb: 137.609 121.784 1100.26
Index: 147.27 102.394 1134.57
Middle: 27.0404 39.9264 1157.91
Ring: 28.6569 41.2027 1153.89
Little: 77.9698 128.207 1197.66
Thumb: 139.2 118.321 1109.18
Index: 142.21 104.581 1142.78
Middle: 25.691 37.8902 1155.76
Ring: 28.3951 38.7656 1152.6
Little: 67.1295 127.766 1198.09
Thumb: 139.244 121.961 1107.81
Index: 139.693 100.378 1144.97
Middle: 24.8679 36.9862 1155.57
Ring: 17.7454 45.6029 1168.07
Little: 71.0791 119.462 1200.25
Thumb: 126.618 121.79 1115.2
Index: 137.544 97.6987 1145.96
Middle: 27.271 34.9203 1146.31
Ring: 14.3301 45.2999 1157.87
Little: 67.7876 106.818 1191
Thumb: 106.365 124.726 1138.41
Index: 135.188 99.6423 1143.42
Middle: 22.3665 36.1635 1146.6
Ring: 11.4994 46.6028 1159.31
Little: 65.6746 111.232 1190.86
Thumb: 97.2202 125.067 1147.76
Index: 129.962 99.851 1148.59
Middle: 18.5293 35.0819 1140.03
Ring: 6.69461 45.4209 1152.4
Little: 55.7638 113.56 1189.36
Thumb: 94.5641 125.93 1147.35
Index: 128.274 101.975 1148.23
Middle: 17.5031 34.7972 1140.31
Ring: 5.02281 45.1398 1152.57
Little: 53.3116 116.212 1189.99
Thumb: 132.712 136.853 1142.1
Index: 129.764 129.986 1130.61
Middle: 16.2724 39.1079 1138.28
Ring: 3.42338 49.2528 1150.32
Little: 51.4479 118.659 1188.14
Thumb: 146.533 127.563 1075.76
Index: 129.178 120.465 1129.8
Middle: 10.6578 40.9323 1142.11
Ring: -0.866927 52.1737 1154.51
Little: 53.3002 120.429 1188.56
Thumb: 139.499 117.142 1087.51
Index: 122.472 118.787 1133.43
Middle: -0.762578 44.2126 1138.06
Ring: -5.083 56.2455 1157.56
Little: 41.2776 123.148 1186.01
Thumb: 135.029 116.072 1066.71
Index: 113.102 122.545 1121.36
Middle: -12.8804 47.4329 1139.39
Ring: -15.5606 60.016 1159.22
Little: 33.2605 123.895 1185.57
Thumb: 128.715 121.02 1053.97
Index: 102.935 127.436 1098.01
Middle: -10.2702 42.8211 1136.71
Ring: -19.2729 54.6732 1150.35
Little: 38.3786 117.648 1182.09
Thumb: 133.563 136.938 1028.09
Index: 93.3214 124.471 1087.24
Middle: -17.0735 44.3765 1134.73
Ring: -25.3268 56.8159 1148.37
Little: 36.5681 117.93 1178.35
Thumb: 83.065 88.501 1036.92
Index: 92.2565 121.877 1088.91
Middle: -17.9428 46.8712 1139.05
Ring: -29.4563 59.601 1148.25
Little: 32.1761 119.708 1178.09
Thumb: 82.8547 78.9841 1042.18
Index: 88.1084 111.255 1091.48
Middle: -25.0158 40.6277 1137.4
Ring: -33.0586 53.6559 1149.07
Little: 21.9526 93.5297 1172.51
Thumb: 78.453 73.5224 1047.34
Index: 99.2294 98.5614 1121.35
Middle: -33.9927 43.5507 1140.15
Ring: -41.2338 56.4355 1150.83
Little: 16.0633 92.6318 1174.15
Thumb: 80.5666 74.3152 1047.68
Index: 97.2116 97.7458 1123.09
Middle: -32.5972 41.0345 1140.98
Ring: -44.6839 55.4616 1148.63
Little: 14.2566 96.4727 1175.54
Thumb: 83.5538 77.1222 1038
Index: 86.3689 80.6469 1141.98
Middle: -36.4643 39.871 1140.57
Ring: -45.7275 54.9488 1150.98
Little: 9.90091 102.946 1176.33
Thumb: 82.4398 73.4051 1043.05
Index: -8.55068 35.9572 1127.6
Middle: -39.1179 40.0904 1140.71
Ring: -48.1409 55.5262 1151.27
Little: 1.45101 124.461 1164.75
Thumb: 77.7462 72.0843 1039.82
Index: -8.06904 38.0705 1129.65
Middle: -41.1173 43.4 1141.37
Ring: -45.2158 58.9841 1155.71
Little: 1.0223 131.336 1159.77
Thumb: 120.691 110.293 1028.63
Index: -11.574 35.3262 1125.57
Middle: -43.3292 43.769 1142.17
Ring: -46.3217 58.6902 1156.07
Little: -4.71373 132.994 1154.78
Thumb: 122.23 113.944 1029.31
Index: 4.60611 42.3854 1135.6
Middle: -45.086 43.0013 1139.88
Ring: -47.8104 57.6403 1153.78
Little: -6.07595 131.1 1155.56
Thumb: 111.85 129.166 1008.82
Index: -8.84805 44.6482 1132.5
Middle: -46.5996 49.9546 1143.49
Ring: -21.5569 42.8257 1133.25
Little: -2.80215 135.912 1157.1
Thumb: 103.798 146.544 998.683
Index: -22.632 43.1769 1115.31
Middle: -44.5191 47.0451 1138.57
Ring: -21.1626 40.8235 1126.4
Little: -2.97417 132.168 1157.52
Thumb: 122.666 136.86 1023.44
Index: -23.0919 43.2579 1114.23
Middle: -21.6688 24.3912 1108.22
Ring: -20.4934 40.5631 1124.64
Little: -6.25266 133.587 1155.36
Thumb: 124.264 141.496 1024.59
Index: -19.0123 40.9105 1113.64
Middle: -20.6116 23.4285 1108.73
Ring: -19.1073 38.8325 1124.08
Little: -6.83046 131.221 1154.55
Thumb: 123.216 146.712 1024.22
Index: -16.3522 39.942 1112.37
Middle: -18.6076 22.585 1105.78
Ring: -17.0315 37.5889 1121.18
Little: -5.77318 129.278 1155.6
Thumb: 124.815 143.36 1025.64
Index: -14.7637 38.4391 1112.47
Middle: -17.5875 21.2511 1105.74
Ring: -15.9817 36.1836 1121.88
Little: -6.11924 128.794 1154.72
Thumb: 109.27 131.936 1012.16
Index: -13.6219 36.1311 1111.71
Middle: -19.497 20.5637 1109.59
Ring: -13.1467 33.8705 1120.12
Little: -6.198 126.787 1153.52
Thumb: 105.671 127.531 1009.12
Index: -13.8344 33.6495 1111.43
Middle: -21.5882 18.9981 1111.54
Ring: -9.46771 34.1246 1122.56
Little: -5.54861 124.429 1152.34
Thumb: 109.468 128.831 1012.53
Index: -12.7988 33.1223 1108.81
Middle: -21.5785 19.4613 1111.43
Ring: -8.09658 33.703 1120.59
Little: -6.89033 123.976 1150.59
Thumb: 108.946 131.393 1011.29
Index: -12.221 33.2733 1108.45
Middle: -20.7573 19.604 1111.5
Ring: -14.1423 29.8646 1115.37
Little: -6.19912 123.737 1150.89
Thumb: 109.312 136.962 1010.25
Index: -6.65268 32.354 1106.34
Middle: -13.5968 17.9719 1108.89
Ring: 0.62683 34.2766 1119.6
Little: -3.26964 122.83 1150.86
Thumb: 99.4955 133.887 1012.02
Index: 6.35014 31.8479 1113.08
Middle: 3.17974 13.0859 1100.24
Ring: 7.63218 33.7866 1122.84
Little: -1.58038 120.551 1153.1
Thumb: 103.656 137.376 1020.89
Index: 14.0744 30.9693 1114.1
Middle: 10.6621 12.7031 1098.4
Ring: 13.2379 32.3906 1120.81
Little: -4.33715 94.0594 1146.65
Thumb: 109.023 136.243 1026.59
Index: 16.1907 32.4803 1116.95
Middle: 14.4212 13.8944 1102.25
Ring: 15.8565 34.2713 1124.02
Little: -4.04147 96.4434 1146.94
Thumb: 116.725 134.38 1038.87
Index: 11.4694 33.0616 1119.86
Middle: 12.2408 14.6414 1108.59
Ring: 13.7389 35.8157 1128.63
Little: -9.74967 98.2037 1147.79
Thumb: 119.332 132.359 1032.47
Index: 8.49008 33.2071 1124.01
Middle: 11.833 14.5643 1117.69
Ring: 10.4 44.1579 1137.14
Little: -14.403 102.456 1147.26
Thumb: 126.174 137.47 1034.75
Index: 10.1019 30.7125 1122.53
Middle: 11.9062 11.9054 1113.03
Ring: 8.32421 42.6063 1137.42
Little: -15.3193 95.3226 1146.76
Thumb: 123.874 106.505 1104.98
Index: 4.91064 35.5697 1133.9
Middle: 8.83666 16.6166 1127.38
Ring: -1.59356 39.2587 1146.01
Little: -23.0536 103.084 1150.94
Thumb: 128.66 114.74 1105.9
Index: 7.63988 37.7868 1135.7
Middle: 12.2365 19.1125 1131.96
Ring: -0.982894 38.3162 1143.83
Little: -23.3921 104.109 1148.75
Thumb: 129.368 111.889 1117.47
Index: 5.01375 33.8077 1135.56
Middle: 9.35279 18.4446 1139.17
Ring: -3.69015 34.1583 1142.19
Little: -26.5912 100.688 1145.93
Thumb: 126.413 109.684 1129.51
Index: 3.02743 33.9145 1137.05
Middle: 29.909 81.6763 1203.32
Ring: -4.37364 34.4541 1145.78
Little: -27.9419 103.968 1144.64
Thumb: 134.162 93.8777 1135.14
Index: 14.4041 43.5044 1157.7
Middle: 28.4871 76.317 1203.89
Ring: -8.13561 30.3542 1137.79
Little: -25.8879 103.609 1143.4
Thumb: 148.992 121.822 1141.13
Index: 13.5328 45.526 1156.86
Middle: 26.6476 78.7687 1202.22
Ring: -10.3422 29.2373 1134.26
Little: -28.8821 98.0351 1143.76
Thumb: 149.076 124.003 1131.74
Index: 23.6766 45.9584 1148.65
Middle: 35.4968 85.0324 1199.12
Ring: -9.12495 24.6857 1125.25
Little: -31.4646 70.2911 1139.23
Thumb: 118.261 95.9503 1140.35
Index: 19.2183 41.774 1141.57
Middle: 26.78 83.0758 1195.67
Ring: -8.79006 22.6293 1121.49
Little: -35.1399 64.5674 1127.23
Thumb: 95.3989 73.7057 1125.74
Index: 18.0979 42.4219 1142.27
Middle: 26.9516 94.8151 1195.78
Ring: -10.8347 22.3169 1115.04
Little: -36.6001 64.2092 1126.95
Thumb: 111.654 79.1201 1128.57
Index: 15.3983 32.6541 1137.94
Middle: 28.9207 83.964 1192.48
Ring: -12.5407 18.3377 1113.39
Little: -37.125 59.9844 1125.99
Thumb: 111.53 80.7725 1122.7
Index: 16.9017 31.8871 1134.15
Middle: 24.4345 78.4359 1190.56
Ring: -14.3993 16.186 1109.55
Little: -40.1887 55.5054 1121.78
Thumb: 111.441 84.0771 1120.44
Index: 21.8427 37.3296 1125.16
Middle: 22.9946 70.7774 1185.5
Ring: -12.8589 14.9659 1096.46
Little: -39.61 52.115 1112.44
Thumb: 109.817 87.7522 1127.97
Index: 18.5277 37.7186 1124.97
Middle: 20.1796 70.7145 1184.98
Ring: -13.1122 15.3526 1096.28
Little: -41.6117 52.3381 1111.22
Thumb: 113.989 89.5602 1121.73
Index: 17.4915 36.4839 1121.61
Middle: 19.1896 67.6651 1182.71
Ring: -15.3624 15.9151 1092.17
Little: -42.319 53.2182 1107.91
Thumb: 118.737 97.0783 1124.28
Index: 20.4258 40.3604 1118.38
Middle: 21.1378 67.1724 1179.16
Ring: -15.8032 15.8019 1089.37
Little: -42.6975 53.2354 1104.9
Thumb: 120.782 102.967 1115.88
Index: 21.9789 40.816 1114
Middle: 29.6106 68.2739 1175.99
Ring: -16.2594 17.4122 1087.29
Little: -41.914 53.5611 1107.66
Thumb: 120.623 102.323 1110.46
Index: 22.7893 41.9935 1106.79
Middle: 33.8219 93.2718 1163.36
Ring: -16.8441 18.3852 1079.81
Little: -41.8134 53.9656 1103.43
Thumb: 113.62 96.4938 1119.55
Index: 22.8122 42.4577 1103.73
Middle: 35.2554 94.1485 1159.47
Ring: -15.3709 21.1458 1081.13
Little: -39.9815 59.5052 1107.37
Thumb: 100.196 100.66 1104.85
Index: 19.8315 37.676 1100.68
Middle: 29.5107 91.7119 1159.78
Ring: -12.8235 26.6905 1085.61
Little: -43.6157 49.9023 1097.19
Thumb: 95.7921 96.7295 1101.38
Index: 19.2371 38.9663 1101.17
Middle: 29.8535 90.7143 1159.38
Ring: -14.7908 24.026 1082.32
Little: -45.262 51.1905 1096.12
Thumb: 94.1659 94.1683 1097.05
Index: 17.0932 38.4225 1096.85
Middle: 31.0254 91.0058 1153.99
Ring: -17.229 23.2355 1078.12
Little: -44.8337 55.5874 1098.28
Thumb: 92.8131 90.7828 1104.97
Index: 17.0395 40.8264 1094.52
Middle: 32.0934 91.3216 1150.05
Ring: -21.9033 19.3567 1070.48
Little: -45.9799 58.9367 1099.14
Thumb: 86.9268 91.7745 1110.34
Index: 18.2624 43.3844 1100.1
Middle: 26.4645 102.997 1144.23
Ring: -21.3698 17.88 1076.3
Little: -45.9001 56.433 1100.29
Thumb: 107.065 104.522 1104.13
Index: 19.0349 48.2589 1100.72
Middle: 23.5181 98.5099 1139.65
Ring: -21.583 16.7992 1072.07
Little: -45.0644 56.5784 1104.46
Thumb: 109.679 102.958 1101.17
Index: 2.60667 30.1836 1093.54
Middle: 23.906 99.2092 1140.05
Ring: -20.9051 17.6799 1065.59
Little: -46.2934 56.5742 1096.9
Thumb: 109.21 102.02 1099.14
Index: 3.78997 32.2296 1093.94
Middle: 23.3704 98.6872 1139.92
Ring: -19.5307 19.5136 1071.95
Little: -47.2106 56.4357 1095.39
Thumb: 108.441 104.212 1100.05
Index: -0.679683 30.6419 1091.79
Middle: 17.4012 101.105 1141.56
Ring: -20.6079 19.4576 1065.97
Little: -46.3596 56.7834 1093.04
Thumb: 110.558 106.267 1101.36
Index: -2.65661 29.5076 1092.44
Middle: 14.0214 107.471 1131.37
Ring: -22.7087 18.6029 1066.81
Little: -46.717 56.4556 1093.14
Thumb: 110.657 103.656 1102.68
Index: -6.2832 28.3787 1098.56
Middle: 13.5172 108.859 1132.48
Ring: -22.2267 17.9362 1070.52
Little: -48.3702 57.3346 1098.51
Thumb: 107.286 101.197 1108.48
Index: -14.5966 23.3609 1098.7
Middle: 14.3151 97.0251 1155.1
Ring: -22.6015 16.7558 1077.21
Little: -50.5465 56.6616 1104.16
Thumb: 107.684 97.2927 1099.64
Index: -12.7904 25.9243 1114.82
Middle: 18.627 93.9443 1166.68
Ring: -24.848 16.1877 1092.35
Little: -50.006 58.3906 1118.98
Thumb: 108.817 96.3915 1115.31
Index: -15.5924 28.5089 1124.76
Middle: 11.3046 80.8125 1175.73
Ring: -25.0962 25.177 1114.33
Little: -52.4919 61.5865 1125.53
Thumb: 104.018 89.6397 1113.35
Index: -25.0474 29.4762 1129.62
Middle: 10.7338 73.9609 1188.25
Ring: -32.6313 27.9289 1120.45
Little: -56.6517 55.184 1130.43
Thumb: 110.164 99.1979 1108.07
Index: 18.1861 48.6467 1168.85
Middle: 22.1683 80.4844 1193.56
Ring: -24.664 23.9969 1143.93
Little: -49.8402 50.2518 1151.67
Thumb: 114.393 97.1731 1122.12
Index: 21.7554 56.378 1180.84
Middle: 17.9473 66.0212 1205.55
Ring: -25.0797 33.983 1154.76
Little: -47.8922 62.7417 1161.9
Thumb: 118.335 93.7626 1115.92
Index: 24.8558 56.8778 1184.7
Middle: 20.7077 66.9217 1210.66
Ring: -21.8581 36.9952 1160.62
Little: -43.6533 66.4785 1167.25
Thumb: 117.276 109.257 1131.61
Index: 26.9018 61.0084 1194.51
Middle: 22.8463 76.7538 1217.48
Ring: -22.685 31.447 1153.65
Little: -37.029 69.3067 1174.12
Thumb: 105.874 97.2223 1135.34
Index: 34.6902 63.9659 1199.42
Middle: -16.7148 52.1775 1187.47
Ring: -23.2995 38.7324 1166.7
Little: -29.171 77.6497 1186.61
Thumb: 105.587 106.926 1137.78
Index: 45.8135 66.965 1204.07
Middle: -12.2689 54.8183 1188.56
Ring: -19.7709 39.6712 1167.5
Little: -21.8163 83.118 1190.34
Thumb: 114.121 105.839 1128.68
Index: 56.0153 70.8901 1204.78
Middle: -0.755543 59.3511 1194.18
Ring: -17.4469 44.8706 1174.81
Little: -9.62769 98.3038 1198.18
Thumb: 113.563 110.637 1145.54
Index: 60.6028 72.2451 1205.6
Middle: -0.590677 60.8288 1194.22
Ring: -13.3056 45.0601 1175.07
Little: -7.39067 96.7712 1198.73
Thumb: 119.271 114.15 1145.86
Index: 62.2609 75.0252 1207.91
Middle: 1.75466 62.8953 1194.4
Ring: -9.9901 46.8005 1176.28
Little: -4.3955 98.5141 1197.86
Thumb: 129.916 114.425 1146.15
Index: 66.2528 77.5637 1209.81
Middle: 5.40885 64.1265 1196.73
Ring: 3.52194 43.4869 1173.78
Little: 3.94904 124.973 1195.53
Thumb: 144.516 119.099 1129.97
Index: 80.4088 89.0247 1204.48
Middle: 9.18606 64.2906 1191.14
Ring: 13.2529 40.2966 1166.97
Little: 5.13466 117.642 1190.79
Thumb: 129.832 92.9676 1122.4
Index: 79.0635 84.4281 1200.18
Middle: 15.2597 53.7324 1180.32
Ring: 12.8187 37.4847 1158.59
Little: 4.9816 114.123 1184.82
Thumb: 130.202 98.9661 1119.79
Index: 91.3731 84.5835 1189.24
Middle: 28.2155 49.3613 1170.17
Ring: 26.7189 32.87 1147.61
Little: 14.2375 89.1136 1177.88
Thumb: 135.526 101.994 1111.99
Index: 105.645 77.5529 1176.6
Middle: 28.9468 35.6533 1167.81
Ring: 37.1438 25.8878 1139.41
Little: 26.8511 77.4655 1174.75
Thumb: 133.177 100.026 1089.29
Index: 127.171 95.136 1157.3
Middle: 43.0012 37.4069 1157.64
Ring: 51.0286 34.5745 1141.37
Little: 34.1223 78.5641 1170.88
Thumb: 129.033 92.8152 1087.52
Index: 125.997 90.2262 1154.67
Middle: 35.232 38.1869 1160.25
Ring: 47.6011 33.2777 1141.02
Little: 31.6117 78.0276 1171.2
Thumb: 135.639 97.3668 1084.2
Index: 121.504 97.924 1130.23
Middle: 31.6574 38.4851 1162.94
Ring: 46.6251 32.5439 1137.83
Little: 34.254 76.2803 1170.79
Thumb: 130.595 84.8441 1093.15
Index: 121.928 92.347 1127.8
Middle: 33.0043 38.9937 1155.51
Ring: 33.5381 31.5902 1142.97
Little: 31.2248 75.2755 1168.25
Thumb: 140.082 91.4484 1070.81
Index: 114.619 94.9287 1141.21
Middle: 21.109 48.1118 1158.4
Ring: 29.1741 37.7597 1147.57
Little: 18.0205 95.9974 1167.56
Thumb: 141.112 76.8684 1066.84
Index: 26.4181 53.923 1151.07
Middle: 7.86506 62.636 1166.01
Ring: 18.5964 48.874 1156.55
Little: 26.6913 151.637 1166.53
Thumb: 139.601 77.288 1054.61
Index: 24.9559 54.4151 1146.67
Middle: 6.73673 63.1588 1162.51
Ring: 17.0036 48.1067 1150.83
Little: 29.1186 143.786 1169.24
Thumb: 140.659 77.4663 1052.83
Index: 24.1723 54.9414 1147.62
Middle: -12.3971 53.707 1162.85
Ring: 19.7776 53.2778 1153.9
Little: 29.8189 144.078 1169.85
Thumb: 140.559 78.8889 1043.82
Index: 26.2753 57.6006 1146.8
Middle: -9.60522 55.3583 1162.5
Ring: 23.1884 57.6845 1153.52
Little: 31.7756 145.854 1166.85
Thumb: 135.903 76.0569 1043.38
Index: -0.23656 53.466 1142.28
Middle: -19.8752 58.3486 1157.58
Ring: 23.7416 66.819 1154.64
Little: 33.9487 143.63 1172.97
Thumb: 136.206 75.9461 1042.7
Index: 0.579126 53.3824 1142.32
Middle: -19.4867 59.0574 1157.89
Ring: 24.2492 66.897 1154.22
Little: 34.0986 144.709 1171.46
Thumb: 126.376 67.9368 1046.57
Index: 0.539904 55.4617 1146.97
Middle: -20.2937 64.6527 1163.59
Ring: 23.5505 67.7213 1157.57
Little: 29.5943 115.422 1182.19
Thumb: 121.824 64.5276 1051
Index: -1.7796 56.7554 1143.78
Middle: -22.5625 66.7446 1160.57
Ring: 3.90572 50.5828 1146.2
Little: 25.4054 112.053 1178.98
Thumb: 117.784 64.2624 1056
Index: -2.71218 57.7616 1143.11
Middle: -20.468 61.6257 1157.81
Ring: 21.2558 65.5935 1157.16
Little: 25.3172 112.842 1178.24
Thumb: 115.391 66.5271 1060.67
Index: -4.27415 59.0159 1141.48
Middle: -21.9608 65.1068 1158.71
Ring: 21.4112 69.0301 1154.65
Little: 24.8708 113.181 1178.59
Thumb: 116.715 68.5296 1052.66
Index: -4.48045 56.0531 1142.81
Middle: -21.7994 61.1058 1160.24
Ring: 22.4418 67.3138 1155.54
Little: 34.0664 124.161 1181.85
Thumb: 135.498 79.6957 1037.61
Index: -4.09562 56.6179 1143.66
Middle: -20.8992 61.0263 1160.72
Ring: 22.8693 67.9565 1155.87
Little: 34.9568 125.117 1181.39
Thumb: 135.887 80.4155 1036.2
Index: -4.09507 56.6153 1143.66
Middle: -21.2202 61.0085 1160.35
Ring: 23.8682 69.2558 1156.16
Little: 34.6127 124.497 1181.39
Thumb: 136.661 79.6356 1036.73
Index: -4.69193 57.9052 1144.4
Middle: -21.5214 61.8104 1160.53
Ring: 23.5257 71.4252 1156.5
Little: 35.8743 128.877 1181.37
Thumb: 119.142 75.1403 1077.35
Index: -4.10406 58.2652 1144.9
Middle: -20.726 61.9992 1161.02
Ring: 23.2119 71.1769 1157
Little: 35.07 126.994 1181.53
Thumb: 120.952 73.1983 1067.23
Index: -4.7411 58.0235 1143.76
Middle: -21.4327 61.6933 1159.83
Ring: 24.1736 71.4422 1156.78
Little: 34.5867 125.958 1181.26
Thumb: 119.099 70.9274 1068.47
Index: -6.7681 59.7927 1144.99
Middle: -23.6176 64.1386 1160.78
Ring: 23.5809 73.0798 1158.43
Little: 33.7776 125.975 1181.59
Thumb: 121.554 74.5186 1087.33
Index: -6.79081 60.1605 1145.45
Middle: -23.5206 64.4983 1161.24
Ring: 23.2109 73.4843 1158.45
Little: 32.835 125.127 1181.61
Thumb: 118.407 75.282 1094.93
Index: -8.53314 62.6757 1145.89
Middle: -25.182 68.0837 1161.96
Ring: 22.0035 75.2795 1158.41
Little: 32.1958 125.462 1180.9
Thumb: 122.429 74.1386 1092.87
Index: -5.032 60.1123 1144.57
Middle: -22.6283 65.9322 1161.13
Ring: 25.2506 73.6084 1157.13
Little: 34.0763 123.049 1181.27
Thumb: 128.531 66.222 1053.43
Index: -5.49995 61.4021 1146.93
Middle: -20.2291 67.4117 1166.03
Ring: 50.8091 96.6845 1172.24
Little: 35.2995 125.706 1183.18
Thumb: 108.87 81.0089 1078.64
Index: -1.37699 60.6882 1146.6
Middle: -14.3687 58.5742 1160.67
Ring: 54.0522 96.2347 1171.04
Little: 38.9902 125.765 1183.31
Thumb: 108.708 83.7387 1076.46
Index: 2.21763 60.6765 1147.71
Middle: -11.588 60.6945 1163.25
Ring: 57.0667 94.9459 1170.21
Little: 43.5741 125.002 1183.95
Thumb: 111.63 84.5741 1057.67
Index: 6.39253 60.6385 1143.29
Middle: -9.10861 58.5621 1155.72
Ring: 60.695 82.8305 1170.57
Little: 48.7077 123.248 1180.5
Thumb: 95.4006 101.858 1074.63
Index: 9.67649 58.3569 1142.95
Middle: 3.78115 40.2479 1140.22
Ring: 63.8862 82.2204 1168.3
Little: 50.9914 121.02 1180.03
Thumb: 94.4188 98.4103 1072.43
Index: 26.9592 58.2509 1149.62
Middle: 5.89821 34.1246 1138.39
Ring: 62.2911 87.4355 1170.38
Little: 50.5568 118.948 1180.76
Thumb: 96.8428 98.5237 1069.48
Index: 28.9271 56.0075 1149.18
Middle: 6.91302 31.7454 1137.36
Ring: 61.5766 89.4707 1165.58
Little: 50.5729 116.625 1180.47
Thumb: 91.9424 96.3598 1060.06
Index: 34.8385 55.4324 1151.21
Middle: 6.44 33.1051 1142.36
Ring: 66.6861 92.1017 1161.89
Little: 52.0965 110.215 1177.74
Thumb: 83.0687 119.287 1066.11
Index: 36.2816 49.7092 1145.26
Middle: 12.9415 27.6994 1138.37
Ring: 37.406 64.9601 1150.46
Little: 53.9785 101.118 1178.36
Thumb: 82.104 122.747 1065.44
Index: 34.1118 44.6126 1140.75
Middle: 16.5265 26.0422 1133.52
Ring: 41.7773 55.4056 1147.11
Little: 57.9436 96.3861 1174.99
Thumb: 93.0778 98.2701 1029.63
Index: 35.2139 46.6839 1138.39
Middle: 21.0768 27.4465 1126.46
Ring: 42.0367 59.1473 1146.31
Little: 60.9478 99.7797 1172.18
Thumb: 95.6527 105.451 1054.99
Index: 40.4027 48.6263 1137.29
Middle: 18.9238 28.7336 1125.22
Ring: 40.8578 58.9486 1145.66
Little: 60.9788 98.8261 1170.75
Thumb: 98.5056 123.08 1094.33
Index: 42.3299 45.053 1132.92
Middle: 31.4955 27.7337 1129.25
Ring: 42.3119 58.1042 1142.4
Little: 62.4825 99.0419 1169.91
Thumb: 96.0087 124.701 1093.75
Index: 51.3292 47.4848 1136.65
Middle: 36.2067 26.4711 1135.44
Ring: 51.4229 59.4501 1147.36
Little: 67.3316 98.4911 1170.6
Thumb: 101.715 119.268 1090.51
Index: 55.4538 47.4242 1131.68
Middle: 39.5629 25.9494 1133.61
Ring: 53.8097 60.7292 1145.22
Little: 62.4314 94.1904 1168.17
Thumb: 112.017 110.907 1086.45
Index: 55.991 51.8266 1138.27
Middle: 45.7441 24.3284 1137.95
Ring: 59.1259 62.3493 1147.06
Little: 68.0985 92.1784 1165.83
Thumb: 110.497 115.218 1084.65
Index: 61.5557 53.468 1131.72
Middle: 46.7944 24.0175 1131.4
Ring: 63.6379 60.0982 1137.63
Little: 70.6778 94.5798 1161.65
Thumb: 109.454 110.314 1091.74
Index: 61.9292 51.8114 1130.7
Middle: 46.7615 21.9952 1128.27
Ring: 64.0755 58.7882 1136.5
Little: 71.0778 93.9574 1161.05
Thumb: 113.97 107.518 1092.82
Index: 63.2086 53.8417 1126.18
Middle: 49.1019 21.2068 1126.16
Ring: 65.1763 58.8536 1134.74
Little: 72.2516 93.848 1160.88
Thumb: 85.1867 144.664 1124.41
Index: 59.1262 55.8132 1125.88
Middle: 45.5842 24.2603 1127.77
Ring: 58.093 55.3833 1134.07
Little: 69.4009 95.3809 1161.1
Thumb: 111.047 126.225 1103.21
Index: 61.497 61.248 1119.59
Middle: 41.5273 29.248 1113.98
Ring: 81.4305 88.8478 1133.08
Little: 72.7929 113.956 1157.61
Thumb: 58.1372 109.596 1059.66
Index: 38.9369 24.6265 1077.81
Middle: 16.531 -0.978289 1092.59
Ring: 58.8943 62.2181 1076.84
Little: 95.9803 51.4787 1070.59
Thumb: 56.9493 101.338 1050.88
Index: 24.4543 28.0626 1072.62
Middle: 0.468623 4.35398 1091.88
Ring: 51.0341 59.3142 1071.85
Little: 57.3489 32.3353 1098.14
Thumb: 56.9129 110.699 1066.01
Index: 32.6206 76.1737 1016.08
Middle: -6.49795 8.49969 1090.95
Ring: 47.6619 61.2737 1075.43
Little: 56.5362 32.9497 1094.06
Thumb: 55.5835 110.75 1062.92
Index: 29.7168 78.6775 1017.59
Middle: -5.73864 8.27176 1087.43
Ring: 26.5686 30.4101 1072.22
Little: 52.4639 32.0687 1095.77
Thumb: 55.6553 116.667 1065.31
Index: 30.709 82.7094 1015.11
Middle: -4.80025 9.81769 1084.98
Ring: 23.246 29.3641 1072.83
Little: 51.1105 33.7334 1096.19
Thumb: 56.0213 116.346 1064.6
Index: 31.0932 81.0637 1015.18
Middle: -3.7118 9.27094 1085.3
Ring: 24.7195 28.5373 1073.49
Little: 52.931 33.6954 1096.42
Thumb: 50.5314 127.904 1059.38
Index: 27.9945 77.0375 1013.17
Middle: -2.23247 9.05642 1083.93
Ring: 79.5735 79.2866 1029.28
Little: 53.5868 33.758 1093.63
Thumb: 50.0793 127.569 1059.31
Index: 27.2982 76.6074 1012.82
Middle: -2.24328 8.7962 1084.23
Ring: 77.8182 81.819 1032.6
Little: 53.6336 33.6066 1092.05
Thumb: 55.8171 127.677 1063.97
Index: 25.9361 81.6582 1008.41
Middle: -2.26148 8.5889 1079.74
Ring: 77.6928 82.4488 1029.46
Little: 53.3808 33.556 1088.77
Thumb: 49.1213 128.464 1056.78
Index: 23.689 81.3535 1007.38
Middle: -2.62912 8.83834 1081.18
Ring: 76.3551 86.3176 1029.63
Little: 53.3522 33.535 1087.32
Thumb: 45.1229 135.225 1053.43
Index: 25.0495 75.1714 996.055
Middle: -4.14849 10.7303 1075.15
Ring: 73.5682 89.944 1023.44
Little: 50.6608 35.4023 1081.83
Thumb: 42.0393 132.399 1054.34
Index: 10.4264 86.8585 1004.42
Middle: -3.79271 7.77826 1074.6
Ring: 66.9143 91.6577 1017.86
Little: 48.9282 33.3416 1082.94
Thumb: 51.5077 135.25 1065.07
Index: 9.61602 87.5335 1003.26
Middle: -4.61481 8.87806 1071.85
Ring: 66.501 93.761 1014.36
Little: 48.0867 34.1806 1080.64
Thumb: 52.7436 137.94 1071.45
Index: 8.45418 88.0681 1003.1
Middle: -7.06752 9.53953 1071.54
Ring: 64.6451 91.2119 1012.22
Little: 46.3028 33.8198 1080.3
Thumb: 26.3659 138.186 1042.88
Index: 4.0689 88.6805 1000.74
Middle: -9.65854 10.7231 1069.47
Ring: 59.4538 89.3689 1005.56
Little: 45.9036 33.8541 1075.17
Thumb: 40.8494 136.651 1049.61
Index: 5.20067 86.5711 996.479
Middle: -9.33418 9.24572 1063.83
Ring: 58.6095 82.9406 993.556
Little: 46.0906 33.9964 1071.94
Thumb: 43.3912 137.34 1052.07
Index: 5.34018 87.4712 996.264
Middle: -9.64927 9.86059 1063.22
Ring: 58.5569 82.9132 992.929
Little: 45.8554 34.3311 1071.52
Thumb: 24.5602 145.921 1040.25
Index: -3.04471 97.5657 996.253
Middle: -6.34982 14.231 1061.15
Ring: 50.0846 92.6727 987.742
Little: 42.8298 39.2078 1061.11
Thumb: 42.1271 145.244 1049.95
Index: -2.57909 97.1332 996.714
Middle: -4.3989 15.7783 1061.52
Ring: 50.6294 95.7736 987.525
Little: 42.8289 41.3562 1061.03
Thumb: 34.7813 143.654 1040.29
Index: 1.24716 84.9152 993.393
Middle: -5.33535 14.2164 1058.74
Ring: 49.4322 84.9195 980.792
Little: 40.9471 40.0394 1059.99
Thumb: 44.7723 143.879 1049.83
Index: 3.11914 84.0072 993.547
Middle: -3.28119 13.2149 1058.22
Ring: 51.25 84.0515 981.019
Little: 42.3874 39.8351 1060.66
Thumb: 22.6475 146.313 1033.83
Index: 3.27868 83.9262 993.869
Middle: -3.01252 13.121 1058.41
Ring: 51.558 84.2705 981.361
Little: 42.5475 39.8492 1061.17
Thumb: 36.0375 143.053 1040.22
Index: 2.94379 83.4855 994.68
Middle: -4.7563 14.0661 1060.52
Ring: 51.7095 83.4664 982.226
Little: 41.4184 39.8124 1063.06
Thumb: 36.294 143.051 1040.22
Index: 1.82467 90.2174 992.661
Middle: -4.61278 14.1217 1060.3
Ring: 51.6908 83.4535 982.214
Little: 41.4264 39.8527 1063.45
Thumb: 47.443 142.199 1051.93
Index: 1.82476 87.9022 992.721
Middle: -4.22707 12.3826 1061.83
Ring: 51.2251 80.5191 982.827
Little: 41.806 38.0555 1064.53
Thumb: 37.3839 141.438 1041.89
Index: 1.63321 95.5263 992.855
Middle: -3.64462 12.8495 1063.46
Ring: 53.6226 82.0372 984.758
Little: 42.7447 38.7128 1066.82
Thumb: 37.8715 139.453 1043.84
Index: 1.70353 93.8311 995.479
Middle: -4.54511 11.6032 1066.24
Ring: 57.2494 84.3639 987.777
Little: 42.0219 37.1268 1070.64
Thumb: 24.9708 141.908 1036.98
Index: 2.58626 92.2978 995.803
Middle: -1.30747 10.0619 1066.79
Ring: 58.6523 84.535 988.28
Little: 43.7209 36.79 1071.28
Thumb: 39.3409 138.67 1047.53
Index: 12.5248 76.6015 987.828
Middle: 2.85633 9.3572 1071.76
Ring: 63.403 82.6401 994.551
Little: 41.1582 36.7233 1074.78
Thumb: 40.0006 138.687 1050.72
Index: 9.03589 88.8071 989.226
Middle: 1.71655 9.86514 1074.53
Ring: 60.1352 79.4072 996.548
Little: 42.184 36.6936 1077.33
Thumb: 49.9029 139.945 1062.54
Index: 10.3389 84.9111 991.238
Middle: 4.85225 9.12345 1076.23
Ring: 61.0704 78.9423 997.671
Little: 44.2638 36.8179 1079
Thumb: 41.2496 137.089 1051.03
Index: 15.407 81.7403 990.951
Middle: 4.11307 8.44775 1077.15
Ring: 65.6887 76.0988 1000.5
Little: 43.5584 36.519 1083.72
Thumb: 40.9586 138.516 1058.44
Index: 12.9592 79.2449 1000.55
Middle: 2.93079 10.7277 1087.26
Ring: 63.2277 78.0331 1007.51
Little: 43.6104 38.1541 1090.35
Thumb: 54.5039 141.97 1080.57
Index: 12.5796 83.5921 1002.37
Middle: 3.2376 11.4511 1089.27
Ring: 62.8822 81.0493 1009.29
Little: 43.4114 38.5665 1090.67
Thumb: 42.0616 138.129 1067.24
Index: 10.1132 89.2824 1006.93
Middle: 1.98113 11.2596 1093.81
Ring: 61.2218 79.7987 1013.56
Little: 40.8227 37.9508 1098.22
Thumb: 40.5377 139.205 1073.04
Index: 10.89 26.7431 1077.92
Middle: 0.405775 10.7348 1095.23
Ring: 64.5936 81.3271 1019.72
Little: 41.658 37.6944 1101.79
Thumb: 35.8912 136.266 1070.85
Index: 9.01228 25.2536 1084.29
Middle: -0.558292 8.6908 1098.89
Ring: 68.0843 75.7614 1025.12
Little: 39.9524 35.2145 1106.04
Thumb: 41.9051 136.58 1076.5
Index: 11.4474 27.1986 1079.56
Middle: 0.22701 8.8264 1099.88
Ring: 69.4243 76.7439 1026.78
Little: 40.5598 35.8041 1107.29
Thumb: 39.7412 136.868 1082.59
Index: 10.0524 27.0659 1088.37
Middle: 2.60177 8.34525 1109.47
Ring: 59.1663 76.1758 1028.59
Little: 43.4303 35.4803 1111.5
Thumb: 38.3898 139.005 1085.58
Index: 9.12423 25.9287 1093.15
Middle: 1.89439 9.35562 1108.09
Ring: 58.6886 79.9663 1030.06
Little: 41.5355 36.889 1113.85
Thumb: 36.3849 139.978 1085.92
Index: 6.25038 26.5404 1094.94
Middle: 1.42302 11.0001 1108.59
Ring: 64.4723 80.1431 1036.49
Little: 38.8373 40.0412 1119.5
Thumb: 57.1217 142.005 1086.98
Index: 11.5261 33.6095 1084.18
Middle: 1.98578 17.9201 1099.32
Ring: 87.9714 91.7641 1043.37
Little: 102.616 76.1242 1074.15
Thumb: 71.347 156.981 1083.7
Index: 12.8436 50.3367 1073.1
Middle: 13.1462 36.8261 1109.72
Ring: 110.318 104.592 1063.41
Little: 117.469 91.4365 1096.11
Thumb: 71.0642 152.087 1084.37
Index: 5.77993 44.9517 1078.75
Middle: 9.14623 33.9657 1112.06
Ring: 106.819 101.045 1068.07
Little: 114.555 85.441 1098.63
Thumb: 72.4862 151.074 1083.26
Index: 11.8407 45.0841 1075.92
Middle: 3.89818 35.8575 1111.37
Ring: 106.485 102.352 1073.88
Little: 114.086 84.4761 1102.23
Thumb: 70.9484 142.631 1079.62
Index: 10.9929 42.2457 1079.58
Middle: 0.749446 33.9665 1110.68
Ring: 101.779 111.306 1076.63
Little: 113.84 115.019 1111.38
Thumb: 68.1387 140.018 1069.78
Index: 10.7159 39.9727 1082.2
Middle: 0.742331 31.4088 1098.94
Ring: 106.821 111.994 1059.66
Little: 114.898 111.614 1104.68
Thumb: 61.5073 152.636 1073.61
Index: 0.584526 42.9763 1085.22
Middle: -1.92316 32.4706 1083.16
Ring: 97.601 127.015 1058.87
Little: 112.783 113.168 1086.25
Thumb: 62.8116 151.644 1076.88
Index: 1.63853 41.5589 1082.97
Middle: -1.30258 31.3559 1081.54
Ring: 98.1053 126.204 1064.97
Little: 113.305 112.256 1091.66
Thumb: 60.4779 155.562 1076.54
Index: 7.04751 42.2602 1085.68
Middle: 1.11795 33.3905 1083.33
Ring: 95.205 132.161 1061.32
Little: 114.319 119.04 1084.2
Thumb: 60.4172 151.477 1077.01
Index: 6.30882 38.1781 1083.51
Middle: 1.16446 28.9254 1082.79
Ring: 97.3705 123.584 1050.29
Little: 114.972 113.503 1082.24
Thumb: 67.7336 151.847 1085.45
Index: 4.36427 41.5894 1093.1
Middle: -9.26106 33.4798 1095.84
Ring: 74.3006 128.698 1040.18
Little: 100.923 112.879 1050.42
Thumb: 46.3663 139.922 1089.41
Index: -6.07196 26.466 1103.82
Middle: -11.6328 16.9236 1105.66
Ring: 47.0749 101.288 1037.06
Little: 88.9606 101.655 1051.81
Thumb: 41.0757 141.307 1088.28
Index: -2.96461 26.198 1102.95
Middle: -11.4595 17.0427 1104.4
Ring: 47.8605 102.14 1042.51
Little: 90.3951 105.611 1062.61
Thumb: 22.6958 137.358 1083.06
Index: -4.87065 25.7118 1122.25
Middle: -13.1357 14.8635 1108.59
Ring: 32.9319 89.4608 1049.93
Little: 76.6113 105.596 1070.65
Thumb: -5.74065 105.795 1042.25
Index: -0.337109 22.1427 1103.75
Middle: -14.885 13.1853 1095.78
Ring: 5.9729 47.0283 1049.3
Little: 60.0168 97.5949 1060.08
Thumb: -22.6442 116.999 1033.27
Index: -0.578616 21.6374 1104.86
Middle: -15.0248 11.7451 1096.67
Ring: 4.09918 37.528 1060.46
Little: 61.3443 97.5239 1065.59
Thumb: -7.49737 105.632 1049.73
Index: -9.29762 24.0371 1105.6
Middle: -18.5049 12.4976 1099.05
Ring: -5.89349 38.3328 1064.44
Little: 52.6623 91.8849 1068.85
Thumb: -13.2558 107.022 1044.02
Index: -9.31583 32.4163 1088.64
Middle: -18.2627 13.9968 1095.23
Ring: 14.4651 84.7799 1061.91
Little: 52.2326 95.2741 1067.23
Thumb: -15.6191 106.935 1044.25
Index: -11.4978 33.1198 1088.64
Middle: -19.9957 12.9719 1101.17
Ring: 9.92123 75.459 1070.53
Little: 50.2146 94.9246 1064.4
Thumb: -18.2165 106.114 1044.36
Index: -13.3344 36.4708 1086.9
Middle: -24.0146 13.2722 1104.61
Ring: 10.8549 75.7969 1075.98
Little: 48.698 93.1349 1065.43
Thumb: -37.9357 115.445 1026.79
Index: -13.212 37.9428 1079.8
Middle: -23.8879 12.923 1099.06
Ring: 11.3367 77.3712 1072.8
Little: 40.5675 75.4703 1067.01
Thumb: -38.4288 116.215 1026.58
Index: -14.1096 37.9852 1079.32
Middle: -24.5068 13.2917 1098.47
Ring: 10.753 76.9688 1072.03
Little: 39.4142 73.9233 1065.77
Thumb: -40.8539 116.882 1023.48
Index: -14.1719 37.6551 1077.64
Middle: -26.3367 13.4371 1097.9
Ring: 11.636 77.184 1071.95
Little: 40.398 72.9537 1064.69
Thumb: -40.272 118.828 1021.2
Index: -14.9622 39.0674 1074.52
Middle: -26.7999 13.2957 1098.87
Ring: 11.8858 78.1965 1071.3
Little: 43.9238 79.9232 1075.03
Thumb: -46.8662 141.651 1010.28
Index: -14.8882 39.0047 1074.89
Middle: -26.9848 13.3805 1097.36
Ring: 11.9236 78.1961 1071.34
Little: 43.8977 79.918 1075.03
Thumb: -100.875 151.828 1092.49
Index: -17.111 38.805 1076.28
Middle: -19.7322 11.0995 1094.94
Ring: 9.80612 77.9091 1072.19
Little: 41.6393 79.7796 1075.9
Thumb: -101.002 151.634 1090.27
Index: -16.7946 37.7699 1076.16
Middle: -27.2415 12.1571 1095
Ring: 10.0332 77.3259 1071.73
Little: 43.0235 78.8178 1075.83
Thumb: -101.015 151.213 1089.96
Index: -16.6738 37.2701 1075.8
Middle: -26.5406 11.9083 1102.24
Ring: 10.2819 76.941 1071.43
Little: 43.1231 78.4631 1075.74
Thumb: -99.6287 150.727 1089.42
Index: -15.1514 38.0726 1078.72
Middle: -25.2504 13.2342 1101.18
Ring: 10.7536 76.1085 1071.35
Little: 44.1368 79.5822 1076.84
Thumb: -99.6482 151.062 1089.62
Index: -17.4386 41.7051 1075.3
Middle: -26.3208 13.5474 1101.28
Ring: 10.9356 76.4614 1074.31
Little: 43.9229 79.5024 1076.53
Thumb: -100.159 152.552 1092.55
Index: -19.3368 45.1904 1075.73
Middle: -26.8166 14.2924 1104.77
Ring: 10.7103 76.2352 1076.35
Little: 44.3234 79.4673 1078.07
Thumb: -105.382 164.184 1099.68
Index: -15.3884 36.069 1078.54
Middle: -26.8414 13.7544 1105.61
Ring: 10.5862 76.1382 1075.85
Little: 44.1621 79.2153 1077.35
Thumb: -104.22 163.382 1098.69
Index: -13.8413 35.1213 1079.85
Middle: -25.153 13.7995 1107.39
Ring: 11.4183 76.2664 1075.48
Little: 44.8072 79.3049 1076.83
Thumb: -101.797 166.97 1098.67
Index: -14.0025 36.4826 1078.7
Middle: -23.7868 15.2178 1113.71
Ring: 12.8149 75.6229 1076.13
Little: 45.9808 78.5646 1076.97
Thumb: -103.166 176.253 1104.72
Index: -15.1311 34.8234 1081.73
Middle: -22.8716 12.9921 1118.68
Ring: 11.293 72.7286 1077.11
Little: 44.8012 75.3382 1077.36
Thumb: -103.645 178.694 1099.6
Index: -14.5383 36.2004 1079.92
Middle: -22.4293 13.7472 1116.68
Ring: 12.0523 74.1296 1075.77
Little: 45.152 75.459 1076.65
Thumb: -103.54 177.062 1098.69
Index: -14.5112 36.409 1077.35
Middle: -22.6805 13.0524 1112.76
Ring: 2.86693 55.7414 1057.3
Little: 44.8799 75.3662 1075.62
Thumb: -97.4658 183.448 1098.96
Index: -12.9349 38.6254 1078.25
Middle: -22.1214 16.3176 1113.73
Ring: 5.85284 60.0296 1057.08
Little: 47.6628 77.6044 1074.23
Thumb: -87.6497 153.543 1087.01
Index: -13.1027 38.9165 1077.87
Middle: -22.3556 16.2012 1111.52
Ring: 6.02893 60.7632 1056.76
Little: 47.7121 78.041 1074.15
Thumb: -88.5872 154.318 1087.6
Index: -10.8036 39.2228 1079.04
Middle: -20.166 16.5376 1113.17
Ring: 9.36878 58.6516 1059.37
Little: 50.6642 80.9053 1075.68
Thumb: -71.9744 151.812 1083.91
Index: -10.4121 39.3129 1078.39
Middle: -20.2919 16.4272 1112.19
Ring: 10.4535 59.0318 1058.86
Little: 50.9512 80.8432 1076.12
Thumb: -67.7783 148.394 1079.67
Index: -6.98304 42.5467 1076.13
Middle: -14.3587 18.5032 1105.19
Ring: 19.9598 79.066 1068.5
Little: 53.1981 86.7808 1077.33
Thumb: -63.894 151.624 1082.82
Index: -7.31628 53.2581 1073.54
Middle: -8.88533 18.2729 1105.62
Ring: 21.8238 72.0155 1062.24
Little: 56.6669 84.7272 1078.07
Thumb: -61.7771 147.966 1083.37
Index: -5.23815 54.0015 1075.97
Middle: -5.19936 17.0649 1111.98
Ring: 24.7846 70.8613 1064.84
Little: 60.2646 83.5899 1078.78
Thumb: -74.1942 147.779 1093.66
Index: -7.42024 58.7998 1077.05
Middle: -3.90737 21.1518 1098.44
Ring: 26.5885 76.7412 1073.81
Little: 60.7282 81.8612 1080.76
Thumb: -67.9935 150.826 1080.89
Index: 2.22707 58.4036 1070.86
Middle: 0.2983 24.232 1083.34
Ring: 34.1856 75.6144 1064.43
Little: 69.5828 83.98 1075.89
