Thumb: 32.9554 91.7207 1121.92
Index: -64.5745 28.1944 1098.23
Middle: -101.42 40.8207 1097.63
Ring: -124.543 62.0639 1082.41
Little: -141.773 103.039 1080.87
Thumb: 41.6535 90.7009 1100.91
Index: -67.9124 35.0591 1091.02
Middle: -100.548 41.4152 1094.11
Ring: -122.413 61.5393 1079.04
Little: -130.732 98.8268 1097.8
Thumb: 40.3016 92.405 1108.24
Index: -72.436 39.7528 1107.12
Middle: -107.995 41.5158 1093.32
Ring: -124.576 58.7538 1075.47
Little: -135.155 98.7852 1096.23
Thumb: 34.5148 88.3824 1103.89
Index: -73.5374 38.8063 1106.18
Middle: -108.261 42.0418 1093.15
Ring: -121.562 61.0315 1086.64
Little: -123.033 114.782 1119.45
Thumb: 32.6076 84.5674 1104.56
Index: -83.1021 30.7737 1087.03
Middle: -113.706 40.7965 1086.92
Ring: -126.66 59.7566 1079.47
Little: -125.646 115.307 1121.3
Thumb: 17.076 84.0086 1117.62
Index: -84.5661 28.9991 1087.79
Middle: -114.318 39.9675 1092.82
Ring: -128.203 58.3067 1083.22
Little: -125.714 114.737 1126.11
Thumb: 14.6584 89.3397 1117.62
Index: -88.5478 31.0417 1089.87
Middle: -112.084 37.0033 1092.32
Ring: -127.252 54.0652 1089.22
Little: -126.872 111.724 1126.65
Thumb: 8.23523 87.7394 1111.38
Index: -89.1646 34.1609 1093.26
Middle: -113.645 41.3789 1097.46
Ring: -127.798 59.2651 1096.43
Little: -130.175 106.587 1121.27
Thumb: -0.105036 84.4761 1108.02
Index: -93.8861 36.1212 1087.11
Middle: -115.129 42.3915 1097.2
Ring: -127.91 60.9777 1099.78
Little: -141.047 97.1657 1101.51
Thumb: 1.50052 85.4365 1104.31
Index: -97.6112 38.1838 1087.37
Middle: -120.294 45.0013 1097.57
Ring: -129.664 62.9398 1103.08
Little: -144.828 96.2705 1099.96
Thumb: -2.30029 82.1226 1102.88
Index: -100.273 36.6664 1087.75
Middle: -121.526 41.9601 1095.95
Ring: -130.058 62.4285 1106.55
Little: -146.598 94.0743 1097.85
Thumb: -6.56959 83.5458 1107.19
Index: -102.102 37.5036 1087.06
Middle: -121.479 42.7744 1099.56
Ring: -130.334 62.4938 1109
Little: -144.852 93.8118 1098.43
Thumb: -6.76204 83.9312 1105.8
Index: -93.88 40.7896 1097.62
Middle: -118.315 43.9005 1101.32
Ring: -127.165 61.6501 1105.85
Little: -141.804 92.9898 1098.53
Thumb: -5.89526 81.9426 1103.94
Index: -88.9958 42.7897 1098.93
Middle: -112.753 44.5576 1101.85
Ring: -121.748 61.9756 1107.35
Little: -138.617 92.6453 1096.3
Thumb: -6.0806 83.3943 1104.76
Index: -82.5902 41.8072 1099.77
Middle: -107.741 42.7256 1100.47
Ring: -116.265 60.9798 1109.81
Little: -131.207 91.6706 1101.31
Thumb: -3.1739 85.9883 1100.86
Index: -72.0614 41.6208 1100.56
Middle: -99.1378 40.7216 1097.87
Ring: -105.927 59.4218 1111.1
Little: -122.483 85.2314 1097.14
Thumb: 2.85194 83.3116 1099.58
Index: -67.207 37.3026 1101.77
Middle: -93.59 37.629 1099.09
Ring: -99.6901 56.1369 1112.16
Little: -115.348 79.3396 1097.79
Thumb: 8.36287 81.8369 1099.06
Index: -62.0286 33.6633 1100.95
Middle: -85.0994 35.4072 1100.64
Ring: -93.334 54.5316 1110.86
Little: -106.267 76.8379 1098.82
Thumb: 16.4031 86.3698 1099.07
Index: -51.3361 31.0888 1097.76
Middle: -74.0511 32.8061 1100.47
Ring: -83.0067 49.6987 1110.57
Little: -100.553 70.2801 1093.41
Thumb: 23.2177 88.7476 1103.65
Index: -44.0117 29.8718 1094.3
Middle: -64.4081 32.3517 1100.86
Ring: -74.4925 49.0244 1107.29
Little: -88.9183 73.1757 1097.38
Thumb: 28.5272 87.6319 1102.57
Index: -31.1961 31.7847 1098.89
Middle: -52.9578 27.1657 1098.96
Ring: -68.1045 45.838 1107.89
Little: -83.5725 70.8368 1100.72
Thumb: 38.4991 86.3557 1112.89
Index: -22.5144 34.3593 1108.14
Middle: -45.9867 28.2785 1099.65
Ring: -56.6108 42.8824 1104.16
Little: -72.5802 74.5374 1096.82
Thumb: 87.7401 93.9972 1118.04
Index: -16.1527 31.0418 1112.92
Middle: -45.3037 24.0884 1102.76
Ring: -53.1321 41.8208 1108.47
Little: -67.5452 71.5431 1093.44
Thumb: 95.3241 98.2954 1118.47
Index: -12.6005 30.1426 1112.69
Middle: -39.3593 23.6935 1105.43
Ring: -45.4513 35.9262 1105.65
Little: -60.7012 69.0123 1095.21
Thumb: 61.9607 93.3096 1098
Index: -0.645511 29.6446 1118.43
Middle: -31.4031 16.3427 1105.49
Ring: -37.302 30.7614 1112.48
Little: -55.1338 61.4892 1100.5
Thumb: 69.4626 90.6095 1097.27
Index: 5.13974 26.931 1115.21
Middle: -22.6108 11.8904 1104.44
Ring: -28.7854 19.2776 1101.61
Little: -49.36 55.9109 1097.63
Thumb: 73.6509 87.2845 1095.86
Index: 17.6812 24.1222 1116.22
Middle: -11.3149 15.3958 1113.26
Ring: -20.3965 16.4867 1100.09
Little: -40.2658 55.9487 1105.06
Thumb: 39.096 81.0288 1123.54
Index: -31.6799 36.1088 1112
Middle: -45.6327 60.7444 1122.36
Ring: -66.6898 62.8655 1086.21
Little: -26.7336 143.621 1140.93
Thumb: 91.8909 91.2108 1106.21
Index: 30.063 16.9958 1109.79
Middle: 3.75028 19.8475 1110.89
Ring: -9.49617 26.6159 1103.2
Little: -24.3744 110.868 1140.17
Thumb: 89.1445 92.7936 1102.59
Index: 38.5737 12.819 1110.09
Middle: 7.69354 7.99993 1098.22
Ring: -2.62361 20.0472 1104.59
Little: -29.1329 49.6596 1103.57
Thumb: 108.264 88.7571 1101.74
Index: 45.4809 12.919 1108.05
Middle: 14.0197 4.88613 1093.75
Ring: -4.74409 20.5505 1105.33
Little: -22.7276 45.2187 1101.01
Thumb: 119.431 87.086 1099.74
Index: 28.2735 23.9026 1112.33
Middle: 17.4233 3.78159 1097.53
Ring: 0.494369 23.6033 1112.5
Little: -18.631 41.5025 1099.56
Thumb: 128.629 88.7963 1099.18
Index: 36.6974 25.0167 1110.4
Middle: 24.2059 4.94877 1095.27
Ring: 7.20451 22.813 1109.32
Little: -12.9413 44.0021 1102.51
Thumb: 131.795 90.1823 1100.87
Index: 43.5576 31.273 1111.24
Middle: 28.2684 4.92665 1089.99
Ring: 10.8323 22.7889 1100.48
Little: -8.95482 47.2926 1099.77
Thumb: 138.585 88.892 1101.75
Index: 49.3744 31.6907 1111.82
Middle: 33.4667 4.66088 1089.09
Ring: 15.4895 20.2038 1098.18
Little: -4.24813 45.7639 1092.84
Thumb: 144.939 90.7215 1100.47
Index: 56.9438 31.7247 1111.47
Middle: 38.7935 3.72151 1088.5
Ring: 20.5467 19.5692 1099.61
Little: -4.7669 44.3896 1092.32
Thumb: 148.563 92.9186 1100.21
Index: 46.4962 14.619 1082.24
Middle: 44.4263 3.10558 1086.86
Ring: 25.4967 17.4196 1096.49
Little: -0.633494 43.7876 1095.48
Thumb: 151.509 95.4652 1102.76
Index: 49.1127 17.5176 1081.44
Middle: 46.3219 2.19493 1077.24
Ring: 27.6361 17.54 1090.1
Little: 2.70726 47.505 1097.66
Thumb: 156.363 99.5645 1103.9
Index: 53.2496 19.2527 1082.17
Middle: 50.1874 4.04975 1076.59
Ring: 31.0114 19.0356 1089.65
Little: 5.78385 47.661 1094.66
Thumb: 161.175 96.6766 1106.84
Index: 55.4438 19.1304 1082.42
Middle: 50.386 4.40734 1076.91
Ring: 32.7004 24.9738 1101.26
Little: 6.97759 50.4296 1097.59
Thumb: 165.497 93.922 1110.43
Index: 54.1624 17.0193 1083.92
Middle: 48.9749 2.23335 1079.81
Ring: 30.1063 17.2903 1093.05
Little: 6.3433 50.7718 1101.82
Thumb: 167.055 93.8654 1114.64
Index: 55.0856 18.0957 1085.02
Middle: 48.9916 3.72534 1075.24
Ring: 30.0196 23.3622 1098.27
Little: 6.16014 54.0987 1102.64
Thumb: 165.875 92.4398 1114.78
Index: 51.9847 19.8392 1081.69
Middle: 44.4874 5.70144 1078.07
Ring: 25.9556 23.6926 1095.63
Little: 3.45853 56.5731 1101.78
Thumb: 166.244 93.6642 1115.8
Index: 50.97 22.0409 1079.59
Middle: 43.4025 8.06948 1076.78
Ring: 24.9883 25.9279 1093.71
Little: 2.75918 59.0382 1099.41
Thumb: 163.458 92.3518 1113.72
Index: 49.6099 21.7594 1082.1
Middle: 42.1474 7.65341 1079.15
Ring: 25.7724 36.0426 1110.86
Little: 1.93291 62.1438 1107.11
Thumb: 160.846 94.9208 1112.78
Index: 46.5702 24.8364 1079.48
Middle: 37.3759 11.3985 1076.96
Ring: 23.1132 38.3828 1107.06
Little: 1.32299 67.0279 1105.81
Thumb: 157.928 94.1706 1114.4
Index: 92.7996 77.0182 1164.27
Middle: 35.7039 11.6254 1075.4
Ring: 30.0948 60.2981 1121.4
Little: 8.39267 89.6161 1105.3
Thumb: 151.749 90.5294 1118.72
Index: 91.8255 76.3816 1164.05
Middle: 30.4538 12.6841 1080.59
Ring: 49.1215 111.277 1142.79
Little: 9.73146 98.3904 1096.93
Thumb: 147.724 91.1709 1119.66
Index: 85.8767 78.8211 1165.46
Middle: 24.7264 14.4739 1080.36
Ring: 39.7848 101.868 1118.23
Little: 5.95681 101.417 1097.3
Thumb: 140.593 90.3079 1117.93
Index: 79.3473 77.3083 1165.31
Middle: 17.8457 14.0707 1081.14
Ring: 35.9957 106.283 1124.12
Little: 0.0249853 100.98 1097.89
Thumb: 133.156 89.1922 1119.73
Index: 77.0637 79.9839 1164.6
Middle: 11.2752 14.275 1081.36
Ring: 29.3527 102.5 1125.37
Little: -5.37095 101.589 1097.03
Thumb: 123.167 92.8215 1126.88
Index: 65.5396 88.6486 1168.3
Middle: 6.12514 19.4517 1081.14
Ring: -5.98803 56.5334 1121.55
Little: -10.3064 107.847 1095.78
Thumb: 113.507 92.5251 1126.45
Index: 56.1532 84.9923 1168.17
Middle: -0.909529 17.4035 1077.56
Ring: -14.675 49.6025 1115.24
Little: -17.6199 105.214 1093.32
Thumb: 109.661 92.4146 1129.8
Index: 50.3305 88.1444 1171.32
Middle: -9.21178 20.0286 1081.58
Ring: -24.531 50.795 1117.78
Little: -22.6005 108.771 1094.87
Thumb: 100.458 94.3428 1131.69
Index: 44.722 90.2064 1173.46
Middle: -15.039 19.5537 1085.68
Ring: -32.0046 41.4981 1103.85
Little: -29.8608 108.44 1097.02
Thumb: 95.651 93.2 1131.72
Index: 39.7162 90.8455 1175.35
Middle: -22.905 22.8649 1086.02
Ring: -39.571 45.8819 1108.92
Little: -30.0174 120.893 1104.33
Thumb: 88.0763 95.0247 1129.85
Index: 41.8687 92.3746 1174.95
Middle: -26.766 20.9993 1093.68
Ring: -21.5391 95.7632 1166.81
Little: -33.3565 122.743 1109.14
Thumb: 83.5333 94.3383 1128.51
Index: 35.8282 91.1973 1177.24
Middle: -32.6565 17.7072 1098.8
Ring: -21.2017 103.057 1165.71
Little: -41.1473 119.616 1114.79
Thumb: 77.9433 97.132 1133.79
Index: 26.384 96.0436 1176.88
Middle: -33.3843 20.4472 1094.79
Ring: -22.3073 115.451 1160.42
Little: -45.9485 121.078 1111.42
Thumb: 67.7867 95.4711 1159.06
Index: -18.9787 23.2941 1124.54
Middle: -37.3777 16.7251 1098.85
Ring: -47.7393 115.055 1160.56
Little: -54.643 124.076 1107.9
Thumb: 25.8867 111.282 1184.1
Index: -40.5002 42.699 1116.57
Middle: -36.2684 19.9989 1097.79
Ring: -66.4834 121.437 1129.09
Little: -72.5308 107.293 1092.52
Thumb: -18.584 122.555 1168.14
Index: -45.1657 39.1251 1125.06
Middle: -41.8721 19.7759 1100.58
Ring: -76.1232 108.437 1111.19
Little: -42.9822 54.7756 1068.45
Thumb: 64.8047 180.019 1222.05
Index: -54.7845 41.5595 1134.27
Middle: -49.1711 20.6476 1107.18
Ring: -59.6122 42.2357 1096.53
Little: -39.1613 52.3116 1069.06
Thumb: 59.6175 182.987 1223.11
Index: -56.1202 50.2615 1125.02
Middle: -52.2294 27.9126 1107.79
Ring: -55.0241 43.0296 1089.31
Little: -41.1361 61.8565 1071.77
Thumb: 57.437 182.169 1222.91
Index: -52.8198 44.7456 1111.46
Middle: -55.599 29.1233 1104.31
Ring: -58.0673 44.765 1085.5
Little: -46.1336 66.6976 1071.43
Thumb: 50.9388 185.216 1224.87
Index: -69.6646 52.9706 1128.33
Middle: -59.2767 30.1216 1108.24
Ring: -59.254 42.781 1088.58
Little: -46.7564 64.9827 1075.96
Thumb: -64.5633 170.41 1188.93
Index: -79.3434 63.1162 1141.51
Middle: -58.9681 30.6855 1111.24
Ring: -52.9099 37.8778 1093.17
Little: -48.942 65.8134 1089.37
Thumb: -75.8683 173.54 1174.6
Index: -85.2328 59.6782 1144.29
Middle: -60.1699 31.2652 1112.72
Ring: -54.7688 39.8463 1092.48
Little: -50.4248 67.709 1090.16
Thumb: -46.7213 156.24 1169.99
Index: -78.569 94.8963 1185.22
Middle: -65.8621 32.6024 1126.23
Ring: -63.7716 37.0226 1114.19
Little: -57.2601 62.4891 1110.79
Thumb: -60.4381 157.997 1135.5
Index: -79.559 95.2967 1185.56
Middle: -68.818 32.9712 1125.28
Ring: -68.1457 38.2364 1114.69
Little: -58.5318 62.1919 1110.16
Thumb: 81.9001 150.118 1072.54
Index: 29.2798 125.494 1107.9
Middle: -38.5373 42.2 1127.34
Ring: -68.6023 34.7488 1123.15
Little: -60.3735 58.1945 1118.09
Thumb: 68.0053 131.757 1073.67
Index: 26.8721 126.304 1112.69
Middle: -40.445 44.1933 1131.77
Ring: -72.5302 36.2831 1119.34
Little: -60.7868 58.9639 1116.45
Thumb: 63.1132 120.145 1107.59
Index: 35.4953 118.838 1151.02
Middle: -43.1414 43.7237 1129.93
Ring: -75.5962 35.9014 1117.1
Little: -63.0058 59.0129 1118.45
Thumb: 71.0021 130.711 1109.68
Index: 30.5554 118.174 1158.84
Middle: -42.0987 45.9911 1130.67
Ring: -73.8833 36.4775 1117.61
Little: -62.6248 60.4008 1119.61
Thumb: 59.662 129.694 1098.62
Index: -13.4451 57.5644 1146.81
Middle: -44.2077 46.9012 1132.92
Ring: -75.5107 37.3882 1119.77
Little: -64.7363 61.1459 1119.72
Thumb: 38.3046 122.158 1111.11
Index: -12.9727 63.9198 1155.08
Middle: -49.6498 45.7601 1135.35
Ring: -79.2809 37.3232 1120.46
Little: -69.0159 119.725 1176.99
Thumb: 35.9579 132.265 1124.08
Index: -4.91994 85.1596 1161.44
Middle: -54.2831 40.6318 1134.55
Ring: -81.2935 37.3237 1118.63
Little: -75.8413 121.711 1173.5
Thumb: 41.5238 131.845 1122.26
Index: -3.02726 90.0569 1168.21
Middle: -56.0813 39.7241 1134.27
Ring: -82.3976 37.6463 1118.24
Little: -77.4492 121.794 1172.34
Thumb: 35.8326 127.374 1128.24
Index: -6.71326 94.4036 1168.99
Middle: -35.1212 94.811 1182.49
Ring: -85.8172 38.6032 1117.58
Little: -82.6612 125.73 1168.52
Thumb: 38.3005 128.056 1125.5
Index: -8.06648 93.5087 1166.97
Middle: -42.6868 81.6731 1186.23
Ring: -86.9713 38.5268 1115.24
Little: -83.8139 125.414 1166.95
Thumb: 41.7625 130.463 1126.37
Index: -6.3343 107.509 1168.24
Middle: -36.3091 114.285 1187.6
Ring: -89.6874 39.7848 1110.34
Little: -88.236 128.945 1159.74
Thumb: 45.0811 133.03 1125.84
Index: -5.55432 109.302 1165.69
Middle: -48.9398 97.235 1186.39
Ring: -90.0604 40.1437 1108.61
Little: -88.6519 126.029 1158.47
Thumb: 61.7982 128.272 1126.03
Index: -5.5847 110.663 1163.97
Middle: -37.7841 115.177 1177.56
Ring: -90.2034 39.5312 1105.35
Little: -89.4905 126.298 1154.67
Thumb: 78.3539 140.164 1103
Index: -9.24244 104.335 1175.51
Middle: -36.4016 114.501 1174.32
Ring: -89.7127 39.0295 1101.13
Little: -89.0256 124.707 1152.43
Thumb: 68.9715 130.103 1114.87
Index: -7.84927 103.036 1172.09
Middle: -31.9657 117.191 1163.5
Ring: -89.676 38.7646 1096.82
Little: -88.6517 122.548 1150.49
Thumb: 70.3831 134.591 1116.58
Index: -8.43654 104.324 1171.37
Middle: -33.9207 116.534 1165.34
Ring: -89.6902 38.8417 1096.61
Little: -88.675 125.01 1148.66
Thumb: 76.7308 136.608 1108.91
Index: -7.06833 105.434 1169.76
Middle: -32.9504 117.366 1166.95
Ring: -88.5872 40.0663 1096.76
Little: -86.8926 127.152 1148.1
Thumb: 75.7981 133.671 1106.86
Index: -8.14855 102.391 1167.63
Middle: -30.8831 118.898 1164.56
Ring: -88.297 40.5744 1093.29
Little: -86.3566 126.331 1145.91
Thumb: 77.7416 130.498 1102.75
Index: -5.19461 102.887 1166.66
Middle: -28.8687 118.165 1164.68
Ring: -86.6499 41.1423 1095.61
Little: -83.8293 127.043 1147.16
Thumb: 67.9616 122.45 1111.87
Index: -3.9895 105.123 1166.65
Middle: -28.9924 118.522 1166.76
Ring: -83.1653 41.3322 1095.75
Little: -82.8937 127.593 1146.67
Thumb: 61.9689 122.346 1114.49
Index: -2.0218 107.248 1166.53
Middle: -26.9859 120.574 1166.31
Ring: -80.832 41.2987 1095.88
Little: -82.307 126.419 1147.1
Thumb: 69.0792 128.573 1112.35
Index: -0.24559 110.006 1167.53
Middle: -28.4114 117.779 1173.91
Ring: -77.099 39.8814 1098.79
Little: -82.6321 122.185 1148.19
Thumb: 78.7147 137.501 1108.7
Index: 2.82445 111.27 1168.93
Middle: -25.8884 117.779 1177.91
Ring: -72.6359 39.8664 1102.61
Little: -78.5908 125.476 1150.85
Thumb: 74.382 133.499 1106.83
Index: 4.81018 111.944 1169.77
Middle: -25.5904 112.829 1179.62
Ring: -68.4399 38.5635 1103.61
Little: -77.1131 123.859 1152.51
Thumb: 75.2851 131.014 1099.71
Index: 12.3082 117.155 1169.89
Middle: -17.3587 120.179 1179.98
Ring: -65.7086 38.3896 1108.3
Little: -72.3475 124.175 1155.85
Thumb: 86.1794 146.729 1101.94
Index: 13.106 119.589 1171.89
Middle: -18.0294 120.296 1181.26
Ring: -61.1337 35.3414 1108.47
Little: -72.2697 122.91 1155.48
Thumb: 87.2346 147.786 1098.75
Index: 18.2865 119.774 1173.01
Middle: -13.4711 117.169 1184.4
Ring: -53.4815 33.943 1110.5
Little: -66.3788 117.481 1158.54
Thumb: 65.0876 124.639 1105.47
Index: 21.3176 109.639 1173.73
Middle: -7.20679 111.399 1186.61
Ring: -49.3824 31.3996 1112.9
Little: -60.8235 113.129 1162.39
Thumb: 71.9195 118.599 1108.43
Index: 27.692 109.445 1177.06
Middle: -2.4771 110.448 1189.44
Ring: -44.8898 30.2323 1112.69
Little: -55.3574 112.227 1162.92
Thumb: 90.8899 127.82 1107.81
Index: 32.4054 104.359 1180.58
Middle: 0.086735 100.577 1192.54
Ring: -37.2906 33.5852 1127.5
Little: -49.2273 107.531 1165.79
Thumb: 91.0971 122.705 1110.39
Index: 38.6233 105.659 1181.27
Middle: 11.1914 112.956 1192.53
Ring: -30.8165 25.8055 1114.9
Little: -44.5086 108.717 1166.43
Thumb: 94.8761 125.896 1119.73
Index: 43.7845 107.604 1182.05
Middle: 15.0766 112.089 1193.04
Ring: -22.6146 24.1818 1115.84
Little: -40.0143 106.91 1165.66
Thumb: 100.005 128.811 1116.2
Index: 51.7319 108.077 1180.79
Middle: 23.4904 111.354 1192.99
Ring: -12.9897 22.6897 1116.64
Little: -31.7646 103.804 1167.57
Thumb: 105.692 128.139 1114.35
Index: 57.3902 105.866 1181.16
Middle: 30.0826 112.145 1192.4
Ring: -6.03513 20.6303 1116.42
Little: -25.9689 102.246 1167.42
Thumb: 106.257 117.521 1112.66
Index: 64.0638 109.024 1181.94
Middle: 36.4404 115.072 1192.65
Ring: 0.727131 19.6842 1117.73
Little: -19.8576 102.21 1167.4
Thumb: 70.3818 83.3024 1095.77
Index: 69.536 108.322 1180.67
Middle: 40.7564 110.918 1192.68
Ring: 7.44899 18.3891 1116.73
Little: -14.9897 100.625 1167.61
Thumb: 77.2859 83.0991 1100
Index: 74.8096 110.425 1180.28
Middle: 43.056 104.663 1192.43
Ring: 15.0874 18.4171 1115.8
Little: -8.19659 97.9839 1165.54
Thumb: 87.0388 83.9331 1103.38
Index: 78.8352 113.329 1180.4
Middle: 48.7526 112.411 1191.31
Ring: 24.1784 18.2112 1112.7
Little: -3.36629 93.7932 1163.82
Thumb: 91.3389 86.7805 1110.58
Index: 86.5092 116.268 1180.52
Middle: 56.053 113.434 1192.05
Ring: 31.018 20.477 1113.34
Little: 3.17604 97.4721 1164.79
Thumb: 100.956 84.7208 1109.95
Index: 91.3282 115.28 1182.3
Middle: 59.7858 109.007 1193.9
Ring: 36.1186 19.5766 1113.61
Little: 7.57201 97.1233 1165.57
Thumb: 105.962 85.9339 1106.76
Index: 98.4428 113.379 1181.91
Middle: 68.1441 110.352 1193.41
Ring: 41.957 21.2099 1114.99
Little: 13.0969 102.718 1166.03
Thumb: 110.168 84.2663 1108.18
Index: 101.916 112.748 1182.56
Middle: 71.2364 109.115 1193.56
Ring: 48.0571 19.4836 1113.92
Little: 16.8677 101.57 1165.1
Thumb: 115.614 80.9517 1105.84
Index: 107.426 108.693 1182.61
Middle: 77.494 107.89 1193.55
Ring: 50.8304 17.3683 1113.94
Little: 22.6235 99.1525 1165.77
Thumb: 116.12 80.6794 1108.67
Index: 117.889 109.588 1178.69
Middle: 88.7548 107.504 1193.22
Ring: 49.3737 18.1499 1118.43
Little: 31.8416 99.9611 1171.58
Thumb: 117.747 78.869 1104.03
Index: 126.534 107.691 1174.83
Middle: 98.0818 104.19 1192.91
Ring: 48.8059 18.7215 1122.67
Little: 39.8322 101.2 1177.08
Thumb: 116.695 78.0059 1103.65
Index: 132.834 107.783 1172.59
Middle: 106.008 106.494 1192.91
Ring: 44.3645 22.2999 1130.13
Little: 46.1989 106.561 1182.09
Thumb: 129.073 81.5025 1098.13
Index: 140.402 108.207 1169.38
Middle: 114.697 105.355 1192.37
Ring: 40.1374 26.8959 1138.53
Little: 55.0603 108.748 1185.83
Thumb: 172.573 134.96 1067.34
Index: 151.724 106.953 1156.99
Middle: 132.664 110.935 1182.35
Ring: 58.0198 36.9678 1152.83
Little: 70.1874 114.281 1188.98
Thumb: 174.736 153.561 1056.94
Index: 159.937 129.301 1133.7
Middle: 143.546 113.798 1174.69
Ring: 118.375 120.55 1176.73
Little: 58.2824 52.3273 1150.39
Thumb: 170.35 150.033 1051.25
Index: 158.954 131.347 1126.57
Middle: 145.55 112.154 1172.05
Ring: 120.539 117.111 1176.41
Little: 65.0752 71.3258 1153.37
Thumb: 163.869 156.767 1044.12
Index: 161.49 126.801 1126.34
Middle: 148.725 127.493 1157.42
Ring: 126.097 126.75 1169.75
Little: 50.3275 74.8482 1176.91
Thumb: 163.102 128.374 1065.84
Index: 162.413 129.253 1116.96
Middle: 149.131 139.451 1140.91
Ring: 130.952 128.032 1164.51
Little: 56.617 74.3888 1178.38
Thumb: 150.156 114.803 1086.7
Index: 148.672 137.915 1098.41
Middle: 153.466 140.056 1137.31
Ring: 135.136 131.017 1158.41
Little: 62.4719 71.0633 1180.17
Thumb: 147.358 115.685 1083.68
Index: 158.551 130.263 1105.57
Middle: 156.092 139.329 1134.65
Ring: 137.602 134.577 1153.66
Little: 57.4706 63.8092 1182.43
Thumb: 144.049 112.273 1095.82
Index: 157.952 132.753 1097.23
Middle: 157.012 140.255 1126.9
Ring: 140.391 134.038 1147.82
Little: 60.0537 63.693 1182.89
Thumb: 148.856 117.222 1079.74
Index: 161.963 131.848 1097.57
Middle: 160.087 136.476 1127.98
Ring: 140.933 134.193 1145.73
Little: 61.2947 61.7163 1178.35
Thumb: 154.232 120.534 1097.25
Index: 158.119 125.76 1091.73
Middle: 160.504 134.616 1120.43
Ring: 144.858 128.902 1141.58
Little: 58.4701 61.5102 1180.69
Thumb: 155.295 125.932 1106.13
Index: 154.363 104.758 1096.65
Middle: 160.165 130.666 1118.25
Ring: 152.521 113.601 1146.58
Little: 61.0598 56.1466 1156.62
Thumb: 154.316 127.232 1109.75
Index: 157.833 99.1774 1102.56
Middle: 159.72 129.989 1122.07
Ring: 151.641 113.863 1149.1
Little: 61.7459 55.4048 1157.93
Thumb: 145.569 125.899 1120.57
Index: 139.103 131.317 1086.57
Middle: 163.84 119.543 1129.92
Ring: 150.79 118.461 1149.78
Little: 60.8435 55.3239 1159.06
Thumb: 156.844 129.87 1109.95
Index: 144.188 127.49 1088.84
Middle: 154.624 134.749 1119.54
Ring: 150.679 109.416 1151.92
Little: 62.8651 58.5364 1142.53
Thumb: 157.214 126.072 1109.86
Index: 131.648 126.359 1085.6
Middle: 159 121.367 1125.79
Ring: 147.964 103.076 1154.23
Little: 60.2827 57.4782 1141.24
Thumb: 161.828 133.945 1111.47
Index: 128.029 144.142 1084.49
Middle: 156.26 126.234 1131.51
Ring: 47.228 40.7835 1158.2
Little: 59.201 60.8505 1140.66
Thumb: 159.288 133.742 1118.5
Index: 136.761 135.564 1093.38
Middle: 153.167 130.802 1133.29
Ring: 43.7515 40.1522 1144.6
Little: 52.555 57.1252 1139.9
Thumb: 179.039 187.149 1074.79
Index: 128.261 131.947 1092
Middle: 153.583 131.231 1134.98
Ring: 44.8113 40.043 1145.74
Little: 51.9824 56.7941 1141.45
Thumb: 177.029 191.547 1073.55
Index: 131.741 132.288 1095.95
Middle: 153.21 131.052 1139.07
Ring: 43.7761 40.8807 1149.2
Little: 50.6835 57.3764 1145.12
Thumb: 175.968 193.094 1069.01
Index: 132.446 132.256 1096.57
Middle: 151.254 132.059 1138.77
Ring: 41.3693 41.9145 1150.02
Little: 47.1756 58.3183 1145.47
Thumb: 174.955 179.307 1070.71
Index: 126.823 126.039 1097.89
Middle: 148.183 126.016 1141.98
Ring: 35.7299 39.0358 1154.5
Little: 44.7443 56.0372 1145.11
Thumb: 178.702 148.896 1089.28
Index: 134.828 125.701 1105.4
Middle: 144.652 128.85 1143.62
Ring: 33.0816 39.5553 1155.31
Little: 43.652 56.5208 1145.66
Thumb: 154.976 142.91 1057.5
Index: 132.547 127.64 1108.64
Middle: 137.218 134.723 1142.98
Ring: 31.2574 39.5266 1157.28
Little: 39.6988 56.2744 1149.01
Thumb: 159.938 148.029 1058.62
Index: 130.164 121.828 1111.38
Middle: 135.621 129.929 1146.06
Ring: 29.5316 35.4064 1163.34
Little: 37.6894 51.8748 1154.42
Thumb: 158.636 145.05 1061.43
Index: 122.464 128.054 1106.64
Middle: 133.301 131.908 1148.39
Ring: 28.5235 36.7354 1171.1
Little: 42.171 54.8099 1152.85
Thumb: 162.222 128.452 1083.19
Index: 131.41 119.743 1111.37
Middle: 137.885 120.658 1151.47
Ring: 29.7976 35.3254 1177.64
Little: 46.8136 64.3999 1180.22
Thumb: 148.216 131.561 1056.87
Index: 130.602 123.231 1111.23
Middle: 136.124 118.849 1154.98
Ring: 27.2161 33.2489 1177.87
Little: 32.3285 48.8365 1173.49
Thumb: 145.017 130.376 1060.95
Index: 116.497 125.616 1101.82
Middle: 130.629 125.821 1147.39
Ring: 24.8114 35.238 1174.35
Little: 27.1956 50.7086 1168.47
Thumb: 134.71 137.018 1073.78
Index: 130.73 115.477 1114.93
Middle: 128.573 124.927 1145.03
Ring: 20.6315 35.0517 1169.47
Little: 25.1134 50.4901 1163.92
Thumb: 140.015 134.884 1065.23
Index: 129.323 110.098 1116.07
Middle: 120.588 127.615 1136.88
Ring: 17.9855 34.2911 1167.89
Little: 22.4587 49.7938 1161.79
Thumb: 110.889 109.265 1087.25
Index: 120.022 105.723 1116.06
Middle: 115.94 125.908 1137.89
Ring: 14.1317 32.8361 1168.43
Little: 18.1669 48.166 1161.48
Thumb: 103.543 101.555 1093.65
Index: 117.483 105.347 1117.6
Middle: 111.669 121.823 1141.55
Ring: 10.2112 25.9706 1166.04
Little: 13.5051 41.4681 1158.55
Thumb: 106.34 106.631 1082.92
Index: 117.135 106.867 1116.17
Middle: 115.723 115.301 1148.78
Ring: 22.1809 33.1105 1169.45
Little: 8.85125 43.4838 1162.57
Thumb: 105.164 104.316 1083.1
Index: 115.461 102.417 1120.47
Middle: 110.432 112.709 1149.85
Ring: 13.2109 31.6288 1168.65
Little: 0.0908554 44.145 1164.45
Thumb: 92.7082 102.954 1068.46
Index: 106.827 115.965 1113.06
Middle: 102.616 103.512 1161.48
Ring: 8.28344 23.6746 1155.9
Little: 0.222422 35.3299 1145.69
Thumb: 92.4917 106.535 1061.4
Index: 102.912 115.824 1110.74
Middle: 99.005 102.73 1161.31
Ring: 4.17171 26.6611 1160.86
Little: -0.343603 37.8852 1146.22
Thumb: 87.5151 97.2102 1062.74
Index: 100.06 110.139 1108.59
Middle: 91.978 96.0918 1164.72
Ring: -11.8103 43.0222 1162.73
Little: -20.8323 53.7782 1151.48
Thumb: 81.9207 97.1502 1060.09
Index: 106.799 108.733 1113.68
Middle: 94.8646 97.522 1160.62
Ring: -8.21513 41.3666 1163.16
Little: -16.6949 52.1792 1151.71
Thumb: 77.1964 95.9902 1060.96
Index: 89.4747 117.66 1091.92
Middle: 94.0282 97.5154 1160.37
Ring: -1.63838 34.2463 1154.88
Little: -15.667 51.2709 1150.52
Thumb: 76.544 97.124 1058.51
Index: 89.7128 118.345 1093.81
Middle: 91.4407 96.5507 1160.3
Ring: -1.5792 32.125 1151.43
Little: -16.7566 50.3651 1149.88
Thumb: 77.3044 93.6612 1059.01
Index: 86.6348 117.266 1094.15
Middle: 89.0949 99.7201 1159.94
Ring: -9.24549 28.3448 1147.16
Little: -18.963 51.5391 1150.91
Thumb: 76.5358 93.6135 1058.11
Index: 84.792 117.143 1093.36
Middle: 88.0185 99.5686 1160.03
Ring: -5.09561 30.2441 1149.64
Little: -20.861 51.744 1150.95
Thumb: 82.2475 91.7274 1049.25
Index: 90.5474 116.253 1102.88
Middle: 83.7407 99.8836 1161.11
Ring: -15.5535 29.8718 1144.79
Little: -25.4963 53.6819 1146.98
Thumb: 80.268 89.1408 1051.05
Index: 86.8853 115.573 1099.59
Middle: 78.901 94.3718 1163.63
Ring: -18.5371 27.0244 1132.52
Little: -25.6068 54.9091 1145.36
Thumb: 77.4462 98.624 1050.05
Index: 85.3931 115.023 1096.43
Middle: 80.4815 91.5686 1160.28
Ring: -5.88721 26.9951 1138.72
Little: -23.4052 52.2972 1144.78
Thumb: 79.4086 103.267 1045.84
Index: 79.38 116.926 1088.81
Middle: 81.6325 91.7203 1158.64
Ring: -7.02036 29.6643 1144.74
Little: -24.4141 50.1956 1146.14
Thumb: 77.8874 97.0825 1039.47
Index: 77.8477 117.463 1088.28
Middle: 81.2145 91.425 1157.46
Ring: -1.36945 26.1091 1136
Little: -21.2338 50.5287 1148.71
Thumb: 80.505 102.039 1049.25
Index: 69.6366 115.952 1082.44
Middle: 82.9211 92.7158 1155.67
Ring: 4.48637 24.7087 1130.39
Little: -10.6465 51.5004 1144.46
Thumb: 77.2004 102.93 1050.68
Index: 67.246 117.355 1081.99
Middle: 88.0166 98.1939 1153.67
Ring: 11.0883 24.641 1131.54
Little: -6.56621 50.3623 1149.74
Thumb: 76.7542 101.892 1055.04
Index: 65.9158 117.744 1081.17
Middle: 88.0096 93.933 1155.62
Ring: 5.25652 26.2402 1140.61
Little: -8.05518 49.9178 1153.22
Thumb: 76.4979 104.089 1057.29
Index: 65.9569 118.839 1079.93
Middle: 90.5616 102.818 1151.27
Ring: 11.8405 29.426 1139.29
Little: -6.31077 49.0888 1152.82
Thumb: 68.5692 97.9793 1058.44
Index: 89.6632 119.842 1097.49
Middle: 90.4976 108.857 1147.81
Ring: 12.0526 29.1608 1140.12
Little: -5.01123 47.9496 1152.3
Thumb: 67.896 96.7702 1056.94
Index: 85.1523 119.88 1093.93
Middle: 90.2896 108.422 1148.15
Ring: 7.49011 26.9958 1142.41
Little: -4.58709 49.1591 1154.58
Thumb: 70.5896 96.3224 1034.18
Index: 88.072 118.388 1098.69
Middle: 89.1557 118.662 1144.31
Ring: 2.89823 22.0805 1139.27
Little: -6.37602 49.4098 1159.52
Thumb: 74.6183 98.6709 1038.49
Index: 92.9325 121.075 1101.51
Middle: 89.5137 122.791 1143.4
Ring: 7.8387 22.0379 1137.57
Little: -9.8397 44.4895 1156.56
Thumb: 78.9358 102.892 1036.64
Index: 93.2702 121.106 1101.56
Middle: 89.7229 121.531 1143.85
Ring: 8.9839 21.4012 1136.3
Little: -10.2246 43.4204 1155.43
Thumb: 85.8771 108.731 1040.24
Index: 94.6805 124.461 1102.72
Middle: 91.7285 120.291 1147.14
Ring: 11.7624 23.418 1136.27
Little: -8.73429 45.3482 1155.87
Thumb: 89.9728 110.421 1043.37
Index: 94.5761 124.996 1109.09
Middle: 90.359 114.989 1153.86
Ring: 7.44855 22.8519 1133.59
Little: -10.7967 46.2478 1154.84
Thumb: 91.6242 107.537 1047.19
Index: 98.3323 125.886 1114.43
Middle: 88.8296 108.71 1160.66
Ring: 2.39578 24.5314 1131
Little: -8.29699 52.7208 1156.36
Thumb: 95.0021 100.509 1067.99
Index: 99.2299 125.666 1124.77
Middle: 83.0748 102.988 1169.97
Ring: 1.74475 25.2552 1135.39
Little: -12.0024 55.7979 1157.87
Thumb: 103.504 102.544 1080.68
Index: 94.7018 128.957 1131.91
Middle: 73.2286 105.905 1178.93
Ring: -4.16376 25.5395 1131.39
Little: -16.5804 64.4684 1155.37
Thumb: 113.847 111.692 1083.51
Index: 92.8204 129.404 1140.61
Middle: 69.5782 108.952 1184.97
Ring: -5.04193 25.7863 1135.09
Little: -19.9256 62.7757 1155.58
Thumb: 105.018 102.564 1104.6
Index: 86.6587 112.133 1168.43
Middle: -1.97418 20.5481 1133.56
Ring: -11.8966 27.7403 1136.91
Little: -28.0725 66.2304 1155.57
Thumb: 109.222 111.166 1118.98
Index: 77.4504 106.88 1179.22
Middle: -5.2796 23.3514 1134.73
Ring: -11.9234 35.5429 1151.41
Little: -33.559 71.0144 1154.67
Thumb: 113.968 113.976 1115.49
Index: 70.0172 104.708 1187.2
Middle: 27.7912 76.9253 1200.84
Ring: -12.7128 36.6476 1151.66
Little: -35.3597 72.2517 1152.16
Thumb: 117.447 108.9 1114.72
Index: 13.2823 31.5429 1134.08
Middle: 25.9937 82.9693 1206.41
Ring: -3.70832 64.0373 1191.48
Little: -40.7033 75.554 1153.98
Thumb: 121.745 105.88 1118.64
Index: 17.3275 33.85 1143.07
Middle: 30.6159 89.7279 1206.97
Ring: 7.85631 98.2677 1180.39
Little: -42.5532 71.024 1150.45
Thumb: 120.854 109.786 1123.01
Index: 13.4733 31.4009 1135.69
Middle: 28.8192 89.2832 1206.58
Ring: 7.15295 98.0638 1179.33
Little: -50.3336 54.2045 1134.66
Thumb: 119.603 102.849 1122.36
Index: 15.4442 29.4811 1135.64
Middle: 31.647 91.9831 1205.25
Ring: 6.45762 95.5205 1177.87
Little: -50.984 49.471 1130.51
Thumb: 120.151 100.957 1118.85
Index: 14.9022 28.9032 1132.12
Middle: 32.9844 94.5182 1202.43
Ring: 7.84803 100.918 1174.12
Little: -50.2736 47.1622 1122.7
Thumb: 120.36 98.7717 1114.55
Index: 14.5842 23.051 1122.72
Middle: 30.0397 80.3166 1199.07
Ring: 10.707 100.132 1169.55
Little: -52.5543 42.3525 1116.23
Thumb: 115.353 95.3615 1118.17
Index: 17.3415 26.8699 1118.73
Middle: 34.9565 88.3281 1186.3
Ring: 7.32814 91.1487 1166.02
Little: -53.4039 38.7061 1107.89
Thumb: 114.28 93.9447 1118.35
Index: 16.9514 25.7142 1113.76
Middle: 34.3998 87.7514 1179.48
Ring: 5.77148 86.9996 1161.7
Little: -52.9263 37.6598 1102.34
Thumb: 110.103 93.16 1116.34
Index: 15.8742 26.0806 1107.83
Middle: 34.4513 85.4779 1175.63
Ring: -11.9615 45.0665 1169.41
Little: -53.375 39.3244 1097.96
Thumb: 116.19 95.7187 1122
Index: 10.8868 22.808 1105.12
Middle: 30.5741 83.063 1174.13
Ring: -11.0074 55.5486 1172.2
Little: -51.6259 39.1922 1092.27
Thumb: 113.605 94.9726 1122.59
Index: 10.8167 23.094 1102.85
Middle: 30.2883 82.9918 1172.41
Ring: -14.1303 52.4917 1169.53
Little: -52.2032 39.2914 1090.25
Thumb: 111.712 94.3259 1116.83
Index: 13.0529 24.8192 1105.76
Middle: 33.3652 81.3335 1170.87
Ring: -15.0112 45.3011 1167.76
Little: -53.6617 37.6628 1092.72
Thumb: 102.258 92.9514 1116.77
Index: 32.7952 53.8996 1110.38
Middle: 34.1758 81.1563 1168.73
Ring: -14.9388 44.6136 1166.5
Little: -54.973 37.9388 1092.81
Thumb: 101.544 94.7138 1117.51
Index: 32.1069 55.4673 1107.61
Middle: 32.4198 82.1685 1165.47
Ring: -15.0831 46.6484 1166.25
Little: -51.8262 47.0555 1108.6
Thumb: 97.5437 94.0003 1112.25
Index: 30.6723 56.955 1099.87
Middle: 36.6769 86.0305 1159.4
Ring: -14.114 44.2524 1162.89
Little: -52.4491 47.5662 1108.84
Thumb: 96.2481 94.7652 1108.93
Index: 28.3973 56.8805 1097.36
Middle: 35.316 87.9432 1150.33
Ring: -13.1217 48.3582 1162.45
Little: -53.5626 50.0248 1107.35
Thumb: 95.8087 94.4833 1110.87
Index: 22.1652 55.1863 1096.76
Middle: 32.1694 92.504 1140.91
Ring: -14.8364 54.4136 1163.88
Little: -45.4702 51.5383 1103.1
Thumb: 92.8904 99.85 1107.35
Index: 16.291 41.5557 1110.34
Middle: 30.8193 94.3297 1138.72
Ring: -15.0384 55.2549 1162.34
Little: -49.5533 52.2165 1102.6
Thumb: 94.8263 107.978 1105.39
Index: -0.842643 22.8818 1108.02
Middle: 30.4902 91.1301 1142.47
Ring: -16.9455 53.6883 1164.02
Little: -45.6594 99.8717 1121.12
Thumb: 96.7589 107.353 1103.42
Index: -0.493608 22.3161 1105.41
Middle: 29.5879 76.3631 1162.53
Ring: -18.9054 50.3204 1160.59
Little: -43.5203 100.066 1118.06
Thumb: 96.8238 109.296 1104.14
Index: -0.236098 23.6432 1105.56
Middle: 30.561 81.6931 1159.72
Ring: -21.2103 49.3592 1159.44
Little: -45.4206 99.2936 1118.55
Thumb: 98.6255 107.885 1100.88
Index: 0.78732 25.6606 1102.34
Middle: 30.6982 81.9692 1157.04
Ring: -25.1101 44.7619 1153.49
Little: -41.8115 99.7478 1127.63
Thumb: 98.7698 108.308 1101.5
Index: 0.109194 24.8445 1101.3
Middle: 30.5374 80.8735 1157.05
Ring: -24.2888 45.4327 1153.82
Little: -41.9849 99.3693 1126.79
Thumb: 97.6958 107.012 1099.51
Index: 0.106107 24.9701 1100.53
Middle: 30.2309 81.2043 1156.16
Ring: -23.2736 46.43 1153.66
Little: -42.053 98.911 1126.26
Thumb: 102.209 111.023 1102.75
Index: -1.87328 24.0894 1100.95
Middle: 28.3082 82.9338 1157.28
Ring: -25.206 47.3889 1154.39
Little: -43.2919 98.7287 1127.22
Thumb: 103.998 108.735 1102.75
Index: -6.03706 23.4854 1103.88
Middle: 25.82 80.664 1160.91
Ring: -23.7961 47.7614 1156.09
Little: -45.3764 100.644 1119.64
Thumb: 92.9677 96.1565 1108
Index: -7.87809 24.5353 1109.83
Middle: 21.8254 75.2557 1168
Ring: -24.2253 52.0375 1162.7
Little: -48.2041 99.0872 1122.58
Thumb: 90.2274 98.4275 1118.16
Index: -27.0183 18.2501 1091.11
Middle: 18.2401 73.1982 1174.26
Ring: -22.6388 60.0241 1171.37
Little: -46.4531 98.9179 1141.08
Thumb: 96.2555 98.6806 1119.72
Index: -28.7406 19.8724 1097.44
Middle: 25.0096 81.8809 1177.18
Ring: -22.5856 60.8296 1178.4
Little: -43.7454 105.045 1153.56
Thumb: 89.6895 92.0488 1133.89
Index: -21.6771 30.5385 1125.18
Middle: 18.0362 78.3245 1191.3
Ring: -21.2272 62.1436 1187.81
Little: -41.0735 109.785 1169.52
Thumb: 93.6665 89.629 1138.26
Index: -26.1177 32.2663 1134.37
Middle: 18.7479 77.4715 1199.03
Ring: -30.7883 64.0451 1196.25
Little: -42.1744 92.7038 1174.73
Thumb: 91.8083 83.4961 1139.91
Index: -37.3075 40.2233 1145.46
Middle: 11.3772 80.9033 1207.26
Ring: -69.333 61.1173 1182.64
Little: -42.2886 112.052 1178.26
Thumb: 99.6771 86.6575 1097.09
Index: -54.1226 39.7381 1134.28
Middle: 12.7667 83.3145 1209.01
Ring: -66.4363 63.3983 1183.37
Little: -32.0441 130.009 1186.26
Thumb: 99.0722 93.4216 1118.92
Index: -51.4527 45.1895 1147.05
Middle: -67.2486 65.5227 1186.99
Ring: -16.1897 97.5758 1209.67
Little: -33.9548 153.791 1180.14
Thumb: 96.5779 94.5092 1122.19
Index: -45.715 49.5958 1158.15
Middle: -59.6081 71.2257 1193.85
Ring: -7.81965 122.099 1195.1
Little: -32.9344 149.603 1192.32
Thumb: 102.004 100.051 1130.13
Index: -37.9277 53.3722 1163.86
Middle: -55.2321 76.0017 1195.72
Ring: -7.17071 127.471 1188.39
Little: -28.4423 159.044 1190.45
Thumb: 139.613 108.273 1097.44
Index: -35.2347 58.8871 1174.37
Middle: -49.6472 81.8992 1205.9
Ring: 1.10234 131.059 1202.01
Little: -17.1543 162.06 1198.28
Thumb: 137.133 99.6402 1092.58
Index: -28.3088 64.8397 1179.02
Middle: -50.0363 84.2235 1200.46
Ring: 8.35066 134.193 1202.01
Little: -7.40743 163.878 1202.44
Thumb: 134.131 96.0289 1102.2
Index: -24.2009 66.4421 1182.38
Middle: -45.8661 86.4579 1203.56
Ring: 10.2204 137.774 1183.75
Little: -7.87134 160.809 1206.53
Thumb: 63.3384 172.697 1216.26
Index: -19.1788 67.6142 1184.82
Middle: -39.9903 88.0434 1206.18
Ring: 15.1132 138.036 1183.54
Little: -2.57306 161.371 1206.98
Thumb: 140.929 101.925 1144.79
Index: -13.7085 65.7793 1182.72
Middle: -34.093 85.1755 1204.96
Ring: 15.2754 132.512 1180.13
Little: 2.37006 156.778 1208.06
Thumb: 148.688 103.019 1129.84
Index: -8.91875 61.9519 1172.26
Middle: -30.396 79.91 1195.35
Ring: 19.1143 130.026 1175.3
Little: 7.22416 170.094 1194.26
Thumb: 153.575 102.367 1108.29
Index: -2.48542 60.6554 1168.7
Middle: -19.491 78.8176 1196.61
Ring: 25.7603 128.61 1173
Little: 14.4286 166.516 1194.68
Thumb: 147.153 101.425 1090.45
Index: 10.28 55.1941 1156.13
Middle: -10.0699 63.7507 1177.82
Ring: 33.5743 127.738 1163.05
Little: 18.4539 160.925 1189.54
Thumb: 150.751 102.399 1099.07
Index: 16.9062 44.7994 1148.99
Middle: -0.704865 52.7101 1172.95
Ring: 36.3008 117.201 1159.55
Little: 17.1743 152.889 1180.35
Thumb: 145.649 97.8332 1088.08
Index: 19.5047 42.5932 1143.25
Middle: 5.37197 49.1535 1169.17
Ring: 48.0391 115.176 1168.94
Little: 18.5645 149.734 1173.04
Thumb: 140.516 91.6822 1087.45
Index: 15.9135 41.9759 1138.1
Middle: 7.05607 49.0834 1169.75
Ring: 44.8499 113.811 1163.48
Little: 19.5141 148.383 1172.03
Thumb: 132.531 86.2105 1088.55
Index: 14.612 41.7192 1134.26
Middle: 11.2048 50.0393 1171.27
Ring: 43.8652 112.267 1159.83
Little: 22.2561 147.393 1171.23
Thumb: 145.082 86.4949 1078.43
Index: 5.05024 39.7183 1127.74
Middle: -4.71555 47.9526 1167.69
Ring: 40.5459 112.038 1149.99
Little: 22.4722 145.255 1170.38
Thumb: 137.527 84.6845 1055.8
Index: 1.01437 42.8255 1133.72
Middle: -8.68279 52.1702 1170.65
Ring: 39.7991 113.431 1150.96
Little: 28.6349 147.917 1172.67
Thumb: 112.03 68.6426 1079.78
Index: -2.95247 43.5235 1135.1
Middle: -12.2959 53.5177 1170.45
Ring: 40.7546 112.486 1149.16
Little: 29.8666 148.819 1166.86
Thumb: 130.879 69.6293 1064.57
Index: -6.03839 46.8354 1138.75
Middle: -12.4034 62.5423 1178.67
Ring: 36.9703 114.664 1148.63
Little: 30.2894 148.002 1176.59
Thumb: 130.551 69.7098 1056.51
Index: -8.19918 47.7893 1136.89
Middle: -9.97317 63.5512 1180.47
Ring: 38.6449 115.783 1147.91
Little: 32.9395 145.247 1178.8
Thumb: 129.395 69.9662 1066.86
Index: -8.36086 49.3926 1139.41
Middle: -8.05259 66.9911 1183.57
Ring: 39.6415 117.869 1146.55
Little: 34.1961 144.252 1180.24
Thumb: 132.827 85.8285 1031.49
Index: -3.71221 55.4718 1140.39
Middle: -4.11544 73.2904 1181.97
Ring: 49.2618 122.007 1148.58
Little: 34.7485 132.135 1179.83
Thumb: 141.52 90.7095 1015.35
Index: -1.06733 57.9387 1136.87
Middle: -4.25499 75.8625 1176.57
Ring: 46.7251 106.302 1190.36
Little: 36.4041 132.544 1174.83
Thumb: 146.378 74.404 1073.97
Index: -4.86879 58.7784 1138.64
Middle: -7.51169 73.4026 1176.27
Ring: 43.3028 108.177 1192.02
Little: 33.6105 134.837 1175.57
Thumb: 135.87 77.8923 1097.28
Index: -2.89009 59.1437 1139.92
Middle: -7.79016 74.8207 1174.99
Ring: 43.7404 110.009 1187.05
Little: 34.0839 134.922 1174.57
Thumb: 138.162 75.7851 1092.79
Index: -5.45693 59.1951 1136.76
Middle: -10.8767 73.5283 1171.78
Ring: 43.6674 108.917 1181.01
Little: 32.6453 130.513 1176.92
Thumb: 131.323 66.0813 1089.17
Index: -8.64087 60.185 1139.29
Middle: -13.2644 74.4527 1173.4
Ring: 45.8692 109.268 1179.44
Little: 31.628 130.581 1177.72
Thumb: 131.263 67.9922 1088.61
Index: -5.1335 58.6526 1140.4
Middle: -13.0109 69.1335 1170.01
Ring: 47.3154 107.276 1179.3
Little: 33.1539 131.145 1178.68
Thumb: 129.02 66.9203 1090.02
Index: -5.38078 58.5531 1139.79
Middle: -15.5615 68.9756 1167.74
Ring: 46.6535 107.652 1179.29
Little: 32.8031 130.815 1178.06
Thumb: 128.581 66.7556 1089.23
Index: -2.9163 58.359 1142.17
Middle: -14.8397 67.392 1167.02
Ring: 47.0925 106.886 1180.69
Little: 33.2633 131.052 1177.64
Thumb: 127.016 63.3257 1072.49
Index: -0.776202 58.6267 1144.69
Middle: -15.6309 67.0202 1166.55
Ring: 47.9248 107.426 1179.96
Little: 33.3972 131.093 1177.66
Thumb: 126.972 63.5428 1069.86
Index: -0.893404 58.5857 1144.53
Middle: -15.6746 66.9921 1166.46
Ring: 42.9951 103.145 1184.44
Little: 32.2651 127.506 1178.71
Thumb: 126.937 63.5171 1069.92
Index: -0.894389 58.5857 1144.53
Middle: -15.6764 66.9922 1166.46
Ring: 42.9804 103.132 1184.45
Little: 32.3865 127.803 1178.65
Thumb: 31.8884 74.5268 1100.4
Index: -1.89435 59.1808 1147.73
Middle: -16.4632 67.6275 1169.15
Ring: 43.6635 105.145 1186.34
Little: 35.658 134.093 1180.76
Thumb: 32.4318 74.2818 1099.78
Index: -5.63581 59.9112 1142.69
Middle: -17.3638 66.9344 1166.49
Ring: 43.164 107.541 1181.29
Little: 32.5626 131.16 1181.36
Thumb: 32.0808 73.9898 1102.31
Index: -6.43996 62.3558 1146.31
Middle: -18.7405 71.7391 1169.93
Ring: 51.0452 107.016 1174.85
Little: 33.9549 131.76 1183.01
Thumb: 32.0652 74.6238 1101.93
Index: -3.55803 62.3957 1148.76
Middle: -18.1772 66.3099 1166.31
Ring: 48.5133 108.389 1175.39
Little: 31.9391 131.139 1182.51
Thumb: 34.7701 78.2529 1101.55
Index: -0.266938 63.5231 1150.46
Middle: -15.0393 67.734 1168.54
Ring: 51.2745 110.256 1176.65
Little: 34.1854 128.584 1184.16
Thumb: 36.2416 81.3263 1102.29
Index: 1.74785 56.5557 1146.02
Middle: -10.9943 65.1335 1169.06
Ring: 52.4896 104.981 1183.31
Little: 35.3532 128.314 1185.89
Thumb: 37.7101 81.7621 1097.97
Index: 6.116 53.7382 1143.14
Middle: -5.31324 54.6147 1160.57
Ring: 55.7442 104.097 1173.13
Little: 39.071 122.81 1185.66
Thumb: 39.1415 80.6162 1094.15
Index: 7.40547 49.7228 1138.64
Middle: -4.50872 54.4866 1159.6
Ring: 56.4246 101.647 1170.74
Little: 39.9644 121.784 1184.9
Thumb: 37.4737 83.5545 1093.62
Index: 10.9259 47.3337 1136.72
Middle: -1.28896 51.5856 1156.33
Ring: 56.3104 102.767 1166.73
Little: 43.6912 121.614 1185.46
Thumb: 38.9195 81.4468 1087.94
Index: 15.6857 42.3898 1134.48
Middle: 2.51684 39.1495 1141.59
Ring: 40.1213 82.5493 1157.41
Little: 49.8211 116.658 1187.75
Thumb: 38.6685 82.3687 1089.58
Index: 19.7046 42.8767 1133.41
Middle: 10.1454 35.9144 1136.78
Ring: 36.5149 82.3122 1152.63
Little: 53.8633 113.446 1184.39
Thumb: 36.4196 80.6393 1089.63
Index: 22.1021 40.9973 1134.24
Middle: 8.97178 33.2243 1133.97
Ring: 37.8779 79.198 1151.01
Little: 54.9195 107.415 1181.96
Thumb: 39.6305 80.7815 1087.57
Index: 26.714 38.9466 1130.38
Middle: 15.2143 30.8458 1131.08
Ring: 43.8242 80.1031 1148.14
Little: 59.7985 102.724 1178.73
Thumb: 42.0107 82.8653 1084.77
Index: 28.9237 38.746 1126.95
Middle: 17.208 31.7616 1132.24
Ring: 47.0345 80.4768 1145.85
Little: 62.8676 99.2877 1176.77
Thumb: 42.8797 83.8204 1082.14
Index: 30.8949 37.683 1122.93
Middle: 19.2563 29.7082 1125.64
Ring: 41.1279 64.9296 1142.97
Little: 71.8728 112.28 1177.78
Thumb: 50.4464 85.7991 1075.68
Index: 36.9939 41.7154 1118.4
Middle: 21.0158 28.6835 1116.21
Ring: 53.3929 60.911 1126.63
Little: 73.5672 119.402 1175.78
Thumb: 53.6002 90.2512 1070.39
Index: 38.1945 43.4245 1113.99
Middle: 33.6955 35.8796 1121.09
Ring: 49.2998 56.757 1119.5
Little: 83.9948 118.413 1174.76
Thumb: 46.2724 94.3761 1068.85
Index: 43.8572 44.9509 1108.94
Middle: 46.1866 49.304 1115.58
Ring: 63.2975 88.8032 1120.33
Little: 90.8003 118.728 1168.09
Thumb: 41.5618 96.2764 1069.62
Index: 43.9315 43.5288 1106.09
Middle: 67.9631 70.4709 1117.27
Ring: 63.866 90.7902 1119.53
Little: 83.3893 129.34 1165.15
Thumb: 39.5985 94.1711 1068.52
Index: 47.9422 41.0192 1106.64
Middle: 68.5961 67.41 1120.27
Ring: 64.6743 89.1286 1118.98
Little: 77.4422 132.257 1164.46
Thumb: 36.1416 92.3178 1069.85
Index: 47.0192 38.7787 1107.44
Middle: 67.0559 67.9766 1116.96
Ring: 66.6454 87.1526 1121.31
Little: 75.4469 126.207 1165.22
Thumb: 35.5327 92.9477 1069.32
Index: 51.5794 38.4942 1107
Middle: 67.943 65.5927 1117.19
Ring: 68.1045 87.0242 1120.31
Little: 77.7 125.762 1165.02
Thumb: 34.6312 92.0949 1068.74
Index: 53.3525 37.714 1108.68
Middle: 68.4275 73.0369 1115.63
Ring: 69.5095 85.5993 1120.77
Little: 90.502 118.428 1166.36
Thumb: 32.5405 91.9954 1069.24
Index: 48.7109 37.4994 1108.34
Middle: 66.9046 71.3792 1111.93
Ring: 68.1424 84.7285 1120.76
Little: 92.4309 114.006 1166.14
Thumb: 30.1242 107.499 1063.97
Index: 51.9808 49.7142 1103.48
Middle: 73.208 85.5696 1108.99
Ring: 70.9111 98.1492 1119.07
Little: 93.6453 128.079 1167.09
Thumb: 15.0193 112.013 1067.92
Index: 61.6631 54.8064 1110.39
Middle: 77.5394 87.0145 1113.7
Ring: 74.0369 98.9147 1127.7
Little: 92.6387 131.905 1175.75
Thumb: 14.8353 111.002 1071.18
Index: 63.5203 57.3123 1104.9
Middle: 73.7696 89.7533 1110.17
Ring: 72.665 122.158 1136.75
Little: 86.7104 121.641 1173.8
Thumb: 9.07016 114.762 1073.16
Index: 75.0517 85.9957 1096.6
Middle: 77.4273 146.301 1114.23
Ring: 72.1019 118.216 1136.65
Little: 88.625 116.508 1172.79
Thumb: 15.4616 110.041 1076.07
Index: 77.4844 92.0413 1092.87
Middle: 75.3578 150.197 1112.85
Ring: 68.9669 118.988 1134.2
Little: 36.0336 65.5868 1131.45
Thumb: 16.3901 109.193 1082.19
Index: 74.5888 92.1418 1091.93
Middle: 75.5749 149.957 1108.18
Ring: 67.632 119.816 1133.74
Little: 33.3832 65.8867 1131.22
Thumb: 17.9295 105.96 1082.85
Index: 75.5515 88.8666 1090.9
Middle: 76.0222 147.431 1101.13
Ring: 69.2295 120.246 1131.51
Little: 34.0663 64.8502 1130.99
Thumb: 15.9707 108.672 1079.47
Index: 74.416 84.6565 1088.87
Middle: 75.0538 150.928 1099.71
Ring: 64.1701 119.323 1127.9
Little: 32.3521 64.563 1125.07
Thumb: 16.1375 106.469 1079.47
Index: 75.4986 86.2005 1088.42
Middle: 73.2739 151.664 1096.34
Ring: 64.6867 120.024 1126.56
Little: 36.5097 64.6234 1126.13
Thumb: 149.38 102.159 1063.7
Index: 47.622 57.3657 1118.91
Middle: 17.2934 64.0768 1120.25
Ring: 21.4292 68.928 1113.07
Little: -5.80167 63.0596 1101.77
Thumb: 153.937 109.083 1066.73
Index: 71.9207 94.0715 1130.71
Middle: 19.2114 63.3616 1117.89
Ring: 21.5779 75.7824 1107.23
Little: -6.29432 69.2971 1098.09
Thumb: 159.094 114.124 1114.85
Index: 66.914 87.1815 1133.78
Middle: -1.95593 23.6403 1091.05
Ring: 18.5318 52.3281 1117.72
Little: -8.57713 61.7869 1090.27
Thumb: 136.646 103.714 1123
Index: 69.9515 90.1975 1116.84
Middle: -2.36889 22.0107 1082.4
Ring: 18.3903 48.6399 1115.01
Little: -9.0744 59.9845 1085.36
Thumb: 127.477 99.3843 1110.75
Index: 70.4167 91.8872 1113.06
Middle: -2.9211 21.2999 1080.81
Ring: 18.5067 44.3321 1109.22
Little: -10.0168 60.0667 1083.63
Thumb: 131.326 103.901 1112.05
Index: 67.94 90.4458 1111.46
Middle: -3.61406 21.8382 1077.05
Ring: 12.3593 114.833 1143.73
Little: -10.8909 60.5743 1082.98
Thumb: 130.73 102.91 1105.62
Index: 67.219 88.3176 1108.51
Middle: -5.08187 22.1564 1077.14
Ring: 14.2753 113.522 1147.55
Little: -11.1383 59.9026 1085.23
Thumb: 130.126 102.079 1096.15
Index: 66.7817 89.5706 1106.15
Middle: -5.88082 22.1421 1071.9
Ring: 12.4443 107.651 1149.2
Little: -12.0107 60.0593 1078.63
Thumb: 129.517 102.369 1095.34
Index: 67.2296 92.0628 1105.89
Middle: -7.38474 22.854 1068.77
Ring: 11.5622 104.41 1149.94
Little: -12.267 60.7031 1075.93
Thumb: 127.231 100.079 1096.63
Index: 69.159 93.8941 1098.02
Middle: -8.99973 22.2719 1068.84
Ring: 10.1478 103.154 1146.84
Little: -13.7275 61.2635 1075.08
Thumb: 124.93 99.8049 1097.77
Index: 71.7388 100.029 1094.5
Middle: -8.13493 21.6345 1068.86
Ring: 9.18891 104.298 1146.64
Little: -14.9442 59.6948 1068.33
Thumb: 126.307 98.4358 1094.97
Index: 67.9993 95.158 1096.07
Middle: -9.11912 20.553 1066.77
Ring: 6.58875 116.177 1143.79
Little: -16.5946 63.4984 1074.94
Thumb: 128.512 98.0288 1093.51
Index: 69.0533 95.338 1094.53
Middle: -9.04654 20.544 1065.23
Ring: 7.30327 117.414 1142.22
Little: -16.2954 63.279 1073.58
Thumb: 129.028 101.789 1094.81
Index: 65.5032 92.5001 1125.06
Middle: -8.49391 21.5769 1065.77
Ring: 7.59757 117.232 1143.34
Little: -15.6057 64.5398 1074.8
Thumb: 129.647 101.748 1098.46
Index: 63.5128 93.1088 1127.32
Middle: -8.25472 21.34 1066.62
Ring: 7.71104 112.762 1144.98
Little: -15.9673 63.3865 1073.72
Thumb: 128.489 102.025 1099.76
Index: 52.3218 80.833 1147.04
Middle: -8.03146 21.3968 1067.11
Ring: 8.01801 111.694 1145.44
Little: -15.6603 62.5162 1072.37
Thumb: 127.631 102.094 1102.62
Index: 58.3162 88.868 1149
Middle: -7.69549 21.0277 1070.8
Ring: 7.29856 112.519 1146.13
Little: -15.1402 61.4421 1073.08
Thumb: 127.72 100.935 1106.06
Index: 61.0927 93.0036 1151.17
Middle: -7.58154 20.5249 1072.25
Ring: 7.01021 113.445 1147.66
Little: -14.9748 61.8588 1075.94
Thumb: 126.67 100.225 1108.83
Index: 59.9742 91.7567 1154.61
Middle: -6.91584 19.6302 1075.4
Ring: 8.63302 113.246 1149.72
Little: -13.3645 57.6082 1070.94
Thumb: 128.916 100.627 1114.4
Index: 61.6364 95.0112 1158.91
Middle: -5.6151 18.0714 1081.46
Ring: 10.1698 114.952 1149.7
Little: -12.9542 56.6187 1079.16
Thumb: 129.55 99.4777 1114.37
Index: 62.8121 93.4566 1160.09
Middle: -5.32869 17.7095 1084.31
Ring: 8.36509 115.156 1151.36
Little: -12.7622 56.0488 1078.72
Thumb: 131.031 99.409 1117.33
Index: 63.1729 93.0233 1162.43
Middle: -3.67688 16.1328 1089.51
Ring: 8.19786 113.835 1154.17
Little: -12.5063 53.6957 1079.17
Thumb: 133.417 101.467 1116.23
Index: 63.8387 94.8423 1164.74
Middle: -2.47562 15.3374 1095.26
Ring: 8.2477 113.245 1156.54
Little: -11.9704 52.1499 1082.12
Thumb: 134.343 100.88 1119.05
Index: 62.8282 92.5525 1168.24
Middle: -2.48067 14.3669 1098.82
Ring: 8.81008 111.849 1159.94
Little: -11.3224 50.9517 1085.02
Thumb: 135.204 103.16 1123.93
Index: 58.5545 88.074 1172.94
Middle: -1.8417 12.6948 1097.23
Ring: 8.61079 112.626 1162.55
Little: -10.3121 50.8063 1087.99
Thumb: 131.585 101.302 1128.32
Index: 56.9074 93.0604 1177.25
Middle: -2.10337 13.0886 1102.37
Ring: 6.05994 114.97 1165.43
Little: -10.5023 51.1889 1090.92
Thumb: 128.562 101.515 1138.77
Index: 52.0624 89.8912 1183.96
Middle: -0.0319023 10.9535 1105.28
Ring: 3.53297 117.012 1170.76
Little: -12.8691 51.9428 1095.79
Thumb: 121.771 99.2323 1156.41
Index: 43.8311 92.1984 1190.67
Middle: 0.0270166 9.50491 1101.42
Ring: -7.16127 111.06 1166.93
Little: -11.4542 50.7644 1094.11
Thumb: 122.882 98.8404 1161.02
Index: 47.5512 98.6924 1191.67
Middle: -0.350392 10.5369 1104.38
Ring: -6.48216 113.845 1168.62
Little: -10.194 51.1061 1097.14
Thumb: 126.775 102.603 1160.77
Index: 48.0834 93.3702 1195.83
Middle: -0.430166 13.1977 1112.96
Ring: -3.07342 107.821 1176.68
Little: -8.77315 52.2056 1101.42
Thumb: 136.33 109.83 1147.32
Index: 68.7413 99.2226 1194.27
Middle: 1.39701 17.8119 1118.25
Ring: 10.9632 104.856 1187.89
Little: -5.28395 54.1315 1111.23
Thumb: 131.742 108.308 1150.55
Index: 34.6598 34.8108 1160.92
Middle: -1.33989 18.3141 1118.76
Ring: 8.85682 104.601 1189.82
Little: -6.49493 54.0398 1113.99
Thumb: 123.7 111.221 1183.31
Index: 20.1447 27.7958 1155.7
Middle: -2.24555 17.2668 1109.49
Ring: -8.66651 109.547 1182.01
Little: -8.86557 54.6263 1107.7
Thumb: 75.6036 120.278 1220.2
Index: -13.463 62.587 1181.86
Middle: -5.99658 14.2703 1110.69
Ring: -33.4448 107.171 1153.58
Little: -8.07861 48.8961 1102.75
Thumb: 13.6669 152.001 1216.73
Index: -38.1037 56.6034 1164.47
Middle: -12.3073 2.3075 1107.16
Ring: -40.1566 121.694 1131.59
Little: -16.9172 44.0241 1089.31
Thumb: 9.63111 119.84 1209.43
Index: -42.2078 53.544 1148.33
Middle: -15.2132 4.81 1107.62
Ring: -33.6101 125.375 1117.88
Little: -12.4743 42.8297 1086.66
Thumb: 2.86751 123.447 1204.49
Index: -42.923 48.0067 1138.35
Middle: -11.99 1.38394 1108.6
Ring: -39.1403 46.6333 1110.34
Little: -11.8222 41.4985 1081.83
Thumb: -4.5584 124.296 1204.38
Index: -27.5605 25.1609 1126.82
Middle: -15.0869 1.89833 1106.07
Ring: -33.2076 37.1647 1105.52
Little: -10.7757 40.5832 1084.05
Thumb: -9.54618 128.149 1200.23
Index: -17.8892 21.6749 1121.11
Middle: -16.3527 5.49315 1107.6
Ring: -23.9895 32.1282 1102.81
Little: -6.11633 42.3101 1081.96
Thumb: -16.4448 135.25 1194.86
Index: -20.4344 27.6868 1129.91
Middle: -14.7517 10.2906 1109.6
Ring: -11.6084 18.2271 1109.28
Little: -5.32894 45.5477 1086.73
Thumb: -20.0622 146.521 1190.36
Index: -20.781 34.802 1148.75
Middle: -9.12205 16.5417 1115.22
Ring: -11.1027 26.1594 1110.62
Little: -4.66897 52.5937 1092.51
Thumb: -26.3514 153.484 1183.04
Index: -28.8148 38.2062 1140.99
Middle: -12.6881 17.0849 1110.88
Ring: -6.46264 22.6687 1105.52
Little: 2.48675 48.3748 1088.05
Thumb: -64.6825 141.442 1183.56
Index: -27.8995 34.0277 1096
Middle: -7.9364 14.1488 1086.24
Ring: 4.05385 19.0257 1084.68
Little: 16.9887 46.7179 1077.9
Thumb: -68.622 130.694 1159.17
Index: -28.253 46.9845 1088.45
Middle: -12.2734 14.3902 1096.61
Ring: 1.59408 26.481 1079.01
Little: 6.42533 68.241 1055.91
Thumb: -59.0978 149.777 1165.65
Index: -7.62315 26.9291 1110.63
Middle: -7.3962 10.3687 1108.6
Ring: 0.48559 19.1303 1087.06
Little: 10.9373 74.0091 1040.06
Thumb: -64.0175 145.769 1145.1
Index: -4.64069 28.5517 1110.42
Middle: -5.96769 12.5837 1107.59
Ring: 4.42448 25.9484 1077.57
Little: 24.7344 76.4639 1041.99
Thumb: -73.3899 147.235 1140.92
Index: -4.29251 26.9603 1111.67
Middle: -9.87249 16.2787 1093.9
Ring: 5.93283 31.8781 1074.81
Little: 38.4551 90.8955 1046.41
Thumb: -78.8325 146.817 1126.7
Index: -7.9623 28.4545 1106.04
Middle: -10.3879 16.3142 1092.14
Ring: 7.09248 31.1958 1076.04
Little: 43.8748 91.6193 1051.81
Thumb: -76.2229 147.56 1115.55
Index: -9.63039 29.0628 1107.22
Middle: -13.5515 15.7589 1093.3
Ring: 6.93913 35.5133 1077.21
Little: 45.5199 89.124 1050.89
Thumb: -79.2617 146.622 1110.22
Index: -42.3781 78.3482 1035.7
Middle: -15.5561 15.8072 1091.45
Ring: 6.80979 34.6792 1077.25
Little: 45.7044 88.7397 1050.84
Thumb: -80.9551 148.06 1109.36
Index: -44.6281 78.3268 1036.07
Middle: -18.646 16.2059 1092.87
Ring: 5.01741 28.9678 1086.28
Little: 42.6679 87.7304 1051.56
Thumb: -83.11 148.282 1105.17
Index: -43.2783 77.1887 1032.64
Middle: -21.2647 19.9108 1085.78
Ring: 2.78009 28.6291 1081.71
Little: 42.0858 84.1042 1051.77
Thumb: -82.5024 147.791 1105.13
Index: -44.5746 77.5041 1032.03
Middle: -22.468 20.1101 1092.88
Ring: 0.660275 35.8085 1080.62
Little: 41.181 83.731 1049.96
Thumb: -84.2225 149.023 1102.1
Index: -45.9354 78.5429 1030.37
Middle: -22.4501 18.9073 1092.54
Ring: 0.886097 36.8068 1075.59
Little: 41.5154 85.2568 1050.51
Thumb: -84.6704 148.417 1097.68
Index: -44.9519 74.3498 1030.14
Middle: -22.9776 18.8608 1092.87
Ring: 1.04885 35.3367 1078.5
Little: 41.1462 84.3184 1049.41
Thumb: -80.4342 147.163 1095.27
Index: -44.4446 75.3389 1028.75
Middle: -24.7404 18.998 1089.52
Ring: -0.138394 36.204 1076.43
Little: 42.4332 84.9977 1058.11
Thumb: -75.0512 147.264 1091.48
Index: -45.3909 83.1279 1024.82
Middle: -25.0854 17.2131 1090.92
Ring: -0.197814 34.0645 1077.81
Little: 42.5893 84.6693 1058.15
Thumb: -75.869 147.879 1088.84
Index: -44.9349 81.4501 1024.69
Middle: -26.6391 17.6334 1089.69
Ring: 7.51415 93.9673 1025.74
Little: 42.2736 84.7621 1058.41
Thumb: -77.171 149.459 1088.11
Index: -46.065 83.4877 1024.34
Middle: -26.5406 14.9824 1101.46
Ring: 7.89154 104.039 1021.6
Little: 39.6765 84.3116 1049.56
Thumb: -77.4376 149.368 1086.98
Index: -44.8675 80.1223 1024.35
Middle: -26.5663 14.9093 1098.96
Ring: 5.18546 91.3449 1013.41
Little: 39.3909 80.7318 1049.08
Thumb: -77.458 149.363 1087.02
Index: -44.5443 83.232 1023.29
Middle: -26.2633 14.8182 1099.15
Ring: 5.2172 91.5193 1013.48
Little: 40.9859 85.5562 1053.45
Thumb: -77.1576 148.462 1085.91
Index: -43.0486 80.5913 1023.73
Middle: -25.6591 14.9033 1101.57
Ring: 5.50679 88.0988 1013.33
Little: 41.7891 85.5136 1055.51
Thumb: -77.1988 148.513 1084.51
Index: -42.0501 80.1337 1023.36
Middle: -25.831 15.2737 1099.82
Ring: 6.59951 87.5854 1013.64
Little: 42.459 86.3252 1055.75
Thumb: -76.902 148.666 1085.35
Index: -40.8189 80.1824 1023.56
Middle: -24.8316 14.8791 1103.28
Ring: 7.94102 87.4981 1014.5
Little: 43.1887 85.9273 1056.36
Thumb: -78.1571 148.632 1086.5
Index: -40.9578 80.9633 1023.77
Middle: -24.7632 14.7276 1105.11
Ring: 7.98432 87.8549 1014.9
Little: 42.8073 84.9698 1054.72
Thumb: -77.8428 149.015 1087.5
Index: -41.1008 79.8419 1024.61
Middle: -24.8536 15.1322 1108.54
Ring: 7.41154 88.0089 1014.78
Little: 41.8086 83.0947 1051.39
Thumb: -78.2836 149.127 1087.84
Index: -40.7127 77.0631 1025.92
Middle: -23.487 14.2964 1108.02
Ring: 7.65072 86.9869 1015.23
Little: 42.2424 82.4284 1051.42
Thumb: -78.202 147.09 1087.98
Index: -40.0943 76.6862 1025.54
Middle: -21.7083 13.6064 1107.65
Ring: 8.7583 88.8539 1014.97
Little: 43.1396 83.4566 1051.7
Thumb: -78.5324 149.387 1089.05
Index: -47.5521 72.206 1029.9
Middle: -21.6299 14.0891 1112.38
Ring: 6.7041 87.1514 1015.66
Little: 38.0889 66.7068 1045.49
Thumb: -81.3223 150.022 1089.88
Index: -46.6394 64.5393 1033.62
Middle: -21.3393 14.4825 1111.88
Ring: 7.49331 84.7341 1015.7
Little: 40.0832 72.2896 1046.28
Thumb: -75.6755 151.63 1087.71
Index: -45.1657 68.7582 1031.71
Middle: -19.567 15.7979 1108.73
Ring: 9.42275 87.6935 1015.47
Little: 41.2267 73.2102 1046.18
Thumb: -75.5005 152.91 1088.99
Index: -46.4805 68.4173 1033.6
Middle: -18.8252 17.4274 1111.3
Ring: 9.70919 94.2259 1015.66
Little: 40.4716 74.6893 1045.23
Thumb: -72.3961 154.16 1090.42
Index: -42.6664 67.5227 1032.32
Middle: -19.065 17.3448 1107.68
Ring: 13.7551 92.9612 1015.45
Little: 46.6525 85.2213 1050.05
Thumb: -71.7934 154.863 1088.82
Index: -40.1175 72.0452 1029.66
Middle: -17.2642 17.6354 1108.67
Ring: 14.3952 87.7731 1015.56
Little: 48.971 87.4627 1052.37
Thumb: -69.2364 153.971 1086.98
Index: -37.0602 82.4849 1026.93
Middle: -15.5649 18.631 1108.18
Ring: 18.4561 94.6715 1016.15
Little: 51.84 90.1011 1052.84
Thumb: -64.5191 151.718 1082.75
Index: -35.6887 85.8868 1027.16
Middle: -12.3759 18.8539 1103.44
Ring: 18.379 92.4729 1014.91
Little: 49.7428 81.0775 1043.25
Thumb: -58.5897 151.896 1082.83
Index: -31.6733 83.1439 1027.62
Middle: -7.97238 16.6892 1101.75
Ring: 20.2909 81.0815 1017.3
Little: 56.5733 88.4954 1043.65
Thumb: -51.0302 150.63 1073.74
Index: -26.3785 86.109 1026.21
Middle: -3.66828 15.0233 1096.17
Ring: 25.0934 81.4234 1016.56
Little: 59.2972 82.7467 1041.38
Thumb: -41.1929 156.474 1077.95
Index: -22.1124 83.8846 1027.47
Middle: 0.25492 17.2342 1095.27
Ring: 29.9873 84.7443 1016.27
Little: 65.7213 87.667 1040.23
