Thumb: 32.9554 91.7207 1121.92
Index: -64.5745 28.1944 1098.23
Middle: -101.42 40.8207 1097.63
Ring: -124.543 62.0639 1082.41
Little: -141.773 103.039 1080.87
Thumb: 45.385 89.6377 1104.73
Index: -59.2041 47.1274 1108
Middle: -93.4811 48.9458 1105.48
Ring: -81.4775 117.083 1153.59
Little: -127.31 92.2983 1097.8
Thumb: 32.5569 86.1525 1105.43
Index: -67.6216 40.9162 1107.7
Middle: -98.4349 44.5064 1097.67
Ring: -83.2418 116.942 1155.35
Little: -106.819 145.509 1130.82
Thumb: 28.8638 87.4967 1106.42
Index: -72.4166 34.1021 1104.04
Middle: -105.11 38.9141 1094.51
Ring: -85.1573 112.456 1156.03
Little: -110.177 135.807 1134.48
Thumb: 24.1456 86.5879 1108.04
Index: -77.1888 30.6462 1101.77
Middle: -108.874 37.4267 1098.29
Ring: -86.2172 111.355 1158.58
Little: -111.967 132.634 1137.59
Thumb: 17.2829 87.3045 1110.42
Index: -82.5794 28.4458 1100.45
Middle: -111.134 37.0508 1100.79
Ring: -87.281 116.796 1159.73
Little: -114.797 134.64 1138.91
Thumb: 10.2135 88.2469 1112.05
Index: -86.6117 32.6349 1102.77
Middle: -112.714 37.3693 1097.82
Ring: -85.5468 123.131 1159.39
Little: -113.77 139.129 1138.55
Thumb: 2.50773 89.2913 1109.75
Index: -90.696 33.3372 1099.56
Middle: -111.873 39.428 1100.57
Ring: -86.3132 125.293 1156.97
Little: -114.321 138.302 1137.56
Thumb: -1.26455 86.0896 1107.9
Index: -95.6857 35.8082 1101.57
Middle: -115.833 41.5915 1104.59
Ring: -117.517 48.0381 1095.11
Little: -112.217 140.698 1140.43
Thumb: -0.973814 86.5972 1109.21
Index: -97.4152 37.6524 1102.53
Middle: -118.716 38.2447 1097.81
Ring: -129.862 56.3663 1102.48
Little: -110.747 143.011 1142.96
Thumb: -4.92996 87.5661 1112.82
Index: -98.5116 38.2945 1104.7
Middle: -119.894 39.5189 1100.14
Ring: -130.584 55.8202 1104.39
Little: -110.376 138.966 1145.34
Thumb: -7.9443 86.1165 1110.65
Index: -97.9671 37.7333 1104.94
Middle: -121.521 40.9012 1101.69
Ring: -127.603 57.1511 1107.54
Little: -109.049 138.092 1146.3
Thumb: -8.26066 88.033 1108.29
Index: -96.6139 38.3187 1104.07
Middle: -118.152 39.8573 1102.49
Ring: -125.219 56.9957 1109.17
Little: -107.428 137.949 1146.33
Thumb: -7.57114 91.8811 1105.31
Index: -91.0335 38.1579 1104.75
Middle: -115.27 37.6772 1099
Ring: -120.391 54.1172 1108.4
Little: -104.561 134.763 1146.7
Thumb: -6.72245 93.8413 1103.79
Index: -84.6902 36.4421 1099.16
Middle: -110.224 34.9715 1094
Ring: -112.677 57.6161 1112.63
Little: -99.4147 134.214 1145.06
Thumb: -4.90823 96.0016 1106.06
Index: -79.7215 32.0623 1099.52
Middle: -103.492 33.0943 1101.29
Ring: -106.917 56.6329 1113.72
Little: -96.9711 136.715 1141.73
Thumb: 6.48247 98.8756 1104.92
Index: -66.5724 33.6787 1101.07
Middle: -94.6954 29.0139 1097.49
Ring: -96.1328 54.8283 1116.5
Little: -106.486 77.8713 1105.78
Thumb: 10.1298 101.404 1111.8
Index: -60.353 32.7359 1099.68
Middle: -86.9387 30.1114 1095.94
Ring: -92.6301 50.8012 1109.65
Little: -101.743 77.2023 1101.16
Thumb: 16.7064 98.4637 1114.69
Index: -54.4056 29.0347 1102.48
Middle: -77.1603 26.2845 1103.78
Ring: -88.0284 41.3283 1108.05
Little: -100.627 74.5882 1103.85
Thumb: 26.381 101.135 1111.79
Index: -42.0148 34.5794 1108.53
Middle: -64.5702 25.05 1099.07
Ring: -75.7817 41.7046 1107.02
Little: -92.9416 72.7136 1102.41
Thumb: 32.7825 101.899 1112.39
Index: -29.9319 34.4837 1104.11
Middle: -56.6904 25.2398 1100.55
Ring: -71.0429 42.0386 1108.05
Little: -82.8599 70.8339 1104.67
Thumb: 95.9387 117.488 1095.99
Index: -25.5156 24.4966 1098.73
Middle: -51.2243 22.1648 1101.67
Ring: -60.1465 41.5502 1111.43
Little: -78.8021 65.0508 1105.1
Thumb: 101.029 112.313 1104.28
Index: -20.2025 28.2665 1106.62
Middle: -46.6888 22.4263 1100.73
Ring: -55.4522 40.625 1107.54
Little: -70.5831 69.0793 1102.38
Thumb: 111.539 113.197 1100.29
Index: -14.2654 25.2375 1105.35
Middle: -40.6642 21.401 1103.6
Ring: -48.3433 38.2429 1108.71
Little: -65.0289 66.8279 1104.34
Thumb: 125.622 121.563 1079.72
Index: -5.98054 26.3145 1104.93
Middle: -31.5187 20.5689 1102.19
Ring: -42.3233 37.1726 1104.05
Little: -57.8946 65.5306 1100.6
Thumb: 65.7085 86.6925 1113.29
Index: 3.31257 24.3176 1101.08
Middle: -19.4883 18.9921 1101.28
Ring: -32.1616 31.5412 1100.31
Little: -51.279 59.2977 1096.84
Thumb: 77.0089 91.775 1118.57
Index: 10.7004 23.0606 1108.33
Middle: -13.8689 15.5502 1101.76
Ring: -30.0977 30.3946 1103.53
Little: -47.4325 57.7285 1097.05
Thumb: 83.0688 90.0678 1118.86
Index: 20.4115 20.7633 1108.2
Middle: -7.0617 13.2876 1098.88
Ring: -23.5718 27.8945 1100.57
Little: -40.8569 55.5025 1095.32
Thumb: 87.0738 91.611 1117.86
Index: 30.3163 18.0235 1105.6
Middle: 0.135615 14.2041 1102.49
Ring: -17.4899 29.8621 1104.71
Little: -35.763 52.9385 1095.08
Thumb: 103.258 99.0263 1123.77
Index: 38.3385 11.6438 1103.75
Middle: 6.46744 6.58 1099.38
Ring: -11.8885 20.658 1101.24
Little: -31.3614 54.674 1103.27
Thumb: 109.303 99.7711 1125.96
Index: 44.6259 12.1096 1103.34
Middle: 12.4793 2.83937 1090.94
Ring: -4.53287 20.8897 1103.26
Little: -24.0274 52.6773 1101.67
Thumb: 115.791 99.2924 1122.35
Index: 54.1969 7.39145 1099.9
Middle: 19.43 -0.97827 1092.79
Ring: 6.32399 27.6541 1107.2
Little: -17.2159 44.9411 1103.08
Thumb: 122.819 100.145 1121.37
Index: 59.6526 8.80179 1099.39
Middle: 25.6789 -0.0730476 1089.6
Ring: 12.7469 30.1616 1105.2
Little: -12.7384 45.526 1100.67
Thumb: 135.079 98.594 1124.65
Index: 64.1349 7.50196 1095.49
Middle: 29.9363 1.37706 1087.7
Ring: 17.2086 31.7235 1102.85
Little: -10.9344 43.2027 1092.68
Thumb: 149.418 101.916 1123.81
Index: 70.7117 11.7468 1100.4
Middle: 35.0067 1.5795 1083.27
Ring: 22.525 32.6358 1101.89
Little: -7.68067 43.6009 1088.5
Thumb: 143.677 99.904 1120.19
Index: 76.9667 15.5056 1102.02
Middle: 41.4812 2.39625 1081.9
Ring: 27.7804 34.7034 1101.48
Little: -1.83738 41.7217 1087.23
Thumb: 147.469 93.8606 1112.86
Index: 83.2698 13.8784 1100.24
Middle: 47.4063 0.375486 1083.95
Ring: 34.2512 33.3239 1103.39
Little: 28.9797 39.6004 1088.19
Thumb: 152.849 98.6949 1111.42
Index: 87.2407 12.4211 1096.89
Middle: 52.3995 -0.0287018 1082.92
Ring: 38.5231 32.1964 1103.74
Little: 33.0603 37.3773 1083.18
Thumb: 156.785 100.875 1114.3
Index: 88.8929 10.944 1098.54
Middle: 54.934 0.0229397 1080.42
Ring: 51.4619 74.4767 1144.94
Little: 34.5745 36.7185 1083.27
Thumb: 161.834 100.012 1113.83
Index: 93.5063 10.2393 1102.47
Middle: 58.0777 -0.796774 1085.16
Ring: 58.2008 89.4431 1134.78
Little: 34.6444 35.6445 1090.61
Thumb: 164.486 100.666 1123.76
Index: 90.774 10.0065 1100.11
Middle: 56.1308 0.000585556 1082.73
Ring: 59.9445 90.7456 1145.57
Little: 35.8857 36.5601 1080.68
Thumb: 165.924 100.646 1123.14
Index: 91.0508 9.6158 1100.22
Middle: 56.4562 0.0505981 1078.31
Ring: 61.5689 95.5207 1139.02
Little: 39.4256 37.0943 1080.8
Thumb: 165.565 98.2967 1120.3
Index: 88.6604 7.59445 1100.85
Middle: 54.0898 -1.91698 1082.16
Ring: 61.8799 98.5831 1133.2
Little: 37.2266 35.5506 1083.03
Thumb: 164.627 99.1624 1122.58
Index: 85.4502 12.6299 1101.75
Middle: 51.0204 5.27845 1080.48
Ring: 61.5433 105.614 1132.75
Little: 36.5987 43.5133 1081.92
Thumb: 162.947 96.436 1118.58
Index: 80.4047 13.3105 1103.74
Middle: 46.9003 5.89677 1080.9
Ring: 55.796 103.844 1145.08
Little: 32.4573 44.6595 1083.59
Thumb: 160.762 94.0404 1116.33
Index: 81.0118 28.1087 1111.9
Middle: 41.4445 8.2237 1079.56
Ring: 54.2143 105.237 1146.81
Little: 28.7168 47.0886 1082.25
Thumb: 154.697 94.4665 1117.54
Index: 79.2907 29.4021 1107.38
Middle: 37.9713 7.82998 1078.92
Ring: 53.2084 106.658 1145.17
Little: 22.3512 46.3747 1084.31
Thumb: 150.833 92.2711 1116.27
Index: 73.46 28.6156 1115.68
Middle: 32.3106 8.52317 1080
Ring: 44.6422 105.324 1147.17
Little: 18.9301 48.4006 1082.77
Thumb: 146.136 90.9139 1120.01
Index: 68.4359 34.9779 1121.08
Middle: 23.6678 9.91954 1082.35
Ring: 40.5392 106.003 1147.16
Little: 13.3703 50.8066 1083.88
Thumb: 140.411 92.2799 1118.2
Index: 71.8927 53.0863 1117.29
Middle: 17.312 10.1417 1078.2
Ring: 34.5672 103.516 1148.98
Little: 7.75895 49.9583 1082.08
Thumb: 132.665 93.4554 1122.78
Index: 68.7672 60.7621 1113.06
Middle: 11.099 14.1305 1082.84
Ring: 27.7081 103.527 1151.6
Little: 2.9083 53.745 1081.32
Thumb: 121.874 94.7407 1122.02
Index: 63.621 62.9371 1112.27
Middle: 4.69269 18.7734 1078.26
Ring: 25.6812 110.883 1141
Little: -1.82729 58.1196 1078.67
Thumb: 112.302 99.1019 1128.46
Index: 56.2823 64.4403 1117.72
Middle: -1.63012 18.8252 1082.72
Ring: 23.3042 125.108 1144.5
Little: -6.77162 57.5724 1081.81
Thumb: 106.109 99.0377 1125.91
Index: 46.8587 62.0783 1120.39
Middle: -8.62327 18.0788 1089.43
Ring: 11.4822 118.836 1150.38
Little: -15.6013 55.9004 1082.37
Thumb: 96.5047 94.1668 1127.25
Index: 41.2 59.1906 1117.02
Middle: -15.8268 16.989 1085.53
Ring: 7.91346 117.571 1151
Little: -24.7986 58.4974 1084.88
Thumb: 94.6758 96.9297 1131.01
Index: 35.3648 63.8825 1125.1
Middle: -22.7143 19.4772 1090.88
Ring: -2.26132 116.682 1162.13
Little: -30.2493 61.2726 1088.33
Thumb: 88.734 98.3538 1130.87
Index: 33.2724 62.7981 1120.6
Middle: -27.1985 19.51 1093.27
Ring: -4.50828 115.476 1165.85
Little: -33.3953 59.1588 1091.74
Thumb: 85.8094 97.6421 1131.23
Index: 29.4932 65.7991 1117.76
Middle: -31.0119 19.3201 1095.33
Ring: -10.5288 108.945 1170.99
Little: -38.351 58.7636 1095.7
Thumb: 81.9959 97.9014 1141.02
Index: 22.3604 66.6731 1122.03
Middle: -33.2637 17.9751 1097.25
Ring: -20.9136 116.909 1157.08
Little: -43.4778 59.1791 1093.83
Thumb: 63.8758 96.1739 1165.05
Index: 7.82344 68.5495 1130.07
Middle: -35.5734 17.7242 1102.3
Ring: -40.0474 117.546 1156.87
Little: -46.864 63.3974 1085.44
Thumb: 25.0525 107.205 1202.96
Index: -10.1305 95.4572 1152.59
Middle: -36.5275 20.6591 1111.54
Ring: -39.2338 55.8716 1109.47
Little: -34.4734 65.5074 1071.25
Thumb: -2.37459 112.095 1209.4
Index: -24.8311 96.9004 1149.64
Middle: -41.7553 22.9355 1106.64
Ring: -44.5767 59.4735 1104.98
Little: -31.2958 67.3913 1068.26
Thumb: -1.212 113.886 1206.07
Index: -26.9611 98.2118 1147.68
Middle: -46.2419 26.0842 1106.79
Ring: -41.2141 41.6285 1100.63
Little: -32.7792 68.8652 1066.11
Thumb: -4.69151 118.096 1211.51
Index: -27.9407 94.9103 1139.18
Middle: -49.7143 31.4063 1109.84
Ring: -52.5664 51.9617 1094.73
Little: -32.7643 74.7222 1065.71
Thumb: -3.05076 120.843 1210.48
Index: -29.6172 95.1524 1139.43
Middle: -53.2639 32.9418 1113.72
Ring: -51.5503 47.7605 1094.42
Little: -36.3672 74.7658 1067.22
Thumb: -12.455 129.031 1217.75
Index: -36.7738 96.7334 1139.39
Middle: -56.7853 32.8148 1109.07
Ring: -53.6566 46.468 1091.14
Little: -35.7982 72.2699 1066.64
Thumb: -92.5911 147.048 1179.07
Index: -68.8958 72.4657 1097.44
Middle: -83.9677 42.7276 1083.76
Ring: -57.5459 40.3962 1080.96
Little: -39.2328 73.8718 1057.85
Thumb: -91.9325 152.786 1164.11
Index: -63.4381 59.816 1092.36
Middle: -89.8251 47.119 1083.89
Ring: -60.5139 44.9023 1081.6
Little: -34.2871 66.3237 1063.62
Thumb: -110.678 154.317 1161.08
Index: -53.7993 40.2494 1092.23
Middle: -93.992 50.5535 1077.83
Ring: -58.4678 40.1466 1084.56
Little: -32.8119 61.4067 1066.01
Thumb: -108.524 167.011 1149.94
Index: -59.4631 38.3012 1115.42
Middle: -73.1199 26.1575 1111.26
Ring: -69.6618 40.1179 1114.41
Little: -41.7893 51.3516 1077.96
Thumb: -113.543 168.454 1138.72
Index: -66.2097 38.8241 1112.17
Middle: -76.6237 26.9313 1107.64
Ring: -72.9741 40.9275 1110.11
Little: -40.9094 49.9584 1079.33
Thumb: -121.654 171.724 1135.05
Index: -67.0175 40.3911 1108.43
Middle: -77.3043 26.6806 1108.97
Ring: -75.7283 42.1808 1107.23
Little: -40.0236 50.9862 1081.85
Thumb: -127.042 175.863 1126.72
Index: -72.2715 40.1069 1107.55
Middle: -80.2188 25.4705 1106.58
Ring: -79.4221 40.8727 1106.31
Little: -42.3247 49.0922 1084.26
Thumb: -130.22 176.944 1117.98
Index: -70.437 39.5689 1108.98
Middle: -80.6149 25.6289 1102.23
Ring: -79.1745 40.0077 1109.1
Little: -40.5259 49.1085 1085.47
Thumb: -132.654 178.459 1111.86
Index: -99.4898 75.6976 1049.31
Middle: -81.7255 27.2597 1103.79
Ring: -78.6717 41.3655 1111.37
Little: -39.8902 50.2291 1087.07
Thumb: -132.306 173.74 1100.97
Index: -101.017 81.2162 1043.64
Middle: -82.9524 27.5219 1106.16
Ring: -84.0675 43.0417 1110.69
Little: -42.2688 50.3746 1092.91
Thumb: -133.177 176 1095.9
Index: -101.927 87.3331 1039.97
Middle: -84.8081 27.9567 1105.39
Ring: -85.7962 43.4706 1109.96
Little: -42.9097 50.3035 1096.36
Thumb: -132.009 176.665 1087.65
Index: -100.825 90.118 1035.49
Middle: -85.4927 28.5112 1109.22
Ring: -87.4544 44.0315 1109.51
Little: -44.2138 50.099 1097.4
Thumb: -133.184 178.346 1082.66
Index: -97.2228 92.2513 1030.19
Middle: -85.3486 29.6758 1106.42
Ring: -90.3044 46.6642 1107.29
Little: -46.1912 51.3898 1096.87
Thumb: -134.755 180.119 1077.65
Index: -94.2895 88.2171 1026.43
Middle: -87.9906 29.9949 1102.95
Ring: -89.6294 44.3942 1100.2
Little: -48.0797 51.5986 1096.87
Thumb: -134.952 180.497 1075.38
Index: -97.1284 88.4724 1024.67
Middle: -88.1947 30.5489 1097.11
Ring: -88.5325 44.304 1098.87
Little: -48.0973 52.4732 1094.98
Thumb: -136.717 180.233 1072.71
Index: -93.5876 87.9829 1019.48
Middle: -88.3009 30.7254 1094.76
Ring: -92.0242 46.4133 1095.26
Little: -48.666 53.0117 1092.73
Thumb: -135.851 182.458 1065.81
Index: -92.847 89.6958 1014.58
Middle: -89.2809 30.1307 1090.49
Ring: -93.6177 46.5534 1089.7
Little: -49.6101 52.1764 1091.04
Thumb: -135.953 182.815 1063.51
Index: -96.8044 88.6848 1013.07
Middle: -87.4989 30.4111 1088.03
Ring: -91.9083 46.6306 1089.22
Little: -48.5288 52.9783 1089.1
Thumb: -133.748 184.019 1060.58
Index: -92.6708 92.5548 1008.85
Middle: -87.8828 29.8597 1087.98
Ring: -90.9604 45.6518 1081.55
Little: -48.4293 51.675 1088.52
Thumb: -133.817 184.265 1060.22
Index: -93.5787 90.5387 1008.55
Middle: -86.3934 29.3864 1080.59
Ring: -91.0688 45.7075 1080.5
Little: -48.4744 51.4711 1085.44
Thumb: -134.576 184.662 1059.11
Index: -95.5395 91.0283 1005.82
Middle: -85.599 31.8306 1073.72
Ring: -90.8349 44.7882 1079.35
Little: -49.012 51.4049 1083.64
Thumb: -135.009 183.534 1057.67
Index: -94.7256 93.6099 1003.86
Middle: -83.258 34.6797 1068.68
Ring: -90.3213 44.9626 1080.42
Little: -48.667 52.0132 1082.6
Thumb: -134.128 185.035 1057.61
Index: -95.3882 87.804 1006.72
Middle: -83.591 35.8912 1065.43
Ring: -89.5044 45.5615 1078.45
Little: -48.2797 52.6993 1080.58
Thumb: -132.89 184.793 1057.11
Index: -91.6831 91.6091 1005.37
Middle: -79.7756 36.848 1064.8
Ring: -85.7518 46.6712 1084.47
Little: -44.6003 54.6609 1080.52
Thumb: -131.121 184.046 1060.65
Index: -91.3097 91.0471 1008.08
Middle: -80.1186 36.2445 1071.35
Ring: -83.9805 46.9141 1086.09
Little: -42.1831 54.2585 1081.14
Thumb: -132.771 181.801 1060.01
Index: -90.4004 84.6585 1011.29
Middle: -76.7318 31.3276 1086.33
Ring: -79.4151 44.892 1089.27
Little: -38.8848 54.259 1084.08
Thumb: -131.06 178.342 1061.26
Index: -90.9552 81.1654 1015.16
Middle: -72.8875 30.7307 1087.42
Ring: -76.8292 44.5257 1090.31
Little: -37.0671 54.687 1084.91
Thumb: -131.292 177.706 1066.47
Index: -89.6229 78.3688 1020.98
Middle: -69.2559 30.9051 1096.66
Ring: -74.389 45.2128 1096.23
Little: -34.1011 54.7643 1088.46
Thumb: -130.851 175.723 1067.46
Index: -84.5489 76.8953 1023.01
Middle: -63.557 30.8763 1099.99
Ring: -69.4914 45.3559 1099.74
Little: -29.1459 55.4537 1089.62
Thumb: -131.643 173.295 1073.77
Index: -81.6741 72.2836 1026.26
Middle: -59.3214 29.582 1100.72
Ring: -38.3507 81.5804 1010.16
Little: -25.2731 56.0266 1094.22
Thumb: -131.269 170.285 1076.59
Index: -77.8237 68.8302 1028.55
Middle: -54.5036 27.5569 1102.58
Ring: -32.0995 83.8133 1010.43
Little: -19.5891 55.1627 1096.49
Thumb: -130.22 166.246 1078.04
Index: -73.9845 69.624 1029.43
Middle: -47.7152 26.7721 1099.5
Ring: -25.41 90.4644 1009.64
Little: -14.1971 56.0561 1097.58
Thumb: -120.625 165.649 1079.28
Index: -64.7616 91.43 1017.41
Middle: -40.8834 25.4535 1105.62
Ring: -7.32349 103.18 1013.82
Little: -10.5576 53.3043 1099.17
Thumb: -116.24 166.174 1084.04
Index: -60.7513 88.7837 1019.98
Middle: -37.2552 19.154 1106.17
Ring: -2.48316 101.2 1016.01
Little: -4.70212 46.6762 1099.43
Thumb: -111.211 159.824 1086.64
Index: -52.0105 80.0085 1023.81
Middle: -29.7053 17.7763 1105.87
Ring: 3.85901 100.684 1017.63
Little: 2.57231 46.3244 1101.1
Thumb: -105.764 156.887 1090.89
Index: -47.1696 73.8149 1026.8
Middle: -21.9363 15.4562 1105.25
Ring: 5.93864 94.0002 1019.58
Little: 8.35234 44.0931 1097.98
Thumb: -103.407 150.958 1087.75
Index: -39.8917 69.6705 1028.55
Middle: -14.3053 14.8304 1104.61
Ring: 11.934 96.0282 1019.61
Little: 16.7167 44.7355 1099.55
Thumb: -97.1922 148.561 1086.5
Index: -31.9921 69.7062 1027.98
Middle: -6.13843 15.2132 1110.37
Ring: 21.8452 94.8343 1022.88
Little: 23.8503 44.9182 1100.61
Thumb: -90.9866 145.149 1087.6
Index: -26.3481 67.6934 1024.84
Middle: 1.13797 12.4265 1107.2
Ring: 26.9624 93.754 1019.85
Little: 30.1865 42.4655 1094.74
Thumb: -87.4167 142.804 1088.11
Index: -20.5999 64.2867 1024.4
Middle: 9.98375 11.0036 1102.16
Ring: 34.3635 92.3559 1020.23
Little: 38.9083 42.1927 1095.74
Thumb: -84.6691 143.182 1092.66
Index: -12.8272 51.7352 1028.77
Middle: 16.7932 8.90127 1106.14
Ring: 41.574 89.6951 1015.98
Little: 47.7162 41.0774 1094.49
Thumb: -82.0293 139.639 1094.69
Index: -9.20019 55.3166 1027.97
Middle: 24.3666 10.3115 1107.38
Ring: 44.4169 91.7805 1017.02
Little: 53.3752 43.5603 1096.15
Thumb: -76.5605 142.7 1098.33
Index: 1.30462 74.8709 1018.02
Middle: 30.588 10.8668 1101.49
Ring: 56.6248 95.4751 1019.29
Little: 61.9431 44.8995 1093.56
Thumb: -70.913 146.001 1098.7
Index: 0.336176 90.3914 1019.09
Middle: 35.5969 10.9339 1106.23
Ring: 57.2471 98.7718 1020
Little: 67.6989 44.8996 1096.91
Thumb: -64.6049 145.268 1095.3
Index: 12.5593 84.0695 1015.94
Middle: 42.1858 10.7159 1103.04
Ring: 66.7568 93.0396 1019.06
Little: 74.2021 45.2279 1098.08
Thumb: -57.6646 148.746 1100.68
Index: 19.8873 83.0663 1015.58
Middle: 47.3974 10.4425 1103.86
Ring: 73.0677 89.9049 1019.46
Little: 79.5939 44.951 1098.28
Thumb: -53.0612 151.239 1106.03
Index: 21.224 81.142 1017.58
Middle: 50.4388 8.7341 1107.79
Ring: 73.2933 76.1945 1017.67
Little: 83.2484 42.8406 1101.61
Thumb: -50.9484 151.884 1106.83
Index: 22.3837 81.8 1017.9
Middle: 49.4452 7.74192 1107.62
Ring: 73.6612 70.1142 1019.03
Little: 83.7397 41.6128 1103.66
Thumb: -44.5199 150.434 1116.77
Index: 16.1263 84.8444 1023.61
Middle: 46.535 7.49459 1105.91
Ring: 66.0727 67.9443 1020.39
Little: 82.0675 38.8901 1099.96
Thumb: -40.3949 151.856 1121.65
Index: 14.4341 67.4615 1035.74
Middle: 38.9836 10.9527 1102.29
Ring: 56.5084 72.5348 1020.5
Little: 78.4674 39.9261 1092.44
Thumb: -34.1814 159.111 1139
Index: 10.4541 62.8446 1045.86
Middle: 36.9733 21.7406 1094.64
Ring: 57.0879 18.0958 1095.75
Little: 73.8406 47.5009 1065.57
Thumb: -28.4337 162.448 1145.75
Index: 11.7807 60.7278 1053.77
Middle: 35.9401 16.2707 1119.91
Ring: 50.6598 20.9181 1100.89
Little: 80.9115 65.3225 1064.5
Thumb: -21.3349 169.614 1155.78
Index: 6.95566 54.4856 1074.92
Middle: 27.5634 22.392 1126.48
Ring: 35.8932 28.228 1092.99
Little: 71.5886 78.0563 1050.74
Thumb: -16.5545 169.11 1160.33
Index: 13.9666 54.067 1085.95
Middle: 28.5223 30.0238 1116.3
Ring: 37.9834 35.1615 1100.58
Little: 72.281 100.626 1039.34
Thumb: -12.2669 168.195 1167.18
Index: 42.5011 40.2509 1114.8
Middle: 31.5909 29.8272 1117.1
Ring: 36.4521 36.0212 1102.5
Little: 68.1425 104.253 1041.55
Thumb: -6.58933 168.324 1173.03
Index: 39.4121 43.5734 1112.68
Middle: 33.6917 30.877 1118.2
Ring: 29.8173 55.3687 1087.09
Little: 65.9396 105.996 1041.08
Thumb: 0.668486 169.822 1179.97
Index: 43.0848 45.6996 1114.28
Middle: 35.5297 33.1752 1125.15
Ring: 30.69 58.5907 1090
Little: 62.9388 108.649 1040.78
Thumb: 12.6269 173.094 1184.8
Index: 36.4241 53.0834 1108.06
Middle: 37.2241 35.5439 1127.96
Ring: 38.6362 42.1958 1104.11
Little: 68.4414 105.356 1048.46
Thumb: 22.0839 175.298 1187.79
Index: 33.3987 56.1293 1107.44
Middle: 38.1561 36.6082 1128.97
Ring: 34.4575 45.6478 1105.05
Little: 67.8889 105.574 1048.8
Thumb: 33.5161 175.186 1184.32
Index: 32.1702 59.9848 1105.81
Middle: 37.7029 40.5768 1130.12
Ring: 32.7987 48.2994 1102.22
Little: 67.4621 105.99 1044.74
Thumb: 38.7999 171.6 1186.75
Index: 31.4096 61.6022 1108.04
Middle: 42.4917 40.071 1131.29
Ring: 32.9372 50.5327 1105.02
Little: 67.6894 110.115 1044.02
Thumb: 44.0903 173.573 1188.34
Index: 30.9422 60.8668 1113.26
Middle: 42.743 40.4585 1134.83
Ring: 31.3426 52.2094 1110.33
Little: 70.1894 113.999 1042.81
Thumb: 50.7854 176.536 1188.2
Index: 30.9735 61.6326 1108.99
Middle: 43.2954 42.4076 1137.13
Ring: 30.4688 53.3647 1108.08
Little: 69.1618 113.401 1039.78
Thumb: 50.4754 173.06 1186.65
Index: 29.6872 62.9814 1108.31
Middle: 42.7824 41.9942 1136.52
Ring: 24.0269 58.5666 1104.14
Little: 68.656 112.55 1039.37
Thumb: 51.6841 172.06 1186.03
Index: 30.173 65.1403 1107.91
Middle: 42.6262 44.1451 1138.02
Ring: 23.9395 60.4974 1106.03
Little: 67.8593 113.154 1040.07
Thumb: 49.6832 169.688 1186.77
Index: 29.3276 65.5421 1109.89
Middle: 42.2477 42.1777 1136.75
Ring: 23.9155 59.7311 1108.39
Little: 67.604 113.05 1041.96
Thumb: 48.3445 167.999 1185.63
Index: 29.4317 65.8313 1111.77
Middle: 42.0634 43.0151 1138.14
Ring: 24.192 59.3662 1110.98
Little: 66.5349 112.443 1042.47
Thumb: 44.0957 166.307 1185.78
Index: 26.639 62.1087 1109.01
Middle: 35.6919 40.8376 1135.11
Ring: 19.69 57.5347 1107.77
Little: 65.1801 109.752 1042.28
Thumb: 40.0504 162.188 1186.35
Index: 25.2581 66.2527 1113.56
Middle: 38.3108 39.7184 1138.9
Ring: 19.93 57.7842 1111.39
Little: 65.9661 108.716 1045.86
Thumb: 34.55 159.683 1184.91
Index: 23.781 66.7431 1112.55
Middle: 35.1741 41.4812 1140.81
Ring: 16.2464 60.3043 1108.14
Little: 65.6603 110.325 1046.17
Thumb: 31.9581 159.264 1184.56
Index: 23.2347 63.9353 1111.86
Middle: 32.3933 41.0461 1139.51
Ring: 13.8784 61.6774 1105.81
Little: 63.2915 110.494 1044.94
Thumb: 26.0142 155.644 1179.98
Index: 20.2556 62.7671 1111.38
Middle: 34.1146 40.8674 1147.13
Ring: 11.2399 60.3344 1105.29
Little: 60.9976 108.855 1043.45
Thumb: 18.9692 150.499 1174.38
Index: 14.2946 63.4726 1108.83
Middle: 26.5601 39.9168 1143.08
Ring: 8.88854 60.0434 1103.07
Little: 60.3125 107.579 1043.24
Thumb: 17.6801 150.387 1172.93
Index: 16.373 64.6201 1108.87
Middle: 26.125 42.4798 1143.07
Ring: 12.0486 59.4565 1103.02
Little: 62.3496 108.518 1043.26
Thumb: 12.0352 147.885 1169.02
Index: 11.488 65.7461 1111.27
Middle: 24.7027 40.2205 1148.08
Ring: 5.60015 59.0063 1105.32
Little: 57.4931 105.911 1042.78
Thumb: 4.82788 145.153 1164.5
Index: 13.3266 56.9668 1112.96
Middle: 23.4515 38.2896 1151.84
Ring: 4.48224 55.9397 1105.23
Little: 57.6212 104.08 1042.39
Thumb: -2.91714 138.106 1158.04
Index: 15.4366 46.9941 1113.34
Middle: 13.6028 36.9613 1142.35
Ring: 3.84568 49.6742 1105.55
Little: 51.7409 101.025 1040.14
Thumb: -6.65594 136.343 1160.68
Index: 15.6377 45.1148 1111.41
Middle: 4.31286 41.9828 1127.98
Ring: 12.9573 42.9784 1110.51
Little: 52.1465 98.379 1040.42
Thumb: -10.4197 131.224 1158.95
Index: 19.1883 38.5252 1111.69
Middle: -1.24766 44.5198 1129.11
Ring: 10.8237 48.7773 1104.33
Little: 45.6441 100.614 1040.01
Thumb: -13.7255 129.476 1158.58
Index: 15.4506 35.9713 1112.05
Middle: -4.59977 42.2107 1130.18
Ring: 6.58951 42.256 1107.89
Little: 40.5773 97.3016 1040.84
Thumb: -16.8689 120.427 1148.72
Index: 10.2772 40.0441 1106.73
Middle: -6.2184 42.2712 1126.91
Ring: 7.79986 41.8288 1106.69
Little: 39.4269 100.765 1037.43
Thumb: -15.4157 119.276 1142.3
Index: 16.117 35.9063 1107.71
Middle: -8.41945 43.0005 1125.09
Ring: 6.95412 41.2215 1106.05
Little: 40.4354 99.6245 1034.67
Thumb: -14.2276 121.702 1140.69
Index: 13.5838 38.7603 1108.01
Middle: -8.88663 46.1104 1127.1
Ring: 4.77598 43.097 1107.59
Little: 42.4951 99.9921 1033.73
Thumb: -18.1443 117.053 1137.98
Index: 3.9879 37.7432 1119.51
Middle: -15.8062 47.007 1128.06
Ring: 0.571579 42.5551 1110.68
Little: 36.8981 99.253 1035.11
Thumb: -19.5151 120.178 1139.1
Index: -2.74725 40.2442 1127.28
Middle: -23.2027 56.4284 1121.14
Ring: -5.38197 44.0593 1111.71
Little: 33.4681 94.8277 1035.93
Thumb: -19.1788 122.384 1138.39
Index: -26.176 64.3578 1150.46
Middle: -28.1922 67.3825 1120.13
Ring: -11.8882 50.4208 1116.05
Little: 31.6373 88.2106 1038.43
Thumb: -23.5542 119.978 1136.48
Index: -34.8972 81.9216 1137.11
Middle: -28.9971 71.7492 1116.84
Ring: -16.2745 51.1131 1116.44
Little: 31.4676 89.6867 1036.61
Thumb: -27.2471 117.192 1134.89
Index: -37.1542 91.5117 1127.88
Middle: -30.146 76.2203 1114.86
Ring: -23.0011 51.2581 1118.01
Little: 32.0759 93.7478 1032.7
Thumb: -29.9926 114.684 1134.79
Index: -39.2588 91.0253 1125.13
Middle: -32.416 78.2198 1116.92
Ring: -28.7249 56.399 1113.65
Little: 26.6177 91.2867 1034.43
Thumb: -32.8824 114.512 1133.03
Index: -54.6026 85.0778 1123.27
Middle: -53.4219 68.34 1120.13
Ring: -34.0169 57.1996 1110.57
Little: 18.1179 88.8918 1028.37
Thumb: -36.302 114.133 1132.06
Index: -56.7496 87.373 1120.11
Middle: -54.6886 72.2066 1112.7
Ring: -37.1522 58.3271 1106.96
Little: 11.8704 87.696 1026.74
Thumb: -37.2092 113.827 1134.02
Index: -44.1191 101.403 1118.32
Middle: -57.2444 68.3453 1115.86
Ring: -38.2897 55.8564 1110.72
Little: 12.7857 88.4988 1028.1
Thumb: -37.8104 114.919 1133.06
Index: -44.5154 104.396 1118.24
Middle: -61.0904 68.8434 1119.32
Ring: -39.6199 62.1034 1104.16
Little: 16.1431 90.0728 1031.33
Thumb: -39.3773 114.46 1130.1
Index: -46.7756 105.85 1118.55
Middle: -62.3498 70.8212 1118.66
Ring: -41.8195 64.0774 1102.79
Little: 13.8566 89.1716 1031.54
Thumb: -40.2453 116.59 1131.37
Index: -45.306 105.876 1116.52
Middle: -60.5966 73.4022 1112.62
Ring: -41.2316 62.0161 1104.17
Little: 13.8467 88.2634 1029.31
Thumb: -43.0905 115.944 1131.99
Index: -47.7335 105.639 1116.5
Middle: -63.8263 73.8307 1109.27
Ring: -43.5632 62.1167 1103.3
Little: 10.7352 90.7153 1028.57
Thumb: -45.9642 115.445 1134.4
Index: -58.8798 87.3908 1113.28
Middle: -64.2743 69.4626 1108.42
Ring: -42.1379 59.4528 1100.67
Little: 6.89202 90.0119 1026.62
Thumb: -47.1964 122.909 1142.76
Index: -58.658 81.3461 1115.96
Middle: -63.129 70.6627 1109.41
Ring: -43.3803 60.7303 1098.25
Little: 10.4496 90.6176 1028.8
Thumb: -49.804 126.086 1145.19
Index: -47.463 81.4211 1103.35
Middle: -61.0505 66.1494 1105.56
Ring: -41.316 58.4843 1093.01
Little: 6.40907 96.8375 1022.12
Thumb: -51.2493 130.704 1146.55
Index: -45.4107 71.4809 1098.31
Middle: -43.7225 47.542 1075.64
Ring: -36.6812 54.9566 1089.17
Little: -3.77569 99.1879 1014.98
Thumb: -47.7076 136.361 1150.05
Index: -43.4949 65.6388 1094.77
Middle: -40.7889 46.2488 1074.85
Ring: -34.142 57.7076 1084.9
Little: -2.86339 101.464 1011.85
Thumb: -49.6803 138.197 1149.8
Index: -42.9383 66.0382 1098.13
Middle: -40.0859 57.6073 1077.24
Ring: -32.3319 55.7059 1087.8
Little: -3.57332 97.6329 1014.5
Thumb: -52.5235 140.399 1150.33
Index: -40.7892 59.1121 1096.8
Middle: -39.8776 55.8079 1078.07
Ring: -31.5078 51.1267 1087.7
Little: -4.60182 97.8263 1013.69
Thumb: -53.6659 142.114 1149.63
Index: -37.1181 50.5371 1093.15
Middle: -38.7772 54.3738 1075.41
Ring: -29.82 47.4729 1085.95
Little: -3.39432 98.7941 1010.36
Thumb: -54.0121 145.382 1151.12
Index: -34.446 45.006 1092.02
Middle: -32.7466 25.3721 1084.23
Ring: -32.5128 52.2843 1077.5
Little: -4.56517 100.181 1008.75
Thumb: -55.1951 147.015 1148.51
Index: -31.982 42.579 1091.55
Middle: -32.7959 30.5108 1079.16
Ring: -29.7523 51.8858 1074.32
Little: -2.97978 99.2734 1007.87
Thumb: -55.283 150.368 1148.83
Index: -30.0285 40.4364 1094.65
Middle: -31.6922 29.3906 1081.11
Ring: -28.7015 46.8662 1073.94
Little: -6.08008 96.3906 1009.79
Thumb: -59.5567 151.653 1148.84
Index: -26.4275 39.3427 1092.5
Middle: -27.4858 27.9958 1080.05
Ring: -23.646 45.4462 1069.89
Little: -2.64272 97.5304 1009.99
Thumb: -60.2105 155.314 1146.82
Index: -21.041 40.6682 1093.47
Middle: -21.4551 28.8378 1081.46
Ring: -15.7301 48.2365 1068.45
Little: 3.38847 98.3742 1009.95
Thumb: -66.5881 156.741 1138.24
Index: -14.1922 37.7478 1095.4
Middle: -18.0643 30.3384 1078.32
Ring: -3.89919 30.0619 1079.01
Little: 9.5448 98.4928 1009.91
Thumb: -71.0133 158.263 1129.71
Index: -7.27723 39.9247 1101.71
Middle: -12.9637 31.7813 1081.1
Ring: 1.32576 32.331 1082.93
Little: 19.5557 97.5372 1013.55
Thumb: -78.7046 160.889 1122.44
Index: -7.53365 40.0359 1105.92
Middle: -10.1898 26.9653 1088.72
Ring: 5.00123 27.5766 1092.37
Little: 26.5476 94.1831 1019.01
Thumb: -84.9032 161.655 1110.93
Index: -8.58539 39.259 1108.17
Middle: -1.32584 24.3148 1088.88
Ring: 7.84181 36.2767 1081.84
Little: 35.9799 93.6508 1027.92
Thumb: -88.0598 165.579 1112.95
Index: -8.87858 41.1689 1111
Middle: 4.15262 20.0057 1105.76
Ring: 9.64962 36.6059 1083.87
Little: 34.1964 94.2479 1030.39
Thumb: -89.0998 163.918 1100.68
Index: -9.02821 42.52 1109.38
Middle: -2.28993 21.5564 1113
Ring: 12.8514 34.1052 1087.99
Little: 43.6356 95.9327 1035.48
Thumb: -91.64 161.896 1093.86
Index: -7.71164 41.2061 1111.29
Middle: -0.370043 20.3953 1116.91
Ring: 17.102 33.4706 1090.71
Little: 49.1399 95.3076 1040.74
Thumb: -90.7916 155.952 1090.94
Index: -6.65284 37.9564 1114.39
Middle: -1.18501 19.8969 1116.57
Ring: 17.8409 27.0188 1099.27
Little: 47.3435 92.5331 1042.68
Thumb: -92.7995 158.115 1087.45
Index: -6.64115 37.2198 1114.37
Middle: -14.6959 89.6242 1029.08
Ring: 18.295 29.2214 1092.83
Little: 36.7779 63.8283 1059.64
Thumb: -91.0823 149.141 1079.04
Index: -9.42017 33.2289 1108.26
Middle: -11.1841 82.051 1027.84
Ring: 20.5086 24.4551 1086.94
Little: 36.4998 63.5865 1056.11
Thumb: -91.1177 145.502 1077.6
Index: -9.91929 28.1565 1101.78
Middle: -8.14353 71.6475 1024.86
Ring: 20.0581 23.4904 1079.53
Little: 47.2177 79.3001 1058.47
Thumb: -90.5373 137.579 1075.26
Index: -11.669 24.6383 1091.28
Middle: -8.3587 75.6317 1019.27
Ring: 19.5919 18.9337 1073.73
Little: 47.7354 78.2311 1054.12
Thumb: -84.277 135.407 1055.79
Index: -13.6844 23.7877 1085.61
Middle: -7.59314 77.2294 1014.81
Ring: 18.1902 20.4331 1063.75
Little: 48.828 75.5783 1050.72
Thumb: -80.5232 130.806 1045.83
Index: -14.748 24.9727 1078.9
Middle: -5.45944 77.6561 1012.56
Ring: 18.2067 23.227 1058.74
Little: 50.8137 75.681 1056.1
Thumb: -70.2998 120.439 1034.79
Index: -16.0302 27.0754 1069.79
Middle: -4.99668 80.4083 1008.25
Ring: 18.4535 23.7842 1048.36
Little: 50.2278 75.1148 1053.29
Thumb: -66.3966 119.504 1030.99
Index: -16.0096 25.9311 1065.17
Middle: -4.87457 77.7996 1004.37
Ring: 17.2404 28.4934 1040.88
Little: 50.2828 77.1041 1048.52
Thumb: -62.4814 114.852 1029.67
Index: -16.7122 30.0684 1060.59
Middle: -3.85449 72.8153 1003.4
Ring: 17.2436 55.1986 1050.35
Little: 46.3502 73.5938 1034.79
Thumb: -25.0473 100.369 1023.13
Index: -15.43 30.5633 1055.93
Middle: -1.97909 74.4176 1001.44
Ring: 16.5763 59.5352 1049.3
Little: 48.6383 77.255 1034.45
Thumb: -35.7314 101.465 1019.57
Index: -16.4318 33.8431 1048.56
Middle: -3.87283 76.0839 999.75
Ring: 15.4958 62.3171 1048.18
Little: 45.2511 76.0189 1029.27
Thumb: -34.956 100.013 1018.31
Index: -18.9715 35.1656 1044.24
Middle: -3.73722 72.5994 998.297
Ring: 14.634 64.1033 1045.12
Little: 43.7977 73.4657 1027.42
Thumb: -35.7487 99.2856 1017.85
Index: -21.5815 36.6488 1042.76
Middle: -6.0384 72.3596 996.526
Ring: 13.465 64.5555 1043.15
Little: 41.6872 73.7451 1023.23
Thumb: -36.7474 98.8141 1015.6
Index: -21.6963 36.1066 1042.34
Middle: -7.06732 71.8249 995.036
Ring: 12.4084 64.8594 1041.81
Little: 41.2875 74.8142 1021.79
Thumb: -36.6042 95.8591 1017.11
Index: -22.568 33.4611 1044.43
Middle: -15.4434 72.2512 993.505
Ring: 9.80816 62.5086 1039.52
Little: 34.6233 73.0622 1014.96
Thumb: -38.8186 97.4842 1011.65
Index: -23.0958 36.1519 1037.91
Middle: -10.5739 68.9917 988.802
Ring: 8.51817 60.3592 1032.43
Little: 37.0074 78.3551 1012.51
Thumb: -41.3063 99.1149 1010.04
Index: -24.9148 37.0445 1038.75
Middle: -12.5926 70.22 987.041
Ring: 5.47231 56.8981 1026.73
Little: 33.2701 75.9169 1010.87
Thumb: -40.1772 98.6213 1008.88
Index: -27.4036 39.3522 1041.29
Middle: -14.6974 72.741 986.641
Ring: 3.22971 55.9048 1026.83
Little: 31.3185 74.3091 1010.42
Thumb: -41.7214 98.2223 1008.21
Index: -29.3315 40.1847 1041.6
Middle: -16.3408 72.9793 985.662
Ring: 1.67884 55.4845 1026.31
Little: 31.5585 76.3223 1008.97
Thumb: -41.1121 98.5949 1006.76
Index: -29.6403 39.2792 1041.04
Middle: -17.1449 74.9535 984.752
Ring: 0.732981 54.6661 1025.33
Little: 31.9255 78.1204 1008.7
Thumb: -40.9012 98.5972 1005.04
Index: -29.9089 38.7279 1038.33
Middle: -19.1575 75.3234 982.865
Ring: -4.38753 24.5712 1018.54
Little: 29.8397 77.5935 1006.04
Thumb: -42.0851 97.8712 1005.13
Index: -28.9423 40.4046 1035.93
Middle: -17.8298 74.2327 982.47
Ring: -4.84332 19.8828 1023.11
Little: 30.6441 79.553 1005.25
Thumb: -42.7589 98.591 1004.9
Index: -28.2309 40.2539 1035.86
Middle: -16.8495 75.1662 982.827
Ring: -5.27453 20.3708 1023.37
Little: 33.458 83.9456 1006.09
Thumb: -44.7665 99.415 1005.06
Index: -28.8752 39.7882 1038.07
Middle: -18.1453 73.7546 982.95
Ring: -7.18952 21.0632 1023.06
Little: 30.5734 80.2461 1005.26
Thumb: -47.6143 100.263 1006.3
Index: -30.2334 39.5188 1039.36
Middle: -19.8507 74.0199 983.883
Ring: -9.96313 20.6561 1024.49
Little: 28.6581 78.8724 1006
Thumb: -51.6471 97.4147 1012.74
Index: -33.5139 42.4143 1046.64
Middle: -23.2086 71.8043 988.436
Ring: -13.0461 19.4883 1030.25
Little: 26.7719 76.4684 1009.14
Thumb: -56.2878 97.0362 1020.12
Index: -34.9476 41.8297 1053.31
Middle: -22.8902 67.2016 995.672
Ring: -17.4291 17.6567 1039.72
Little: 27.6402 78.8412 1015.66
Thumb: -80.0161 109.415 1040.44
Index: -34.3302 34.4029 1062.66
Middle: -27.3965 64.9851 1006.02
Ring: -19.5364 14.8488 1052.89
Little: 21.7962 73.2263 1023.45
Thumb: -86.5499 110.004 1052.31
Index: -37.5647 35.2624 1071.63
Middle: -37.0186 72.3289 1014.55
Ring: -23.9484 12.6259 1067.83
Little: 17.1084 77.2674 1029.86
Thumb: -90.3929 113.228 1064.05
Index: -46.2687 37.7714 1086.95
Middle: -45.3062 68.1628 1026.36
Ring: -33.5413 11.4533 1085.22
Little: 13.7288 77.7607 1037.5
Thumb: -91.6581 119.12 1077.23
Index: -50.4362 39.3465 1105.3
Middle: -53.4752 67.6288 1040.81
Ring: -44.1836 17.2113 1105.32
Little: 6.11925 74.6296 1045.42
Thumb: -93.3079 127.643 1103.42
Index: -47.3004 45.6332 1118.68
Middle: -52.7615 69.2699 1050.42
Ring: -44.6555 26.5966 1122.81
Little: 17.8591 85.7073 1052.68
Thumb: -90.2031 139.844 1118.22
Index: -41.138 40.8388 1133.78
Middle: -51.025 70.6257 1056.99
Ring: -42.8699 30.5232 1127.01
Little: 20.3256 84.3282 1057.25
Thumb: -86.1287 146.408 1127.1
Index: -34.4355 46.1078 1142.02
Middle: -32.7862 116.781 1065.83
Ring: -34.2372 35.6056 1146.59
Little: 20.9164 80.1032 1063.89
Thumb: -80.6566 152.407 1130.21
Index: -27.9249 46.7402 1154.22
Middle: -23.707 133.366 1077.96
Ring: -27.6572 39.066 1158.18
Little: 27.2449 84.9468 1067.27
Thumb: -77.1574 162.198 1136.85
Index: -24.0894 48.3994 1164.09
Middle: -18.2117 138.028 1086.85
Ring: -25.4644 43.2336 1166.33
Little: 27.5795 85.4939 1071.08
Thumb: -74.4997 153.404 1137.34
Index: -18.6172 52.0843 1168.45
Middle: -9.38905 140.611 1092.66
Ring: -15.5467 46.3828 1174.1
Little: 31.0106 89.3812 1071.59
Thumb: -66.7609 159.249 1144.08
Index: -10.8339 54.8868 1171.53
Middle: -4.36488 143.695 1093.8
Ring: -8.77672 47.6967 1172.88
Little: 32.3676 91.5974 1069.02
Thumb: -65.7148 156.026 1143.87
Index: -4.30996 55.0981 1168.75
Middle: -2.49393 147.164 1095.26
Ring: -2.37437 49.9133 1172.8
Little: 25.5 85.0378 1071.68
Thumb: -59.4833 153.946 1140.62
Index: -1.87921 54.8333 1165.69
Middle: 2.12323 145.497 1093.01
Ring: 0.500473 49.328 1169.78
Little: 43.0056 96.8775 1065.82
Thumb: -58.1333 152.066 1138.76
Index: 3.29003 52.1881 1161.52
Middle: 4.76424 145.079 1092.14
Ring: 4.06722 46.166 1163.23
Little: 45.0426 97.9102 1062.66
Thumb: -52.2467 148.613 1143.64
Index: 7.86392 48.3566 1155.61
Middle: 8.42857 144.206 1088.9
Ring: 12.4786 41.1807 1159.25
Little: 46.6081 95.4708 1058.41
Thumb: -51.66 143.156 1144.44
Index: 16.2178 41.7844 1147.1
Middle: 11.7516 135.87 1077.69
Ring: 20.9158 35.0821 1149.11
Little: 52.0645 101.227 1051.29
Thumb: -49.7948 138.674 1148.02
Index: 5.02873 36.2694 1148.33
Middle: 13.9749 132.314 1075.36
Ring: 27.0349 27.1379 1137.8
Little: 54.1003 100.053 1047.74
Thumb: -41.9146 132.74 1148.2
Index: 10.9388 34.5551 1145.61
Middle: 15.6896 137.641 1072.49
Ring: 28.956 26.801 1134.55
Little: 50.8136 94.6894 1040.98
Thumb: -41.5324 126.545 1141.63
Index: 18.2409 32.8716 1141.55
Middle: 18.1297 137.78 1072.92
Ring: 23.663 26.1564 1129.52
Little: 50.6109 92.8842 1039.66
Thumb: -36.8237 120.681 1141.96
Index: 13.9572 31.4561 1141.28
Middle: 17.7269 136.24 1072.39
Ring: 11.4132 33.4769 1113.31
Little: 43.5999 89.1377 1038.59
Thumb: -30.8807 117.485 1142.8
Index: 10.0631 36.5044 1121.93
Middle: 21.3821 136.001 1074.2
Ring: 6.1352 40.8336 1112.4
Little: 46.8866 93.8835 1033.27
Thumb: -25.3644 119.688 1141.2
Index: 1.89403 43.2936 1126.97
Middle: 28.3728 129.65 1065.83
Ring: -1.25737 46.1623 1119.7
Little: 43.3198 87.208 1034.2
Thumb: -22.6927 118.375 1140.18
Index: -7.69111 47.0488 1139.19
Middle: 24.5979 126.775 1063.39
Ring: -0.946262 50.6484 1123.42
Little: 44.2318 87.2313 1036.07
Thumb: -20.8625 116.297 1135.55
Index: -8.70593 49.6295 1140.84
Middle: 23.6653 127.228 1057.37
Ring: -3.71795 54.4602 1125.93
Little: 50.2933 88.5928 1038.73
Thumb: -16.8647 114.023 1135.32
Index: -8.26955 48.7178 1133.23
Middle: 25.0541 127.177 1056.55
Ring: -10.616 49.5876 1132.68
Little: 46.9605 86.5862 1035.51
Thumb: -17.834 112.353 1132.47
Index: -8.40909 48.7198 1137.85
Middle: 22.2276 126.475 1055.43
Ring: -11.0424 54.205 1128.76
Little: 45.2878 85.9015 1037.06
Thumb: -17.3995 112.949 1136.27
Index: -6.29325 48.0837 1141
Middle: 19.969 124.492 1055.4
Ring: -9.88499 53.9222 1131.84
Little: 44.4034 84.2462 1038.75
Thumb: -15.6275 114.19 1139.3
Index: -12.152 51.01 1145.99
Middle: 17.5531 123.979 1057.01
Ring: -11.0121 54.7524 1139.21
Little: 45.1288 84.4588 1042.12
Thumb: -16.7683 113.371 1140.72
Index: -15.5983 51.5227 1148.42
Middle: 16.0798 123.021 1058.03
Ring: -11.2249 53.4404 1141.18
Little: 44.095 83.8504 1043.01
Thumb: -18.8297 113.946 1139.51
Index: -17.68 51.7763 1148.4
Middle: 15.0941 123.261 1057.46
Ring: -13.7146 53.7561 1140.31
Little: 42.9475 83.8822 1042.61
Thumb: -19.6071 113.964 1140.04
Index: -18.4207 51.338 1148.87
Middle: -27.7675 57.4317 1169.89
Ring: -15.0131 53.2986 1141.35
Little: 44.4324 84.5917 1045.96
Thumb: -21.2722 113.802 1139.7
Index: -20.4173 54.2 1135.19
Middle: -32.7756 72.7982 1137.08
Ring: -17.9128 53.7845 1141.96
Little: 40.2617 85.2995 1046.55
Thumb: -19.0723 116.679 1141.02
Index: -13.5738 52.0562 1144.1
Middle: -31.2804 76.604 1137.28
Ring: -17.5476 55.9334 1144.44
Little: 39.3908 85.5325 1044.31
Thumb: -18.9898 116.712 1141.72
Index: -12.5738 51.8097 1146.22
Middle: -31.1474 76.7096 1138.81
Ring: -18.895 56.4717 1143.14
Little: 38.5017 85.7137 1043.81
Thumb: -20.5697 116.389 1139.47
Index: -9.65228 50.86 1149.58
Middle: -30.9331 79.0739 1133.32
Ring: -19.0519 56.4165 1144.18
Little: 36.7902 84.5902 1042.45
Thumb: -20.3692 116.318 1139.75
Index: -10.2859 50.9175 1149.07
Middle: -30.664 77.9565 1134.05
Ring: -18.2561 55.3197 1145.09
Little: 36.9854 84.7161 1042.76
Thumb: -20.4278 116.423 1139.92
Index: -10.3512 50.9323 1149.07
Middle: -29.9244 78.6332 1132.43
Ring: -17.9963 54.8893 1145.1
Little: 36.9944 84.7005 1042.87
Thumb: -20.3764 116.421 1139.94
Index: -10.2768 50.9301 1149.08
Middle: -29.7742 78.714 1132.27
Ring: -17.8957 54.846 1145.23
Little: 37.0111 84.7069 1042.86
Thumb: -20.8796 117.543 1140.28
Index: -10.4728 51.3636 1148.92
Middle: -29.888 78.9932 1132.67
Ring: -17.8281 56.0012 1143.58
Little: 37.1198 85.464 1043.05
Thumb: -21.6143 119.524 1140.25
Index: -13.6551 53.6961 1149.57
Middle: -32.3126 81.4778 1133.47
Ring: -20.1756 57.7418 1146.41
Little: 36.3043 85.3529 1044.2
Thumb: -23.3166 123.58 1142.8
Index: -18.7565 55.0971 1150.44
Middle: -33.2389 83.4577 1132.82
Ring: -24.2647 60.1995 1145.82
Little: 34.5865 84.3695 1045.08
Thumb: -21.7867 124.448 1147.74
Index: -17.2851 53.395 1150.48
Middle: -32.723 80.8959 1132.38
Ring: -21.9558 57.0785 1142.15
Little: 35.0823 85.0521 1046.38
Thumb: -23.6524 130.062 1149.59
Index: -10.1556 51.6075 1148.31
Middle: -26.9027 78.5396 1135.62
Ring: -14.4169 52.664 1146.53
Little: 33.2516 91.9896 1043.67
Thumb: -20.4963 132.547 1155.41
Index: -6.13898 50.0651 1147.88
Middle: -22.5494 79.7099 1127.39
Ring: -11.7528 48.7701 1141.15
Little: 32.7983 93.4329 1041.4
Thumb: -15.3911 139.371 1165.6
Index: -5.97438 48.3767 1145.36
Middle: -23.405 67.4645 1133.62
Ring: -9.32599 44.7624 1138.82
Little: 32.3078 94.2156 1040.33
Thumb: -10.7623 138.896 1169.6
Index: -2.28608 45.8921 1144.62
Middle: -21.0102 63.4016 1125.95
Ring: -6.65471 42.1261 1135.48
Little: 32.7041 95.5519 1038.18
Thumb: -5.4702 141.807 1173.44
Index: 2.98419 41.5604 1142.93
Middle: -17.6645 57.8006 1122.87
Ring: -4.70567 37.4853 1131.54
Little: 31.4625 96.1382 1036.81
Thumb: 4.25563 143.38 1175.44
Index: 11.0208 40.1977 1138.31
Middle: -9.71014 52.6912 1123.02
Ring: 1.46532 38.7528 1130.29
Little: 16.5005 93.5565 1030.12
Thumb: 13.7237 146.838 1175.45
Index: 15.6714 40.846 1137.86
Middle: -3.54574 49.5747 1117.88
Ring: 5.67134 39.6378 1130.61
Little: 31.7859 96.9548 1028.8
Thumb: 18.5265 142.645 1176.94
Index: 17.8169 38.8601 1137.37
Middle: -1.37767 46.0077 1127.15
Ring: 10.3193 36.1908 1130.08
Little: 31.1122 99.7448 1027.98
Thumb: 25.0335 139.018 1178.44
Index: 21.1178 35.9146 1135.49
Middle: -1.07781 43.4561 1133.15
Ring: 14.2126 32.855 1133.5
Little: 36.365 96.1228 1030.44
Thumb: 30.6646 138.251 1178.28
Index: 23.3476 39.1059 1132.71
Middle: 7.92884 36.7799 1120.12
Ring: 16.7653 36.5092 1129.05
Little: 37.2269 101.032 1029.95
Thumb: 37.2838 136.242 1165.17
Index: 23.6179 43.8381 1129.19
Middle: 15.3651 30.8205 1124.25
Ring: 22.2893 36.0748 1122.48
Little: 37.0968 98.8249 1022.1
Thumb: 35.7954 98.2121 1085.5
Index: 12.2063 62.1241 1115.47
Middle: 14.4464 31.7843 1114.42
Ring: 20.571 39.882 1118.77
Little: 36.9928 104.079 1016.12
Thumb: 28.3227 99.0417 1077.63
Index: 8.5295 59.2138 1099.29
Middle: 4.70033 41.6725 1104.59
Ring: 11.7216 51.1838 1107.27
Little: 38.536 105.477 1000.16
Thumb: 31.2172 97.3403 1072.32
Index: 7.74739 60.0098 1098.95
Middle: -5.0073 49.7981 1099.39
Ring: 5.60777 54.7638 1104.31
Little: 39.8072 106.158 999.704
Thumb: 32.4569 95.4592 1074.89
Index: 8.36656 63.2635 1099.74
Middle: -5.57537 48.7976 1100.06
Ring: 8.08774 52.831 1105.25
Little: 35.0067 105.392 998.831
Thumb: 33.6242 92.9691 1071.73
Index: 10.4 58.1236 1101.53
Middle: -3.98674 46.6723 1098.97
Ring: 3.83374 54.3448 1097.96
Little: 33.8878 103.958 996.948
Thumb: 33.8541 91.7224 1073.86
Index: 13.5143 63.331 1099.37
Middle: -3.68678 46.1202 1103.91
Ring: 5.90113 52.8174 1099.7
Little: 36.4274 103.136 999.795
Thumb: 36.9727 91.0018 1072.49
Index: 19.4322 60.8649 1099.49
Middle: -2.53652 45.2005 1099.76
Ring: 10.6505 53.7503 1095.01
Little: 39.191 101.663 1000.19
Thumb: 34.8966 90.0292 1069.05
Index: 21.1763 60.7589 1099.11
Middle: -0.518454 43.7089 1099.04
Ring: 11.582 54.3181 1091.86
Little: 38.1348 100.385 999.587
Thumb: 32.6519 90.9091 1066.86
Index: 18.4887 62.696 1099.07
Middle: -2.93989 45.0249 1099.97
Ring: 10.0998 53.944 1093.14
Little: 36.7108 100.493 1000.28
Thumb: 68.2993 90.3129 1123.27
Index: 53.5863 91.6515 1180.56
Middle: 50.4065 45.8607 1182.85
Ring: 54.0891 64.7458 1166.64
Little: 10.2662 93.9566 1081.32
Thumb: 44.6897 76.5814 1104.97
Index: 27.8484 55.0029 1174.84
Middle: 14.711 18.79 1144.02
Ring: 19.3458 29.9555 1126.69
Little: -4.60967 133.815 1089
Thumb: 34.1638 88.0883 1105.33
Index: 43.4432 104.816 1178.87
Middle: 6.3269 24.6536 1146.14
Ring: 12.2473 27.1723 1116.53
Little: -8.62447 138.523 1096.32
Thumb: 63.6869 58.1379 1107.88
Index: 49.5864 108.345 1169.68
Middle: 1.00521 26.2993 1142.95
Ring: 3.32178 30.1293 1110.5
Little: -7.88834 141.233 1098.22
Thumb: 63.5863 58.4935 1104.81
Index: 38.4513 10.3136 1120.94
Middle: 0.269403 26.285 1139.7
Ring: 4.6232 29.9931 1107.68
Little: -23.2647 126.38 1125.86
Thumb: 130.343 105.663 1183.63
Index: 42.7615 8.29974 1117.33
Middle: 0.862711 28.8604 1143.41
Ring: 7.34444 29.0621 1107.52
Little: -22.7667 124.572 1126.44
Thumb: 141.676 102.895 1167.93
Index: 42.7619 7.81822 1114.78
Middle: 6.47634 29.0298 1146.77
Ring: 7.24352 29.6248 1108.06
Little: -21.3638 121.002 1131.59
Thumb: 142.602 105.166 1161.78
Index: 44.5979 8.44593 1114.46
Middle: 5.37391 38.174 1153.67
Ring: 9.02782 26.4301 1104.21
Little: -24.1409 117.206 1128.12
Thumb: 140.179 100.814 1152.93
Index: 45.1078 8.73659 1109.27
Middle: 9.36566 30.4829 1146.51
Ring: 9.64027 27.0034 1101.22
Little: -23.2032 113.286 1131.69
Thumb: 140.368 98.1773 1146.58
Index: 45.6808 15.614 1112.89
Middle: 10.2688 31.4136 1146.05
Ring: 9.57301 26.3494 1098.04
Little: -21.5768 116.962 1131.07
Thumb: 137.363 101.878 1136.64
Index: 46.3901 12.6856 1106.33
Middle: 18.2881 53.7189 1165
Ring: 10.0242 31.0966 1105.62
Little: -21.1284 116.825 1134.32
Thumb: 136.882 101.608 1131.34
Index: 45.4902 16.208 1103.91
Middle: 19.3878 66.4353 1166.16
Ring: 11.3816 32.4225 1101.11
Little: -19.3957 120.298 1135.3
Thumb: 133.546 100.609 1126.26
Index: 46.878 17.4428 1104.48
Middle: 21.3671 66.0975 1164.44
Ring: 10.9355 32.0476 1096.41
Little: -19.8775 114.282 1137.9
Thumb: 131.428 101.656 1123.12
Index: 47.2444 17.2859 1100.87
Middle: 19.3595 59.4266 1157.79
Ring: 10.6811 32.8139 1094.04
Little: -21.4778 114.178 1134.78
Thumb: 132.95 98.1058 1116.22
Index: 43.7532 15.799 1097.32
Middle: 17.5935 58.8003 1154.72
Ring: 7.81349 32.2954 1091.01
Little: -22.1456 113.627 1132.74
Thumb: 133.738 100.239 1114.57
Index: 44.5962 15.0034 1092.18
Middle: 21.946 75.3705 1159.77
Ring: 9.48356 32.2363 1086.49
Little: -16.4573 60.5481 1069.79
Thumb: 133.706 99.2781 1110.46
Index: 43.7043 14.7275 1088.23
Middle: 23.096 75.7898 1157.48
Ring: 9.7067 35.3315 1086.01
Little: -16.9223 60.5679 1068.42
Thumb: 131.852 98.9353 1106.03
Index: 43.0621 14.236 1086.48
Middle: 22.1496 75.5632 1155.42
Ring: 9.02486 34.5545 1083.09
Little: -17.5921 60.1605 1066.09
Thumb: 130.164 99.2335 1101.29
Index: 42.9781 14.0634 1084.6
Middle: 22.5086 76.9326 1154.26
Ring: 7.62161 35.5124 1087.64
Little: -18.849 59.6249 1072.32
Thumb: 128.583 97.6398 1101.71
Index: 42.2918 12.516 1083.13
Middle: 25.7668 97.3012 1156.4
Ring: 7.21074 33.6006 1083.14
Little: -19.2581 58.1259 1070.91
Thumb: 128.371 99.3791 1104.39
Index: 43.6127 12.5739 1083.38
Middle: 23.7544 96.6418 1156.18
Ring: 5.35648 31.0702 1079.05
Little: -18.4464 57.2291 1066.92
Thumb: 128.833 100.476 1103.02
Index: 44.5737 13.3427 1083.01
Middle: 21.7117 72.7145 1152.36
Ring: 5.31807 31.2104 1077.79
Little: -18.1108 57.3817 1067.59
Thumb: 131.62 100.863 1102.06
Index: 44.3929 14.4595 1087.37
Middle: 21.178 70.8017 1153.12
Ring: 5.55154 31.4842 1080.54
Little: -18.2795 57.4683 1069.88
Thumb: 132.549 100.79 1101.68
Index: 44.4676 15.0431 1088.19
Middle: 24.4546 97.2969 1155.6
Ring: 5.64911 27.7945 1077.1
Little: -18.4732 57.2745 1069.3
Thumb: 132.823 102.204 1104.44
Index: 44.4078 14.1213 1087.52
Middle: 24.3688 98.9219 1157.13
Ring: 5.47814 29.1992 1078.47
Little: -18.2053 58.0311 1070.26
Thumb: 127.875 101.047 1106.02
Index: 43.8755 13.4589 1089.9
Middle: 22.8973 100.134 1158.11
Ring: 4.16298 31.0302 1082.63
Little: -18.8372 57.5059 1071.32
Thumb: 129.342 100.248 1109.26
Index: 43.8424 12.6595 1092.91
Middle: 21.1653 103.4 1157.74
Ring: 3.18947 30.4669 1085
Little: -18.8494 56.7563 1070.59
Thumb: 128.803 99.6013 1112.77
Index: 44.1 11.6723 1094.27
Middle: 21.5033 102.681 1158.62
Ring: 5.09582 29.6767 1085.11
Little: -18.2893 57.1823 1072.7
Thumb: 130.182 99.2054 1113.93
Index: 43.3445 10.407 1099.3
Middle: 22.7822 108.153 1161.68
Ring: 7.19681 29.7132 1094.02
Little: -17.8527 55.4958 1075.27
Thumb: 129.134 99.0073 1116.99
Index: 43.1648 7.50365 1098.03
Middle: 22.1476 110.675 1163.44
Ring: 6.38363 28.3972 1092.42
Little: -17.6986 54.7114 1076.32
Thumb: 131.557 98.4496 1119.08
Index: 43.1866 9.4447 1109.65
Middle: 21.3154 109.831 1166.55
Ring: 7.52334 27.5718 1094.3
Little: -25.2763 108.706 1132.79
Thumb: 132.801 98.9383 1119.79
Index: 44.0355 11.7224 1116.58
Middle: 22.0452 107.989 1169.2
Ring: 10.0148 27.3871 1097.47
Little: -16.3169 54.6853 1082.49
Thumb: 134.52 99.8644 1121.67
Index: 43.3344 11.0719 1115.82
Middle: 25.8462 108.629 1172.24
Ring: 10.7081 27.7309 1101.52
Little: -14.2374 53.9875 1083.76
Thumb: 136.435 101.576 1122.61
Index: 42.7068 17.2099 1125.33
Middle: 22.2213 107.99 1175.24
Ring: 12.2295 28.4359 1103.85
Little: -14.1299 54.2528 1085.15
Thumb: 133.147 101.978 1131.18
Index: 40.7851 18.6285 1130.14
Middle: 19.1801 102.29 1181.67
Ring: 12.4695 26.8575 1110.44
Little: -13.8273 51.9238 1088.75
Thumb: 129.291 101.588 1140.64
Index: 36.5864 20.9827 1132.81
Middle: 16.1462 96.4398 1184.14
Ring: 13.7152 26.9443 1109.91
Little: -11.8584 52.8793 1088.1
Thumb: 123.277 99.7109 1157.79
Index: 31.566 27.7697 1143.48
Middle: 4.29339 103.533 1184.36
Ring: 10.0587 28.9291 1121.5
Little: -11.1219 49.9614 1091.33
Thumb: 121.557 100.223 1159.07
Index: 31.1891 26.3139 1151.24
Middle: 5.36358 99.73 1189.23
Ring: 11.2234 30.1554 1125.29
Little: -9.3704 49.3457 1093.63
Thumb: 127.596 100.893 1157.89
Index: 37.6395 33.6397 1155.41
Middle: 10.0394 98.7778 1195.41
Ring: 11.4944 32.7866 1132.23
Little: -9.62578 50.3092 1100.33
Thumb: 135.553 105.706 1147.01
Index: 45.5416 33.8027 1155.24
Middle: 21.3409 99.3716 1203.35
Ring: 16.5104 32.4982 1133.41
Little: -23.3911 113.095 1163.78
Thumb: 132.52 102.969 1148.73
Index: 40.3984 38.847 1158.86
Middle: 18.6359 96.8579 1203.9
Ring: 11.5162 35.8505 1130.89
Little: -24.5211 115.218 1164.78
Thumb: 113.338 103.819 1177.57
Index: 19.6086 27.3662 1157.21
Middle: 3.39958 103.538 1200.85
Ring: 9.46458 36.1389 1130.36
Little: -30.2964 95.3042 1150.47
Thumb: 68.1363 104.811 1196.47
Index: -2.79534 27.0738 1152.17
Middle: -36.4244 108.505 1174.94
Ring: 0.441758 37.06 1126.07
Little: -33.4026 82.5051 1112.25
Thumb: 33.2065 104.553 1192.43
Index: -12.8345 29.1574 1142.76
Middle: -51.5916 101.359 1150.9
Ring: -5.62608 33.8361 1120.85
Little: -9.32601 52.6155 1087.77
Thumb: 23.7158 154.032 1201.31
Index: -17.1642 27.8781 1133.14
Middle: -58.7477 105.477 1137.87
Ring: -1.65361 18.2098 1115.7
Little: -3.43375 47.2275 1081.88
Thumb: 3.09793 115.356 1158.95
Index: -23.4908 33.3159 1118.26
Middle: -24.1005 32.3992 1123.07
Ring: -4.29529 13.8122 1115.03
Little: -4.49304 41.0425 1079.87
Thumb: -3.82924 115.534 1149.35
Index: -22.6404 28.5752 1114.63
Middle: -27.2206 30.2292 1121.6
Ring: -7.43614 12.0447 1114.9
Little: -5.71866 38.9355 1079.18
Thumb: 12.4188 127.381 1147.49
Index: -23.8256 27.6761 1113.83
Middle: -27.2885 28.4848 1120.65
Ring: -8.1097 10.7166 1114.09
Little: -5.8421 37.3845 1078.27
Thumb: 24.7252 126.983 1096.56
Index: -25.4567 29.2432 1114.45
Middle: -28.7757 29.5376 1114.77
Ring: -9.06252 11.031 1113.74
Little: -3.36706 36.1494 1077.85
Thumb: -11.5975 133.548 1132.67
Index: -25.5651 26.1044 1106.9
Middle: -31.1806 31.1682 1103.01
Ring: -10.4249 12.367 1095.82
Little: 5.6942 36.5818 1079.91
Thumb: -27.7532 132.077 1140.75
Index: -21.4156 23.7802 1099.32
Middle: -28.4438 29.4891 1096.22
Ring: -13.5104 15.4207 1107.47
Little: 2.3635 40.1202 1068.87
Thumb: -35.2687 135.271 1134.17
Index: -16.7757 23.0778 1098.27
Middle: -26.3166 31.6477 1093.33
Ring: -12.661 17.7702 1106.6
Little: 6.37711 42.0002 1068.67
Thumb: -27.1823 149.552 1135.94
Index: -15.7981 26.2228 1108.81
Middle: -19.535 10.3494 1109.96
Ring: -15.4446 23.5548 1119.93
Little: 8.43542 36.2332 1081.39
Thumb: -53.7654 149.517 1151.73
Index: -7.7962 25.5569 1105.85
Middle: -15.5843 16.1263 1100.29
Ring: -14.0733 24.4631 1109.95
Little: 14.2944 38.9324 1075.3
Thumb: -61.9575 151.726 1140.84
Index: -10.3482 25.6711 1105.06
Middle: -11.879 14.9192 1095.02
Ring: -14.0519 23.7642 1108.9
Little: 15.0083 38.4575 1075.76
Thumb: -67.9345 150.135 1131.76
Index: -44.4804 47.7912 1069.07
Middle: -16.3917 18.4327 1096.77
Ring: -17.5044 23.2677 1105.35
Little: 12.9201 35.1167 1084.53
Thumb: -72.7588 151.097 1116.54
Index: -52.634 39.3762 1085.27
Middle: -14.6291 11.4764 1110.76
Ring: -17.5739 34.9261 1095.46
Little: 14.1946 39.0513 1085.28
Thumb: -76.5165 147.864 1109.41
Index: -55.7066 47.142 1071.48
Middle: -14.9023 10.6052 1113.73
Ring: -17.2595 23.1816 1108.62
Little: 14.3974 38.5654 1086.05
Thumb: -77.0339 148.069 1103.78
Index: -55.6785 57.9295 1061.63
Middle: -16.3603 11.9268 1113.33
Ring: -19.3948 24.3097 1106.41
Little: 13.9784 39.1835 1089.4
Thumb: -75.7952 146.361 1100.31
Index: -55.7583 56.4386 1060.43
Middle: -17.5124 11.9567 1111.92
Ring: -20.7512 24.4076 1106.39
Little: 13.2993 39.0121 1088.98
Thumb: -77.2377 148.471 1098.82
Index: -57.8596 61.0826 1056.15
Middle: -19.9748 12.7788 1113.09
Ring: -24.6798 25.4205 1103.93
Little: 11.5078 39.0709 1089.42
Thumb: -79.1815 150.421 1103.51
Index: -59.4607 56.2434 1058.64
Middle: -23.7611 10.8103 1107.73
Ring: -26.2263 23.5221 1105.01
Little: 9.84785 36.8083 1089.06
Thumb: -79.4382 150.68 1099.58
Index: -57.7456 63.1124 1050.24
Middle: -24.105 11.293 1107.91
Ring: -25.4051 23.8815 1105.32
Little: 10.9983 37.2175 1091
Thumb: -78.6715 151.309 1098.26
Index: -58.2338 62.055 1050.9
Middle: -25.6015 12.2723 1105.16
Ring: -25.9458 24.5191 1101.44
Little: 10.6428 37.7765 1091.34
Thumb: -79.2061 149.956 1088.87
Index: -59.0917 63.9657 1050.51
Middle: -27.3727 13.2228 1102.66
Ring: -27.4504 25.3418 1101.92
Little: 8.79249 38.0036 1091.45
Thumb: -79.0412 150.641 1086.2
Index: -57.1342 69.3192 1043.72
Middle: -28.3443 14.2406 1102.55
Ring: -30.0185 27.3026 1103.17
Little: 8.29432 38.2339 1091.23
Thumb: -79.1753 149.13 1086.56
Index: -58.331 65.1138 1046.58
Middle: -28.6176 14.4124 1102.95
Ring: -30.9515 28.0927 1107.04
Little: 7.58943 38.8342 1091.06
Thumb: -79.034 149.234 1085.5
Index: -57.0703 69.2423 1043.06
Middle: -28.4402 14.2864 1102.52
Ring: -13.1338 70.9704 1018.42
Little: 7.63433 38.8083 1090.55
Thumb: -77.5407 148.155 1084.64
Index: -57.2934 69.4758 1039.15
Middle: -26.8983 13.6737 1105.66
Ring: -7.76757 78.3937 1014.99
Little: 7.2205 38.6932 1090.26
Thumb: -75.821 150.144 1083.24
Index: -55.3798 69.1301 1037.01
Middle: -27.7205 14.5405 1106.62
Ring: -1.46817 84.4952 1013.26
Little: 7.60461 39.0882 1095.54
Thumb: -77.58 149.272 1082.83
Index: -54.1671 68.299 1036.26
Middle: -27.5951 13.6718 1105.29
Ring: -0.221306 83.6645 1013.33
Little: 8.74926 38.5835 1096.55
Thumb: -79.0091 150.054 1083.37
Index: -54.361 68.7674 1036.61
Middle: -25.4327 13.4166 1104.86
Ring: -1.16759 83.5823 1013.94
Little: 8.07618 38.9494 1095.45
Thumb: -81.1015 149.597 1085.32
Index: -54.6555 65.5243 1038.66
Middle: -24.981 13.1741 1105.2
Ring: -0.990264 83.6424 1014.68
Little: 8.09247 39.1184 1097.03
Thumb: -80.9969 150.443 1088.35
Index: -54.7047 65.8085 1039.92
Middle: -24.6669 13.4126 1106.07
Ring: -3.12546 81.3909 1015.95
Little: 9.57898 38.8883 1097.78
Thumb: -80.3305 152.57 1088.76
Index: -54.6205 65.0001 1041.37
Middle: -23.9544 14.1431 1109.23
Ring: 0.135161 85.821 1015.44
Little: 9.72796 39.164 1098.6
Thumb: -80.0726 151.25 1088.14
Index: -50.9249 66.4943 1038.38
Middle: -22.5927 13.2013 1109.81
Ring: 5.92245 90.8172 1014.59
Little: 9.43939 39.0949 1101.11
Thumb: -79.139 149.571 1088.14
Index: -51.6538 63.3768 1040.29
Middle: -22.577 13.7057 1110.02
Ring: 6.05154 89.0112 1014.62
Little: 9.19633 39.3523 1100.87
Thumb: -79.9737 149.083 1087.93
Index: -49.5964 70.0675 1034.17
Middle: -20.5701 12.841 1109.82
Ring: 7.08569 89.7845 1014.71
Little: 10.3465 38.9758 1100.61
Thumb: -79.7192 149.907 1088.73
Index: -48.5928 69.0759 1034.41
Middle: -20.3856 13.2816 1110
Ring: 4.87705 85.7477 1014.83
Little: 10.902 39.6177 1101.03
Thumb: -77.4131 154.134 1087.86
Index: -46.2571 72.707 1033.91
Middle: -19.9148 14.5531 1108.45
Ring: 7.54854 86.6066 1015.67
Little: 10.7448 40.5028 1102.12
Thumb: -76.9195 155.321 1089.46
Index: -47.1959 67.7666 1036.53
Middle: -18.4404 15.0288 1108.34
Ring: 6.03481 87.0174 1015.07
Little: 10.8187 41.0609 1101.68
Thumb: -76.1951 156.432 1088.1
Index: -45.7798 71.9785 1035.07
Middle: -18.5304 17.1679 1110.15
Ring: 9.51939 90.6922 1015.45
Little: 10.6514 42.9064 1102.49
Thumb: -78.2314 156.538 1089.1
Index: -44.2066 69.4313 1036.05
Middle: -16.9397 21.4405 1094.01
Ring: 8.55986 90.7532 1015.62
Little: 13.1863 43.9765 1102.49
Thumb: -67.52 155.019 1084.94
Index: -42.5268 81.2884 1032.69
Middle: -14.2438 20.5837 1095.19
Ring: 10.2136 88.1808 1015.8
Little: 15.134 43.2093 1102.74
Thumb: -67.358 153.025 1083.72
Index: -37.9019 90.7516 1033.6
Middle: -9.7648 21.614 1087.62
Ring: 14.1618 89.7456 1015.99
Little: 19.1258 43.5566 1097.35
Thumb: -59.7481 152.259 1081.89
Index: -30.426 89.6264 1031.54
Middle: -7.72027 17.9827 1089.56
Ring: 20.4489 90.4287 1014.95
Little: 23.2916 43.0282 1094.09
Thumb: -52.6457 151.309 1079.59
Index: -25.4129 94.7613 1029.88
Middle: -1.60606 20.2028 1089.98
Ring: 26.4279 97.0514 1014.64
Little: 27.9985 46.1096 1092.79
Thumb: -42.8969 156.003 1079.69
Index: -20.6995 95.0918 1030.9
Middle: 3.23704 23.812 1088.51
Ring: 30.3187 93.4292 1015.33
Little: 30.7339 47.4912 1091.22
