Thumb: 32.9554 91.7207 1121.92
Index: -64.5745 28.1944 1098.23
Middle: -101.42 40.8207 1097.63
Ring: -124.543 62.0639 1082.41
Little: -141.773 103.039 1080.87
Thumb: 38.6083 91.0676 1108.69
Index: -71.8617 30.2661 1086
Middle: -103.567 37.3086 1090.22
Ring: -110.428 67.5478 1101.39
Little: -128.712 97.5248 1087.96
Thumb: 36.0447 86.9672 1108.65
Index: -73.9655 34.9376 1093.25
Middle: -107.718 40.091 1092
Ring: -118.645 62.5328 1086.35
Little: -122.405 112.368 1094.11
Thumb: 28.395 85.9504 1105.57
Index: -77.6593 32.2532 1093.52
Middle: -110.147 38.5408 1097.42
Ring: -124.32 56.6066 1082.67
Little: -116.671 123.314 1092.72
Thumb: 24.1999 83.8985 1105.05
Index: -78.9725 31.2595 1093.13
Middle: -110.703 39.0895 1095.33
Ring: -124.105 58.9997 1089.71
Little: -117.704 124.372 1092.85
Thumb: 10.9166 83.4406 1109.43
Index: -82.6624 32.9362 1094.84
Middle: -113.572 38.8595 1095.34
Ring: -128.021 56.7366 1086.67
Little: -119.541 125.087 1093.75
Thumb: 7.35194 83.5643 1103.88
Index: -86.1129 31.3101 1092.51
Middle: -113.303 39.3797 1103.87
Ring: -127.566 57.3464 1101.71
Little: -137.878 100.452 1094.15
Thumb: 2.4843 90.8013 1115.31
Index: -89.0368 32.7194 1091.69
Middle: -111.441 41.2921 1101.47
Ring: -127.258 56.6759 1100.34
Little: -133.406 105.943 1101.25
Thumb: -2.53118 89.7712 1118.06
Index: -94.72 36.6197 1093.82
Middle: -113.115 42.3856 1099.94
Ring: -128.063 58.9808 1103.29
Little: -135.903 104.182 1106.39
Thumb: -4.84047 88.3325 1114.37
Index: -96.0784 36.2971 1092.48
Middle: -117.236 43.3741 1096.39
Ring: -128.312 60.6965 1105.4
Little: -141.916 95.9075 1099.2
Thumb: -8.55037 86.5887 1112.85
Index: -98.1935 37.2776 1094.65
Middle: -121.02 44.9937 1098.26
Ring: -129.253 61.4928 1106.93
Little: -143.285 93.9773 1098.84
Thumb: -10.7435 86.5749 1110.96
Index: -97.5173 37.4101 1092.06
Middle: -120.556 43.4761 1096.32
Ring: -127.387 61.2078 1108.3
Little: -142.787 94.6665 1100.12
Thumb: -10.4345 84.618 1108.36
Index: -96.7914 36.9264 1095.36
Middle: -121.39 42.0314 1096.74
Ring: -126.202 60.6641 1111.72
Little: -141.967 92.9887 1101.15
Thumb: -8.28863 84.4218 1108.25
Index: -91.9766 37.1308 1097.55
Middle: -118.339 38.9912 1096.34
Ring: -123.541 55.5045 1107.96
Little: -138.871 90.1024 1100.74
Thumb: -3.28717 87.2277 1111.25
Index: -88.1163 34.2559 1092.33
Middle: -109.881 38.5805 1100.71
Ring: -114.04 57.976 1111.18
Little: -131.394 88.172 1103.7
Thumb: -1.92501 87.6901 1105.28
Index: -76.9975 32.0463 1093.17
Middle: -101.435 40.389 1102.73
Ring: -107.847 53.9725 1109.06
Little: -123.168 85.6051 1103.05
Thumb: 3.54012 89.3687 1105.17
Index: -68.8613 34.9595 1096.99
Middle: -94.1263 36.7606 1100.34
Ring: -100.767 55.5459 1111.66
Little: -113.916 83.0526 1100.63
Thumb: 10.1682 91.2699 1105.16
Index: -60.0669 33.781 1097.95
Middle: -83.8017 35.6297 1100.93
Ring: -92.0096 52.7337 1109.62
Little: -106.723 80.7604 1101.11
Thumb: 17.0792 93.1185 1104.76
Index: -50.2399 33.4369 1098.38
Middle: -73.7092 34.6192 1103.75
Ring: -84.5108 50.0548 1107.9
Little: -99.1136 78.3997 1101.28
Thumb: 23.8218 93.6191 1103.74
Index: -42.3193 35.3369 1098.54
Middle: -64.1806 33.7485 1102.22
Ring: -79.4135 47.1921 1102.98
Little: -90.1093 76.163 1097.91
Thumb: 32.1651 90.5276 1102.94
Index: -33.9309 32.6154 1101.02
Middle: -54.4664 30.0648 1103.57
Ring: -71.0363 45.2353 1104.06
Little: -82.4851 74.0648 1103.51
Thumb: 41.2037 89.9782 1101.98
Index: -24.5655 33.0418 1106.75
Middle: -49.5219 27.3165 1103.41
Ring: -63.6091 42.4557 1106.65
Little: -74.554 71.5262 1105.87
Thumb: 50.9756 93.295 1108.72
Index: -18.8535 31.8126 1107.41
Middle: -43.2116 25.6459 1101.75
Ring: -55.6321 42.5442 1105.91
Little: -71.9246 68.5174 1101.53
Thumb: 54.6009 92.1398 1108.42
Index: -15.5086 27.8965 1098.39
Middle: -38.3673 26.4422 1100.83
Ring: -48.7497 38.5493 1101.42
Little: -64.3564 67.8638 1101.64
Thumb: 59.7453 88.3339 1107.17
Index: -11.8092 24.6115 1093.93
Middle: -30.323 22.7798 1102.12
Ring: -45.5698 38.0694 1107.61
Little: -56.581 61.1647 1101.88
Thumb: 70.9735 90.7301 1106.13
Index: 1.51215 24.7474 1102.48
Middle: -25.1259 18.6266 1099.23
Ring: -38.4045 33.8062 1106.85
Little: -50.8254 56.5415 1100.07
Thumb: 79.285 90.2598 1111.84
Index: 6.39018 20.7689 1100.12
Middle: -18.0082 14.8174 1098.85
Ring: -32.4156 30.0035 1107.02
Little: -45.1195 53.9075 1102.97
Thumb: 85.0549 89.9131 1113.54
Index: 19.4404 20.0043 1101.44
Middle: -10.2229 14.3058 1095.51
Ring: -24.817 31.0937 1104.83
Little: -42.6228 52.8564 1100.98
Thumb: 95.3876 86.7668 1112.66
Index: 30.0992 18.6934 1104.28
Middle: -2.74368 11.7898 1095.54
Ring: -18.7631 31.4092 1106.12
Little: -36.7522 51.6816 1098.44
Thumb: 102.695 86.4497 1109.27
Index: 39.8436 17.191 1102.87
Middle: 5.10596 9.37886 1093.26
Ring: -11.4187 27.2643 1104.78
Little: -33.8485 48.931 1097.3
Thumb: 116.018 88.4637 1107.38
Index: 46.552 14.2013 1099.03
Middle: 12.9388 8.80643 1093.91
Ring: -4.33233 24.9444 1102.58
Little: -27.0159 49.1067 1101.16
Thumb: 120.555 88.5827 1097.77
Index: 54.0758 13.972 1096.99
Middle: 19.8368 6.21236 1090.01
Ring: 2.31125 22.0082 1099.47
Little: -18.011 46.18 1100.17
Thumb: 125.969 85.5427 1106
Index: 58.4213 11.8237 1098.02
Middle: 23.9729 4.67405 1087.19
Ring: 6.97007 22.1726 1100.13
Little: -12.973 48.9995 1101.76
Thumb: 134.488 87.2401 1105.96
Index: 63.1328 9.37475 1094.27
Middle: 28.7075 3.40136 1086.26
Ring: 11.2488 18.9926 1096.5
Little: -9.03799 47.2573 1098.72
Thumb: 142.212 90.3554 1117.66
Index: 68.9098 11.0555 1098.18
Middle: 33.9525 2.73067 1083.42
Ring: 18.1374 23.2333 1098.66
Little: -5.69454 48.4412 1095.66
Thumb: 144.858 93.6097 1111.63
Index: 76.1124 14.2488 1099.46
Middle: 40.0349 1.93197 1085.94
Ring: 24.1398 22.9454 1095.99
Little: -0.234354 48.2219 1096.95
Thumb: 148.903 96.1012 1111.43
Index: 81.8855 17.2411 1101.16
Middle: 45.3625 2.24499 1083.41
Ring: 28.8697 21.6353 1094.48
Little: 6.28574 56.618 1100.5
Thumb: 154.654 100.47 1114.31
Index: 87.1545 23.9063 1108.67
Middle: 48.9061 1.10807 1084.82
Ring: 31.7667 20.3012 1097.53
Little: 7.7771 52.5538 1104.49
Thumb: 158.022 100.62 1114.97
Index: 88.2518 18.924 1109.11
Middle: 51.3397 1.00109 1085.13
Ring: 34.9342 22.2834 1099.44
Little: 10.0552 51.4287 1104.56
Thumb: 164.233 98.4654 1115.09
Index: 88.3121 13.2089 1104.56
Middle: 52.5525 2.02203 1084.05
Ring: 36.906 25.2099 1100.71
Little: 12.4093 53.8275 1103.21
Thumb: 165.384 99.425 1117.2
Index: 88.0054 9.21166 1098.42
Middle: 54.1838 2.30125 1085.38
Ring: 40.1243 30.3323 1107.22
Little: 15.4822 59.2022 1108.39
Thumb: 165.079 98.4252 1118.36
Index: 89.5656 13.1499 1106.76
Middle: 54.3441 1.34182 1084.26
Ring: 40.6479 31.5939 1110.72
Little: 22.5879 82.1921 1125.57
Thumb: 165.836 99.1316 1117.53
Index: 90.0494 15.0539 1108.96
Middle: 54.1185 1.62849 1083.7
Ring: 61.0974 98.9937 1160.39
Little: 20.1228 73.9229 1132.09
Thumb: 166.654 98.9913 1118.84
Index: 85.5872 11.2175 1103.23
Middle: 50.7182 2.81241 1081.23
Ring: 59.3829 98.7493 1161.27
Little: 21.7976 86.0431 1139.6
Thumb: 164.279 98.7407 1115.51
Index: 80.8614 11.6502 1101.89
Middle: 47.2201 4.95772 1082.22
Ring: 53.7127 93.5761 1163.57
Little: 22.3443 99.5886 1140.31
Thumb: 161.828 96.6246 1117.44
Index: 77.0765 14.075 1104.73
Middle: 42.0259 6.67721 1084.94
Ring: 48.6746 88.8848 1164.44
Little: 22.0231 107.633 1137.28
Thumb: 156.867 94.8518 1117.59
Index: 72.8066 14.1423 1103.08
Middle: 38.1575 7.91817 1082.39
Ring: 45.0673 89.6234 1163.13
Little: 19.3681 109.723 1135.07
Thumb: 151.833 92.8347 1114.52
Index: 69.0341 19.4327 1108.14
Middle: 31.6102 7.50392 1082.73
Ring: 39.7961 88.1339 1162.54
Little: 14.5595 110.944 1134.6
Thumb: 147.808 93.1723 1114.72
Index: 64.2848 23.4829 1109.29
Middle: 25.5628 10.5811 1080.46
Ring: 36.3952 89.4412 1162.88
Little: 11.1702 113.119 1135.32
Thumb: 141.482 91.5672 1117.56
Index: 58.9154 27.6096 1111.5
Middle: 19.136 15.1025 1080.71
Ring: 33.0663 94.3204 1163.73
Little: 4.99068 112.128 1139.86
Thumb: 133.728 92.4016 1121.65
Index: 67.8306 61.3751 1107.73
Middle: 11.3657 14.606 1077.32
Ring: 23.7147 103.277 1163.66
Little: -4.83229 118.713 1137.76
Thumb: 125.103 93.6224 1122.49
Index: 62.671 63.2842 1108.41
Middle: 5.98117 14.6708 1079.86
Ring: 17.5052 104.998 1164.2
Little: -10.5223 119.9 1137.94
Thumb: 113.352 92.7356 1124.11
Index: 54.4669 62.769 1110.42
Middle: -2.06856 14.9805 1080.96
Ring: 7.75534 103.77 1164.63
Little: -18.5219 114.978 1138.48
Thumb: 104.755 93.988 1128.43
Index: 49.0276 64.8824 1111.23
Middle: -7.74668 17.3782 1083.56
Ring: 1.65298 102.434 1165.12
Little: -23.311 118.281 1138.77
Thumb: 95.5768 94.2626 1128.89
Index: 42.6565 65.1665 1113.93
Middle: -15.1294 19.0113 1086.12
Ring: -3.57982 99.4953 1168.87
Little: -27.1864 118.404 1143.8
Thumb: 91.9275 93.0591 1130.73
Index: 37.1957 65.2849 1116
Middle: -21.4637 19.824 1089.46
Ring: -5.80743 108.188 1171.12
Little: -32.1328 120.226 1145.65
Thumb: 86.2902 95.1539 1128.68
Index: 31.2698 66.7499 1116.86
Middle: -25.0893 20.7339 1093.39
Ring: -13.9502 106.996 1172.49
Little: -39.1915 121.728 1146.97
Thumb: 84.5579 92.696 1127.65
Index: 26.0899 66.2809 1118.59
Middle: -30.1355 19.1715 1091.04
Ring: -21.9307 97.2704 1173.26
Little: -42.4605 128.463 1146.57
Thumb: 80.3668 93.8517 1135.7
Index: 15.9185 60.7235 1127.35
Middle: -31.7271 17.6234 1097.67
Ring: -33.0124 90.6988 1172.87
Little: -53.2048 128.008 1145.97
Thumb: 63.7708 96.3949 1155.04
Index: -4.62744 59.5752 1138.45
Middle: -34.1598 15.0877 1100.45
Ring: -49.051 123.791 1164.89
Little: -69.4792 115.443 1131.52
Thumb: 21.9941 104.676 1189.23
Index: -41.9024 61.6343 1132.56
Middle: -39.8228 14.559 1098.88
Ring: -74.4508 132.63 1133.27
Little: -73.6442 124.098 1094.46
Thumb: 55.5366 141.398 1229.22
Index: -39.231 73.7755 1135.8
Middle: -42.6058 16.5834 1103.92
Ring: -85.5017 129.804 1119.95
Little: -57.2771 78.5661 1072.85
Thumb: 45.0219 156.044 1234.76
Index: -38.8826 85.9184 1139.67
Middle: -47.0442 24.7472 1111.78
Ring: -65.4616 142.809 1108.02
Little: -71.6499 125.436 1075.51
Thumb: 42.281 166.7 1235.46
Index: -48.794 38.9332 1116
Middle: -54.424 27.3306 1113.95
Ring: -84.1645 141.114 1106.92
Little: -76.1635 124.182 1073.25
Thumb: 44.5384 164.412 1234.54
Index: -51.2131 37.5483 1119.62
Middle: -59.2771 29.0052 1116.13
Ring: -84.6286 143.71 1106.96
Little: -77.839 126.411 1074.53
Thumb: 75.042 184.886 1215.64
Index: -62.4439 63.2693 1121.83
Middle: -54.966 47.7266 1087.63
Ring: -33.7825 164.424 1106.16
Little: -84.8928 142.675 1086.86
Thumb: 113.102 219.674 1093.7
Index: 24.6063 39.4654 1118.56
Middle: 47.6836 28.3222 1064.61
Ring: -21.6879 130.052 1111.57
Little: -49.1589 106.528 1133.12
Thumb: 33.6992 163.433 1080.68
Index: 57.0458 52.8205 1092.06
Middle: 58.5047 58.6907 1094.64
Ring: -9.07956 118.776 1119.2
Little: -16.346 106.575 1158.42
Thumb: 18.6415 139.068 1110.3
Index: 42.7236 41.4458 1096.01
Middle: 20.2586 121.179 1145.34
Ring: 0.918163 116.583 1154.88
Little: -19.2869 98.4091 1166.66
Thumb: 21.68 131.486 1115.76
Index: 45.5275 47.0246 1058.74
Middle: 27.5506 115.899 1156.46
Ring: -8.46186 115.094 1153.97
Little: -17.2829 89.2268 1169.08
Thumb: 21.3736 129.895 1112.89
Index: 52.298 47.7514 1073.83
Middle: 17.0367 120.977 1166.8
Ring: -13.148 115.786 1161.11
Little: -26.1113 90.9704 1172.79
Thumb: 35.3572 132.601 1111.42
Index: 57.8972 50.6729 1084.17
Middle: 9.63222 121.115 1166.98
Ring: -11.7731 115.762 1176.04
Little: -37.8115 93.2634 1166.49
Thumb: 49.5547 146.291 1107.98
Index: 69.7076 60.7501 1086.33
Middle: 10.8135 118.669 1179.6
Ring: -11.593 112.648 1183.5
Little: -40.3517 91.4769 1169.27
Thumb: 36.8171 134.979 1119.83
Index: 66.9051 60.1039 1105.91
Middle: 13.664 113.809 1187.65
Ring: -17.0121 115.941 1186
Little: -51.3344 101.672 1171.2
Thumb: 43.0076 140.865 1115.36
Index: 29.4259 127.767 1168.86
Middle: 9.34634 114.553 1188.49
Ring: -19.9203 116.127 1186.8
Little: -46.17 94.8504 1176.32
Thumb: 32.721 114.454 1122.02
Index: 7.77255 110.922 1177
Middle: -18.2493 113.639 1193.64
Ring: -41.4569 121.329 1189.96
Little: -76.2727 126.212 1175.03
Thumb: 51.9157 107.558 1121.03
Index: 6.60891 106.33 1179.72
Middle: -20.3861 112.975 1194.93
Ring: -42.8354 117.689 1191.03
Little: -77.8136 125.793 1174.72
Thumb: 48.4925 117.171 1120.39
Index: 3.4319 102.259 1181.65
Middle: -25.1112 112.648 1195.19
Ring: -47.7124 118.606 1189.7
Little: -81.8993 125.902 1171.06
Thumb: 59.6753 118.938 1118.8
Index: -1.01568 106.793 1182.3
Middle: -30.0042 114.527 1194.53
Ring: -44.5819 33.5614 1115.04
Little: -85.515 126.597 1167.83
Thumb: 74.1034 125.226 1110.63
Index: -2.79758 107.351 1181.83
Middle: -32.1758 115.938 1193.4
Ring: -44.5072 34.0924 1112.37
Little: -86.3787 124.535 1165.57
Thumb: 67.2108 120.607 1116.1
Index: -9.05438 77.1565 1175.47
Middle: -35.7776 115.795 1190.93
Ring: -46.8029 34.4956 1109.72
Little: -89.2679 125.157 1160.83
Thumb: 69.4181 123.054 1116.99
Index: -10.9213 68.9152 1171.75
Middle: -36.1117 116.797 1188.73
Ring: -45.3365 34.8643 1107.94
Little: -88.3457 120.979 1158.75
Thumb: 70.3322 125.193 1115.45
Index: -11.2735 77.0407 1172.7
Middle: -37.6233 118.766 1186.77
Ring: -45.1082 34.9198 1106.99
Little: -89.8913 124.058 1154.79
Thumb: 70.1277 124.087 1115.31
Index: -8.11231 68.2511 1166.36
Middle: -35.8716 116.993 1184.61
Ring: -43.6387 35.3584 1103.58
Little: -88.4793 125.025 1152.58
Thumb: 60.7802 116.167 1120.13
Index: -9.47859 67.7379 1164.58
Middle: -35.9198 116.163 1182.82
Ring: -43.5733 36.527 1108.52
Little: -88.3138 124.1 1150.09
Thumb: 64.839 120.728 1117.86
Index: -8.12168 69.2869 1161.81
Middle: -36.3065 118.629 1181.27
Ring: -43.5017 40.0119 1110.98
Little: -88.625 125.653 1148.31
Thumb: 67.8157 120.472 1108.02
Index: -5.36768 71.9569 1155.82
Middle: -34.4845 118.338 1179.66
Ring: -41.768 41.3317 1110.49
Little: -87.5981 127.319 1146.96
Thumb: 73.2972 124.72 1094.74
Index: -6.19145 73.7835 1152.88
Middle: -34.262 118.506 1177.51
Ring: -41.4811 41.9945 1108.31
Little: -87.6432 128.69 1145.15
Thumb: 54.8591 117.58 1101.77
Index: -2.8582 93.0726 1146.36
Middle: -31.5918 118.032 1177.09
Ring: -40.3761 44.1354 1110.26
Little: -84.4661 123.848 1147.19
Thumb: 59.8871 121.993 1097.87
Index: -1.09969 58.5099 1129.57
Middle: -29.4221 120.478 1176.95
Ring: -36.4858 45.5417 1110.03
Little: -82.5953 124.798 1147.29
Thumb: 49.1386 121.202 1103.24
Index: 1.86324 55.1886 1127.91
Middle: -26.7699 121.183 1176.73
Ring: -34.2018 46.2497 1109.92
Little: -80.1521 125.319 1147.54
Thumb: 51.096 124.657 1099.55
Index: 6.4365 58.2147 1128.58
Middle: -25.6414 122.431 1177.33
Ring: -30.1314 47.4535 1110.35
Little: -80.3322 129.405 1147.5
Thumb: 67.2279 129.81 1097.53
Index: 12.051 62.2515 1129.25
Middle: -22.1931 124.265 1178.12
Ring: -25.6964 47.7367 1111.71
Little: -76.8242 125.3 1150.27
Thumb: 49.1882 127.72 1097.05
Index: 18.4687 59.1962 1130.38
Middle: -17.9743 124.397 1180.82
Ring: -22.4847 56.9436 1120.19
Little: -57.4846 62.6333 1102.8
Thumb: 58.6555 129.842 1099.57
Index: 22.7563 58.9501 1129.39
Middle: -13.4204 123.211 1181.57
Ring: -18.0289 56.4575 1120.53
Little: -53.8338 60.9399 1104.58
Thumb: 55.0535 132.336 1097.79
Index: 26.6312 61.4961 1131.53
Middle: -12.1679 125.297 1182.51
Ring: -16.7228 59.7143 1122.89
Little: -51.6853 60.899 1106.24
Thumb: 56.8378 133.884 1104.21
Index: 32.9695 59.3286 1129.76
Middle: -2.19595 119.786 1184.28
Ring: -10.1542 60.2391 1125.06
Little: -45.3324 58.757 1109.74
Thumb: 55.9473 129.084 1104.75
Index: 37.8292 53.0792 1128.08
Middle: 2.46251 119.051 1186.09
Ring: -3.51146 55.7496 1126.62
Little: -40.6633 58.3878 1111.37
Thumb: 56.7514 125.996 1109.72
Index: 40.5472 60.0949 1133.62
Middle: 7.78945 114.396 1189.08
Ring: 2.71571 49.4781 1126.91
Little: -34.9032 55.0989 1111.91
Thumb: 59.8208 121.606 1115.54
Index: 47.0968 53.3005 1135.36
Middle: 12.8378 112.804 1191.47
Ring: 6.3191 52.2726 1130.71
Little: -29.1497 53.5561 1114.12
Thumb: 76.1112 126.581 1116.79
Index: 54.6626 50.5406 1133.79
Middle: 18.3156 113.129 1191.75
Ring: 17.3336 32.1409 1110.42
Little: -23.331 51.6612 1113.91
Thumb: 76.4166 124.542 1114.43
Index: 64.2857 49.1872 1131.03
Middle: 24.3025 110.574 1191.65
Ring: 24.2769 30.1824 1109.94
Little: -16.291 49.447 1116.69
Thumb: 91.2323 124.874 1119.49
Index: 69.0676 51.9899 1134.76
Middle: 27.9009 111.476 1192.52
Ring: 29.6208 38.4607 1126.94
Little: -10.0198 48.2051 1114.56
Thumb: 98.2469 125.653 1110.31
Index: 79.0772 42.7114 1122.21
Middle: 34.9025 111.614 1192.62
Ring: 39.6655 36.7357 1125.05
Little: -1.26539 46.4748 1115.71
Thumb: 105.862 130.71 1112.74
Index: 83.6118 44.5768 1124.76
Middle: 35.888 112.791 1192.66
Ring: 45.9484 39.0375 1125.92
Little: 5.63587 46.9032 1112.82
Thumb: 111.166 129.611 1111.04
Index: 91.4809 43.6965 1122.07
Middle: 44.6196 110.276 1191.81
Ring: 53.9582 36.4191 1123.62
Little: 12.8077 44.4447 1112.55
Thumb: 75.8073 91.3206 1095.95
Index: 99.1756 43.4525 1121.75
Middle: 51.1792 110.658 1191.18
Ring: 61.2387 36.6979 1123.34
Little: 20.2408 44.4299 1111.78
Thumb: 83.0034 89.4143 1100.72
Index: 111.139 45.127 1122.47
Middle: 51.8736 114.032 1191.06
Ring: 67.5684 34.6432 1122.45
Little: 26.1298 43.7692 1111.47
Thumb: 59.3033 95.7456 1116.5
Index: 111.473 47.0019 1122.24
Middle: 58.7109 114.956 1191.39
Ring: 75.231 37.8953 1121.63
Little: 33.4358 45.779 1111.12
Thumb: 94.5203 98.1266 1107.94
Index: 115.15 52.5784 1122.95
Middle: 63.9147 119.567 1191.57
Ring: 82.0089 43.9891 1122.21
Little: 40.5509 50.4284 1111.02
Thumb: 98.8337 98.1193 1110.01
Index: 119.637 53.6577 1123.26
Middle: 72.1077 117.174 1191.75
Ring: 88.0349 43.7744 1121.46
Little: 46.3925 50.8297 1110.83
Thumb: 109.653 90.1574 1109.09
Index: 125.21 51.0671 1124.51
Middle: 78.8299 114.665 1192.13
Ring: 94.2635 36.8569 1118.91
Little: 51.528 47.1329 1111.96
Thumb: 112.591 88.0689 1108.14
Index: 127.287 49.2863 1124.13
Middle: 82.8857 113.231 1192.01
Ring: 95.8897 36.5971 1118.38
Little: 53.4356 47.9896 1111.33
Thumb: 114.441 80.6328 1108.48
Index: 132.523 44.6303 1123.56
Middle: 93.8955 107.617 1193.36
Ring: 96.7805 29.3435 1119.88
Little: 54.224 42.9754 1117.51
Thumb: 111.741 78.287 1106.44
Index: 133.663 57.9687 1130.12
Middle: 100.023 107.358 1192.81
Ring: 91.1712 45.125 1131.93
Little: 54.271 43.1628 1120.07
Thumb: 146.252 96.4458 1108.78
Index: 125.791 107.83 1149.8
Middle: 109.088 107.881 1191.52
Ring: 89.4116 46.3736 1132.51
Little: 52.0167 46.1119 1125.11
Thumb: 154.179 104.432 1107.07
Index: 123.271 132.621 1135.41
Middle: 121.579 110.179 1188.39
Ring: 99.2557 60.4894 1150.31
Little: 56.7154 48.8285 1129.19
Thumb: 164.255 116.133 1080.65
Index: 130.76 131.65 1131.18
Middle: 133.456 112.035 1181.71
Ring: 95.5695 78.5655 1149.06
Little: 55.9015 53.2759 1134.55
Thumb: 166.787 126.26 1068.64
Index: 133.754 136.482 1128.94
Middle: 140.948 113.304 1176.82
Ring: 97.1359 108.184 1159.38
Little: 60.2068 53.8809 1137.11
Thumb: 145.407 123.442 1083.18
Index: 133.342 140.37 1127.64
Middle: 143.062 117.681 1174.83
Ring: 96.7883 119.132 1160.7
Little: 59.4702 59.4462 1138.61
Thumb: 149.242 122.256 1062.79
Index: 133.87 138.297 1118.41
Middle: 151.334 116.615 1165.19
Ring: 104.05 117.906 1157.64
Little: 70.3028 63.3886 1147.45
Thumb: 137.848 116.348 1092.03
Index: 137.699 138.705 1118.6
Middle: 153.875 120.131 1163.24
Ring: 116.235 116.522 1162.72
Little: 70.8076 67.3881 1150.18
Thumb: 135.604 120.687 1094.98
Index: 150.541 134.792 1115.34
Middle: 158.571 123.216 1158.93
Ring: 129.604 125.659 1168.65
Little: 82.5019 99.4105 1167.46
Thumb: 132.339 123.081 1095.5
Index: 150.576 136.687 1108.72
Middle: 154.528 134.216 1154.93
Ring: 127.715 143.322 1170.07
Little: 84.0668 101.811 1166.81
Thumb: 129.791 121.508 1098.74
Index: 151.809 119.552 1110.13
Middle: 157.981 132.543 1149.48
Ring: 131.728 143.879 1168.2
Little: 86.435 102.721 1166.99
Thumb: 126.309 123.097 1103.33
Index: 123.626 134.77 1097.03
Middle: 158.349 129.88 1145.93
Ring: 139.252 136.821 1168.12
Little: 82.1871 105.542 1165.46
Thumb: 133.89 123.258 1076.91
Index: 124.281 130.557 1092.37
Middle: 158.669 125.268 1144.02
Ring: 131.862 140.049 1165.8
Little: 78.0523 104.386 1161.64
Thumb: 137.382 130.316 1077.47
Index: 124.329 132.2 1092.71
Middle: 161.178 116.434 1139.82
Ring: 140.713 128.419 1162.48
Little: 66.1036 60.4953 1136.94
Thumb: 139.029 128.716 1084.96
Index: 122.674 130.467 1092.28
Middle: 161.069 109.59 1138.18
Ring: 141.992 125.126 1162.07
Little: 63.8938 60.792 1137.82
Thumb: 152.595 140.876 1083.32
Index: 125.827 127.388 1095.63
Middle: 160.501 102.785 1139.05
Ring: 139.221 124.215 1163.79
Little: 61.9849 58.2787 1140.02
Thumb: 155.87 142.678 1089.84
Index: 132.986 126.572 1098.54
Middle: 161.347 97.1855 1138.76
Ring: 139.92 124.041 1164.89
Little: 61.9758 58.3434 1142.63
Thumb: 156.204 138.622 1089.47
Index: 132.052 125.543 1097.67
Middle: 160.044 92.0409 1136.67
Ring: 124.141 129.729 1162.23
Little: 60.2683 56.6181 1141.68
Thumb: 153.194 137.173 1093.05
Index: 132.902 124.746 1098.14
Middle: 159.727 101.093 1140.15
Ring: 128.516 128.578 1164.05
Little: 59.632 56.7722 1141.76
Thumb: 153.696 135.721 1101.1
Index: 129.573 123.385 1095.13
Middle: 158.462 105.378 1140.23
Ring: 127.295 126.719 1163.92
Little: 58.4491 55.4099 1141.52
Thumb: 153.663 135.166 1106.16
Index: 121.972 124.549 1094.3
Middle: 153.711 112.201 1146.45
Ring: 123.334 126.195 1165.58
Little: 55.3734 52.0569 1145.48
Thumb: 154.219 132.22 1109.61
Index: 120.668 125.801 1096.72
Middle: 150.625 111.723 1152.37
Ring: 123.498 122.501 1168.17
Little: 51.8877 52.3409 1145.54
Thumb: 154.078 131.386 1114.02
Index: 119.56 123.883 1098.84
Middle: 139.497 125.247 1154.01
Ring: 125.272 118.443 1171.13
Little: 50.032 52.461 1146.12
Thumb: 152.986 136.58 1086.58
Index: 117.427 122.158 1100.8
Middle: 130.42 130.655 1151.21
Ring: 124.453 119.101 1173.45
Little: 49.3913 54.5003 1145.57
Thumb: 153.564 136.222 1090.29
Index: 117.649 122.49 1102.16
Middle: 133.407 131.521 1153.79
Ring: 121.554 124.977 1174.65
Little: 47.6834 55.2119 1149.59
Thumb: 129.012 109.035 1098.95
Index: 112.621 118.391 1100.88
Middle: 140.214 118.469 1160.95
Ring: 120.745 115.961 1178.06
Little: 43.9862 51.0851 1153.44
Thumb: 135.281 117.347 1100.26
Index: 121.015 124.462 1108.65
Middle: 138.683 121.219 1162.25
Ring: 118.273 116.02 1181.43
Little: 43.0745 51.0636 1155.33
Thumb: 121.389 108.114 1096.14
Index: 115.488 126.06 1111.37
Middle: 132.08 123.15 1167.04
Ring: 113.426 111.884 1186.51
Little: 39.0102 48.0953 1157.04
Thumb: 124.324 106.084 1090.28
Index: 125.872 122.317 1118.98
Middle: 126.889 128.727 1165.86
Ring: 110.798 115.242 1186
Little: 38.7904 46.9763 1156.33
Thumb: 122.092 103.713 1090.26
Index: 118.797 124.699 1118.78
Middle: 128.66 118.689 1170.51
Ring: 111.003 107.465 1187.79
Little: 38.5408 47.8127 1155.66
Thumb: 121.744 103.828 1081.38
Index: 114.56 124.148 1111.9
Middle: 127.435 117.919 1163.83
Ring: 110.573 104.261 1183.55
Little: 36.3245 47.196 1153.71
Thumb: 134.465 142.291 1067.69
Index: 116.846 125.484 1111.9
Middle: 119.945 125.548 1153.21
Ring: 106.635 105.155 1179.81
Little: 31.9427 45.6368 1148.34
Thumb: 108.618 105.421 1085.68
Index: 102.027 122.079 1094.63
Middle: 115.634 125.051 1153.29
Ring: 102.429 105.293 1179.49
Little: 28.1754 45.4088 1148.26
Thumb: 82.118 88.6209 1101.35
Index: 123.227 122.831 1118.02
Middle: 117.699 110.486 1161.56
Ring: 96.2955 99.5734 1177.62
Little: 21.2044 29.7402 1143.79
Thumb: 84.783 90.5094 1098.15
Index: 114.655 130.599 1107.49
Middle: 119.856 94.3041 1167.83
Ring: 80.5666 121.524 1157.23
Little: 18.9269 26.7034 1149.98
Thumb: 107.326 94.1144 1078.07
Index: 115.26 123.922 1111.69
Middle: 118.433 95.681 1165.54
Ring: 89.6738 119.711 1161.8
Little: 21.9668 24.4501 1143.1
Thumb: 115.004 110.436 1056.65
Index: 111.908 130.906 1109.6
Middle: 116.494 110.595 1162.47
Ring: 87.7571 121.31 1161.41
Little: 16.4236 23.9904 1149.42
Thumb: 113.622 125.133 1049.03
Index: 95.603 126.495 1099.57
Middle: 105.022 119.093 1152.34
Ring: 89.4313 107.949 1170.3
Little: 6.29246 23.7411 1160.6
Thumb: 112.799 127.931 1047.67
Index: 86.1365 124.722 1092.5
Middle: 101.472 116.393 1153.26
Ring: 85.3056 104.007 1171.49
Little: 11.5673 36.7834 1165.01
Thumb: 108.041 123.833 1038.65
Index: 83.9172 124.517 1090.72
Middle: 95.621 119.932 1146.56
Ring: 81.4011 102.28 1170.79
Little: 3.9205 40.7074 1165.74
Thumb: 104.967 115.726 1042.62
Index: 83.3149 123.668 1089.03
Middle: 91.0356 123.623 1137.52
Ring: 82.7431 101.231 1171.09
Little: 3.60262 43.5655 1170.16
Thumb: 99.3523 114.089 1037.45
Index: 113.225 119.901 1110.45
Middle: 96.7379 127.692 1132.16
Ring: 90.2644 100.987 1168.88
Little: 14.4679 48.9072 1176.1
Thumb: 92.6762 106.539 1038.91
Index: 111.577 112.236 1113.74
Middle: 96.4167 126.425 1133.07
Ring: 88.1114 99.4134 1169.22
Little: 8.1478 48.1782 1176.47
Thumb: 94.2315 103.728 1040.29
Index: 109.74 113.192 1112.74
Middle: 93.4485 127.675 1131.02
Ring: 85.6977 98.7925 1169
Little: 5.9687 48.4202 1173.48
Thumb: 91.2049 106.061 1044.16
Index: 109.684 117.987 1111.89
Middle: 97.5834 128.984 1135.49
Ring: 85.0934 110.88 1161.48
Little: 9.85528 45.6643 1171.3
Thumb: 90.5105 110.106 1032.69
Index: 108.726 117.209 1112.06
Middle: 101.613 124.757 1141.45
Ring: 84.4726 111.174 1162.42
Little: 5.22038 43.626 1172.7
Thumb: 84.413 125.069 1018.84
Index: 98.6762 116.969 1103.4
Middle: 99.9368 123.052 1139.86
Ring: 82.5132 109.722 1161.33
Little: -1.12164 43.3117 1172.24
Thumb: 80.6218 127.838 1017.43
Index: 97.9593 119.185 1101.34
Middle: 80.6721 138.166 1116.9
Ring: 82.7652 110.395 1159.42
Little: 3.05462 44.6519 1171.64
Thumb: 79.3765 130.79 1017.52
Index: 81.7878 122.535 1090.01
Middle: 76.6364 137.722 1116.52
Ring: 79.527 110.483 1158.75
Little: 7.23211 44.5202 1164.35
Thumb: 72.7417 131.804 1018.16
Index: 72.2654 120.208 1085.15
Middle: 78.956 140.485 1118.5
Ring: 79.48 113.351 1157.01
Little: 7.24461 43.5503 1163.41
Thumb: 71.5236 135.542 1019.68
Index: 72.3572 121.54 1083.5
Middle: 78.982 141.338 1116.22
Ring: 81.2752 112.578 1154.21
Little: 9.82028 43.2829 1160.81
Thumb: 74.432 138.805 1019.6
Index: 77.5617 120.907 1088.47
Middle: 89.8307 136.76 1127.92
Ring: 77.8845 120.269 1152.08
Little: 7.91792 43.4581 1160.55
Thumb: 75.1928 137.737 1020.07
Index: 77.9102 117.903 1089.06
Middle: 95.7639 130.815 1133.07
Ring: 80.4102 114.879 1155.25
Little: 5.71924 45.0044 1164.26
Thumb: 73.1397 137.117 1018.14
Index: 76.5448 116.644 1087.19
Middle: 99.7929 124.565 1136.15
Ring: 80.3064 116.793 1151.86
Little: -3.28679 39.0779 1162.74
Thumb: 72.907 136.95 1018.45
Index: 90.6351 121.64 1095.77
Middle: 96.9747 126.873 1134.26
Ring: 79.1604 115.363 1152.76
Little: -7.30619 38.9116 1161.16
Thumb: 77.3494 113.593 1025.38
Index: 83.9721 120.334 1090.54
Middle: 96.775 123.758 1134.75
Ring: 79.9534 108.993 1156.31
Little: -11.0034 40.8506 1161.52
Thumb: 68.6129 103.799 1065.03
Index: 82.1788 125.411 1078.65
Middle: 101.398 101.56 1138.81
Ring: 83.9264 104.652 1152.74
Little: -10.0512 44.6304 1165.48
Thumb: 68.488 103.206 1065.66
Index: 82.1929 124.401 1078.41
Middle: 101.595 99.9645 1138.67
Ring: 84.2046 102.652 1152.85
Little: -8.06082 41.9339 1162.66
Thumb: 78.2773 99.8005 1057.67
Index: 81.415 126.074 1079.88
Middle: 99.4146 100.924 1140.91
Ring: 81.685 107.317 1152.85
Little: -9.56504 41.8675 1159.67
Thumb: 85.4328 101.687 1051.62
Index: 80.219 128.292 1082.73
Middle: 90.2909 118.891 1133.61
Ring: -1.70597 27.2712 1145.3
Little: -15.4059 46.1217 1157.94
Thumb: 82.2599 102.818 1066.79
Index: 79.7205 127.998 1082.51
Middle: 89.5825 125.34 1131
Ring: -3.25393 29.0072 1143.94
Little: -19.2243 49.8405 1159.65
Thumb: 87.4486 106.672 1074.86
Index: 89.5162 130.989 1098.78
Middle: 88.1645 125.176 1144.43
Ring: -1.59672 30.3772 1146.06
Little: -24.38 50.3214 1156.23
Thumb: 78.3202 109.461 1093.16
Index: 95.1133 136.322 1109.56
Middle: 85.0014 123.495 1156.09
Ring: 13.5679 43.6863 1159.25
Little: -28.1274 49.8004 1154.15
Thumb: 89.5284 111.99 1094.21
Index: 94.3912 132.235 1119.56
Middle: 11.7986 25.6577 1149.77
Ring: 5.59327 44.4162 1164.65
Little: -36.7274 51.0645 1153.87
Thumb: 98.7262 109.582 1105.05
Index: 88.6583 103.727 1164.77
Middle: -1.44841 24.5545 1142.16
Ring: 22.7377 97.7657 1158.58
Little: -43.7725 52.8847 1148.8
Thumb: 99.1713 108.852 1111.92
Index: 85.3888 105.797 1170.74
Middle: -6.26689 27.0376 1142.01
Ring: 20.0598 100.905 1161.65
Little: -48.1682 56.3608 1146.01
Thumb: 93.3248 113.806 1118.05
Index: 79.6582 106.545 1178.18
Middle: -10.8082 26.6915 1142.75
Ring: 17.4634 106.383 1164.22
Little: -49.8744 55.6122 1144.93
Thumb: 100.832 107.607 1117.05
Index: 17.4051 33.2773 1127.13
Middle: -14.7379 29.6997 1140.8
Ring: 15.222 109.945 1165.93
Little: -51.4214 58.6192 1141.38
Thumb: 98.633 106.359 1120.01
Index: 17.0646 31.3992 1129.78
Middle: -16.2629 26.9253 1140.57
Ring: 14.1267 111.518 1166.93
Little: -51.856 55.6589 1140.58
Thumb: 103.414 109.899 1127.94
Index: 16.3559 30.9865 1131.32
Middle: -17.2668 26.9566 1140.86
Ring: 12.6561 113.105 1170.14
Little: -51.8546 54.8008 1137.36
Thumb: 89.3486 109.748 1130.36
Index: 15.4986 28.7791 1128.56
Middle: -18.5597 24.1569 1136.61
Ring: 12.088 109.736 1171.7
Little: -51.8078 51.4075 1133.08
Thumb: 94.9734 101.512 1124.77
Index: 17.2272 28.9631 1128.9
Middle: -14.3745 27.5974 1139.73
Ring: 12.6696 105.623 1174.85
Little: -51.6242 48.7193 1128.67
Thumb: 113.681 97.8623 1116.86
Index: 16.9831 27.3609 1127.75
Middle: -13.2584 29.1123 1137.76
Ring: 12.4182 102.622 1173.26
Little: -52.8228 45.5964 1123.22
Thumb: 120.017 101.946 1113.78
Index: 16.6416 23.9359 1120.52
Middle: -15.9164 22.1023 1127.86
Ring: 11.5361 99.5178 1165.85
Little: -53.0684 41.7387 1114.32
Thumb: 120.187 102.024 1113.53
Index: 15.539 21.7517 1113.77
Middle: -19.0816 16.7024 1118.49
Ring: 11.1312 95.1307 1168.1
Little: -53.6792 38.4316 1107.13
Thumb: 128.357 110.393 1115.4
Index: 12.3805 19.2565 1105.89
Middle: -21.114 16.1402 1112.54
Ring: 13.1189 94.6459 1162.82
Little: -54.2521 38.0622 1101.06
Thumb: 127.636 107.755 1114.65
Index: 13.6373 20.8511 1100.71
Middle: -21.0575 16.2041 1105.13
Ring: 14.4344 95.4014 1158.05
Little: -53.9471 38.9162 1095.15
Thumb: 121.072 102.306 1112.12
Index: 16.6343 27.1629 1100.77
Middle: -21.7851 16.9116 1101.69
Ring: 10.3347 93.8279 1153.07
Little: -51.8744 37.8296 1090.12
Thumb: 125.064 127.947 1112.51
Index: 16.6082 29.8351 1095.78
Middle: -22.9169 18.368 1094.85
Ring: 10.3801 96.9719 1145.32
Little: -51.263 40.4811 1085.12
Thumb: 123.392 126.708 1111.27
Index: 16.1359 29.795 1094.97
Middle: -23.1929 18.0342 1095.54
Ring: 10.476 95.6671 1145.46
Little: -52.8475 39.8919 1086.75
Thumb: 120.144 101.139 1110.23
Index: 14.0712 28.9971 1089.24
Middle: -23.205 19.1521 1094.75
Ring: 16.8641 95.8485 1149.29
Little: -53.5489 41.1155 1086
Thumb: 127.454 111.661 1111.13
Index: 11.1334 29.0643 1087.36
Middle: -26.7578 20.3227 1091.93
Ring: 11.8532 97.7446 1157.28
Little: -53.5126 42.318 1085.41
Thumb: 125.92 110.825 1109.64
Index: 8.60537 29.375 1086.16
Middle: -23.5358 18.2892 1091.1
Ring: 11.2121 97.845 1156.62
Little: -48.073 50.5093 1101.35
Thumb: 121.294 107.13 1106.36
Index: 5.54011 27.1586 1083.67
Middle: -23.3623 16.937 1088.44
Ring: 9.57091 98.1905 1154.26
Little: -47.36 50.2799 1099.28
Thumb: 117.324 103.065 1102.82
Index: 4.25738 27.6097 1082.51
Middle: -24.9391 17.4218 1086.29
Ring: 9.95897 96.4042 1152.81
Little: -48.0794 50.3492 1098.31
Thumb: 109.663 96.5417 1100.48
Index: 15.361 41.5325 1092.82
Middle: -23.5508 16.4374 1082.13
Ring: 8.00218 96.9949 1151.21
Little: -48.6803 51.4058 1096.57
Thumb: 107.276 96.9743 1092.8
Index: 0.291865 28.6499 1078.52
Middle: -23.4307 16.6888 1082.56
Ring: 9.54615 97.793 1146.91
Little: -47.1392 51.2527 1098.05
Thumb: 120.442 123.97 1079.25
Index: 0.038105 30.8557 1079.76
Middle: -24.2144 17.7799 1080.42
Ring: 9.0545 98.418 1144.38
Little: -41.1207 53.7392 1094.86
Thumb: 98.3532 94.3214 1091.33
Index: -0.745399 30.3119 1080.07
Middle: -25.2003 18.0852 1081.27
Ring: 7.79059 99.9065 1144.37
Little: -42.3741 54.0641 1095.36
Thumb: 102.456 100.843 1100.69
Index: -1.337 34.9111 1077.62
Middle: -26.1683 21.2821 1079.5
Ring: 0.968638 101.32 1143.76
Little: -44.2467 56.4997 1091.98
Thumb: 84.9581 91.5938 1104.89
Index: -1.87246 34.071 1079.69
Middle: -25.0721 19.4136 1080.81
Ring: -4.35042 103.315 1145.17
Little: -44.1663 55.9725 1091.25
Thumb: 94.8929 92.2475 1098.88
Index: -4.72559 33.8843 1078.39
Middle: -28.3709 13.6647 1074.49
Ring: -1.24363 101.428 1144.14
Little: -45.5643 57.5716 1090.91
Thumb: 100.83 95.4014 1091.83
Index: -7.20565 33.3767 1079.88
Middle: -32.9628 13.2985 1075.15
Ring: -0.533174 100.501 1145.75
Little: -46.0381 58.1931 1093.07
Thumb: 95.0366 97.4119 1098.54
Index: -8.40091 33.6636 1084.06
Middle: -35.0185 13.6342 1078.73
Ring: -10.1495 102.719 1150.51
Little: -47.3521 58.8075 1095.87
Thumb: 90.3682 92.1665 1105.58
Index: -10.8165 34.1811 1089.96
Middle: -36.5818 13.6989 1083.98
Ring: -12.3068 98.7833 1155.05
Little: -49.1258 60.6725 1100.68
Thumb: 89.7655 91.4333 1111.02
Index: -16.1373 30.213 1097.97
Middle: -37.4799 14.4039 1095.81
Ring: -14.8815 103.876 1158.96
Little: -50.7697 61.4372 1107.07
Thumb: 103.025 92.5642 1113.84
Index: -27.6389 23.3049 1096.71
Middle: -37.8088 14.4775 1104.75
Ring: -8.63577 73.2751 1178.26
Little: -50.8748 62.3239 1117.14
Thumb: 105.453 93.4988 1111.89
Index: -29.2721 24.5834 1108.67
Middle: -33.8284 22.164 1119.31
Ring: -26.8803 20.3694 1100
Little: -50.6374 64.066 1128.05
Thumb: 114.602 98.4154 1123.11
Index: -30.8171 27.9157 1124.53
Middle: -36.1124 32.6113 1136.88
Ring: -31.3185 21.8374 1116.07
Little: -57.1783 56.8984 1125.08
Thumb: 114.12 95.9881 1117.4
Index: -33.6182 29.1946 1136.52
Middle: -39.8916 37.3513 1151.78
Ring: -38.8658 23.4598 1129.04
Little: -56.0031 58.6917 1144.73
Thumb: 112.195 91.6342 1118.21
Index: -35.0967 35.5684 1146.57
Middle: -36.0519 40.7809 1159.12
Ring: -39.785 29.3018 1139.22
Little: -53.8423 66.5321 1157.21
Thumb: 108.876 94.0603 1143.81
Index: -29.9967 39.5652 1156.13
Middle: -33.012 47.7093 1169.81
Ring: -34.5354 32.34 1145.08
Little: -45.8232 71.3635 1169.85
Thumb: 106.417 90.4647 1130.21
Index: -35.1984 40.2226 1152.85
Middle: -26.5147 48.5944 1175.05
Ring: -30.4626 34.3255 1149.77
Little: -33.957 78.1711 1183.3
Thumb: 122.435 98.9467 1114.88
Index: -28.4425 43.1981 1160.6
Middle: -19.5145 52.1244 1181.9
Ring: -22.9888 37.1849 1158.75
Little: -27.8807 84.678 1189.17
Thumb: 129.384 96.5803 1128.93
Index: -25.7698 48.0796 1167.23
Middle: -15.7076 57.5236 1188.21
Ring: -17.1108 41.8377 1170.11
Little: -22.3968 92.2725 1194.9
Thumb: 135.775 101.864 1117.7
Index: -19.1144 49.762 1171.83
Middle: -10.387 60.3436 1191.82
Ring: -10.4919 43.8184 1174.42
Little: -17.1763 94.2127 1197.26
Thumb: 141.243 103.791 1113.11
Index: -13.381 51.0516 1173.51
Middle: -4.08762 60.7304 1192.48
Ring: -6.02556 44.9414 1174.23
Little: -9.54807 100.609 1197.24
Thumb: 141.462 102.513 1107.53
Index: -9.30849 52.1236 1171.59
Middle: 1.2206 61.7707 1191.06
Ring: -0.721394 46.0111 1173.52
Little: -4.23209 100.53 1197.75
Thumb: 150.085 118.027 1092.18
Index: -3.418 50.5338 1167.49
Middle: 4.27855 62.9857 1189.03
Ring: 5.19322 44.7873 1169.44
Little: -1.5793 99.4316 1193.25
Thumb: 148.338 111.393 1093.08
Index: 3.01005 48.1146 1163.16
Middle: 9.54631 60.5775 1185
Ring: 10.508 42.7973 1165.05
Little: 1.9015 96.0215 1188.96
Thumb: 150.316 108.611 1084.73
Index: 8.20171 43.7575 1156.65
Middle: 15.995 55.1962 1178.52
Ring: 16.6038 38.4187 1158.34
Little: 6.87294 91.2502 1183.8
Thumb: 147.969 108.62 1083.17
Index: 20.7476 37.9128 1144.64
Middle: 28.2831 49.6815 1168.05
Ring: 29.602 35.0928 1148
Little: 19.8585 86.021 1179.81
Thumb: 135.209 98.4159 1086.69
Index: 26.4762 34.4175 1138.5
Middle: 35.4159 42.3176 1162.09
Ring: 34.3641 29.871 1140.76
Little: 24.2442 75.1082 1172.4
Thumb: 138.917 101.913 1072.2
Index: 29.4874 32.4684 1132.82
Middle: 38.5146 40.4918 1157.54
Ring: 36.9031 27.8347 1133.39
Little: 14.9099 59.3622 1154.25
Thumb: 132.86 96.341 1069.24
Index: 27.5178 32.689 1133.81
Middle: 32.6971 48.3045 1165.54
Ring: 31.5415 28.532 1128.03
Little: 14.7199 59.9271 1155.97
Thumb: 124.469 80.1585 1088.45
Index: 18.0068 34.5212 1129.62
Middle: 20.2234 50.0564 1161.73
Ring: 16.3904 30.2524 1130.33
Little: 20.9926 65.1135 1164.96
Thumb: 119.899 77.8581 1109.81
Index: 14.0942 38.4235 1134.57
Middle: -3.10617 43.9607 1160.85
Ring: 14.4032 33.7867 1134.06
Little: 27.8815 88.5173 1182.6
Thumb: 142.917 90.4389 1094.16
Index: 6.29768 45.0176 1139.49
Middle: -6.62764 53.2043 1168.59
Ring: 13.1692 38.935 1140.39
Little: 39.7723 122.36 1190.29
Thumb: 145.513 84.5991 1061.97
Index: 0.851659 46.7429 1138.74
Middle: -11.3463 55.0558 1167.57
Ring: 10.2051 40.2356 1142.72
Little: 36.6462 122.969 1189.84
Thumb: 136.061 81.9653 1068.95
Index: -0.647017 49.51 1138.34
Middle: -17.712 58.5335 1163.65
Ring: 9.15724 42.9221 1143.68
Little: 34.4423 122.622 1188.52
Thumb: 121.42 78.7121 1083.63
Index: -0.392135 53.7385 1137.06
Middle: -6.76757 65.5433 1173.71
Ring: 53.3726 103.36 1169.55
Little: 36.1832 126.129 1185.62
Thumb: 103.866 86.9449 1094.07
Index: -1.49967 58.0895 1137.66
Middle: -4.56392 71.8137 1175.44
Ring: 52.4176 108.78 1167.99
Little: 36.1162 131.601 1182.17
Thumb: 103.992 82.7618 1090.91
Index: 0.122408 57.9497 1142.33
Middle: -6.4095 72.3567 1175.38
Ring: 53.4878 107.258 1167.63
Little: 37.0404 131.053 1181.93
Thumb: 101.601 83.3562 1091.35
Index: -0.829846 59.1585 1143.16
Middle: -7.80297 74.6849 1175.46
Ring: 52.5566 104.508 1169.85
Little: 35.383 130.679 1180.75
Thumb: 100.032 83.4903 1090.97
Index: -1.8025 59.0238 1141.3
Middle: -8.37277 72.9686 1173.68
Ring: 49.8348 109.306 1171
Little: 36.6003 132.119 1180.24
Thumb: 104.294 73.5322 1079.97
Index: -2.29698 61.1354 1144.67
Middle: -10.5076 69.2592 1169.82
Ring: 49.9951 110.544 1167.96
Little: 32.7205 127.622 1178.11
Thumb: 105.157 71.3874 1076.39
Index: -5.19054 59.7644 1143.61
Middle: -15.4262 67.7554 1167.36
Ring: 47.7297 107.478 1166.14
Little: 29.5706 125.403 1177.98
Thumb: 103.129 70.9023 1074.21
Index: -5.83048 61.0638 1144.73
Middle: -16.0511 69.242 1168.13
Ring: 46.4445 108.346 1165.82
Little: 27.8603 125.8 1177.69
Thumb: 102.686 72.3286 1071.84
Index: -6.6887 60.3792 1145.67
Middle: -19.9509 67.0455 1165.78
Ring: 35.5492 116.009 1142.92
Little: 28.8784 124.553 1179.54
Thumb: 99.4232 74.6141 1076.22
Index: -4.9456 60.2453 1146.38
Middle: -18.8736 65.349 1164.85
Ring: 35.5701 115.176 1142.94
Little: 30.4997 125.159 1179.57
Thumb: 100.361 71.9879 1073.79
Index: -4.6274 60.8799 1148.57
Middle: -19.6814 65.4288 1164.98
Ring: 35.3291 116.325 1142.02
Little: 31.7938 127.915 1179.67
Thumb: 102.033 72.5909 1071.83
Index: -4.76151 61.0121 1147.49
Middle: -18.9216 65.2209 1164.59
Ring: 35.5124 117.082 1141.81
Little: 31.3691 127.489 1179.16
Thumb: 102.412 81.7011 1103.83
Index: -4.72753 60.6111 1147.53
Middle: -18.7361 65.3751 1165.01
Ring: 35.6317 117.169 1141.78
Little: 30.9484 126.923 1179.14
Thumb: 101.926 73.3089 1077.05
Index: -4.2149 60.4394 1148.89
Middle: -18.9932 65.3852 1165.69
Ring: 35.0638 117.35 1142.06
Little: 30.2743 126.976 1179.27
Thumb: 96.0061 74.3561 1081.89
Index: -6.28677 61.3443 1147.95
Middle: -19.9692 66.1505 1165.81
Ring: 34.856 117.033 1142.67
Little: 31.1758 128.445 1180
Thumb: 97.2852 79.0923 1101.33
Index: -7.80862 61.4882 1148.93
Middle: -21.7098 66.0728 1166.45
Ring: 33.722 116.616 1143.97
Little: 30.2089 127.158 1181.25
Thumb: 96.4046 69.7353 1088.26
Index: -9.58699 64.1116 1150.81
Middle: -22.4542 69.7324 1169.12
Ring: 34.0153 118.216 1144.19
Little: 31.2205 129.984 1181.41
Thumb: 106.228 69.0467 1078.84
Index: -4.9856 63.4392 1149.99
Middle: -18.3101 67.802 1167.95
Ring: 35.9025 119.957 1143.42
Little: 29.1941 125.531 1180.87
Thumb: 106.22 66.1182 1073.29
Index: -4.08627 60.2794 1148.25
Middle: -15.0662 67.6157 1170.12
Ring: 37.59 120.436 1144.7
Little: 31.3916 126.712 1181.84
Thumb: 107.088 77.7749 1070.66
Index: 1.61059 58.026 1145.98
Middle: -7.93495 66.3065 1170.16
Ring: 40.299 121.337 1144.28
Little: 34.6743 125.084 1182.02
Thumb: 89.62 93.9932 1087.36
Index: 1.46546 52.6116 1143.95
Middle: -3.86022 67.4914 1175.6
Ring: 42.9418 121.019 1145.5
Little: 39.5122 125.693 1184.26
Thumb: 93.9222 89.2542 1076.92
Index: 7.6502 51.0498 1143.58
Middle: 1.31327 66.0884 1174.82
Ring: 45.4996 121.221 1145.39
Little: 41.9221 122.228 1183.86
Thumb: 99.8702 88.3644 1060.65
Index: 11.2197 49.1657 1139.29
Middle: 4.97828 62.6459 1171.05
Ring: 54.0992 106.427 1155.7
Little: 45.604 120.325 1181.95
Thumb: 96.9035 85.6101 1057.46
Index: 11.7902 44.7445 1137.62
Middle: 8.12707 58.1504 1170.84
Ring: 52.8677 99.0611 1152.99
Little: 48.3986 116.165 1180.61
Thumb: 101.583 89.9113 1063.65
Index: 16.2191 42.8305 1132.82
Middle: 11.1284 54.1352 1165.81
Ring: 62.1458 87.7739 1153.82
Little: 52.9013 110.159 1176.91
Thumb: 107.918 85.7002 1037.04
Index: 21.9056 40.8001 1132.8
Middle: 10.1245 52.252 1162.19
Ring: 51.3717 82.743 1145.71
Little: 54.3876 108.55 1174.89
Thumb: 110.235 125.964 974.191
Index: 24.6291 40.5508 1131.74
Middle: 13.4791 52.2625 1161.5
Ring: 55.6183 97.5427 1137.78
Little: 57.1322 104.519 1171.29
Thumb: 109.353 131.702 967.177
Index: 27.4865 40.2549 1127.42
Middle: 17.6733 50.3112 1156.45
Ring: 41.1551 58.6087 1137.97
Little: 59.4118 103.203 1166.65
Thumb: 104.22 134.87 963.55
Index: 28.8338 38.0704 1125.56
Middle: 21.525 49.0574 1156.96
Ring: 22.8788 45.1681 1127.12
Little: 59.6712 99.4101 1165.45
Thumb: 113.066 140.34 964.809
Index: 31.7203 41.3907 1117.42
Middle: 23.4756 49.7569 1147.85
Ring: 25.0013 46.8644 1117.52
Little: 67.8066 100.763 1159.69
Thumb: 149.211 129.348 1002.25
Index: 41.6244 51.6983 1124.79
Middle: 37.0024 46.1402 1132.52
Ring: 27.8813 48.6816 1114.05
Little: 71.3711 100.625 1157.23
Thumb: 95.9564 83.8767 1066.43
Index: 45.3431 53.6567 1121.72
Middle: 40.1399 47.2796 1120.91
Ring: 32.1683 50.8617 1112.02
Little: 69.2396 101.171 1150.93
Thumb: 96.7695 84.0038 1069.16
Index: 51.871 54.9293 1126
Middle: 42.4675 49.3332 1125.26
Ring: 47.5474 62.5661 1119.2
Little: 71.5996 103.944 1152.91
Thumb: 94.7762 84.2831 1066.03
Index: 55.1789 53.719 1125.81
Middle: 46.4038 50.58 1125.46
Ring: 49.6438 62.8434 1119.07
Little: 76.4509 107.706 1153.18
Thumb: 102.937 86.6697 1063.54
Index: 57.0677 52.7904 1125.82
Middle: 47.5306 48.5524 1125.68
Ring: 49.9448 60.7067 1119.04
Little: 77.6275 113.378 1154.55
Thumb: 95.3719 84.6996 1076.67
Index: 58.4111 51.3929 1126.12
Middle: 47.9874 45.2262 1121.4
Ring: 50.0512 58.7382 1119.2
Little: 79.4167 116.894 1156.41
Thumb: 77.8301 99.0016 1111.56
Index: 60.0832 49.5527 1124.25
Middle: 49.4598 43.2804 1119.28
Ring: 50.4596 55.9801 1118.29
Little: 79.726 111.618 1155.36
Thumb: 75.8755 96.1639 1111.04
Index: 55.485 43.4682 1106.75
Middle: 68.4915 91.4393 1105.82
Ring: 46.8191 52.0717 1104.47
Little: 86.0957 110.725 1159.32
Thumb: 75.1379 102.901 1105.37
Index: 56.0871 54.1113 1106.38
Middle: 68.8682 104.203 1104.61
Ring: 43.8093 64.3775 1104.62
Little: 74.9718 132.909 1162.86
Thumb: 124.221 103.6 1190.26
Index: 15.543 23.8457 1117.28
Middle: 31.0143 94.184 1132.41
Ring: 16.1717 37.7178 1118.17
Little: -15.5388 136.525 1110.49
Thumb: 145.726 107.355 1172.18
Index: 3.11161 29.9542 1107.61
Middle: 24.7822 93.0142 1130.19
Ring: 6.5908 41.5737 1114.78
Little: -26.9846 120.668 1128.81
Thumb: 130.045 92.3275 1169.71
Index: 49.0218 97.5726 1182.44
Middle: 28.5108 98.9245 1130.64
Ring: 6.29659 36.6978 1114.64
Little: -28.1691 113.776 1130.48
Thumb: 128.98 91.8444 1166.69
Index: 52.6551 98.5516 1182.18
Middle: 31.6601 100.641 1132.13
Ring: 11.2748 34.976 1115.05
Little: -10.9252 59.8342 1094.52
Thumb: 130.155 92.7984 1166.79
Index: 53.943 96.0089 1178.85
Middle: 31.0234 98.5365 1129.18
Ring: 5.10558 28.3482 1106.55
Little: -11.9025 60.0107 1093.69
Thumb: 132.607 92.0662 1163.39
Index: 54.3323 94.905 1178.24
Middle: 28.7193 104.122 1140.58
Ring: 5.5033 28.9152 1105.97
Little: -12.4916 61.1325 1094.04
Thumb: 132.182 91.6709 1154.45
Index: 53.9619 92.3567 1176.04
Middle: 30.8886 102.515 1135.33
Ring: 6.83437 27.4693 1102.48
Little: -11.1027 59.3501 1093.04
Thumb: 143.201 95.5647 1147.1
Index: 57.8689 89.5062 1174.66
Middle: 24.5493 101.404 1163.8
Ring: 7.43639 25.0153 1099.58
Little: -10.5572 55.9221 1089.24
Thumb: 141.208 94.6295 1137.47
Index: 56.7921 92.6108 1172.59
Middle: 24.7686 99.1019 1163.16
Ring: 7.89575 30.7228 1102.99
Little: -10.1239 57.0946 1088.29
Thumb: 136.002 94.792 1129.12
Index: 60.719 93.109 1170.43
Middle: 26.9624 99.7238 1162.15
Ring: 9.57946 28.2181 1099.65
Little: -11.3558 58.8655 1091.96
Thumb: 135.7 98.0673 1122.28
Index: 61.4612 94.5291 1167.58
Middle: 8.61794 46.3288 1131.7
Ring: 9.87295 28.528 1096.68
Little: -13.2401 57.7904 1088.32
Thumb: 133.437 96.6741 1117.41
Index: 63.583 94.1539 1165.25
Middle: 12.1639 57.3583 1130.51
Ring: 8.9366 29.3149 1095.2
Little: -12.0509 57.5275 1084.29
Thumb: 131.854 96.6141 1115.7
Index: 66.3461 92.8356 1161.59
Middle: 10.6623 55.7654 1120.89
Ring: 6.80531 28.5942 1089.71
Little: -13.7569 58.9123 1083.75
Thumb: 132.366 97.5078 1110.86
Index: 60.3782 84.7666 1159.35
Middle: 7.2462 48.7441 1116.5
Ring: 4.89495 29.8062 1087.71
Little: -14.5438 57.8089 1079.86
Thumb: 131.374 98.4463 1107.77
Index: 59.3729 83.7016 1157.33
Middle: -5.2382 21.7162 1087.16
Ring: 5.78694 29.5051 1086.22
Little: -15.7279 58.3184 1075.61
Thumb: 131.289 98.6707 1103.73
Index: 60.5824 83.639 1153.7
Middle: -6.07059 21.6183 1082.05
Ring: 6.27779 29.3777 1082.73
Little: -16.6064 58.4007 1072.52
Thumb: 131.138 97.7471 1102.25
Index: 60.4632 83.1203 1151.77
Middle: -7.70643 19.5572 1075.42
Ring: 6.23688 29.6184 1081.88
Little: -17.2915 58.1902 1069.98
Thumb: 129.227 97.591 1098.4
Index: 58.1669 83.8449 1150.97
Middle: -7.62712 21.518 1079.61
Ring: 6.85845 29.2149 1081.56
Little: -19.4675 58.1375 1069.19
Thumb: 128.239 97.2129 1097.19
Index: 56.485 82.5207 1149.91
Middle: -6.23753 22.6258 1080.6
Ring: 7.06231 29.2702 1079.31
Little: -19.1051 58.1165 1068.43
Thumb: 127.174 97.9765 1096.67
Index: 56.2722 83.2995 1149.06
Middle: -6.72325 22.7576 1078.89
Ring: 4.08134 109.66 1143.58
Little: -19.5128 58.3111 1068.2
Thumb: 127.976 98.5137 1094.56
Index: 58.3139 84.4252 1148.58
Middle: -6.77943 22.448 1080.45
Ring: 5.16844 112.507 1143.28
Little: -19.2187 59.6461 1073.87
Thumb: 130.534 99.4113 1095.88
Index: 58.2232 86.6773 1148.83
Middle: -5.94538 22.1676 1080.11
Ring: 4.03813 113.287 1142.38
Little: -18.972 60.3454 1073.84
Thumb: 129.83 100.084 1098.54
Index: 57.1497 89.0665 1150.17
Middle: -6.15846 22.9881 1082.07
Ring: 3.26432 115.476 1142.43
Little: -19.1875 60.0793 1075.44
Thumb: 130.407 101.695 1101.14
Index: 52.9872 86.2115 1151.66
Middle: -6.49867 22.6588 1081.79
Ring: 1.86428 115.848 1142.5
Little: -18.9083 58.3109 1071.71
Thumb: 129.135 102.083 1104.3
Index: 50.0875 84.2495 1151.96
Middle: -6.4213 22.8138 1080.6
Ring: 0.966763 115.461 1142.23
Little: -18.3139 57.4742 1068.34
Thumb: 128.853 99.9402 1107.86
Index: 49.5827 84.4523 1153.66
Middle: -6.60506 19.0004 1082.99
Ring: 1.24071 118.507 1139.15
Little: -18.0579 57.4809 1068.91
Thumb: 127.786 98.449 1109.8
Index: 57.339 91.1133 1154.68
Middle: -5.95624 17.7921 1085.52
Ring: 0.416411 117.1 1141.41
Little: -18.0835 56.2615 1072.43
Thumb: 129.046 99.3837 1111.96
Index: 59.6048 92.1454 1157.28
Middle: -4.5276 16.4497 1086.05
Ring: 1.4551 117.305 1145.09
Little: -16.5891 56.0763 1074.98
Thumb: 130.61 99.1955 1114.56
Index: 60.1835 90.3568 1158.16
Middle: -4.03151 16.0767 1089.41
Ring: 5.81214 112.563 1147.2
Little: -15.8504 55.6253 1077.39
Thumb: 131.005 100.741 1116.45
Index: 62.3239 88.7156 1160.33
Middle: -1.91083 16.2281 1094.93
Ring: 6.54728 113.953 1150.62
Little: -14.6518 54.4688 1076.4
Thumb: 134.183 101.015 1117.84
Index: 61.6959 87.4882 1163.72
Middle: -0.875752 15.6519 1097.6
Ring: 7.69459 114.355 1153.18
Little: -13.6117 53.9289 1078.37
Thumb: 135.283 101.372 1120.13
Index: 59.2372 83.943 1166.52
Middle: -1.04365 14.1145 1100.01
Ring: 7.05375 110.555 1156.18
Little: -14.0715 52.6057 1083.7
Thumb: 135.412 102.49 1124.05
Index: 59.3561 86.5818 1170.03
Middle: -1.07568 14.6739 1103.99
Ring: 8.45521 106.389 1153.87
Little: -13.7163 52.7513 1086.45
Thumb: 133.409 101.444 1133.23
Index: 59.549 88.6883 1174.55
Middle: -1.37111 13.955 1104.97
Ring: 7.30813 104.104 1152.99
Little: -12.9826 53.8082 1089.94
Thumb: 129.485 101.277 1143.57
Index: 53.1363 87.1519 1181.21
Middle: -2.17892 12.7063 1107.87
Ring: 5.59329 109.57 1156.52
Little: -13.1144 52.3816 1093.38
Thumb: 122.894 100.78 1157.92
Index: 41.7503 82.9648 1186.78
Middle: -0.458446 12.0749 1109.47
Ring: -1.29513 102.547 1157.72
Little: -10.4067 51.3904 1092.58
Thumb: 122.793 99.0867 1161.13
Index: 48.484 90.1795 1190.34
Middle: -0.697527 12.4203 1110.25
Ring: -2.28628 99.8245 1163.25
Little: -9.48017 52.5133 1096.77
Thumb: 127.458 101.774 1161.89
Index: 52.0716 93.0879 1194.08
Middle: -0.110977 14.3834 1113.73
Ring: 1.82559 106.27 1168.25
Little: -8.72845 54.2033 1102.84
Thumb: 138.609 109.542 1144.92
Index: 63.5765 94.4481 1195.72
Middle: 1.58588 15.376 1118.72
Ring: 9.07526 103.186 1178.12
Little: -6.89107 53.257 1111.16
Thumb: 134.766 109.6 1149.88
Index: 60.7644 94.2962 1198.98
Middle: -0.835963 17.162 1112.13
Ring: 7.17865 104.588 1178.1
Little: -7.39658 53.7582 1112.35
Thumb: 116.971 104.323 1168.68
Index: 13.3077 34.7041 1146.76
Middle: -0.841146 17.3385 1112.43
Ring: -10.8564 88.9238 1182.6
Little: -7.33211 55.306 1110.78
Thumb: 70.388 108.662 1204.82
Index: 1.12708 30.9469 1130.77
Middle: -1.85369 16.5214 1108.53
Ring: -38.6813 93.8175 1156.94
Little: -6.90818 56.4135 1100.89
Thumb: 94.8072 138.167 1230.22
Index: 0.614916 30.6067 1122.69
Middle: -4.32825 16.9538 1112.31
Ring: -45.7443 93.2498 1134.39
Little: -3.60873 57.2681 1091.59
Thumb: 92.5364 142.597 1231.19
Index: -5.76737 28.7461 1118.21
Middle: -7.60599 12.7478 1108.23
Ring: -49.8142 99.034 1122.32
Little: -6.55763 54.8337 1086.57
Thumb: 83.0944 175.531 1240.83
Index: -3.1465 26.1407 1118.2
Middle: -9.31511 13.1823 1106.43
Ring: -51.6663 102.675 1115.69
Little: -4.68091 53.2901 1087.42
Thumb: 58.3122 156.402 1247.25
Index: -3.97416 27.0694 1117.68
Middle: -10.7305 15.0016 1106.16
Ring: -48.9395 110.207 1107.72
Little: 0.448652 51.7829 1086.06
Thumb: 57.7834 158.3 1248.59
Index: -7.96446 28.8193 1117.59
Middle: -11.0535 15.0433 1104.26
Ring: -47.2027 113.814 1106.68
Little: 3.02048 49.1397 1086.67
Thumb: 76.1177 177.157 1237.62
Index: -15.2057 34.3335 1123.67
Middle: -11.8934 18.0368 1102.83
Ring: -44.8607 114.28 1110.18
Little: 2.31465 49.949 1090.29
Thumb: 77.476 190.763 1236.97
Index: -15.5638 45.1173 1119.84
Middle: -8.49098 26.3574 1103.22
Ring: -10.307 41.2237 1124.57
Little: 11.9136 56.473 1088.69
Thumb: -31.6347 145.068 1208.27
Index: -9.22958 31.1927 1104.08
Middle: 1.11267 31.8499 1075.95
Ring: 6.60566 39.5149 1081.77
Little: 19.6044 80.3292 1059.82
Thumb: -40.9808 145.246 1194.17
Index: -7.75263 26.1236 1105.06
Middle: 1.49574 29.5057 1073.97
Ring: 3.56164 37.8617 1079.35
Little: 24.7207 78.2875 1056.56
Thumb: -49.5704 145.676 1181.53
Index: -5.94428 24.3277 1106.43
Middle: 3.21692 28.2379 1073.9
Ring: 6.7536 35.2024 1081.06
Little: 31.7067 73.3053 1058.17
Thumb: -56.1923 142.387 1168.18
Index: -4.78267 25.0264 1103.94
Middle: 5.97631 29.0771 1073.85
Ring: 11.9627 32.8511 1084.96
Little: 33.678 71.5917 1061.34
Thumb: -63.6483 152.386 1153.86
Index: -5.12825 21.6782 1103.16
Middle: 6.35609 30.3953 1070.76
Ring: 11.3975 29.8112 1082.24
Little: 41.8346 71.3511 1056.77
Thumb: -71.0845 146.358 1142.95
Index: -5.42217 20.9424 1102.19
Middle: 10.2028 24.6647 1075.22
Ring: 14.7567 27.1678 1084.64
Little: 41.0711 77.6229 1050.22
Thumb: -75.9531 147.586 1129.07
Index: -7.87573 21.0186 1104.33
Middle: 12.0376 24.6081 1074.94
Ring: 11.8015 27.3477 1087.69
Little: 43.6534 77.0374 1051.27
Thumb: -77.5466 147.566 1119.69
Index: -8.89844 20.0131 1105.97
Middle: 12.4445 22.8219 1076.12
Ring: 10.6038 25.0412 1092.35
Little: 45.6835 79.3589 1047.1
Thumb: -78.5014 146.517 1114.43
Index: -10.7704 19.7395 1104.47
Middle: 11.2218 22.2956 1073.08
Ring: 8.51535 24.3629 1092.42
Little: 46.4253 77.3439 1049.44
Thumb: -78.8536 146.47 1113.09
Index: -11.8961 19.1671 1106.02
Middle: 10.5992 20.1616 1075.43
Ring: 6.20878 23.5702 1093.31
Little: 45.4789 73.8269 1050.28
Thumb: -80.3391 147.282 1110.11
Index: -14.5815 19.9121 1106.89
Middle: 8.7278 21.4539 1078.63
Ring: 2.84736 24.3895 1091.43
Little: 41.6262 68.774 1049.62
Thumb: -80.8573 146.947 1105.12
Index: -15.9587 20.1904 1105.27
Middle: 8.3962 20.2175 1080.96
Ring: 4.64709 23.3213 1091.05
Little: 41.3191 69.8648 1047.79
Thumb: -81.925 148.444 1104.61
Index: -15.908 20.3583 1103.13
Middle: 6.41026 22.2433 1077.96
Ring: 5.16787 22.8584 1093.99
Little: 40.0585 68.761 1048.18
Thumb: -82.6182 148.788 1102.86
Index: -15.8638 20.1503 1102.59
Middle: 7.82746 22.691 1076.52
Ring: 5.18564 22.6601 1092.92
Little: 40.2672 61.0212 1058.16
Thumb: -84.4832 147.76 1096.85
Index: -18.4348 20.5918 1101.59
Middle: 6.71042 22.9716 1075.46
Ring: 4.30745 22.2043 1091.55
Little: 39.068 58.3279 1062.54
Thumb: -83.4775 146.178 1090.33
Index: -19.0249 22.6926 1098.54
Middle: 6.82714 22.9132 1076.44
Ring: 6.48662 22.3909 1091.56
Little: 38.8748 59.0746 1061.05
Thumb: -84.0388 148.007 1087.53
Index: -20.3322 21.4881 1097.65
Middle: -5.98381 93.2531 1016.76
Ring: 5.76299 21.559 1091.29
Little: 40.4909 58.8351 1062.62
Thumb: -81.9294 146.404 1084.41
Index: -21.1459 22.2656 1098.82
Middle: -6.91685 93.3168 1012.57
Ring: 9.05368 21.6477 1088.99
Little: 40.4808 62.1845 1063.21
Thumb: -79.7902 145.412 1084.44
Index: -20.757 22.1413 1100.51
Middle: -9.17208 88.7979 1009.75
Ring: 9.61938 21.1495 1093.7
Little: 39.4956 61.5683 1064.51
Thumb: -79.7359 145.503 1082.83
Index: -20.6844 22.0676 1100.7
Middle: -8.5101 89.7781 1009.58
Ring: 9.69075 21.1349 1094.49
Little: 39.7612 60.9874 1067.41
Thumb: -77.8236 146.004 1081.94
Index: -18.0459 23.6712 1099.68
Middle: -7.53369 93.8879 1007.43
Ring: 9.77604 21.9704 1096.26
Little: 40.1565 61.8747 1066.96
Thumb: -79.8013 147.386 1083.29
Index: -19.3227 23.6758 1103.28
Middle: -9.92374 86.4511 1008.76
Ring: 8.49253 21.5128 1098.44
Little: 39.0916 61.0632 1067.74
Thumb: -79.1232 148.722 1082.31
Index: -18.6441 24.195 1105.89
Middle: -8.82641 92.0909 1007.32
Ring: 9.11807 22.1159 1096.93
Little: 40.4758 61.4209 1066.62
Thumb: -79.0813 147.624 1083.62
Index: -18.4624 22.832 1106.36
Middle: -8.96521 90.0726 1008.46
Ring: 8.85219 20.707 1097.41
Little: 40.2202 60.1541 1067.2
Thumb: -80.3224 148.615 1086.84
Index: -17.3973 22.4687 1108.62
Middle: -8.57076 86.4698 1008.83
Ring: 9.72821 20.4322 1098.01
Little: 42.2405 59.6266 1067.42
Thumb: -79.521 147.206 1086.05
Index: -15.0729 22.7566 1108.95
Middle: -8.3014 85.8081 1009.04
Ring: 10.8201 20.4282 1098.56
Little: 43.9162 62.8963 1065.72
Thumb: -78.9409 146.706 1085.37
Index: -15.4212 22.5631 1107.38
Middle: -8.19559 85.8026 1008.98
Ring: 10.9222 20.4298 1098.45
Little: 43.949 63.6283 1063.38
Thumb: -79.2252 144.582 1086.04
Index: -11.9602 23.7394 1107.5
Middle: -9.25025 87.5573 1008.81
Ring: 11.0889 21.4278 1104.49
Little: 44.1805 64.4256 1065.81
Thumb: -79.4279 148.032 1086.19
Index: -13.0099 29.5972 1093.74
Middle: -8.32229 89.6452 1008.71
Ring: 11.3234 22.5088 1105.46
Little: 45.6142 64.5234 1065.38
Thumb: -76.6198 149.452 1087.65
Index: -12.0187 30.2868 1094.08
Middle: -6.3053 87.0216 1009.6
Ring: 10.5515 22.2608 1106.89
Little: 50.9555 77.036 1068.35
Thumb: -74.9553 152.154 1087.24
Index: -10.8617 31.2234 1093.98
Middle: -5.53724 93.99 1009.51
Ring: 9.69718 23.1563 1108.04
Little: 46.1693 67.0098 1058.28
Thumb: -75.2934 152.915 1087.19
Index: -10.8073 31.0704 1096.09
Middle: -7.67253 93.2751 1010.75
Ring: 10.9701 22.6431 1101.48
Little: 44.5453 63.2101 1059.61
Thumb: -73.7059 153.018 1084.52
Index: -9.14832 31.7674 1092.21
Middle: -3.29843 94.3293 1009.3
Ring: 12.2032 26.7024 1089.54
Little: 47.6858 65.8613 1058.49
Thumb: -67.6588 151.396 1082.02
Index: -9.1179 33.1972 1091.95
Middle: -2.90327 93.7397 1009.33
Ring: 13.265 27.1443 1089.45
Little: 52.7908 79.1227 1059.28
Thumb: -64.3775 149.788 1081.34
Index: -5.01697 32.3177 1090.4
Middle: 1.8557 92.6593 1008.59
Ring: 17.8614 26.7654 1086.91
Little: 57.969 80.9132 1060.84
Thumb: -57.912 148.306 1082.05
Index: -0.348701 34.826 1089.99
Middle: 3.28909 92.5586 1008.05
Ring: 22.9592 27.7055 1083.38
Little: 59.5444 79.4128 1060.13
Thumb: -50.9674 150.566 1081.79
Index: 3.90046 33.2919 1089.19
Middle: 11.6741 93.5414 1007.52
Ring: 27.7393 26.9533 1078.34
Little: 68.5743 93.9258 1051.44
Thumb: -41.2623 153.97 1078.16
Index: 11.2426 37.9757 1086.71
Middle: 16.727 97.0768 1007.85
Ring: 33.3242 29.7743 1074.63
Little: 74.0101 99.8956 1052.84
