Thumb: 32.9554 91.7207 1121.92
Index: -64.5745 28.1944 1098.23
Middle: -101.42 40.8207 1097.63
Ring: -124.543 62.0639 1082.41
Little: -141.773 103.039 1080.87
Thumb: 38.4131 91.1557 1101.53
Index: -68.7054 29.3488 1092.44
Middle: -99.8215 36.5205 1089.2
Ring: -106.124 69.2522 1097.7
Little: -103.707 139.822 1132.76
Thumb: 29.1109 87.3087 1106.8
Index: -73.1277 29.2822 1093.61
Middle: -103.072 38.6564 1091.37
Ring: -109.695 70.0428 1092.98
Little: -105.751 141.858 1132.99
Thumb: 25.6013 84.1799 1106.48
Index: -77.0637 27.0849 1093.24
Middle: -105.612 38.5072 1092.84
Ring: -111.091 70.7866 1095.74
Little: -108.684 141.309 1134.59
Thumb: 20.1851 82.9287 1107.42
Index: -81.11 26.9923 1089.75
Middle: -109.807 36.7191 1091.45
Ring: -114.62 69.4006 1096.42
Little: -110.872 138.227 1137.47
Thumb: 11.7926 82.9454 1106.79
Index: -83.7934 28.036 1095.08
Middle: -111.717 37.4756 1095.74
Ring: -125.356 57.0443 1094.32
Little: -113.062 139.69 1139.71
Thumb: 7.2554 81.2882 1102.18
Index: -86.7699 29.5862 1093.84
Middle: -112.445 38.5804 1096.29
Ring: -126.458 57.5323 1094.71
Little: -113.515 135.355 1140.66
Thumb: 2.5028 83.6 1101.96
Index: -90.5686 32.7846 1095.2
Middle: -112.954 39.9806 1098.54
Ring: -125.784 59.9598 1100.19
Little: -113.625 139.196 1141.02
Thumb: -0.582837 80.7912 1098.09
Index: -95.512 35.1875 1096.01
Middle: -115.534 40.1595 1098.25
Ring: -127.973 60.1885 1101.96
Little: -113.416 136.296 1141.72
Thumb: -3.00382 78.8925 1097.46
Index: -97.5507 35.8092 1097.08
Middle: -118.261 41.3081 1097.9
Ring: -127.533 61.4407 1106.11
Little: -112.047 136.616 1143.56
Thumb: -6.89376 78.1919 1106.83
Index: -98.837 37.2873 1097.29
Middle: -121.477 41.5175 1097.69
Ring: -128.182 61.7151 1106.21
Little: -145.348 94.1356 1095.74
Thumb: -9.16387 78.1107 1106.17
Index: -97.7752 38.0666 1099.5
Middle: -121.204 42.8513 1099.16
Ring: -126.584 61.4101 1107.49
Little: -144.185 93.9902 1097.01
Thumb: -10.0801 78.7277 1107.08
Index: -96.2299 38.4134 1100.77
Middle: -119.829 41.4558 1099.33
Ring: -125.605 59.4271 1107.78
Little: -143.576 92.0108 1096.41
Thumb: -10.2781 81.2545 1109.09
Index: -91.2612 39.2898 1102.78
Middle: -114.929 40.9715 1100.95
Ring: -119.856 59.3351 1108.64
Little: -137.216 89.7132 1098.06
Thumb: -6.38963 81.317 1106.48
Index: -85.9684 36.0227 1102.23
Middle: -108.137 38.1964 1102.3
Ring: -112.729 57.5088 1111.34
Little: -128.654 89.6845 1104.91
Thumb: -2.86833 83.4056 1106.05
Index: -79.1121 33.5732 1098.61
Middle: -101.862 37.8001 1103.77
Ring: -106.992 56.5642 1112.01
Little: -119.009 88.845 1107.14
Thumb: 3.22244 85.4591 1104.95
Index: -68.7564 34.4963 1098.19
Middle: -92.6072 37.1154 1100.14
Ring: -100.953 56.6947 1109.05
Little: -113.176 85.1955 1100.66
Thumb: 10.0736 84.6112 1103.66
Index: -60.0913 32.6728 1098.4
Middle: -84.0164 35.3116 1101.61
Ring: -92.441 52.8453 1109.28
Little: -107.89 78.8118 1100.85
Thumb: 16.7811 86.9881 1103.31
Index: -50.1242 32.2934 1100.74
Middle: -74.3001 33.9699 1103.63
Ring: -85.3991 50.4333 1110.24
Little: -100.762 75.862 1103.12
Thumb: 23.8869 89.2142 1103.3
Index: -39.874 34.9519 1103.4
Middle: -63.5714 30.7753 1100.66
Ring: -79.7491 47.4456 1105.94
Little: -91.723 74.5531 1101.88
Thumb: 32.8206 91.6062 1103.22
Index: -31.1319 33.4151 1101.68
Middle: -54.6237 30.6984 1102.6
Ring: -70.6564 43.4421 1103.64
Little: -84.0166 70.4046 1099.25
Thumb: 40.1607 94.0921 1111.07
Index: -22.7969 33.3893 1103.85
Middle: -49.3761 28.6141 1104.09
Ring: -63.1465 40.6394 1107.44
Little: -77.1005 69.4764 1103.24
Thumb: 46.983 93.3828 1111.18
Index: -17.1941 31.3395 1103.89
Middle: -44.4663 25.3721 1101.75
Ring: -56.6288 39.0316 1106.12
Little: -70.1074 67.5762 1101.62
Thumb: 52.7304 91.3855 1112.58
Index: -12.8835 29.2045 1101.39
Middle: -37.8887 25.1407 1099.64
Ring: -50.9452 38.9906 1103.77
Little: -62.7965 67.2212 1100.09
Thumb: 61.2636 89.8605 1114.85
Index: -5.80324 26.8642 1100.69
Middle: -31.0406 21.8617 1101.33
Ring: -44.7056 35.6863 1105.75
Little: -59.4356 59.6979 1095.04
Thumb: 67.4667 91.0709 1118.33
Index: 2.43571 25.4531 1102.09
Middle: -24.4625 18.1162 1099.66
Ring: -38.9043 31.0856 1104.37
Little: -53.5662 55.1082 1096.9
Thumb: 74.878 88.3547 1116.54
Index: 12.0994 23.2133 1107.84
Middle: -16.3046 14.6198 1099.13
Ring: -31.9277 28.9878 1105.67
Little: -48.8811 52.4048 1097
Thumb: 85.0972 87.3385 1113.76
Index: 20.8 20.7787 1107.09
Middle: -9.41928 12.184 1097.77
Ring: -24.0508 29.9721 1108.01
Little: -42.8897 51.1074 1100.69
Thumb: 93.7416 89.8246 1115.22
Index: 31.1902 18.7167 1105.07
Middle: -2.06072 10.2845 1093.04
Ring: -17.718 27.8288 1105
Little: -38.8228 50.5804 1102.71
Thumb: 101.57 88.9091 1114.2
Index: 39.59 16.033 1103.93
Middle: 4.70195 8.88984 1093.33
Ring: -11.5986 26.823 1104.28
Little: -34.2215 49.4782 1101.41
Thumb: 111.656 90.3137 1110.3
Index: 47.3605 13.9259 1100.27
Middle: 12.2182 6.46565 1089.77
Ring: -3.51273 25.2083 1102.31
Little: -27.2221 46.8505 1101.57
Thumb: 120.735 91.0361 1110.3
Index: 54.4785 11.9285 1100.79
Middle: 19.9703 5.00955 1088.89
Ring: 3.25563 23.3866 1099.81
Little: -20.1482 44.9908 1102.45
Thumb: 126.564 93.6035 1114.75
Index: 59.2842 12.2984 1099.05
Middle: 24.4299 5.07347 1086.56
Ring: 8.38915 23.4681 1097.58
Little: -15.3525 43.8553 1098.72
Thumb: 133.201 93.7445 1117.15
Index: 64.6318 11.2072 1098.35
Middle: 29.1929 4.5399 1084.82
Ring: 13.5134 23.4426 1096.83
Little: -13.0974 44.2999 1096.87
Thumb: 140.201 96.1 1120.49
Index: 69.2656 11.0213 1096.8
Middle: 34.6536 4.33173 1084.45
Ring: 18.9545 24.5222 1098.4
Little: -7.2201 46.3863 1097.17
Thumb: 144.772 98.5531 1120.73
Index: 74.7836 12.2469 1097.49
Middle: 39.8373 4.10867 1082.46
Ring: 23.896 24.5038 1096.5
Little: -2.37409 46.0168 1096.87
Thumb: 151.633 95.4264 1113.53
Index: 79.7225 12.1934 1099.93
Middle: 44.4399 2.55877 1082.26
Ring: 26.6957 21.2373 1094.87
Little: 0.838107 44.4744 1097.03
Thumb: 154.512 97.3683 1111.96
Index: 83.5157 12.0624 1098.82
Middle: 48.7035 2.24774 1079.71
Ring: 32.0873 22.0568 1099.06
Little: 7.57957 51.781 1102.42
Thumb: 159.04 100.379 1113.36
Index: 86.7616 12.1825 1100.35
Middle: 52.0092 1.87624 1080.07
Ring: 37.7008 30.1445 1102.89
Little: 10.8909 52.5864 1104.93
Thumb: 163.864 99.8337 1114.61
Index: 87.5764 10.7452 1100.68
Middle: 52.3488 0.602468 1080.22
Ring: 39.0774 31.2859 1101.86
Little: 20.7393 81.5887 1105.57
Thumb: 163.922 101.446 1116.07
Index: 95.7897 31.3727 1106.58
Middle: 55.8286 1.64765 1078.77
Ring: 60.1221 96.6183 1145.58
Little: 22.3693 80.5747 1098.97
Thumb: 165.435 98.2275 1116.13
Index: 94.4372 29.0755 1107.45
Middle: 54.1506 -0.47209 1083.85
Ring: 52.7536 73.993 1163.08
Little: 21.7759 78.903 1097.75
Thumb: 165.878 99.0375 1116.36
Index: 93.4163 28.1438 1106.94
Middle: 53.2932 -0.319832 1081.86
Ring: 56.7951 88.8866 1164.89
Little: 26.4793 96.8987 1105.06
Thumb: 164.766 99.2895 1116.44
Index: 88.2144 25.7549 1109.66
Middle: 49.3881 2.44507 1082.86
Ring: 50.7943 85.3445 1164.38
Little: 25.9474 103.231 1102.61
Thumb: 163.682 99.0324 1117.35
Index: 84.4786 26.7815 1109.34
Middle: 45.139 4.52322 1083.06
Ring: 48.9787 89.1392 1164.75
Little: 22.7031 103.637 1121.29
Thumb: 161.123 98.0325 1116.62
Index: 80.5344 25.2798 1108.47
Middle: 41.3147 5.65755 1081.19
Ring: 49.0403 93.6775 1164.56
Little: 20.8159 104.001 1118.25
Thumb: 156.232 95.6746 1117.57
Index: 75.9321 25.7666 1109.96
Middle: 36.2103 6.90716 1080.9
Ring: 47.1518 96.0139 1165
Little: 18.9563 106.81 1119.24
Thumb: 151.677 93.5531 1114.06
Index: 85.4816 58.7248 1105.93
Middle: 29.4371 7.84727 1081.51
Ring: 41.7701 91.8434 1165.06
Little: 12.8502 107.368 1141.89
Thumb: 145.706 93.4702 1116.6
Index: 80.6159 60.2236 1104.98
Middle: 23.7575 9.86306 1081.55
Ring: 35.4646 93.2493 1164.61
Little: 14.0221 49.2635 1082.34
Thumb: 141.241 91.6426 1116.73
Index: 74.9053 59.4277 1105.63
Middle: 17.1936 10.7121 1078.2
Ring: 29.0411 102.143 1161.51
Little: 8.89429 49.8641 1078.8
Thumb: 132.835 92.4571 1121.98
Index: 68.5972 61.8614 1108.09
Middle: 10.5976 14.5529 1081.14
Ring: 20.902 94.5377 1163.69
Little: 3.10423 54.452 1081.05
Thumb: 123.268 92.8378 1119.62
Index: 62.3459 61.6621 1106.63
Middle: 4.05597 14.334 1080.53
Ring: 15.992 95.3504 1163.89
Little: -3.54853 54.1894 1080.44
Thumb: 112.383 94.2363 1124.51
Index: 55.6997 63.2797 1109.79
Middle: -0.817909 15.4741 1080.22
Ring: 7.9323 99.6291 1164.76
Little: -9.78798 56.4224 1079.97
Thumb: 105.131 94.1385 1125.17
Index: 50.193 64.6691 1111.95
Middle: -7.71068 16.552 1082.61
Ring: 4.21098 105.707 1164.93
Little: -15.5785 57.3965 1080.25
Thumb: 97.5648 93.9077 1126.26
Index: 42.7481 63.3499 1113.98
Middle: -14.8305 16.9066 1085.25
Ring: -3.3445 104.946 1167.87
Little: -22.6782 58.3593 1083.45
Thumb: 91.7457 94.1524 1129.37
Index: 37.1316 64.9062 1117.45
Middle: -21.7283 19.6275 1089.28
Ring: -7.9453 107.288 1171.58
Little: -28.8496 61.4541 1087.97
Thumb: 87.3739 94.5556 1128.31
Index: 30.9786 64.854 1119.59
Middle: -26.7639 18.6557 1091.83
Ring: -13.5258 118.178 1171.74
Little: -35.4053 61.2329 1090.25
Thumb: 85.2904 94.0591 1130.57
Index: 15.6821 47.6402 1129.32
Middle: -31.2193 16.6892 1095.1
Ring: -20.213 106.253 1176.02
Little: -40.3211 58.5782 1093.21
Thumb: 81.07 96.369 1137.28
Index: -2.60017 25.9198 1132.15
Middle: -34.2592 15.8656 1095.3
Ring: -32.0533 104.681 1175.61
Little: -44.689 57.5404 1092.85
Thumb: 67.6694 96.7884 1159.64
Index: -22.1693 31.3062 1136.53
Middle: -35.5941 15.1599 1099.9
Ring: -53.8215 102.987 1166.24
Little: -48.3072 60.1551 1087.03
Thumb: 92.8272 133.994 1206.98
Index: -37.795 58.5557 1126.95
Middle: -40.5908 15.6053 1099.69
Ring: -30.6725 25.6662 1104.18
Little: -40.3278 57.888 1073.91
Thumb: 58.3903 174.327 1232.01
Index: -31.9225 80.0992 1135.01
Middle: -43.7879 17.5249 1105.02
Ring: -37.8623 29.8373 1106.68
Little: -33.7384 57.5054 1071.38
Thumb: 55.8092 164.075 1221.49
Index: -28.9963 91.9655 1136.04
Middle: -48.7546 25.9536 1112.55
Ring: -37.8954 35.1281 1110.37
Little: -31.3182 58.5369 1071.67
Thumb: 58.7661 176.706 1221.75
Index: -55.3266 44.1904 1107.83
Middle: -54.1502 25.4501 1114.86
Ring: -43.133 34.9478 1110.53
Little: -39.1818 61.415 1073.74
Thumb: 57.4197 179.408 1216.93
Index: -67.0835 43.1057 1147.75
Middle: -58.1336 26.9248 1115.23
Ring: -48.9553 36.945 1109.16
Little: -39.8993 61.2628 1071.85
Thumb: -56.6211 170.627 1204.01
Index: -75.3918 50.9367 1150.37
Middle: -59.7407 26.8198 1115.46
Ring: -53.7738 37.839 1106.9
Little: -39.7019 61.0694 1072.01
Thumb: -74.8311 163.574 1186.92
Index: -79.5495 55.3236 1150.11
Middle: -62.3984 29.5755 1117.26
Ring: -54.7157 37.6632 1094.61
Little: -38.973 61.673 1072.91
Thumb: -82.9674 169.165 1177.13
Index: -85.7526 64.4997 1145.87
Middle: -63.6652 33.1855 1114.14
Ring: -55.6895 40.7639 1093.37
Little: -38.4833 63.5646 1083.38
Thumb: 11.9968 224.815 1128.49
Index: 92.6186 158.348 1099.47
Middle: 103.091 135.408 1061.5
Ring: 55.6979 127.144 1147.6
Little: 65.4482 117.718 1058.14
Thumb: -11.8679 243.794 1122.01
Index: 76.0153 147.214 1078.81
Middle: 85.1849 145.757 1113.95
Ring: 69.8847 149.773 1066.67
Little: 43.5094 107.691 1092.66
Thumb: -11.3984 240.651 1118.16
Index: 77.036 138.444 1082.98
Middle: 89.6521 137.242 1113.49
Ring: 71.1376 144.321 1056.9
Little: 35.3617 101.243 1103.37
Thumb: -15.5036 257.699 1110.03
Index: 75.8931 135.843 1079.16
Middle: 74.9058 132.909 1136.59
Ring: 74.7215 141.786 1069.32
Little: 40.9356 101.887 1102.18
Thumb: -21.0508 244.956 1114.97
Index: 64.116 149.807 1119.12
Middle: 14.8191 148.494 1178.37
Ring: 74.2412 139.661 1076.51
Little: -7.40149 90.4038 1147.22
Thumb: -35.1408 255.17 1126.28
Index: 77.6882 132.983 1103.69
Middle: 8.10681 150.38 1182.12
Ring: 77.2051 135.619 1096.27
Little: -1.42448 95.2249 1159.41
Thumb: -22.5618 245.833 1117.08
Index: 80.9185 145.796 1122.94
Middle: 2.68352 147.594 1182.02
Ring: 78.6725 134.978 1089.53
Little: -1.42359 95.5362 1161.2
Thumb: -40.3808 256.794 1118.89
Index: 77.9318 138.42 1127.8
Middle: 34.398 148.936 1178.12
Ring: 79.5843 130.09 1101.18
Little: -8.61193 94.9005 1161.02
Thumb: -24.8968 248.976 1113.01
Index: 64.5866 154.987 1155.47
Middle: 18.2802 150.147 1174.42
Ring: 42.8261 131.073 1170.92
Little: -9.85581 97.2014 1165.22
Thumb: -35.7171 252.121 1111.93
Index: 56.7546 161.884 1162.29
Middle: 32.7451 147.506 1176.33
Ring: 70.9462 133.327 1140.68
Little: -6.88024 99.2487 1166.9
Thumb: -40.4626 253.986 1105.97
Index: 53.5636 156.452 1164.12
Middle: 52.7193 136.412 1166.89
Ring: 76.2369 130.419 1127.89
Little: -19.326 97.9749 1162.01
Thumb: -39.5829 254.678 1099.75
Index: 40.8158 166.297 1169.84
Middle: 20.5918 150.943 1148.8
Ring: 1.39707 134.665 1183.58
Little: -5.70468 101.431 1166.46
Thumb: -46.8192 257.511 1099.55
Index: 35.7631 167.774 1170.69
Middle: 16.0767 149.143 1134.56
Ring: 0.494164 135.446 1182.5
Little: -3.75737 102.582 1164.72
Thumb: -34.4357 253.945 1089.13
Index: 20.5328 181.489 1169.22
Middle: 30.1503 147.774 1124.87
Ring: 0.088002 136.417 1179.9
Little: -5.75568 103.247 1162.67
Thumb: -30.3409 249.306 1085.8
Index: 18.5618 180.147 1168.73
Middle: 28.2574 146.558 1117.39
Ring: -0.19692 133.618 1177.55
Little: -11.3485 99.9573 1159.74
Thumb: -33.1192 261.226 1083.63
Index: 22.8966 178.605 1167.5
Middle: 27.205 148.712 1117.4
Ring: -1.86784 135.566 1175.74
Little: -10.7375 102.364 1157.96
Thumb: -38.9974 274.187 1075.28
Index: 27.112 178.043 1164.57
Middle: 27.5615 151.715 1115.97
Ring: -0.688655 136.811 1174.42
Little: -9.27461 103.289 1156.91
Thumb: -45.4538 276.609 1069.27
Index: 29.9945 177.489 1162.84
Middle: 29.6088 152.363 1116.56
Ring: 0.240793 136.236 1172.74
Little: -8.09311 102.802 1155.21
Thumb: -44.7994 276.827 1069.2
Index: 31.3705 177.061 1160.85
Middle: 30.2964 153.675 1111.31
Ring: 1.61604 137.098 1170.67
Little: -7.17113 103.624 1152.88
Thumb: -55.842 279.102 1069.6
Index: 23.721 182.231 1159.18
Middle: 34.4941 153.823 1117.03
Ring: 3.08658 136.014 1168.85
Little: -5.66871 102.755 1150.92
Thumb: -65.1735 280.831 1064.84
Index: 22.2705 185.599 1158.82
Middle: 32.7515 152.966 1109.06
Ring: 3.60474 136.637 1167.74
Little: -8.11438 103.206 1149.78
Thumb: -49.6646 278.555 1058.01
Index: 26.9621 186.886 1158.22
Middle: 33.5534 154.299 1106.51
Ring: 6.24296 137.872 1167.14
Little: -4.89767 104.132 1149.31
Thumb: -69.7166 279.867 1060.07
Index: 24.2312 190.74 1157.24
Middle: 33.7156 156.798 1105.63
Ring: 8.03143 141.103 1167.25
Little: -0.519104 107.201 1150.23
Thumb: -73.5034 280.237 1062.5
Index: 26.9817 192.144 1157.47
Middle: 35.2882 157.707 1106.04
Ring: 10.7644 142.515 1167.51
Little: 1.51647 108.351 1150.53
Thumb: -59.1474 277.392 1057.96
Index: 28.0364 194.732 1157.27
Middle: 55.078 164.188 1115.02
Ring: 9.8737 144.571 1168.9
Little: 4.99663 110.468 1152.64
Thumb: -62.7699 278.822 1063.33
Index: 24.6806 198.422 1156.88
Middle: 56.9971 166.708 1114.3
Ring: 14.8491 148.145 1169.13
Little: 8.10047 113.152 1153.7
Thumb: -82.8217 277.712 1071.94
Index: 29.0081 198.585 1156.59
Middle: 75.4071 166.053 1108.38
Ring: 14.7411 147.976 1169.92
Little: -0.917928 110.254 1150.85
Thumb: -74.6295 274.972 1062.57
Index: 33.098 198.882 1156.02
Middle: 76.6758 166.288 1110.83
Ring: 15.8594 148.648 1171.03
Little: 1.31384 110.519 1152.98
Thumb: -50.2636 274.616 1068.64
Index: 80.3778 193.99 1130.46
Middle: 18.7794 165.215 1147.28
Ring: 17.4407 147.744 1171.84
Little: 4.12436 109.274 1153.08
Thumb: -1.25158 246.086 1100.5
Index: 81.3552 194.191 1131.72
Middle: 24.0811 165.321 1160.88
Ring: 17.4133 144.352 1172.99
Little: 14.7974 108.725 1157.21
Thumb: -10.0545 246.03 1103.68
Index: 38.5028 192.65 1166.65
Middle: 34.8214 165.137 1182
Ring: 28.6856 141.274 1178.32
Little: 27.1017 107.103 1162.21
Thumb: 4.93494 221.917 1109.89
Index: 43.3231 189.801 1169.23
Middle: 41.0834 161.552 1184.36
Ring: 36.1382 138.239 1180.47
Little: 33.5574 103.59 1164.24
Thumb: 10.5078 233.516 1111.9
Index: 48.5307 188.125 1170.66
Middle: 46.3877 159.649 1185.32
Ring: 38.3625 135.262 1181.18
Little: 38.7512 102.081 1164.26
Thumb: -2.43257 255.743 1098.19
Index: 49.2077 191.549 1171.17
Middle: 49.3646 162.964 1185.72
Ring: 44.3036 138.382 1181.53
Little: 46.2053 104.978 1164.49
Thumb: 7.95047 249.667 1098.96
Index: 56.0351 192.087 1169.29
Middle: 56.493 164.001 1184.82
Ring: 54.8551 140.777 1181.2
Little: 52.9633 105.028 1165.7
Thumb: 2.90521 251.808 1097.69
Index: 59.5134 191.87 1168.84
Middle: 60.5852 163.871 1184.49
Ring: 58.3233 140.335 1181.05
Little: 59.9646 105.214 1165.42
Thumb: -17.6449 253.64 1082.6
Index: 67.7402 188.579 1170.25
Middle: 65.2402 161.71 1185.65
Ring: 63.6955 138.591 1181.86
Little: 63.0474 102.688 1166.15
Thumb: 37.9527 218.162 1110.68
Index: 71.2567 190.005 1169.33
Middle: 69.6718 162.759 1184.87
Ring: 70.0933 139.641 1181.08
Little: 66.5328 102.816 1165.5
Thumb: 39.1757 217.191 1110.02
Index: 75.5593 190.82 1167.67
Middle: 75.814 163.608 1183.27
Ring: 76.7713 140.568 1179.57
Little: 74.5019 103.712 1164.23
Thumb: 41.0942 216.952 1110.53
Index: 79.572 191.018 1168.92
Middle: 79.9819 163.556 1183.89
Ring: 82.0597 140.596 1179.6
Little: 81.028 104.111 1163.33
Thumb: 47.2553 215.772 1109.6
Index: 85.6109 190.696 1169.96
Middle: 85.5362 163.619 1184.7
Ring: 86.029 140.338 1180.34
Little: 89.5398 105.747 1163.47
Thumb: 52.2731 217.032 1110.77
Index: 91.3313 190.047 1171.35
Middle: 91.2983 162.983 1185.86
Ring: 93.4918 140.15 1181.14
Little: 95.7408 105.238 1164.07
Thumb: 60.5671 213.051 1111.26
Index: 99.3926 188.467 1171.53
Middle: 99.032 161.511 1186.01
Ring: 101.841 138.258 1181.28
Little: 104.279 103.442 1164.15
Thumb: 66.9378 214.791 1109.49
Index: 107.683 187.841 1170.63
Middle: 107.165 161.001 1185.41
Ring: 106.077 137.725 1181.02
Little: 109.305 103.159 1164.04
Thumb: 75.0013 212.267 1109.3
Index: 113.306 187.114 1169.9
Middle: 110.438 160.94 1185.16
Ring: 108.068 136.725 1181.09
Little: 112.198 102.575 1164.63
Thumb: 77.6683 211.319 1113.39
Index: 114.061 187.091 1170.11
Middle: 115.793 159.406 1185.14
Ring: 115.065 135.841 1181.16
Little: 116.363 101.098 1164.75
Thumb: 84.5597 214.629 1117.68
Index: 119.265 188.842 1168.7
Middle: 120.889 160.333 1184.06
Ring: 120.804 136.784 1180.24
Little: 115.845 101.049 1165.02
Thumb: 87.7519 217.303 1114.12
Index: 167.911 167.281 1139.52
Middle: 136.451 159.967 1176.28
Ring: 166.229 147.63 1148.9
Little: 161.881 110.072 1090.36
Thumb: 94.2795 218.352 1114.83
Index: 176.437 132.58 1070.2
Middle: 145.472 156.233 1171.24
Ring: 170.125 140.895 1141.86
Little: 156.281 102.938 1082.53
Thumb: 104.13 221.899 1113.73
Index: 182.448 136.379 1080.92
Middle: 195.527 152.886 1097.61
Ring: 152.418 136.72 1147.17
Little: 159.603 104.961 1090.39
Thumb: 105.926 223.958 1112.18
Index: 172.425 162.052 1109.65
Middle: 121.244 152.834 1153.15
Ring: 133.3 133.269 1133.83
Little: 125.476 101.848 1153.05
Thumb: 105.937 227.362 1112.36
Index: 167.549 166.167 1101.49
Middle: 123.785 156.234 1146.04
Ring: 137.838 137.579 1132.37
Little: 129.489 105.377 1149.72
Thumb: 105.598 224.699 1106.81
Index: 140.958 182.945 1102.16
Middle: 160.31 164.371 1134.84
Ring: 149.97 142.275 1112.1
Little: 141.266 108.684 1138.11
Thumb: 102.852 227.514 1107.87
Index: 142.298 174.489 1083.73
Middle: 148.592 162.66 1135.96
Ring: 151.979 146.72 1089.15
Little: 154.376 114.94 1109.85
Thumb: 102.837 227.913 1105.19
Index: 133.976 179.133 1083.22
Middle: 142.573 172.43 1146.52
Ring: 150.692 154.329 1033.11
Little: 149.607 113.769 1118.48
Thumb: 103.327 230.105 1106.4
Index: 131.392 179.517 1080.78
Middle: 126.382 173.365 1144.9
Ring: 150.019 152.306 1060.26
Little: 149.294 116.952 1085.7
Thumb: 119.193 179.825 1099.25
Index: 131.509 178.919 1081.13
Middle: 135.143 175.189 1148.48
Ring: 142.813 153.426 1041.75
Little: 143.829 117.733 1074.65
Thumb: 121.224 193.626 1094.65
Index: 134.595 183.414 1083.12
Middle: 162.48 161.237 1119.02
Ring: 139.479 158.953 1053.44
Little: 146.599 120.286 1084.94
Thumb: 119.085 176.808 1097.09
Index: 145.517 172.591 1054.77
Middle: 173.789 160.76 1055.19
Ring: 139.024 164.403 1053.66
Little: 126.65 123.528 1080.4
Thumb: 111.458 167.501 1103.44
Index: 136.411 184.028 1079.43
Middle: 174.287 161.05 1055.78
Ring: 136.631 164.103 1047.78
Little: 125.168 123.208 1077.03
Thumb: 110.682 167.195 1108.23
Index: 143.665 172.629 1061.18
Middle: 178.61 153.899 1109.74
Ring: 136.171 165.216 1048.21
Little: 125.83 126.59 1068.92
Thumb: 112.117 180.932 1096.74
Index: 144.184 177.63 1074.29
Middle: 177.365 151.724 1115.5
Ring: 136.596 166.758 1048.38
Little: 124.993 126.611 1071.82
Thumb: 107.531 176.815 1102.21
Index: 134.891 185.49 1089.98
Middle: 174.536 152.483 1126.97
Ring: 135.131 163.543 1052.07
Little: 124.757 127.216 1066.9
Thumb: 107.48 173.216 1106.66
Index: 143.799 174.978 1076.65
Middle: 172.842 154.318 1130.5
Ring: 132.969 161.855 1052.57
Little: 121.517 127.876 1062.47
Thumb: 113.839 183.325 1105.63
Index: 136.327 180.42 1084.61
Middle: 170.098 156.016 1135.09
Ring: 125.074 168.24 1028.41
Little: 121.579 126.402 1063.4
Thumb: 109.633 176.922 1108.31
Index: 127.558 182.818 1084.05
Middle: 175.118 139.829 1085.32
Ring: 125.587 167.226 1028.81
Little: 122.516 124.528 1066.88
Thumb: 105.105 170.933 1114.66
Index: 152.451 196.002 1138.7
Middle: 179.318 154.526 1109.64
Ring: 127.022 161.529 1029.65
Little: 123.044 119.78 1071.48
Thumb: 100.558 166.247 1119.24
Index: 162.613 185.754 1136.33
Middle: 171.813 151.756 1134.9
Ring: 128.499 160.673 1030.41
Little: 124.852 118.985 1072.36
Thumb: 99.2283 166.193 1120.86
Index: 156.923 184.114 1138.69
Middle: 159.322 144.95 1152.44
Ring: 133.271 152.542 1032.22
Little: 126.046 112.899 1076.15
Thumb: 102.199 169.296 1125.42
Index: 176.843 169.546 1095.37
Middle: 167.679 144.872 1144.73
Ring: 146.02 142.769 1055.87
Little: 125.757 109.976 1078.51
Thumb: 106.902 170.097 1122.43
Index: 156.316 177.019 1144.07
Middle: 166.317 144.019 1147.67
Ring: 144.01 134.466 1088.52
Little: 126.078 107.503 1077.94
Thumb: 129.824 174.122 1120.53
Index: 162.556 163.348 1139.22
Middle: 153.688 136.21 1159.38
Ring: 128.525 118.16 1100.09
Little: 107.435 94.2914 1113.56
Thumb: 152.283 227.363 1138.21
Index: 141.24 162.366 1132.29
Middle: 133.105 138.602 1161.72
Ring: 116.814 114.602 1108.33
Little: 90.8852 100.098 1166.45
Thumb: 152.541 219.138 1139.04
Index: 138.663 161.308 1147.93
Middle: 157.273 121.779 1129.92
Ring: 86.2374 125.435 1132.99
Little: 87.6915 98.6442 1167.6
Thumb: 151.875 191.517 1113.2
Index: 126.173 182.766 1127.78
Middle: 129.841 132.764 1156.17
Ring: 80.1752 123.88 1134.56
Little: 82.4254 98.8728 1171.07
Thumb: 155.947 194.493 1111.04
Index: 116.938 169.41 1106.43
Middle: 125.869 133.865 1158.77
Ring: 87.2668 125.242 1154.65
Little: 81.1658 98.2754 1168.66
Thumb: 147.666 222.74 1133.99
Index: 116.382 171.961 1114.69
Middle: 140.711 121.801 1146.45
Ring: 82.7933 122.924 1152.04
Little: 76.4465 96.2436 1166.6
Thumb: 140.951 231.088 1135.22
Index: 105.956 167.318 1129.24
Middle: 136.019 123.216 1142.6
Ring: 80.4175 122.323 1149.19
Little: 75.6449 94.349 1162.61
Thumb: 134.773 229.853 1133.21
Index: 129.019 157.602 1144.58
Middle: 120.137 130.301 1148.13
Ring: 83.0881 119.296 1150.24
Little: 75.756 91.6732 1159.71
Thumb: 117.197 251.406 1129.59
Index: 133.285 156.613 1141.08
Middle: 148.725 117.861 1102.36
Ring: 116.769 109.714 1147.9
Little: 76.9823 89.5277 1155.77
Thumb: 122.506 233.102 1127.84
Index: 121.238 165.433 1141.63
Middle: 148.411 114.71 1109.8
Ring: 72.6996 117.818 1139
Little: 73.8339 88.5318 1154.98
Thumb: 120.543 188 1117.37
Index: 119.62 165.525 1140.98
Middle: 129.94 123.824 1133.24
Ring: 92.9324 112.947 1139.43
Little: 71.5133 89.5834 1154.91
Thumb: 133.467 209.495 1112.87
Index: 134.321 152.795 1134.04
Middle: 122.761 121.335 1126.39
Ring: 67.689 119.674 1141.63
Little: 65.8847 92.0318 1157.35
Thumb: 122.84 188.989 1100.75
Index: 158.633 113.329 1070.68
Middle: 115.852 117.693 1122.91
Ring: 64.4498 113.906 1132.8
Little: 50.4015 96.0249 1159.43
Thumb: 114.219 188.152 1094.18
Index: 114.59 137.617 1096.63
Middle: 96.3504 118.07 1108.58
Ring: 60.538 113.467 1126.5
Little: 47.7895 97.0277 1156.79
Thumb: 100.893 198.833 1059.23
Index: 131.339 98.0713 1081.34
Middle: 93.3561 102.425 1083.48
Ring: 73.0741 117.651 1145.18
Little: 45.1754 98.5966 1156.43
Thumb: 88.5103 203.439 1046.59
Index: 124.326 71.8585 1067.43
Middle: 110.508 91.4802 1088.14
Ring: 74.1681 117.128 1146.14
Little: 43.5242 100.697 1158.44
Thumb: 87.4349 208.552 1039.04
Index: 98.2667 155.739 1101.66
Middle: 89.3985 114.008 1115.75
Ring: 66.1953 121.217 1149.81
Little: 41.4234 101.44 1159.87
Thumb: 83.4226 205.149 1040.37
Index: 84.4365 150.926 1108.38
Middle: 99.5032 100.544 1107.73
Ring: 70.1757 120.35 1154.32
Little: 39.9247 101.302 1161.1
Thumb: 48.6581 241.037 1023.54
Index: 108.992 148.592 1115.43
Middle: 81.0564 113.93 1117.43
Ring: 81.2261 115.312 1157.78
Little: 38.4053 101.936 1162.52
Thumb: 59.7064 234.171 1018.98
Index: 100.645 153.536 1112.76
Middle: 100.516 110.713 1128.31
Ring: 64.0884 121.845 1154.42
Little: 37.9231 102.517 1163.56
Thumb: 64.6825 228.378 1015.78
Index: 109.29 127.839 1103.24
Middle: 99.1629 111.317 1127.08
Ring: 74.7762 119.369 1156.58
Little: 37.2389 103.372 1162.08
Thumb: 54.0978 233.429 1017.13
Index: 104.66 124.756 1099.23
Middle: 89.9399 114.114 1125.87
Ring: 65.4465 121.122 1154.34
Little: 33.2285 102.787 1161.05
Thumb: 51.5864 234.741 1014.77
Index: 106.485 121.192 1092.92
Middle: 91.7334 113.035 1121.2
Ring: 60.9876 123.312 1150.15
Little: 33.5984 104.466 1159.78
Thumb: 50.4735 234.388 1011.61
Index: 106.251 124.128 1102.13
Middle: 61.9731 131.724 1129.13
Ring: 59.4495 122.93 1151.51
Little: 30.8201 105.749 1161.53
Thumb: 42.2872 236.641 1013.92
Index: 112.226 106.071 1087.25
Middle: 60.6206 134.244 1128.57
Ring: 74.8562 118.946 1155.69
Little: 28.5002 108.613 1161.47
Thumb: 69.0086 195.723 1030.99
Index: 105.664 85.9316 1055.03
Middle: 61.8028 137.453 1132.9
Ring: 72.2779 121.99 1155.67
Little: 26.2727 110.844 1161.86
Thumb: 70.138 193.245 1036.43
Index: 100.933 79.358 1057.26
Middle: 73.1401 133.802 1128.71
Ring: 70.4707 124.124 1154.5
Little: 26.7268 111.318 1160.81
Thumb: 68.8197 193.883 1034.51
Index: 101.893 79.4234 1058.29
Middle: 73.3078 130.719 1128.01
Ring: 72.2104 123.87 1153.13
Little: 27.327 111.509 1159.78
Thumb: 67.9377 197.646 1027.53
Index: 102.97 82.4033 1053.86
Middle: 70.3369 133.251 1126.02
Ring: 71.4677 126.245 1152.48
Little: 27.7071 112.807 1158.98
Thumb: 67.0693 198.517 1032.1
Index: 103.567 91.5475 1050.51
Middle: 68.2377 133.248 1124.07
Ring: 82.0191 118.88 1149.43
Little: 25.5308 112.04 1156.43
Thumb: 66.792 200.651 1028.62
Index: 93.0965 106.556 1069.24
Middle: 77.2148 128.182 1122.65
Ring: 89.7629 111.245 1143.72
Little: 28.4831 110.418 1156
Thumb: 66.6777 204.44 1025.57
Index: 95.8479 107.95 1064.67
Middle: 79.1659 127.657 1122.36
Ring: 88.6679 112.406 1143.98
Little: 28.5911 111.246 1155.51
Thumb: 63.9777 207.686 1024.52
Index: 63.5952 143.942 1084.21
Middle: 61.7053 126.492 1110.21
Ring: 88.928 111.736 1143.17
Little: 25.922 110.998 1153.65
Thumb: 57.9012 220.494 1002.28
Index: 65.9179 137.819 1081.13
Middle: 59.7875 121.436 1105.47
Ring: 84.8142 114.008 1147.29
Little: 36.8893 102.476 1152.09
Thumb: 64.5249 212.353 1004.09
Index: 77.7402 123.2 1073.81
Middle: 56.5705 132.081 1117.34
Ring: 82.8536 114.864 1150.66
Little: 39.1566 98.7981 1150.7
Thumb: 77.7331 228.363 1015.99
Index: 93.4958 110.921 1081.02
Middle: 71.125 130.234 1135.49
Ring: 72.8319 118.688 1160.14
Little: 35.3505 88.2513 1142.4
Thumb: 54.4753 250.04 1021.19
Index: 117.27 91.2868 1073.77
Middle: 67.3118 139.236 1142.98
Ring: 64.1926 127.5 1163.54
Little: 38.0583 88.6573 1143.41
Thumb: 91.0074 229.403 1027.96
Index: 121.06 94.8941 1079.18
Middle: 70.5929 142.812 1157.18
Ring: 56.483 131.92 1168.33
Little: 38.9425 86.5137 1142.34
Thumb: 94.5596 226.6 1043.63
Index: 128.873 98.6715 1084.02
Middle: 75.543 138.462 1166.82
Ring: 55.3358 128.564 1173.85
Little: 43.4758 79.8753 1138.86
Thumb: -10.448 272.34 1109.94
Index: 112.047 171.123 1104.1
Middle: 76.3326 151.482 1168.74
Ring: 56.9375 129.085 1169.88
Little: 99.459 89.4956 1084.73
Thumb: -19.424 270.087 1107.6
Index: 137.314 166.772 1104.27
Middle: 92.979 148.594 1164.85
Ring: 62.6071 130.148 1179.2
Little: 43.2552 97.4512 1166.14
Thumb: -5.62703 270.667 1100.01
Index: 121.786 162.371 1115.62
Middle: 77.1458 154.825 1168.14
Ring: 60.4784 136.685 1184.15
Little: 41.6877 102.376 1171.8
Thumb: 21.6039 269.41 1097.36
Index: 107.522 170.305 1124.26
Middle: 67.9127 153.905 1174.43
Ring: 62.6676 135.619 1189.34
Little: 57.523 102.07 1176.01
Thumb: 19.6072 263.423 1102.04
Index: 104.345 166.903 1128.28
Middle: 68.9907 152.929 1180.96
Ring: 59.8455 133.705 1193.45
Little: 55.0922 99.9554 1180.11
Thumb: -2.00307 264.549 1109.28
Index: 102.378 165.639 1133.64
Middle: 65.6789 149.227 1181.26
Ring: 58.8524 130.279 1195.46
Little: 54.8359 96.6976 1181.29
Thumb: 10.2678 243.863 1118.47
Index: 95.8555 151.081 1137.01
Middle: 77.6928 141.642 1179.39
Ring: 58.3041 122.207 1196.34
Little: 52.5511 89.1618 1180.89
Thumb: 30.9906 232.667 1116.53
Index: 84.8944 152.079 1141.35
Middle: 72.7121 136.492 1182.8
Ring: 55.6926 116.281 1197.07
Little: 50.2862 83.8427 1180.05
Thumb: 44.7332 228.197 1111.05
Index: 84.8806 150.985 1140.55
Middle: 99.5488 130.949 1169.83
Ring: 57.4451 106.908 1195.08
Little: 47.7642 75.2282 1175.34
Thumb: 49.0153 220.643 1111.2
Index: 80.6497 142.418 1138.16
Middle: 122.646 130.135 1135.32
Ring: 56.4852 100.642 1192.76
Little: 48.8929 70.0542 1171.31
Thumb: 55.2672 208.788 1108.31
Index: 76.0547 142.909 1135.56
Middle: 88.6605 125.687 1139.15
Ring: 50.3089 95.5644 1189.68
Little: 47.1625 66.5847 1166.69
Thumb: 55.1597 218.857 1101.16
Index: 72.7732 142.329 1135.38
Middle: 85.7948 124.512 1136.24
Ring: 51.5208 91.9636 1187.05
Little: 46.9351 63.7979 1162.39
Thumb: 31.1268 226.522 1098.54
Index: 71.1394 142.783 1135.15
Middle: 98.2093 127.55 1138.06
Ring: 48.2913 89.8363 1184.68
Little: 50.8986 63.4854 1159.2
Thumb: 31.9947 223.802 1096.96
Index: 69.6926 141.394 1135.33
Middle: 104.208 127.827 1139.34
Ring: 46.0143 86.7237 1182.89
Little: 49.1457 61.5 1156.37
Thumb: 29.3424 224.346 1097.31
Index: 67.1718 143.101 1135.64
Middle: 105.69 129.476 1140.59
Ring: 46.3023 86.5707 1181.49
Little: 50.6701 61.9157 1154.6
Thumb: 29.0208 222.805 1098.01
Index: 66.8901 141.508 1133.45
Middle: 103.918 127.156 1138.25
Ring: 45.9758 83.0382 1177.65
Little: 47.5417 58.7441 1150.33
Thumb: 31.1551 220.659 1098.8
Index: 65.1798 142.048 1132.95
Middle: 95.6916 125.73 1132.82
Ring: 35.1078 79.7719 1171.31
Little: 46.9668 57.5973 1147.2
Thumb: 31.0195 220.914 1097.25
Index: 64.8858 142.693 1130.37
Middle: 92.2864 126.591 1128.35
Ring: 29.8038 79.6091 1165.65
Little: 46.8287 58.1624 1144.21
Thumb: 28.9782 221.751 1095.48
Index: 61.8448 144.114 1127.81
Middle: 107.166 128.456 1129.82
Ring: 30.1145 80.1439 1163.02
Little: 45.6547 58.47 1140.87
Thumb: 30.1567 221.531 1094.2
Index: 61.3379 144.442 1125.57
Middle: 116.105 131.831 1125.27
Ring: 30.2463 81.3432 1162.52
Little: 45.1494 59.6603 1139.37
Thumb: 52.1291 203.678 1094.19
Index: 58.2003 145.8 1122.84
Middle: 108.39 133.004 1123.41
Ring: 25.5488 81.3387 1157.46
Little: 44.7335 60.3252 1136.63
Thumb: 51.9641 203.501 1092.62
Index: 56.34 147.033 1121.09
Middle: 105.741 132.132 1121.77
Ring: 25.7675 82.4836 1156.28
Little: 42.6025 60.8891 1134.78
Thumb: 51.3535 202.712 1089.9
Index: 56.7068 147.388 1116.15
Middle: 106.849 132.826 1113.62
Ring: 22.7731 83.2589 1150.67
Little: 42.7928 61.7215 1131.32
Thumb: 53.8966 144.578 1096.46
Index: 55.4734 148.064 1114.35
Middle: 110.039 136.008 1109.31
Ring: 26.3205 84.0441 1151.86
Little: 42.7858 62.2948 1130.23
Thumb: 53.9825 144.786 1090.71
Index: 58.3025 145.262 1120.9
Middle: 101.426 133.166 1108.68
Ring: 20.8136 84.3607 1148.07
Little: 40.9846 62.411 1129.32
Thumb: 53.0172 146.222 1089.29
Index: 53.6396 146.674 1140.4
Middle: 84.2637 130.28 1113.79
Ring: 28.4835 86.534 1152.95
Little: 40.3072 63.7981 1129.47
Thumb: 53.3226 146.626 1088.7
Index: 76.5804 131.218 1152.62
Middle: 75.9766 127.62 1116.54
Ring: 30.2673 88.3701 1155.6
Little: 37.9598 64.2083 1131.35
Thumb: 52.1108 147.511 1088.9
Index: 83.2557 130.711 1148.82
Middle: 117.315 140.807 1098.7
Ring: 29.7229 88.6645 1155.62
Little: 37.5023 64.4561 1131.45
Thumb: 50.4622 145.332 1089.41
Index: 67.9819 139.432 1158.85
Middle: 118.336 141.357 1097.11
Ring: 30.6474 88.8173 1155.89
Little: 37.2779 64.4027 1131.48
Thumb: 52.6701 146.926 1090.64
Index: 64.4239 140.488 1160.7
Middle: 120.612 140.282 1098.35
Ring: 27.2243 89.7927 1158.46
Little: 34.6801 64.8139 1134.9
Thumb: 50.8534 147.034 1092.67
Index: 63.8273 142.448 1163.78
Middle: 112.941 138.052 1110.76
Ring: 25.1292 91.4341 1161.34
Little: 34.0767 66.0968 1138.97
Thumb: 51.4233 147.66 1098.29
Index: 52.2007 145.989 1172.5
Middle: 111.07 134.986 1119.7
Ring: 27.2907 92.567 1169.04
Little: 31.0519 65.9127 1145.92
Thumb: 51.4958 146.472 1104.09
Index: 59.1003 144.869 1177.32
Middle: 107.525 134.851 1128.26
Ring: 30.8327 94.5047 1176.9
Little: 32.6287 67.3137 1153.7
Thumb: 51.4692 145.903 1107.82
Index: 61.4087 146.041 1182.52
Middle: 112.081 137.986 1128.72
Ring: 32.1337 95.4691 1182.75
Little: 34.318 68.3841 1159.94
Thumb: 52.1333 145.554 1110.91
Index: 71.1878 144.727 1171.59
Middle: 100.381 132.966 1138.04
Ring: 31.6135 99.6143 1188.64
Little: 28.4798 70.1056 1169.39
Thumb: 56.539 145.19 1110.48
Index: 71.2673 145.611 1150.51
Middle: 110.408 129.411 1128.72
Ring: 45.7316 105.272 1193.37
Little: 23.0367 72.952 1175.53
Thumb: 59.0343 141.431 1113.94
Index: 72.2358 152.069 1150.24
Middle: 100.814 127.333 1144.47
Ring: 31.8948 110.201 1192.42
Little: 23.2393 79.079 1180.95
Thumb: 59.8782 145.768 1114.67
Index: 85.2892 133.018 1125.54
Middle: 117.812 130.14 1125.68
Ring: 35.4599 114.365 1195.06
Little: 32.0506 83.3059 1186.34
Thumb: 61.8441 152.207 1115.75
Index: 80.9744 145.993 1125.78
Middle: 65.8498 144.288 1193.24
Ring: 42.8804 121.53 1198.57
Little: 40.0782 89.8721 1191.04
Thumb: 69.4587 148.82 1120.81
Index: 104.501 124.092 1123.01
Middle: 93.2553 148.018 1198.01
Ring: 46.1538 126.581 1200.97
Little: 35.4493 94.9207 1194.08
Thumb: 68.0676 144.718 1139.79
Index: 119.952 109.315 1129.52
Middle: 96.124 157.263 1199.42
Ring: 57.0408 139.07 1206
Little: 40.9561 106.803 1201.68
Thumb: 70.1835 145.699 1144.54
Index: 112.278 144.115 1148.89
Middle: 102.554 156.913 1198.52
Ring: 59.4235 141.108 1205.54
Little: 44.2816 109.425 1202.82
Thumb: 73.8965 148.121 1141.11
Index: 102.741 157.649 1137.82
Middle: 102.136 163.18 1195.94
Ring: 67.9538 151.296 1199.06
Little: 51.2816 111.214 1200.83
Thumb: 76.2922 148.617 1137.31
Index: 101.015 153.515 1128.13
Middle: 108.134 161.708 1194.36
Ring: 72.0226 150.994 1197.13
Little: 54.1334 111.241 1199.93
Thumb: 79.9232 148.714 1134.68
Index: 110.568 150.06 1129.2
Middle: 113.203 161.923 1193.69
Ring: 83.4668 150.207 1198.7
Little: 55.4939 111.925 1197.57
Thumb: 82.3513 149.583 1134.17
Index: 117.575 142.57 1121.56
Middle: 126.051 153.951 1186.18
Ring: 95.9275 145.495 1196.04
Little: 61.7523 109.309 1193.94
Thumb: 85.5417 146.777 1135.34
Index: 126.626 147.731 1110.91
Middle: 112.251 161.508 1181.67
Ring: 88.2157 147.058 1187.81
Little: 68.1562 114.061 1184.35
Thumb: 86.606 147.299 1130.77
Index: 146.194 129.292 1106.16
Middle: 150.376 99.3405 1109.41
Ring: 96.1703 145.789 1179.43
Little: 71.826 111.735 1172.9
Thumb: 86.8944 147.148 1126.21
Index: 132.116 151.447 1109.51
Middle: 139.91 108.1 1103.02
Ring: 111.371 140.256 1175.51
Little: 74.2293 109.002 1166.28
Thumb: 84.3376 136.453 1122.69
Index: 116.707 155.86 1098.22
Middle: 133.342 111.974 1104.72
Ring: 125.339 134.26 1168.6
Little: 78.6704 105.431 1165.41
Thumb: 87.7205 134.3 1118.55
Index: 118.685 155.607 1097.81
Middle: 147.513 89.5738 1081.71
Ring: 127.219 131.451 1166.22
Little: 78.9948 93.4272 1162.68
Thumb: 84.5159 133.444 1117.57
Index: 117.817 152.595 1095.16
Middle: 141.063 93.2946 1088.93
Ring: 128.391 128.56 1163.81
Little: 92.7183 94.2155 1164.56
Thumb: 85.0011 130.695 1111.36
Index: 118.638 150.736 1092.53
Middle: 148.688 78.303 1082.3
Ring: 131.109 120.797 1156.06
Little: 92.1528 89.7482 1158.13
Thumb: 107.973 188.337 1110.11
Index: 132.044 128.242 1092.05
Middle: 134.834 124.42 1141.48
Ring: 122.945 116.544 1157.64
Little: 81.415 87.4969 1158.6
Thumb: 107.137 177.048 1109.25
Index: 121.465 113.643 1090.16
Middle: 141.595 78.0516 1141.89
Ring: 117.758 104.923 1163.44
Little: 67.0188 89.0296 1165.29
Thumb: 106.299 172.795 1097.38
Index: 132.163 93.4178 1100.63
Middle: 138.221 98.2751 1156.02
Ring: 115.918 103.73 1165.23
Little: 65.0242 96.7614 1163.96
Thumb: 112.806 177.673 1060.81
Index: 121.492 42.9136 1097.76
Middle: 118.364 129.059 1145.63
Ring: 93.6406 116.109 1170.88
Little: 62.8052 94.0677 1173.57
Thumb: 109.498 172.466 1063.27
Index: 134.255 61.2276 1114.83
Middle: 118.847 130.025 1145
Ring: 102.58 111.177 1171.49
Little: 63.6095 95.1076 1174.27
Thumb: 110.613 168.884 1065.25
Index: 128.867 52.1136 1104.87
Middle: 128.277 122.284 1158.77
Ring: 100.542 113.903 1170.8
Little: 62.8838 95.6772 1173.49
Thumb: 106.64 198.183 1041.52
Index: 118.181 43.1316 1090.58
Middle: 124.382 125.062 1154.91
Ring: 104.273 111.402 1169.6
Little: 64.3407 95.7815 1172.5
Thumb: 88.5658 232.614 1029.67
Index: 114.629 37.3347 1088.29
Middle: 125.251 120.731 1156.3
Ring: 101.165 109.648 1170.32
Little: 61.4094 93.7819 1172.47
Thumb: 110.619 196.878 1038.47
Index: 119.056 95.5138 1101.24
Middle: 126.852 118.251 1156.83
Ring: 99.8686 109.73 1168.61
Little: 65.9619 89.7171 1172.18
Thumb: 109.687 196.187 1039.49
Index: 126.801 116.912 1113.32
Middle: 111.239 127.96 1145.79
Ring: 109.619 98.6114 1164.43
Little: 61.3954 91.3223 1171.6
Thumb: 100.151 210.33 1033.32
Index: 129.948 114.794 1117.1
Middle: 105.495 127.556 1141.83
Ring: 101.269 106.806 1166.56
Little: 60.0366 92.351 1171.45
Thumb: 98.6486 212.87 1029.49
Index: 118.232 120.858 1105.71
Middle: 112.003 127.55 1146.56
Ring: 106.543 100.912 1163.83
Little: 53.4445 96.1027 1168.5
Thumb: 97.7254 215.472 1029.53
Index: 111.692 104.497 1097.61
Middle: 114.151 126.144 1147.81
Ring: 107.333 97.9224 1162.61
Little: 53.6987 95.5639 1168.64
Thumb: 77.5385 229.007 1030.73
Index: 103.022 98.7459 1087.76
Middle: 124.197 115.814 1153.49
Ring: 104.362 101.45 1164.02
Little: 51.2479 95.071 1168.96
Thumb: 82.4853 223.247 1029.73
Index: 101.134 95.3801 1085.21
Middle: 125.332 113.79 1153.39
Ring: 88.952 109.99 1160.5
Little: 50.7461 93.5078 1169.74
Thumb: 91.5403 214.912 1031.07
Index: 101.395 95.4078 1085.49
Middle: 125.396 113.669 1153.4
Ring: 84.6537 110.322 1157.17
Little: 50.0678 93.7139 1169.51
Thumb: 104.653 202.739 1033.06
Index: 101.413 95.4053 1085.51
Middle: 109.407 141.26 1140.69
Ring: 84.601 110.315 1157.13
Little: 50.0754 93.7094 1169.51
Thumb: 103.642 206.548 1031.37
Index: 101.102 94.4536 1086.46
Middle: 101.083 142.835 1133.32
Ring: 82.4356 110.132 1156.34
Little: 52.006 95.7593 1168.88
Thumb: 107.96 200.957 1035.76
Index: 101.249 95.9509 1086.16
Middle: 91.6755 145.067 1123.84
Ring: 82.4166 110.577 1156.42
Little: 51.6645 96.283 1168.44
Thumb: 81.2351 234.19 1030.07
Index: 105.139 90.7356 1092.02
Middle: 92.4814 137.324 1124.56
Ring: 84.9377 110.114 1160.11
Little: 50.3471 96.7934 1168.88
Thumb: 99.3943 215.241 1029.96
Index: 103.069 91.0904 1089.6
Middle: 100.096 137.121 1130.81
Ring: 79.451 116.366 1158.17
Little: 52.3361 97.9344 1170.72
Thumb: 96.7611 218.731 1031.72
Index: 106.908 91.6501 1092.27
Middle: 90.9102 138.914 1137.28
Ring: 73.9637 114.585 1154.28
Little: 46.7618 96.8658 1169.64
Thumb: 82.9464 218.468 1026.35
Index: 110.442 67.7509 1084.1
Middle: 97.758 140.416 1138
Ring: 98.7299 109.897 1164.19
Little: 47.5423 99.9819 1170.01
Thumb: 87.4187 230.792 1037.82
Index: 111.636 73.6745 1088.32
Middle: 103.131 142.956 1133.6
Ring: 97.3425 116.222 1159.26
Little: 46.8336 101.156 1164.97
Thumb: 91.4025 228.058 1027.48
Index: 110.168 61.4824 1085.64
Middle: 111.272 143.965 1128.9
Ring: 112.044 108.346 1156.2
Little: 50.6762 105.649 1165.71
Thumb: 85.7086 238.879 1034.78
Index: 114.035 94.1299 1085.58
Middle: 116.995 142.152 1128.74
Ring: 110.611 112.368 1153.14
Little: 47.2552 105.233 1160
Thumb: 92.2049 185.678 1036.25
Index: 114.493 90.4683 1080.92
Middle: 122.362 138.166 1128.23
Ring: 118.412 106.272 1145.5
Little: 50.8893 106.727 1159.05
Thumb: 89.9881 188.219 1026.23
Index: 143.44 118.081 1090.2
Middle: 140.529 116.435 1121.12
Ring: 124.627 104.047 1134.52
Little: 57.0328 107.35 1156.62
Thumb: 98.018 175.275 1028.23
Index: 137.613 102.231 1087.83
Middle: 138.073 119.277 1117.32
Ring: 123.378 97.405 1136.03
Little: 58.3748 111.198 1161.17
Thumb: 80.4568 159.473 1072.66
Index: 135.927 91.5907 1088.1
Middle: 131.795 122.939 1111.16
Ring: 118.129 109.833 1141.71
Little: 60.6912 113.788 1161.68
Thumb: 76.5131 139.829 1070.59
Index: 134.991 87.1413 1093.24
Middle: 111.948 127.296 1106.13
Ring: 119.042 88.5591 1145.32
Little: 34.1152 44.5154 1130.65
Thumb: 76.8083 142.298 1068.85
Index: 135.84 85.7413 1090.84
Middle: 91.2522 129.633 1092.06
Ring: 108.221 120.281 1146.58
Little: 36.4479 45.7108 1129
Thumb: 74.2115 139.156 1069.93
Index: 136.75 84.678 1088.18
Middle: 93.2141 130.334 1092.97
Ring: 108.679 122.903 1143.95
Little: 39.3039 45.7631 1130.22
Thumb: 73.3198 138.785 1069.2
Index: 138.88 86.4822 1084.89
Middle: 91.7371 130.309 1090.05
Ring: 114.496 124.107 1137.39
Little: 43.7525 43.5528 1135.88
Thumb: 70.3525 137.036 1067.66
Index: 137.303 89.336 1075.38
Middle: 132.013 119.761 1096.59
Ring: 116.52 123.887 1130.39
Little: 46.1788 43.4009 1134.13
Thumb: 68.7254 138.628 1067.73
Index: 124.64 114.377 1059.61
Middle: 124.398 125.078 1093.08
Ring: 127.609 105.134 1129.51
Little: 50.3282 44.9596 1131.85
Thumb: 68.0103 137.739 1067.91
Index: 130.497 106.936 1065.41
Middle: 116.965 129.687 1093.01
Ring: 119.137 117.919 1132.59
Little: 52.1034 44.1068 1131.5
Thumb: 65.4448 137.717 1068.6
Index: 120.165 118.311 1058.96
Middle: 124.83 126.548 1096.94
Ring: 116.329 123.646 1119.49
Little: 54.4688 44.4285 1131.01
Thumb: 65.4021 136.927 1069.18
Index: 134.905 100.368 1071.59
Middle: 105.989 134.661 1087.4
Ring: 44.9334 18.5608 1129.89
Little: 58.1775 45.5544 1131.57
Thumb: 67.4789 134.278 1075.25
Index: 136.197 94.7721 1074.61
Middle: 116.793 133.073 1090.55
Ring: 46.5002 18.6447 1130.74
Little: 59.8911 45.2761 1129.97
Thumb: 60.9519 163.625 1114.95
Index: 130.878 103.285 1067.16
Middle: 71.825 117.735 1088.75
Ring: 46.5994 17.8055 1124.76
Little: 57.103 45.3495 1126.71
Thumb: 71.8359 115.457 1098.04
Index: 37.0725 118.501 1051.03
Middle: 58.9714 79.7224 1071.57
Ring: 33.0666 8.92834 1107.6
Little: 41.2604 31.0696 1110
Thumb: 70.2531 125.976 1098.31
Index: 29.0082 119.398 1051.02
Middle: 49.0101 93.9514 1064.59
Ring: 15.4805 16.2191 1092.07
Little: 58.6078 32.2179 1103.73
Thumb: 67.4959 128.975 1094
Index: 39.3361 108.989 1013.53
Middle: 43.4521 104.783 1063.79
Ring: 11.2023 23.6806 1089.18
Little: 62.6154 41.7537 1089.07
Thumb: 64.8348 128.948 1091.09
Index: 31.3533 108.189 1010.73
Middle: 37.4169 98.0181 1062.18
Ring: 5.76892 26.5227 1083.29
Little: 65.4744 50.0887 1075.57
Thumb: 64.6369 128.451 1090.1
Index: 29.9094 97.1944 1009.99
Middle: 38.3848 102.636 1061.66
Ring: 4.57951 26.6793 1084.18
Little: 53.3336 33.3415 1077.65
Thumb: 64.7819 127.799 1088.43
Index: 29.4802 96.0729 1008.87
Middle: 38.835 102.581 1059.33
Ring: 4.6179 25.7944 1084.62
Little: 51.9877 32.2 1078.44
Thumb: 66.9019 130.761 1088.4
Index: 30.7508 96.733 1007.01
Middle: 39.1387 102.212 1058.6
Ring: 5.46515 26.1059 1079.8
Little: 53.1958 32.4278 1075.23
Thumb: 66.3286 133.369 1085.05
Index: 26.3531 100.397 1004.02
Middle: 36.9858 102.631 1055.76
Ring: 5.83981 25.9183 1079.12
Little: 53.0886 32.9107 1071.35
Thumb: 66.2289 133.976 1081.95
Index: 21.8504 101.186 1002.35
Middle: 35.3517 107.383 1053.96
Ring: 4.70732 25.1274 1078.77
Little: 52.1401 32.6031 1067.94
Thumb: 61.5378 132.362 1076.58
Index: 12.6577 100.921 1001.69
Middle: 35.42 113.652 1033.71
Ring: 4.93357 24.6447 1076.34
Little: 51.5178 34.668 1060.84
Thumb: 5.77299 90.5166 1072.6
Index: 6.68503 97.8146 992.984
Middle: 27.1139 99.054 1035.8
Ring: 2.71777 22.7551 1082.37
Little: 49.9562 31.7575 1060.78
Thumb: 6.71067 94.0681 1074.39
Index: 7.70222 106.33 988.014
Middle: 27.6063 100.171 1033.83
Ring: 4.74151 25.539 1081.6
Little: 47.3745 34.2665 1073.56
Thumb: 5.38307 95.0944 1072.25
Index: 6.12869 106.609 986.375
Middle: 26.1795 99.1889 1032.82
Ring: 3.40046 26.5885 1079.03
Little: 46.5531 35.4702 1069.92
Thumb: 4.95998 95.1188 1069.72
Index: 5.15079 107.898 984.096
Middle: 25.3871 102.01 1029.91
Ring: 3.12378 27.0676 1075.67
Little: 46.1501 36.4935 1066.33
Thumb: -23.1228 108.231 1076.57
Index: 4.03239 109.559 982.99
Middle: 21.3302 84.5623 1045.52
Ring: 2.66359 27.6308 1071.34
Little: 46.5324 38.0205 1061.51
Thumb: -23.1772 109.049 1074.21
Index: -13.1986 43.0924 1067.61
Middle: 19.7993 83.1867 1044.23
Ring: 1.91674 27.627 1068.6
Little: 43.9502 36.4568 1061.98
Thumb: -23.8221 108.887 1070.59
Index: -10.1604 59.6035 1043.59
Middle: 19.2719 82.9147 1040.89
Ring: 0.905594 27.6324 1065.09
Little: 43.1165 36.6461 1058.46
Thumb: -24.3575 109.683 1068.89
Index: -9.65851 60.1046 1041.28
Middle: 19.5747 84.1757 1039.61
Ring: 1.36064 28.131 1063
Little: 44.0795 37.6308 1055.3
Thumb: -26.0387 108.521 1068.29
Index: -10.125 58.6145 1038.35
Middle: 18.4594 83.3564 1037.43
Ring: 0.145405 27.8596 1061.21
Little: 43.4074 38.7721 1053.35
Thumb: -26.5288 107.848 1066.45
Index: -11.1528 58.5221 1037.6
Middle: 17.3697 83.5114 1036.77
Ring: -0.554714 27.6672 1059.19
Little: 42.524 38.96 1052.27
Thumb: -25.2296 107.349 1062.59
Index: -11.8931 59.9436 1038.12
Middle: 16.759 84.2272 1036.44
Ring: -0.797787 28.3508 1059.83
Little: 42.3742 39.9256 1051.22
Thumb: -26.3111 107.209 1062.11
Index: -11.5017 58.717 1038.14
Middle: 17.0819 83.2552 1036.27
Ring: -0.251695 27.22 1059.07
Little: 43.1616 39.1742 1050.27
Thumb: -26.5772 107.435 1061.76
Index: -11.6952 58.4684 1038.36
Middle: 17.0304 83.0591 1036.02
Ring: -0.306927 27.016 1060.68
Little: 42.3781 37.6881 1052.23
Thumb: -27.6302 108.172 1062.63
Index: -12.3737 57.7171 1038.25
Middle: 16.6201 81.8038 1035.95
Ring: -1.57993 26.5831 1061.44
Little: 41.3781 36.8431 1052.93
Thumb: -27.524 108.03 1062.36
Index: -12.5025 57.8952 1038.31
Middle: 16.4698 81.8325 1036.24
Ring: -1.51619 26.667 1062.26
Little: 41.427 36.8085 1053.26
Thumb: -27.4631 107.877 1060.66
Index: -12.7877 58.3495 1038.46
Middle: 16.4443 82.0291 1035.68
Ring: -1.94197 26.722 1063.79
Little: 41.7132 37.7591 1053.28
Thumb: -26.6553 107.962 1059.76
Index: -11.484 57.7499 1039.23
Middle: 17.6018 81.5868 1037.64
Ring: -0.59737 26.057 1064.6
Little: 41.9501 36.3588 1057.75
Thumb: -26.8178 107.181 1062.83
Index: -10.2148 56.6077 1042.18
Middle: 18.5461 80.5056 1040.65
Ring: 0.774539 25.1933 1068.13
Little: 42.8108 35.2514 1062.09
Thumb: -27.3723 106.705 1063.78
Index: -9.70425 55.1109 1044.64
Middle: 19.0583 79.5263 1042.86
Ring: 1.28512 24.2707 1070.59
Little: 43.1566 34.2269 1064.97
Thumb: -26.682 104.145 1067.44
Index: -9.3672 52.8485 1048.26
Middle: 19.2109 77.2501 1046.2
Ring: 1.84188 22.2977 1074.8
Little: 42.8964 31.7774 1069.91
Thumb: -26.7073 103.315 1070.66
Index: -10.2132 51.469 1051.42
Middle: 21.2512 97.3721 1035.98
Ring: 1.33189 20.6505 1078.73
Little: 42.4806 29.6998 1074.6
Thumb: -26.4073 102.513 1071.16
Index: -8.94366 51.0867 1053.69
Middle: 21.5543 97.3292 1039.12
Ring: 3.21895 20.2887 1081.06
Little: 43.6544 29.464 1077.94
Thumb: -25.7725 101.376 1075.14
Index: -9.25821 50.2402 1057.03
Middle: 22.18 95.8116 1037.49
Ring: 2.27865 19.6602 1084.35
Little: 43.059 28.8083 1080.6
Thumb: -25.4082 102.093 1077.62
Index: -8.03799 51.222 1059.15
Middle: 22.5508 99.5825 1044.83
Ring: 3.172 20.1236 1087.98
Little: 44.0687 29.2285 1084.46
Thumb: -25.6739 101.183 1081.55
Index: -8.17932 49.9758 1063.7
Middle: 25.391 94.957 1033.55
Ring: 3.21644 20.0353 1092.16
Little: 44.3839 30.0386 1087.93
Thumb: -26.5354 101.064 1083.58
Index: -7.28213 49.2614 1066.47
Middle: 27.0663 94.3217 1040.79
Ring: 3.01175 19.2898 1094.39
Little: 39.9763 28.2396 1103.39
Thumb: -25.1984 98.6724 1084.54
Index: -5.76243 47.8872 1070.17
Middle: 26.9899 98.4105 1056.69
Ring: 3.04876 18.5912 1097.9
Little: 38.6619 28.4537 1111.52
Thumb: 8.29975 89.3739 1090.73
Index: -5.34444 47.7649 1073.35
Middle: 27.1396 97.894 1060.07
Ring: 2.6952 18.5998 1101.46
Little: 38.596 28.1185 1114.51
Thumb: 9.95848 89.7073 1095.36
Index: -3.45751 48.1855 1075.98
Middle: 28.1985 101.632 1062.73
Ring: 4.32246 19.3581 1103.65
Little: 40.5728 29.0651 1116.21
Thumb: 8.02763 89.8451 1101.44
Index: 6.04323 96.0424 1016.18
Middle: -5.51606 35.6573 1083.13
Ring: 4.62444 18.6418 1107.56
Little: 41.9945 27.741 1117.33
Thumb: 8.21063 93.6931 1103.17
Index: 5.53131 100.045 1018.82
Middle: -5.33907 39.2285 1086.38
Ring: 2.51679 23.0169 1104.68
Little: 38.0761 32.5351 1119.44
Thumb: 7.56717 94.13 1101.23
Index: 17.2972 94.6638 1017.57
Middle: -6.70422 40.0691 1084.96
Ring: 2.31498 23.9794 1103.35
Little: 30.5748 37.7635 1124.34
Thumb: 20.4308 110.277 1094.35
Index: -10.306 52.7513 1089.49
Middle: 13.4996 52.0741 1080.78
Ring: 10.1506 40.9493 1106.51
Little: 32.3323 56.8374 1133.34
Thumb: 22.2366 108.886 1077.62
Index: -5.65752 55.1833 1077.99
Middle: 16.2974 49.7896 1078.24
Ring: 9.23135 40.9999 1103.97
Little: 24.387 58.247 1118.4
Thumb: 27.9836 107.042 1071.88
Index: 2.16388 51.1889 1068.67
Middle: -10.2761 39.5782 1080.47
Ring: 5.65538 40.2896 1098.09
Little: 19.0186 57.6169 1115.89
Thumb: 34.0736 108.334 1070.75
Index: 1.77993 53.3069 1065.16
Middle: -9.63894 41.3297 1078.17
Ring: 5.13236 42.5847 1089.34
Little: 15.9795 66.0086 1097.64
Thumb: 53.2242 159.278 1082.59
Index: 12.6721 47.4588 1059.72
Middle: 0.440689 33.7605 1082.52
Ring: 2.06613 39.755 1081.31
Little: 16.4429 62.1504 1095.6
Thumb: 52.7204 155.096 1081.84
Index: 9.9782 46.119 1060.69
Middle: -0.0804882 32.3511 1078.36
Ring: 2.38078 39.0191 1079.09
Little: 16.1307 61.2511 1095.93
Thumb: 51.6849 155.724 1085.21
Index: 9.39734 46.774 1062.64
Middle: -0.873003 32.5419 1074.01
Ring: 3.01741 39.5098 1078.55
Little: 17.9922 60.8855 1097.12
Thumb: 60.0423 168.508 1083.69
Index: 37.765 243.597 1062.44
Middle: 21.4003 261.333 1100.29
Ring: 62.6452 254.785 1080.7
Little: 36.092 232.233 1109.55
Thumb: 61.0835 166.02 1082.75
Index: 48.5247 235.666 1065.02
Middle: 7.36796 248.045 1054.81
Ring: 12.4705 237.119 1077.88
Little: 36.376 231.424 1107.55
Thumb: 35.6692 137.446 1088.45
Index: 65.0378 241.591 1048.4
Middle: -12.4457 205.447 1022.97
Ring: 27.6664 236.072 1053.25
Little: 28.4632 229.163 1099.19
Thumb: 39.9269 165.078 1090.6
Index: 72.91 232.795 1048.4
Middle: -6.0782 192.816 1017.35
Ring: 26.3625 234.689 1047.06
Little: 16.7841 222.693 1093.03
Thumb: 45.2945 177.228 1084.97
Index: 86.1552 221.616 1035.44
Middle: -9.05649 163.455 1024.26
Ring: -2.27937 203.676 1029.5
Little: 1.92984 206.575 1086.42
Thumb: 46.2176 171.346 1080.92
Index: 70.2865 196.607 1036.73
Middle: -1.14548 170.766 1012.36
Ring: 0.447008 199.137 1025.85
Little: 0.732449 195.921 1096.81
Thumb: 78.5519 110.73 1021.12
Index: 66.9317 200.868 1038.94
Middle: -4.31993 169.938 1009.17
Ring: -7.59872 191.502 1025.8
Little: -7.93915 195.824 1093.65
Thumb: 92.596 114.962 1039.36
Index: 82.9273 214.9 1042.67
Middle: 2.99157 170.957 1004.47
Ring: -7.07907 185.83 1019.2
Little: -12.2065 195.068 1088.83
Thumb: 93.0404 109.211 1041.16
Index: 78.3062 192.447 1042.36
Middle: 9.27542 170.351 1002.22
Ring: -8.32385 176.545 1016.4
Little: -7.92748 198.952 1083.67
Thumb: 87.5349 113.318 1048.87
Index: 70.2122 184.328 1044.31
Middle: 12.2469 169.409 1001.51
Ring: -6.33663 175.297 1014.49
Little: -11.1405 197.551 1082.69
Thumb: 98.251 107.337 1054.96
Index: 74.7835 188.426 1044.29
Middle: 12.9073 166.679 1001.01
Ring: -3.95204 175.648 1012.51
Little: -10.5651 198.471 1080.37
Thumb: 99.9036 100.686 1058.11
Index: 76.1508 193.922 1040.34
Middle: 12.09 166.153 1000.44
Ring: -4.75532 175.162 1011.75
Little: -12.6799 197.588 1079.6
Thumb: 95.1057 106.092 1052.68
Index: 70.5074 187.543 1042.14
Middle: 11.8418 168.678 999.749
Ring: -6.5589 175.435 1011.81
Little: -13.8732 197.839 1079.74
Thumb: 97.7538 106.959 1054.43
Index: 72.7341 190.932 1038.11
Middle: 12.7292 169.168 998.627
Ring: -6.04017 175.515 1010.67
Little: -13.8561 197.829 1078.57
Thumb: 101.167 99.0995 1056.83
Index: 76.8797 193.075 1036.36
Middle: 13.7694 169.213 997.247
Ring: -4.89404 175.926 1009.3
Little: -12.2787 198.397 1077.1
Thumb: 116.659 63.3522 1076.25
Index: 82.4159 199.006 1035.14
Middle: 14.1079 164.58 997.213
Ring: -2.81197 174.478 1007.48
Little: -13.2785 198.375 1074.44
Thumb: 118.24 69.3789 1074.77
Index: 85.7934 201.436 1036.6
Middle: 16.2009 165.375 996.511
Ring: -1.40187 174.65 1006.7
Little: 3.30858 219.646 1067.57
Thumb: 93.7452 27.418 1070.17
Index: 94.6431 211.717 1040.54
Middle: 16.0481 164.79 995.883
Ring: -1.46359 174.229 1005.99
Little: 3.23465 219.549 1066.65
Thumb: 99.5898 61.4684 1055.67
Index: 109.302 219.719 1057.24
Middle: 18.2857 164.95 995.857
Ring: 1.48213 176.021 1004.96
Little: 17.9688 233.933 1070.57
Thumb: 90.5872 68.2387 1053.23
Index: 109.728 220.077 1058.5
Middle: 17.3525 163.962 996.429
Ring: 2.04967 176.742 1004.98
Little: 18.8543 234.599 1074.92
Thumb: 90.5466 79.1622 1053.92
Index: 109.911 222.832 1065.05
Middle: 18.7372 163.822 996.894
Ring: 3.23589 176.601 1005.02
Little: 17.4691 234.877 1075.84
Thumb: 80.8976 86.2387 1055.93
Index: 108.044 224.031 1063.99
Middle: 21.4246 164.655 996.537
Ring: 3.91815 175.272 1004.84
Little: 14.6426 233.408 1070.72
Thumb: 90.3749 71.8282 1051.23
Index: 107.091 224.732 1063.59
Middle: 21.5777 165.379 996.486
Ring: 3.49299 175.192 1005.02
Little: 13.2786 232.924 1070.13
Thumb: 91.151 99.459 1057.23
Index: 99.4361 212.047 1047.37
Middle: 22.5419 164.994 996.302
Ring: 3.73137 174.102 1005.1
Little: 10.3128 227.21 1060.43
Thumb: 88.1403 87.6893 1053.34
Index: 101.912 213.362 1048.61
Middle: 23.9127 165.181 996.343
Ring: 5.32235 174.573 1005.07
Little: 13.3095 229.244 1064.32
Thumb: 83.6449 94.2688 1057.41
Index: 103.171 215.191 1051.18
Middle: 22.1062 163.383 996.136
Ring: 3.90906 173.276 1004.74
Little: 11.0234 227.036 1062.38
Thumb: 79.1586 77.2988 1052.71
Index: 102.231 215.342 1049.58
Middle: 20.278 163.911 996.021
Ring: 2.24521 173.742 1005.03
Little: 10.6434 227.429 1062.93
Thumb: 80.6026 75.5188 1052.63
Index: 103.26 216.686 1053.24
Middle: 21.3706 164.253 996.143
Ring: 3.16361 173.956 1004.96
Little: 10.7188 227.556 1063.47
Thumb: 85.6423 83.0937 1053.27
Index: 104.38 216.228 1053.33
Middle: 22.6103 164.227 996.403
Ring: 4.30708 173.865 1005.23
Little: 10.0256 225.295 1061.23
Thumb: 90.7319 87.8312 1054.26
Index: 103.491 220.129 1054.16
Middle: 22.0936 163.695 996.067
Ring: 1.98332 170.82 1005.45
Little: 7.17024 223.929 1061.39
Thumb: 79.8911 87.0031 1057.43
Index: 101.094 214.374 1040
Middle: 24.0768 165.06 996.817
Ring: 5.18346 173.935 1005.66
Little: 10.3328 226.292 1062.56
Thumb: 87.3521 113.051 1065.88
Index: 94.6443 209.85 1045.88
Middle: 24.9639 168.526 996.789
Ring: 5.62471 176.685 1005.79
Little: 11.2721 230.051 1066.16
Thumb: 86.1237 114.681 1065.39
Index: 98.1946 213.233 1053.4
Middle: 25.8373 168.354 997.369
Ring: 6.94198 177.125 1006.13
Little: 13.52 231.977 1068.85
Thumb: 99.577 82.9158 1054.04
Index: 76.0312 184.8 1056.54
Middle: 25.9959 166.805 997.58
Ring: 7.20065 175.816 1005.95
Little: 14.5805 232.972 1068.11
Thumb: 113.063 105.469 1060.93
Index: 104.813 211.022 1049.12
Middle: 29.5584 166.74 998.425
Ring: 13.5949 179.456 1005.78
Little: 21.425 234.347 1067.95
Thumb: 103.335 64.8196 1049.01
Index: 99.5183 210.547 1051.3
Middle: 29.4473 166.918 998.97
Ring: 13.5298 179.476 1006.46
Little: 18.2817 233.047 1069.04
Thumb: 109.814 54.2256 1062.04
Index: 100.585 209.229 1051.41
Middle: 32.0291 168.048 998.589
Ring: 15.5227 179.797 1006.49
Little: 18.0552 230.058 1068.18
Thumb: 112.785 60.2434 1051.04
Index: 105.623 210.206 1053.13
Middle: 38.0338 170.477 999.026
Ring: 20.7858 181.143 1007.3
Little: 22.7095 230.066 1069.65
Thumb: 124.035 73.458 1050.95
Index: 124.883 227.108 1055.63
Middle: 46.1689 172.562 1000.7
Ring: 29.1769 183.73 1008.6
Little: 24.7757 225.592 1058.85
